t,[L2M],[D],[L],[L2MD],[L2Ms]
0.0000e+00,1.5000e+00,1.5000e+00,2.0000e+01,0.0000e+00,0.0000e+00
1.0000e+01,1.4966e+00,1.4978e+00,2.0001e+01,2.2318e-03,3.7224e-04
2.0000e+01,1.4940e+00,1.4955e+00,2.0001e+01,4.4608e-03,7.4457e-04
3.0000e+01,1.4915e+00,1.4933e+00,2.0001e+01,6.6827e-03,1.1163e-03
4.0000e+01,1.4889e+00,1.4911e+00,2.0001e+01,8.8974e-03,1.4873e-03
5.0000e+01,1.4863e+00,1.4889e+00,2.0001e+01,1.1105e-02,1.8577e-03
6.0000e+01,1.4837e+00,1.4867e+00,2.0001e+01,1.3306e-02,2.2275e-03
7.0000e+01,1.4812e+00,1.4845e+00,2.0001e+01,1.5499e-02,2.5966e-03
8.0000e+01,1.4786e+00,1.4823e+00,2.0001e+01,1.7686e-02,2.9651e-03
9.0000e+01,1.4761e+00,1.4801e+00,2.0001e+01,1.9865e-02,3.3330e-03
1.0000e+02,1.4735e+00,1.4779e+00,2.0001e+01,2.2038e-02,3.7002e-03
1.1000e+02,1.4710e+00,1.4758e+00,2.0001e+01,2.4203e-02,4.0668e-03
1.2000e+02,1.4685e+00,1.4736e+00,2.0001e+01,2.6362e-02,4.4328e-03
1.3000e+02,1.4659e+00,1.4715e+00,2.0001e+01,2.8514e-02,4.7981e-03
1.4000e+02,1.4634e+00,1.4693e+00,2.0001e+01,3.0659e-02,5.1628e-03
1.5000e+02,1.4609e+00,1.4672e+00,2.0001e+01,3.2798e-02,5.5269e-03
1.6000e+02,1.4584e+00,1.4651e+00,2.0001e+01,3.4929e-02,5.8904e-03
1.7000e+02,1.4559e+00,1.4629e+00,2.0001e+01,3.7054e-02,6.2533e-03
1.8000e+02,1.4535e+00,1.4608e+00,2.0001e+01,3.9172e-02,6.6155e-03
1.9000e+02,1.4510e+00,1.4587e+00,2.0001e+01,4.1284e-02,6.9771e-03
2.0000e+02,1.4485e+00,1.4566e+00,2.0001e+01,4.3389e-02,7.3382e-03
2.1000e+02,1.4461e+00,1.4545e+00,2.0001e+01,4.5487e-02,7.6986e-03
2.2000e+02,1.4436e+00,1.4524e+00,2.0001e+01,4.7579e-02,8.0583e-03
2.3000e+02,1.4412e+00,1.4503e+00,2.0001e+01,4.9664e-02,8.4175e-03
2.4000e+02,1.4387e+00,1.4482e+00,2.0001e+01,5.1743e-02,8.7761e-03
2.5000e+02,1.4363e+00,1.4462e+00,2.0001e+01,5.3815e-02,9.1341e-03
2.6000e+02,1.4339e+00,1.4441e+00,2.0001e+01,5.5881e-02,9.4914e-03
2.7000e+02,1.4315e+00,1.4420e+00,2.0001e+01,5.7940e-02,9.8482e-03
2.8000e+02,1.4291e+00,1.4400e+00,2.0001e+01,5.9993e-02,1.0204e-02
2.9000e+02,1.4267e+00,1.4379e+00,2.0001e+01,6.2040e-02,1.0560e-02
3.0000e+02,1.4243e+00,1.4359e+00,2.0001e+01,6.4080e-02,1.0915e-02
3.1000e+02,1.4219e+00,1.4339e+00,2.0001e+01,6.6114e-02,1.1269e-02
3.2000e+02,1.4195e+00,1.4318e+00,2.0001e+01,6.8142e-02,1.1623e-02
3.3000e+02,1.4171e+00,1.4298e+00,2.0001e+01,7.0163e-02,1.1976e-02
3.4000e+02,1.4147e+00,1.4278e+00,2.0001e+01,7.2178e-02,1.2329e-02
3.5000e+02,1.4124e+00,1.4258e+00,2.0001e+01,7.4187e-02,1.2681e-02
3.6000e+02,1.4100e+00,1.4238e+00,2.0001e+01,7.6190e-02,1.3032e-02
3.7000e+02,1.4077e+00,1.4218e+00,2.0001e+01,7.8187e-02,1.3383e-02
3.8000e+02,1.4053e+00,1.4198e+00,2.0001e+01,8.0177e-02,1.3733e-02
3.9000e+02,1.4030e+00,1.4178e+00,2.0001e+01,8.2162e-02,1.4083e-02
4.0000e+02,1.4007e+00,1.4158e+00,2.0001e+01,8.4141e-02,1.4432e-02
4.1000e+02,1.3984e+00,1.4138e+00,2.0001e+01,8.6113e-02,1.4781e-02
4.2000e+02,1.3960e+00,1.4119e+00,2.0001e+01,8.8079e-02,1.5129e-02
4.3000e+02,1.3937e+00,1.4099e+00,2.0001e+01,9.0040e-02,1.5476e-02
4.4000e+02,1.3914e+00,1.4080e+00,2.0001e+01,9.1994e-02,1.5823e-02
4.5000e+02,1.3891e+00,1.4060e+00,2.0001e+01,9.3943e-02,1.6169e-02
4.6000e+02,1.3868e+00,1.4041e+00,2.0001e+01,9.5886e-02,1.6515e-02
4.7000e+02,1.3846e+00,1.4021e+00,2.0001e+01,9.7823e-02,1.6860e-02
4.8000e+02,1.3823e+00,1.4002e+00,2.0001e+01,9.9754e-02,1.7205e-02
4.9000e+02,1.3800e+00,1.3983e+00,2.0001e+01,1.0168e-01,1.7548e-02
5.0000e+02,1.3778e+00,1.3963e+00,2.0001e+01,1.0360e-01,1.7892e-02
5.1000e+02,1.3755e+00,1.3944e+00,2.0001e+01,1.0551e-01,1.8235e-02
5.2000e+02,1.3733e+00,1.3925e+00,2.0001e+01,1.0742e-01,1.8577e-02
5.3000e+02,1.3710e+00,1.3906e+00,2.0001e+01,1.0932e-01,1.8919e-02
5.4000e+02,1.3688e+00,1.3887e+00,2.0001e+01,1.1122e-01,1.9260e-02
5.5000e+02,1.3665e+00,1.3868e+00,2.0001e+01,1.1311e-01,1.9601e-02
5.6000e+02,1.3643e+00,1.3849e+00,2.0001e+01,1.1499e-01,1.9941e-02
5.7000e+02,1.3621e+00,1.3831e+00,2.0001e+01,1.1687e-01,2.0280e-02
5.8000e+02,1.3599e+00,1.3812e+00,2.0001e+01,1.1875e-01,2.0619e-02
5.9000e+02,1.3577e+00,1.3793e+00,2.0001e+01,1.2062e-01,2.0957e-02
6.0000e+02,1.3555e+00,1.3775e+00,2.0001e+01,1.2248e-01,2.1295e-02
6.1000e+02,1.3533e+00,1.3756e+00,2.0001e+01,1.2434e-01,2.1633e-02
6.2000e+02,1.3511e+00,1.3737e+00,2.0001e+01,1.2619e-01,2.1969e-02
6.3000e+02,1.3489e+00,1.3719e+00,2.0001e+01,1.2803e-01,2.2306e-02
6.4000e+02,1.3467e+00,1.3701e+00,2.0001e+01,1.2988e-01,2.2641e-02
6.5000e+02,1.3446e+00,1.3682e+00,2.0001e+01,1.3171e-01,2.2976e-02
6.6000e+02,1.3424e+00,1.3664e+00,2.0001e+01,1.3354e-01,2.3311e-02
6.7000e+02,1.3402e+00,1.3646e+00,2.0001e+01,1.3537e-01,2.3645e-02
6.8000e+02,1.3381e+00,1.3627e+00,2.0001e+01,1.3718e-01,2.3979e-02
6.9000e+02,1.3359e+00,1.3609e+00,2.0001e+01,1.3900e-01,2.4312e-02
7.0000e+02,1.3338e+00,1.3591e+00,2.0001e+01,1.4081e-01,2.4644e-02
7.1000e+02,1.3317e+00,1.3573e+00,2.0001e+01,1.4261e-01,2.4976e-02
7.2000e+02,1.3295e+00,1.3555e+00,2.0001e+01,1.4441e-01,2.5308e-02
7.3000e+02,1.3274e+00,1.3537e+00,2.0001e+01,1.4620e-01,2.5638e-02
7.4000e+02,1.3253e+00,1.3519e+00,2.0001e+01,1.4799e-01,2.5969e-02
7.5000e+02,1.3232e+00,1.3502e+00,2.0001e+01,1.4977e-01,2.6299e-02
7.6000e+02,1.3211e+00,1.3484e+00,2.0001e+01,1.5155e-01,2.6628e-02
7.7000e+02,1.3190e+00,1.3466e+00,2.0001e+01,1.5332e-01,2.6957e-02
7.8000e+02,1.3169e+00,1.3448e+00,2.0001e+01,1.5509e-01,2.7285e-02
7.9000e+02,1.3148e+00,1.3431e+00,2.0001e+01,1.5685e-01,2.7613e-02
8.0000e+02,1.3127e+00,1.3413e+00,2.0001e+01,1.5861e-01,2.7940e-02
8.1000e+02,1.3106e+00,1.3396e+00,2.0001e+01,1.6036e-01,2.8267e-02
8.2000e+02,1.3086e+00,1.3378e+00,2.0001e+01,1.6211e-01,2.8593e-02
8.3000e+02,1.3065e+00,1.3361e+00,2.0001e+01,1.6385e-01,2.8918e-02
8.4000e+02,1.3044e+00,1.3343e+00,2.0001e+01,1.6558e-01,2.9244e-02
8.5000e+02,1.3024e+00,1.3326e+00,2.0001e+01,1.6732e-01,2.9568e-02
8.6000e+02,1.3003e+00,1.3309e+00,2.0001e+01,1.6904e-01,2.9892e-02
8.7000e+02,1.2983e+00,1.3291e+00,2.0001e+01,1.7076e-01,3.0216e-02
8.8000e+02,1.2962e+00,1.3274e+00,2.0001e+01,1.7248e-01,3.0539e-02
8.9000e+02,1.2942e+00,1.3257e+00,2.0001e+01,1.7419e-01,3.0862e-02
9.0000e+02,1.2922e+00,1.3240e+00,2.0001e+01,1.7590e-01,3.1184e-02
9.1000e+02,1.2901e+00,1.3223e+00,2.0001e+01,1.7760e-01,3.1505e-02
9.2000e+02,1.2881e+00,1.3206e+00,2.0001e+01,1.7930e-01,3.1827e-02
9.3000e+02,1.2861e+00,1.3189e+00,2.0001e+01,1.8099e-01,3.2147e-02
9.4000e+02,1.2841e+00,1.3172e+00,2.0001e+01,1.8268e-01,3.2467e-02
9.5000e+02,1.2821e+00,1.3155e+00,2.0001e+01,1.8436e-01,3.2787e-02
9.6000e+02,1.2801e+00,1.3139e+00,2.0001e+01,1.8604e-01,3.3106e-02
9.7000e+02,1.2781e+00,1.3122e+00,2.0001e+01,1.8771e-01,3.3425e-02
9.8000e+02,1.2761e+00,1.3105e+00,2.0001e+01,1.8938e-01,3.3743e-02
9.9000e+02,1.2741e+00,1.3089e+00,2.0001e+01,1.9105e-01,3.4060e-02
1.0000e+03,1.2722e+00,1.3072e+00,2.0001e+01,1.9270e-01,3.4377e-02
1.0100e+03,1.2702e+00,1.3055e+00,2.0001e+01,1.9436e-01,3.4694e-02
1.0200e+03,1.2682e+00,1.3039e+00,2.0001e+01,1.9601e-01,3.5010e-02
1.0300e+03,1.2663e+00,1.3022e+00,2.0001e+01,1.9765e-01,3.5326e-02
1.0400e+03,1.2643e+00,1.3006e+00,2.0001e+01,1.9930e-01,3.5641e-02
1.0500e+03,1.2624e+00,1.2990e+00,2.0001e+01,2.0093e-01,3.5956e-02
1.0600e+03,1.2604e+00,1.2973e+00,2.0001e+01,2.0256e-01,3.6270e-02
1.0700e+03,1.2585e+00,1.2957e+00,2.0001e+01,2.0419e-01,3.6584e-02
1.0800e+03,1.2565e+00,1.2941e+00,2.0001e+01,2.0581e-01,3.6897e-02
1.0900e+03,1.2546e+00,1.2925e+00,2.0001e+01,2.0743e-01,3.7210e-02
1.1000e+03,1.2527e+00,1.2908e+00,2.0001e+01,2.0904e-01,3.7522e-02
1.1100e+03,1.2508e+00,1.2892e+00,2.0001e+01,2.1065e-01,3.7834e-02
1.1200e+03,1.2488e+00,1.2876e+00,2.0001e+01,2.1226e-01,3.8145e-02
1.1300e+03,1.2469e+00,1.2860e+00,2.0001e+01,2.1386e-01,3.8456e-02
1.1400e+03,1.2450e+00,1.2844e+00,2.0001e+01,2.1545e-01,3.8766e-02
1.1500e+03,1.2431e+00,1.2828e+00,2.0001e+01,2.1704e-01,3.9076e-02
1.1600e+03,1.2412e+00,1.2813e+00,2.0001e+01,2.1863e-01,3.9386e-02
1.1700e+03,1.2393e+00,1.2797e+00,2.0001e+01,2.2021e-01,3.9695e-02
1.1800e+03,1.2375e+00,1.2781e+00,2.0001e+01,2.2179e-01,4.0003e-02
1.1900e+03,1.2356e+00,1.2765e+00,2.0001e+01,2.2337e-01,4.0311e-02
1.2000e+03,1.2337e+00,1.2750e+00,2.0001e+01,2.2494e-01,4.0619e-02
1.2100e+03,1.2318e+00,1.2734e+00,2.0001e+01,2.2650e-01,4.0926e-02
1.2200e+03,1.2300e+00,1.2718e+00,2.0001e+01,2.2806e-01,4.1232e-02
1.2300e+03,1.2281e+00,1.2703e+00,2.0001e+01,2.2962e-01,4.1539e-02
1.2400e+03,1.2262e+00,1.2687e+00,2.0001e+01,2.3117e-01,4.1844e-02
1.2500e+03,1.2244e+00,1.2672e+00,2.0001e+01,2.3272e-01,4.2150e-02
1.2600e+03,1.2225e+00,1.2656e+00,2.0001e+01,2.3426e-01,4.2454e-02
1.2700e+03,1.2207e+00,1.2641e+00,2.0001e+01,2.3580e-01,4.2759e-02
1.2800e+03,1.2189e+00,1.2625e+00,2.0001e+01,2.3734e-01,4.3062e-02
1.2900e+03,1.2170e+00,1.2610e+00,2.0001e+01,2.3887e-01,4.3366e-02
1.3000e+03,1.2152e+00,1.2595e+00,2.0001e+01,2.4040e-01,4.3669e-02
1.3100e+03,1.2134e+00,1.2580e+00,2.0001e+01,2.4192e-01,4.3971e-02
1.3200e+03,1.2115e+00,1.2564e+00,2.0001e+01,2.4344e-01,4.4273e-02
1.3300e+03,1.2097e+00,1.2549e+00,2.0001e+01,2.4495e-01,4.4575e-02
1.3400e+03,1.2079e+00,1.2534e+00,2.0001e+01,2.4646e-01,4.4876e-02
1.3500e+03,1.2061e+00,1.2519e+00,2.0001e+01,2.4797e-01,4.5177e-02
1.3600e+03,1.2043e+00,1.2504e+00,2.0001e+01,2.4947e-01,4.5477e-02
1.3700e+03,1.2025e+00,1.2489e+00,2.0001e+01,2.5097e-01,4.5777e-02
1.3800e+03,1.2007e+00,1.2474e+00,2.0001e+01,2.5247e-01,4.6076e-02
1.3900e+03,1.1989e+00,1.2459e+00,2.0001e+01,2.5396e-01,4.6375e-02
1.4000e+03,1.1971e+00,1.2444e+00,2.0001e+01,2.5544e-01,4.6674e-02
1.4100e+03,1.1954e+00,1.2429e+00,2.0001e+01,2.5692e-01,4.6972e-02
1.4200e+03,1.1936e+00,1.2415e+00,2.0001e+01,2.5840e-01,4.7269e-02
1.4300e+03,1.1918e+00,1.2400e+00,2.0001e+01,2.5988e-01,4.7566e-02
1.4400e+03,1.1900e+00,1.2385e+00,2.0001e+01,2.6135e-01,4.7863e-02
1.4500e+03,1.1883e+00,1.2371e+00,2.0001e+01,2.6282e-01,4.8159e-02
1.4600e+03,1.1865e+00,1.2356e+00,2.0001e+01,2.6428e-01,4.8455e-02
1.4700e+03,1.1848e+00,1.2341e+00,2.0001e+01,2.6574e-01,4.8750e-02
1.4800e+03,1.1830e+00,1.2327e+00,2.0001e+01,2.6719e-01,4.9045e-02
1.4900e+03,1.1813e+00,1.2312e+00,2.0001e+01,2.6864e-01,4.9340e-02
1.5000e+03,1.1795e+00,1.2298e+00,2.0001e+01,2.7009e-01,4.9634e-02
1.5100e+03,1.1778e+00,1.2283e+00,2.0001e+01,2.7153e-01,4.9927e-02
1.5200e+03,1.1761e+00,1.2269e+00,2.0001e+01,2.7297e-01,5.0221e-02
1.5300e+03,1.1743e+00,1.2255e+00,2.0001e+01,2.7441e-01,5.0513e-02
1.5400e+03,1.1726e+00,1.2240e+00,2.0001e+01,2.7584e-01,5.0806e-02
1.5500e+03,1.1709e+00,1.2226e+00,2.0001e+01,2.7727e-01,5.1098e-02
1.5600e+03,1.1692e+00,1.2212e+00,2.0001e+01,2.7870e-01,5.1389e-02
1.5700e+03,1.1675e+00,1.2197e+00,2.0001e+01,2.8012e-01,5.1680e-02
1.5800e+03,1.1657e+00,1.2183e+00,2.0001e+01,2.8153e-01,5.1971e-02
1.5900e+03,1.1640e+00,1.2169e+00,2.0001e+01,2.8295e-01,5.2261e-02
1.6000e+03,1.1623e+00,1.2155e+00,2.0001e+01,2.8436e-01,5.2551e-02
1.6100e+03,1.1606e+00,1.2141e+00,2.0001e+01,2.8576e-01,5.2840e-02
1.6200e+03,1.1590e+00,1.2127e+00,2.0001e+01,2.8717e-01,5.3129e-02
1.6300e+03,1.1573e+00,1.2113e+00,2.0001e+01,2.8856e-01,5.3418e-02
1.6400e+03,1.1556e+00,1.2099e+00,2.0001e+01,2.8996e-01,5.3706e-02
1.6500e+03,1.1539e+00,1.2085e+00,2.0001e+01,2.9135e-01,5.3994e-02
1.6600e+03,1.1522e+00,1.2071e+00,2.0001e+01,2.9274e-01,5.4281e-02
1.6700e+03,1.1506e+00,1.2057e+00,2.0001e+01,2.9412e-01,5.4568e-02
1.6800e+03,1.1489e+00,1.2043e+00,2.0001e+01,2.9550e-01,5.4854e-02
1.6900e+03,1.1472e+00,1.2030e+00,2.0001e+01,2.9688e-01,5.5140e-02
1.7000e+03,1.1456e+00,1.2016e+00,2.0001e+01,2.9825e-01,5.5426e-02
1.7100e+03,1.1439e+00,1.2002e+00,2.0001e+01,2.9962e-01,5.5711e-02
1.7200e+03,1.1423e+00,1.1989e+00,2.0001e+01,3.0099e-01,5.5996e-02
1.7300e+03,1.1406e+00,1.1975e+00,2.0001e+01,3.0235e-01,5.6280e-02
1.7400e+03,1.1390e+00,1.1961e+00,2.0001e+01,3.0371e-01,5.6564e-02
1.7500e+03,1.1373e+00,1.1948e+00,2.0001e+01,3.0507e-01,5.6848e-02
1.7600e+03,1.1357e+00,1.1934e+00,2.0001e+01,3.0642e-01,5.7131e-02
1.7700e+03,1.1341e+00,1.1921e+00,2.0001e+01,3.0777e-01,5.7414e-02
1.7800e+03,1.1324e+00,1.1907e+00,2.0001e+01,3.0912e-01,5.7696e-02
1.7900e+03,1.1308e+00,1.1894e+00,2.0001e+01,3.1046e-01,5.7978e-02
1.8000e+03,1.1292e+00,1.1880e+00,2.0001e+01,3.1180e-01,5.8259e-02
1.8100e+03,1.1276e+00,1.1867e+00,2.0001e+01,3.1313e-01,5.8541e-02
1.8200e+03,1.1260e+00,1.1854e+00,2.0001e+01,3.1446e-01,5.8821e-02
1.8300e+03,1.1244e+00,1.1840e+00,2.0001e+01,3.1579e-01,5.9102e-02
1.8400e+03,1.1228e+00,1.1827e+00,2.0001e+01,3.1712e-01,5.9382e-02
1.8500e+03,1.1211e+00,1.1814e+00,2.0001e+01,3.1844e-01,5.9661e-02
1.8600e+03,1.1196e+00,1.1801e+00,2.0001e+01,3.1976e-01,5.9940e-02
1.8700e+03,1.1180e+00,1.1788e+00,2.0001e+01,3.2107e-01,6.0219e-02
1.8800e+03,1.1164e+00,1.1775e+00,2.0001e+01,3.2238e-01,6.0497e-02
1.8900e+03,1.1148e+00,1.1761e+00,2.0001e+01,3.2369e-01,6.0775e-02
1.9000e+03,1.1132e+00,1.1748e+00,2.0001e+01,3.2500e-01,6.1053e-02
1.9100e+03,1.1116e+00,1.1735e+00,2.0001e+01,3.2630e-01,6.1330e-02
1.9200e+03,1.1100e+00,1.1722e+00,2.0001e+01,3.2760e-01,6.1607e-02
1.9300e+03,1.1085e+00,1.1709e+00,2.0001e+01,3.2889e-01,6.1883e-02
1.9400e+03,1.1069e+00,1.1696e+00,2.0001e+01,3.3019e-01,6.2159e-02
1.9500e+03,1.1053e+00,1.1684e+00,2.0001e+01,3.3147e-01,6.2435e-02
1.9600e+03,1.1038e+00,1.1671e+00,2.0001e+01,3.3276e-01,6.2710e-02
1.9700e+03,1.1022e+00,1.1658e+00,2.0001e+01,3.3404e-01,6.2985e-02
1.9800e+03,1.1007e+00,1.1645e+00,2.0001e+01,3.3532e-01,6.3259e-02
1.9900e+03,1.0991e+00,1.1632e+00,2.0001e+01,3.3660e-01,6.3533e-02
2.0000e+03,1.0976e+00,1.1620e+00,2.0001e+01,3.3787e-01,6.3807e-02
2.0100e+03,1.0960e+00,1.1607e+00,2.0001e+01,3.3914e-01,6.4080e-02
2.0200e+03,1.0945e+00,1.1594e+00,2.0001e+01,3.4041e-01,6.4353e-02
2.0300e+03,1.0930e+00,1.1582e+00,2.0001e+01,3.4167e-01,6.4626e-02
2.0400e+03,1.0914e+00,1.1569e+00,2.0001e+01,3.4293e-01,6.4898e-02
2.0500e+03,1.0899e+00,1.1556e+00,2.0001e+01,3.4419e-01,6.5170e-02
2.0600e+03,1.0884e+00,1.1544e+00,2.0001e+01,3.4544e-01,6.5441e-02
2.0700e+03,1.0868e+00,1.1531e+00,2.0001e+01,3.4669e-01,6.5712e-02
2.0800e+03,1.0853e+00,1.1519e+00,2.0001e+01,3.4794e-01,6.5983e-02
2.0900e+03,1.0838e+00,1.1506e+00,2.0001e+01,3.4918e-01,6.6253e-02
2.1000e+03,1.0823e+00,1.1494e+00,2.0001e+01,3.5042e-01,6.6523e-02
2.1100e+03,1.0808e+00,1.1482e+00,2.0001e+01,3.5166e-01,6.6792e-02
2.1200e+03,1.0793e+00,1.1469e+00,2.0001e+01,3.5290e-01,6.7061e-02
2.1300e+03,1.0778e+00,1.1457e+00,2.0001e+01,3.5413e-01,6.7330e-02
2.1400e+03,1.0763e+00,1.1445e+00,2.0001e+01,3.5536e-01,6.7598e-02
2.1500e+03,1.0748e+00,1.1432e+00,2.0001e+01,3.5658e-01,6.7866e-02
2.1600e+03,1.0733e+00,1.1420e+00,2.0001e+01,3.5781e-01,6.8134e-02
2.1700e+03,1.0718e+00,1.1408e+00,2.0001e+01,3.5903e-01,6.8401e-02
2.1800e+03,1.0703e+00,1.1396e+00,2.0001e+01,3.6025e-01,6.8668e-02
2.1900e+03,1.0689e+00,1.1384e+00,2.0001e+01,3.6146e-01,6.8935e-02
2.2000e+03,1.0674e+00,1.1371e+00,2.0001e+01,3.6267e-01,6.9201e-02
2.2100e+03,1.0659e+00,1.1359e+00,2.0001e+01,3.6388e-01,6.9467e-02
2.2200e+03,1.0644e+00,1.1347e+00,2.0001e+01,3.6508e-01,6.9732e-02
2.2300e+03,1.0630e+00,1.1335e+00,2.0001e+01,3.6629e-01,6.9997e-02
2.2400e+03,1.0615e+00,1.1323e+00,2.0001e+01,3.6749e-01,7.0262e-02
2.2500e+03,1.0600e+00,1.1311e+00,2.0001e+01,3.6868e-01,7.0526e-02
2.2600e+03,1.0586e+00,1.1299e+00,2.0001e+01,3.6988e-01,7.0790e-02
2.2700e+03,1.0571e+00,1.1287e+00,2.0001e+01,3.7107e-01,7.1054e-02
2.2800e+03,1.0557e+00,1.1276e+00,2.0001e+01,3.7226e-01,7.1317e-02
2.2900e+03,1.0542e+00,1.1264e+00,2.0001e+01,3.7344e-01,7.1580e-02
2.3000e+03,1.0528e+00,1.1252e+00,2.0001e+01,3.7462e-01,7.1842e-02
2.3100e+03,1.0513e+00,1.1240e+00,2.0001e+01,3.7580e-01,7.2104e-02
2.3200e+03,1.0499e+00,1.1228e+00,2.0001e+01,3.7698e-01,7.2366e-02
2.3300e+03,1.0485e+00,1.1217e+00,2.0001e+01,3.7815e-01,7.2628e-02
2.3400e+03,1.0470e+00,1.1205e+00,2.0001e+01,3.7932e-01,7.2889e-02
2.3500e+03,1.0456e+00,1.1193e+00,2.0001e+01,3.8049e-01,7.3149e-02
2.3600e+03,1.0442e+00,1.1182e+00,2.0001e+01,3.8166e-01,7.3410e-02
2.3700e+03,1.0428e+00,1.1170e+00,2.0001e+01,3.8282e-01,7.3670e-02
2.3800e+03,1.0413e+00,1.1158e+00,2.0001e+01,3.8398e-01,7.3930e-02
2.3900e+03,1.0399e+00,1.1147e+00,2.0001e+01,3.8513e-01,7.4189e-02
2.4000e+03,1.0385e+00,1.1135e+00,2.0001e+01,3.8629e-01,7.4448e-02
2.4100e+03,1.0371e+00,1.1124e+00,2.0001e+01,3.8744e-01,7.4706e-02
2.4200e+03,1.0357e+00,1.1112e+00,2.0001e+01,3.8859e-01,7.4965e-02
2.4300e+03,1.0343e+00,1.1101e+00,2.0001e+01,3.8973e-01,7.5223e-02
2.4400e+03,1.0329e+00,1.1089e+00,2.0001e+01,3.9088e-01,7.5480e-02
2.4500e+03,1.0315e+00,1.1078e+00,2.0001e+01,3.9202e-01,7.5737e-02
2.4600e+03,1.0301e+00,1.1066e+00,2.0001e+01,3.9315e-01,7.5994e-02
2.4700e+03,1.0287e+00,1.1055e+00,2.0001e+01,3.9429e-01,7.6251e-02
2.4800e+03,1.0273e+00,1.1044e+00,2.0001e+01,3.9542e-01,7.6507e-02
2.4900e+03,1.0259e+00,1.1032e+00,2.0001e+01,3.9655e-01,7.6763e-02
2.5000e+03,1.0246e+00,1.1021e+00,2.0001e+01,3.9768e-01,7.7018e-02
2.5100e+03,1.0232e+00,1.1010e+00,2.0001e+01,3.9880e-01,7.7273e-02
2.5200e+03,1.0218e+00,1.0999e+00,2.0001e+01,3.9992e-01,7.7528e-02
2.5300e+03,1.0204e+00,1.0988e+00,2.0001e+01,4.0104e-01,7.7783e-02
2.5400e+03,1.0191e+00,1.0976e+00,2.0001e+01,4.0216e-01,7.8037e-02
2.5500e+03,1.0177e+00,1.0965e+00,2.0001e+01,4.0327e-01,7.8290e-02
2.5600e+03,1.0163e+00,1.0954e+00,2.0001e+01,4.0438e-01,7.8544e-02
2.5700e+03,1.0150e+00,1.0943e+00,2.0001e+01,4.0549e-01,7.8797e-02
2.5800e+03,1.0136e+00,1.0932e+00,2.0001e+01,4.0660e-01,7.9050e-02
2.5900e+03,1.0122e+00,1.0921e+00,2.0001e+01,4.0770e-01,7.9302e-02
2.6000e+03,1.0109e+00,1.0910e+00,2.0001e+01,4.0880e-01,7.9554e-02
2.6100e+03,1.0095e+00,1.0899e+00,2.0001e+01,4.0990e-01,7.9806e-02
2.6200e+03,1.0082e+00,1.0888e+00,2.0001e+01,4.1100e-01,8.0057e-02
2.6300e+03,1.0069e+00,1.0877e+00,2.0001e+01,4.1209e-01,8.0308e-02
2.6400e+03,1.0055e+00,1.0866e+00,2.0001e+01,4.1318e-01,8.0559e-02
2.6500e+03,1.0042e+00,1.0855e+00,2.0001e+01,4.1427e-01,8.0810e-02
2.6600e+03,1.0028e+00,1.0844e+00,2.0001e+01,4.1535e-01,8.1060e-02
2.6700e+03,1.0015e+00,1.0834e+00,2.0001e+01,4.1643e-01,8.1309e-02
2.6800e+03,1.0002e+00,1.0823e+00,2.0001e+01,4.1752e-01,8.1559e-02
2.6900e+03,9.9885e-01,1.0812e+00,2.0001e+01,4.1859e-01,8.1808e-02
2.7000e+03,9.9753e-01,1.0801e+00,2.0001e+01,4.1967e-01,8.2057e-02
2.7100e+03,9.9620e-01,1.0790e+00,2.0001e+01,4.2074e-01,8.2305e-02
2.7200e+03,9.9489e-01,1.0780e+00,2.0001e+01,4.2181e-01,8.2553e-02
2.7300e+03,9.9357e-01,1.0769e+00,2.0001e+01,4.2288e-01,8.2801e-02
2.7400e+03,9.9226e-01,1.0758e+00,2.0001e+01,4.2394e-01,8.3048e-02
2.7500e+03,9.9095e-01,1.0748e+00,2.0001e+01,4.2501e-01,8.3296e-02
2.7600e+03,9.8964e-01,1.0737e+00,2.0001e+01,4.2607e-01,8.3542e-02
2.7700e+03,9.8834e-01,1.0727e+00,2.0001e+01,4.2713e-01,8.3789e-02
2.7800e+03,9.8703e-01,1.0716e+00,2.0001e+01,4.2818e-01,8.4035e-02
2.7900e+03,9.8574e-01,1.0705e+00,2.0001e+01,4.2923e-01,8.4281e-02
2.8000e+03,9.8444e-01,1.0695e+00,2.0001e+01,4.3029e-01,8.4526e-02
2.8100e+03,9.8315e-01,1.0684e+00,2.0001e+01,4.3133e-01,8.4771e-02
2.8200e+03,9.8185e-01,1.0674e+00,2.0001e+01,4.3238e-01,8.5016e-02
2.8300e+03,9.8057e-01,1.0664e+00,2.0001e+01,4.3342e-01,8.5261e-02
2.8400e+03,9.7928e-01,1.0653e+00,2.0001e+01,4.3446e-01,8.5505e-02
2.8500e+03,9.7800e-01,1.0643e+00,2.0001e+01,4.3550e-01,8.5749e-02
2.8600e+03,9.7672e-01,1.0632e+00,2.0001e+01,4.3654e-01,8.5992e-02
2.8700e+03,9.7544e-01,1.0622e+00,2.0001e+01,4.3757e-01,8.6236e-02
2.8800e+03,9.7417e-01,1.0612e+00,2.0001e+01,4.3861e-01,8.6479e-02
2.8900e+03,9.7289e-01,1.0601e+00,2.0001e+01,4.3963e-01,8.6721e-02
2.9000e+03,9.7163e-01,1.0591e+00,2.0001e+01,4.4066e-01,8.6964e-02
2.9100e+03,9.7036e-01,1.0581e+00,2.0001e+01,4.4169e-01,8.7206e-02
2.9200e+03,9.6909e-01,1.0571e+00,2.0001e+01,4.4271e-01,8.7447e-02
2.9300e+03,9.6783e-01,1.0560e+00,2.0001e+01,4.4373e-01,8.7689e-02
2.9400e+03,9.6657e-01,1.0550e+00,2.0001e+01,4.4475e-01,8.7930e-02
2.9500e+03,9.6532e-01,1.0540e+00,2.0001e+01,4.4576e-01,8.8170e-02
2.9600e+03,9.6406e-01,1.0530e+00,2.0001e+01,4.4677e-01,8.8411e-02
2.9700e+03,9.6281e-01,1.0520e+00,2.0001e+01,4.4779e-01,8.8651e-02
2.9800e+03,9.6157e-01,1.0510e+00,2.0001e+01,4.4879e-01,8.8891e-02
2.9900e+03,9.6032e-01,1.0500e+00,2.0001e+01,4.4980e-01,8.9130e-02
3.0000e+03,9.5908e-01,1.0490e+00,2.0001e+01,4.5080e-01,8.9369e-02
3.0100e+03,9.5784e-01,1.0480e+00,2.0001e+01,4.5181e-01,8.9608e-02
3.0200e+03,9.5660e-01,1.0470e+00,2.0001e+01,4.5281e-01,8.9847e-02
3.0300e+03,9.5536e-01,1.0460e+00,2.0001e+01,4.5380e-01,9.0085e-02
3.0400e+03,9.5413e-01,1.0450e+00,2.0001e+01,4.5480e-01,9.0323e-02
3.0500e+03,9.5290e-01,1.0440e+00,2.0001e+01,4.5579e-01,9.0561e-02
3.0600e+03,9.5167e-01,1.0430e+00,2.0001e+01,4.5678e-01,9.0798e-02
3.0700e+03,9.5045e-01,1.0420e+00,2.0001e+01,4.5777e-01,9.1035e-02
3.0800e+03,9.4922e-01,1.0410e+00,2.0001e+01,4.5876e-01,9.1272e-02
3.0900e+03,9.4800e-01,1.0400e+00,2.0001e+01,4.5974e-01,9.1508e-02
3.1000e+03,9.4678e-01,1.0390e+00,2.0001e+01,4.6072e-01,9.1744e-02
3.1100e+03,9.4557e-01,1.0381e+00,2.0001e+01,4.6170e-01,9.1980e-02
3.1200e+03,9.4436e-01,1.0371e+00,2.0001e+01,4.6268e-01,9.2215e-02
3.1300e+03,9.4315e-01,1.0361e+00,2.0001e+01,4.6365e-01,9.2451e-02
3.1400e+03,9.4194e-01,1.0351e+00,2.0001e+01,4.6463e-01,9.2686e-02
3.1500e+03,9.4073e-01,1.0342e+00,2.0001e+01,4.6560e-01,9.2920e-02
3.1600e+03,9.3953e-01,1.0332e+00,2.0001e+01,4.6657e-01,9.3155e-02
3.1700e+03,9.3833e-01,1.0322e+00,2.0001e+01,4.6753e-01,9.3389e-02
3.1800e+03,9.3713e-01,1.0313e+00,2.0001e+01,4.6850e-01,9.3622e-02
3.1900e+03,9.3593e-01,1.0303e+00,2.0001e+01,4.6946e-01,9.3856e-02
3.2000e+03,9.3474e-01,1.0293e+00,2.0001e+01,4.7042e-01,9.4089e-02
3.2100e+03,9.3355e-01,1.0284e+00,2.0001e+01,4.7138e-01,9.4322e-02
3.2200e+03,9.3236e-01,1.0274e+00,2.0001e+01,4.7233e-01,9.4554e-02
3.2300e+03,9.3118e-01,1.0265e+00,2.0001e+01,4.7329e-01,9.4786e-02
3.2400e+03,9.2999e-01,1.0255e+00,2.0001e+01,4.7424e-01,9.5018e-02
3.2500e+03,9.2881e-01,1.0246e+00,2.0001e+01,4.7519e-01,9.5250e-02
3.2600e+03,9.2763e-01,1.0236e+00,2.0001e+01,4.7614e-01,9.5481e-02
3.2700e+03,9.2645e-01,1.0227e+00,2.0001e+01,4.7708e-01,9.5712e-02
3.2800e+03,9.2528e-01,1.0217e+00,2.0001e+01,4.7803e-01,9.5943e-02
3.2900e+03,9.2411e-01,1.0208e+00,2.0001e+01,4.7897e-01,9.6173e-02
3.3000e+03,9.2294e-01,1.0199e+00,2.0001e+01,4.7991e-01,9.6404e-02
3.3100e+03,9.2177e-01,1.0189e+00,2.0001e+01,4.8085e-01,9.6634e-02
3.3200e+03,9.2061e-01,1.0180e+00,2.0001e+01,4.8178e-01,9.6863e-02
3.3300e+03,9.1944e-01,1.0170e+00,2.0001e+01,4.8271e-01,9.7092e-02
3.3400e+03,9.1828e-01,1.0161e+00,2.0001e+01,4.8365e-01,9.7321e-02
3.3500e+03,9.1713e-01,1.0152e+00,2.0001e+01,4.8457e-01,9.7550e-02
3.3600e+03,9.1597e-01,1.0143e+00,2.0001e+01,4.8550e-01,9.7779e-02
3.3700e+03,9.1482e-01,1.0133e+00,2.0001e+01,4.8643e-01,9.8007e-02
3.3800e+03,9.1367e-01,1.0124e+00,2.0001e+01,4.8735e-01,9.8235e-02
3.3900e+03,9.1252e-01,1.0115e+00,2.0001e+01,4.8827e-01,9.8462e-02
3.4000e+03,9.1137e-01,1.0106e+00,2.0001e+01,4.8919e-01,9.8689e-02
3.4100e+03,9.1023e-01,1.0096e+00,2.0001e+01,4.9011e-01,9.8916e-02
3.4200e+03,9.0908e-01,1.0087e+00,2.0001e+01,4.9102e-01,9.9143e-02
3.4300e+03,9.0794e-01,1.0078e+00,2.0001e+01,4.9194e-01,9.9370e-02
3.4400e+03,9.0681e-01,1.0069e+00,2.0001e+01,4.9285e-01,9.9596e-02
3.4500e+03,9.0567e-01,1.0060e+00,2.0001e+01,4.9376e-01,9.9822e-02
3.4600e+03,9.0454e-01,1.0051e+00,2.0001e+01,4.9466e-01,1.0005e-01
3.4700e+03,9.0341e-01,1.0042e+00,2.0001e+01,4.9557e-01,1.0027e-01
3.4800e+03,9.0228e-01,1.0033e+00,2.0001e+01,4.9647e-01,1.0050e-01
3.4900e+03,9.0115e-01,1.0024e+00,2.0001e+01,4.9737e-01,1.0072e-01
3.5000e+03,9.0003e-01,1.0015e+00,2.0001e+01,4.9827e-01,1.0095e-01
3.5100e+03,8.9891e-01,1.0006e+00,2.0001e+01,4.9917e-01,1.0117e-01
3.5200e+03,8.9779e-01,9.9968e-01,2.0001e+01,5.0007e-01,1.0139e-01
3.5300e+03,8.9667e-01,9.9879e-01,2.0001e+01,5.0096e-01,1.0162e-01
3.5400e+03,8.9556e-01,9.9789e-01,2.0001e+01,5.0185e-01,1.0184e-01
3.5500e+03,8.9444e-01,9.9700e-01,2.0001e+01,5.0274e-01,1.0206e-01
3.5600e+03,8.9333e-01,9.9612e-01,2.0001e+01,5.0363e-01,1.0229e-01
3.5700e+03,8.9222e-01,9.9523e-01,2.0001e+01,5.0452e-01,1.0251e-01
3.5800e+03,8.9112e-01,9.9434e-01,2.0001e+01,5.0540e-01,1.0273e-01
3.5900e+03,8.9001e-01,9.9346e-01,2.0001e+01,5.0628e-01,1.0295e-01
3.6000e+03,8.8891e-01,9.9258e-01,2.0001e+01,5.0716e-01,1.0318e-01
3.6100e+03,8.8781e-01,9.9170e-01,2.0001e+01,5.0804e-01,1.0340e-01
3.6200e+03,8.8671e-01,9.9082e-01,2.0001e+01,5.0892e-01,1.0362e-01
3.6300e+03,8.8562e-01,9.8995e-01,2.0001e+01,5.0980e-01,1.0384e-01
3.6400e+03,8.8452e-01,9.8908e-01,2.0001e+01,5.1067e-01,1.0406e-01
3.6500e+03,8.8343e-01,9.8820e-01,2.0001e+01,5.1154e-01,1.0428e-01
3.6600e+03,8.8234e-01,9.8733e-01,2.0001e+01,5.1241e-01,1.0450e-01
3.6700e+03,8.8125e-01,9.8647e-01,2.0001e+01,5.1328e-01,1.0472e-01
3.6800e+03,8.8017e-01,9.8560e-01,2.0001e+01,5.1414e-01,1.0494e-01
3.6900e+03,8.7908e-01,9.8473e-01,2.0001e+01,5.1501e-01,1.0516e-01
3.7000e+03,8.7800e-01,9.8387e-01,2.0001e+01,5.1587e-01,1.0538e-01
3.7100e+03,8.7692e-01,9.8301e-01,2.0001e+01,5.1673e-01,1.0560e-01
3.7200e+03,8.7585e-01,9.8215e-01,2.0001e+01,5.1759e-01,1.0582e-01
3.7300e+03,8.7477e-01,9.8130e-01,2.0001e+01,5.1844e-01,1.0603e-01
3.7400e+03,8.7370e-01,9.8044e-01,2.0001e+01,5.1930e-01,1.0625e-01
3.7500e+03,8.7263e-01,9.7959e-01,2.0001e+01,5.2015e-01,1.0647e-01
3.7600e+03,8.7156e-01,9.7873e-01,2.0001e+01,5.2100e-01,1.0669e-01
3.7700e+03,8.7049e-01,9.7788e-01,2.0001e+01,5.2185e-01,1.0690e-01
3.7800e+03,8.6943e-01,9.7704e-01,2.0001e+01,5.2270e-01,1.0712e-01
3.7900e+03,8.6837e-01,9.7619e-01,2.0001e+01,5.2355e-01,1.0734e-01
3.8000e+03,8.6731e-01,9.7535e-01,2.0001e+01,5.2439e-01,1.0755e-01
3.8100e+03,8.6625e-01,9.7450e-01,2.0001e+01,5.2523e-01,1.0777e-01
3.8200e+03,8.6519e-01,9.7366e-01,2.0001e+01,5.2608e-01,1.0799e-01
3.8300e+03,8.6414e-01,9.7282e-01,2.0001e+01,5.2691e-01,1.0820e-01
3.8400e+03,8.6308e-01,9.7198e-01,2.0001e+01,5.2775e-01,1.0842e-01
3.8500e+03,8.6203e-01,9.7115e-01,2.0001e+01,5.2859e-01,1.0863e-01
3.8600e+03,8.6098e-01,9.7031e-01,2.0001e+01,5.2942e-01,1.0885e-01
3.8700e+03,8.5994e-01,9.6948e-01,2.0001e+01,5.3025e-01,1.0906e-01
3.8800e+03,8.5889e-01,9.6865e-01,2.0001e+01,5.3108e-01,1.0927e-01
3.8900e+03,8.5785e-01,9.6782e-01,2.0001e+01,5.3191e-01,1.0949e-01
3.9000e+03,8.5681e-01,9.6699e-01,2.0001e+01,5.3274e-01,1.0970e-01
3.9100e+03,8.5577e-01,9.6617e-01,2.0001e+01,5.3356e-01,1.0992e-01
3.9200e+03,8.5473e-01,9.6534e-01,2.0001e+01,5.3439e-01,1.1013e-01
3.9300e+03,8.5370e-01,9.6452e-01,2.0001e+01,5.3521e-01,1.1034e-01
3.9400e+03,8.5267e-01,9.6370e-01,2.0001e+01,5.3603e-01,1.1055e-01
3.9500e+03,8.5164e-01,9.6288e-01,2.0001e+01,5.3685e-01,1.1077e-01
3.9600e+03,8.5061e-01,9.6207e-01,2.0001e+01,5.3766e-01,1.1098e-01
3.9700e+03,8.4958e-01,9.6125e-01,2.0001e+01,5.3848e-01,1.1119e-01
3.9800e+03,8.4855e-01,9.6044e-01,2.0001e+01,5.3929e-01,1.1140e-01
3.9900e+03,8.4753e-01,9.5962e-01,2.0001e+01,5.4011e-01,1.1161e-01
4.0000e+03,8.4651e-01,9.5881e-01,2.0001e+01,5.4092e-01,1.1182e-01
4.0100e+03,8.4549e-01,9.5800e-01,2.0001e+01,5.4172e-01,1.1204e-01
4.0200e+03,8.4447e-01,9.5720e-01,2.0001e+01,5.4253e-01,1.1225e-01
4.0300e+03,8.4346e-01,9.5639e-01,2.0001e+01,5.4334e-01,1.1246e-01
4.0400e+03,8.4244e-01,9.5559e-01,2.0001e+01,5.4414e-01,1.1267e-01
4.0500e+03,8.4143e-01,9.5479e-01,2.0001e+01,5.4494e-01,1.1288e-01
4.0600e+03,8.4042e-01,9.5399e-01,2.0001e+01,5.4574e-01,1.1309e-01
4.0700e+03,8.3942e-01,9.5319e-01,2.0001e+01,5.4654e-01,1.1330e-01
4.0800e+03,8.3841e-01,9.5239e-01,2.0001e+01,5.4734e-01,1.1350e-01
4.0900e+03,8.3740e-01,9.5159e-01,2.0001e+01,5.4813e-01,1.1371e-01
4.1000e+03,8.3640e-01,9.5080e-01,2.0001e+01,5.4893e-01,1.1392e-01
4.1100e+03,8.3540e-01,9.5001e-01,2.0001e+01,5.4972e-01,1.1413e-01
4.1200e+03,8.3440e-01,9.4922e-01,2.0001e+01,5.5051e-01,1.1434e-01
4.1300e+03,8.3341e-01,9.4843e-01,2.0001e+01,5.5130e-01,1.1455e-01
4.1400e+03,8.3241e-01,9.4764e-01,2.0001e+01,5.5208e-01,1.1475e-01
4.1500e+03,8.3142e-01,9.4685e-01,2.0001e+01,5.5287e-01,1.1496e-01
4.1600e+03,8.3043e-01,9.4607e-01,2.0001e+01,5.5365e-01,1.1517e-01
4.1700e+03,8.2944e-01,9.4529e-01,2.0001e+01,5.5444e-01,1.1538e-01
4.1800e+03,8.2845e-01,9.4450e-01,2.0001e+01,5.5522e-01,1.1558e-01
4.1900e+03,8.2746e-01,9.4372e-01,2.0001e+01,5.5600e-01,1.1579e-01
4.2000e+03,8.2648e-01,9.4295e-01,2.0001e+01,5.5678e-01,1.1599e-01
4.2100e+03,8.2550e-01,9.4217e-01,2.0001e+01,5.5755e-01,1.1620e-01
4.2200e+03,8.2452e-01,9.4139e-01,2.0001e+01,5.5833e-01,1.1641e-01
4.2300e+03,8.2354e-01,9.4062e-01,2.0001e+01,5.5910e-01,1.1661e-01
4.2400e+03,8.2256e-01,9.3985e-01,2.0001e+01,5.5987e-01,1.1682e-01
4.2500e+03,8.2159e-01,9.3908e-01,2.0001e+01,5.6064e-01,1.1702e-01
4.2600e+03,8.2061e-01,9.3831e-01,2.0001e+01,5.6141e-01,1.1723e-01
4.2700e+03,8.1964e-01,9.3754e-01,2.0001e+01,5.6218e-01,1.1743e-01
4.2800e+03,8.1867e-01,9.3678e-01,2.0001e+01,5.6294e-01,1.1764e-01
4.2900e+03,8.1771e-01,9.3601e-01,2.0001e+01,5.6371e-01,1.1784e-01
4.3000e+03,8.1674e-01,9.3525e-01,2.0001e+01,5.6447e-01,1.1804e-01
4.3100e+03,8.1578e-01,9.3449e-01,2.0001e+01,5.6523e-01,1.1825e-01
4.3200e+03,8.1481e-01,9.3373e-01,2.0001e+01,5.6599e-01,1.1845e-01
4.3300e+03,8.1385e-01,9.3297e-01,2.0001e+01,5.6675e-01,1.1865e-01
4.3400e+03,8.1289e-01,9.3221e-01,2.0001e+01,5.6750e-01,1.1886e-01
4.3500e+03,8.1194e-01,9.3146e-01,2.0001e+01,5.6826e-01,1.1906e-01
4.3600e+03,8.1098e-01,9.3070e-01,2.0001e+01,5.6901e-01,1.1926e-01
4.3700e+03,8.1003e-01,9.2995e-01,2.0001e+01,5.6976e-01,1.1946e-01
4.3800e+03,8.0907e-01,9.2920e-01,2.0001e+01,5.7051e-01,1.1966e-01
4.3900e+03,8.0812e-01,9.2845e-01,2.0001e+01,5.7126e-01,1.1987e-01
4.4000e+03,8.0717e-01,9.2770e-01,2.0001e+01,5.7201e-01,1.2007e-01
4.4100e+03,8.0623e-01,9.2696e-01,2.0001e+01,5.7276e-01,1.2027e-01
4.4200e+03,8.0528e-01,9.2621e-01,2.0001e+01,5.7350e-01,1.2047e-01
4.4300e+03,8.0434e-01,9.2547e-01,2.0001e+01,5.7424e-01,1.2067e-01
4.4400e+03,8.0340e-01,9.2473e-01,2.0001e+01,5.7498e-01,1.2087e-01
4.4500e+03,8.0246e-01,9.2399e-01,2.0001e+01,5.7572e-01,1.2107e-01
4.4600e+03,8.0152e-01,9.2325e-01,2.0001e+01,5.7646e-01,1.2127e-01
4.4700e+03,8.0058e-01,9.2251e-01,2.0001e+01,5.7720e-01,1.2147e-01
4.4800e+03,7.9965e-01,9.2177e-01,2.0001e+01,5.7794e-01,1.2167e-01
4.4900e+03,7.9871e-01,9.2104e-01,2.0001e+01,5.7867e-01,1.2187e-01
4.5000e+03,7.9778e-01,9.2031e-01,2.0001e+01,5.7940e-01,1.2207e-01
4.5100e+03,7.9685e-01,9.1957e-01,2.0001e+01,5.8013e-01,1.2227e-01
4.5200e+03,7.9592e-01,9.1884e-01,2.0001e+01,5.8086e-01,1.2246e-01
4.5300e+03,7.9499e-01,9.1812e-01,2.0001e+01,5.8159e-01,1.2266e-01
4.5400e+03,7.9407e-01,9.1739e-01,2.0001e+01,5.8232e-01,1.2286e-01
4.5500e+03,7.9315e-01,9.1666e-01,2.0001e+01,5.8305e-01,1.2306e-01
4.5600e+03,7.9222e-01,9.1594e-01,2.0001e+01,5.8377e-01,1.2326e-01
4.5700e+03,7.9130e-01,9.1521e-01,2.0001e+01,5.8449e-01,1.2345e-01
4.5800e+03,7.9039e-01,9.1449e-01,2.0001e+01,5.8521e-01,1.2365e-01
4.5900e+03,7.8947e-01,9.1377e-01,2.0001e+01,5.8593e-01,1.2385e-01
4.6000e+03,7.8855e-01,9.1305e-01,2.0001e+01,5.8665e-01,1.2404e-01
4.6100e+03,7.8764e-01,9.1234e-01,2.0001e+01,5.8737e-01,1.2424e-01
4.6200e+03,7.8673e-01,9.1162e-01,2.0001e+01,5.8809e-01,1.2444e-01
4.6300e+03,7.8582e-01,9.1090e-01,2.0001e+01,5.8880e-01,1.2463e-01
4.6400e+03,7.8491e-01,9.1019e-01,2.0001e+01,5.8951e-01,1.2483e-01
4.6500e+03,7.8400e-01,9.0948e-01,2.0001e+01,5.9023e-01,1.2502e-01
4.6600e+03,7.8310e-01,9.0877e-01,2.0001e+01,5.9094e-01,1.2522e-01
4.6700e+03,7.8219e-01,9.0806e-01,2.0001e+01,5.9164e-01,1.2541e-01
4.6800e+03,7.8129e-01,9.0735e-01,2.0001e+01,5.9235e-01,1.2561e-01
4.6900e+03,7.8039e-01,9.0664e-01,2.0001e+01,5.9306e-01,1.2580e-01
4.7000e+03,7.7949e-01,9.0594e-01,2.0001e+01,5.9376e-01,1.2600e-01
4.7100e+03,7.7859e-01,9.0524e-01,2.0001e+01,5.9447e-01,1.2619e-01
4.7200e+03,7.7769e-01,9.0453e-01,2.0001e+01,5.9517e-01,1.2639e-01
4.7300e+03,7.7680e-01,9.0383e-01,2.0001e+01,5.9587e-01,1.2658e-01
4.7400e+03,7.7591e-01,9.0313e-01,2.0001e+01,5.9657e-01,1.2677e-01
4.7500e+03,7.7502e-01,9.0243e-01,2.0001e+01,5.9727e-01,1.2697e-01
4.7600e+03,7.7413e-01,9.0174e-01,2.0001e+01,5.9796e-01,1.2716e-01
4.7700e+03,7.7324e-01,9.0104e-01,2.0001e+01,5.9866e-01,1.2735e-01
4.7800e+03,7.7235e-01,9.0035e-01,2.0001e+01,5.9935e-01,1.2755e-01
4.7900e+03,7.7147e-01,8.9965e-01,2.0001e+01,6.0005e-01,1.2774e-01
4.8000e+03,7.7058e-01,8.9896e-01,2.0001e+01,6.0074e-01,1.2793e-01
4.8100e+03,7.6970e-01,8.9827e-01,2.0001e+01,6.0143e-01,1.2812e-01
4.8200e+03,7.6882e-01,8.9758e-01,2.0001e+01,6.0212e-01,1.2831e-01
4.8300e+03,7.6794e-01,8.9689e-01,2.0001e+01,6.0280e-01,1.2851e-01
4.8400e+03,7.6706e-01,8.9621e-01,2.0001e+01,6.0349e-01,1.2870e-01
4.8500e+03,7.6619e-01,8.9552e-01,2.0001e+01,6.0417e-01,1.2889e-01
4.8600e+03,7.6531e-01,8.9484e-01,2.0001e+01,6.0486e-01,1.2908e-01
4.8700e+03,7.6444e-01,8.9416e-01,2.0001e+01,6.0554e-01,1.2927e-01
4.8800e+03,7.6357e-01,8.9347e-01,2.0001e+01,6.0622e-01,1.2946e-01
4.8900e+03,7.6270e-01,8.9279e-01,2.0001e+01,6.0690e-01,1.2965e-01
4.9000e+03,7.6183e-01,8.9212e-01,2.0001e+01,6.0758e-01,1.2984e-01
4.9100e+03,7.6096e-01,8.9144e-01,2.0001e+01,6.0826e-01,1.3003e-01
4.9200e+03,7.6010e-01,8.9076e-01,2.0001e+01,6.0893e-01,1.3022e-01
4.9300e+03,7.5923e-01,8.9009e-01,2.0001e+01,6.0961e-01,1.3041e-01
4.9400e+03,7.5837e-01,8.8941e-01,2.0001e+01,6.1028e-01,1.3060e-01
4.9500e+03,7.5751e-01,8.8874e-01,2.0001e+01,6.1095e-01,1.3079e-01
4.9600e+03,7.5665e-01,8.8807e-01,2.0001e+01,6.1162e-01,1.3098e-01
4.9700e+03,7.5579e-01,8.8740e-01,2.0001e+01,6.1229e-01,1.3117e-01
4.9800e+03,7.5494e-01,8.8673e-01,2.0001e+01,6.1296e-01,1.3135e-01
4.9900e+03,7.5408e-01,8.8607e-01,2.0001e+01,6.1363e-01,1.3154e-01
5.0000e+03,7.5323e-01,8.8540e-01,2.0001e+01,6.1429e-01,1.3173e-01
5.0100e+03,7.5238e-01,8.8473e-01,2.0001e+01,6.1496e-01,1.3192e-01
5.0200e+03,7.5153e-01,8.8407e-01,2.0001e+01,6.1562e-01,1.3210e-01
5.0300e+03,7.5068e-01,8.8341e-01,2.0001e+01,6.1628e-01,1.3229e-01
5.0400e+03,7.4983e-01,8.8275e-01,2.0001e+01,6.1694e-01,1.3248e-01
5.0500e+03,7.4898e-01,8.8209e-01,2.0001e+01,6.1760e-01,1.3267e-01
5.0600e+03,7.4814e-01,8.8143e-01,2.0001e+01,6.1826e-01,1.3285e-01
5.0700e+03,7.4729e-01,8.8077e-01,2.0001e+01,6.1892e-01,1.3304e-01
5.0800e+03,7.4645e-01,8.8012e-01,2.0001e+01,6.1957e-01,1.3322e-01
5.0900e+03,7.4561e-01,8.7946e-01,2.0001e+01,6.2023e-01,1.3341e-01
5.1000e+03,7.4477e-01,8.7881e-01,2.0001e+01,6.2088e-01,1.3360e-01
5.1100e+03,7.4393e-01,8.7816e-01,2.0001e+01,6.2153e-01,1.3378e-01
5.1200e+03,7.4310e-01,8.7750e-01,2.0001e+01,6.2218e-01,1.3397e-01
5.1300e+03,7.4226e-01,8.7685e-01,2.0001e+01,6.2283e-01,1.3415e-01
5.1400e+03,7.4143e-01,8.7621e-01,2.0001e+01,6.2348e-01,1.3434e-01
5.1500e+03,7.4060e-01,8.7556e-01,2.0001e+01,6.2413e-01,1.3452e-01
5.1600e+03,7.3977e-01,8.7491e-01,2.0001e+01,6.2478e-01,1.3471e-01
5.1700e+03,7.3894e-01,8.7427e-01,2.0001e+01,6.2542e-01,1.3489e-01
5.1800e+03,7.3811e-01,8.7362e-01,2.0001e+01,6.2606e-01,1.3508e-01
5.1900e+03,7.3728e-01,8.7298e-01,2.0001e+01,6.2671e-01,1.3526e-01
5.2000e+03,7.3646e-01,8.7234e-01,2.0001e+01,6.2735e-01,1.3544e-01
5.2100e+03,7.3564e-01,8.7170e-01,2.0001e+01,6.2799e-01,1.3563e-01
5.2200e+03,7.3481e-01,8.7106e-01,2.0001e+01,6.2863e-01,1.3581e-01
5.2300e+03,7.3399e-01,8.7042e-01,2.0001e+01,6.2926e-01,1.3599e-01
5.2400e+03,7.3317e-01,8.6978e-01,2.0001e+01,6.2990e-01,1.3618e-01
5.2500e+03,7.3236e-01,8.6915e-01,2.0001e+01,6.3054e-01,1.3636e-01
5.2600e+03,7.3154e-01,8.6851e-01,2.0001e+01,6.3117e-01,1.3654e-01
5.2700e+03,7.3072e-01,8.6788e-01,2.0001e+01,6.3180e-01,1.3672e-01
5.2800e+03,7.2991e-01,8.6725e-01,2.0001e+01,6.3244e-01,1.3691e-01
5.2900e+03,7.2910e-01,8.6662e-01,2.0001e+01,6.3307e-01,1.3709e-01
5.3000e+03,7.2829e-01,8.6599e-01,2.0001e+01,6.3370e-01,1.3727e-01
5.3100e+03,7.2748e-01,8.6536e-01,2.0001e+01,6.3432e-01,1.3745e-01
5.3200e+03,7.2667e-01,8.6473e-01,2.0001e+01,6.3495e-01,1.3763e-01
5.3300e+03,7.2586e-01,8.6410e-01,2.0001e+01,6.3558e-01,1.3781e-01
5.3400e+03,7.2505e-01,8.6348e-01,2.0001e+01,6.3620e-01,1.3799e-01
5.3500e+03,7.2425e-01,8.6285e-01,2.0001e+01,6.3683e-01,1.3817e-01
5.3600e+03,7.2345e-01,8.6223e-01,2.0001e+01,6.3745e-01,1.3835e-01
5.3700e+03,7.2265e-01,8.6161e-01,2.0001e+01,6.3807e-01,1.3853e-01
5.3800e+03,7.2184e-01,8.6099e-01,2.0001e+01,6.3869e-01,1.3871e-01
5.3900e+03,7.2105e-01,8.6037e-01,2.0001e+01,6.3931e-01,1.3889e-01
5.4000e+03,7.2025e-01,8.5975e-01,2.0001e+01,6.3993e-01,1.3907e-01
5.4100e+03,7.1945e-01,8.5913e-01,2.0001e+01,6.4054e-01,1.3925e-01
5.4200e+03,7.1866e-01,8.5852e-01,2.0001e+01,6.4116e-01,1.3943e-01
5.4300e+03,7.1786e-01,8.5790e-01,2.0001e+01,6.4178e-01,1.3961e-01
5.4400e+03,7.1707e-01,8.5729e-01,2.0001e+01,6.4239e-01,1.3979e-01
5.4500e+03,7.1628e-01,8.5668e-01,2.0001e+01,6.4300e-01,1.3997e-01
5.4600e+03,7.1549e-01,8.5606e-01,2.0001e+01,6.4361e-01,1.4015e-01
5.4700e+03,7.1470e-01,8.5545e-01,2.0001e+01,6.4422e-01,1.4033e-01
5.4800e+03,7.1391e-01,8.5484e-01,2.0001e+01,6.4483e-01,1.4050e-01
5.4900e+03,7.1313e-01,8.5424e-01,2.0001e+01,6.4544e-01,1.4068e-01
5.5000e+03,7.1234e-01,8.5363e-01,2.0001e+01,6.4605e-01,1.4086e-01
5.5100e+03,7.1156e-01,8.5302e-01,2.0001e+01,6.4665e-01,1.4104e-01
5.5200e+03,7.1078e-01,8.5242e-01,2.0001e+01,6.4726e-01,1.4122e-01
5.5300e+03,7.1000e-01,8.5181e-01,2.0001e+01,6.4786e-01,1.4139e-01
5.5400e+03,7.0922e-01,8.5121e-01,2.0001e+01,6.4846e-01,1.4157e-01
5.5500e+03,7.0844e-01,8.5061e-01,2.0001e+01,6.4907e-01,1.4175e-01
5.5600e+03,7.0766e-01,8.5001e-01,2.0001e+01,6.4967e-01,1.4192e-01
5.5700e+03,7.0689e-01,8.4941e-01,2.0001e+01,6.5027e-01,1.4210e-01
5.5800e+03,7.0611e-01,8.4881e-01,2.0001e+01,6.5086e-01,1.4227e-01
5.5900e+03,7.0534e-01,8.4821e-01,2.0001e+01,6.5146e-01,1.4245e-01
5.6000e+03,7.0457e-01,8.4762e-01,2.0001e+01,6.5206e-01,1.4263e-01
5.6100e+03,7.0380e-01,8.4702e-01,2.0001e+01,6.5265e-01,1.4280e-01
5.6200e+03,7.0303e-01,8.4643e-01,2.0001e+01,6.5325e-01,1.4298e-01
5.6300e+03,7.0226e-01,8.4583e-01,2.0001e+01,6.5384e-01,1.4315e-01
5.6400e+03,7.0149e-01,8.4524e-01,2.0001e+01,6.5443e-01,1.4333e-01
5.6500e+03,7.0073e-01,8.4465e-01,2.0001e+01,6.5502e-01,1.4350e-01
5.6600e+03,6.9996e-01,8.4406e-01,2.0001e+01,6.5561e-01,1.4368e-01
5.6700e+03,6.9920e-01,8.4347e-01,2.0001e+01,6.5620e-01,1.4385e-01
5.6800e+03,6.9844e-01,8.4288e-01,2.0001e+01,6.5679e-01,1.4403e-01
5.6900e+03,6.9768e-01,8.4230e-01,2.0001e+01,6.5737e-01,1.4420e-01
5.7000e+03,6.9692e-01,8.4171e-01,2.0001e+01,6.5796e-01,1.4437e-01
5.7100e+03,6.9616e-01,8.4113e-01,2.0001e+01,6.5854e-01,1.4455e-01
5.7200e+03,6.9540e-01,8.4054e-01,2.0001e+01,6.5913e-01,1.4472e-01
5.7300e+03,6.9465e-01,8.3996e-01,2.0001e+01,6.5971e-01,1.4489e-01
5.7400e+03,6.9389e-01,8.3938e-01,2.0001e+01,6.6029e-01,1.4507e-01
5.7500e+03,6.9314e-01,8.3880e-01,2.0001e+01,6.6087e-01,1.4524e-01
5.7600e+03,6.9239e-01,8.3822e-01,2.0001e+01,6.6145e-01,1.4541e-01
5.7700e+03,6.9164e-01,8.3764e-01,2.0001e+01,6.6203e-01,1.4559e-01
5.7800e+03,6.9089e-01,8.3706e-01,2.0001e+01,6.6261e-01,1.4576e-01
5.7900e+03,6.9014e-01,8.3648e-01,2.0001e+01,6.6318e-01,1.4593e-01
5.8000e+03,6.8939e-01,8.3591e-01,2.0001e+01,6.6376e-01,1.4610e-01
5.8100e+03,6.8864e-01,8.3533e-01,2.0001e+01,6.6433e-01,1.4627e-01
5.8200e+03,6.8790e-01,8.3476e-01,2.0001e+01,6.6491e-01,1.4645e-01
5.8300e+03,6.8716e-01,8.3419e-01,2.0001e+01,6.6548e-01,1.4662e-01
5.8400e+03,6.8641e-01,8.3362e-01,2.0001e+01,6.6605e-01,1.4679e-01
5.8500e+03,6.8567e-01,8.3305e-01,2.0001e+01,6.6662e-01,1.4696e-01
5.8600e+03,6.8493e-01,8.3248e-01,2.0001e+01,6.6719e-01,1.4713e-01
5.8700e+03,6.8419e-01,8.3191e-01,2.0001e+01,6.6776e-01,1.4730e-01
5.8800e+03,6.8346e-01,8.3134e-01,2.0001e+01,6.6832e-01,1.4747e-01
5.8900e+03,6.8272e-01,8.3078e-01,2.0001e+01,6.6889e-01,1.4764e-01
5.9000e+03,6.8198e-01,8.3021e-01,2.0001e+01,6.6945e-01,1.4781e-01
5.9100e+03,6.8125e-01,8.2965e-01,2.0001e+01,6.7002e-01,1.4798e-01
5.9200e+03,6.8052e-01,8.2908e-01,2.0001e+01,6.7058e-01,1.4815e-01
5.9300e+03,6.7979e-01,8.2852e-01,2.0001e+01,6.7114e-01,1.4832e-01
5.9400e+03,6.7905e-01,8.2796e-01,2.0001e+01,6.7171e-01,1.4849e-01
5.9500e+03,6.7833e-01,8.2740e-01,2.0001e+01,6.7227e-01,1.4866e-01
5.9600e+03,6.7760e-01,8.2684e-01,2.0001e+01,6.7283e-01,1.4883e-01
5.9700e+03,6.7687e-01,8.2628e-01,2.0001e+01,6.7338e-01,1.4900e-01
5.9800e+03,6.7614e-01,8.2572e-01,2.0001e+01,6.7394e-01,1.4917e-01
5.9900e+03,6.7542e-01,8.2517e-01,2.0001e+01,6.7450e-01,1.4933e-01
6.0000e+03,6.7470e-01,8.2461e-01,2.0001e+01,6.7505e-01,1.4950e-01
6.0100e+03,6.7397e-01,8.2405e-01,2.0001e+01,6.7561e-01,1.4967e-01
6.0200e+03,6.7325e-01,8.2350e-01,2.0001e+01,6.7616e-01,1.4984e-01
6.0300e+03,6.7253e-01,8.2295e-01,2.0001e+01,6.7671e-01,1.5001e-01
6.0400e+03,6.7181e-01,8.2240e-01,2.0001e+01,6.7726e-01,1.5017e-01
6.0500e+03,6.7109e-01,8.2185e-01,2.0001e+01,6.7781e-01,1.5034e-01
6.0600e+03,6.7038e-01,8.2130e-01,2.0001e+01,6.7836e-01,1.5051e-01
6.0700e+03,6.6966e-01,8.2075e-01,2.0001e+01,6.7891e-01,1.5068e-01
6.0800e+03,6.6895e-01,8.2020e-01,2.0001e+01,6.7946e-01,1.5084e-01
6.0900e+03,6.6823e-01,8.1965e-01,2.0001e+01,6.8001e-01,1.5101e-01
6.1000e+03,6.6752e-01,8.1911e-01,2.0001e+01,6.8055e-01,1.5118e-01
6.1100e+03,6.6681e-01,8.1856e-01,2.0001e+01,6.8110e-01,1.5134e-01
6.1200e+03,6.6610e-01,8.1802e-01,2.0001e+01,6.8164e-01,1.5151e-01
6.1300e+03,6.6539e-01,8.1747e-01,2.0001e+01,6.8218e-01,1.5167e-01
6.1400e+03,6.6468e-01,8.1693e-01,2.0001e+01,6.8273e-01,1.5184e-01
6.1500e+03,6.6398e-01,8.1639e-01,2.0001e+01,6.8327e-01,1.5201e-01
6.1600e+03,6.6327e-01,8.1585e-01,2.0001e+01,6.8381e-01,1.5217e-01
6.1700e+03,6.6257e-01,8.1531e-01,2.0001e+01,6.8435e-01,1.5234e-01
6.1800e+03,6.6186e-01,8.1477e-01,2.0001e+01,6.8489e-01,1.5250e-01
6.1900e+03,6.6116e-01,8.1423e-01,2.0001e+01,6.8542e-01,1.5267e-01
6.2000e+03,6.6046e-01,8.1370e-01,2.0001e+01,6.8596e-01,1.5283e-01
6.2100e+03,6.5976e-01,8.1316e-01,2.0001e+01,6.8649e-01,1.5300e-01
6.2200e+03,6.5906e-01,8.1263e-01,2.0001e+01,6.8703e-01,1.5316e-01
6.2300e+03,6.5836e-01,8.1209e-01,2.0001e+01,6.8756e-01,1.5332e-01
6.2400e+03,6.5767e-01,8.1156e-01,2.0001e+01,6.8810e-01,1.5349e-01
6.2500e+03,6.5697e-01,8.1103e-01,2.0001e+01,6.8863e-01,1.5365e-01
6.2600e+03,6.5628e-01,8.1050e-01,2.0001e+01,6.8916e-01,1.5382e-01
6.2700e+03,6.5558e-01,8.0997e-01,2.0001e+01,6.8969e-01,1.5398e-01
6.2800e+03,6.5489e-01,8.0944e-01,2.0001e+01,6.9022e-01,1.5414e-01
6.2900e+03,6.5420e-01,8.0891e-01,2.0001e+01,6.9075e-01,1.5431e-01
6.3000e+03,6.5351e-01,8.0838e-01,2.0001e+01,6.9127e-01,1.5447e-01
6.3100e+03,6.5282e-01,8.0785e-01,2.0001e+01,6.9180e-01,1.5463e-01
6.3200e+03,6.5213e-01,8.0733e-01,2.0001e+01,6.9233e-01,1.5480e-01
6.3300e+03,6.5144e-01,8.0680e-01,2.0001e+01,6.9285e-01,1.5496e-01
6.3400e+03,6.5076e-01,8.0628e-01,2.0001e+01,6.9337e-01,1.5512e-01
6.3500e+03,6.5007e-01,8.0576e-01,2.0001e+01,6.9390e-01,1.5528e-01
6.3600e+03,6.4939e-01,8.0523e-01,2.0001e+01,6.9442e-01,1.5544e-01
6.3700e+03,6.4870e-01,8.0471e-01,2.0001e+01,6.9494e-01,1.5561e-01
6.3800e+03,6.4802e-01,8.0419e-01,2.0001e+01,6.9546e-01,1.5577e-01
6.3900e+03,6.4734e-01,8.0367e-01,2.0001e+01,6.9598e-01,1.5593e-01
6.4000e+03,6.4666e-01,8.0315e-01,2.0001e+01,6.9650e-01,1.5609e-01
6.4100e+03,6.4598e-01,8.0264e-01,2.0001e+01,6.9702e-01,1.5625e-01
6.4200e+03,6.4531e-01,8.0212e-01,2.0001e+01,6.9753e-01,1.5641e-01
6.4300e+03,6.4463e-01,8.0160e-01,2.0001e+01,6.9805e-01,1.5657e-01
6.4400e+03,6.4395e-01,8.0109e-01,2.0001e+01,6.9856e-01,1.5673e-01
6.4500e+03,6.4328e-01,8.0057e-01,2.0001e+01,6.9908e-01,1.5689e-01
6.4600e+03,6.4261e-01,8.0006e-01,2.0001e+01,6.9959e-01,1.5705e-01
6.4700e+03,6.4193e-01,7.9955e-01,2.0001e+01,7.0010e-01,1.5721e-01
6.4800e+03,6.4126e-01,7.9904e-01,2.0001e+01,7.0061e-01,1.5737e-01
6.4900e+03,6.4059e-01,7.9852e-01,2.0001e+01,7.0112e-01,1.5753e-01
6.5000e+03,6.3992e-01,7.9801e-01,2.0001e+01,7.0163e-01,1.5769e-01
6.5100e+03,6.3925e-01,7.9751e-01,2.0001e+01,7.0214e-01,1.5785e-01
6.5200e+03,6.3859e-01,7.9700e-01,2.0001e+01,7.0265e-01,1.5801e-01
6.5300e+03,6.3792e-01,7.9649e-01,2.0001e+01,7.0316e-01,1.5817e-01
6.5400e+03,6.3725e-01,7.9598e-01,2.0001e+01,7.0366e-01,1.5833e-01
6.5500e+03,6.3659e-01,7.9548e-01,2.0001e+01,7.0417e-01,1.5849e-01
6.5600e+03,6.3593e-01,7.9497e-01,2.0001e+01,7.0467e-01,1.5865e-01
6.5700e+03,6.3526e-01,7.9447e-01,2.0001e+01,7.0518e-01,1.5881e-01
6.5800e+03,6.3460e-01,7.9396e-01,2.0001e+01,7.0568e-01,1.5897e-01
6.5900e+03,6.3394e-01,7.9346e-01,2.0001e+01,7.0618e-01,1.5912e-01
6.6000e+03,6.3328e-01,7.9296e-01,2.0001e+01,7.0669e-01,1.5928e-01
6.6100e+03,6.3263e-01,7.9246e-01,2.0001e+01,7.0719e-01,1.5944e-01
6.6200e+03,6.3197e-01,7.9196e-01,2.0001e+01,7.0769e-01,1.5960e-01
6.6300e+03,6.3131e-01,7.9146e-01,2.0001e+01,7.0818e-01,1.5975e-01
6.6400e+03,6.3066e-01,7.9096e-01,2.0001e+01,7.0868e-01,1.5991e-01
6.6500e+03,6.3000e-01,7.9047e-01,2.0001e+01,7.0918e-01,1.6007e-01
6.6600e+03,6.2935e-01,7.8997e-01,2.0001e+01,7.0968e-01,1.6023e-01
6.6700e+03,6.2870e-01,7.8947e-01,2.0001e+01,7.1017e-01,1.6038e-01
6.6800e+03,6.2805e-01,7.8898e-01,2.0001e+01,7.1067e-01,1.6054e-01
6.6900e+03,6.2740e-01,7.8848e-01,2.0001e+01,7.1116e-01,1.6070e-01
6.7000e+03,6.2675e-01,7.8799e-01,2.0001e+01,7.1165e-01,1.6085e-01
6.7100e+03,6.2610e-01,7.8750e-01,2.0001e+01,7.1214e-01,1.6101e-01
6.7200e+03,6.2545e-01,7.8701e-01,2.0001e+01,7.1264e-01,1.6116e-01
6.7300e+03,6.2480e-01,7.8652e-01,2.0001e+01,7.1313e-01,1.6132e-01
6.7400e+03,6.2416e-01,7.8603e-01,2.0001e+01,7.1362e-01,1.6148e-01
6.7500e+03,6.2351e-01,7.8554e-01,2.0001e+01,7.1410e-01,1.6163e-01
6.7600e+03,6.2287e-01,7.8505e-01,2.0001e+01,7.1459e-01,1.6179e-01
6.7700e+03,6.2223e-01,7.8456e-01,2.0001e+01,7.1508e-01,1.6194e-01
6.7800e+03,6.2159e-01,7.8407e-01,2.0001e+01,7.1557e-01,1.6210e-01
6.7900e+03,6.2095e-01,7.8359e-01,2.0001e+01,7.1605e-01,1.6225e-01
6.8000e+03,6.2031e-01,7.8310e-01,2.0001e+01,7.1654e-01,1.6241e-01
6.8100e+03,6.1967e-01,7.8262e-01,2.0001e+01,7.1702e-01,1.6256e-01
6.8200e+03,6.1903e-01,7.8214e-01,2.0001e+01,7.1750e-01,1.6272e-01
6.8300e+03,6.1839e-01,7.8165e-01,2.0001e+01,7.1799e-01,1.6287e-01
6.8400e+03,6.1776e-01,7.8117e-01,2.0001e+01,7.1847e-01,1.6302e-01
6.8500e+03,6.1712e-01,7.8069e-01,2.0001e+01,7.1895e-01,1.6318e-01
6.8600e+03,6.1649e-01,7.8021e-01,2.0001e+01,7.1943e-01,1.6333e-01
6.8700e+03,6.1585e-01,7.7973e-01,2.0001e+01,7.1991e-01,1.6349e-01
6.8800e+03,6.1522e-01,7.7925e-01,2.0001e+01,7.2039e-01,1.6364e-01
6.8900e+03,6.1459e-01,7.7877e-01,2.0001e+01,7.2087e-01,1.6379e-01
6.9000e+03,6.1396e-01,7.7830e-01,2.0001e+01,7.2134e-01,1.6395e-01
6.9100e+03,6.1333e-01,7.7782e-01,2.0001e+01,7.2182e-01,1.6410e-01
6.9200e+03,6.1270e-01,7.7734e-01,2.0001e+01,7.2229e-01,1.6425e-01
6.9300e+03,6.1208e-01,7.7687e-01,2.0001e+01,7.2277e-01,1.6440e-01
6.9400e+03,6.1145e-01,7.7639e-01,2.0001e+01,7.2324e-01,1.6456e-01
6.9500e+03,6.1082e-01,7.7592e-01,2.0001e+01,7.2372e-01,1.6471e-01
6.9600e+03,6.1020e-01,7.7545e-01,2.0001e+01,7.2419e-01,1.6486e-01
6.9700e+03,6.0958e-01,7.7498e-01,2.0001e+01,7.2466e-01,1.6501e-01
6.9800e+03,6.0895e-01,7.7451e-01,2.0001e+01,7.2513e-01,1.6517e-01
6.9900e+03,6.0833e-01,7.7404e-01,2.0001e+01,7.2560e-01,1.6532e-01
7.0000e+03,6.0771e-01,7.7357e-01,2.0001e+01,7.2607e-01,1.6547e-01
7.0100e+03,6.0709e-01,7.7310e-01,2.0001e+01,7.2654e-01,1.6562e-01
7.0200e+03,6.0647e-01,7.7263e-01,2.0001e+01,7.2701e-01,1.6577e-01
7.0300e+03,6.0585e-01,7.7216e-01,2.0001e+01,7.2747e-01,1.6592e-01
7.0400e+03,6.0524e-01,7.7170e-01,2.0001e+01,7.2794e-01,1.6607e-01
7.0500e+03,6.0462e-01,7.7123e-01,2.0001e+01,7.2841e-01,1.6623e-01
7.0600e+03,6.0400e-01,7.7077e-01,2.0001e+01,7.2887e-01,1.6638e-01
7.0700e+03,6.0339e-01,7.7030e-01,2.0001e+01,7.2933e-01,1.6653e-01
7.0800e+03,6.0278e-01,7.6984e-01,2.0001e+01,7.2980e-01,1.6668e-01
7.0900e+03,6.0216e-01,7.6937e-01,2.0001e+01,7.3026e-01,1.6683e-01
7.1000e+03,6.0155e-01,7.6891e-01,2.0001e+01,7.3072e-01,1.6698e-01
7.1100e+03,6.0094e-01,7.6845e-01,2.0001e+01,7.3118e-01,1.6713e-01
7.1200e+03,6.0033e-01,7.6799e-01,2.0001e+01,7.3164e-01,1.6728e-01
7.1300e+03,5.9972e-01,7.6753e-01,2.0001e+01,7.3210e-01,1.6743e-01
7.1400e+03,5.9911e-01,7.6707e-01,2.0001e+01,7.3256e-01,1.6758e-01
7.1500e+03,5.9851e-01,7.6661e-01,2.0001e+01,7.3302e-01,1.6773e-01
7.1600e+03,5.9790e-01,7.6616e-01,2.0001e+01,7.3348e-01,1.6787e-01
7.1700e+03,5.9729e-01,7.6570e-01,2.0001e+01,7.3393e-01,1.6802e-01
7.1800e+03,5.9669e-01,7.6524e-01,2.0001e+01,7.3439e-01,1.6817e-01
7.1900e+03,5.9609e-01,7.6479e-01,2.0001e+01,7.3484e-01,1.6832e-01
7.2000e+03,5.9548e-01,7.6433e-01,2.0001e+01,7.3530e-01,1.6847e-01
7.2100e+03,5.9488e-01,7.6388e-01,2.0001e+01,7.3575e-01,1.6862e-01
7.2200e+03,5.9428e-01,7.6343e-01,2.0001e+01,7.3620e-01,1.6877e-01
7.2300e+03,5.9368e-01,7.6297e-01,2.0001e+01,7.3666e-01,1.6891e-01
7.2400e+03,5.9308e-01,7.6252e-01,2.0001e+01,7.3711e-01,1.6906e-01
7.2500e+03,5.9248e-01,7.6207e-01,2.0001e+01,7.3756e-01,1.6921e-01
7.2600e+03,5.9188e-01,7.6162e-01,2.0001e+01,7.3801e-01,1.6936e-01
7.2700e+03,5.9129e-01,7.6117e-01,2.0001e+01,7.3846e-01,1.6951e-01
7.2800e+03,5.9069e-01,7.6072e-01,2.0001e+01,7.3891e-01,1.6965e-01
7.2900e+03,5.9010e-01,7.6028e-01,2.0001e+01,7.3935e-01,1.6980e-01
7.3000e+03,5.8950e-01,7.5983e-01,2.0001e+01,7.3980e-01,1.6995e-01
7.3100e+03,5.8891e-01,7.5938e-01,2.0001e+01,7.4025e-01,1.7009e-01
7.3200e+03,5.8832e-01,7.5894e-01,2.0001e+01,7.4069e-01,1.7024e-01
7.3300e+03,5.8772e-01,7.5849e-01,2.0001e+01,7.4114e-01,1.7039e-01
7.3400e+03,5.8713e-01,7.5805e-01,2.0001e+01,7.4158e-01,1.7053e-01
7.3500e+03,5.8654e-01,7.5760e-01,2.0001e+01,7.4203e-01,1.7068e-01
7.3600e+03,5.8595e-01,7.5716e-01,2.0001e+01,7.4247e-01,1.7083e-01
7.3700e+03,5.8537e-01,7.5672e-01,2.0001e+01,7.4291e-01,1.7097e-01
7.3800e+03,5.8478e-01,7.5627e-01,2.0001e+01,7.4335e-01,1.7112e-01
7.3900e+03,5.8419e-01,7.5583e-01,2.0001e+01,7.4379e-01,1.7126e-01
7.4000e+03,5.8361e-01,7.5539e-01,2.0001e+01,7.4423e-01,1.7141e-01
7.4100e+03,5.8302e-01,7.5495e-01,2.0001e+01,7.4467e-01,1.7155e-01
7.4200e+03,5.8244e-01,7.5451e-01,2.0001e+01,7.4511e-01,1.7170e-01
7.4300e+03,5.8185e-01,7.5408e-01,2.0001e+01,7.4555e-01,1.7185e-01
7.4400e+03,5.8127e-01,7.5364e-01,2.0001e+01,7.4599e-01,1.7199e-01
7.4500e+03,5.8069e-01,7.5320e-01,2.0001e+01,7.4642e-01,1.7214e-01
7.4600e+03,5.8011e-01,7.5277e-01,2.0001e+01,7.4686e-01,1.7228e-01
7.4700e+03,5.7953e-01,7.5233e-01,2.0001e+01,7.4730e-01,1.7242e-01
7.4800e+03,5.7895e-01,7.5190e-01,2.0001e+01,7.4773e-01,1.7257e-01
7.4900e+03,5.7837e-01,7.5146e-01,2.0001e+01,7.4816e-01,1.7271e-01
7.5000e+03,5.7780e-01,7.5103e-01,2.0001e+01,7.4860e-01,1.7286e-01
7.5100e+03,5.7722e-01,7.5060e-01,2.0001e+01,7.4903e-01,1.7300e-01
7.5200e+03,5.7664e-01,7.5016e-01,2.0001e+01,7.4946e-01,1.7315e-01
7.5300e+03,5.7607e-01,7.4973e-01,2.0001e+01,7.4989e-01,1.7329e-01
7.5400e+03,5.7550e-01,7.4930e-01,2.0001e+01,7.5032e-01,1.7343e-01
7.5500e+03,5.7492e-01,7.4887e-01,2.0001e+01,7.5075e-01,1.7358e-01
7.5600e+03,5.7435e-01,7.4844e-01,2.0001e+01,7.5118e-01,1.7372e-01
7.5700e+03,5.7378e-01,7.4801e-01,2.0001e+01,7.5161e-01,1.7386e-01
7.5800e+03,5.7321e-01,7.4759e-01,2.0001e+01,7.5204e-01,1.7401e-01
7.5900e+03,5.7264e-01,7.4716e-01,2.0001e+01,7.5246e-01,1.7415e-01
7.6000e+03,5.7207e-01,7.4673e-01,2.0001e+01,7.5289e-01,1.7429e-01
7.6100e+03,5.7150e-01,7.4631e-01,2.0001e+01,7.5332e-01,1.7443e-01
7.6200e+03,5.7093e-01,7.4588e-01,2.0001e+01,7.5374e-01,1.7458e-01
7.6300e+03,5.7037e-01,7.4546e-01,2.0001e+01,7.5417e-01,1.7472e-01
7.6400e+03,5.6980e-01,7.4503e-01,2.0001e+01,7.5459e-01,1.7486e-01
7.6500e+03,5.6923e-01,7.4461e-01,2.0001e+01,7.5501e-01,1.7500e-01
7.6600e+03,5.6867e-01,7.4419e-01,2.0001e+01,7.5544e-01,1.7514e-01
7.6700e+03,5.6811e-01,7.4376e-01,2.0001e+01,7.5586e-01,1.7529e-01
7.6800e+03,5.6754e-01,7.4334e-01,2.0001e+01,7.5628e-01,1.7543e-01
7.6900e+03,5.6698e-01,7.4292e-01,2.0001e+01,7.5670e-01,1.7557e-01
7.7000e+03,5.6642e-01,7.4250e-01,2.0001e+01,7.5712e-01,1.7571e-01
7.7100e+03,5.6586e-01,7.4208e-01,2.0001e+01,7.5754e-01,1.7585e-01
7.7200e+03,5.6530e-01,7.4166e-01,2.0001e+01,7.5796e-01,1.7599e-01
7.7300e+03,5.6474e-01,7.4125e-01,2.0001e+01,7.5837e-01,1.7613e-01
7.7400e+03,5.6418e-01,7.4083e-01,2.0001e+01,7.5879e-01,1.7627e-01
7.7500e+03,5.6363e-01,7.4041e-01,2.0001e+01,7.5921e-01,1.7642e-01
7.7600e+03,5.6307e-01,7.4000e-01,2.0001e+01,7.5962e-01,1.7656e-01
7.7700e+03,5.6251e-01,7.3958e-01,2.0001e+01,7.6004e-01,1.7670e-01
7.7800e+03,5.6196e-01,7.3916e-01,2.0001e+01,7.6045e-01,1.7684e-01
7.7900e+03,5.6141e-01,7.3875e-01,2.0001e+01,7.6087e-01,1.7698e-01
7.8000e+03,5.6085e-01,7.3834e-01,2.0001e+01,7.6128e-01,1.7712e-01
7.8100e+03,5.6030e-01,7.3792e-01,2.0001e+01,7.6169e-01,1.7726e-01
7.8200e+03,5.5975e-01,7.3751e-01,2.0001e+01,7.6211e-01,1.7740e-01
7.8300e+03,5.5920e-01,7.3710e-01,2.0001e+01,7.6252e-01,1.7754e-01
7.8400e+03,5.5865e-01,7.3669e-01,2.0001e+01,7.6293e-01,1.7767e-01
7.8500e+03,5.5810e-01,7.3628e-01,2.0001e+01,7.6334e-01,1.7781e-01
7.8600e+03,5.5755e-01,7.3587e-01,2.0001e+01,7.6375e-01,1.7795e-01
7.8700e+03,5.5700e-01,7.3546e-01,2.0001e+01,7.6416e-01,1.7809e-01
7.8800e+03,5.5645e-01,7.3505e-01,2.0001e+01,7.6457e-01,1.7823e-01
7.8900e+03,5.5591e-01,7.3464e-01,2.0001e+01,7.6497e-01,1.7837e-01
7.9000e+03,5.5536e-01,7.3424e-01,2.0001e+01,7.6538e-01,1.7851e-01
7.9100e+03,5.5482e-01,7.3383e-01,2.0001e+01,7.6579e-01,1.7865e-01
7.9200e+03,5.5427e-01,7.3342e-01,2.0001e+01,7.6619e-01,1.7878e-01
7.9300e+03,5.5373e-01,7.3302e-01,2.0001e+01,7.6660e-01,1.7892e-01
7.9400e+03,5.5319e-01,7.3261e-01,2.0001e+01,7.6700e-01,1.7906e-01
7.9500e+03,5.5264e-01,7.3221e-01,2.0001e+01,7.6741e-01,1.7920e-01
7.9600e+03,5.5210e-01,7.3181e-01,2.0001e+01,7.6781e-01,1.7934e-01
7.9700e+03,5.5156e-01,7.3140e-01,2.0001e+01,7.6821e-01,1.7947e-01
7.9800e+03,5.5102e-01,7.3100e-01,2.0001e+01,7.6862e-01,1.7961e-01
7.9900e+03,5.5048e-01,7.3060e-01,2.0001e+01,7.6902e-01,1.7975e-01
8.0000e+03,5.4995e-01,7.3020e-01,2.0001e+01,7.6942e-01,1.7989e-01
8.0100e+03,5.4941e-01,7.2980e-01,2.0001e+01,7.6982e-01,1.8002e-01
8.0200e+03,5.4887e-01,7.2940e-01,2.0001e+01,7.7022e-01,1.8016e-01
8.0300e+03,5.4834e-01,7.2900e-01,2.0001e+01,7.7062e-01,1.8030e-01
8.0400e+03,5.4780e-01,7.2860e-01,2.0001e+01,7.7101e-01,1.8043e-01
8.0500e+03,5.4727e-01,7.2820e-01,2.0001e+01,7.7141e-01,1.8057e-01
8.0600e+03,5.4673e-01,7.2780e-01,2.0001e+01,7.7181e-01,1.8071e-01
8.0700e+03,5.4620e-01,7.2741e-01,2.0001e+01,7.7221e-01,1.8084e-01
8.0800e+03,5.4567e-01,7.2701e-01,2.0001e+01,7.7260e-01,1.8098e-01
8.0900e+03,5.4514e-01,7.2662e-01,2.0001e+01,7.7300e-01,1.8112e-01
8.1000e+03,5.4461e-01,7.2622e-01,2.0001e+01,7.7339e-01,1.8125e-01
8.1100e+03,5.4408e-01,7.2583e-01,2.0001e+01,7.7379e-01,1.8139e-01
8.1200e+03,5.4355e-01,7.2543e-01,2.0001e+01,7.7418e-01,1.8152e-01
8.1300e+03,5.4302e-01,7.2504e-01,2.0001e+01,7.7457e-01,1.8166e-01
8.1400e+03,5.4249e-01,7.2465e-01,2.0001e+01,7.7497e-01,1.8179e-01
8.1500e+03,5.4196e-01,7.2425e-01,2.0001e+01,7.7536e-01,1.8193e-01
8.1600e+03,5.4144e-01,7.2386e-01,2.0001e+01,7.7575e-01,1.8206e-01
8.1700e+03,5.4091e-01,7.2347e-01,2.0001e+01,7.7614e-01,1.8220e-01
8.1800e+03,5.4039e-01,7.2308e-01,2.0001e+01,7.7653e-01,1.8233e-01
8.1900e+03,5.3986e-01,7.2269e-01,2.0001e+01,7.7692e-01,1.8247e-01
8.2000e+03,5.3934e-01,7.2230e-01,2.0001e+01,7.7731e-01,1.8260e-01
8.2100e+03,5.3882e-01,7.2191e-01,2.0001e+01,7.7770e-01,1.8274e-01
8.2200e+03,5.3829e-01,7.2153e-01,2.0001e+01,7.7808e-01,1.8287e-01
8.2300e+03,5.3777e-01,7.2114e-01,2.0001e+01,7.7847e-01,1.8301e-01
8.2400e+03,5.3725e-01,7.2075e-01,2.0001e+01,7.7886e-01,1.8314e-01
8.2500e+03,5.3673e-01,7.2037e-01,2.0001e+01,7.7924e-01,1.8327e-01
8.2600e+03,5.3621e-01,7.1998e-01,2.0001e+01,7.7963e-01,1.8341e-01
8.2700e+03,5.3570e-01,7.1960e-01,2.0001e+01,7.8001e-01,1.8354e-01
8.2800e+03,5.3518e-01,7.1921e-01,2.0001e+01,7.8040e-01,1.8367e-01
8.2900e+03,5.3466e-01,7.1883e-01,2.0001e+01,7.8078e-01,1.8381e-01
8.3000e+03,5.3414e-01,7.1844e-01,2.0001e+01,7.8117e-01,1.8394e-01
8.3100e+03,5.3363e-01,7.1806e-01,2.0001e+01,7.8155e-01,1.8407e-01
8.3200e+03,5.3311e-01,7.1768e-01,2.0001e+01,7.8193e-01,1.8421e-01
8.3300e+03,5.3260e-01,7.1730e-01,2.0001e+01,7.8231e-01,1.8434e-01
8.3400e+03,5.3209e-01,7.1692e-01,2.0001e+01,7.8269e-01,1.8447e-01
8.3500e+03,5.3157e-01,7.1654e-01,2.0001e+01,7.8307e-01,1.8461e-01
8.3600e+03,5.3106e-01,7.1616e-01,2.0001e+01,7.8345e-01,1.8474e-01
8.3700e+03,5.3055e-01,7.1578e-01,2.0001e+01,7.8383e-01,1.8487e-01
8.3800e+03,5.3004e-01,7.1540e-01,2.0001e+01,7.8421e-01,1.8500e-01
8.3900e+03,5.2953e-01,7.1502e-01,2.0001e+01,7.8459e-01,1.8513e-01
8.4000e+03,5.2902e-01,7.1464e-01,2.0001e+01,7.8496e-01,1.8527e-01
8.4100e+03,5.2851e-01,7.1427e-01,2.0001e+01,7.8534e-01,1.8540e-01
8.4200e+03,5.2800e-01,7.1389e-01,2.0001e+01,7.8572e-01,1.8553e-01
8.4300e+03,5.2749e-01,7.1351e-01,2.0001e+01,7.8609e-01,1.8566e-01
8.4400e+03,5.2699e-01,7.1314e-01,2.0001e+01,7.8647e-01,1.8579e-01
8.4500e+03,5.2648e-01,7.1276e-01,2.0001e+01,7.8684e-01,1.8592e-01
8.4600e+03,5.2598e-01,7.1239e-01,2.0001e+01,7.8722e-01,1.8606e-01
8.4700e+03,5.2547e-01,7.1201e-01,2.0001e+01,7.8759e-01,1.8619e-01
8.4800e+03,5.2497e-01,7.1164e-01,2.0001e+01,7.8796e-01,1.8632e-01
8.4900e+03,5.2447e-01,7.1127e-01,2.0001e+01,7.8834e-01,1.8645e-01
8.5000e+03,5.2396e-01,7.1090e-01,2.0001e+01,7.8871e-01,1.8658e-01
8.5100e+03,5.2346e-01,7.1053e-01,2.0001e+01,7.8908e-01,1.8671e-01
8.5200e+03,5.2296e-01,7.1015e-01,2.0001e+01,7.8945e-01,1.8684e-01
8.5300e+03,5.2246e-01,7.0978e-01,2.0001e+01,7.8982e-01,1.8697e-01
8.5400e+03,5.2196e-01,7.0941e-01,2.0001e+01,7.9019e-01,1.8710e-01
8.5500e+03,5.2146e-01,7.0905e-01,2.0001e+01,7.9056e-01,1.8723e-01
8.5600e+03,5.2096e-01,7.0868e-01,2.0001e+01,7.9093e-01,1.8736e-01
8.5700e+03,5.2046e-01,7.0831e-01,2.0001e+01,7.9130e-01,1.8749e-01
8.5800e+03,5.1997e-01,7.0794e-01,2.0001e+01,7.9166e-01,1.8762e-01
8.5900e+03,5.1947e-01,7.0757e-01,2.0001e+01,7.9203e-01,1.8775e-01
8.6000e+03,5.1897e-01,7.0721e-01,2.0001e+01,7.9240e-01,1.8788e-01
8.6100e+03,5.1848e-01,7.0684e-01,2.0001e+01,7.9276e-01,1.8801e-01
8.6200e+03,5.1798e-01,7.0648e-01,2.0001e+01,7.9313e-01,1.8814e-01
8.6300e+03,5.1749e-01,7.0611e-01,2.0001e+01,7.9349e-01,1.8827e-01
8.6400e+03,5.1700e-01,7.0575e-01,2.0001e+01,7.9386e-01,1.8840e-01
8.6500e+03,5.1650e-01,7.0538e-01,2.0001e+01,7.9422e-01,1.8853e-01
8.6600e+03,5.1601e-01,7.0502e-01,2.0001e+01,7.9458e-01,1.8865e-01
8.6700e+03,5.1552e-01,7.0466e-01,2.0001e+01,7.9495e-01,1.8878e-01
8.6800e+03,5.1503e-01,7.0429e-01,2.0001e+01,7.9531e-01,1.8891e-01
8.6900e+03,5.1454e-01,7.0393e-01,2.0001e+01,7.9567e-01,1.8904e-01
8.7000e+03,5.1405e-01,7.0357e-01,2.0001e+01,7.9603e-01,1.8917e-01
8.7100e+03,5.1356e-01,7.0321e-01,2.0001e+01,7.9639e-01,1.8930e-01
8.7200e+03,5.1307e-01,7.0285e-01,2.0001e+01,7.9675e-01,1.8942e-01
8.7300e+03,5.1259e-01,7.0249e-01,2.0001e+01,7.9711e-01,1.8955e-01
8.7400e+03,5.1210e-01,7.0213e-01,2.0001e+01,7.9747e-01,1.8968e-01
8.7500e+03,5.1161e-01,7.0177e-01,2.0001e+01,7.9783e-01,1.8981e-01
8.7600e+03,5.1113e-01,7.0141e-01,2.0001e+01,7.9819e-01,1.8994e-01
8.7700e+03,5.1064e-01,7.0106e-01,2.0001e+01,7.9854e-01,1.9006e-01
8.7800e+03,5.1016e-01,7.0070e-01,2.0001e+01,7.9890e-01,1.9019e-01
8.7900e+03,5.0968e-01,7.0034e-01,2.0001e+01,7.9926e-01,1.9032e-01
8.8000e+03,5.0919e-01,6.9999e-01,2.0001e+01,7.9961e-01,1.9044e-01
8.8100e+03,5.0871e-01,6.9963e-01,2.0001e+01,7.9997e-01,1.9057e-01
8.8200e+03,5.0823e-01,6.9928e-01,2.0001e+01,8.0032e-01,1.9070e-01
8.8300e+03,5.0775e-01,6.9892e-01,2.0001e+01,8.0068e-01,1.9082e-01
8.8400e+03,5.0727e-01,6.9857e-01,2.0001e+01,8.0103e-01,1.9095e-01
8.8500e+03,5.0679e-01,6.9821e-01,2.0001e+01,8.0138e-01,1.9108e-01
8.8600e+03,5.0631e-01,6.9786e-01,2.0001e+01,8.0174e-01,1.9120e-01
8.8700e+03,5.0583e-01,6.9751e-01,2.0001e+01,8.0209e-01,1.9133e-01
8.8800e+03,5.0535e-01,6.9716e-01,2.0001e+01,8.0244e-01,1.9146e-01
8.8900e+03,5.0488e-01,6.9681e-01,2.0001e+01,8.0279e-01,1.9158e-01
8.9000e+03,5.0440e-01,6.9646e-01,2.0001e+01,8.0314e-01,1.9171e-01
8.9100e+03,5.0392e-01,6.9611e-01,2.0001e+01,8.0349e-01,1.9183e-01
8.9200e+03,5.0345e-01,6.9576e-01,2.0001e+01,8.0384e-01,1.9196e-01
8.9300e+03,5.0297e-01,6.9541e-01,2.0001e+01,8.0419e-01,1.9208e-01
8.9400e+03,5.0250e-01,6.9506e-01,2.0001e+01,8.0454e-01,1.9221e-01
8.9500e+03,5.0203e-01,6.9471e-01,2.0001e+01,8.0489e-01,1.9234e-01
8.9600e+03,5.0155e-01,6.9436e-01,2.0001e+01,8.0524e-01,1.9246e-01
8.9700e+03,5.0108e-01,6.9401e-01,2.0001e+01,8.0558e-01,1.9259e-01
8.9800e+03,5.0061e-01,6.9367e-01,2.0001e+01,8.0593e-01,1.9271e-01
8.9900e+03,5.0014e-01,6.9332e-01,2.0001e+01,8.0628e-01,1.9284e-01
9.0000e+03,4.9967e-01,6.9297e-01,2.0001e+01,8.0662e-01,1.9296e-01
9.0100e+03,4.9920e-01,6.9263e-01,2.0001e+01,8.0697e-01,1.9308e-01
9.0200e+03,4.9873e-01,6.9228e-01,2.0001e+01,8.0731e-01,1.9321e-01
9.0300e+03,4.9826e-01,6.9194e-01,2.0001e+01,8.0766e-01,1.9333e-01
9.0400e+03,4.9779e-01,6.9160e-01,2.0001e+01,8.0800e-01,1.9346e-01
9.0500e+03,4.9733e-01,6.9125e-01,2.0001e+01,8.0834e-01,1.9358e-01
9.0600e+03,4.9686e-01,6.9091e-01,2.0001e+01,8.0869e-01,1.9371e-01
9.0700e+03,4.9639e-01,6.9057e-01,2.0001e+01,8.0903e-01,1.9383e-01
9.0800e+03,4.9593e-01,6.9023e-01,2.0001e+01,8.0937e-01,1.9395e-01
9.0900e+03,4.9546e-01,6.8988e-01,2.0001e+01,8.0971e-01,1.9408e-01
9.1000e+03,4.9500e-01,6.8954e-01,2.0001e+01,8.1005e-01,1.9420e-01
9.1100e+03,4.9453e-01,6.8920e-01,2.0001e+01,8.1039e-01,1.9432e-01
9.1200e+03,4.9407e-01,6.8886e-01,2.0001e+01,8.1073e-01,1.9445e-01
9.1300e+03,4.9361e-01,6.8852e-01,2.0001e+01,8.1107e-01,1.9457e-01
9.1400e+03,4.9315e-01,6.8818e-01,2.0001e+01,8.1141e-01,1.9469e-01
9.1500e+03,4.9269e-01,6.8785e-01,2.0001e+01,8.1175e-01,1.9482e-01
9.1600e+03,4.9223e-01,6.8751e-01,2.0001e+01,8.1209e-01,1.9494e-01
9.1700e+03,4.9177e-01,6.8717e-01,2.0001e+01,8.1242e-01,1.9506e-01
9.1800e+03,4.9131e-01,6.8683e-01,2.0001e+01,8.1276e-01,1.9518e-01
9.1900e+03,4.9085e-01,6.8650e-01,2.0001e+01,8.1310e-01,1.9531e-01
9.2000e+03,4.9039e-01,6.8616e-01,2.0001e+01,8.1343e-01,1.9543e-01
9.2100e+03,4.8993e-01,6.8583e-01,2.0001e+01,8.1377e-01,1.9555e-01
9.2200e+03,4.8947e-01,6.8549e-01,2.0001e+01,8.1410e-01,1.9567e-01
9.2300e+03,4.8902e-01,6.8516e-01,2.0001e+01,8.1444e-01,1.9580e-01
9.2400e+03,4.8856e-01,6.8482e-01,2.0001e+01,8.1477e-01,1.9592e-01
9.2500e+03,4.8811e-01,6.8449e-01,2.0001e+01,8.1510e-01,1.9604e-01
9.2600e+03,4.8765e-01,6.8415e-01,2.0001e+01,8.1544e-01,1.9616e-01
9.2700e+03,4.8720e-01,6.8382e-01,2.0001e+01,8.1577e-01,1.9628e-01
9.2800e+03,4.8674e-01,6.8349e-01,2.0001e+01,8.1610e-01,1.9640e-01
9.2900e+03,4.8629e-01,6.8316e-01,2.0001e+01,8.1643e-01,1.9653e-01
9.3000e+03,4.8584e-01,6.8283e-01,2.0001e+01,8.1677e-01,1.9665e-01
9.3100e+03,4.8539e-01,6.8250e-01,2.0001e+01,8.1710e-01,1.9677e-01
9.3200e+03,4.8494e-01,6.8216e-01,2.0001e+01,8.1743e-01,1.9689e-01
9.3300e+03,4.8448e-01,6.8183e-01,2.0001e+01,8.1776e-01,1.9701e-01
9.3400e+03,4.8403e-01,6.8151e-01,2.0001e+01,8.1809e-01,1.9713e-01
9.3500e+03,4.8359e-01,6.8118e-01,2.0001e+01,8.1841e-01,1.9725e-01
9.3600e+03,4.8314e-01,6.8085e-01,2.0001e+01,8.1874e-01,1.9737e-01
9.3700e+03,4.8269e-01,6.8052e-01,2.0001e+01,8.1907e-01,1.9749e-01
9.3800e+03,4.8224e-01,6.8019e-01,2.0001e+01,8.1940e-01,1.9761e-01
9.3900e+03,4.8179e-01,6.7986e-01,2.0001e+01,8.1973e-01,1.9773e-01
9.4000e+03,4.8135e-01,6.7954e-01,2.0001e+01,8.2005e-01,1.9785e-01
9.4100e+03,4.8090e-01,6.7921e-01,2.0001e+01,8.2038e-01,1.9797e-01
9.4200e+03,4.8045e-01,6.7889e-01,2.0001e+01,8.2070e-01,1.9809e-01
9.4300e+03,4.8001e-01,6.7856e-01,2.0001e+01,8.2103e-01,1.9821e-01
9.4400e+03,4.7957e-01,6.7824e-01,2.0001e+01,8.2135e-01,1.9833e-01
9.4500e+03,4.7912e-01,6.7791e-01,2.0001e+01,8.2168e-01,1.9845e-01
9.4600e+03,4.7868e-01,6.7759e-01,2.0001e+01,8.2200e-01,1.9857e-01
9.4700e+03,4.7824e-01,6.7726e-01,2.0001e+01,8.2232e-01,1.9869e-01
9.4800e+03,4.7779e-01,6.7694e-01,2.0001e+01,8.2265e-01,1.9881e-01
9.4900e+03,4.7735e-01,6.7662e-01,2.0001e+01,8.2297e-01,1.9893e-01
9.5000e+03,4.7691e-01,6.7630e-01,2.0001e+01,8.2329e-01,1.9905e-01
9.5100e+03,4.7647e-01,6.7597e-01,2.0001e+01,8.2361e-01,1.9917e-01
9.5200e+03,4.7603e-01,6.7565e-01,2.0001e+01,8.2393e-01,1.9929e-01
9.5300e+03,4.7559e-01,6.7533e-01,2.0001e+01,8.2426e-01,1.9940e-01
9.5400e+03,4.7515e-01,6.7501e-01,2.0001e+01,8.2458e-01,1.9952e-01
9.5500e+03,4.7471e-01,6.7469e-01,2.0001e+01,8.2490e-01,1.9964e-01
9.5600e+03,4.7428e-01,6.7437e-01,2.0001e+01,8.2521e-01,1.9976e-01
9.5700e+03,4.7384e-01,6.7405e-01,2.0001e+01,8.2553e-01,1.9988e-01
9.5800e+03,4.7340e-01,6.7374e-01,2.0001e+01,8.2585e-01,2.0000e-01
9.5900e+03,4.7297e-01,6.7342e-01,2.0001e+01,8.2617e-01,2.0011e-01
9.6000e+03,4.7253e-01,6.7310e-01,2.0001e+01,8.2649e-01,2.0023e-01
9.6100e+03,4.7210e-01,6.7278e-01,2.0001e+01,8.2680e-01,2.0035e-01
9.6200e+03,4.7166e-01,6.7247e-01,2.0001e+01,8.2712e-01,2.0047e-01
9.6300e+03,4.7123e-01,6.7215e-01,2.0001e+01,8.2744e-01,2.0058e-01
9.6400e+03,4.7080e-01,6.7183e-01,2.0001e+01,8.2775e-01,2.0070e-01
9.6500e+03,4.7036e-01,6.7152e-01,2.0001e+01,8.2807e-01,2.0082e-01
9.6600e+03,4.6993e-01,6.7120e-01,2.0001e+01,8.2838e-01,2.0094e-01
9.6700e+03,4.6950e-01,6.7089e-01,2.0001e+01,8.2870e-01,2.0105e-01
9.6800e+03,4.6907e-01,6.7057e-01,2.0001e+01,8.2901e-01,2.0117e-01
9.6900e+03,4.6864e-01,6.7026e-01,2.0001e+01,8.2933e-01,2.0129e-01
9.7000e+03,4.6821e-01,6.6995e-01,2.0001e+01,8.2964e-01,2.0140e-01
9.7100e+03,4.6778e-01,6.6963e-01,2.0001e+01,8.2995e-01,2.0152e-01
9.7200e+03,4.6735e-01,6.6932e-01,2.0001e+01,8.3026e-01,2.0164e-01
9.7300e+03,4.6692e-01,6.6901e-01,2.0001e+01,8.3058e-01,2.0175e-01
9.7400e+03,4.6649e-01,6.6870e-01,2.0001e+01,8.3089e-01,2.0187e-01
9.7500e+03,4.6607e-01,6.6839e-01,2.0001e+01,8.3120e-01,2.0199e-01
9.7600e+03,4.6564e-01,6.6808e-01,2.0001e+01,8.3151e-01,2.0210e-01
9.7700e+03,4.6521e-01,6.6777e-01,2.0001e+01,8.3182e-01,2.0222e-01
9.7800e+03,4.6479e-01,6.6746e-01,2.0001e+01,8.3213e-01,2.0234e-01
9.7900e+03,4.6436e-01,6.6715e-01,2.0001e+01,8.3244e-01,2.0245e-01
9.8000e+03,4.6394e-01,6.6684e-01,2.0001e+01,8.3275e-01,2.0257e-01
9.8100e+03,4.6351e-01,6.6653e-01,2.0001e+01,8.3305e-01,2.0268e-01
9.8200e+03,4.6309e-01,6.6622e-01,2.0001e+01,8.3336e-01,2.0280e-01
9.8300e+03,4.6267e-01,6.6591e-01,2.0001e+01,8.3367e-01,2.0291e-01
9.8400e+03,4.6224e-01,6.6561e-01,2.0001e+01,8.3398e-01,2.0303e-01
9.8500e+03,4.6182e-01,6.6530e-01,2.0001e+01,8.3428e-01,2.0314e-01
9.8600e+03,4.6140e-01,6.6499e-01,2.0001e+01,8.3459e-01,2.0326e-01
9.8700e+03,4.6098e-01,6.6469e-01,2.0001e+01,8.3490e-01,2.0337e-01
9.8800e+03,4.6056e-01,6.6438e-01,2.0001e+01,8.3520e-01,2.0349e-01
9.8900e+03,4.6014e-01,6.6408e-01,2.0001e+01,8.3551e-01,2.0360e-01
9.9000e+03,4.5972e-01,6.6377e-01,2.0001e+01,8.3581e-01,2.0372e-01
9.9100e+03,4.5930e-01,6.6347e-01,2.0001e+01,8.3612e-01,2.0383e-01
9.9200e+03,4.5888e-01,6.6316e-01,2.0001e+01,8.3642e-01,2.0395e-01
9.9300e+03,4.5847e-01,6.6286e-01,2.0001e+01,8.3672e-01,2.0406e-01
9.9400e+03,4.5805e-01,6.6256e-01,2.0001e+01,8.3703e-01,2.0418e-01
9.9500e+03,4.5763e-01,6.6225e-01,2.0001e+01,8.3733e-01,2.0429e-01
9.9600e+03,4.5722e-01,6.6195e-01,2.0001e+01,8.3763e-01,2.0440e-01
9.9700e+03,4.5680e-01,6.6165e-01,2.0001e+01,8.3793e-01,2.0452e-01
9.9800e+03,4.5638e-01,6.6135e-01,2.0001e+01,8.3823e-01,2.0463e-01
9.9900e+03,4.5597e-01,6.6105e-01,2.0001e+01,8.3853e-01,2.0475e-01
1.0000e+04,4.5556e-01,6.6075e-01,2.0001e+01,8.3883e-01,2.0486e-01
1.0010e+04,4.5514e-01,6.6045e-01,2.0001e+01,8.3913e-01,2.0497e-01
1.0020e+04,4.5473e-01,6.6015e-01,2.0001e+01,8.3943e-01,2.0509e-01
1.0030e+04,4.5432e-01,6.5985e-01,2.0001e+01,8.3973e-01,2.0520e-01
1.0040e+04,4.5390e-01,6.5955e-01,2.0001e+01,8.4003e-01,2.0531e-01
1.0050e+04,4.5349e-01,6.5925e-01,2.0001e+01,8.4033e-01,2.0543e-01
1.0060e+04,4.5308e-01,6.5895e-01,2.0001e+01,8.4063e-01,2.0554e-01
1.0070e+04,4.5267e-01,6.5865e-01,2.0001e+01,8.4093e-01,2.0565e-01
1.0080e+04,4.5226e-01,6.5835e-01,2.0001e+01,8.4122e-01,2.0577e-01
1.0090e+04,4.5185e-01,6.5806e-01,2.0001e+01,8.4152e-01,2.0588e-01
1.0100e+04,4.5144e-01,6.5776e-01,2.0001e+01,8.4182e-01,2.0599e-01
1.0110e+04,4.5103e-01,6.5747e-01,2.0001e+01,8.4211e-01,2.0610e-01
1.0120e+04,4.5062e-01,6.5717e-01,2.0001e+01,8.4241e-01,2.0622e-01
1.0130e+04,4.5022e-01,6.5687e-01,2.0001e+01,8.4270e-01,2.0633e-01
1.0140e+04,4.4981e-01,6.5658e-01,2.0001e+01,8.4300e-01,2.0644e-01
1.0150e+04,4.4940e-01,6.5628e-01,2.0001e+01,8.4329e-01,2.0655e-01
1.0160e+04,4.4900e-01,6.5599e-01,2.0001e+01,8.4359e-01,2.0667e-01
1.0170e+04,4.4859e-01,6.5570e-01,2.0001e+01,8.4388e-01,2.0678e-01
1.0180e+04,4.4819e-01,6.5540e-01,2.0001e+01,8.4417e-01,2.0689e-01
1.0190e+04,4.4778e-01,6.5511e-01,2.0001e+01,8.4447e-01,2.0700e-01
1.0200e+04,4.4738e-01,6.5482e-01,2.0001e+01,8.4476e-01,2.0711e-01
1.0210e+04,4.4697e-01,6.5453e-01,2.0001e+01,8.4505e-01,2.0722e-01
1.0220e+04,4.4657e-01,6.5423e-01,2.0001e+01,8.4534e-01,2.0734e-01
1.0230e+04,4.4617e-01,6.5394e-01,2.0001e+01,8.4564e-01,2.0745e-01
1.0240e+04,4.4577e-01,6.5365e-01,2.0001e+01,8.4593e-01,2.0756e-01
1.0250e+04,4.4537e-01,6.5336e-01,2.0001e+01,8.4622e-01,2.0767e-01
1.0260e+04,4.4496e-01,6.5307e-01,2.0001e+01,8.4651e-01,2.0778e-01
1.0270e+04,4.4456e-01,6.5278e-01,2.0001e+01,8.4680e-01,2.0789e-01
1.0280e+04,4.4416e-01,6.5249e-01,2.0001e+01,8.4709e-01,2.0800e-01
1.0290e+04,4.4376e-01,6.5220e-01,2.0001e+01,8.4737e-01,2.0811e-01
1.0300e+04,4.4336e-01,6.5191e-01,2.0001e+01,8.4766e-01,2.0822e-01
1.0310e+04,4.4297e-01,6.5162e-01,2.0001e+01,8.4795e-01,2.0833e-01
1.0320e+04,4.4257e-01,6.5134e-01,2.0001e+01,8.4824e-01,2.0844e-01
1.0330e+04,4.4217e-01,6.5105e-01,2.0001e+01,8.4853e-01,2.0855e-01
1.0340e+04,4.4177e-01,6.5076e-01,2.0001e+01,8.4881e-01,2.0866e-01
1.0350e+04,4.4138e-01,6.5048e-01,2.0001e+01,8.4910e-01,2.0877e-01
1.0360e+04,4.4098e-01,6.5019e-01,2.0001e+01,8.4939e-01,2.0888e-01
1.0370e+04,4.4058e-01,6.4990e-01,2.0001e+01,8.4967e-01,2.0899e-01
1.0380e+04,4.4019e-01,6.4962e-01,2.0001e+01,8.4996e-01,2.0910e-01
1.0390e+04,4.3979e-01,6.4933e-01,2.0001e+01,8.5024e-01,2.0921e-01
1.0400e+04,4.3940e-01,6.4905e-01,2.0001e+01,8.5053e-01,2.0932e-01
1.0410e+04,4.3901e-01,6.4876e-01,2.0001e+01,8.5081e-01,2.0943e-01
1.0420e+04,4.3861e-01,6.4848e-01,2.0001e+01,8.5110e-01,2.0954e-01
1.0430e+04,4.3822e-01,6.4819e-01,2.0001e+01,8.5138e-01,2.0965e-01
1.0440e+04,4.3783e-01,6.4791e-01,2.0001e+01,8.5166e-01,2.0976e-01
1.0450e+04,4.3743e-01,6.4763e-01,2.0001e+01,8.5195e-01,2.0987e-01
1.0460e+04,4.3704e-01,6.4735e-01,2.0001e+01,8.5223e-01,2.0998e-01
1.0470e+04,4.3665e-01,6.4706e-01,2.0001e+01,8.5251e-01,2.1009e-01
1.0480e+04,4.3626e-01,6.4678e-01,2.0001e+01,8.5279e-01,2.1020e-01
1.0490e+04,4.3587e-01,6.4650e-01,2.0001e+01,8.5307e-01,2.1031e-01
1.0500e+04,4.3548e-01,6.4622e-01,2.0001e+01,8.5335e-01,2.1041e-01
1.0510e+04,4.3509e-01,6.4594e-01,2.0001e+01,8.5363e-01,2.1052e-01
1.0520e+04,4.3470e-01,6.4566e-01,2.0001e+01,8.5391e-01,2.1063e-01
1.0530e+04,4.3432e-01,6.4538e-01,2.0001e+01,8.5419e-01,2.1074e-01
1.0540e+04,4.3393e-01,6.4510e-01,2.0001e+01,8.5447e-01,2.1085e-01
1.0550e+04,4.3354e-01,6.4482e-01,2.0001e+01,8.5475e-01,2.1096e-01
1.0560e+04,4.3315e-01,6.4454e-01,2.0001e+01,8.5503e-01,2.1106e-01
1.0570e+04,4.3277e-01,6.4426e-01,2.0001e+01,8.5531e-01,2.1117e-01
1.0580e+04,4.3238e-01,6.4398e-01,2.0001e+01,8.5559e-01,2.1128e-01
1.0590e+04,4.3200e-01,6.4371e-01,2.0001e+01,8.5587e-01,2.1139e-01
1.0600e+04,4.3161e-01,6.4343e-01,2.0001e+01,8.5614e-01,2.1150e-01
1.0610e+04,4.3123e-01,6.4315e-01,2.0001e+01,8.5642e-01,2.1160e-01
1.0620e+04,4.3084e-01,6.4288e-01,2.0001e+01,8.5670e-01,2.1171e-01
1.0630e+04,4.3046e-01,6.4260e-01,2.0001e+01,8.5697e-01,2.1182e-01
1.0640e+04,4.3008e-01,6.4232e-01,2.0001e+01,8.5725e-01,2.1193e-01
1.0650e+04,4.2969e-01,6.4205e-01,2.0001e+01,8.5752e-01,2.1203e-01
1.0660e+04,4.2931e-01,6.4177e-01,2.0001e+01,8.5780e-01,2.1214e-01
1.0670e+04,4.2893e-01,6.4150e-01,2.0001e+01,8.5807e-01,2.1225e-01
1.0680e+04,4.2855e-01,6.4122e-01,2.0001e+01,8.5835e-01,2.1235e-01
1.0690e+04,4.2817e-01,6.4095e-01,2.0001e+01,8.5862e-01,2.1246e-01
1.0700e+04,4.2779e-01,6.4067e-01,2.0001e+01,8.5890e-01,2.1257e-01
1.0710e+04,4.2741e-01,6.4040e-01,2.0001e+01,8.5917e-01,2.1267e-01
1.0720e+04,4.2703e-01,6.4013e-01,2.0001e+01,8.5944e-01,2.1278e-01
1.0730e+04,4.2665e-01,6.3986e-01,2.0001e+01,8.5971e-01,2.1289e-01
1.0740e+04,4.2627e-01,6.3958e-01,2.0001e+01,8.5999e-01,2.1299e-01
1.0750e+04,4.2589e-01,6.3931e-01,2.0001e+01,8.6026e-01,2.1310e-01
1.0760e+04,4.2551e-01,6.3904e-01,2.0001e+01,8.6053e-01,2.1321e-01
1.0770e+04,4.2514e-01,6.3877e-01,2.0001e+01,8.6080e-01,2.1331e-01
1.0780e+04,4.2476e-01,6.3850e-01,2.0001e+01,8.6107e-01,2.1342e-01
1.0790e+04,4.2438e-01,6.3823e-01,2.0001e+01,8.6134e-01,2.1352e-01
1.0800e+04,4.2401e-01,6.3796e-01,2.0001e+01,8.6161e-01,2.1363e-01
1.0810e+04,4.2363e-01,6.3769e-01,2.0001e+01,8.6188e-01,2.1374e-01
1.0820e+04,4.2326e-01,6.3742e-01,2.0001e+01,8.6215e-01,2.1384e-01
1.0830e+04,4.2288e-01,6.3715e-01,2.0001e+01,8.6242e-01,2.1395e-01
1.0840e+04,4.2251e-01,6.3688e-01,2.0001e+01,8.6269e-01,2.1405e-01
1.0850e+04,4.2214e-01,6.3661e-01,2.0001e+01,8.6296e-01,2.1416e-01
1.0860e+04,4.2176e-01,6.3634e-01,2.0001e+01,8.6322e-01,2.1426e-01
1.0870e+04,4.2139e-01,6.3608e-01,2.0001e+01,8.6349e-01,2.1437e-01
1.0880e+04,4.2102e-01,6.3581e-01,2.0001e+01,8.6376e-01,2.1447e-01
1.0890e+04,4.2065e-01,6.3554e-01,2.0001e+01,8.6403e-01,2.1458e-01
1.0900e+04,4.2027e-01,6.3527e-01,2.0001e+01,8.6429e-01,2.1468e-01
1.0910e+04,4.1990e-01,6.3501e-01,2.0001e+01,8.6456e-01,2.1479e-01
1.0920e+04,4.1953e-01,6.3474e-01,2.0001e+01,8.6483e-01,2.1489e-01
1.0930e+04,4.1916e-01,6.3448e-01,2.0001e+01,8.6509e-01,2.1500e-01
1.0940e+04,4.1879e-01,6.3421e-01,2.0001e+01,8.6536e-01,2.1510e-01
1.0950e+04,4.1842e-01,6.3395e-01,2.0001e+01,8.6562e-01,2.1521e-01
1.0960e+04,4.1805e-01,6.3368e-01,2.0001e+01,8.6589e-01,2.1531e-01
1.0970e+04,4.1769e-01,6.3342e-01,2.0001e+01,8.6615e-01,2.1541e-01
1.0980e+04,4.1732e-01,6.3315e-01,2.0001e+01,8.6641e-01,2.1552e-01
1.0990e+04,4.1695e-01,6.3289e-01,2.0001e+01,8.6668e-01,2.1562e-01
1.1000e+04,4.1658e-01,6.3263e-01,2.0001e+01,8.6694e-01,2.1573e-01
1.1010e+04,4.1622e-01,6.3236e-01,2.0001e+01,8.6720e-01,2.1583e-01
1.1020e+04,4.1585e-01,6.3210e-01,2.0001e+01,8.6746e-01,2.1593e-01
1.1030e+04,4.1549e-01,6.3184e-01,2.0001e+01,8.6773e-01,2.1604e-01
1.1040e+04,4.1512e-01,6.3158e-01,2.0001e+01,8.6799e-01,2.1614e-01
1.1050e+04,4.1475e-01,6.3132e-01,2.0001e+01,8.6825e-01,2.1625e-01
1.1060e+04,4.1439e-01,6.3105e-01,2.0001e+01,8.6851e-01,2.1635e-01
1.1070e+04,4.1403e-01,6.3079e-01,2.0001e+01,8.6877e-01,2.1645e-01
1.1080e+04,4.1366e-01,6.3053e-01,2.0001e+01,8.6903e-01,2.1656e-01
1.1090e+04,4.1330e-01,6.3027e-01,2.0001e+01,8.6929e-01,2.1666e-01
1.1100e+04,4.1294e-01,6.3001e-01,2.0001e+01,8.6955e-01,2.1676e-01
1.1110e+04,4.1257e-01,6.2975e-01,2.0001e+01,8.6981e-01,2.1686e-01
1.1120e+04,4.1221e-01,6.2949e-01,2.0001e+01,8.7007e-01,2.1697e-01
1.1130e+04,4.1185e-01,6.2924e-01,2.0001e+01,8.7033e-01,2.1707e-01
1.1140e+04,4.1149e-01,6.2898e-01,2.0001e+01,8.7059e-01,2.1717e-01
1.1150e+04,4.1113e-01,6.2872e-01,2.0001e+01,8.7085e-01,2.1728e-01
1.1160e+04,4.1077e-01,6.2846e-01,2.0001e+01,8.7110e-01,2.1738e-01
1.1170e+04,4.1041e-01,6.2820e-01,2.0001e+01,8.7136e-01,2.1748e-01
1.1180e+04,4.1005e-01,6.2795e-01,2.0001e+01,8.7162e-01,2.1758e-01
1.1190e+04,4.0969e-01,6.2769e-01,2.0001e+01,8.7187e-01,2.1768e-01
1.1200e+04,4.0933e-01,6.2743e-01,2.0001e+01,8.7213e-01,2.1779e-01
1.1210e+04,4.0897e-01,6.2718e-01,2.0001e+01,8.7239e-01,2.1789e-01
1.1220e+04,4.0862e-01,6.2692e-01,2.0001e+01,8.7264e-01,2.1799e-01
1.1230e+04,4.0826e-01,6.2667e-01,2.0001e+01,8.7290e-01,2.1809e-01
1.1240e+04,4.0790e-01,6.2641e-01,2.0001e+01,8.7315e-01,2.1819e-01
1.1250e+04,4.0755e-01,6.2615e-01,2.0001e+01,8.7341e-01,2.1830e-01
1.1260e+04,4.0719e-01,6.2590e-01,2.0001e+01,8.7366e-01,2.1840e-01
1.1270e+04,4.0683e-01,6.2565e-01,2.0001e+01,8.7392e-01,2.1850e-01
1.1280e+04,4.0648e-01,6.2539e-01,2.0001e+01,8.7417e-01,2.1860e-01
1.1290e+04,4.0612e-01,6.2514e-01,2.0001e+01,8.7442e-01,2.1870e-01
1.1300e+04,4.0577e-01,6.2489e-01,2.0001e+01,8.7468e-01,2.1880e-01
1.1310e+04,4.0542e-01,6.2463e-01,2.0001e+01,8.7493e-01,2.1890e-01
1.1320e+04,4.0506e-01,6.2438e-01,2.0001e+01,8.7518e-01,2.1901e-01
1.1330e+04,4.0471e-01,6.2413e-01,2.0001e+01,8.7543e-01,2.1911e-01
1.1340e+04,4.0436e-01,6.2388e-01,2.0001e+01,8.7569e-01,2.1921e-01
1.1350e+04,4.0400e-01,6.2362e-01,2.0001e+01,8.7594e-01,2.1931e-01
1.1360e+04,4.0365e-01,6.2337e-01,2.0001e+01,8.7619e-01,2.1941e-01
1.1370e+04,4.0330e-01,6.2312e-01,2.0001e+01,8.7644e-01,2.1951e-01
1.1380e+04,4.0295e-01,6.2287e-01,2.0001e+01,8.7669e-01,2.1961e-01
1.1390e+04,4.0260e-01,6.2262e-01,2.0001e+01,8.7694e-01,2.1971e-01
1.1400e+04,4.0225e-01,6.2237e-01,2.0001e+01,8.7719e-01,2.1981e-01
1.1410e+04,4.0190e-01,6.2212e-01,2.0001e+01,8.7744e-01,2.1991e-01
1.1420e+04,4.0155e-01,6.2187e-01,2.0001e+01,8.7769e-01,2.2001e-01
1.1430e+04,4.0120e-01,6.2162e-01,2.0001e+01,8.7794e-01,2.2011e-01
1.1440e+04,4.0085e-01,6.2137e-01,2.0001e+01,8.7819e-01,2.2021e-01
1.1450e+04,4.0050e-01,6.2112e-01,2.0001e+01,8.7844e-01,2.2031e-01
1.1460e+04,4.0015e-01,6.2088e-01,2.0001e+01,8.7868e-01,2.2041e-01
1.1470e+04,3.9981e-01,6.2063e-01,2.0001e+01,8.7893e-01,2.2051e-01
1.1480e+04,3.9946e-01,6.2038e-01,2.0001e+01,8.7918e-01,2.2061e-01
1.1490e+04,3.9911e-01,6.2013e-01,2.0001e+01,8.7943e-01,2.2071e-01
1.1500e+04,3.9877e-01,6.1989e-01,2.0001e+01,8.7967e-01,2.2081e-01
1.1510e+04,3.9842e-01,6.1964e-01,2.0001e+01,8.7992e-01,2.2091e-01
1.1520e+04,3.9808e-01,6.1939e-01,2.0001e+01,8.8017e-01,2.2101e-01
1.1530e+04,3.9773e-01,6.1915e-01,2.0001e+01,8.8041e-01,2.2111e-01
1.1540e+04,3.9739e-01,6.1890e-01,2.0001e+01,8.8066e-01,2.2121e-01
1.1550e+04,3.9704e-01,6.1866e-01,2.0001e+01,8.8090e-01,2.2131e-01
1.1560e+04,3.9670e-01,6.1841e-01,2.0001e+01,8.8115e-01,2.2141e-01
1.1570e+04,3.9635e-01,6.1817e-01,2.0001e+01,8.8139e-01,2.2150e-01
1.1580e+04,3.9601e-01,6.1792e-01,2.0001e+01,8.8164e-01,2.2160e-01
1.1590e+04,3.9567e-01,6.1768e-01,2.0001e+01,8.8188e-01,2.2170e-01
1.1600e+04,3.9533e-01,6.1744e-01,2.0001e+01,8.8212e-01,2.2180e-01
1.1610e+04,3.9498e-01,6.1719e-01,2.0001e+01,8.8237e-01,2.2190e-01
1.1620e+04,3.9464e-01,6.1695e-01,2.0001e+01,8.8261e-01,2.2200e-01
1.1630e+04,3.9430e-01,6.1671e-01,2.0001e+01,8.8285e-01,2.2210e-01
1.1640e+04,3.9396e-01,6.1646e-01,2.0001e+01,8.8310e-01,2.2219e-01
1.1650e+04,3.9362e-01,6.1622e-01,2.0001e+01,8.8334e-01,2.2229e-01
1.1660e+04,3.9328e-01,6.1598e-01,2.0001e+01,8.8358e-01,2.2239e-01
1.1670e+04,3.9294e-01,6.1574e-01,2.0001e+01,8.8382e-01,2.2249e-01
1.1680e+04,3.9260e-01,6.1550e-01,2.0001e+01,8.8406e-01,2.2259e-01
1.1690e+04,3.9226e-01,6.1525e-01,2.0001e+01,8.8430e-01,2.2268e-01
1.1700e+04,3.9192e-01,6.1501e-01,2.0001e+01,8.8454e-01,2.2278e-01
1.1710e+04,3.9159e-01,6.1477e-01,2.0001e+01,8.8478e-01,2.2288e-01
1.1720e+04,3.9125e-01,6.1453e-01,2.0001e+01,8.8502e-01,2.2298e-01
1.1730e+04,3.9091e-01,6.1429e-01,2.0001e+01,8.8526e-01,2.2308e-01
1.1740e+04,3.9057e-01,6.1405e-01,2.0001e+01,8.8550e-01,2.2317e-01
1.1750e+04,3.9024e-01,6.1381e-01,2.0001e+01,8.8574e-01,2.2327e-01
1.1760e+04,3.8990e-01,6.1358e-01,2.0001e+01,8.8598e-01,2.2337e-01
1.1770e+04,3.8957e-01,6.1334e-01,2.0001e+01,8.8622e-01,2.2346e-01
1.1780e+04,3.8923e-01,6.1310e-01,2.0001e+01,8.8646e-01,2.2356e-01
1.1790e+04,3.8890e-01,6.1286e-01,2.0001e+01,8.8670e-01,2.2366e-01
1.1800e+04,3.8856e-01,6.1262e-01,2.0001e+01,8.8693e-01,2.2376e-01
1.1810e+04,3.8823e-01,6.1239e-01,2.0001e+01,8.8717e-01,2.2385e-01
1.1820e+04,3.8789e-01,6.1215e-01,2.0001e+01,8.8741e-01,2.2395e-01
1.1830e+04,3.8756e-01,6.1191e-01,2.0001e+01,8.8764e-01,2.2405e-01
1.1840e+04,3.8723e-01,6.1167e-01,2.0001e+01,8.8788e-01,2.2414e-01
1.1850e+04,3.8689e-01,6.1144e-01,2.0001e+01,8.8812e-01,2.2424e-01
1.1860e+04,3.8656e-01,6.1120e-01,2.0001e+01,8.8835e-01,2.2434e-01
1.1870e+04,3.8623e-01,6.1097e-01,2.0001e+01,8.8859e-01,2.2443e-01
1.1880e+04,3.8590e-01,6.1073e-01,2.0001e+01,8.8882e-01,2.2453e-01
1.1890e+04,3.8557e-01,6.1050e-01,2.0001e+01,8.8906e-01,2.2462e-01
1.1900e+04,3.8524e-01,6.1026e-01,2.0001e+01,8.8929e-01,2.2472e-01
1.1910e+04,3.8491e-01,6.1003e-01,2.0001e+01,8.8953e-01,2.2482e-01
1.1920e+04,3.8458e-01,6.0979e-01,2.0001e+01,8.8976e-01,2.2491e-01
1.1930e+04,3.8425e-01,6.0956e-01,2.0001e+01,8.9000e-01,2.2501e-01
1.1940e+04,3.8392e-01,6.0932e-01,2.0001e+01,8.9023e-01,2.2510e-01
1.1950e+04,3.8359e-01,6.0909e-01,2.0001e+01,8.9046e-01,2.2520e-01
1.1960e+04,3.8326e-01,6.0886e-01,2.0001e+01,8.9070e-01,2.2530e-01
1.1970e+04,3.8293e-01,6.0863e-01,2.0001e+01,8.9093e-01,2.2539e-01
1.1980e+04,3.8260e-01,6.0839e-01,2.0001e+01,8.9116e-01,2.2549e-01
1.1990e+04,3.8227e-01,6.0816e-01,2.0001e+01,8.9139e-01,2.2558e-01
1.2000e+04,3.8195e-01,6.0793e-01,2.0001e+01,8.9163e-01,2.2568e-01
1.2010e+04,3.8162e-01,6.0770e-01,2.0001e+01,8.9186e-01,2.2577e-01
1.2020e+04,3.8129e-01,6.0747e-01,2.0001e+01,8.9209e-01,2.2587e-01
1.2030e+04,3.8097e-01,6.0723e-01,2.0001e+01,8.9232e-01,2.2596e-01
1.2040e+04,3.8064e-01,6.0700e-01,2.0001e+01,8.9255e-01,2.2606e-01
1.2050e+04,3.8032e-01,6.0677e-01,2.0001e+01,8.9278e-01,2.2615e-01
1.2060e+04,3.7999e-01,6.0654e-01,2.0001e+01,8.9301e-01,2.2625e-01
1.2070e+04,3.7967e-01,6.0631e-01,2.0001e+01,8.9324e-01,2.2634e-01
1.2080e+04,3.7934e-01,6.0608e-01,2.0001e+01,8.9347e-01,2.2644e-01
1.2090e+04,3.7902e-01,6.0585e-01,2.0001e+01,8.9370e-01,2.2653e-01
1.2100e+04,3.7870e-01,6.0563e-01,2.0001e+01,8.9393e-01,2.2663e-01
1.2110e+04,3.7837e-01,6.0540e-01,2.0001e+01,8.9416e-01,2.2672e-01
1.2120e+04,3.7805e-01,6.0517e-01,2.0001e+01,8.9438e-01,2.2682e-01
1.2130e+04,3.7773e-01,6.0494e-01,2.0001e+01,8.9461e-01,2.2691e-01
1.2140e+04,3.7741e-01,6.0471e-01,2.0001e+01,8.9484e-01,2.2700e-01
1.2150e+04,3.7708e-01,6.0448e-01,2.0001e+01,8.9507e-01,2.2710e-01
1.2160e+04,3.7676e-01,6.0426e-01,2.0001e+01,8.9530e-01,2.2719e-01
1.2170e+04,3.7644e-01,6.0403e-01,2.0001e+01,8.9552e-01,2.2729e-01
1.2180e+04,3.7612e-01,6.0380e-01,2.0001e+01,8.9575e-01,2.2738e-01
1.2190e+04,3.7580e-01,6.0358e-01,2.0001e+01,8.9598e-01,2.2747e-01
1.2200e+04,3.7548e-01,6.0335e-01,2.0001e+01,8.9620e-01,2.2757e-01
1.2210e+04,3.7516e-01,6.0312e-01,2.0001e+01,8.9643e-01,2.2766e-01
1.2220e+04,3.7484e-01,6.0290e-01,2.0001e+01,8.9665e-01,2.2775e-01
1.2230e+04,3.7452e-01,6.0267e-01,2.0001e+01,8.9688e-01,2.2785e-01
1.2240e+04,3.7421e-01,6.0245e-01,2.0001e+01,8.9710e-01,2.2794e-01
1.2250e+04,3.7389e-01,6.0222e-01,2.0001e+01,8.9733e-01,2.2803e-01
1.2260e+04,3.7357e-01,6.0200e-01,2.0001e+01,8.9755e-01,2.2813e-01
1.2270e+04,3.7325e-01,6.0177e-01,2.0001e+01,8.9778e-01,2.2822e-01
1.2280e+04,3.7294e-01,6.0155e-01,2.0001e+01,8.9800e-01,2.2831e-01
1.2290e+04,3.7262e-01,6.0133e-01,2.0001e+01,8.9823e-01,2.2841e-01
1.2300e+04,3.7230e-01,6.0110e-01,2.0001e+01,8.9845e-01,2.2850e-01
1.2310e+04,3.7199e-01,6.0088e-01,2.0001e+01,8.9867e-01,2.2859e-01
1.2320e+04,3.7167e-01,6.0066e-01,2.0001e+01,8.9889e-01,2.2869e-01
1.2330e+04,3.7136e-01,6.0043e-01,2.0001e+01,8.9912e-01,2.2878e-01
1.2340e+04,3.7104e-01,6.0021e-01,2.0001e+01,8.9934e-01,2.2887e-01
1.2350e+04,3.7073e-01,5.9999e-01,2.0001e+01,8.9956e-01,2.2896e-01
1.2360e+04,3.7041e-01,5.9977e-01,2.0001e+01,8.9978e-01,2.2906e-01
1.2370e+04,3.7010e-01,5.9954e-01,2.0001e+01,9.0000e-01,2.2915e-01
1.2380e+04,3.6978e-01,5.9932e-01,2.0001e+01,9.0023e-01,2.2924e-01
1.2390e+04,3.6947e-01,5.9910e-01,2.0001e+01,9.0045e-01,2.2933e-01
1.2400e+04,3.6916e-01,5.9888e-01,2.0001e+01,9.0067e-01,2.2942e-01
1.2410e+04,3.6885e-01,5.9866e-01,2.0001e+01,9.0089e-01,2.2952e-01
1.2420e+04,3.6853e-01,5.9844e-01,2.0001e+01,9.0111e-01,2.2961e-01
1.2430e+04,3.6822e-01,5.9822e-01,2.0001e+01,9.0133e-01,2.2970e-01
1.2440e+04,3.6791e-01,5.9800e-01,2.0001e+01,9.0155e-01,2.2979e-01
1.2450e+04,3.6760e-01,5.9778e-01,2.0001e+01,9.0177e-01,2.2988e-01
1.2460e+04,3.6729e-01,5.9756e-01,2.0001e+01,9.0199e-01,2.2998e-01
1.2470e+04,3.6698e-01,5.9734e-01,2.0001e+01,9.0221e-01,2.3007e-01
1.2480e+04,3.6667e-01,5.9712e-01,2.0001e+01,9.0242e-01,2.3016e-01
1.2490e+04,3.6636e-01,5.9691e-01,2.0001e+01,9.0264e-01,2.3025e-01
1.2500e+04,3.6605e-01,5.9669e-01,2.0001e+01,9.0286e-01,2.3034e-01
1.2510e+04,3.6574e-01,5.9647e-01,2.0001e+01,9.0308e-01,2.3043e-01
1.2520e+04,3.6543e-01,5.9625e-01,2.0001e+01,9.0330e-01,2.3052e-01
1.2530e+04,3.6512e-01,5.9603e-01,2.0001e+01,9.0351e-01,2.3061e-01
1.2540e+04,3.6481e-01,5.9582e-01,2.0001e+01,9.0373e-01,2.3071e-01
1.2550e+04,3.6451e-01,5.9560e-01,2.0001e+01,9.0395e-01,2.3080e-01
1.2560e+04,3.6420e-01,5.9538e-01,2.0001e+01,9.0416e-01,2.3089e-01
1.2570e+04,3.6389e-01,5.9517e-01,2.0001e+01,9.0438e-01,2.3098e-01
1.2580e+04,3.6359e-01,5.9495e-01,2.0001e+01,9.0460e-01,2.3107e-01
1.2590e+04,3.6328e-01,5.9474e-01,2.0001e+01,9.0481e-01,2.3116e-01
1.2600e+04,3.6297e-01,5.9452e-01,2.0001e+01,9.0503e-01,2.3125e-01
1.2610e+04,3.6267e-01,5.9431e-01,2.0001e+01,9.0524e-01,2.3134e-01
1.2620e+04,3.6236e-01,5.9409e-01,2.0001e+01,9.0546e-01,2.3143e-01
1.2630e+04,3.6206e-01,5.9388e-01,2.0001e+01,9.0567e-01,2.3152e-01
1.2640e+04,3.6175e-01,5.9366e-01,2.0001e+01,9.0589e-01,2.3161e-01
1.2650e+04,3.6145e-01,5.9345e-01,2.0001e+01,9.0610e-01,2.3170e-01
1.2660e+04,3.6114e-01,5.9323e-01,2.0001e+01,9.0631e-01,2.3179e-01
1.2670e+04,3.6084e-01,5.9302e-01,2.0001e+01,9.0653e-01,2.3188e-01
1.2680e+04,3.6054e-01,5.9281e-01,2.0001e+01,9.0674e-01,2.3197e-01
1.2690e+04,3.6023e-01,5.9259e-01,2.0001e+01,9.0695e-01,2.3206e-01
1.2700e+04,3.5993e-01,5.9238e-01,2.0001e+01,9.0717e-01,2.3215e-01
1.2710e+04,3.5963e-01,5.9217e-01,2.0001e+01,9.0738e-01,2.3224e-01
1.2720e+04,3.5933e-01,5.9195e-01,2.0001e+01,9.0759e-01,2.3233e-01
1.2730e+04,3.5903e-01,5.9174e-01,2.0001e+01,9.0780e-01,2.3242e-01
1.2740e+04,3.5872e-01,5.9153e-01,2.0001e+01,9.0802e-01,2.3251e-01
1.2750e+04,3.5842e-01,5.9132e-01,2.0001e+01,9.0823e-01,2.3260e-01
1.2760e+04,3.5812e-01,5.9111e-01,2.0001e+01,9.0844e-01,2.3269e-01
1.2770e+04,3.5782e-01,5.9090e-01,2.0001e+01,9.0865e-01,2.3278e-01
1.2780e+04,3.5752e-01,5.9068e-01,2.0001e+01,9.0886e-01,2.3287e-01
1.2790e+04,3.5722e-01,5.9047e-01,2.0001e+01,9.0907e-01,2.3296e-01
1.2800e+04,3.5692e-01,5.9026e-01,2.0001e+01,9.0928e-01,2.3305e-01
1.2810e+04,3.5662e-01,5.9005e-01,2.0001e+01,9.0949e-01,2.3314e-01
1.2820e+04,3.5632e-01,5.8984e-01,2.0001e+01,9.0970e-01,2.3322e-01
1.2830e+04,3.5603e-01,5.8963e-01,2.0001e+01,9.0991e-01,2.3331e-01
1.2840e+04,3.5573e-01,5.8942e-01,2.0001e+01,9.1012e-01,2.3340e-01
1.2850e+04,3.5543e-01,5.8921e-01,2.0001e+01,9.1033e-01,2.3349e-01
1.2860e+04,3.5513e-01,5.8901e-01,2.0001e+01,9.1054e-01,2.3358e-01
1.2870e+04,3.5484e-01,5.8880e-01,2.0001e+01,9.1075e-01,2.3367e-01
1.2880e+04,3.5454e-01,5.8859e-01,2.0001e+01,9.1096e-01,2.3376e-01
1.2890e+04,3.5424e-01,5.8838e-01,2.0001e+01,9.1116e-01,2.3384e-01
1.2900e+04,3.5395e-01,5.8817e-01,2.0001e+01,9.1137e-01,2.3393e-01
1.2910e+04,3.5365e-01,5.8797e-01,2.0001e+01,9.1158e-01,2.3402e-01
1.2920e+04,3.5335e-01,5.8776e-01,2.0001e+01,9.1179e-01,2.3411e-01
1.2930e+04,3.5306e-01,5.8755e-01,2.0001e+01,9.1199e-01,2.3420e-01
1.2940e+04,3.5276e-01,5.8734e-01,2.0001e+01,9.1220e-01,2.3429e-01
1.2950e+04,3.5247e-01,5.8714e-01,2.0001e+01,9.1241e-01,2.3437e-01
1.2960e+04,3.5218e-01,5.8693e-01,2.0001e+01,9.1261e-01,2.3446e-01
1.2970e+04,3.5188e-01,5.8672e-01,2.0001e+01,9.1282e-01,2.3455e-01
1.2980e+04,3.5159e-01,5.8652e-01,2.0001e+01,9.1303e-01,2.3464e-01
1.2990e+04,3.5130e-01,5.8631e-01,2.0001e+01,9.1323e-01,2.3472e-01
1.3000e+04,3.5100e-01,5.8611e-01,2.0001e+01,9.1344e-01,2.3481e-01
1.3010e+04,3.5071e-01,5.8590e-01,2.0001e+01,9.1364e-01,2.3490e-01
1.3020e+04,3.5042e-01,5.8570e-01,2.0001e+01,9.1385e-01,2.3499e-01
1.3030e+04,3.5013e-01,5.8549e-01,2.0001e+01,9.1405e-01,2.3507e-01
1.3040e+04,3.4983e-01,5.8529e-01,2.0001e+01,9.1426e-01,2.3516e-01
1.3050e+04,3.4954e-01,5.8508e-01,2.0001e+01,9.1446e-01,2.3525e-01
1.3060e+04,3.4925e-01,5.8488e-01,2.0001e+01,9.1466e-01,2.3534e-01
1.3070e+04,3.4896e-01,5.8468e-01,2.0001e+01,9.1487e-01,2.3542e-01
1.3080e+04,3.4867e-01,5.8447e-01,2.0001e+01,9.1507e-01,2.3551e-01
1.3090e+04,3.4838e-01,5.8427e-01,2.0001e+01,9.1527e-01,2.3560e-01
1.3100e+04,3.4809e-01,5.8407e-01,2.0001e+01,9.1548e-01,2.3568e-01
1.3110e+04,3.4780e-01,5.8386e-01,2.0001e+01,9.1568e-01,2.3577e-01
1.3120e+04,3.4751e-01,5.8366e-01,2.0001e+01,9.1588e-01,2.3586e-01
1.3130e+04,3.4722e-01,5.8346e-01,2.0001e+01,9.1608e-01,2.3594e-01
1.3140e+04,3.4693e-01,5.8326e-01,2.0001e+01,9.1629e-01,2.3603e-01
1.3150e+04,3.4664e-01,5.8305e-01,2.0001e+01,9.1649e-01,2.3612e-01
1.3160e+04,3.4636e-01,5.8285e-01,2.0001e+01,9.1669e-01,2.3620e-01
1.3170e+04,3.4607e-01,5.8265e-01,2.0001e+01,9.1689e-01,2.3629e-01
1.3180e+04,3.4578e-01,5.8245e-01,2.0001e+01,9.1709e-01,2.3638e-01
1.3190e+04,3.4549e-01,5.8225e-01,2.0001e+01,9.1729e-01,2.3646e-01
1.3200e+04,3.4521e-01,5.8205e-01,2.0001e+01,9.1749e-01,2.3655e-01
1.3210e+04,3.4492e-01,5.8185e-01,2.0001e+01,9.1769e-01,2.3663e-01
1.3220e+04,3.4464e-01,5.8165e-01,2.0001e+01,9.1789e-01,2.3672e-01
1.3230e+04,3.4435e-01,5.8145e-01,2.0001e+01,9.1809e-01,2.3681e-01
1.3240e+04,3.4406e-01,5.8125e-01,2.0001e+01,9.1829e-01,2.3689e-01
1.3250e+04,3.4378e-01,5.8105e-01,2.0001e+01,9.1849e-01,2.3698e-01
1.3260e+04,3.4349e-01,5.8085e-01,2.0001e+01,9.1869e-01,2.3706e-01
1.3270e+04,3.4321e-01,5.8065e-01,2.0001e+01,9.1889e-01,2.3715e-01
1.3280e+04,3.4293e-01,5.8045e-01,2.0001e+01,9.1909e-01,2.3724e-01
1.3290e+04,3.4264e-01,5.8025e-01,2.0001e+01,9.1929e-01,2.3732e-01
1.3300e+04,3.4236e-01,5.8005e-01,2.0001e+01,9.1949e-01,2.3741e-01
1.3310e+04,3.4207e-01,5.7986e-01,2.0001e+01,9.1968e-01,2.3749e-01
1.3320e+04,3.4179e-01,5.7966e-01,2.0001e+01,9.1988e-01,2.3758e-01
1.3330e+04,3.4151e-01,5.7946e-01,2.0001e+01,9.2008e-01,2.3766e-01
1.3340e+04,3.4123e-01,5.7926e-01,2.0001e+01,9.2028e-01,2.3775e-01
1.3350e+04,3.4094e-01,5.7906e-01,2.0001e+01,9.2047e-01,2.3783e-01
1.3360e+04,3.4066e-01,5.7887e-01,2.0001e+01,9.2067e-01,2.3792e-01
1.3370e+04,3.4038e-01,5.7867e-01,2.0001e+01,9.2087e-01,2.3800e-01
1.3380e+04,3.4010e-01,5.7847e-01,2.0001e+01,9.2106e-01,2.3809e-01
1.3390e+04,3.3982e-01,5.7828e-01,2.0001e+01,9.2126e-01,2.3817e-01
1.3400e+04,3.3954e-01,5.7808e-01,2.0001e+01,9.2146e-01,2.3826e-01
1.3410e+04,3.3926e-01,5.7789e-01,2.0001e+01,9.2165e-01,2.3834e-01
1.3420e+04,3.3898e-01,5.7769e-01,2.0001e+01,9.2185e-01,2.3843e-01
1.3430e+04,3.3870e-01,5.7750e-01,2.0001e+01,9.2204e-01,2.3851e-01
1.3440e+04,3.3842e-01,5.7730e-01,2.0001e+01,9.2224e-01,2.3859e-01
1.3450e+04,3.3814e-01,5.7711e-01,2.0001e+01,9.2243e-01,2.3868e-01
1.3460e+04,3.3786e-01,5.7691e-01,2.0001e+01,9.2263e-01,2.3876e-01
1.3470e+04,3.3758e-01,5.7672e-01,2.0001e+01,9.2282e-01,2.3885e-01
1.3480e+04,3.3730e-01,5.7652e-01,2.0001e+01,9.2302e-01,2.3893e-01
1.3490e+04,3.3702e-01,5.7633e-01,2.0001e+01,9.2321e-01,2.3902e-01
1.3500e+04,3.3675e-01,5.7613e-01,2.0001e+01,9.2340e-01,2.3910e-01
1.3510e+04,3.3647e-01,5.7594e-01,2.0001e+01,9.2360e-01,2.3918e-01
1.3520e+04,3.3619e-01,5.7575e-01,2.0001e+01,9.2379e-01,2.3927e-01
1.3530e+04,3.3591e-01,5.7555e-01,2.0001e+01,9.2398e-01,2.3935e-01
1.3540e+04,3.3564e-01,5.7536e-01,2.0001e+01,9.2418e-01,2.3944e-01
1.3550e+04,3.3536e-01,5.7517e-01,2.0001e+01,9.2437e-01,2.3952e-01
1.3560e+04,3.3509e-01,5.7498e-01,2.0001e+01,9.2456e-01,2.3960e-01
1.3570e+04,3.3481e-01,5.7478e-01,2.0001e+01,9.2475e-01,2.3969e-01
1.3580e+04,3.3453e-01,5.7459e-01,2.0001e+01,9.2495e-01,2.3977e-01
1.3590e+04,3.3426e-01,5.7440e-01,2.0001e+01,9.2514e-01,2.3985e-01
1.3600e+04,3.3398e-01,5.7421e-01,2.0001e+01,9.2533e-01,2.3994e-01
1.3610e+04,3.3371e-01,5.7402e-01,2.0001e+01,9.2552e-01,2.4002e-01
1.3620e+04,3.3344e-01,5.7383e-01,2.0001e+01,9.2571e-01,2.4010e-01
1.3630e+04,3.3316e-01,5.7364e-01,2.0001e+01,9.2590e-01,2.4019e-01
1.3640e+04,3.3289e-01,5.7344e-01,2.0001e+01,9.2609e-01,2.4027e-01
1.3650e+04,3.3262e-01,5.7325e-01,2.0001e+01,9.2628e-01,2.4035e-01
1.3660e+04,3.3234e-01,5.7306e-01,2.0001e+01,9.2647e-01,2.4044e-01
1.3670e+04,3.3207e-01,5.7287e-01,2.0001e+01,9.2666e-01,2.4052e-01
1.3680e+04,3.3180e-01,5.7268e-01,2.0001e+01,9.2685e-01,2.4060e-01
1.3690e+04,3.3152e-01,5.7249e-01,2.0001e+01,9.2704e-01,2.4068e-01
1.3700e+04,3.3125e-01,5.7230e-01,2.0001e+01,9.2723e-01,2.4077e-01
1.3710e+04,3.3098e-01,5.7212e-01,2.0001e+01,9.2742e-01,2.4085e-01
1.3720e+04,3.3071e-01,5.7193e-01,2.0001e+01,9.2761e-01,2.4093e-01
1.3730e+04,3.3044e-01,5.7174e-01,2.0001e+01,9.2780e-01,2.4101e-01
1.3740e+04,3.3017e-01,5.7155e-01,2.0001e+01,9.2799e-01,2.4110e-01
1.3750e+04,3.2990e-01,5.7136e-01,2.0001e+01,9.2817e-01,2.4118e-01
1.3760e+04,3.2963e-01,5.7117e-01,2.0001e+01,9.2836e-01,2.4126e-01
1.3770e+04,3.2936e-01,5.7099e-01,2.0001e+01,9.2855e-01,2.4134e-01
1.3780e+04,3.2909e-01,5.7080e-01,2.0001e+01,9.2874e-01,2.4143e-01
1.3790e+04,3.2882e-01,5.7061e-01,2.0001e+01,9.2892e-01,2.4151e-01
1.3800e+04,3.2855e-01,5.7042e-01,2.0001e+01,9.2911e-01,2.4159e-01
1.3810e+04,3.2828e-01,5.7024e-01,2.0001e+01,9.2930e-01,2.4167e-01
1.3820e+04,3.2801e-01,5.7005e-01,2.0001e+01,9.2949e-01,2.4175e-01
1.3830e+04,3.2774e-01,5.6986e-01,2.0001e+01,9.2967e-01,2.4184e-01
1.3840e+04,3.2748e-01,5.6968e-01,2.0001e+01,9.2986e-01,2.4192e-01
1.3850e+04,3.2721e-01,5.6949e-01,2.0001e+01,9.3004e-01,2.4200e-01
1.3860e+04,3.2694e-01,5.6930e-01,2.0001e+01,9.3023e-01,2.4208e-01
1.3870e+04,3.2667e-01,5.6912e-01,2.0001e+01,9.3042e-01,2.4216e-01
1.3880e+04,3.2641e-01,5.6893e-01,2.0001e+01,9.3060e-01,2.4224e-01
1.3890e+04,3.2614e-01,5.6875e-01,2.0001e+01,9.3079e-01,2.4232e-01
1.3900e+04,3.2587e-01,5.6856e-01,2.0001e+01,9.3097e-01,2.4241e-01
1.3910e+04,3.2561e-01,5.6838e-01,2.0001e+01,9.3116e-01,2.4249e-01
1.3920e+04,3.2534e-01,5.6819e-01,2.0001e+01,9.3134e-01,2.4257e-01
1.3930e+04,3.2508e-01,5.6801e-01,2.0001e+01,9.3153e-01,2.4265e-01
1.3940e+04,3.2481e-01,5.6782e-01,2.0001e+01,9.3171e-01,2.4273e-01
1.3950e+04,3.2455e-01,5.6764e-01,2.0001e+01,9.3189e-01,2.4281e-01
1.3960e+04,3.2428e-01,5.6746e-01,2.0001e+01,9.3208e-01,2.4289e-01
1.3970e+04,3.2402e-01,5.6727e-01,2.0001e+01,9.3226e-01,2.4297e-01
1.3980e+04,3.2375e-01,5.6709e-01,2.0001e+01,9.3244e-01,2.4305e-01
1.3990e+04,3.2349e-01,5.6691e-01,2.0001e+01,9.3263e-01,2.4313e-01
1.4000e+04,3.2323e-01,5.6672e-01,2.0001e+01,9.3281e-01,2.4322e-01
1.4010e+04,3.2296e-01,5.6654e-01,2.0001e+01,9.3299e-01,2.4330e-01
1.4020e+04,3.2270e-01,5.6636e-01,2.0001e+01,9.3317e-01,2.4338e-01
1.4030e+04,3.2244e-01,5.6618e-01,2.0001e+01,9.3336e-01,2.4346e-01
1.4040e+04,3.2217e-01,5.6599e-01,2.0001e+01,9.3354e-01,2.4354e-01
1.4050e+04,3.2191e-01,5.6581e-01,2.0001e+01,9.3372e-01,2.4362e-01
1.4060e+04,3.2165e-01,5.6563e-01,2.0001e+01,9.3390e-01,2.4370e-01
1.4070e+04,3.2139e-01,5.6545e-01,2.0001e+01,9.3408e-01,2.4378e-01
1.4080e+04,3.2113e-01,5.6527e-01,2.0001e+01,9.3427e-01,2.4386e-01
1.4090e+04,3.2087e-01,5.6509e-01,2.0001e+01,9.3445e-01,2.4394e-01
1.4100e+04,3.2060e-01,5.6491e-01,2.0001e+01,9.3463e-01,2.4402e-01
1.4110e+04,3.2034e-01,5.6472e-01,2.0001e+01,9.3481e-01,2.4410e-01
1.4120e+04,3.2008e-01,5.6454e-01,2.0001e+01,9.3499e-01,2.4418e-01
1.4130e+04,3.1982e-01,5.6436e-01,2.0001e+01,9.3517e-01,2.4426e-01
1.4140e+04,3.1956e-01,5.6418e-01,2.0001e+01,9.3535e-01,2.4434e-01
1.4150e+04,3.1930e-01,5.6400e-01,2.0001e+01,9.3553e-01,2.4442e-01
1.4160e+04,3.1905e-01,5.6382e-01,2.0001e+01,9.3571e-01,2.4450e-01
1.4170e+04,3.1879e-01,5.6364e-01,2.0001e+01,9.3589e-01,2.4458e-01
1.4180e+04,3.1853e-01,5.6347e-01,2.0001e+01,9.3607e-01,2.4466e-01
1.4190e+04,3.1827e-01,5.6329e-01,2.0001e+01,9.3625e-01,2.4474e-01
1.4200e+04,3.1801e-01,5.6311e-01,2.0001e+01,9.3642e-01,2.4481e-01
1.4210e+04,3.1775e-01,5.6293e-01,2.0001e+01,9.3660e-01,2.4489e-01
1.4220e+04,3.1750e-01,5.6275e-01,2.0001e+01,9.3678e-01,2.4497e-01
1.4230e+04,3.1724e-01,5.6257e-01,2.0001e+01,9.3696e-01,2.4505e-01
1.4240e+04,3.1698e-01,5.6239e-01,2.0001e+01,9.3714e-01,2.4513e-01
1.4250e+04,3.1672e-01,5.6222e-01,2.0001e+01,9.3732e-01,2.4521e-01
1.4260e+04,3.1647e-01,5.6204e-01,2.0001e+01,9.3749e-01,2.4529e-01
1.4270e+04,3.1621e-01,5.6186e-01,2.0001e+01,9.3767e-01,2.4537e-01
1.4280e+04,3.1596e-01,5.6168e-01,2.0001e+01,9.3785e-01,2.4545e-01
1.4290e+04,3.1570e-01,5.6151e-01,2.0001e+01,9.3802e-01,2.4553e-01
1.4300e+04,3.1544e-01,5.6133e-01,2.0001e+01,9.3820e-01,2.4561e-01
1.4310e+04,3.1519e-01,5.6115e-01,2.0001e+01,9.3838e-01,2.4568e-01
1.4320e+04,3.1493e-01,5.6098e-01,2.0001e+01,9.3855e-01,2.4576e-01
1.4330e+04,3.1468e-01,5.6080e-01,2.0001e+01,9.3873e-01,2.4584e-01
1.4340e+04,3.1442e-01,5.6062e-01,2.0001e+01,9.3891e-01,2.4592e-01
1.4350e+04,3.1417e-01,5.6045e-01,2.0001e+01,9.3908e-01,2.4600e-01
1.4360e+04,3.1392e-01,5.6027e-01,2.0001e+01,9.3926e-01,2.4608e-01
1.4370e+04,3.1366e-01,5.6010e-01,2.0001e+01,9.3943e-01,2.4615e-01
1.4380e+04,3.1341e-01,5.5992e-01,2.0001e+01,9.3961e-01,2.4623e-01
1.4390e+04,3.1316e-01,5.5975e-01,2.0001e+01,9.3978e-01,2.4631e-01
