t,[L2M],[D],[L],[L2MD],[L2Ms]
0.0000e+00,1.5000e+00,1.5000e+00,2.2500e+01,0.0000e+00,0.0000e+00
1.0000e+01,1.4970e+00,1.4980e+00,2.2501e+01,1.9856e-03,3.3115e-04
2.0000e+01,1.4947e+00,1.4960e+00,2.2501e+01,3.9690e-03,6.6238e-04
3.0000e+01,1.4924e+00,1.4940e+00,2.2501e+01,5.9468e-03,9.9310e-04
4.0000e+01,1.4901e+00,1.4921e+00,2.2501e+01,7.9188e-03,1.3233e-03
5.0000e+01,1.4878e+00,1.4901e+00,2.2501e+01,9.8853e-03,1.6530e-03
6.0000e+01,1.4855e+00,1.4881e+00,2.2501e+01,1.1846e-02,1.9822e-03
7.0000e+01,1.4832e+00,1.4862e+00,2.2501e+01,1.3801e-02,2.3109e-03
8.0000e+01,1.4809e+00,1.4842e+00,2.2501e+01,1.5751e-02,2.6391e-03
9.0000e+01,1.4787e+00,1.4823e+00,2.2501e+01,1.7695e-02,2.9668e-03
1.0000e+02,1.4764e+00,1.4804e+00,2.2501e+01,1.9634e-02,3.2939e-03
1.1000e+02,1.4741e+00,1.4784e+00,2.2501e+01,2.1567e-02,3.6206e-03
1.2000e+02,1.4719e+00,1.4765e+00,2.2501e+01,2.3495e-02,3.9468e-03
1.3000e+02,1.4696e+00,1.4746e+00,2.2501e+01,2.5417e-02,4.2725e-03
1.4000e+02,1.4674e+00,1.4727e+00,2.2501e+01,2.7334e-02,4.5977e-03
1.5000e+02,1.4652e+00,1.4707e+00,2.2501e+01,2.9245e-02,4.9224e-03
1.6000e+02,1.4629e+00,1.4688e+00,2.2501e+01,3.1151e-02,5.2466e-03
1.7000e+02,1.4607e+00,1.4669e+00,2.2501e+01,3.3052e-02,5.5703e-03
1.8000e+02,1.4585e+00,1.4650e+00,2.2501e+01,3.4947e-02,5.8935e-03
1.9000e+02,1.4563e+00,1.4631e+00,2.2501e+01,3.6837e-02,6.2162e-03
2.0000e+02,1.4541e+00,1.4613e+00,2.2501e+01,3.8722e-02,6.5385e-03
2.1000e+02,1.4519e+00,1.4594e+00,2.2501e+01,4.0601e-02,6.8602e-03
2.2000e+02,1.4497e+00,1.4575e+00,2.2501e+01,4.2476e-02,7.1815e-03
2.3000e+02,1.4475e+00,1.4556e+00,2.2501e+01,4.4345e-02,7.5023e-03
2.4000e+02,1.4453e+00,1.4538e+00,2.2501e+01,4.6208e-02,7.8226e-03
2.5000e+02,1.4431e+00,1.4519e+00,2.2501e+01,4.8067e-02,8.1424e-03
2.6000e+02,1.4410e+00,1.4501e+00,2.2501e+01,4.9920e-02,8.4617e-03
2.7000e+02,1.4388e+00,1.4482e+00,2.2501e+01,5.1769e-02,8.7806e-03
2.8000e+02,1.4366e+00,1.4464e+00,2.2501e+01,5.3612e-02,9.0989e-03
2.9000e+02,1.4345e+00,1.4445e+00,2.2501e+01,5.5450e-02,9.4168e-03
3.0000e+02,1.4323e+00,1.4427e+00,2.2501e+01,5.7283e-02,9.7343e-03
3.1000e+02,1.4302e+00,1.4409e+00,2.2501e+01,5.9111e-02,1.0051e-02
3.2000e+02,1.4280e+00,1.4390e+00,2.2501e+01,6.0933e-02,1.0368e-02
3.3000e+02,1.4259e+00,1.4372e+00,2.2501e+01,6.2751e-02,1.0684e-02
3.4000e+02,1.4238e+00,1.4354e+00,2.2501e+01,6.4564e-02,1.0999e-02
3.5000e+02,1.4216e+00,1.4336e+00,2.2501e+01,6.6372e-02,1.1314e-02
3.6000e+02,1.4195e+00,1.4318e+00,2.2501e+01,6.8175e-02,1.1629e-02
3.7000e+02,1.4174e+00,1.4300e+00,2.2501e+01,6.9973e-02,1.1943e-02
3.8000e+02,1.4153e+00,1.4282e+00,2.2501e+01,7.1766e-02,1.2257e-02
3.9000e+02,1.4132e+00,1.4264e+00,2.2501e+01,7.3554e-02,1.2570e-02
4.0000e+02,1.4111e+00,1.4246e+00,2.2501e+01,7.5337e-02,1.2883e-02
4.1000e+02,1.4090e+00,1.4228e+00,2.2501e+01,7.7116e-02,1.3195e-02
4.2000e+02,1.4069e+00,1.4211e+00,2.2501e+01,7.8889e-02,1.3507e-02
4.3000e+02,1.4049e+00,1.4193e+00,2.2501e+01,8.0658e-02,1.3818e-02
4.4000e+02,1.4028e+00,1.4175e+00,2.2501e+01,8.2422e-02,1.4129e-02
4.5000e+02,1.4007e+00,1.4158e+00,2.2501e+01,8.4181e-02,1.4439e-02
4.6000e+02,1.3986e+00,1.4140e+00,2.2501e+01,8.5935e-02,1.4749e-02
4.7000e+02,1.3966e+00,1.4123e+00,2.2501e+01,8.7685e-02,1.5059e-02
4.8000e+02,1.3945e+00,1.4105e+00,2.2501e+01,8.9430e-02,1.5368e-02
4.9000e+02,1.3925e+00,1.4088e+00,2.2501e+01,9.1170e-02,1.5677e-02
5.0000e+02,1.3904e+00,1.4071e+00,2.2501e+01,9.2905e-02,1.5985e-02
5.1000e+02,1.3884e+00,1.4053e+00,2.2501e+01,9.4636e-02,1.6292e-02
5.2000e+02,1.3864e+00,1.4036e+00,2.2501e+01,9.6362e-02,1.6600e-02
5.3000e+02,1.3843e+00,1.4019e+00,2.2501e+01,9.8084e-02,1.6907e-02
5.4000e+02,1.3823e+00,1.4002e+00,2.2501e+01,9.9801e-02,1.7213e-02
5.5000e+02,1.3803e+00,1.3984e+00,2.2501e+01,1.0151e-01,1.7519e-02
5.6000e+02,1.3783e+00,1.3967e+00,2.2501e+01,1.0322e-01,1.7824e-02
5.7000e+02,1.3763e+00,1.3950e+00,2.2501e+01,1.0492e-01,1.8129e-02
5.8000e+02,1.3743e+00,1.3933e+00,2.2501e+01,1.0662e-01,1.8434e-02
5.9000e+02,1.3723e+00,1.3916e+00,2.2501e+01,1.0832e-01,1.8738e-02
6.0000e+02,1.3703e+00,1.3899e+00,2.2501e+01,1.1001e-01,1.9042e-02
6.1000e+02,1.3683e+00,1.3883e+00,2.2501e+01,1.1169e-01,1.9345e-02
6.2000e+02,1.3663e+00,1.3866e+00,2.2501e+01,1.1337e-01,1.9648e-02
6.3000e+02,1.3643e+00,1.3849e+00,2.2501e+01,1.1505e-01,1.9950e-02
6.4000e+02,1.3624e+00,1.3832e+00,2.2501e+01,1.1672e-01,2.0252e-02
6.5000e+02,1.3604e+00,1.3816e+00,2.2501e+01,1.1839e-01,2.0554e-02
6.6000e+02,1.3584e+00,1.3799e+00,2.2501e+01,1.2005e-01,2.0855e-02
6.7000e+02,1.3565e+00,1.3782e+00,2.2501e+01,1.2171e-01,2.1155e-02
6.8000e+02,1.3545e+00,1.3766e+00,2.2501e+01,1.2336e-01,2.1456e-02
6.9000e+02,1.3526e+00,1.3749e+00,2.2501e+01,1.2501e-01,2.1755e-02
7.0000e+02,1.3506e+00,1.3733e+00,2.2501e+01,1.2666e-01,2.2055e-02
7.1000e+02,1.3487e+00,1.3716e+00,2.2501e+01,1.2830e-01,2.2354e-02
7.2000e+02,1.3467e+00,1.3700e+00,2.2501e+01,1.2993e-01,2.2652e-02
7.3000e+02,1.3448e+00,1.3684e+00,2.2501e+01,1.3157e-01,2.2950e-02
7.4000e+02,1.3429e+00,1.3667e+00,2.2501e+01,1.3320e-01,2.3248e-02
7.5000e+02,1.3410e+00,1.3651e+00,2.2501e+01,1.3482e-01,2.3545e-02
7.6000e+02,1.3391e+00,1.3635e+00,2.2501e+01,1.3644e-01,2.3842e-02
7.7000e+02,1.3371e+00,1.3619e+00,2.2501e+01,1.3805e-01,2.4138e-02
7.8000e+02,1.3352e+00,1.3603e+00,2.2501e+01,1.3967e-01,2.4434e-02
7.9000e+02,1.3333e+00,1.3587e+00,2.2501e+01,1.4127e-01,2.4730e-02
8.0000e+02,1.3314e+00,1.3571e+00,2.2501e+01,1.4288e-01,2.5025e-02
8.1000e+02,1.3295e+00,1.3555e+00,2.2501e+01,1.4447e-01,2.5319e-02
8.2000e+02,1.3277e+00,1.3539e+00,2.2501e+01,1.4607e-01,2.5614e-02
8.3000e+02,1.3258e+00,1.3523e+00,2.2501e+01,1.4766e-01,2.5908e-02
8.4000e+02,1.3239e+00,1.3507e+00,2.2501e+01,1.4924e-01,2.6201e-02
8.5000e+02,1.3220e+00,1.3491e+00,2.2501e+01,1.5083e-01,2.6494e-02
8.6000e+02,1.3201e+00,1.3475e+00,2.2501e+01,1.5241e-01,2.6787e-02
8.7000e+02,1.3183e+00,1.3460e+00,2.2501e+01,1.5398e-01,2.7079e-02
8.8000e+02,1.3164e+00,1.3444e+00,2.2501e+01,1.5555e-01,2.7371e-02
8.9000e+02,1.3146e+00,1.3428e+00,2.2501e+01,1.5712e-01,2.7662e-02
9.0000e+02,1.3127e+00,1.3413e+00,2.2501e+01,1.5868e-01,2.7953e-02
9.1000e+02,1.3109e+00,1.3397e+00,2.2501e+01,1.6023e-01,2.8243e-02
9.2000e+02,1.3090e+00,1.3381e+00,2.2501e+01,1.6179e-01,2.8534e-02
9.3000e+02,1.3072e+00,1.3366e+00,2.2501e+01,1.6334e-01,2.8823e-02
9.4000e+02,1.3053e+00,1.3350e+00,2.2501e+01,1.6488e-01,2.9113e-02
9.5000e+02,1.3035e+00,1.3335e+00,2.2501e+01,1.6643e-01,2.9402e-02
9.6000e+02,1.3017e+00,1.3320e+00,2.2501e+01,1.6796e-01,2.9690e-02
9.7000e+02,1.2999e+00,1.3304e+00,2.2501e+01,1.6950e-01,2.9978e-02
9.8000e+02,1.2980e+00,1.3289e+00,2.2501e+01,1.7103e-01,3.0266e-02
9.9000e+02,1.2962e+00,1.3274e+00,2.2501e+01,1.7256e-01,3.0553e-02
1.0000e+03,1.2944e+00,1.3258e+00,2.2501e+01,1.7408e-01,3.0840e-02
1.0100e+03,1.2926e+00,1.3243e+00,2.2501e+01,1.7560e-01,3.1127e-02
1.0200e+03,1.2908e+00,1.3228e+00,2.2501e+01,1.7711e-01,3.1413e-02
1.0300e+03,1.2890e+00,1.3213e+00,2.2501e+01,1.7862e-01,3.1698e-02
1.0400e+03,1.2872e+00,1.3198e+00,2.2501e+01,1.8013e-01,3.1984e-02
1.0500e+03,1.2854e+00,1.3183e+00,2.2501e+01,1.8163e-01,3.2269e-02
1.0600e+03,1.2836e+00,1.3168e+00,2.2501e+01,1.8313e-01,3.2553e-02
1.0700e+03,1.2819e+00,1.3153e+00,2.2501e+01,1.8463e-01,3.2837e-02
1.0800e+03,1.2801e+00,1.3138e+00,2.2501e+01,1.8612e-01,3.3121e-02
1.0900e+03,1.2783e+00,1.3123e+00,2.2501e+01,1.8761e-01,3.3404e-02
1.1000e+03,1.2766e+00,1.3108e+00,2.2501e+01,1.8909e-01,3.3687e-02
1.1100e+03,1.2748e+00,1.3093e+00,2.2501e+01,1.9057e-01,3.3970e-02
1.1200e+03,1.2730e+00,1.3079e+00,2.2501e+01,1.9205e-01,3.4252e-02
1.1300e+03,1.2713e+00,1.3064e+00,2.2501e+01,1.9352e-01,3.4534e-02
1.1400e+03,1.2695e+00,1.3049e+00,2.2501e+01,1.9499e-01,3.4815e-02
1.1500e+03,1.2678e+00,1.3035e+00,2.2501e+01,1.9646e-01,3.5096e-02
1.1600e+03,1.2660e+00,1.3020e+00,2.2501e+01,1.9792e-01,3.5377e-02
1.1700e+03,1.2643e+00,1.3005e+00,2.2501e+01,1.9938e-01,3.5657e-02
1.1800e+03,1.2626e+00,1.2991e+00,2.2501e+01,2.0084e-01,3.5937e-02
1.1900e+03,1.2608e+00,1.2976e+00,2.2501e+01,2.0229e-01,3.6217e-02
1.2000e+03,1.2591e+00,1.2962e+00,2.2501e+01,2.0373e-01,3.6496e-02
1.2100e+03,1.2574e+00,1.2947e+00,2.2501e+01,2.0518e-01,3.6774e-02
1.2200e+03,1.2557e+00,1.2933e+00,2.2501e+01,2.0662e-01,3.7053e-02
1.2300e+03,1.2539e+00,1.2918e+00,2.2501e+01,2.0806e-01,3.7331e-02
1.2400e+03,1.2522e+00,1.2904e+00,2.2501e+01,2.0949e-01,3.7608e-02
1.2500e+03,1.2505e+00,1.2890e+00,2.2501e+01,2.1092e-01,3.7885e-02
1.2600e+03,1.2488e+00,1.2876e+00,2.2501e+01,2.1235e-01,3.8162e-02
1.2700e+03,1.2471e+00,1.2861e+00,2.2501e+01,2.1377e-01,3.8439e-02
1.2800e+03,1.2454e+00,1.2847e+00,2.2501e+01,2.1519e-01,3.8715e-02
1.2900e+03,1.2437e+00,1.2833e+00,2.2501e+01,2.1660e-01,3.8990e-02
1.3000e+03,1.2421e+00,1.2819e+00,2.2501e+01,2.1802e-01,3.9266e-02
1.3100e+03,1.2404e+00,1.2805e+00,2.2501e+01,2.1943e-01,3.9541e-02
1.3200e+03,1.2387e+00,1.2791e+00,2.2501e+01,2.2083e-01,3.9815e-02
1.3300e+03,1.2370e+00,1.2777e+00,2.2501e+01,2.2223e-01,4.0089e-02
1.3400e+03,1.2353e+00,1.2763e+00,2.2501e+01,2.2363e-01,4.0363e-02
1.3500e+03,1.2337e+00,1.2749e+00,2.2501e+01,2.2503e-01,4.0637e-02
1.3600e+03,1.2320e+00,1.2735e+00,2.2501e+01,2.2642e-01,4.0910e-02
1.3700e+03,1.2303e+00,1.2721e+00,2.2501e+01,2.2781e-01,4.1183e-02
1.3800e+03,1.2287e+00,1.2707e+00,2.2501e+01,2.2919e-01,4.1455e-02
1.3900e+03,1.2270e+00,1.2693e+00,2.2501e+01,2.3058e-01,4.1727e-02
1.4000e+03,1.2254e+00,1.2679e+00,2.2501e+01,2.3195e-01,4.1999e-02
1.4100e+03,1.2237e+00,1.2666e+00,2.2501e+01,2.3333e-01,4.2270e-02
1.4200e+03,1.2221e+00,1.2652e+00,2.2501e+01,2.3470e-01,4.2541e-02
1.4300e+03,1.2205e+00,1.2638e+00,2.2501e+01,2.3607e-01,4.2811e-02
1.4400e+03,1.2188e+00,1.2625e+00,2.2501e+01,2.3743e-01,4.3081e-02
1.4500e+03,1.2172e+00,1.2611e+00,2.2501e+01,2.3880e-01,4.3351e-02
1.4600e+03,1.2156e+00,1.2597e+00,2.2501e+01,2.4015e-01,4.3621e-02
1.4700e+03,1.2139e+00,1.2584e+00,2.2501e+01,2.4151e-01,4.3890e-02
1.4800e+03,1.2123e+00,1.2570e+00,2.2501e+01,2.4286e-01,4.4159e-02
1.4900e+03,1.2107e+00,1.2557e+00,2.2501e+01,2.4421e-01,4.4427e-02
1.5000e+03,1.2091e+00,1.2543e+00,2.2501e+01,2.4556e-01,4.4695e-02
1.5100e+03,1.2075e+00,1.2530e+00,2.2501e+01,2.4690e-01,4.4963e-02
1.5200e+03,1.2059e+00,1.2517e+00,2.2501e+01,2.4824e-01,4.5230e-02
1.5300e+03,1.2043e+00,1.2503e+00,2.2501e+01,2.4957e-01,4.5497e-02
1.5400e+03,1.2027e+00,1.2490e+00,2.2501e+01,2.5091e-01,4.5763e-02
1.5500e+03,1.2011e+00,1.2477e+00,2.2501e+01,2.5223e-01,4.6030e-02
1.5600e+03,1.1995e+00,1.2463e+00,2.2501e+01,2.5356e-01,4.6296e-02
1.5700e+03,1.1979e+00,1.2450e+00,2.2501e+01,2.5488e-01,4.6561e-02
1.5800e+03,1.1963e+00,1.2437e+00,2.2501e+01,2.5620e-01,4.6826e-02
1.5900e+03,1.1947e+00,1.2424e+00,2.2501e+01,2.5752e-01,4.7091e-02
1.6000e+03,1.1931e+00,1.2410e+00,2.2501e+01,2.5883e-01,4.7356e-02
1.6100e+03,1.1916e+00,1.2397e+00,2.2501e+01,2.6015e-01,4.7620e-02
1.6200e+03,1.1900e+00,1.2384e+00,2.2501e+01,2.6145e-01,4.7884e-02
1.6300e+03,1.1884e+00,1.2371e+00,2.2501e+01,2.6276e-01,4.8147e-02
1.6400e+03,1.1869e+00,1.2358e+00,2.2501e+01,2.6406e-01,4.8410e-02
1.6500e+03,1.1853e+00,1.2345e+00,2.2501e+01,2.6536e-01,4.8673e-02
1.6600e+03,1.1837e+00,1.2332e+00,2.2501e+01,2.6665e-01,4.8935e-02
1.6700e+03,1.1822e+00,1.2319e+00,2.2501e+01,2.6794e-01,4.9197e-02
1.6800e+03,1.1806e+00,1.2306e+00,2.2501e+01,2.6923e-01,4.9459e-02
1.6900e+03,1.1791e+00,1.2294e+00,2.2501e+01,2.7052e-01,4.9720e-02
1.7000e+03,1.1776e+00,1.2281e+00,2.2501e+01,2.7180e-01,4.9982e-02
1.7100e+03,1.1760e+00,1.2268e+00,2.2501e+01,2.7308e-01,5.0242e-02
1.7200e+03,1.1745e+00,1.2255e+00,2.2501e+01,2.7436e-01,5.0503e-02
1.7300e+03,1.1729e+00,1.2242e+00,2.2501e+01,2.7563e-01,5.0763e-02
1.7400e+03,1.1714e+00,1.2230e+00,2.2501e+01,2.7690e-01,5.1022e-02
1.7500e+03,1.1699e+00,1.2217e+00,2.2501e+01,2.7817e-01,5.1282e-02
1.7600e+03,1.1684e+00,1.2204e+00,2.2501e+01,2.7944e-01,5.1541e-02
1.7700e+03,1.1668e+00,1.2192e+00,2.2501e+01,2.8070e-01,5.1799e-02
1.7800e+03,1.1653e+00,1.2179e+00,2.2501e+01,2.8196e-01,5.2058e-02
1.7900e+03,1.1638e+00,1.2167e+00,2.2501e+01,2.8321e-01,5.2316e-02
1.8000e+03,1.1623e+00,1.2154e+00,2.2501e+01,2.8447e-01,5.2573e-02
1.8100e+03,1.1608e+00,1.2142e+00,2.2501e+01,2.8572e-01,5.2831e-02
1.8200e+03,1.1593e+00,1.2129e+00,2.2501e+01,2.8697e-01,5.3088e-02
1.8300e+03,1.1578e+00,1.2117e+00,2.2501e+01,2.8821e-01,5.3344e-02
1.8400e+03,1.1563e+00,1.2104e+00,2.2501e+01,2.8945e-01,5.3601e-02
1.8500e+03,1.1548e+00,1.2092e+00,2.2501e+01,2.9069e-01,5.3857e-02
1.8600e+03,1.1533e+00,1.2079e+00,2.2501e+01,2.9193e-01,5.4112e-02
1.8700e+03,1.1518e+00,1.2067e+00,2.2501e+01,2.9316e-01,5.4368e-02
1.8800e+03,1.1503e+00,1.2055e+00,2.2501e+01,2.9439e-01,5.4623e-02
1.8900e+03,1.1488e+00,1.2043e+00,2.2501e+01,2.9562e-01,5.4877e-02
1.9000e+03,1.1474e+00,1.2030e+00,2.2501e+01,2.9684e-01,5.5132e-02
1.9100e+03,1.1459e+00,1.2018e+00,2.2501e+01,2.9806e-01,5.5386e-02
1.9200e+03,1.1444e+00,1.2006e+00,2.2501e+01,2.9928e-01,5.5639e-02
1.9300e+03,1.1429e+00,1.1994e+00,2.2501e+01,3.0050e-01,5.5893e-02
1.9400e+03,1.1415e+00,1.1982e+00,2.2501e+01,3.0171e-01,5.6146e-02
1.9500e+03,1.1400e+00,1.1969e+00,2.2501e+01,3.0292e-01,5.6399e-02
1.9600e+03,1.1386e+00,1.1957e+00,2.2501e+01,3.0413e-01,5.6651e-02
1.9700e+03,1.1371e+00,1.1945e+00,2.2501e+01,3.0534e-01,5.6903e-02
1.9800e+03,1.1356e+00,1.1933e+00,2.2501e+01,3.0654e-01,5.7155e-02
1.9900e+03,1.1342e+00,1.1921e+00,2.2501e+01,3.0774e-01,5.7406e-02
2.0000e+03,1.1327e+00,1.1909e+00,2.2501e+01,3.0893e-01,5.7657e-02
2.0100e+03,1.1313e+00,1.1897e+00,2.2501e+01,3.1013e-01,5.7908e-02
2.0200e+03,1.1299e+00,1.1885e+00,2.2501e+01,3.1132e-01,5.8159e-02
2.0300e+03,1.1284e+00,1.1874e+00,2.2501e+01,3.1251e-01,5.8409e-02
2.0400e+03,1.1270e+00,1.1862e+00,2.2501e+01,3.1369e-01,5.8659e-02
2.0500e+03,1.1255e+00,1.1850e+00,2.2501e+01,3.1488e-01,5.8908e-02
2.0600e+03,1.1241e+00,1.1838e+00,2.2501e+01,3.1606e-01,5.9157e-02
2.0700e+03,1.1227e+00,1.1826e+00,2.2501e+01,3.1724e-01,5.9406e-02
2.0800e+03,1.1213e+00,1.1814e+00,2.2501e+01,3.1841e-01,5.9655e-02
2.0900e+03,1.1198e+00,1.1803e+00,2.2501e+01,3.1958e-01,5.9903e-02
2.1000e+03,1.1184e+00,1.1791e+00,2.2501e+01,3.2075e-01,6.0151e-02
2.1100e+03,1.1170e+00,1.1779e+00,2.2501e+01,3.2192e-01,6.0399e-02
2.1200e+03,1.1156e+00,1.1768e+00,2.2501e+01,3.2309e-01,6.0646e-02
2.1300e+03,1.1142e+00,1.1756e+00,2.2501e+01,3.2425e-01,6.0893e-02
2.1400e+03,1.1128e+00,1.1744e+00,2.2501e+01,3.2541e-01,6.1140e-02
2.1500e+03,1.1114e+00,1.1733e+00,2.2501e+01,3.2657e-01,6.1386e-02
2.1600e+03,1.1100e+00,1.1721e+00,2.2501e+01,3.2772e-01,6.1632e-02
2.1700e+03,1.1086e+00,1.1710e+00,2.2501e+01,3.2887e-01,6.1878e-02
2.1800e+03,1.1072e+00,1.1698e+00,2.2501e+01,3.3002e-01,6.2123e-02
2.1900e+03,1.1058e+00,1.1687e+00,2.2501e+01,3.3117e-01,6.2369e-02
2.2000e+03,1.1044e+00,1.1675e+00,2.2501e+01,3.3231e-01,6.2613e-02
2.2100e+03,1.1030e+00,1.1664e+00,2.2501e+01,3.3345e-01,6.2858e-02
2.2200e+03,1.1016e+00,1.1653e+00,2.2501e+01,3.3459e-01,6.3102e-02
2.2300e+03,1.1003e+00,1.1641e+00,2.2501e+01,3.3573e-01,6.3346e-02
2.2400e+03,1.0989e+00,1.1630e+00,2.2501e+01,3.3686e-01,6.3590e-02
2.2500e+03,1.0975e+00,1.1619e+00,2.2501e+01,3.3799e-01,6.3833e-02
2.2600e+03,1.0961e+00,1.1607e+00,2.2501e+01,3.3912e-01,6.4076e-02
2.2700e+03,1.0948e+00,1.1596e+00,2.2501e+01,3.4025e-01,6.4319e-02
2.2800e+03,1.0934e+00,1.1585e+00,2.2501e+01,3.4137e-01,6.4561e-02
2.2900e+03,1.0920e+00,1.1574e+00,2.2501e+01,3.4249e-01,6.4803e-02
2.3000e+03,1.0907e+00,1.1562e+00,2.2501e+01,3.4361e-01,6.5045e-02
2.3100e+03,1.0893e+00,1.1551e+00,2.2501e+01,3.4473e-01,6.5287e-02
2.3200e+03,1.0880e+00,1.1540e+00,2.2501e+01,3.4584e-01,6.5528e-02
2.3300e+03,1.0866e+00,1.1529e+00,2.2501e+01,3.4695e-01,6.5769e-02
2.3400e+03,1.0853e+00,1.1518e+00,2.2501e+01,3.4806e-01,6.6009e-02
2.3500e+03,1.0839e+00,1.1507e+00,2.2501e+01,3.4917e-01,6.6250e-02
2.3600e+03,1.0826e+00,1.1496e+00,2.2501e+01,3.5027e-01,6.6490e-02
2.3700e+03,1.0812e+00,1.1485e+00,2.2501e+01,3.5138e-01,6.6729e-02
2.3800e+03,1.0799e+00,1.1474e+00,2.2501e+01,3.5248e-01,6.6969e-02
2.3900e+03,1.0786e+00,1.1463e+00,2.2501e+01,3.5357e-01,6.7208e-02
2.4000e+03,1.0772e+00,1.1452e+00,2.2501e+01,3.5467e-01,6.7447e-02
2.4100e+03,1.0759e+00,1.1441e+00,2.2501e+01,3.5576e-01,6.7685e-02
2.4200e+03,1.0746e+00,1.1430e+00,2.2501e+01,3.5685e-01,6.7923e-02
2.4300e+03,1.0732e+00,1.1419e+00,2.2501e+01,3.5794e-01,6.8161e-02
2.4400e+03,1.0719e+00,1.1408e+00,2.2501e+01,3.5902e-01,6.8399e-02
2.4500e+03,1.0706e+00,1.1397e+00,2.2501e+01,3.6010e-01,6.8636e-02
2.4600e+03,1.0693e+00,1.1387e+00,2.2501e+01,3.6118e-01,6.8874e-02
2.4700e+03,1.0680e+00,1.1376e+00,2.2501e+01,3.6226e-01,6.9110e-02
2.4800e+03,1.0666e+00,1.1365e+00,2.2501e+01,3.6334e-01,6.9347e-02
2.4900e+03,1.0653e+00,1.1354e+00,2.2501e+01,3.6441e-01,6.9583e-02
2.5000e+03,1.0640e+00,1.1344e+00,2.2501e+01,3.6548e-01,6.9819e-02
2.5100e+03,1.0627e+00,1.1333e+00,2.2501e+01,3.6655e-01,7.0054e-02
2.5200e+03,1.0614e+00,1.1322e+00,2.2501e+01,3.6762e-01,7.0290e-02
2.5300e+03,1.0601e+00,1.1312e+00,2.2501e+01,3.6868e-01,7.0525e-02
2.5400e+03,1.0588e+00,1.1301e+00,2.2501e+01,3.6974e-01,7.0760e-02
2.5500e+03,1.0575e+00,1.1290e+00,2.2501e+01,3.7080e-01,7.0994e-02
2.5600e+03,1.0562e+00,1.1280e+00,2.2501e+01,3.7186e-01,7.1228e-02
2.5700e+03,1.0550e+00,1.1269e+00,2.2501e+01,3.7291e-01,7.1462e-02
2.5800e+03,1.0537e+00,1.1259e+00,2.2501e+01,3.7397e-01,7.1696e-02
2.5900e+03,1.0524e+00,1.1248e+00,2.2501e+01,3.7502e-01,7.1929e-02
2.6000e+03,1.0511e+00,1.1238e+00,2.2501e+01,3.7606e-01,7.2162e-02
2.6100e+03,1.0498e+00,1.1227e+00,2.2501e+01,3.7711e-01,7.2395e-02
2.6200e+03,1.0486e+00,1.1217e+00,2.2501e+01,3.7815e-01,7.2627e-02
2.6300e+03,1.0473e+00,1.1206e+00,2.2501e+01,3.7919e-01,7.2860e-02
2.6400e+03,1.0460e+00,1.1196e+00,2.2501e+01,3.8023e-01,7.3091e-02
2.6500e+03,1.0447e+00,1.1186e+00,2.2501e+01,3.8127e-01,7.3323e-02
2.6600e+03,1.0435e+00,1.1175e+00,2.2501e+01,3.8231e-01,7.3554e-02
2.6700e+03,1.0422e+00,1.1165e+00,2.2501e+01,3.8334e-01,7.3786e-02
2.6800e+03,1.0409e+00,1.1155e+00,2.2501e+01,3.8437e-01,7.4016e-02
2.6900e+03,1.0397e+00,1.1144e+00,2.2501e+01,3.8540e-01,7.4247e-02
2.7000e+03,1.0384e+00,1.1134e+00,2.2501e+01,3.8642e-01,7.4477e-02
2.7100e+03,1.0372e+00,1.1124e+00,2.2501e+01,3.8745e-01,7.4707e-02
2.7200e+03,1.0359e+00,1.1114e+00,2.2501e+01,3.8847e-01,7.4937e-02
2.7300e+03,1.0347e+00,1.1103e+00,2.2501e+01,3.8949e-01,7.5166e-02
2.7400e+03,1.0334e+00,1.1093e+00,2.2501e+01,3.9050e-01,7.5395e-02
2.7500e+03,1.0322e+00,1.1083e+00,2.2501e+01,3.9152e-01,7.5624e-02
2.7600e+03,1.0309e+00,1.1073e+00,2.2501e+01,3.9253e-01,7.5853e-02
2.7700e+03,1.0297e+00,1.1063e+00,2.2501e+01,3.9354e-01,7.6081e-02
2.7800e+03,1.0285e+00,1.1053e+00,2.2501e+01,3.9455e-01,7.6309e-02
2.7900e+03,1.0272e+00,1.1043e+00,2.2501e+01,3.9556e-01,7.6537e-02
2.8000e+03,1.0260e+00,1.1033e+00,2.2501e+01,3.9656e-01,7.6764e-02
2.8100e+03,1.0248e+00,1.1023e+00,2.2501e+01,3.9756e-01,7.6991e-02
2.8200e+03,1.0236e+00,1.1013e+00,2.2501e+01,3.9856e-01,7.7218e-02
2.8300e+03,1.0223e+00,1.1003e+00,2.2501e+01,3.9956e-01,7.7445e-02
2.8400e+03,1.0211e+00,1.0993e+00,2.2501e+01,4.0056e-01,7.7671e-02
2.8500e+03,1.0199e+00,1.0983e+00,2.2501e+01,4.0155e-01,7.7898e-02
2.8600e+03,1.0187e+00,1.0973e+00,2.2501e+01,4.0254e-01,7.8123e-02
2.8700e+03,1.0175e+00,1.0963e+00,2.2501e+01,4.0353e-01,7.8349e-02
2.8800e+03,1.0162e+00,1.0953e+00,2.2501e+01,4.0452e-01,7.8574e-02
2.8900e+03,1.0150e+00,1.0943e+00,2.2501e+01,4.0551e-01,7.8799e-02
2.9000e+03,1.0138e+00,1.0933e+00,2.2501e+01,4.0649e-01,7.9024e-02
2.9100e+03,1.0126e+00,1.0923e+00,2.2501e+01,4.0747e-01,7.9249e-02
2.9200e+03,1.0114e+00,1.0914e+00,2.2501e+01,4.0845e-01,7.9473e-02
2.9300e+03,1.0102e+00,1.0904e+00,2.2501e+01,4.0943e-01,7.9697e-02
2.9400e+03,1.0090e+00,1.0894e+00,2.2501e+01,4.1040e-01,7.9921e-02
2.9500e+03,1.0078e+00,1.0884e+00,2.2501e+01,4.1138e-01,8.0144e-02
2.9600e+03,1.0066e+00,1.0875e+00,2.2501e+01,4.1235e-01,8.0367e-02
2.9700e+03,1.0054e+00,1.0865e+00,2.2501e+01,4.1332e-01,8.0590e-02
2.9800e+03,1.0042e+00,1.0855e+00,2.2501e+01,4.1428e-01,8.0813e-02
2.9900e+03,1.0030e+00,1.0846e+00,2.2501e+01,4.1525e-01,8.1035e-02
3.0000e+03,1.0019e+00,1.0836e+00,2.2501e+01,4.1621e-01,8.1257e-02
3.0100e+03,1.0007e+00,1.0826e+00,2.2501e+01,4.1717e-01,8.1479e-02
3.0200e+03,9.9950e-01,1.0817e+00,2.2501e+01,4.1813e-01,8.1701e-02
3.0300e+03,9.9832e-01,1.0807e+00,2.2501e+01,4.1909e-01,8.1922e-02
3.0400e+03,9.9714e-01,1.0798e+00,2.2501e+01,4.2005e-01,8.2143e-02
3.0500e+03,9.9597e-01,1.0788e+00,2.2501e+01,4.2100e-01,8.2364e-02
3.0600e+03,9.9480e-01,1.0779e+00,2.2501e+01,4.2195e-01,8.2585e-02
3.0700e+03,9.9363e-01,1.0769e+00,2.2501e+01,4.2290e-01,8.2805e-02
3.0800e+03,9.9246e-01,1.0760e+00,2.2501e+01,4.2385e-01,8.3025e-02
3.0900e+03,9.9130e-01,1.0750e+00,2.2501e+01,4.2479e-01,8.3245e-02
3.1000e+03,9.9013e-01,1.0741e+00,2.2501e+01,4.2574e-01,8.3464e-02
3.1100e+03,9.8897e-01,1.0731e+00,2.2501e+01,4.2668e-01,8.3684e-02
3.1200e+03,9.8781e-01,1.0722e+00,2.2501e+01,4.2762e-01,8.3903e-02
3.1300e+03,9.8666e-01,1.0713e+00,2.2501e+01,4.2856e-01,8.4122e-02
3.1400e+03,9.8550e-01,1.0703e+00,2.2501e+01,4.2949e-01,8.4340e-02
3.1500e+03,9.8435e-01,1.0694e+00,2.2501e+01,4.3043e-01,8.4558e-02
3.1600e+03,9.8320e-01,1.0684e+00,2.2501e+01,4.3136e-01,8.4776e-02
3.1700e+03,9.8205e-01,1.0675e+00,2.2501e+01,4.3229e-01,8.4994e-02
3.1800e+03,9.8091e-01,1.0666e+00,2.2501e+01,4.3322e-01,8.5212e-02
3.1900e+03,9.7976e-01,1.0657e+00,2.2501e+01,4.3414e-01,8.5429e-02
3.2000e+03,9.7862e-01,1.0647e+00,2.2501e+01,4.3507e-01,8.5646e-02
3.2100e+03,9.7748e-01,1.0638e+00,2.2501e+01,4.3599e-01,8.5863e-02
3.2200e+03,9.7634e-01,1.0629e+00,2.2501e+01,4.3691e-01,8.6079e-02
3.2300e+03,9.7521e-01,1.0620e+00,2.2501e+01,4.3783e-01,8.6295e-02
3.2400e+03,9.7408e-01,1.0611e+00,2.2501e+01,4.3875e-01,8.6511e-02
3.2500e+03,9.7294e-01,1.0601e+00,2.2501e+01,4.3966e-01,8.6727e-02
3.2600e+03,9.7182e-01,1.0592e+00,2.2501e+01,4.4058e-01,8.6942e-02
3.2700e+03,9.7069e-01,1.0583e+00,2.2501e+01,4.4149e-01,8.7158e-02
3.2800e+03,9.6956e-01,1.0574e+00,2.2501e+01,4.4240e-01,8.7373e-02
3.2900e+03,9.6844e-01,1.0565e+00,2.2501e+01,4.4330e-01,8.7587e-02
3.3000e+03,9.6732e-01,1.0556e+00,2.2501e+01,4.4421e-01,8.7802e-02
3.3100e+03,9.6620e-01,1.0547e+00,2.2501e+01,4.4512e-01,8.8016e-02
3.3200e+03,9.6509e-01,1.0538e+00,2.2501e+01,4.4602e-01,8.8230e-02
3.3300e+03,9.6397e-01,1.0529e+00,2.2501e+01,4.4692e-01,8.8444e-02
3.3400e+03,9.6286e-01,1.0520e+00,2.2501e+01,4.4782e-01,8.8657e-02
3.3500e+03,9.6175e-01,1.0511e+00,2.2501e+01,4.4871e-01,8.8871e-02
3.3600e+03,9.6064e-01,1.0502e+00,2.2501e+01,4.4961e-01,8.9084e-02
3.3700e+03,9.5953e-01,1.0493e+00,2.2501e+01,4.5050e-01,8.9296e-02
3.3800e+03,9.5843e-01,1.0484e+00,2.2501e+01,4.5139e-01,8.9509e-02
3.3900e+03,9.5733e-01,1.0475e+00,2.2501e+01,4.5228e-01,8.9721e-02
3.4000e+03,9.5623e-01,1.0466e+00,2.2501e+01,4.5317e-01,8.9933e-02
3.4100e+03,9.5513e-01,1.0457e+00,2.2501e+01,4.5406e-01,9.0145e-02
3.4200e+03,9.5403e-01,1.0449e+00,2.2501e+01,4.5494e-01,9.0356e-02
3.4300e+03,9.5294e-01,1.0440e+00,2.2501e+01,4.5583e-01,9.0568e-02
3.4400e+03,9.5185e-01,1.0431e+00,2.2501e+01,4.5671e-01,9.0779e-02
3.4500e+03,9.5076e-01,1.0422e+00,2.2501e+01,4.5759e-01,9.0990e-02
3.4600e+03,9.4967e-01,1.0413e+00,2.2501e+01,4.5846e-01,9.1200e-02
3.4700e+03,9.4858e-01,1.0405e+00,2.2501e+01,4.5934e-01,9.1411e-02
3.4800e+03,9.4750e-01,1.0396e+00,2.2501e+01,4.6021e-01,9.1621e-02
3.4900e+03,9.4642e-01,1.0387e+00,2.2501e+01,4.6109e-01,9.1831e-02
3.5000e+03,9.4534e-01,1.0378e+00,2.2501e+01,4.6196e-01,9.2040e-02
3.5100e+03,9.4426e-01,1.0370e+00,2.2501e+01,4.6282e-01,9.2250e-02
3.5200e+03,9.4318e-01,1.0361e+00,2.2501e+01,4.6369e-01,9.2459e-02
3.5300e+03,9.4211e-01,1.0352e+00,2.2501e+01,4.6456e-01,9.2668e-02
3.5400e+03,9.4104e-01,1.0344e+00,2.2501e+01,4.6542e-01,9.2876e-02
3.5500e+03,9.3997e-01,1.0335e+00,2.2501e+01,4.6628e-01,9.3085e-02
3.5600e+03,9.3890e-01,1.0326e+00,2.2501e+01,4.6714e-01,9.3293e-02
3.5700e+03,9.3783e-01,1.0318e+00,2.2501e+01,4.6800e-01,9.3501e-02
3.5800e+03,9.3677e-01,1.0309e+00,2.2501e+01,4.6886e-01,9.3708e-02
3.5900e+03,9.3570e-01,1.0301e+00,2.2501e+01,4.6971e-01,9.3916e-02
3.6000e+03,9.3464e-01,1.0292e+00,2.2501e+01,4.7057e-01,9.4123e-02
3.6100e+03,9.3358e-01,1.0284e+00,2.2501e+01,4.7142e-01,9.4330e-02
3.6200e+03,9.3253e-01,1.0275e+00,2.2501e+01,4.7227e-01,9.4537e-02
3.6300e+03,9.3147e-01,1.0267e+00,2.2501e+01,4.7312e-01,9.4744e-02
3.6400e+03,9.3042e-01,1.0258e+00,2.2501e+01,4.7396e-01,9.4950e-02
3.6500e+03,9.2937e-01,1.0250e+00,2.2501e+01,4.7481e-01,9.5156e-02
3.6600e+03,9.2832e-01,1.0241e+00,2.2501e+01,4.7565e-01,9.5362e-02
3.6700e+03,9.2727e-01,1.0233e+00,2.2501e+01,4.7650e-01,9.5567e-02
3.6800e+03,9.2622e-01,1.0225e+00,2.2501e+01,4.7734e-01,9.5773e-02
3.6900e+03,9.2518e-01,1.0216e+00,2.2501e+01,4.7817e-01,9.5978e-02
3.7000e+03,9.2414e-01,1.0208e+00,2.2501e+01,4.7901e-01,9.6183e-02
3.7100e+03,9.2310e-01,1.0199e+00,2.2501e+01,4.7985e-01,9.6388e-02
3.7200e+03,9.2206e-01,1.0191e+00,2.2501e+01,4.8068e-01,9.6592e-02
3.7300e+03,9.2102e-01,1.0183e+00,2.2501e+01,4.8151e-01,9.6796e-02
3.7400e+03,9.1999e-01,1.0174e+00,2.2501e+01,4.8234e-01,9.7000e-02
3.7500e+03,9.1896e-01,1.0166e+00,2.2501e+01,4.8317e-01,9.7204e-02
3.7600e+03,9.1793e-01,1.0158e+00,2.2501e+01,4.8400e-01,9.7408e-02
3.7700e+03,9.1690e-01,1.0150e+00,2.2501e+01,4.8483e-01,9.7611e-02
3.7800e+03,9.1587e-01,1.0141e+00,2.2501e+01,4.8565e-01,9.7814e-02
3.7900e+03,9.1484e-01,1.0133e+00,2.2501e+01,4.8647e-01,9.8017e-02
3.8000e+03,9.1382e-01,1.0125e+00,2.2501e+01,4.8729e-01,9.8219e-02
3.8100e+03,9.1280e-01,1.0117e+00,2.2501e+01,4.8811e-01,9.8422e-02
3.8200e+03,9.1178e-01,1.0109e+00,2.2501e+01,4.8893e-01,9.8624e-02
3.8300e+03,9.1076e-01,1.0100e+00,2.2501e+01,4.8975e-01,9.8826e-02
3.8400e+03,9.0974e-01,1.0092e+00,2.2501e+01,4.9056e-01,9.9028e-02
3.8500e+03,9.0873e-01,1.0084e+00,2.2501e+01,4.9137e-01,9.9229e-02
3.8600e+03,9.0772e-01,1.0076e+00,2.2501e+01,4.9219e-01,9.9431e-02
3.8700e+03,9.0671e-01,1.0068e+00,2.2501e+01,4.9300e-01,9.9632e-02
3.8800e+03,9.0570e-01,1.0060e+00,2.2501e+01,4.9380e-01,9.9832e-02
3.8900e+03,9.0469e-01,1.0052e+00,2.2501e+01,4.9461e-01,1.0003e-01
3.9000e+03,9.0368e-01,1.0044e+00,2.2501e+01,4.9542e-01,1.0023e-01
3.9100e+03,9.0268e-01,1.0036e+00,2.2501e+01,4.9622e-01,1.0043e-01
3.9200e+03,9.0168e-01,1.0028e+00,2.2501e+01,4.9702e-01,1.0063e-01
3.9300e+03,9.0068e-01,1.0020e+00,2.2501e+01,4.9782e-01,1.0083e-01
3.9400e+03,8.9968e-01,1.0012e+00,2.2501e+01,4.9862e-01,1.0103e-01
3.9500e+03,8.9868e-01,1.0004e+00,2.2501e+01,4.9942e-01,1.0123e-01
3.9600e+03,8.9769e-01,9.9956e-01,2.2501e+01,5.0022e-01,1.0143e-01
3.9700e+03,8.9669e-01,9.9876e-01,2.2501e+01,5.0101e-01,1.0163e-01
3.9800e+03,8.9570e-01,9.9797e-01,2.2501e+01,5.0181e-01,1.0183e-01
3.9900e+03,8.9471e-01,9.9718e-01,2.2501e+01,5.0260e-01,1.0203e-01
4.0000e+03,8.9372e-01,9.9639e-01,2.2501e+01,5.0339e-01,1.0223e-01
4.0100e+03,8.9273e-01,9.9560e-01,2.2501e+01,5.0418e-01,1.0242e-01
4.0200e+03,8.9175e-01,9.9481e-01,2.2501e+01,5.0496e-01,1.0262e-01
4.0300e+03,8.9077e-01,9.9403e-01,2.2501e+01,5.0575e-01,1.0282e-01
4.0400e+03,8.8979e-01,9.9324e-01,2.2501e+01,5.0653e-01,1.0302e-01
4.0500e+03,8.8881e-01,9.9246e-01,2.2501e+01,5.0732e-01,1.0321e-01
4.0600e+03,8.8783e-01,9.9168e-01,2.2501e+01,5.0810e-01,1.0341e-01
4.0700e+03,8.8685e-01,9.9090e-01,2.2501e+01,5.0888e-01,1.0361e-01
4.0800e+03,8.8588e-01,9.9012e-01,2.2501e+01,5.0965e-01,1.0380e-01
4.0900e+03,8.8490e-01,9.8934e-01,2.2501e+01,5.1043e-01,1.0400e-01
4.1000e+03,8.8393e-01,9.8856e-01,2.2501e+01,5.1121e-01,1.0419e-01
4.1100e+03,8.8296e-01,9.8779e-01,2.2501e+01,5.1198e-01,1.0439e-01
4.1200e+03,8.8199e-01,9.8702e-01,2.2501e+01,5.1275e-01,1.0459e-01
4.1300e+03,8.8103e-01,9.8625e-01,2.2501e+01,5.1352e-01,1.0478e-01
4.1400e+03,8.8006e-01,9.8548e-01,2.2501e+01,5.1429e-01,1.0498e-01
4.1500e+03,8.7910e-01,9.8471e-01,2.2501e+01,5.1506e-01,1.0517e-01
4.1600e+03,8.7814e-01,9.8394e-01,2.2501e+01,5.1583e-01,1.0537e-01
4.1700e+03,8.7718e-01,9.8318e-01,2.2501e+01,5.1659e-01,1.0556e-01
4.1800e+03,8.7622e-01,9.8241e-01,2.2501e+01,5.1736e-01,1.0576e-01
4.1900e+03,8.7526e-01,9.8165e-01,2.2501e+01,5.1812e-01,1.0595e-01
4.2000e+03,8.7431e-01,9.8089e-01,2.2501e+01,5.1888e-01,1.0614e-01
4.2100e+03,8.7336e-01,9.8013e-01,2.2501e+01,5.1964e-01,1.0634e-01
4.2200e+03,8.7240e-01,9.7937e-01,2.2501e+01,5.2040e-01,1.0653e-01
4.2300e+03,8.7145e-01,9.7861e-01,2.2501e+01,5.2116e-01,1.0672e-01
4.2400e+03,8.7051e-01,9.7786e-01,2.2501e+01,5.2191e-01,1.0692e-01
4.2500e+03,8.6956e-01,9.7710e-01,2.2501e+01,5.2267e-01,1.0711e-01
4.2600e+03,8.6861e-01,9.7635e-01,2.2501e+01,5.2342e-01,1.0730e-01
4.2700e+03,8.6767e-01,9.7560e-01,2.2501e+01,5.2417e-01,1.0749e-01
4.2800e+03,8.6673e-01,9.7485e-01,2.2501e+01,5.2492e-01,1.0769e-01
4.2900e+03,8.6579e-01,9.7410e-01,2.2501e+01,5.2567e-01,1.0788e-01
4.3000e+03,8.6485e-01,9.7335e-01,2.2501e+01,5.2641e-01,1.0807e-01
4.3100e+03,8.6391e-01,9.7261e-01,2.2501e+01,5.2716e-01,1.0826e-01
4.3200e+03,8.6298e-01,9.7186e-01,2.2501e+01,5.2790e-01,1.0845e-01
4.3300e+03,8.6204e-01,9.7112e-01,2.2501e+01,5.2865e-01,1.0864e-01
4.3400e+03,8.6111e-01,9.7038e-01,2.2501e+01,5.2939e-01,1.0884e-01
4.3500e+03,8.6018e-01,9.6964e-01,2.2501e+01,5.3013e-01,1.0903e-01
4.3600e+03,8.5925e-01,9.6890e-01,2.2501e+01,5.3087e-01,1.0922e-01
4.3700e+03,8.5832e-01,9.6816e-01,2.2501e+01,5.3160e-01,1.0941e-01
4.3800e+03,8.5740e-01,9.6742e-01,2.2501e+01,5.3234e-01,1.0960e-01
4.3900e+03,8.5647e-01,9.6669e-01,2.2501e+01,5.3308e-01,1.0979e-01
4.4000e+03,8.5555e-01,9.6595e-01,2.2501e+01,5.3381e-01,1.0998e-01
4.4100e+03,8.5463e-01,9.6522e-01,2.2501e+01,5.3454e-01,1.1017e-01
4.4200e+03,8.5371e-01,9.6449e-01,2.2501e+01,5.3527e-01,1.1036e-01
4.4300e+03,8.5279e-01,9.6376e-01,2.2501e+01,5.3600e-01,1.1055e-01
4.4400e+03,8.5187e-01,9.6303e-01,2.2501e+01,5.3673e-01,1.1073e-01
4.4500e+03,8.5096e-01,9.6231e-01,2.2501e+01,5.3746e-01,1.1092e-01
4.4600e+03,8.5004e-01,9.6158e-01,2.2501e+01,5.3818e-01,1.1111e-01
4.4700e+03,8.4913e-01,9.6086e-01,2.2501e+01,5.3890e-01,1.1130e-01
4.4800e+03,8.4822e-01,9.6013e-01,2.2501e+01,5.3963e-01,1.1149e-01
4.4900e+03,8.4731e-01,9.5941e-01,2.2501e+01,5.4035e-01,1.1168e-01
4.5000e+03,8.4640e-01,9.5869e-01,2.2501e+01,5.4107e-01,1.1186e-01
4.5100e+03,8.4550e-01,9.5797e-01,2.2501e+01,5.4179e-01,1.1205e-01
4.5200e+03,8.4459e-01,9.5725e-01,2.2501e+01,5.4250e-01,1.1224e-01
4.5300e+03,8.4369e-01,9.5654e-01,2.2501e+01,5.4322e-01,1.1243e-01
4.5400e+03,8.4279e-01,9.5582e-01,2.2501e+01,5.4394e-01,1.1261e-01
4.5500e+03,8.4189e-01,9.5511e-01,2.2501e+01,5.4465e-01,1.1280e-01
4.5600e+03,8.4099e-01,9.5440e-01,2.2501e+01,5.4536e-01,1.1299e-01
4.5700e+03,8.4009e-01,9.5368e-01,2.2501e+01,5.4607e-01,1.1317e-01
4.5800e+03,8.3919e-01,9.5297e-01,2.2501e+01,5.4678e-01,1.1336e-01
4.5900e+03,8.3830e-01,9.5227e-01,2.2501e+01,5.4749e-01,1.1354e-01
4.6000e+03,8.3741e-01,9.5156e-01,2.2501e+01,5.4820e-01,1.1373e-01
4.6100e+03,8.3652e-01,9.5085e-01,2.2501e+01,5.4890e-01,1.1391e-01
4.6200e+03,8.3563e-01,9.5015e-01,2.2501e+01,5.4961e-01,1.1410e-01
4.6300e+03,8.3474e-01,9.4944e-01,2.2501e+01,5.5031e-01,1.1429e-01
4.6400e+03,8.3385e-01,9.4874e-01,2.2501e+01,5.5101e-01,1.1447e-01
4.6500e+03,8.3296e-01,9.4804e-01,2.2501e+01,5.5171e-01,1.1465e-01
4.6600e+03,8.3208e-01,9.4734e-01,2.2501e+01,5.5241e-01,1.1484e-01
4.6700e+03,8.3120e-01,9.4664e-01,2.2501e+01,5.5311e-01,1.1502e-01
4.6800e+03,8.3032e-01,9.4594e-01,2.2501e+01,5.5381e-01,1.1521e-01
4.6900e+03,8.2944e-01,9.4525e-01,2.2501e+01,5.5450e-01,1.1539e-01
4.7000e+03,8.2856e-01,9.4455e-01,2.2501e+01,5.5520e-01,1.1558e-01
4.7100e+03,8.2768e-01,9.4386e-01,2.2501e+01,5.5589e-01,1.1576e-01
4.7200e+03,8.2681e-01,9.4317e-01,2.2501e+01,5.5658e-01,1.1594e-01
4.7300e+03,8.2593e-01,9.4248e-01,2.2501e+01,5.5728e-01,1.1613e-01
4.7400e+03,8.2506e-01,9.4179e-01,2.2501e+01,5.5796e-01,1.1631e-01
4.7500e+03,8.2419e-01,9.4110e-01,2.2501e+01,5.5865e-01,1.1649e-01
4.7600e+03,8.2332e-01,9.4041e-01,2.2501e+01,5.5934e-01,1.1667e-01
4.7700e+03,8.2245e-01,9.3972e-01,2.2501e+01,5.6003e-01,1.1686e-01
4.7800e+03,8.2158e-01,9.3904e-01,2.2501e+01,5.6071e-01,1.1704e-01
4.7900e+03,8.2072e-01,9.3836e-01,2.2501e+01,5.6139e-01,1.1722e-01
4.8000e+03,8.1986e-01,9.3767e-01,2.2501e+01,5.6208e-01,1.1740e-01
4.8100e+03,8.1899e-01,9.3699e-01,2.2501e+01,5.6276e-01,1.1758e-01
4.8200e+03,8.1813e-01,9.3631e-01,2.2501e+01,5.6344e-01,1.1777e-01
4.8300e+03,8.1727e-01,9.3563e-01,2.2501e+01,5.6412e-01,1.1795e-01
4.8400e+03,8.1641e-01,9.3496e-01,2.2501e+01,5.6479e-01,1.1813e-01
4.8500e+03,8.1556e-01,9.3428e-01,2.2501e+01,5.6547e-01,1.1831e-01
4.8600e+03,8.1470e-01,9.3360e-01,2.2501e+01,5.6614e-01,1.1849e-01
4.8700e+03,8.1385e-01,9.3293e-01,2.2501e+01,5.6682e-01,1.1867e-01
4.8800e+03,8.1299e-01,9.3226e-01,2.2501e+01,5.6749e-01,1.1885e-01
4.8900e+03,8.1214e-01,9.3159e-01,2.2501e+01,5.6816e-01,1.1903e-01
4.9000e+03,8.1129e-01,9.3091e-01,2.2501e+01,5.6883e-01,1.1921e-01
4.9100e+03,8.1044e-01,9.3025e-01,2.2501e+01,5.6950e-01,1.1939e-01
4.9200e+03,8.0960e-01,9.2958e-01,2.2501e+01,5.7017e-01,1.1957e-01
4.9300e+03,8.0875e-01,9.2891e-01,2.2501e+01,5.7084e-01,1.1975e-01
4.9400e+03,8.0791e-01,9.2824e-01,2.2501e+01,5.7150e-01,1.1993e-01
4.9500e+03,8.0706e-01,9.2758e-01,2.2501e+01,5.7216e-01,1.2011e-01
4.9600e+03,8.0622e-01,9.2692e-01,2.2501e+01,5.7283e-01,1.2029e-01
4.9700e+03,8.0538e-01,9.2625e-01,2.2501e+01,5.7349e-01,1.2046e-01
4.9800e+03,8.0454e-01,9.2559e-01,2.2501e+01,5.7415e-01,1.2064e-01
4.9900e+03,8.0370e-01,9.2493e-01,2.2501e+01,5.7481e-01,1.2082e-01
5.0000e+03,8.0287e-01,9.2427e-01,2.2501e+01,5.7547e-01,1.2100e-01
5.0100e+03,8.0203e-01,9.2362e-01,2.2501e+01,5.7613e-01,1.2118e-01
5.0200e+03,8.0120e-01,9.2296e-01,2.2501e+01,5.7678e-01,1.2135e-01
5.0300e+03,8.0036e-01,9.2231e-01,2.2501e+01,5.7744e-01,1.2153e-01
5.0400e+03,7.9953e-01,9.2165e-01,2.2501e+01,5.7809e-01,1.2171e-01
5.0500e+03,7.9870e-01,9.2100e-01,2.2501e+01,5.7874e-01,1.2189e-01
5.0600e+03,7.9787e-01,9.2035e-01,2.2501e+01,5.7940e-01,1.2206e-01
5.0700e+03,7.9705e-01,9.1970e-01,2.2501e+01,5.8005e-01,1.2224e-01
5.0800e+03,7.9622e-01,9.1905e-01,2.2501e+01,5.8070e-01,1.2242e-01
5.0900e+03,7.9540e-01,9.1840e-01,2.2501e+01,5.8134e-01,1.2259e-01
5.1000e+03,7.9457e-01,9.1775e-01,2.2501e+01,5.8199e-01,1.2277e-01
5.1100e+03,7.9375e-01,9.1710e-01,2.2501e+01,5.8264e-01,1.2295e-01
5.1200e+03,7.9293e-01,9.1646e-01,2.2501e+01,5.8328e-01,1.2312e-01
5.1300e+03,7.9211e-01,9.1581e-01,2.2501e+01,5.8393e-01,1.2330e-01
5.1400e+03,7.9129e-01,9.1517e-01,2.2501e+01,5.8457e-01,1.2347e-01
5.1500e+03,7.9048e-01,9.1453e-01,2.2501e+01,5.8521e-01,1.2365e-01
5.1600e+03,7.8966e-01,9.1389e-01,2.2501e+01,5.8585e-01,1.2382e-01
5.1700e+03,7.8885e-01,9.1325e-01,2.2501e+01,5.8649e-01,1.2400e-01
5.1800e+03,7.8803e-01,9.1261e-01,2.2501e+01,5.8713e-01,1.2417e-01
5.1900e+03,7.8722e-01,9.1197e-01,2.2501e+01,5.8776e-01,1.2435e-01
5.2000e+03,7.8641e-01,9.1134e-01,2.2501e+01,5.8840e-01,1.2452e-01
5.2100e+03,7.8560e-01,9.1070e-01,2.2501e+01,5.8904e-01,1.2470e-01
5.2200e+03,7.8479e-01,9.1007e-01,2.2501e+01,5.8967e-01,1.2487e-01
5.2300e+03,7.8399e-01,9.0943e-01,2.2501e+01,5.9030e-01,1.2504e-01
5.2400e+03,7.8318e-01,9.0880e-01,2.2501e+01,5.9093e-01,1.2522e-01
5.2500e+03,7.8238e-01,9.0817e-01,2.2501e+01,5.9156e-01,1.2539e-01
5.2600e+03,7.8158e-01,9.0754e-01,2.2501e+01,5.9219e-01,1.2556e-01
5.2700e+03,7.8077e-01,9.0691e-01,2.2501e+01,5.9282e-01,1.2574e-01
5.2800e+03,7.7997e-01,9.0629e-01,2.2501e+01,5.9345e-01,1.2591e-01
5.2900e+03,7.7917e-01,9.0566e-01,2.2501e+01,5.9408e-01,1.2608e-01
5.3000e+03,7.7838e-01,9.0503e-01,2.2501e+01,5.9470e-01,1.2626e-01
5.3100e+03,7.7758e-01,9.0441e-01,2.2501e+01,5.9533e-01,1.2643e-01
5.3200e+03,7.7679e-01,9.0379e-01,2.2501e+01,5.9595e-01,1.2660e-01
5.3300e+03,7.7599e-01,9.0316e-01,2.2501e+01,5.9657e-01,1.2677e-01
5.3400e+03,7.7520e-01,9.0254e-01,2.2501e+01,5.9719e-01,1.2694e-01
5.3500e+03,7.7441e-01,9.0192e-01,2.2501e+01,5.9781e-01,1.2712e-01
5.3600e+03,7.7362e-01,9.0130e-01,2.2501e+01,5.9843e-01,1.2729e-01
5.3700e+03,7.7283e-01,9.0069e-01,2.2501e+01,5.9905e-01,1.2746e-01
5.3800e+03,7.7204e-01,9.0007e-01,2.2501e+01,5.9966e-01,1.2763e-01
5.3900e+03,7.7125e-01,8.9945e-01,2.2501e+01,6.0028e-01,1.2780e-01
5.4000e+03,7.7047e-01,8.9884e-01,2.2501e+01,6.0089e-01,1.2797e-01
5.4100e+03,7.6968e-01,8.9822e-01,2.2501e+01,6.0151e-01,1.2814e-01
5.4200e+03,7.6890e-01,8.9761e-01,2.2501e+01,6.0212e-01,1.2831e-01
5.4300e+03,7.6812e-01,8.9700e-01,2.2501e+01,6.0273e-01,1.2848e-01
5.4400e+03,7.6734e-01,8.9639e-01,2.2501e+01,6.0334e-01,1.2865e-01
5.4500e+03,7.6656e-01,8.9578e-01,2.2501e+01,6.0395e-01,1.2882e-01
5.4600e+03,7.6578e-01,8.9517e-01,2.2501e+01,6.0456e-01,1.2899e-01
5.4700e+03,7.6500e-01,8.9456e-01,2.2501e+01,6.0517e-01,1.2916e-01
5.4800e+03,7.6423e-01,8.9396e-01,2.2501e+01,6.0577e-01,1.2933e-01
5.4900e+03,7.6345e-01,8.9335e-01,2.2501e+01,6.0638e-01,1.2950e-01
5.5000e+03,7.6268e-01,8.9275e-01,2.2501e+01,6.0698e-01,1.2967e-01
5.5100e+03,7.6191e-01,8.9214e-01,2.2501e+01,6.0759e-01,1.2984e-01
5.5200e+03,7.6114e-01,8.9154e-01,2.2501e+01,6.0819e-01,1.3001e-01
5.5300e+03,7.6037e-01,8.9094e-01,2.2501e+01,6.0879e-01,1.3018e-01
5.5400e+03,7.5960e-01,8.9034e-01,2.2501e+01,6.0939e-01,1.3035e-01
5.5500e+03,7.5883e-01,8.8974e-01,2.2501e+01,6.0999e-01,1.3051e-01
5.5600e+03,7.5806e-01,8.8914e-01,2.2501e+01,6.1059e-01,1.3068e-01
5.5700e+03,7.5730e-01,8.8854e-01,2.2501e+01,6.1118e-01,1.3085e-01
5.5800e+03,7.5654e-01,8.8795e-01,2.2501e+01,6.1178e-01,1.3102e-01
5.5900e+03,7.5577e-01,8.8735e-01,2.2501e+01,6.1237e-01,1.3119e-01
5.6000e+03,7.5501e-01,8.8676e-01,2.2501e+01,6.1297e-01,1.3135e-01
5.6100e+03,7.5425e-01,8.8616e-01,2.2501e+01,6.1356e-01,1.3152e-01
5.6200e+03,7.5349e-01,8.8557e-01,2.2501e+01,6.1415e-01,1.3169e-01
5.6300e+03,7.5273e-01,8.8498e-01,2.2501e+01,6.1475e-01,1.3185e-01
5.6400e+03,7.5198e-01,8.8439e-01,2.2501e+01,6.1534e-01,1.3202e-01
5.6500e+03,7.5122e-01,8.8380e-01,2.2501e+01,6.1592e-01,1.3219e-01
5.6600e+03,7.5047e-01,8.8321e-01,2.2501e+01,6.1651e-01,1.3235e-01
5.6700e+03,7.4971e-01,8.8262e-01,2.2501e+01,6.1710e-01,1.3252e-01
5.6800e+03,7.4896e-01,8.8204e-01,2.2501e+01,6.1769e-01,1.3269e-01
5.6900e+03,7.4821e-01,8.8145e-01,2.2501e+01,6.1827e-01,1.3285e-01
5.7000e+03,7.4746e-01,8.8087e-01,2.2501e+01,6.1886e-01,1.3302e-01
5.7100e+03,7.4671e-01,8.8028e-01,2.2501e+01,6.1944e-01,1.3318e-01
5.7200e+03,7.4596e-01,8.7970e-01,2.2501e+01,6.2002e-01,1.3335e-01
5.7300e+03,7.4522e-01,8.7912e-01,2.2501e+01,6.2060e-01,1.3352e-01
5.7400e+03,7.4447e-01,8.7854e-01,2.2501e+01,6.2118e-01,1.3368e-01
5.7500e+03,7.4373e-01,8.7796e-01,2.2501e+01,6.2176e-01,1.3385e-01
5.7600e+03,7.4298e-01,8.7738e-01,2.2501e+01,6.2234e-01,1.3401e-01
5.7700e+03,7.4224e-01,8.7680e-01,2.2501e+01,6.2292e-01,1.3417e-01
5.7800e+03,7.4150e-01,8.7623e-01,2.2501e+01,6.2350e-01,1.3434e-01
5.7900e+03,7.4076e-01,8.7565e-01,2.2501e+01,6.2407e-01,1.3450e-01
5.8000e+03,7.4002e-01,8.7508e-01,2.2501e+01,6.2465e-01,1.3467e-01
5.8100e+03,7.3928e-01,8.7450e-01,2.2501e+01,6.2522e-01,1.3483e-01
5.8200e+03,7.3855e-01,8.7393e-01,2.2501e+01,6.2579e-01,1.3500e-01
5.8300e+03,7.3781e-01,8.7336e-01,2.2501e+01,6.2636e-01,1.3516e-01
5.8400e+03,7.3708e-01,8.7279e-01,2.2501e+01,6.2694e-01,1.3532e-01
5.8500e+03,7.3634e-01,8.7222e-01,2.2501e+01,6.2751e-01,1.3549e-01
5.8600e+03,7.3561e-01,8.7165e-01,2.2501e+01,6.2807e-01,1.3565e-01
5.8700e+03,7.3488e-01,8.7108e-01,2.2501e+01,6.2864e-01,1.3581e-01
5.8800e+03,7.3415e-01,8.7051e-01,2.2501e+01,6.2921e-01,1.3597e-01
5.8900e+03,7.3342e-01,8.6994e-01,2.2501e+01,6.2978e-01,1.3614e-01
5.9000e+03,7.3269e-01,8.6938e-01,2.2501e+01,6.3034e-01,1.3630e-01
5.9100e+03,7.3197e-01,8.6881e-01,2.2501e+01,6.3091e-01,1.3646e-01
5.9200e+03,7.3124e-01,8.6825e-01,2.2501e+01,6.3147e-01,1.3662e-01
5.9300e+03,7.3052e-01,8.6769e-01,2.2501e+01,6.3203e-01,1.3679e-01
5.9400e+03,7.2979e-01,8.6713e-01,2.2501e+01,6.3259e-01,1.3695e-01
5.9500e+03,7.2907e-01,8.6656e-01,2.2501e+01,6.3315e-01,1.3711e-01
5.9600e+03,7.2835e-01,8.6600e-01,2.2501e+01,6.3371e-01,1.3727e-01
5.9700e+03,7.2763e-01,8.6545e-01,2.2501e+01,6.3427e-01,1.3743e-01
5.9800e+03,7.2691e-01,8.6489e-01,2.2501e+01,6.3483e-01,1.3759e-01
5.9900e+03,7.2619e-01,8.6433e-01,2.2501e+01,6.3539e-01,1.3775e-01
6.0000e+03,7.2547e-01,8.6377e-01,2.2501e+01,6.3594e-01,1.3792e-01
6.0100e+03,7.2476e-01,8.6322e-01,2.2501e+01,6.3650e-01,1.3808e-01
6.0200e+03,7.2404e-01,8.6266e-01,2.2501e+01,6.3705e-01,1.3824e-01
6.0300e+03,7.2333e-01,8.6211e-01,2.2501e+01,6.3761e-01,1.3840e-01
6.0400e+03,7.2262e-01,8.6156e-01,2.2501e+01,6.3816e-01,1.3856e-01
6.0500e+03,7.2191e-01,8.6101e-01,2.2501e+01,6.3871e-01,1.3872e-01
6.0600e+03,7.2119e-01,8.6045e-01,2.2501e+01,6.3926e-01,1.3888e-01
6.0700e+03,7.2049e-01,8.5990e-01,2.2501e+01,6.3981e-01,1.3904e-01
6.0800e+03,7.1978e-01,8.5936e-01,2.2501e+01,6.4036e-01,1.3920e-01
6.0900e+03,7.1907e-01,8.5881e-01,2.2501e+01,6.4091e-01,1.3936e-01
6.1000e+03,7.1836e-01,8.5826e-01,2.2501e+01,6.4145e-01,1.3952e-01
6.1100e+03,7.1766e-01,8.5771e-01,2.2501e+01,6.4200e-01,1.3968e-01
6.1200e+03,7.1695e-01,8.5717e-01,2.2501e+01,6.4255e-01,1.3983e-01
6.1300e+03,7.1625e-01,8.5662e-01,2.2501e+01,6.4309e-01,1.3999e-01
6.1400e+03,7.1555e-01,8.5608e-01,2.2501e+01,6.4363e-01,1.4015e-01
6.1500e+03,7.1485e-01,8.5554e-01,2.2501e+01,6.4418e-01,1.4031e-01
6.1600e+03,7.1415e-01,8.5499e-01,2.2501e+01,6.4472e-01,1.4047e-01
6.1700e+03,7.1345e-01,8.5445e-01,2.2501e+01,6.4526e-01,1.4063e-01
6.1800e+03,7.1275e-01,8.5391e-01,2.2501e+01,6.4580e-01,1.4079e-01
6.1900e+03,7.1205e-01,8.5337e-01,2.2501e+01,6.4634e-01,1.4094e-01
6.2000e+03,7.1135e-01,8.5283e-01,2.2501e+01,6.4688e-01,1.4110e-01
6.2100e+03,7.1066e-01,8.5230e-01,2.2501e+01,6.4742e-01,1.4126e-01
6.2200e+03,7.0997e-01,8.5176e-01,2.2501e+01,6.4795e-01,1.4142e-01
6.2300e+03,7.0927e-01,8.5122e-01,2.2501e+01,6.4849e-01,1.4157e-01
6.2400e+03,7.0858e-01,8.5069e-01,2.2501e+01,6.4902e-01,1.4173e-01
6.2500e+03,7.0789e-01,8.5015e-01,2.2501e+01,6.4956e-01,1.4189e-01
6.2600e+03,7.0720e-01,8.4962e-01,2.2501e+01,6.5009e-01,1.4204e-01
6.2700e+03,7.0651e-01,8.4909e-01,2.2501e+01,6.5062e-01,1.4220e-01
6.2800e+03,7.0582e-01,8.4856e-01,2.2501e+01,6.5115e-01,1.4236e-01
6.2900e+03,7.0514e-01,8.4803e-01,2.2501e+01,6.5168e-01,1.4251e-01
6.3000e+03,7.0445e-01,8.4750e-01,2.2501e+01,6.5221e-01,1.4267e-01
6.3100e+03,7.0376e-01,8.4697e-01,2.2501e+01,6.5274e-01,1.4283e-01
6.3200e+03,7.0308e-01,8.4644e-01,2.2501e+01,6.5327e-01,1.4298e-01
6.3300e+03,7.0240e-01,8.4591e-01,2.2501e+01,6.5380e-01,1.4314e-01
6.3400e+03,7.0171e-01,8.4538e-01,2.2501e+01,6.5433e-01,1.4329e-01
6.3500e+03,7.0103e-01,8.4486e-01,2.2501e+01,6.5485e-01,1.4345e-01
6.3600e+03,7.0035e-01,8.4433e-01,2.2501e+01,6.5538e-01,1.4360e-01
6.3700e+03,6.9967e-01,8.4381e-01,2.2501e+01,6.5590e-01,1.4376e-01
6.3800e+03,6.9900e-01,8.4329e-01,2.2501e+01,6.5642e-01,1.4391e-01
6.3900e+03,6.9832e-01,8.4276e-01,2.2501e+01,6.5695e-01,1.4407e-01
6.4000e+03,6.9764e-01,8.4224e-01,2.2501e+01,6.5747e-01,1.4422e-01
6.4100e+03,6.9697e-01,8.4172e-01,2.2501e+01,6.5799e-01,1.4438e-01
6.4200e+03,6.9629e-01,8.4120e-01,2.2501e+01,6.5851e-01,1.4453e-01
6.4300e+03,6.9562e-01,8.4068e-01,2.2501e+01,6.5903e-01,1.4469e-01
6.4400e+03,6.9495e-01,8.4016e-01,2.2501e+01,6.5954e-01,1.4484e-01
6.4500e+03,6.9428e-01,8.3964e-01,2.2501e+01,6.6006e-01,1.4500e-01
6.4600e+03,6.9361e-01,8.3913e-01,2.2501e+01,6.6058e-01,1.4515e-01
6.4700e+03,6.9294e-01,8.3861e-01,2.2501e+01,6.6109e-01,1.4530e-01
6.4800e+03,6.9227e-01,8.3810e-01,2.2501e+01,6.6161e-01,1.4546e-01
6.4900e+03,6.9160e-01,8.3758e-01,2.2501e+01,6.6212e-01,1.4561e-01
6.5000e+03,6.9093e-01,8.3707e-01,2.2501e+01,6.6264e-01,1.4576e-01
6.5100e+03,6.9027e-01,8.3656e-01,2.2501e+01,6.6315e-01,1.4592e-01
6.5200e+03,6.8960e-01,8.3604e-01,2.2501e+01,6.6366e-01,1.4607e-01
6.5300e+03,6.8894e-01,8.3553e-01,2.2501e+01,6.6417e-01,1.4622e-01
6.5400e+03,6.8828e-01,8.3502e-01,2.2501e+01,6.6468e-01,1.4637e-01
6.5500e+03,6.8762e-01,8.3451e-01,2.2501e+01,6.6519e-01,1.4653e-01
6.5600e+03,6.8696e-01,8.3401e-01,2.2501e+01,6.6570e-01,1.4668e-01
6.5700e+03,6.8630e-01,8.3350e-01,2.2501e+01,6.6621e-01,1.4683e-01
6.5800e+03,6.8564e-01,8.3299e-01,2.2501e+01,6.6671e-01,1.4698e-01
6.5900e+03,6.8498e-01,8.3248e-01,2.2501e+01,6.6722e-01,1.4714e-01
6.6000e+03,6.8432e-01,8.3198e-01,2.2501e+01,6.6772e-01,1.4729e-01
6.6100e+03,6.8367e-01,8.3147e-01,2.2501e+01,6.6823e-01,1.4744e-01
6.6200e+03,6.8301e-01,8.3097e-01,2.2501e+01,6.6873e-01,1.4759e-01
6.6300e+03,6.8236e-01,8.3047e-01,2.2501e+01,6.6924e-01,1.4774e-01
6.6400e+03,6.8170e-01,8.2996e-01,2.2501e+01,6.6974e-01,1.4789e-01
6.6500e+03,6.8105e-01,8.2946e-01,2.2501e+01,6.7024e-01,1.4804e-01
6.6600e+03,6.8040e-01,8.2896e-01,2.2501e+01,6.7074e-01,1.4820e-01
6.6700e+03,6.7975e-01,8.2846e-01,2.2501e+01,6.7124e-01,1.4835e-01
6.6800e+03,6.7910e-01,8.2796e-01,2.2501e+01,6.7174e-01,1.4850e-01
6.6900e+03,6.7845e-01,8.2746e-01,2.2501e+01,6.7224e-01,1.4865e-01
6.7000e+03,6.7780e-01,8.2697e-01,2.2501e+01,6.7273e-01,1.4880e-01
6.7100e+03,6.7716e-01,8.2647e-01,2.2501e+01,6.7323e-01,1.4895e-01
6.7200e+03,6.7651e-01,8.2597e-01,2.2501e+01,6.7373e-01,1.4910e-01
6.7300e+03,6.7586e-01,8.2548e-01,2.2501e+01,6.7422e-01,1.4925e-01
6.7400e+03,6.7522e-01,8.2498e-01,2.2501e+01,6.7472e-01,1.4940e-01
6.7500e+03,6.7458e-01,8.2449e-01,2.2501e+01,6.7521e-01,1.4955e-01
6.7600e+03,6.7393e-01,8.2400e-01,2.2501e+01,6.7570e-01,1.4970e-01
6.7700e+03,6.7329e-01,8.2350e-01,2.2501e+01,6.7619e-01,1.4985e-01
6.7800e+03,6.7265e-01,8.2301e-01,2.2501e+01,6.7669e-01,1.5000e-01
6.7900e+03,6.7201e-01,8.2252e-01,2.2501e+01,6.7718e-01,1.5014e-01
6.8000e+03,6.7137e-01,8.2203e-01,2.2501e+01,6.7767e-01,1.5029e-01
6.8100e+03,6.7074e-01,8.2154e-01,2.2501e+01,6.7816e-01,1.5044e-01
6.8200e+03,6.7010e-01,8.2105e-01,2.2501e+01,6.7864e-01,1.5059e-01
6.8300e+03,6.6946e-01,8.2057e-01,2.2501e+01,6.7913e-01,1.5074e-01
6.8400e+03,6.6883e-01,8.2008e-01,2.2501e+01,6.7962e-01,1.5089e-01
6.8500e+03,6.6819e-01,8.1959e-01,2.2501e+01,6.8010e-01,1.5104e-01
6.8600e+03,6.6756e-01,8.1911e-01,2.2501e+01,6.8059e-01,1.5118e-01
6.8700e+03,6.6693e-01,8.1862e-01,2.2501e+01,6.8107e-01,1.5133e-01
6.8800e+03,6.6630e-01,8.1814e-01,2.2501e+01,6.8156e-01,1.5148e-01
6.8900e+03,6.6567e-01,8.1766e-01,2.2501e+01,6.8204e-01,1.5163e-01
6.9000e+03,6.6504e-01,8.1717e-01,2.2501e+01,6.8252e-01,1.5177e-01
6.9100e+03,6.6441e-01,8.1669e-01,2.2501e+01,6.8300e-01,1.5192e-01
6.9200e+03,6.6378e-01,8.1621e-01,2.2501e+01,6.8348e-01,1.5207e-01
6.9300e+03,6.6315e-01,8.1573e-01,2.2501e+01,6.8397e-01,1.5222e-01
6.9400e+03,6.6253e-01,8.1525e-01,2.2501e+01,6.8444e-01,1.5236e-01
6.9500e+03,6.6190e-01,8.1477e-01,2.2501e+01,6.8492e-01,1.5251e-01
6.9600e+03,6.6128e-01,8.1429e-01,2.2501e+01,6.8540e-01,1.5266e-01
6.9700e+03,6.6065e-01,8.1382e-01,2.2501e+01,6.8588e-01,1.5280e-01
6.9800e+03,6.6003e-01,8.1334e-01,2.2501e+01,6.8635e-01,1.5295e-01
6.9900e+03,6.5941e-01,8.1286e-01,2.2501e+01,6.8683e-01,1.5310e-01
7.0000e+03,6.5879e-01,8.1239e-01,2.2501e+01,6.8731e-01,1.5324e-01
7.0100e+03,6.5817e-01,8.1191e-01,2.2501e+01,6.8778e-01,1.5339e-01
7.0200e+03,6.5755e-01,8.1144e-01,2.2501e+01,6.8825e-01,1.5353e-01
7.0300e+03,6.5693e-01,8.1097e-01,2.2501e+01,6.8873e-01,1.5368e-01
7.0400e+03,6.5631e-01,8.1050e-01,2.2501e+01,6.8920e-01,1.5383e-01
7.0500e+03,6.5569e-01,8.1002e-01,2.2501e+01,6.8967e-01,1.5397e-01
7.0600e+03,6.5508e-01,8.0955e-01,2.2501e+01,6.9014e-01,1.5412e-01
7.0700e+03,6.5446e-01,8.0908e-01,2.2501e+01,6.9061e-01,1.5426e-01
7.0800e+03,6.5385e-01,8.0861e-01,2.2501e+01,6.9108e-01,1.5441e-01
7.0900e+03,6.5324e-01,8.0814e-01,2.2501e+01,6.9155e-01,1.5455e-01
7.1000e+03,6.5262e-01,8.0768e-01,2.2501e+01,6.9202e-01,1.5470e-01
7.1100e+03,6.5201e-01,8.0721e-01,2.2501e+01,6.9248e-01,1.5484e-01
7.1200e+03,6.5140e-01,8.0674e-01,2.2501e+01,6.9295e-01,1.5498e-01
7.1300e+03,6.5079e-01,8.0628e-01,2.2501e+01,6.9341e-01,1.5513e-01
7.1400e+03,6.5018e-01,8.0581e-01,2.2501e+01,6.9388e-01,1.5527e-01
7.1500e+03,6.4957e-01,8.0535e-01,2.2501e+01,6.9434e-01,1.5542e-01
7.1600e+03,6.4897e-01,8.0488e-01,2.2501e+01,6.9481e-01,1.5556e-01
7.1700e+03,6.4836e-01,8.0442e-01,2.2501e+01,6.9527e-01,1.5571e-01
7.1800e+03,6.4775e-01,8.0396e-01,2.2501e+01,6.9573e-01,1.5585e-01
7.1900e+03,6.4715e-01,8.0350e-01,2.2501e+01,6.9619e-01,1.5599e-01
7.2000e+03,6.4654e-01,8.0304e-01,2.2501e+01,6.9665e-01,1.5614e-01
7.2100e+03,6.4594e-01,8.0258e-01,2.2501e+01,6.9711e-01,1.5628e-01
7.2200e+03,6.4534e-01,8.0212e-01,2.2501e+01,6.9757e-01,1.5642e-01
7.2300e+03,6.4474e-01,8.0166e-01,2.2501e+01,6.9803e-01,1.5657e-01
7.2400e+03,6.4414e-01,8.0120e-01,2.2501e+01,6.9849e-01,1.5671e-01
7.2500e+03,6.4353e-01,8.0074e-01,2.2501e+01,6.9895e-01,1.5685e-01
7.2600e+03,6.4294e-01,8.0028e-01,2.2501e+01,6.9940e-01,1.5699e-01
7.2700e+03,6.4234e-01,7.9983e-01,2.2501e+01,6.9986e-01,1.5714e-01
7.2800e+03,6.4174e-01,7.9937e-01,2.2501e+01,7.0032e-01,1.5728e-01
7.2900e+03,6.4114e-01,7.9892e-01,2.2501e+01,7.0077e-01,1.5742e-01
7.3000e+03,6.4055e-01,7.9846e-01,2.2501e+01,7.0122e-01,1.5756e-01
7.3100e+03,6.3995e-01,7.9801e-01,2.2501e+01,7.0168e-01,1.5770e-01
7.3200e+03,6.3936e-01,7.9756e-01,2.2501e+01,7.0213e-01,1.5785e-01
7.3300e+03,6.3876e-01,7.9711e-01,2.2501e+01,7.0258e-01,1.5799e-01
7.3400e+03,6.3817e-01,7.9665e-01,2.2501e+01,7.0303e-01,1.5813e-01
7.3500e+03,6.3758e-01,7.9620e-01,2.2501e+01,7.0348e-01,1.5827e-01
7.3600e+03,6.3699e-01,7.9575e-01,2.2501e+01,7.0393e-01,1.5841e-01
7.3700e+03,6.3640e-01,7.9530e-01,2.2501e+01,7.0438e-01,1.5855e-01
7.3800e+03,6.3581e-01,7.9486e-01,2.2501e+01,7.0483e-01,1.5869e-01
7.3900e+03,6.3522e-01,7.9441e-01,2.2501e+01,7.0528e-01,1.5884e-01
7.4000e+03,6.3463e-01,7.9396e-01,2.2501e+01,7.0573e-01,1.5898e-01
7.4100e+03,6.3404e-01,7.9351e-01,2.2501e+01,7.0617e-01,1.5912e-01
7.4200e+03,6.3346e-01,7.9307e-01,2.2501e+01,7.0662e-01,1.5926e-01
7.4300e+03,6.3287e-01,7.9262e-01,2.2501e+01,7.0706e-01,1.5940e-01
7.4400e+03,6.3229e-01,7.9218e-01,2.2501e+01,7.0751e-01,1.5954e-01
7.4500e+03,6.3170e-01,7.9173e-01,2.2501e+01,7.0795e-01,1.5968e-01
7.4600e+03,6.3112e-01,7.9129e-01,2.2501e+01,7.0840e-01,1.5982e-01
7.4700e+03,6.3054e-01,7.9085e-01,2.2501e+01,7.0884e-01,1.5996e-01
7.4800e+03,6.2996e-01,7.9040e-01,2.2501e+01,7.0928e-01,1.6010e-01
7.4900e+03,6.2938e-01,7.8996e-01,2.2501e+01,7.0972e-01,1.6024e-01
7.5000e+03,6.2880e-01,7.8952e-01,2.2501e+01,7.1016e-01,1.6038e-01
7.5100e+03,6.2822e-01,7.8908e-01,2.2501e+01,7.1060e-01,1.6052e-01
7.5200e+03,6.2764e-01,7.8864e-01,2.2501e+01,7.1104e-01,1.6066e-01
7.5300e+03,6.2706e-01,7.8820e-01,2.2501e+01,7.1148e-01,1.6079e-01
7.5400e+03,6.2648e-01,7.8777e-01,2.2501e+01,7.1192e-01,1.6093e-01
7.5500e+03,6.2591e-01,7.8733e-01,2.2501e+01,7.1235e-01,1.6107e-01
7.5600e+03,6.2533e-01,7.8689e-01,2.2501e+01,7.1279e-01,1.6121e-01
7.5700e+03,6.2476e-01,7.8645e-01,2.2501e+01,7.1323e-01,1.6135e-01
7.5800e+03,6.2418e-01,7.8602e-01,2.2501e+01,7.1366e-01,1.6149e-01
7.5900e+03,6.2361e-01,7.8558e-01,2.2501e+01,7.1410e-01,1.6163e-01
7.6000e+03,6.2304e-01,7.8515e-01,2.2501e+01,7.1453e-01,1.6176e-01
7.6100e+03,6.2247e-01,7.8472e-01,2.2501e+01,7.1497e-01,1.6190e-01
7.6200e+03,6.2190e-01,7.8428e-01,2.2501e+01,7.1540e-01,1.6204e-01
7.6300e+03,6.2132e-01,7.8385e-01,2.2501e+01,7.1583e-01,1.6218e-01
7.6400e+03,6.2076e-01,7.8342e-01,2.2501e+01,7.1626e-01,1.6232e-01
7.6500e+03,6.2019e-01,7.8299e-01,2.2501e+01,7.1669e-01,1.6245e-01
7.6600e+03,6.1962e-01,7.8256e-01,2.2501e+01,7.1712e-01,1.6259e-01
7.6700e+03,6.1905e-01,7.8213e-01,2.2501e+01,7.1755e-01,1.6273e-01
7.6800e+03,6.1849e-01,7.8170e-01,2.2501e+01,7.1798e-01,1.6287e-01
7.6900e+03,6.1792e-01,7.8127e-01,2.2501e+01,7.1841e-01,1.6300e-01
7.7000e+03,6.1736e-01,7.8084e-01,2.2501e+01,7.1884e-01,1.6314e-01
7.7100e+03,6.1679e-01,7.8041e-01,2.2501e+01,7.1927e-01,1.6328e-01
7.7200e+03,6.1623e-01,7.7999e-01,2.2501e+01,7.1969e-01,1.6341e-01
7.7300e+03,6.1567e-01,7.7956e-01,2.2501e+01,7.2012e-01,1.6355e-01
7.7400e+03,6.1510e-01,7.7914e-01,2.2501e+01,7.2054e-01,1.6369e-01
7.7500e+03,6.1454e-01,7.7871e-01,2.2501e+01,7.2097e-01,1.6382e-01
7.7600e+03,6.1398e-01,7.7829e-01,2.2501e+01,7.2139e-01,1.6396e-01
7.7700e+03,6.1342e-01,7.7786e-01,2.2501e+01,7.2182e-01,1.6409e-01
7.7800e+03,6.1286e-01,7.7744e-01,2.2501e+01,7.2224e-01,1.6423e-01
7.7900e+03,6.1231e-01,7.7702e-01,2.2501e+01,7.2266e-01,1.6437e-01
7.8000e+03,6.1175e-01,7.7660e-01,2.2501e+01,7.2308e-01,1.6450e-01
7.8100e+03,6.1119e-01,7.7617e-01,2.2501e+01,7.2350e-01,1.6464e-01
7.8200e+03,6.1064e-01,7.7575e-01,2.2501e+01,7.2392e-01,1.6477e-01
7.8300e+03,6.1008e-01,7.7533e-01,2.2501e+01,7.2434e-01,1.6491e-01
7.8400e+03,6.0953e-01,7.7491e-01,2.2501e+01,7.2476e-01,1.6504e-01
7.8500e+03,6.0897e-01,7.7450e-01,2.2501e+01,7.2518e-01,1.6518e-01
7.8600e+03,6.0842e-01,7.7408e-01,2.2501e+01,7.2560e-01,1.6531e-01
7.8700e+03,6.0787e-01,7.7366e-01,2.2501e+01,7.2602e-01,1.6545e-01
7.8800e+03,6.0732e-01,7.7324e-01,2.2501e+01,7.2643e-01,1.6558e-01
7.8900e+03,6.0677e-01,7.7283e-01,2.2501e+01,7.2685e-01,1.6572e-01
7.9000e+03,6.0622e-01,7.7241e-01,2.2501e+01,7.2727e-01,1.6585e-01
7.9100e+03,6.0567e-01,7.7200e-01,2.2501e+01,7.2768e-01,1.6599e-01
7.9200e+03,6.0512e-01,7.7158e-01,2.2501e+01,7.2809e-01,1.6612e-01
7.9300e+03,6.0457e-01,7.7117e-01,2.2501e+01,7.2851e-01,1.6625e-01
7.9400e+03,6.0402e-01,7.7075e-01,2.2501e+01,7.2892e-01,1.6639e-01
7.9500e+03,6.0348e-01,7.7034e-01,2.2501e+01,7.2933e-01,1.6652e-01
7.9600e+03,6.0293e-01,7.6993e-01,2.2501e+01,7.2975e-01,1.6666e-01
7.9700e+03,6.0239e-01,7.6952e-01,2.2501e+01,7.3016e-01,1.6679e-01
7.9800e+03,6.0184e-01,7.6911e-01,2.2501e+01,7.3057e-01,1.6692e-01
7.9900e+03,6.0130e-01,7.6870e-01,2.2501e+01,7.3098e-01,1.6706e-01
8.0000e+03,6.0076e-01,7.6829e-01,2.2501e+01,7.3139e-01,1.6719e-01
8.0100e+03,6.0021e-01,7.6788e-01,2.2501e+01,7.3180e-01,1.6732e-01
8.0200e+03,5.9967e-01,7.6747e-01,2.2501e+01,7.3221e-01,1.6746e-01
8.0300e+03,5.9913e-01,7.6706e-01,2.2501e+01,7.3261e-01,1.6759e-01
8.0400e+03,5.9859e-01,7.6665e-01,2.2501e+01,7.3302e-01,1.6772e-01
8.0500e+03,5.9805e-01,7.6625e-01,2.2501e+01,7.3343e-01,1.6785e-01
8.0600e+03,5.9751e-01,7.6584e-01,2.2501e+01,7.3383e-01,1.6799e-01
8.0700e+03,5.9697e-01,7.6543e-01,2.2501e+01,7.3424e-01,1.6812e-01
8.0800e+03,5.9644e-01,7.6503e-01,2.2501e+01,7.3464e-01,1.6825e-01
8.0900e+03,5.9590e-01,7.6462e-01,2.2501e+01,7.3505e-01,1.6838e-01
8.1000e+03,5.9537e-01,7.6422e-01,2.2501e+01,7.3545e-01,1.6852e-01
8.1100e+03,5.9483e-01,7.6382e-01,2.2501e+01,7.3586e-01,1.6865e-01
8.1200e+03,5.9430e-01,7.6341e-01,2.2501e+01,7.3626e-01,1.6878e-01
8.1300e+03,5.9376e-01,7.6301e-01,2.2501e+01,7.3666e-01,1.6891e-01
8.1400e+03,5.9323e-01,7.6261e-01,2.2501e+01,7.3706e-01,1.6904e-01
8.1500e+03,5.9270e-01,7.6221e-01,2.2501e+01,7.3746e-01,1.6917e-01
8.1600e+03,5.9216e-01,7.6181e-01,2.2501e+01,7.3786e-01,1.6931e-01
8.1700e+03,5.9163e-01,7.6141e-01,2.2501e+01,7.3826e-01,1.6944e-01
8.1800e+03,5.9110e-01,7.6101e-01,2.2501e+01,7.3866e-01,1.6957e-01
8.1900e+03,5.9057e-01,7.6061e-01,2.2501e+01,7.3906e-01,1.6970e-01
8.2000e+03,5.9004e-01,7.6021e-01,2.2501e+01,7.3946e-01,1.6983e-01
8.2100e+03,5.8952e-01,7.5981e-01,2.2501e+01,7.3986e-01,1.6996e-01
8.2200e+03,5.8899e-01,7.5942e-01,2.2501e+01,7.4025e-01,1.7009e-01
8.2300e+03,5.8846e-01,7.5902e-01,2.2501e+01,7.4065e-01,1.7022e-01
8.2400e+03,5.8794e-01,7.5862e-01,2.2501e+01,7.4105e-01,1.7035e-01
8.2500e+03,5.8741e-01,7.5823e-01,2.2501e+01,7.4144e-01,1.7048e-01
8.2600e+03,5.8688e-01,7.5783e-01,2.2501e+01,7.4184e-01,1.7061e-01
8.2700e+03,5.8636e-01,7.5744e-01,2.2501e+01,7.4223e-01,1.7074e-01
8.2800e+03,5.8584e-01,7.5705e-01,2.2501e+01,7.4262e-01,1.7087e-01
8.2900e+03,5.8531e-01,7.5665e-01,2.2501e+01,7.4302e-01,1.7100e-01
8.3000e+03,5.8479e-01,7.5626e-01,2.2501e+01,7.4341e-01,1.7113e-01
8.3100e+03,5.8427e-01,7.5587e-01,2.2501e+01,7.4380e-01,1.7126e-01
8.3200e+03,5.8375e-01,7.5548e-01,2.2501e+01,7.4419e-01,1.7139e-01
8.3300e+03,5.8323e-01,7.5509e-01,2.2501e+01,7.4458e-01,1.7152e-01
8.3400e+03,5.8271e-01,7.5469e-01,2.2501e+01,7.4497e-01,1.7165e-01
8.3500e+03,5.8219e-01,7.5430e-01,2.2501e+01,7.4536e-01,1.7178e-01
8.3600e+03,5.8167e-01,7.5392e-01,2.2501e+01,7.4575e-01,1.7191e-01
8.3700e+03,5.8115e-01,7.5353e-01,2.2501e+01,7.4614e-01,1.7204e-01
8.3800e+03,5.8064e-01,7.5314e-01,2.2501e+01,7.4653e-01,1.7217e-01
8.3900e+03,5.8012e-01,7.5275e-01,2.2501e+01,7.4692e-01,1.7229e-01
8.4000e+03,5.7961e-01,7.5236e-01,2.2501e+01,7.4730e-01,1.7242e-01
8.4100e+03,5.7909e-01,7.5198e-01,2.2501e+01,7.4769e-01,1.7255e-01
8.4200e+03,5.7858e-01,7.5159e-01,2.2501e+01,7.4808e-01,1.7268e-01
8.4300e+03,5.7806e-01,7.5121e-01,2.2501e+01,7.4846e-01,1.7281e-01
8.4400e+03,5.7755e-01,7.5082e-01,2.2501e+01,7.4885e-01,1.7294e-01
8.4500e+03,5.7704e-01,7.5044e-01,2.2501e+01,7.4923e-01,1.7306e-01
8.4600e+03,5.7653e-01,7.5005e-01,2.2501e+01,7.4961e-01,1.7319e-01
8.4700e+03,5.7602e-01,7.4967e-01,2.2501e+01,7.5000e-01,1.7332e-01
8.4800e+03,5.7550e-01,7.4929e-01,2.2501e+01,7.5038e-01,1.7345e-01
8.4900e+03,5.7500e-01,7.4890e-01,2.2501e+01,7.5076e-01,1.7358e-01
8.5000e+03,5.7449e-01,7.4852e-01,2.2501e+01,7.5114e-01,1.7370e-01
8.5100e+03,5.7398e-01,7.4814e-01,2.2501e+01,7.5153e-01,1.7383e-01
8.5200e+03,5.7347e-01,7.4776e-01,2.2501e+01,7.5191e-01,1.7396e-01
8.5300e+03,5.7296e-01,7.4738e-01,2.2501e+01,7.5229e-01,1.7408e-01
8.5400e+03,5.7246e-01,7.4700e-01,2.2501e+01,7.5267e-01,1.7421e-01
8.5500e+03,5.7195e-01,7.4662e-01,2.2501e+01,7.5304e-01,1.7434e-01
8.5600e+03,5.7145e-01,7.4624e-01,2.2501e+01,7.5342e-01,1.7447e-01
8.5700e+03,5.7094e-01,7.4586e-01,2.2501e+01,7.5380e-01,1.7459e-01
8.5800e+03,5.7044e-01,7.4549e-01,2.2501e+01,7.5418e-01,1.7472e-01
8.5900e+03,5.6993e-01,7.4511e-01,2.2501e+01,7.5456e-01,1.7484e-01
8.6000e+03,5.6943e-01,7.4473e-01,2.2501e+01,7.5493e-01,1.7497e-01
8.6100e+03,5.6893e-01,7.4436e-01,2.2501e+01,7.5531e-01,1.7510e-01
8.6200e+03,5.6843e-01,7.4398e-01,2.2501e+01,7.5568e-01,1.7522e-01
8.6300e+03,5.6793e-01,7.4361e-01,2.2501e+01,7.5606e-01,1.7535e-01
8.6400e+03,5.6743e-01,7.4323e-01,2.2501e+01,7.5643e-01,1.7548e-01
8.6500e+03,5.6693e-01,7.4286e-01,2.2501e+01,7.5681e-01,1.7560e-01
8.6600e+03,5.6643e-01,7.4248e-01,2.2501e+01,7.5718e-01,1.7573e-01
8.6700e+03,5.6593e-01,7.4211e-01,2.2501e+01,7.5755e-01,1.7585e-01
8.6800e+03,5.6543e-01,7.4174e-01,2.2501e+01,7.5792e-01,1.7598e-01
8.6900e+03,5.6493e-01,7.4137e-01,2.2501e+01,7.5830e-01,1.7610e-01
8.7000e+03,5.6444e-01,7.4100e-01,2.2501e+01,7.5867e-01,1.7623e-01
8.7100e+03,5.6394e-01,7.4062e-01,2.2501e+01,7.5904e-01,1.7635e-01
8.7200e+03,5.6345e-01,7.4025e-01,2.2501e+01,7.5941e-01,1.7648e-01
8.7300e+03,5.6295e-01,7.3988e-01,2.2501e+01,7.5978e-01,1.7660e-01
8.7400e+03,5.6246e-01,7.3951e-01,2.2501e+01,7.6015e-01,1.7673e-01
8.7500e+03,5.6197e-01,7.3915e-01,2.2501e+01,7.6052e-01,1.7685e-01
8.7600e+03,5.6147e-01,7.3878e-01,2.2501e+01,7.6088e-01,1.7698e-01
8.7700e+03,5.6098e-01,7.3841e-01,2.2501e+01,7.6125e-01,1.7710e-01
8.7800e+03,5.6049e-01,7.3804e-01,2.2501e+01,7.6162e-01,1.7723e-01
8.7900e+03,5.6000e-01,7.3768e-01,2.2501e+01,7.6199e-01,1.7735e-01
8.8000e+03,5.5951e-01,7.3731e-01,2.2501e+01,7.6235e-01,1.7747e-01
8.8100e+03,5.5902e-01,7.3694e-01,2.2501e+01,7.6272e-01,1.7760e-01
8.8200e+03,5.5853e-01,7.3658e-01,2.2501e+01,7.6308e-01,1.7772e-01
8.8300e+03,5.5804e-01,7.3621e-01,2.2501e+01,7.6345e-01,1.7785e-01
8.8400e+03,5.5755e-01,7.3585e-01,2.2501e+01,7.6381e-01,1.7797e-01
8.8500e+03,5.5707e-01,7.3549e-01,2.2501e+01,7.6417e-01,1.7809e-01
8.8600e+03,5.5658e-01,7.3512e-01,2.2501e+01,7.6454e-01,1.7822e-01
8.8700e+03,5.5609e-01,7.3476e-01,2.2501e+01,7.6490e-01,1.7834e-01
8.8800e+03,5.5561e-01,7.3440e-01,2.2501e+01,7.6526e-01,1.7846e-01
8.8900e+03,5.5512e-01,7.3404e-01,2.2501e+01,7.6562e-01,1.7859e-01
8.9000e+03,5.5464e-01,7.3367e-01,2.2501e+01,7.6599e-01,1.7871e-01
8.9100e+03,5.5416e-01,7.3331e-01,2.2501e+01,7.6635e-01,1.7883e-01
8.9200e+03,5.5367e-01,7.3295e-01,2.2501e+01,7.6671e-01,1.7895e-01
8.9300e+03,5.5319e-01,7.3259e-01,2.2501e+01,7.6707e-01,1.7908e-01
8.9400e+03,5.5271e-01,7.3223e-01,2.2501e+01,7.6742e-01,1.7920e-01
8.9500e+03,5.5223e-01,7.3187e-01,2.2501e+01,7.6778e-01,1.7932e-01
8.9600e+03,5.5175e-01,7.3152e-01,2.2501e+01,7.6814e-01,1.7945e-01
8.9700e+03,5.5127e-01,7.3116e-01,2.2501e+01,7.6850e-01,1.7957e-01
8.9800e+03,5.5079e-01,7.3080e-01,2.2501e+01,7.6886e-01,1.7969e-01
8.9900e+03,5.5031e-01,7.3044e-01,2.2501e+01,7.6921e-01,1.7981e-01
9.0000e+03,5.4983e-01,7.3009e-01,2.2501e+01,7.6957e-01,1.7993e-01
9.0100e+03,5.4935e-01,7.2973e-01,2.2501e+01,7.6993e-01,1.8006e-01
9.0200e+03,5.4888e-01,7.2938e-01,2.2501e+01,7.7028e-01,1.8018e-01
9.0300e+03,5.4840e-01,7.2902e-01,2.2501e+01,7.7064e-01,1.8030e-01
9.0400e+03,5.4792e-01,7.2867e-01,2.2501e+01,7.7099e-01,1.8042e-01
9.0500e+03,5.4745e-01,7.2831e-01,2.2501e+01,7.7134e-01,1.8054e-01
9.0600e+03,5.4697e-01,7.2796e-01,2.2501e+01,7.7170e-01,1.8066e-01
9.0700e+03,5.4650e-01,7.2761e-01,2.2501e+01,7.7205e-01,1.8078e-01
9.0800e+03,5.4603e-01,7.2725e-01,2.2501e+01,7.7240e-01,1.8091e-01
9.0900e+03,5.4555e-01,7.2690e-01,2.2501e+01,7.7275e-01,1.8103e-01
9.1000e+03,5.4508e-01,7.2655e-01,2.2501e+01,7.7311e-01,1.8115e-01
9.1100e+03,5.4461e-01,7.2620e-01,2.2501e+01,7.7346e-01,1.8127e-01
9.1200e+03,5.4414e-01,7.2585e-01,2.2501e+01,7.7381e-01,1.8139e-01
9.1300e+03,5.4367e-01,7.2550e-01,2.2501e+01,7.7416e-01,1.8151e-01
9.1400e+03,5.4320e-01,7.2515e-01,2.2501e+01,7.7451e-01,1.8163e-01
9.1500e+03,5.4273e-01,7.2480e-01,2.2501e+01,7.7486e-01,1.8175e-01
9.1600e+03,5.4226e-01,7.2445e-01,2.2501e+01,7.7521e-01,1.8187e-01
9.1700e+03,5.4179e-01,7.2410e-01,2.2501e+01,7.7555e-01,1.8199e-01
9.1800e+03,5.4132e-01,7.2375e-01,2.2501e+01,7.7590e-01,1.8211e-01
9.1900e+03,5.4085e-01,7.2341e-01,2.2501e+01,7.7625e-01,1.8223e-01
9.2000e+03,5.4039e-01,7.2306e-01,2.2501e+01,7.7660e-01,1.8235e-01
9.2100e+03,5.3992e-01,7.2271e-01,2.2501e+01,7.7694e-01,1.8247e-01
9.2200e+03,5.3946e-01,7.2237e-01,2.2501e+01,7.7729e-01,1.8259e-01
9.2300e+03,5.3899e-01,7.2202e-01,2.2501e+01,7.7763e-01,1.8271e-01
9.2400e+03,5.3853e-01,7.2168e-01,2.2501e+01,7.7798e-01,1.8283e-01
9.2500e+03,5.3806e-01,7.2133e-01,2.2501e+01,7.7832e-01,1.8295e-01
9.2600e+03,5.3760e-01,7.2099e-01,2.2501e+01,7.7867e-01,1.8307e-01
9.2700e+03,5.3714e-01,7.2064e-01,2.2501e+01,7.7901e-01,1.8319e-01
9.2800e+03,5.3667e-01,7.2030e-01,2.2501e+01,7.7935e-01,1.8331e-01
9.2900e+03,5.3621e-01,7.1996e-01,2.2501e+01,7.7970e-01,1.8343e-01
9.3000e+03,5.3575e-01,7.1962e-01,2.2501e+01,7.8004e-01,1.8354e-01
9.3100e+03,5.3529e-01,7.1927e-01,2.2501e+01,7.8038e-01,1.8366e-01
9.3200e+03,5.3483e-01,7.1893e-01,2.2501e+01,7.8072e-01,1.8378e-01
9.3300e+03,5.3437e-01,7.1859e-01,2.2501e+01,7.8106e-01,1.8390e-01
9.3400e+03,5.3391e-01,7.1825e-01,2.2501e+01,7.8140e-01,1.8402e-01
9.3500e+03,5.3346e-01,7.1791e-01,2.2501e+01,7.8174e-01,1.8414e-01
9.3600e+03,5.3300e-01,7.1757e-01,2.2501e+01,7.8208e-01,1.8425e-01
9.3700e+03,5.3254e-01,7.1723e-01,2.2501e+01,7.8242e-01,1.8437e-01
9.3800e+03,5.3208e-01,7.1689e-01,2.2501e+01,7.8276e-01,1.8449e-01
9.3900e+03,5.3163e-01,7.1656e-01,2.2501e+01,7.8310e-01,1.8461e-01
9.4000e+03,5.3117e-01,7.1622e-01,2.2501e+01,7.8343e-01,1.8473e-01
9.4100e+03,5.3072e-01,7.1588e-01,2.2501e+01,7.8377e-01,1.8484e-01
9.4200e+03,5.3026e-01,7.1554e-01,2.2501e+01,7.8411e-01,1.8496e-01
9.4300e+03,5.2981e-01,7.1521e-01,2.2501e+01,7.8444e-01,1.8508e-01
9.4400e+03,5.2936e-01,7.1487e-01,2.2501e+01,7.8478e-01,1.8520e-01
9.4500e+03,5.2890e-01,7.1453e-01,2.2501e+01,7.8512e-01,1.8531e-01
9.4600e+03,5.2845e-01,7.1420e-01,2.2501e+01,7.8545e-01,1.8543e-01
9.4700e+03,5.2800e-01,7.1387e-01,2.2501e+01,7.8579e-01,1.8555e-01
9.4800e+03,5.2755e-01,7.1353e-01,2.2501e+01,7.8612e-01,1.8567e-01
9.4900e+03,5.2710e-01,7.1320e-01,2.2501e+01,7.8645e-01,1.8578e-01
9.5000e+03,5.2665e-01,7.1286e-01,2.2501e+01,7.8679e-01,1.8590e-01
9.5100e+03,5.2620e-01,7.1253e-01,2.2501e+01,7.8712e-01,1.8602e-01
9.5200e+03,5.2575e-01,7.1220e-01,2.2501e+01,7.8745e-01,1.8613e-01
9.5300e+03,5.2530e-01,7.1187e-01,2.2501e+01,7.8778e-01,1.8625e-01
9.5400e+03,5.2485e-01,7.1153e-01,2.2501e+01,7.8811e-01,1.8637e-01
9.5500e+03,5.2441e-01,7.1120e-01,2.2501e+01,7.8845e-01,1.8648e-01
9.5600e+03,5.2396e-01,7.1087e-01,2.2501e+01,7.8878e-01,1.8660e-01
9.5700e+03,5.2351e-01,7.1054e-01,2.2501e+01,7.8911e-01,1.8671e-01
9.5800e+03,5.2307e-01,7.1021e-01,2.2501e+01,7.8944e-01,1.8683e-01
9.5900e+03,5.2262e-01,7.0988e-01,2.2501e+01,7.8977e-01,1.8695e-01
9.6000e+03,5.2218e-01,7.0955e-01,2.2501e+01,7.9009e-01,1.8706e-01
9.6100e+03,5.2173e-01,7.0923e-01,2.2501e+01,7.9042e-01,1.8718e-01
9.6200e+03,5.2129e-01,7.0890e-01,2.2501e+01,7.9075e-01,1.8729e-01
9.6300e+03,5.2085e-01,7.0857e-01,2.2501e+01,7.9108e-01,1.8741e-01
9.6400e+03,5.2040e-01,7.0824e-01,2.2501e+01,7.9141e-01,1.8752e-01
9.6500e+03,5.1996e-01,7.0792e-01,2.2501e+01,7.9173e-01,1.8764e-01
9.6600e+03,5.1952e-01,7.0759e-01,2.2501e+01,7.9206e-01,1.8776e-01
9.6700e+03,5.1908e-01,7.0726e-01,2.2501e+01,7.9238e-01,1.8787e-01
9.6800e+03,5.1864e-01,7.0694e-01,2.2501e+01,7.9271e-01,1.8799e-01
9.6900e+03,5.1820e-01,7.0661e-01,2.2501e+01,7.9303e-01,1.8810e-01
9.7000e+03,5.1776e-01,7.0629e-01,2.2501e+01,7.9336e-01,1.8822e-01
9.7100e+03,5.1732e-01,7.0596e-01,2.2501e+01,7.9368e-01,1.8833e-01
9.7200e+03,5.1688e-01,7.0564e-01,2.2501e+01,7.9401e-01,1.8844e-01
9.7300e+03,5.1644e-01,7.0532e-01,2.2501e+01,7.9433e-01,1.8856e-01
9.7400e+03,5.1601e-01,7.0499e-01,2.2501e+01,7.9465e-01,1.8867e-01
9.7500e+03,5.1557e-01,7.0467e-01,2.2501e+01,7.9498e-01,1.8879e-01
9.7600e+03,5.1513e-01,7.0435e-01,2.2501e+01,7.9530e-01,1.8890e-01
9.7700e+03,5.1470e-01,7.0403e-01,2.2501e+01,7.9562e-01,1.8902e-01
9.7800e+03,5.1426e-01,7.0371e-01,2.2501e+01,7.9594e-01,1.8913e-01
9.7900e+03,5.1383e-01,7.0338e-01,2.2501e+01,7.9626e-01,1.8924e-01
9.8000e+03,5.1339e-01,7.0306e-01,2.2501e+01,7.9658e-01,1.8936e-01
9.8100e+03,5.1296e-01,7.0274e-01,2.2501e+01,7.9690e-01,1.8947e-01
9.8200e+03,5.1253e-01,7.0242e-01,2.2501e+01,7.9722e-01,1.8959e-01
9.8300e+03,5.1209e-01,7.0211e-01,2.2501e+01,7.9754e-01,1.8970e-01
9.8400e+03,5.1166e-01,7.0179e-01,2.2501e+01,7.9786e-01,1.8981e-01
9.8500e+03,5.1123e-01,7.0147e-01,2.2501e+01,7.9818e-01,1.8993e-01
9.8600e+03,5.1080e-01,7.0115e-01,2.2501e+01,7.9849e-01,1.9004e-01
9.8700e+03,5.1037e-01,7.0083e-01,2.2501e+01,7.9881e-01,1.9015e-01
9.8800e+03,5.0994e-01,7.0052e-01,2.2501e+01,7.9913e-01,1.9027e-01
9.8900e+03,5.0951e-01,7.0020e-01,2.2501e+01,7.9945e-01,1.9038e-01
9.9000e+03,5.0908e-01,6.9988e-01,2.2501e+01,7.9976e-01,1.9049e-01
9.9100e+03,5.0865e-01,6.9957e-01,2.2501e+01,8.0008e-01,1.9061e-01
9.9200e+03,5.0822e-01,6.9925e-01,2.2501e+01,8.0039e-01,1.9072e-01
9.9300e+03,5.0779e-01,6.9894e-01,2.2501e+01,8.0071e-01,1.9083e-01
9.9400e+03,5.0737e-01,6.9862e-01,2.2501e+01,8.0102e-01,1.9094e-01
9.9500e+03,5.0694e-01,6.9831e-01,2.2501e+01,8.0134e-01,1.9106e-01
9.9600e+03,5.0651e-01,6.9799e-01,2.2501e+01,8.0165e-01,1.9117e-01
9.9700e+03,5.0609e-01,6.9768e-01,2.2501e+01,8.0196e-01,1.9128e-01
9.9800e+03,5.0566e-01,6.9737e-01,2.2501e+01,8.0228e-01,1.9139e-01
9.9900e+03,5.0524e-01,6.9705e-01,2.2501e+01,8.0259e-01,1.9150e-01
1.0000e+04,5.0481e-01,6.9674e-01,2.2501e+01,8.0290e-01,1.9162e-01
1.0010e+04,5.0439e-01,6.9643e-01,2.2501e+01,8.0321e-01,1.9173e-01
1.0020e+04,5.0397e-01,6.9612e-01,2.2501e+01,8.0353e-01,1.9184e-01
1.0030e+04,5.0355e-01,6.9581e-01,2.2501e+01,8.0384e-01,1.9195e-01
1.0040e+04,5.0312e-01,6.9550e-01,2.2501e+01,8.0415e-01,1.9206e-01
1.0050e+04,5.0270e-01,6.9519e-01,2.2501e+01,8.0446e-01,1.9217e-01
1.0060e+04,5.0228e-01,6.9488e-01,2.2501e+01,8.0477e-01,1.9229e-01
1.0070e+04,5.0186e-01,6.9457e-01,2.2501e+01,8.0508e-01,1.9240e-01
1.0080e+04,5.0144e-01,6.9426e-01,2.2501e+01,8.0539e-01,1.9251e-01
1.0090e+04,5.0102e-01,6.9395e-01,2.2501e+01,8.0569e-01,1.9262e-01
1.0100e+04,5.0060e-01,6.9364e-01,2.2501e+01,8.0600e-01,1.9273e-01
1.0110e+04,5.0018e-01,6.9333e-01,2.2501e+01,8.0631e-01,1.9284e-01
1.0120e+04,4.9976e-01,6.9302e-01,2.2501e+01,8.0662e-01,1.9295e-01
1.0130e+04,4.9935e-01,6.9272e-01,2.2501e+01,8.0692e-01,1.9306e-01
1.0140e+04,4.9893e-01,6.9241e-01,2.2501e+01,8.0723e-01,1.9317e-01
1.0150e+04,4.9851e-01,6.9210e-01,2.2501e+01,8.0754e-01,1.9329e-01
1.0160e+04,4.9810e-01,6.9180e-01,2.2501e+01,8.0784e-01,1.9340e-01
1.0170e+04,4.9768e-01,6.9149e-01,2.2501e+01,8.0815e-01,1.9351e-01
1.0180e+04,4.9726e-01,6.9119e-01,2.2501e+01,8.0845e-01,1.9362e-01
1.0190e+04,4.9685e-01,6.9088e-01,2.2501e+01,8.0876e-01,1.9373e-01
1.0200e+04,4.9643e-01,6.9058e-01,2.2501e+01,8.0906e-01,1.9384e-01
1.0210e+04,4.9602e-01,6.9027e-01,2.2501e+01,8.0937e-01,1.9395e-01
1.0220e+04,4.9561e-01,6.8997e-01,2.2501e+01,8.0967e-01,1.9406e-01
1.0230e+04,4.9519e-01,6.8967e-01,2.2501e+01,8.0997e-01,1.9417e-01
1.0240e+04,4.9478e-01,6.8936e-01,2.2501e+01,8.1028e-01,1.9428e-01
1.0250e+04,4.9437e-01,6.8906e-01,2.2501e+01,8.1058e-01,1.9439e-01
1.0260e+04,4.9396e-01,6.8876e-01,2.2501e+01,8.1088e-01,1.9450e-01
1.0270e+04,4.9355e-01,6.8846e-01,2.2501e+01,8.1118e-01,1.9460e-01
1.0280e+04,4.9314e-01,6.8816e-01,2.2501e+01,8.1148e-01,1.9471e-01
1.0290e+04,4.9273e-01,6.8786e-01,2.2501e+01,8.1178e-01,1.9482e-01
1.0300e+04,4.9232e-01,6.8755e-01,2.2501e+01,8.1208e-01,1.9493e-01
1.0310e+04,4.9191e-01,6.8725e-01,2.2501e+01,8.1238e-01,1.9504e-01
1.0320e+04,4.9150e-01,6.8695e-01,2.2501e+01,8.1268e-01,1.9515e-01
1.0330e+04,4.9109e-01,6.8666e-01,2.2501e+01,8.1298e-01,1.9526e-01
1.0340e+04,4.9068e-01,6.8636e-01,2.2501e+01,8.1328e-01,1.9537e-01
1.0350e+04,4.9028e-01,6.8606e-01,2.2501e+01,8.1358e-01,1.9548e-01
1.0360e+04,4.8987e-01,6.8576e-01,2.2501e+01,8.1388e-01,1.9559e-01
1.0370e+04,4.8946e-01,6.8546e-01,2.2501e+01,8.1418e-01,1.9569e-01
1.0380e+04,4.8906e-01,6.8516e-01,2.2501e+01,8.1447e-01,1.9580e-01
1.0390e+04,4.8865e-01,6.8487e-01,2.2501e+01,8.1477e-01,1.9591e-01
1.0400e+04,4.8825e-01,6.8457e-01,2.2501e+01,8.1507e-01,1.9602e-01
1.0410e+04,4.8784e-01,6.8427e-01,2.2501e+01,8.1536e-01,1.9613e-01
1.0420e+04,4.8744e-01,6.8398e-01,2.2501e+01,8.1566e-01,1.9624e-01
1.0430e+04,4.8703e-01,6.8368e-01,2.2501e+01,8.1596e-01,1.9634e-01
1.0440e+04,4.8663e-01,6.8339e-01,2.2501e+01,8.1625e-01,1.9645e-01
1.0450e+04,4.8623e-01,6.8309e-01,2.2501e+01,8.1655e-01,1.9656e-01
1.0460e+04,4.8583e-01,6.8280e-01,2.2501e+01,8.1684e-01,1.9667e-01
1.0470e+04,4.8542e-01,6.8250e-01,2.2501e+01,8.1713e-01,1.9678e-01
1.0480e+04,4.8502e-01,6.8221e-01,2.2501e+01,8.1743e-01,1.9688e-01
1.0490e+04,4.8462e-01,6.8192e-01,2.2501e+01,8.1772e-01,1.9699e-01
1.0500e+04,4.8422e-01,6.8162e-01,2.2501e+01,8.1801e-01,1.9710e-01
1.0510e+04,4.8382e-01,6.8133e-01,2.2501e+01,8.1831e-01,1.9721e-01
1.0520e+04,4.8342e-01,6.8104e-01,2.2501e+01,8.1860e-01,1.9731e-01
1.0530e+04,4.8302e-01,6.8075e-01,2.2501e+01,8.1889e-01,1.9742e-01
1.0540e+04,4.8263e-01,6.8045e-01,2.2501e+01,8.1918e-01,1.9753e-01
1.0550e+04,4.8223e-01,6.8016e-01,2.2501e+01,8.1947e-01,1.9763e-01
1.0560e+04,4.8183e-01,6.7987e-01,2.2501e+01,8.1976e-01,1.9774e-01
1.0570e+04,4.8143e-01,6.7958e-01,2.2501e+01,8.2005e-01,1.9785e-01
1.0580e+04,4.8104e-01,6.7929e-01,2.2501e+01,8.2034e-01,1.9795e-01
1.0590e+04,4.8064e-01,6.7900e-01,2.2501e+01,8.2063e-01,1.9806e-01
1.0600e+04,4.8024e-01,6.7871e-01,2.2501e+01,8.2092e-01,1.9817e-01
1.0610e+04,4.7985e-01,6.7842e-01,2.2501e+01,8.2121e-01,1.9827e-01
1.0620e+04,4.7945e-01,6.7813e-01,2.2501e+01,8.2150e-01,1.9838e-01
1.0630e+04,4.7906e-01,6.7785e-01,2.2501e+01,8.2179e-01,1.9849e-01
1.0640e+04,4.7866e-01,6.7756e-01,2.2501e+01,8.2208e-01,1.9859e-01
1.0650e+04,4.7827e-01,6.7727e-01,2.2501e+01,8.2236e-01,1.9870e-01
1.0660e+04,4.7788e-01,6.7698e-01,2.2501e+01,8.2265e-01,1.9880e-01
1.0670e+04,4.7748e-01,6.7670e-01,2.2501e+01,8.2294e-01,1.9891e-01
1.0680e+04,4.7709e-01,6.7641e-01,2.2501e+01,8.2322e-01,1.9902e-01
1.0690e+04,4.7670e-01,6.7612e-01,2.2501e+01,8.2351e-01,1.9912e-01
1.0700e+04,4.7631e-01,6.7584e-01,2.2501e+01,8.2380e-01,1.9923e-01
1.0710e+04,4.7592e-01,6.7555e-01,2.2501e+01,8.2408e-01,1.9933e-01
1.0720e+04,4.7553e-01,6.7527e-01,2.2501e+01,8.2437e-01,1.9944e-01
1.0730e+04,4.7514e-01,6.7498e-01,2.2501e+01,8.2465e-01,1.9954e-01
1.0740e+04,4.7475e-01,6.7470e-01,2.2501e+01,8.2494e-01,1.9965e-01
1.0750e+04,4.7436e-01,6.7441e-01,2.2501e+01,8.2522e-01,1.9976e-01
1.0760e+04,4.7397e-01,6.7413e-01,2.2501e+01,8.2550e-01,1.9986e-01
1.0770e+04,4.7358e-01,6.7385e-01,2.2501e+01,8.2579e-01,1.9997e-01
1.0780e+04,4.7319e-01,6.7356e-01,2.2501e+01,8.2607e-01,2.0007e-01
1.0790e+04,4.7281e-01,6.7328e-01,2.2501e+01,8.2635e-01,2.0018e-01
1.0800e+04,4.7242e-01,6.7300e-01,2.2501e+01,8.2663e-01,2.0028e-01
1.0810e+04,4.7203e-01,6.7272e-01,2.2501e+01,8.2692e-01,2.0038e-01
1.0820e+04,4.7165e-01,6.7244e-01,2.2501e+01,8.2720e-01,2.0049e-01
1.0830e+04,4.7126e-01,6.7215e-01,2.2501e+01,8.2748e-01,2.0059e-01
1.0840e+04,4.7088e-01,6.7187e-01,2.2501e+01,8.2776e-01,2.0070e-01
1.0850e+04,4.7049e-01,6.7159e-01,2.2501e+01,8.2804e-01,2.0080e-01
1.0860e+04,4.7011e-01,6.7131e-01,2.2501e+01,8.2832e-01,2.0091e-01
1.0870e+04,4.6972e-01,6.7103e-01,2.2501e+01,8.2860e-01,2.0101e-01
1.0880e+04,4.6934e-01,6.7075e-01,2.2501e+01,8.2888e-01,2.0112e-01
1.0890e+04,4.6896e-01,6.7047e-01,2.2501e+01,8.2916e-01,2.0122e-01
1.0900e+04,4.6857e-01,6.7019e-01,2.2501e+01,8.2944e-01,2.0132e-01
1.0910e+04,4.6819e-01,6.6992e-01,2.2501e+01,8.2971e-01,2.0143e-01
1.0920e+04,4.6781e-01,6.6964e-01,2.2501e+01,8.2999e-01,2.0153e-01
1.0930e+04,4.6743e-01,6.6936e-01,2.2501e+01,8.3027e-01,2.0163e-01
1.0940e+04,4.6705e-01,6.6908e-01,2.2501e+01,8.3055e-01,2.0174e-01
1.0950e+04,4.6667e-01,6.6881e-01,2.2501e+01,8.3083e-01,2.0184e-01
1.0960e+04,4.6629e-01,6.6853e-01,2.2501e+01,8.3110e-01,2.0195e-01
1.0970e+04,4.6591e-01,6.6825e-01,2.2501e+01,8.3138e-01,2.0205e-01
1.0980e+04,4.6553e-01,6.6798e-01,2.2501e+01,8.3165e-01,2.0215e-01
1.0990e+04,4.6515e-01,6.6770e-01,2.2501e+01,8.3193e-01,2.0226e-01
1.1000e+04,4.6477e-01,6.6742e-01,2.2501e+01,8.3221e-01,2.0236e-01
1.1010e+04,4.6439e-01,6.6715e-01,2.2501e+01,8.3248e-01,2.0246e-01
1.1020e+04,4.6401e-01,6.6687e-01,2.2501e+01,8.3275e-01,2.0256e-01
1.1030e+04,4.6364e-01,6.6660e-01,2.2501e+01,8.3303e-01,2.0267e-01
1.1040e+04,4.6326e-01,6.6633e-01,2.2501e+01,8.3330e-01,2.0277e-01
1.1050e+04,4.6288e-01,6.6605e-01,2.2501e+01,8.3358e-01,2.0287e-01
1.1060e+04,4.6251e-01,6.6578e-01,2.2501e+01,8.3385e-01,2.0298e-01
1.1070e+04,4.6213e-01,6.6551e-01,2.2501e+01,8.3412e-01,2.0308e-01
1.1080e+04,4.6176e-01,6.6523e-01,2.2501e+01,8.3440e-01,2.0318e-01
1.1090e+04,4.6138e-01,6.6496e-01,2.2501e+01,8.3467e-01,2.0328e-01
1.1100e+04,4.6101e-01,6.6469e-01,2.2501e+01,8.3494e-01,2.0338e-01
1.1110e+04,4.6064e-01,6.6442e-01,2.2501e+01,8.3521e-01,2.0349e-01
1.1120e+04,4.6026e-01,6.6415e-01,2.2501e+01,8.3548e-01,2.0359e-01
1.1130e+04,4.5989e-01,6.6387e-01,2.2501e+01,8.3575e-01,2.0369e-01
1.1140e+04,4.5952e-01,6.6360e-01,2.2501e+01,8.3602e-01,2.0379e-01
1.1150e+04,4.5914e-01,6.6333e-01,2.2501e+01,8.3629e-01,2.0389e-01
1.1160e+04,4.5877e-01,6.6306e-01,2.2501e+01,8.3656e-01,2.0400e-01
1.1170e+04,4.5840e-01,6.6279e-01,2.2501e+01,8.3683e-01,2.0410e-01
1.1180e+04,4.5803e-01,6.6252e-01,2.2501e+01,8.3710e-01,2.0420e-01
1.1190e+04,4.5766e-01,6.6225e-01,2.2501e+01,8.3737e-01,2.0430e-01
1.1200e+04,4.5729e-01,6.6199e-01,2.2501e+01,8.3764e-01,2.0440e-01
1.1210e+04,4.5692e-01,6.6172e-01,2.2501e+01,8.3791e-01,2.0450e-01
1.1220e+04,4.5655e-01,6.6145e-01,2.2501e+01,8.3818e-01,2.0461e-01
1.1230e+04,4.5618e-01,6.6118e-01,2.2501e+01,8.3845e-01,2.0471e-01
1.1240e+04,4.5581e-01,6.6091e-01,2.2501e+01,8.3871e-01,2.0481e-01
1.1250e+04,4.5544e-01,6.6065e-01,2.2501e+01,8.3898e-01,2.0491e-01
1.1260e+04,4.5508e-01,6.6038e-01,2.2501e+01,8.3925e-01,2.0501e-01
1.1270e+04,4.5471e-01,6.6011e-01,2.2501e+01,8.3951e-01,2.0511e-01
1.1280e+04,4.5434e-01,6.5985e-01,2.2501e+01,8.3978e-01,2.0521e-01
1.1290e+04,4.5398e-01,6.5958e-01,2.2501e+01,8.4004e-01,2.0531e-01
1.1300e+04,4.5361e-01,6.5932e-01,2.2501e+01,8.4031e-01,2.0541e-01
1.1310e+04,4.5324e-01,6.5905e-01,2.2501e+01,8.4058e-01,2.0551e-01
1.1320e+04,4.5288e-01,6.5879e-01,2.2501e+01,8.4084e-01,2.0561e-01
1.1330e+04,4.5251e-01,6.5852e-01,2.2501e+01,8.4110e-01,2.0571e-01
1.1340e+04,4.5215e-01,6.5826e-01,2.2501e+01,8.4137e-01,2.0581e-01
1.1350e+04,4.5179e-01,6.5799e-01,2.2501e+01,8.4163e-01,2.0591e-01
1.1360e+04,4.5142e-01,6.5773e-01,2.2501e+01,8.4190e-01,2.0602e-01
1.1370e+04,4.5106e-01,6.5747e-01,2.2501e+01,8.4216e-01,2.0612e-01
1.1380e+04,4.5070e-01,6.5720e-01,2.2501e+01,8.4242e-01,2.0622e-01
1.1390e+04,4.5033e-01,6.5694e-01,2.2501e+01,8.4269e-01,2.0631e-01
1.1400e+04,4.4997e-01,6.5668e-01,2.2501e+01,8.4295e-01,2.0641e-01
1.1410e+04,4.4961e-01,6.5642e-01,2.2501e+01,8.4321e-01,2.0651e-01
1.1420e+04,4.4925e-01,6.5615e-01,2.2501e+01,8.4347e-01,2.0661e-01
1.1430e+04,4.4889e-01,6.5589e-01,2.2501e+01,8.4373e-01,2.0671e-01
1.1440e+04,4.4853e-01,6.5563e-01,2.2501e+01,8.4399e-01,2.0681e-01
1.1450e+04,4.4817e-01,6.5537e-01,2.2501e+01,8.4425e-01,2.0691e-01
1.1460e+04,4.4781e-01,6.5511e-01,2.2501e+01,8.4451e-01,2.0701e-01
1.1470e+04,4.4745e-01,6.5485e-01,2.2501e+01,8.4477e-01,2.0711e-01
1.1480e+04,4.4709e-01,6.5459e-01,2.2501e+01,8.4503e-01,2.0721e-01
1.1490e+04,4.4673e-01,6.5433e-01,2.2501e+01,8.4529e-01,2.0731e-01
1.1500e+04,4.4637e-01,6.5407e-01,2.2501e+01,8.4555e-01,2.0741e-01
1.1510e+04,4.4601e-01,6.5381e-01,2.2501e+01,8.4581e-01,2.0751e-01
1.1520e+04,4.4566e-01,6.5355e-01,2.2501e+01,8.4607e-01,2.0761e-01
1.1530e+04,4.4530e-01,6.5330e-01,2.2501e+01,8.4633e-01,2.0771e-01
1.1540e+04,4.4494e-01,6.5304e-01,2.2501e+01,8.4659e-01,2.0780e-01
1.1550e+04,4.4459e-01,6.5278e-01,2.2501e+01,8.4684e-01,2.0790e-01
1.1560e+04,4.4423e-01,6.5252e-01,2.2501e+01,8.4710e-01,2.0800e-01
1.1570e+04,4.4388e-01,6.5227e-01,2.2501e+01,8.4736e-01,2.0810e-01
1.1580e+04,4.4352e-01,6.5201e-01,2.2501e+01,8.4761e-01,2.0820e-01
1.1590e+04,4.4317e-01,6.5175e-01,2.2501e+01,8.4787e-01,2.0830e-01
1.1600e+04,4.4281e-01,6.5150e-01,2.2501e+01,8.4813e-01,2.0839e-01
1.1610e+04,4.4246e-01,6.5124e-01,2.2501e+01,8.4838e-01,2.0849e-01
1.1620e+04,4.4210e-01,6.5098e-01,2.2501e+01,8.4864e-01,2.0859e-01
1.1630e+04,4.4175e-01,6.5073e-01,2.2501e+01,8.4889e-01,2.0869e-01
1.1640e+04,4.4140e-01,6.5047e-01,2.2501e+01,8.4915e-01,2.0879e-01
1.1650e+04,4.4105e-01,6.5022e-01,2.2501e+01,8.4940e-01,2.0888e-01
1.1660e+04,4.4069e-01,6.4997e-01,2.2501e+01,8.4966e-01,2.0898e-01
1.1670e+04,4.4034e-01,6.4971e-01,2.2501e+01,8.4991e-01,2.0908e-01
1.1680e+04,4.3999e-01,6.4946e-01,2.2501e+01,8.5016e-01,2.0918e-01
1.1690e+04,4.3964e-01,6.4920e-01,2.2501e+01,8.5042e-01,2.0928e-01
1.1700e+04,4.3929e-01,6.4895e-01,2.2501e+01,8.5067e-01,2.0937e-01
1.1710e+04,4.3894e-01,6.4870e-01,2.2501e+01,8.5092e-01,2.0947e-01
1.1720e+04,4.3859e-01,6.4845e-01,2.2501e+01,8.5118e-01,2.0957e-01
1.1730e+04,4.3824e-01,6.4819e-01,2.2501e+01,8.5143e-01,2.0966e-01
1.1740e+04,4.3789e-01,6.4794e-01,2.2501e+01,8.5168e-01,2.0976e-01
1.1750e+04,4.3754e-01,6.4769e-01,2.2501e+01,8.5193e-01,2.0986e-01
1.1760e+04,4.3719e-01,6.4744e-01,2.2501e+01,8.5218e-01,2.0996e-01
1.1770e+04,4.3685e-01,6.4719e-01,2.2501e+01,8.5243e-01,2.1005e-01
1.1780e+04,4.3650e-01,6.4694e-01,2.2501e+01,8.5268e-01,2.1015e-01
1.1790e+04,4.3615e-01,6.4669e-01,2.2501e+01,8.5293e-01,2.1025e-01
1.1800e+04,4.3581e-01,6.4644e-01,2.2501e+01,8.5318e-01,2.1034e-01
1.1810e+04,4.3546e-01,6.4619e-01,2.2501e+01,8.5343e-01,2.1044e-01
1.1820e+04,4.3511e-01,6.4594e-01,2.2501e+01,8.5368e-01,2.1054e-01
1.1830e+04,4.3477e-01,6.4569e-01,2.2501e+01,8.5393e-01,2.1063e-01
1.1840e+04,4.3442e-01,6.4544e-01,2.2501e+01,8.5418e-01,2.1073e-01
1.1850e+04,4.3408e-01,6.4519e-01,2.2501e+01,8.5443e-01,2.1083e-01
1.1860e+04,4.3373e-01,6.4494e-01,2.2501e+01,8.5468e-01,2.1092e-01
1.1870e+04,4.3339e-01,6.4469e-01,2.2501e+01,8.5493e-01,2.1102e-01
1.1880e+04,4.3305e-01,6.4445e-01,2.2501e+01,8.5517e-01,2.1111e-01
1.1890e+04,4.3270e-01,6.4420e-01,2.2501e+01,8.5542e-01,2.1121e-01
1.1900e+04,4.3236e-01,6.4395e-01,2.2501e+01,8.5567e-01,2.1131e-01
1.1910e+04,4.3202e-01,6.4370e-01,2.2501e+01,8.5592e-01,2.1140e-01
1.1920e+04,4.3167e-01,6.4346e-01,2.2501e+01,8.5616e-01,2.1150e-01
1.1930e+04,4.3133e-01,6.4321e-01,2.2501e+01,8.5641e-01,2.1159e-01
1.1940e+04,4.3099e-01,6.4296e-01,2.2501e+01,8.5665e-01,2.1169e-01
1.1950e+04,4.3065e-01,6.4272e-01,2.2501e+01,8.5690e-01,2.1178e-01
1.1960e+04,4.3031e-01,6.4247e-01,2.2501e+01,8.5715e-01,2.1188e-01
1.1970e+04,4.2997e-01,6.4223e-01,2.2501e+01,8.5739e-01,2.1197e-01
1.1980e+04,4.2963e-01,6.4198e-01,2.2501e+01,8.5764e-01,2.1207e-01
1.1990e+04,4.2929e-01,6.4174e-01,2.2501e+01,8.5788e-01,2.1217e-01
1.2000e+04,4.2895e-01,6.4149e-01,2.2501e+01,8.5812e-01,2.1226e-01
1.2010e+04,4.2861e-01,6.4125e-01,2.2501e+01,8.5837e-01,2.1236e-01
1.2020e+04,4.2827e-01,6.4101e-01,2.2501e+01,8.5861e-01,2.1245e-01
1.2030e+04,4.2793e-01,6.4076e-01,2.2501e+01,8.5886e-01,2.1255e-01
1.2040e+04,4.2759e-01,6.4052e-01,2.2501e+01,8.5910e-01,2.1264e-01
1.2050e+04,4.2726e-01,6.4028e-01,2.2501e+01,8.5934e-01,2.1274e-01
1.2060e+04,4.2692e-01,6.4003e-01,2.2501e+01,8.5958e-01,2.1283e-01
1.2070e+04,4.2658e-01,6.3979e-01,2.2501e+01,8.5983e-01,2.1292e-01
1.2080e+04,4.2625e-01,6.3955e-01,2.2501e+01,8.6007e-01,2.1302e-01
1.2090e+04,4.2591e-01,6.3931e-01,2.2501e+01,8.6031e-01,2.1311e-01
1.2100e+04,4.2557e-01,6.3907e-01,2.2501e+01,8.6055e-01,2.1321e-01
1.2110e+04,4.2524e-01,6.3882e-01,2.2501e+01,8.6079e-01,2.1330e-01
1.2120e+04,4.2490e-01,6.3858e-01,2.2501e+01,8.6103e-01,2.1340e-01
1.2130e+04,4.2457e-01,6.3834e-01,2.2501e+01,8.6127e-01,2.1349e-01
1.2140e+04,4.2423e-01,6.3810e-01,2.2501e+01,8.6151e-01,2.1359e-01
1.2150e+04,4.2390e-01,6.3786e-01,2.2501e+01,8.6175e-01,2.1368e-01
1.2160e+04,4.2357e-01,6.3762e-01,2.2501e+01,8.6199e-01,2.1377e-01
1.2170e+04,4.2323e-01,6.3738e-01,2.2501e+01,8.6223e-01,2.1387e-01
1.2180e+04,4.2290e-01,6.3714e-01,2.2501e+01,8.6247e-01,2.1396e-01
1.2190e+04,4.2257e-01,6.3691e-01,2.2501e+01,8.6271e-01,2.1405e-01
1.2200e+04,4.2224e-01,6.3667e-01,2.2501e+01,8.6295e-01,2.1415e-01
1.2210e+04,4.2190e-01,6.3643e-01,2.2501e+01,8.6319e-01,2.1424e-01
1.2220e+04,4.2157e-01,6.3619e-01,2.2501e+01,8.6343e-01,2.1434e-01
1.2230e+04,4.2124e-01,6.3595e-01,2.2501e+01,8.6366e-01,2.1443e-01
1.2240e+04,4.2091e-01,6.3571e-01,2.2501e+01,8.6390e-01,2.1452e-01
1.2250e+04,4.2058e-01,6.3548e-01,2.2501e+01,8.6414e-01,2.1462e-01
1.2260e+04,4.2025e-01,6.3524e-01,2.2501e+01,8.6438e-01,2.1471e-01
1.2270e+04,4.1992e-01,6.3500e-01,2.2501e+01,8.6461e-01,2.1480e-01
1.2280e+04,4.1959e-01,6.3477e-01,2.2501e+01,8.6485e-01,2.1490e-01
1.2290e+04,4.1926e-01,6.3453e-01,2.2501e+01,8.6508e-01,2.1499e-01
1.2300e+04,4.1893e-01,6.3429e-01,2.2501e+01,8.6532e-01,2.1508e-01
1.2310e+04,4.1860e-01,6.3406e-01,2.2501e+01,8.6556e-01,2.1517e-01
1.2320e+04,4.1828e-01,6.3382e-01,2.2501e+01,8.6579e-01,2.1527e-01
1.2330e+04,4.1795e-01,6.3359e-01,2.2501e+01,8.6603e-01,2.1536e-01
1.2340e+04,4.1762e-01,6.3335e-01,2.2501e+01,8.6626e-01,2.1545e-01
1.2350e+04,4.1729e-01,6.3312e-01,2.2501e+01,8.6650e-01,2.1554e-01
1.2360e+04,4.1697e-01,6.3288e-01,2.2501e+01,8.6673e-01,2.1564e-01
1.2370e+04,4.1664e-01,6.3265e-01,2.2501e+01,8.6696e-01,2.1573e-01
1.2380e+04,4.1631e-01,6.3242e-01,2.2501e+01,8.6720e-01,2.1582e-01
1.2390e+04,4.1599e-01,6.3218e-01,2.2501e+01,8.6743e-01,2.1591e-01
1.2400e+04,4.1566e-01,6.3195e-01,2.2501e+01,8.6766e-01,2.1601e-01
1.2410e+04,4.1534e-01,6.3172e-01,2.2501e+01,8.6790e-01,2.1610e-01
1.2420e+04,4.1501e-01,6.3148e-01,2.2501e+01,8.6813e-01,2.1619e-01
1.2430e+04,4.1469e-01,6.3125e-01,2.2501e+01,8.6836e-01,2.1628e-01
1.2440e+04,4.1436e-01,6.3102e-01,2.2501e+01,8.6859e-01,2.1637e-01
1.2450e+04,4.1404e-01,6.3079e-01,2.2501e+01,8.6883e-01,2.1647e-01
1.2460e+04,4.1372e-01,6.3056e-01,2.2501e+01,8.6906e-01,2.1656e-01
1.2470e+04,4.1339e-01,6.3032e-01,2.2501e+01,8.6929e-01,2.1665e-01
1.2480e+04,4.1307e-01,6.3009e-01,2.2501e+01,8.6952e-01,2.1674e-01
1.2490e+04,4.1275e-01,6.2986e-01,2.2501e+01,8.6975e-01,2.1683e-01
1.2500e+04,4.1243e-01,6.2963e-01,2.2501e+01,8.6998e-01,2.1692e-01
1.2510e+04,4.1211e-01,6.2940e-01,2.2501e+01,8.7021e-01,2.1702e-01
1.2520e+04,4.1178e-01,6.2917e-01,2.2501e+01,8.7044e-01,2.1711e-01
1.2530e+04,4.1146e-01,6.2894e-01,2.2501e+01,8.7067e-01,2.1720e-01
1.2540e+04,4.1114e-01,6.2871e-01,2.2501e+01,8.7090e-01,2.1729e-01
1.2550e+04,4.1082e-01,6.2848e-01,2.2501e+01,8.7113e-01,2.1738e-01
1.2560e+04,4.1050e-01,6.2825e-01,2.2501e+01,8.7136e-01,2.1747e-01
1.2570e+04,4.1018e-01,6.2803e-01,2.2501e+01,8.7159e-01,2.1756e-01
1.2580e+04,4.0986e-01,6.2780e-01,2.2501e+01,8.7182e-01,2.1765e-01
1.2590e+04,4.0955e-01,6.2757e-01,2.2501e+01,8.7204e-01,2.1774e-01
1.2600e+04,4.0923e-01,6.2734e-01,2.2501e+01,8.7227e-01,2.1784e-01
1.2610e+04,4.0891e-01,6.2711e-01,2.2501e+01,8.7250e-01,2.1793e-01
1.2620e+04,4.0859e-01,6.2689e-01,2.2501e+01,8.7273e-01,2.1802e-01
1.2630e+04,4.0827e-01,6.2666e-01,2.2501e+01,8.7295e-01,2.1811e-01
1.2640e+04,4.0796e-01,6.2643e-01,2.2501e+01,8.7318e-01,2.1820e-01
1.2650e+04,4.0764e-01,6.2620e-01,2.2501e+01,8.7341e-01,2.1829e-01
1.2660e+04,4.0732e-01,6.2598e-01,2.2501e+01,8.7363e-01,2.1838e-01
1.2670e+04,4.0701e-01,6.2575e-01,2.2501e+01,8.7386e-01,2.1847e-01
1.2680e+04,4.0669e-01,6.2553e-01,2.2501e+01,8.7409e-01,2.1856e-01
1.2690e+04,4.0637e-01,6.2530e-01,2.2501e+01,8.7431e-01,2.1865e-01
1.2700e+04,4.0606e-01,6.2508e-01,2.2501e+01,8.7454e-01,2.1874e-01
1.2710e+04,4.0574e-01,6.2485e-01,2.2501e+01,8.7476e-01,2.1883e-01
1.2720e+04,4.0543e-01,6.2463e-01,2.2501e+01,8.7499e-01,2.1892e-01
1.2730e+04,4.0511e-01,6.2440e-01,2.2501e+01,8.7521e-01,2.1901e-01
1.2740e+04,4.0480e-01,6.2418e-01,2.2501e+01,8.7543e-01,2.1910e-01
1.2750e+04,4.0449e-01,6.2395e-01,2.2501e+01,8.7566e-01,2.1919e-01
1.2760e+04,4.0417e-01,6.2373e-01,2.2501e+01,8.7588e-01,2.1928e-01
1.2770e+04,4.0386e-01,6.2350e-01,2.2501e+01,8.7611e-01,2.1937e-01
1.2780e+04,4.0355e-01,6.2328e-01,2.2501e+01,8.7633e-01,2.1946e-01
1.2790e+04,4.0323e-01,6.2306e-01,2.2501e+01,8.7655e-01,2.1955e-01
1.2800e+04,4.0292e-01,6.2284e-01,2.2501e+01,8.7677e-01,2.1964e-01
1.2810e+04,4.0261e-01,6.2261e-01,2.2501e+01,8.7700e-01,2.1973e-01
1.2820e+04,4.0230e-01,6.2239e-01,2.2501e+01,8.7722e-01,2.1982e-01
1.2830e+04,4.0199e-01,6.2217e-01,2.2501e+01,8.7744e-01,2.1990e-01
1.2840e+04,4.0168e-01,6.2195e-01,2.2501e+01,8.7766e-01,2.1999e-01
1.2850e+04,4.0137e-01,6.2172e-01,2.2501e+01,8.7788e-01,2.2008e-01
1.2860e+04,4.0106e-01,6.2150e-01,2.2501e+01,8.7811e-01,2.2017e-01
1.2870e+04,4.0075e-01,6.2128e-01,2.2501e+01,8.7833e-01,2.2026e-01
1.2880e+04,4.0044e-01,6.2106e-01,2.2501e+01,8.7855e-01,2.2035e-01
1.2890e+04,4.0013e-01,6.2084e-01,2.2501e+01,8.7877e-01,2.2044e-01
1.2900e+04,3.9982e-01,6.2062e-01,2.2501e+01,8.7899e-01,2.2053e-01
1.2910e+04,3.9951e-01,6.2040e-01,2.2501e+01,8.7921e-01,2.2062e-01
1.2920e+04,3.9920e-01,6.2018e-01,2.2501e+01,8.7943e-01,2.2070e-01
1.2930e+04,3.9889e-01,6.1996e-01,2.2501e+01,8.7965e-01,2.2079e-01
1.2940e+04,3.9859e-01,6.1974e-01,2.2501e+01,8.7987e-01,2.2088e-01
1.2950e+04,3.9828e-01,6.1952e-01,2.2501e+01,8.8009e-01,2.2097e-01
1.2960e+04,3.9797e-01,6.1930e-01,2.2501e+01,8.8030e-01,2.2106e-01
1.2970e+04,3.9766e-01,6.1909e-01,2.2501e+01,8.8052e-01,2.2115e-01
1.2980e+04,3.9736e-01,6.1887e-01,2.2501e+01,8.8074e-01,2.2123e-01
1.2990e+04,3.9705e-01,6.1865e-01,2.2501e+01,8.8096e-01,2.2132e-01
1.3000e+04,3.9675e-01,6.1843e-01,2.2501e+01,8.8118e-01,2.2141e-01
1.3010e+04,3.9644e-01,6.1821e-01,2.2501e+01,8.8139e-01,2.2150e-01
1.3020e+04,3.9614e-01,6.1800e-01,2.2501e+01,8.8161e-01,2.2159e-01
1.3030e+04,3.9583e-01,6.1778e-01,2.2501e+01,8.8183e-01,2.2167e-01
1.3040e+04,3.9553e-01,6.1756e-01,2.2501e+01,8.8205e-01,2.2176e-01
1.3050e+04,3.9522e-01,6.1735e-01,2.2501e+01,8.8226e-01,2.2185e-01
1.3060e+04,3.9492e-01,6.1713e-01,2.2501e+01,8.8248e-01,2.2194e-01
1.3070e+04,3.9461e-01,6.1691e-01,2.2501e+01,8.8270e-01,2.2202e-01
1.3080e+04,3.9431e-01,6.1670e-01,2.2501e+01,8.8291e-01,2.2211e-01
1.3090e+04,3.9401e-01,6.1648e-01,2.2501e+01,8.8313e-01,2.2220e-01
1.3100e+04,3.9371e-01,6.1627e-01,2.2501e+01,8.8334e-01,2.2229e-01
1.3110e+04,3.9340e-01,6.1605e-01,2.2501e+01,8.8356e-01,2.2237e-01
1.3120e+04,3.9310e-01,6.1584e-01,2.2501e+01,8.8377e-01,2.2246e-01
1.3130e+04,3.9280e-01,6.1562e-01,2.2501e+01,8.8399e-01,2.2255e-01
1.3140e+04,3.9250e-01,6.1541e-01,2.2501e+01,8.8420e-01,2.2264e-01
1.3150e+04,3.9220e-01,6.1519e-01,2.2501e+01,8.8441e-01,2.2272e-01
1.3160e+04,3.9190e-01,6.1498e-01,2.2501e+01,8.8463e-01,2.2281e-01
1.3170e+04,3.9159e-01,6.1476e-01,2.2501e+01,8.8484e-01,2.2290e-01
1.3180e+04,3.9129e-01,6.1455e-01,2.2501e+01,8.8506e-01,2.2298e-01
1.3190e+04,3.9099e-01,6.1434e-01,2.2501e+01,8.8527e-01,2.2307e-01
1.3200e+04,3.9069e-01,6.1412e-01,2.2501e+01,8.8548e-01,2.2316e-01
1.3210e+04,3.9040e-01,6.1391e-01,2.2501e+01,8.8569e-01,2.2324e-01
1.3220e+04,3.9010e-01,6.1370e-01,2.2501e+01,8.8591e-01,2.2333e-01
1.3230e+04,3.8980e-01,6.1349e-01,2.2501e+01,8.8612e-01,2.2342e-01
1.3240e+04,3.8950e-01,6.1327e-01,2.2501e+01,8.8633e-01,2.2350e-01
1.3250e+04,3.8920e-01,6.1306e-01,2.2501e+01,8.8654e-01,2.2359e-01
1.3260e+04,3.8890e-01,6.1285e-01,2.2501e+01,8.8676e-01,2.2368e-01
1.3270e+04,3.8861e-01,6.1264e-01,2.2501e+01,8.8697e-01,2.2376e-01
1.3280e+04,3.8831e-01,6.1243e-01,2.2501e+01,8.8718e-01,2.2385e-01
1.3290e+04,3.8801e-01,6.1222e-01,2.2501e+01,8.8739e-01,2.2393e-01
1.3300e+04,3.8772e-01,6.1201e-01,2.2501e+01,8.8760e-01,2.2402e-01
1.3310e+04,3.8742e-01,6.1180e-01,2.2501e+01,8.8781e-01,2.2411e-01
1.3320e+04,3.8712e-01,6.1159e-01,2.2501e+01,8.8802e-01,2.2419e-01
1.3330e+04,3.8683e-01,6.1138e-01,2.2501e+01,8.8823e-01,2.2428e-01
1.3340e+04,3.8653e-01,6.1117e-01,2.2501e+01,8.8844e-01,2.2436e-01
1.3350e+04,3.8624e-01,6.1096e-01,2.2501e+01,8.8865e-01,2.2445e-01
1.3360e+04,3.8594e-01,6.1075e-01,2.2501e+01,8.8886e-01,2.2453e-01
1.3370e+04,3.8565e-01,6.1054e-01,2.2501e+01,8.8907e-01,2.2462e-01
1.3380e+04,3.8535e-01,6.1033e-01,2.2501e+01,8.8928e-01,2.2471e-01
1.3390e+04,3.8506e-01,6.1012e-01,2.2501e+01,8.8948e-01,2.2479e-01
1.3400e+04,3.8477e-01,6.0991e-01,2.2501e+01,8.8969e-01,2.2488e-01
1.3410e+04,3.8447e-01,6.0970e-01,2.2501e+01,8.8990e-01,2.2496e-01
1.3420e+04,3.8418e-01,6.0950e-01,2.2501e+01,8.9011e-01,2.2505e-01
1.3430e+04,3.8389e-01,6.0929e-01,2.2501e+01,8.9032e-01,2.2513e-01
1.3440e+04,3.8359e-01,6.0908e-01,2.2501e+01,8.9052e-01,2.2522e-01
1.3450e+04,3.8330e-01,6.0887e-01,2.2501e+01,8.9073e-01,2.2530e-01
1.3460e+04,3.8301e-01,6.0867e-01,2.2501e+01,8.9094e-01,2.2539e-01
1.3470e+04,3.8272e-01,6.0846e-01,2.2501e+01,8.9114e-01,2.2547e-01
1.3480e+04,3.8243e-01,6.0825e-01,2.2501e+01,8.9135e-01,2.2556e-01
1.3490e+04,3.8214e-01,6.0805e-01,2.2501e+01,8.9156e-01,2.2564e-01
1.3500e+04,3.8184e-01,6.0784e-01,2.2501e+01,8.9176e-01,2.2573e-01
1.3510e+04,3.8155e-01,6.0763e-01,2.2501e+01,8.9197e-01,2.2581e-01
1.3520e+04,3.8126e-01,6.0743e-01,2.2501e+01,8.9217e-01,2.2590e-01
1.3530e+04,3.8097e-01,6.0722e-01,2.2501e+01,8.9238e-01,2.2598e-01
1.3540e+04,3.8068e-01,6.0702e-01,2.2501e+01,8.9258e-01,2.2606e-01
1.3550e+04,3.8040e-01,6.0681e-01,2.2501e+01,8.9279e-01,2.2615e-01
1.3560e+04,3.8011e-01,6.0661e-01,2.2501e+01,8.9299e-01,2.2623e-01
1.3570e+04,3.7982e-01,6.0640e-01,2.2501e+01,8.9320e-01,2.2632e-01
1.3580e+04,3.7953e-01,6.0620e-01,2.2501e+01,8.9340e-01,2.2640e-01
1.3590e+04,3.7924e-01,6.0600e-01,2.2501e+01,8.9361e-01,2.2649e-01
1.3600e+04,3.7895e-01,6.0579e-01,2.2501e+01,8.9381e-01,2.2657e-01
1.3610e+04,3.7867e-01,6.0559e-01,2.2501e+01,8.9401e-01,2.2665e-01
1.3620e+04,3.7838e-01,6.0539e-01,2.2501e+01,8.9422e-01,2.2674e-01
1.3630e+04,3.7809e-01,6.0518e-01,2.2501e+01,8.9442e-01,2.2682e-01
1.3640e+04,3.7780e-01,6.0498e-01,2.2501e+01,8.9462e-01,2.2691e-01
1.3650e+04,3.7752e-01,6.0478e-01,2.2501e+01,8.9483e-01,2.2699e-01
1.3660e+04,3.7723e-01,6.0457e-01,2.2501e+01,8.9503e-01,2.2707e-01
1.3670e+04,3.7695e-01,6.0437e-01,2.2501e+01,8.9523e-01,2.2716e-01
1.3680e+04,3.7666e-01,6.0417e-01,2.2501e+01,8.9543e-01,2.2724e-01
1.3690e+04,3.7638e-01,6.0397e-01,2.2501e+01,8.9563e-01,2.2732e-01
1.3700e+04,3.7609e-01,6.0377e-01,2.2501e+01,8.9584e-01,2.2741e-01
1.3710e+04,3.7581e-01,6.0356e-01,2.2501e+01,8.9604e-01,2.2749e-01
1.3720e+04,3.7552e-01,6.0336e-01,2.2501e+01,8.9624e-01,2.2757e-01
1.3730e+04,3.7524e-01,6.0316e-01,2.2501e+01,8.9644e-01,2.2766e-01
1.3740e+04,3.7495e-01,6.0296e-01,2.2501e+01,8.9664e-01,2.2774e-01
1.3750e+04,3.7467e-01,6.0276e-01,2.2501e+01,8.9684e-01,2.2782e-01
1.3760e+04,3.7439e-01,6.0256e-01,2.2501e+01,8.9704e-01,2.2791e-01
1.3770e+04,3.7410e-01,6.0236e-01,2.2501e+01,8.9724e-01,2.2799e-01
1.3780e+04,3.7382e-01,6.0216e-01,2.2501e+01,8.9744e-01,2.2807e-01
1.3790e+04,3.7354e-01,6.0196e-01,2.2501e+01,8.9764e-01,2.2816e-01
1.3800e+04,3.7326e-01,6.0176e-01,2.2501e+01,8.9784e-01,2.2824e-01
1.3810e+04,3.7297e-01,6.0156e-01,2.2501e+01,8.9804e-01,2.2832e-01
1.3820e+04,3.7269e-01,6.0136e-01,2.2501e+01,8.9824e-01,2.2840e-01
1.3830e+04,3.7241e-01,6.0116e-01,2.2501e+01,8.9844e-01,2.2849e-01
1.3840e+04,3.7213e-01,6.0097e-01,2.2501e+01,8.9863e-01,2.2857e-01
1.3850e+04,3.7185e-01,6.0077e-01,2.2501e+01,8.9883e-01,2.2865e-01
1.3860e+04,3.7157e-01,6.0057e-01,2.2501e+01,8.9903e-01,2.2873e-01
1.3870e+04,3.7129e-01,6.0037e-01,2.2501e+01,8.9923e-01,2.2882e-01
1.3880e+04,3.7101e-01,6.0017e-01,2.2501e+01,8.9943e-01,2.2890e-01
1.3890e+04,3.7073e-01,5.9998e-01,2.2501e+01,8.9962e-01,2.2898e-01
1.3900e+04,3.7045e-01,5.9978e-01,2.2501e+01,8.9982e-01,2.2906e-01
1.3910e+04,3.7017e-01,5.9958e-01,2.2501e+01,9.0002e-01,2.2915e-01
1.3920e+04,3.6989e-01,5.9938e-01,2.2501e+01,9.0021e-01,2.2923e-01
1.3930e+04,3.6961e-01,5.9919e-01,2.2501e+01,9.0041e-01,2.2931e-01
1.3940e+04,3.6933e-01,5.9899e-01,2.2501e+01,9.0061e-01,2.2939e-01
1.3950e+04,3.6906e-01,5.9880e-01,2.2501e+01,9.0080e-01,2.2947e-01
1.3960e+04,3.6878e-01,5.9860e-01,2.2501e+01,9.0100e-01,2.2955e-01
1.3970e+04,3.6850e-01,5.9840e-01,2.2501e+01,9.0120e-01,2.2964e-01
1.3980e+04,3.6822e-01,5.9821e-01,2.2501e+01,9.0139e-01,2.2972e-01
1.3990e+04,3.6795e-01,5.9801e-01,2.2501e+01,9.0159e-01,2.2980e-01
1.4000e+04,3.6767e-01,5.9782e-01,2.2501e+01,9.0178e-01,2.2988e-01
1.4010e+04,3.6739e-01,5.9762e-01,2.2501e+01,9.0198e-01,2.2996e-01
1.4020e+04,3.6712e-01,5.9743e-01,2.2501e+01,9.0217e-01,2.3004e-01
1.4030e+04,3.6684e-01,5.9723e-01,2.2501e+01,9.0237e-01,2.3013e-01
1.4040e+04,3.6657e-01,5.9704e-01,2.2501e+01,9.0256e-01,2.3021e-01
1.4050e+04,3.6629e-01,5.9684e-01,2.2501e+01,9.0275e-01,2.3029e-01
1.4060e+04,3.6602e-01,5.9665e-01,2.2501e+01,9.0295e-01,2.3037e-01
1.4070e+04,3.6574e-01,5.9646e-01,2.2501e+01,9.0314e-01,2.3045e-01
1.4080e+04,3.6547e-01,5.9626e-01,2.2501e+01,9.0333e-01,2.3053e-01
1.4090e+04,3.6519e-01,5.9607e-01,2.2501e+01,9.0353e-01,2.3061e-01
1.4100e+04,3.6492e-01,5.9588e-01,2.2501e+01,9.0372e-01,2.3069e-01
1.4110e+04,3.6465e-01,5.9568e-01,2.2501e+01,9.0391e-01,2.3077e-01
1.4120e+04,3.6437e-01,5.9549e-01,2.2501e+01,9.0411e-01,2.3086e-01
1.4130e+04,3.6410e-01,5.9530e-01,2.2501e+01,9.0430e-01,2.3094e-01
1.4140e+04,3.6383e-01,5.9511e-01,2.2501e+01,9.0449e-01,2.3102e-01
1.4150e+04,3.6355e-01,5.9491e-01,2.2501e+01,9.0468e-01,2.3110e-01
1.4160e+04,3.6328e-01,5.9472e-01,2.2501e+01,9.0487e-01,2.3118e-01
1.4170e+04,3.6301e-01,5.9453e-01,2.2501e+01,9.0507e-01,2.3126e-01
1.4180e+04,3.6274e-01,5.9434e-01,2.2501e+01,9.0526e-01,2.3134e-01
1.4190e+04,3.6247e-01,5.9415e-01,2.2501e+01,9.0545e-01,2.3142e-01
1.4200e+04,3.6219e-01,5.9396e-01,2.2501e+01,9.0564e-01,2.3150e-01
1.4210e+04,3.6192e-01,5.9377e-01,2.2501e+01,9.0583e-01,2.3158e-01
1.4220e+04,3.6165e-01,5.9358e-01,2.2501e+01,9.0602e-01,2.3166e-01
1.4230e+04,3.6138e-01,5.9339e-01,2.2501e+01,9.0621e-01,2.3174e-01
1.4240e+04,3.6111e-01,5.9320e-01,2.2501e+01,9.0640e-01,2.3182e-01
1.4250e+04,3.6084e-01,5.9301e-01,2.2501e+01,9.0659e-01,2.3190e-01
1.4260e+04,3.6057e-01,5.9282e-01,2.2501e+01,9.0678e-01,2.3198e-01
1.4270e+04,3.6030e-01,5.9263e-01,2.2501e+01,9.0697e-01,2.3206e-01
1.4280e+04,3.6003e-01,5.9244e-01,2.2501e+01,9.0716e-01,2.3214e-01
1.4290e+04,3.5976e-01,5.9225e-01,2.2501e+01,9.0735e-01,2.3222e-01
1.4300e+04,3.5950e-01,5.9206e-01,2.2501e+01,9.0754e-01,2.3230e-01
1.4310e+04,3.5923e-01,5.9187e-01,2.2501e+01,9.0773e-01,2.3238e-01
1.4320e+04,3.5896e-01,5.9168e-01,2.2501e+01,9.0792e-01,2.3246e-01
1.4330e+04,3.5869e-01,5.9149e-01,2.2501e+01,9.0810e-01,2.3254e-01
1.4340e+04,3.5842e-01,5.9130e-01,2.2501e+01,9.0829e-01,2.3262e-01
1.4350e+04,3.5816e-01,5.9112e-01,2.2501e+01,9.0848e-01,2.3270e-01
1.4360e+04,3.5789e-01,5.9093e-01,2.2501e+01,9.0867e-01,2.3278e-01
1.4370e+04,3.5762e-01,5.9074e-01,2.2501e+01,9.0885e-01,2.3286e-01
1.4380e+04,3.5736e-01,5.9055e-01,2.2501e+01,9.0904e-01,2.3294e-01
1.4390e+04,3.5709e-01,5.9037e-01,2.2501e+01,9.0923e-01,2.3302e-01
