t,[L2M],[D],[L],[L2MD],[L2Ms]
0.0000e+00,1.0000e+00,1.5000e+00,2.2500e+01,0.0000e+00,0.0000e+00
1.0000e+01,9.9801e-01,1.4987e+00,2.2500e+01,1.3240e-03,2.2077e-04
2.0000e+01,9.9647e-01,1.4974e+00,2.2500e+01,2.6472e-03,4.4159e-04
3.0000e+01,9.9493e-01,1.4960e+00,2.2500e+01,3.9672e-03,6.6207e-04
4.0000e+01,9.9339e-01,1.4947e+00,2.2500e+01,5.2839e-03,8.8221e-04
5.0000e+01,9.9186e-01,1.4934e+00,2.2500e+01,6.5975e-03,1.1020e-03
6.0000e+01,9.9033e-01,1.4921e+00,2.2500e+01,7.9079e-03,1.3215e-03
7.0000e+01,9.8880e-01,1.4908e+00,2.2500e+01,9.2151e-03,1.5406e-03
8.0000e+01,9.8728e-01,1.4895e+00,2.2500e+01,1.0519e-02,1.7594e-03
9.0000e+01,9.8576e-01,1.4882e+00,2.2500e+01,1.1820e-02,1.9778e-03
1.0000e+02,9.8424e-01,1.4869e+00,2.2500e+01,1.3118e-02,2.1959e-03
1.1000e+02,9.8273e-01,1.4856e+00,2.2500e+01,1.4413e-02,2.4137e-03
1.2000e+02,9.8122e-01,1.4843e+00,2.2500e+01,1.5704e-02,2.6312e-03
1.3000e+02,9.7971e-01,1.4830e+00,2.2500e+01,1.6993e-02,2.8483e-03
1.4000e+02,9.7821e-01,1.4817e+00,2.2500e+01,1.8278e-02,3.0651e-03
1.5000e+02,9.7671e-01,1.4804e+00,2.2500e+01,1.9560e-02,3.2815e-03
1.6000e+02,9.7522e-01,1.4792e+00,2.2500e+01,2.0840e-02,3.4976e-03
1.7000e+02,9.7373e-01,1.4779e+00,2.2500e+01,2.2116e-02,3.7134e-03
1.8000e+02,9.7224e-01,1.4766e+00,2.2500e+01,2.3389e-02,3.9289e-03
1.9000e+02,9.7075e-01,1.4753e+00,2.2500e+01,2.4659e-02,4.1440e-03
2.0000e+02,9.6927e-01,1.4741e+00,2.2500e+01,2.5926e-02,4.3588e-03
2.1000e+02,9.6779e-01,1.4728e+00,2.2500e+01,2.7190e-02,4.5733e-03
2.2000e+02,9.6632e-01,1.4715e+00,2.2500e+01,2.8451e-02,4.7874e-03
2.3000e+02,9.6485e-01,1.4703e+00,2.2500e+01,2.9709e-02,5.0012e-03
2.4000e+02,9.6338e-01,1.4690e+00,2.2500e+01,3.0964e-02,5.2147e-03
2.5000e+02,9.6191e-01,1.4678e+00,2.2500e+01,3.2216e-02,5.4279e-03
2.6000e+02,9.6045e-01,1.4665e+00,2.2500e+01,3.3465e-02,5.6408e-03
2.7000e+02,9.5899e-01,1.4653e+00,2.2500e+01,3.4712e-02,5.8533e-03
2.8000e+02,9.5754e-01,1.4640e+00,2.2500e+01,3.5955e-02,6.0655e-03
2.9000e+02,9.5608e-01,1.4628e+00,2.2500e+01,3.7195e-02,6.2774e-03
3.0000e+02,9.5463e-01,1.4615e+00,2.2500e+01,3.8432e-02,6.4889e-03
3.1000e+02,9.5319e-01,1.4603e+00,2.2500e+01,3.9667e-02,6.7002e-03
3.2000e+02,9.5175e-01,1.4591e+00,2.2500e+01,4.0898e-02,6.9111e-03
3.3000e+02,9.5031e-01,1.4579e+00,2.2500e+01,4.2127e-02,7.1217e-03
3.4000e+02,9.4887e-01,1.4566e+00,2.2500e+01,4.3353e-02,7.3320e-03
3.5000e+02,9.4744e-01,1.4554e+00,2.2500e+01,4.4576e-02,7.5419e-03
3.6000e+02,9.4601e-01,1.4542e+00,2.2500e+01,4.5796e-02,7.7516e-03
3.7000e+02,9.4458e-01,1.4530e+00,2.2500e+01,4.7013e-02,7.9609e-03
3.8000e+02,9.4316e-01,1.4518e+00,2.2500e+01,4.8227e-02,8.1699e-03
3.9000e+02,9.4174e-01,1.4505e+00,2.2500e+01,4.9438e-02,8.3786e-03
4.0000e+02,9.4032e-01,1.4493e+00,2.2500e+01,5.0647e-02,8.5870e-03
4.1000e+02,9.3891e-01,1.4481e+00,2.2500e+01,5.1853e-02,8.7951e-03
4.2000e+02,9.3750e-01,1.4469e+00,2.2500e+01,5.3056e-02,9.0029e-03
4.3000e+02,9.3609e-01,1.4457e+00,2.2500e+01,5.4256e-02,9.2103e-03
4.4000e+02,9.3468e-01,1.4445e+00,2.2500e+01,5.5453e-02,9.4175e-03
4.5000e+02,9.3328e-01,1.4433e+00,2.2500e+01,5.6648e-02,9.6243e-03
4.6000e+02,9.3189e-01,1.4421e+00,2.2500e+01,5.7840e-02,9.8308e-03
4.7000e+02,9.3049e-01,1.4409e+00,2.2500e+01,5.9029e-02,1.0037e-02
4.8000e+02,9.2910e-01,1.4398e+00,2.2500e+01,6.0215e-02,1.0243e-02
4.9000e+02,9.2771e-01,1.4386e+00,2.2500e+01,6.1399e-02,1.0449e-02
5.0000e+02,9.2632e-01,1.4374e+00,2.2500e+01,6.2580e-02,1.0654e-02
5.1000e+02,9.2494e-01,1.4362e+00,2.2500e+01,6.3758e-02,1.0859e-02
5.2000e+02,9.2356e-01,1.4350e+00,2.2500e+01,6.4933e-02,1.1064e-02
5.3000e+02,9.2218e-01,1.4339e+00,2.2500e+01,6.6106e-02,1.1268e-02
5.4000e+02,9.2081e-01,1.4327e+00,2.2500e+01,6.7276e-02,1.1472e-02
5.5000e+02,9.1944e-01,1.4315e+00,2.2500e+01,6.8443e-02,1.1676e-02
5.6000e+02,9.1807e-01,1.4304e+00,2.2500e+01,6.9608e-02,1.1879e-02
5.7000e+02,9.1670e-01,1.4292e+00,2.2500e+01,7.0770e-02,1.2082e-02
5.8000e+02,9.1534e-01,1.4280e+00,2.2500e+01,7.1929e-02,1.2285e-02
5.9000e+02,9.1398e-01,1.4269e+00,2.2500e+01,7.3085e-02,1.2488e-02
6.0000e+02,9.1263e-01,1.4257e+00,2.2500e+01,7.4239e-02,1.2690e-02
6.1000e+02,9.1127e-01,1.4246e+00,2.2500e+01,7.5391e-02,1.2892e-02
6.2000e+02,9.0992e-01,1.4234e+00,2.2500e+01,7.6539e-02,1.3094e-02
6.3000e+02,9.0858e-01,1.4223e+00,2.2500e+01,7.7685e-02,1.3295e-02
6.4000e+02,9.0723e-01,1.4211e+00,2.2500e+01,7.8829e-02,1.3496e-02
6.5000e+02,9.0589e-01,1.4200e+00,2.2500e+01,7.9970e-02,1.3697e-02
6.6000e+02,9.0455e-01,1.4189e+00,2.2500e+01,8.1108e-02,1.3897e-02
6.7000e+02,9.0321e-01,1.4177e+00,2.2500e+01,8.2243e-02,1.4098e-02
6.8000e+02,9.0188e-01,1.4166e+00,2.2500e+01,8.3376e-02,1.4297e-02
6.9000e+02,9.0055e-01,1.4155e+00,2.2500e+01,8.4507e-02,1.4497e-02
7.0000e+02,8.9922e-01,1.4143e+00,2.2500e+01,8.5635e-02,1.4696e-02
7.1000e+02,8.9790e-01,1.4132e+00,2.2500e+01,8.6760e-02,1.4895e-02
7.2000e+02,8.9658e-01,1.4121e+00,2.2500e+01,8.7883e-02,1.5094e-02
7.3000e+02,8.9526e-01,1.4110e+00,2.2500e+01,8.9003e-02,1.5292e-02
7.4000e+02,8.9394e-01,1.4098e+00,2.2500e+01,9.0121e-02,1.5491e-02
7.5000e+02,8.9263e-01,1.4087e+00,2.2500e+01,9.1236e-02,1.5688e-02
7.6000e+02,8.9132e-01,1.4076e+00,2.2500e+01,9.2349e-02,1.5886e-02
7.7000e+02,8.9001e-01,1.4065e+00,2.2500e+01,9.3459e-02,1.6083e-02
7.8000e+02,8.8871e-01,1.4054e+00,2.2500e+01,9.4567e-02,1.6280e-02
7.9000e+02,8.8741e-01,1.4043e+00,2.2500e+01,9.5672e-02,1.6477e-02
8.0000e+02,8.8611e-01,1.4032e+00,2.2500e+01,9.6775e-02,1.6673e-02
8.1000e+02,8.8481e-01,1.4021e+00,2.2500e+01,9.7875e-02,1.6869e-02
8.2000e+02,8.8352e-01,1.4010e+00,2.2500e+01,9.8973e-02,1.7065e-02
8.3000e+02,8.8223e-01,1.3999e+00,2.2500e+01,1.0007e-01,1.7261e-02
8.4000e+02,8.8094e-01,1.3988e+00,2.2500e+01,1.0116e-01,1.7456e-02
8.5000e+02,8.7965e-01,1.3977e+00,2.2500e+01,1.0225e-01,1.7651e-02
8.6000e+02,8.7837e-01,1.3966e+00,2.2500e+01,1.0334e-01,1.7846e-02
8.7000e+02,8.7709e-01,1.3955e+00,2.2500e+01,1.0442e-01,1.8040e-02
8.8000e+02,8.7581e-01,1.3944e+00,2.2500e+01,1.0551e-01,1.8234e-02
8.9000e+02,8.7454e-01,1.3934e+00,2.2500e+01,1.0659e-01,1.8428e-02
9.0000e+02,8.7327e-01,1.3923e+00,2.2500e+01,1.0767e-01,1.8621e-02
9.1000e+02,8.7200e-01,1.3912e+00,2.2500e+01,1.0874e-01,1.8815e-02
9.2000e+02,8.7073e-01,1.3901e+00,2.2500e+01,1.0982e-01,1.9008e-02
9.3000e+02,8.6947e-01,1.3891e+00,2.2500e+01,1.1089e-01,1.9200e-02
9.4000e+02,8.6821e-01,1.3880e+00,2.2500e+01,1.1196e-01,1.9393e-02
9.5000e+02,8.6695e-01,1.3869e+00,2.2500e+01,1.1302e-01,1.9585e-02
9.6000e+02,8.6569e-01,1.3859e+00,2.2500e+01,1.1409e-01,1.9777e-02
9.7000e+02,8.6444e-01,1.3848e+00,2.2500e+01,1.1515e-01,1.9968e-02
9.8000e+02,8.6319e-01,1.3837e+00,2.2500e+01,1.1621e-01,2.0160e-02
9.9000e+02,8.6194e-01,1.3827e+00,2.2500e+01,1.1726e-01,2.0351e-02
1.0000e+03,8.6069e-01,1.3816e+00,2.2500e+01,1.1832e-01,2.0541e-02
1.0100e+03,8.5945e-01,1.3806e+00,2.2500e+01,1.1937e-01,2.0732e-02
1.0200e+03,8.5821e-01,1.3795e+00,2.2500e+01,1.2042e-01,2.0922e-02
1.0300e+03,8.5697e-01,1.3785e+00,2.2500e+01,1.2147e-01,2.1112e-02
1.0400e+03,8.5574e-01,1.3774e+00,2.2500e+01,1.2251e-01,2.1302e-02
1.0500e+03,8.5451e-01,1.3764e+00,2.2500e+01,1.2356e-01,2.1491e-02
1.0600e+03,8.5328e-01,1.3753e+00,2.2500e+01,1.2460e-01,2.1680e-02
1.0700e+03,8.5205e-01,1.3743e+00,2.2500e+01,1.2564e-01,2.1869e-02
1.0800e+03,8.5082e-01,1.3733e+00,2.2500e+01,1.2667e-01,2.2058e-02
1.0900e+03,8.4960e-01,1.3722e+00,2.2500e+01,1.2771e-01,2.2246e-02
1.1000e+03,8.4838e-01,1.3712e+00,2.2500e+01,1.2874e-01,2.2434e-02
1.1100e+03,8.4717e-01,1.3702e+00,2.2500e+01,1.2977e-01,2.2622e-02
1.1200e+03,8.4595e-01,1.3691e+00,2.2500e+01,1.3080e-01,2.2809e-02
1.1300e+03,8.4474e-01,1.3681e+00,2.2500e+01,1.3182e-01,2.2997e-02
1.1400e+03,8.4353e-01,1.3671e+00,2.2500e+01,1.3284e-01,2.3184e-02
1.1500e+03,8.4232e-01,1.3661e+00,2.2500e+01,1.3386e-01,2.3370e-02
1.1600e+03,8.4112e-01,1.3651e+00,2.2500e+01,1.3488e-01,2.3557e-02
1.1700e+03,8.3991e-01,1.3640e+00,2.2500e+01,1.3590e-01,2.3743e-02
1.1800e+03,8.3871e-01,1.3630e+00,2.2500e+01,1.3691e-01,2.3929e-02
1.1900e+03,8.3752e-01,1.3620e+00,2.2500e+01,1.3792e-01,2.4114e-02
1.2000e+03,8.3632e-01,1.3610e+00,2.2500e+01,1.3893e-01,2.4300e-02
1.2100e+03,8.3513e-01,1.3600e+00,2.2500e+01,1.3994e-01,2.4485e-02
1.2200e+03,8.3394e-01,1.3590e+00,2.2500e+01,1.4095e-01,2.4670e-02
1.2300e+03,8.3275e-01,1.3580e+00,2.2500e+01,1.4195e-01,2.4854e-02
1.2400e+03,8.3157e-01,1.3570e+00,2.2500e+01,1.4295e-01,2.5039e-02
1.2500e+03,8.3038e-01,1.3560e+00,2.2500e+01,1.4395e-01,2.5223e-02
1.2600e+03,8.2920e-01,1.3550e+00,2.2500e+01,1.4495e-01,2.5406e-02
1.2700e+03,8.2803e-01,1.3540e+00,2.2500e+01,1.4594e-01,2.5590e-02
1.2800e+03,8.2685e-01,1.3530e+00,2.2500e+01,1.4693e-01,2.5773e-02
1.2900e+03,8.2568e-01,1.3520e+00,2.2500e+01,1.4792e-01,2.5956e-02
1.3000e+03,8.2451e-01,1.3510e+00,2.2500e+01,1.4891e-01,2.6139e-02
1.3100e+03,8.2334e-01,1.3500e+00,2.2500e+01,1.4990e-01,2.6321e-02
1.3200e+03,8.2217e-01,1.3491e+00,2.2500e+01,1.5088e-01,2.6504e-02
1.3300e+03,8.2101e-01,1.3481e+00,2.2500e+01,1.5186e-01,2.6686e-02
1.3400e+03,8.1985e-01,1.3471e+00,2.2500e+01,1.5284e-01,2.6867e-02
1.3500e+03,8.1869e-01,1.3461e+00,2.2500e+01,1.5382e-01,2.7049e-02
1.3600e+03,8.1753e-01,1.3451e+00,2.2500e+01,1.5479e-01,2.7230e-02
1.3700e+03,8.1638e-01,1.3442e+00,2.2500e+01,1.5577e-01,2.7411e-02
1.3800e+03,8.1523e-01,1.3432e+00,2.2500e+01,1.5674e-01,2.7592e-02
1.3900e+03,8.1408e-01,1.3422e+00,2.2500e+01,1.5771e-01,2.7772e-02
1.4000e+03,8.1293e-01,1.3413e+00,2.2500e+01,1.5867e-01,2.7952e-02
1.4100e+03,8.1178e-01,1.3403e+00,2.2500e+01,1.5964e-01,2.8132e-02
1.4200e+03,8.1064e-01,1.3393e+00,2.2500e+01,1.6060e-01,2.8312e-02
1.4300e+03,8.0950e-01,1.3384e+00,2.2500e+01,1.6156e-01,2.8491e-02
1.4400e+03,8.0836e-01,1.3374e+00,2.2500e+01,1.6252e-01,2.8670e-02
1.4500e+03,8.0723e-01,1.3364e+00,2.2500e+01,1.6348e-01,2.8849e-02
1.4600e+03,8.0609e-01,1.3355e+00,2.2500e+01,1.6443e-01,2.9028e-02
1.4700e+03,8.0496e-01,1.3345e+00,2.2500e+01,1.6539e-01,2.9206e-02
1.4800e+03,8.0383e-01,1.3336e+00,2.2500e+01,1.6634e-01,2.9385e-02
1.4900e+03,8.0271e-01,1.3326e+00,2.2500e+01,1.6729e-01,2.9563e-02
1.5000e+03,8.0158e-01,1.3317e+00,2.2500e+01,1.6823e-01,2.9740e-02
1.5100e+03,8.0046e-01,1.3307e+00,2.2500e+01,1.6918e-01,2.9918e-02
1.5200e+03,7.9934e-01,1.3298e+00,2.2500e+01,1.7012e-01,3.0095e-02
1.5300e+03,7.9822e-01,1.3289e+00,2.2500e+01,1.7106e-01,3.0272e-02
1.5400e+03,7.9711e-01,1.3279e+00,2.2500e+01,1.7200e-01,3.0448e-02
1.5500e+03,7.9599e-01,1.3270e+00,2.2500e+01,1.7294e-01,3.0625e-02
1.5600e+03,7.9488e-01,1.3261e+00,2.2500e+01,1.7387e-01,3.0801e-02
1.5700e+03,7.9377e-01,1.3251e+00,2.2500e+01,1.7480e-01,3.0977e-02
1.5800e+03,7.9267e-01,1.3242e+00,2.2500e+01,1.7573e-01,3.1153e-02
1.5900e+03,7.9156e-01,1.3233e+00,2.2500e+01,1.7666e-01,3.1328e-02
1.6000e+03,7.9046e-01,1.3223e+00,2.2500e+01,1.7759e-01,3.1503e-02
1.6100e+03,7.8936e-01,1.3214e+00,2.2500e+01,1.7852e-01,3.1678e-02
1.6200e+03,7.8826e-01,1.3205e+00,2.2500e+01,1.7944e-01,3.1853e-02
1.6300e+03,7.8717e-01,1.3196e+00,2.2500e+01,1.8036e-01,3.2028e-02
1.6400e+03,7.8607e-01,1.3186e+00,2.2500e+01,1.8128e-01,3.2202e-02
1.6500e+03,7.8498e-01,1.3177e+00,2.2500e+01,1.8220e-01,3.2376e-02
1.6600e+03,7.8389e-01,1.3168e+00,2.2500e+01,1.8311e-01,3.2550e-02
1.6700e+03,7.8281e-01,1.3159e+00,2.2500e+01,1.8403e-01,3.2723e-02
1.6800e+03,7.8172e-01,1.3150e+00,2.2500e+01,1.8494e-01,3.2896e-02
1.6900e+03,7.8064e-01,1.3141e+00,2.2500e+01,1.8585e-01,3.3069e-02
1.7000e+03,7.7956e-01,1.3132e+00,2.2500e+01,1.8676e-01,3.3242e-02
1.7100e+03,7.7848e-01,1.3123e+00,2.2500e+01,1.8766e-01,3.3415e-02
1.7200e+03,7.7740e-01,1.3113e+00,2.2500e+01,1.8857e-01,3.3587e-02
1.7300e+03,7.7633e-01,1.3104e+00,2.2500e+01,1.8947e-01,3.3759e-02
1.7400e+03,7.7526e-01,1.3095e+00,2.2500e+01,1.9037e-01,3.3931e-02
1.7500e+03,7.7419e-01,1.3086e+00,2.2500e+01,1.9127e-01,3.4103e-02
1.7600e+03,7.7312e-01,1.3077e+00,2.2500e+01,1.9216e-01,3.4274e-02
1.7700e+03,7.7205e-01,1.3069e+00,2.2500e+01,1.9306e-01,3.4445e-02
1.7800e+03,7.7099e-01,1.3060e+00,2.2500e+01,1.9395e-01,3.4616e-02
1.7900e+03,7.6993e-01,1.3051e+00,2.2500e+01,1.9484e-01,3.4787e-02
1.8000e+03,7.6887e-01,1.3042e+00,2.2500e+01,1.9573e-01,3.4957e-02
1.8100e+03,7.6781e-01,1.3033e+00,2.2500e+01,1.9662e-01,3.5127e-02
1.8200e+03,7.6675e-01,1.3024e+00,2.2500e+01,1.9751e-01,3.5297e-02
1.8300e+03,7.6570e-01,1.3015e+00,2.2500e+01,1.9839e-01,3.5467e-02
1.8400e+03,7.6465e-01,1.3006e+00,2.2500e+01,1.9927e-01,3.5636e-02
1.8500e+03,7.6360e-01,1.2998e+00,2.2500e+01,2.0015e-01,3.5806e-02
1.8600e+03,7.6255e-01,1.2989e+00,2.2500e+01,2.0103e-01,3.5975e-02
1.8700e+03,7.6150e-01,1.2980e+00,2.2500e+01,2.0191e-01,3.6144e-02
1.8800e+03,7.6046e-01,1.2971e+00,2.2500e+01,2.0278e-01,3.6312e-02
1.8900e+03,7.5942e-01,1.2963e+00,2.2500e+01,2.0366e-01,3.6480e-02
1.9000e+03,7.5838e-01,1.2954e+00,2.2500e+01,2.0453e-01,3.6649e-02
1.9100e+03,7.5734e-01,1.2945e+00,2.2500e+01,2.0540e-01,3.6816e-02
1.9200e+03,7.5631e-01,1.2936e+00,2.2500e+01,2.0626e-01,3.6984e-02
1.9300e+03,7.5527e-01,1.2928e+00,2.2500e+01,2.0713e-01,3.7151e-02
1.9400e+03,7.5424e-01,1.2919e+00,2.2500e+01,2.0799e-01,3.7319e-02
1.9500e+03,7.5321e-01,1.2910e+00,2.2500e+01,2.0886e-01,3.7486e-02
1.9600e+03,7.5219e-01,1.2902e+00,2.2500e+01,2.0972e-01,3.7652e-02
1.9700e+03,7.5116e-01,1.2893e+00,2.2500e+01,2.1058e-01,3.7819e-02
1.9800e+03,7.5014e-01,1.2885e+00,2.2500e+01,2.1143e-01,3.7985e-02
1.9900e+03,7.4912e-01,1.2876e+00,2.2500e+01,2.1229e-01,3.8151e-02
2.0000e+03,7.4810e-01,1.2868e+00,2.2500e+01,2.1314e-01,3.8317e-02
2.0100e+03,7.4708e-01,1.2859e+00,2.2500e+01,2.1400e-01,3.8483e-02
2.0200e+03,7.4606e-01,1.2851e+00,2.2500e+01,2.1485e-01,3.8648e-02
2.0300e+03,7.4505e-01,1.2842e+00,2.2500e+01,2.1569e-01,3.8813e-02
2.0400e+03,7.4404e-01,1.2834e+00,2.2500e+01,2.1654e-01,3.8978e-02
2.0500e+03,7.4303e-01,1.2825e+00,2.2500e+01,2.1739e-01,3.9143e-02
2.0600e+03,7.4202e-01,1.2817e+00,2.2500e+01,2.1823e-01,3.9307e-02
2.0700e+03,7.4101e-01,1.2808e+00,2.2500e+01,2.1907e-01,3.9472e-02
2.0800e+03,7.4001e-01,1.2800e+00,2.2500e+01,2.1991e-01,3.9636e-02
2.0900e+03,7.3901e-01,1.2792e+00,2.2500e+01,2.2075e-01,3.9799e-02
2.1000e+03,7.3801e-01,1.2783e+00,2.2500e+01,2.2159e-01,3.9963e-02
2.1100e+03,7.3701e-01,1.2775e+00,2.2500e+01,2.2242e-01,4.0126e-02
2.1200e+03,7.3601e-01,1.2766e+00,2.2500e+01,2.2326e-01,4.0289e-02
2.1300e+03,7.3502e-01,1.2758e+00,2.2500e+01,2.2409e-01,4.0452e-02
2.1400e+03,7.3402e-01,1.2750e+00,2.2500e+01,2.2492e-01,4.0615e-02
2.1500e+03,7.3303e-01,1.2742e+00,2.2500e+01,2.2575e-01,4.0778e-02
2.1600e+03,7.3204e-01,1.2733e+00,2.2500e+01,2.2657e-01,4.0940e-02
2.1700e+03,7.3106e-01,1.2725e+00,2.2500e+01,2.2740e-01,4.1102e-02
2.1800e+03,7.3007e-01,1.2717e+00,2.2500e+01,2.2822e-01,4.1264e-02
2.1900e+03,7.2909e-01,1.2709e+00,2.2500e+01,2.2904e-01,4.1425e-02
2.2000e+03,7.2811e-01,1.2700e+00,2.2500e+01,2.2986e-01,4.1587e-02
2.2100e+03,7.2713e-01,1.2692e+00,2.2500e+01,2.3068e-01,4.1748e-02
2.2200e+03,7.2615e-01,1.2684e+00,2.2500e+01,2.3150e-01,4.1909e-02
2.2300e+03,7.2517e-01,1.2676e+00,2.2500e+01,2.3231e-01,4.2070e-02
2.2400e+03,7.2420e-01,1.2668e+00,2.2500e+01,2.3313e-01,4.2230e-02
2.2500e+03,7.2323e-01,1.2660e+00,2.2500e+01,2.3394e-01,4.2391e-02
2.2600e+03,7.2225e-01,1.2651e+00,2.2500e+01,2.3475e-01,4.2551e-02
2.2700e+03,7.2129e-01,1.2643e+00,2.2500e+01,2.3556e-01,4.2711e-02
2.2800e+03,7.2032e-01,1.2635e+00,2.2500e+01,2.3637e-01,4.2870e-02
2.2900e+03,7.1935e-01,1.2627e+00,2.2500e+01,2.3717e-01,4.3030e-02
2.3000e+03,7.1839e-01,1.2619e+00,2.2500e+01,2.3798e-01,4.3189e-02
2.3100e+03,7.1743e-01,1.2611e+00,2.2500e+01,2.3878e-01,4.3348e-02
2.3200e+03,7.1647e-01,1.2603e+00,2.2500e+01,2.3958e-01,4.3507e-02
2.3300e+03,7.1551e-01,1.2595e+00,2.2500e+01,2.4038e-01,4.3665e-02
2.3400e+03,7.1456e-01,1.2587e+00,2.2500e+01,2.4118e-01,4.3824e-02
2.3500e+03,7.1360e-01,1.2579e+00,2.2500e+01,2.4197e-01,4.3982e-02
2.3600e+03,7.1265e-01,1.2571e+00,2.2500e+01,2.4277e-01,4.4140e-02
2.3700e+03,7.1170e-01,1.2563e+00,2.2500e+01,2.4356e-01,4.4298e-02
2.3800e+03,7.1075e-01,1.2555e+00,2.2500e+01,2.4435e-01,4.4455e-02
2.3900e+03,7.0980e-01,1.2547e+00,2.2500e+01,2.4514e-01,4.4613e-02
2.4000e+03,7.0886e-01,1.2540e+00,2.2500e+01,2.4593e-01,4.4770e-02
2.4100e+03,7.0791e-01,1.2532e+00,2.2500e+01,2.4672e-01,4.4927e-02
2.4200e+03,7.0697e-01,1.2524e+00,2.2500e+01,2.4750e-01,4.5083e-02
2.4300e+03,7.0603e-01,1.2516e+00,2.2500e+01,2.4829e-01,4.5240e-02
2.4400e+03,7.0509e-01,1.2508e+00,2.2500e+01,2.4907e-01,4.5396e-02
2.4500e+03,7.0415e-01,1.2500e+00,2.2500e+01,2.4985e-01,4.5552e-02
2.4600e+03,7.0322e-01,1.2493e+00,2.2500e+01,2.5063e-01,4.5708e-02
2.4700e+03,7.0229e-01,1.2485e+00,2.2500e+01,2.5141e-01,4.5864e-02
2.4800e+03,7.0135e-01,1.2477e+00,2.2500e+01,2.5218e-01,4.6019e-02
2.4900e+03,7.0042e-01,1.2469e+00,2.2500e+01,2.5296e-01,4.6175e-02
2.5000e+03,6.9950e-01,1.2462e+00,2.2500e+01,2.5373e-01,4.6330e-02
2.5100e+03,6.9857e-01,1.2454e+00,2.2500e+01,2.5450e-01,4.6485e-02
2.5200e+03,6.9764e-01,1.2446e+00,2.2500e+01,2.5527e-01,4.6639e-02
2.5300e+03,6.9672e-01,1.2438e+00,2.2500e+01,2.5604e-01,4.6794e-02
2.5400e+03,6.9580e-01,1.2431e+00,2.2500e+01,2.5681e-01,4.6948e-02
2.5500e+03,6.9488e-01,1.2423e+00,2.2500e+01,2.5757e-01,4.7102e-02
2.5600e+03,6.9396e-01,1.2415e+00,2.2500e+01,2.5834e-01,4.7256e-02
2.5700e+03,6.9305e-01,1.2408e+00,2.2500e+01,2.5910e-01,4.7409e-02
2.5800e+03,6.9213e-01,1.2400e+00,2.2500e+01,2.5986e-01,4.7563e-02
2.5900e+03,6.9122e-01,1.2393e+00,2.2500e+01,2.6062e-01,4.7716e-02
2.6000e+03,6.9031e-01,1.2385e+00,2.2500e+01,2.6138e-01,4.7869e-02
2.6100e+03,6.8940e-01,1.2377e+00,2.2500e+01,2.6214e-01,4.8022e-02
2.6200e+03,6.8849e-01,1.2370e+00,2.2500e+01,2.6289e-01,4.8174e-02
2.6300e+03,6.8758e-01,1.2362e+00,2.2500e+01,2.6365e-01,4.8327e-02
2.6400e+03,6.8668e-01,1.2355e+00,2.2500e+01,2.6440e-01,4.8479e-02
2.6500e+03,6.8577e-01,1.2347e+00,2.2500e+01,2.6515e-01,4.8631e-02
2.6600e+03,6.8487e-01,1.2340e+00,2.2500e+01,2.6590e-01,4.8783e-02
2.6700e+03,6.8397e-01,1.2332e+00,2.2500e+01,2.6665e-01,4.8935e-02
2.6800e+03,6.8308e-01,1.2325e+00,2.2500e+01,2.6739e-01,4.9086e-02
2.6900e+03,6.8218e-01,1.2317e+00,2.2500e+01,2.6814e-01,4.9237e-02
2.7000e+03,6.8128e-01,1.2310e+00,2.2500e+01,2.6888e-01,4.9388e-02
2.7100e+03,6.8039e-01,1.2303e+00,2.2500e+01,2.6963e-01,4.9539e-02
2.7200e+03,6.7950e-01,1.2295e+00,2.2500e+01,2.7037e-01,4.9690e-02
2.7300e+03,6.7861e-01,1.2288e+00,2.2500e+01,2.7111e-01,4.9840e-02
2.7400e+03,6.7772e-01,1.2280e+00,2.2500e+01,2.7185e-01,4.9990e-02
2.7500e+03,6.7683e-01,1.2273e+00,2.2500e+01,2.7258e-01,5.0140e-02
2.7600e+03,6.7595e-01,1.2266e+00,2.2500e+01,2.7332e-01,5.0290e-02
2.7700e+03,6.7506e-01,1.2258e+00,2.2500e+01,2.7405e-01,5.0440e-02
2.7800e+03,6.7418e-01,1.2251e+00,2.2500e+01,2.7478e-01,5.0589e-02
2.7900e+03,6.7330e-01,1.2244e+00,2.2500e+01,2.7552e-01,5.0739e-02
2.8000e+03,6.7242e-01,1.2236e+00,2.2500e+01,2.7625e-01,5.0888e-02
2.8100e+03,6.7155e-01,1.2229e+00,2.2500e+01,2.7697e-01,5.1037e-02
2.8200e+03,6.7067e-01,1.2222e+00,2.2500e+01,2.7770e-01,5.1185e-02
2.8300e+03,6.6980e-01,1.2214e+00,2.2500e+01,2.7843e-01,5.1334e-02
2.8400e+03,6.6892e-01,1.2207e+00,2.2500e+01,2.7915e-01,5.1482e-02
2.8500e+03,6.6805e-01,1.2200e+00,2.2500e+01,2.7987e-01,5.1630e-02
2.8600e+03,6.6718e-01,1.2193e+00,2.2500e+01,2.8060e-01,5.1778e-02
2.8700e+03,6.6631e-01,1.2186e+00,2.2500e+01,2.8132e-01,5.1926e-02
2.8800e+03,6.6545e-01,1.2178e+00,2.2500e+01,2.8203e-01,5.2073e-02
2.8900e+03,6.6458e-01,1.2171e+00,2.2500e+01,2.8275e-01,5.2221e-02
2.9000e+03,6.6372e-01,1.2164e+00,2.2500e+01,2.8347e-01,5.2368e-02
2.9100e+03,6.6286e-01,1.2157e+00,2.2500e+01,2.8418e-01,5.2515e-02
2.9200e+03,6.6200e-01,1.2150e+00,2.2500e+01,2.8490e-01,5.2661e-02
2.9300e+03,6.6114e-01,1.2143e+00,2.2500e+01,2.8561e-01,5.2808e-02
2.9400e+03,6.6028e-01,1.2136e+00,2.2500e+01,2.8632e-01,5.2954e-02
2.9500e+03,6.5943e-01,1.2128e+00,2.2500e+01,2.8703e-01,5.3101e-02
2.9600e+03,6.5857e-01,1.2121e+00,2.2500e+01,2.8774e-01,5.3247e-02
2.9700e+03,6.5772e-01,1.2114e+00,2.2500e+01,2.8844e-01,5.3392e-02
2.9800e+03,6.5687e-01,1.2107e+00,2.2500e+01,2.8915e-01,5.3538e-02
2.9900e+03,6.5602e-01,1.2100e+00,2.2500e+01,2.8985e-01,5.3683e-02
3.0000e+03,6.5517e-01,1.2093e+00,2.2500e+01,2.9056e-01,5.3829e-02
3.0100e+03,6.5433e-01,1.2086e+00,2.2500e+01,2.9126e-01,5.3974e-02
3.0200e+03,6.5348e-01,1.2079e+00,2.2500e+01,2.9196e-01,5.4119e-02
3.0300e+03,6.5264e-01,1.2072e+00,2.2500e+01,2.9266e-01,5.4263e-02
3.0400e+03,6.5179e-01,1.2065e+00,2.2500e+01,2.9335e-01,5.4408e-02
3.0500e+03,6.5095e-01,1.2058e+00,2.2500e+01,2.9405e-01,5.4552e-02
3.0600e+03,6.5011e-01,1.2051e+00,2.2500e+01,2.9474e-01,5.4696e-02
3.0700e+03,6.4928e-01,1.2044e+00,2.2500e+01,2.9544e-01,5.4840e-02
3.0800e+03,6.4844e-01,1.2037e+00,2.2500e+01,2.9613e-01,5.4984e-02
3.0900e+03,6.4761e-01,1.2030e+00,2.2500e+01,2.9682e-01,5.5127e-02
3.1000e+03,6.4677e-01,1.2024e+00,2.2500e+01,2.9751e-01,5.5271e-02
3.1100e+03,6.4594e-01,1.2017e+00,2.2500e+01,2.9820e-01,5.5414e-02
3.1200e+03,6.4511e-01,1.2010e+00,2.2500e+01,2.9889e-01,5.5557e-02
3.1300e+03,6.4428e-01,1.2003e+00,2.2500e+01,2.9957e-01,5.5700e-02
3.1400e+03,6.4346e-01,1.1996e+00,2.2500e+01,3.0026e-01,5.5843e-02
3.1500e+03,6.4263e-01,1.1989e+00,2.2500e+01,3.0094e-01,5.5985e-02
3.1600e+03,6.4181e-01,1.1982e+00,2.2500e+01,3.0162e-01,5.6127e-02
3.1700e+03,6.4098e-01,1.1976e+00,2.2500e+01,3.0230e-01,5.6269e-02
3.1800e+03,6.4016e-01,1.1969e+00,2.2500e+01,3.0298e-01,5.6411e-02
3.1900e+03,6.3934e-01,1.1962e+00,2.2500e+01,3.0366e-01,5.6553e-02
3.2000e+03,6.3852e-01,1.1955e+00,2.2500e+01,3.0434e-01,5.6695e-02
3.2100e+03,6.3770e-01,1.1948e+00,2.2500e+01,3.0502e-01,5.6836e-02
3.2200e+03,6.3689e-01,1.1942e+00,2.2500e+01,3.0569e-01,5.6977e-02
3.2300e+03,6.3607e-01,1.1935e+00,2.2500e+01,3.0636e-01,5.7118e-02
3.2400e+03,6.3526e-01,1.1928e+00,2.2500e+01,3.0704e-01,5.7259e-02
3.2500e+03,6.3445e-01,1.1922e+00,2.2500e+01,3.0771e-01,5.7400e-02
3.2600e+03,6.3364e-01,1.1915e+00,2.2500e+01,3.0838e-01,5.7540e-02
3.2700e+03,6.3283e-01,1.1908e+00,2.2500e+01,3.0904e-01,5.7680e-02
3.2800e+03,6.3202e-01,1.1902e+00,2.2500e+01,3.0971e-01,5.7821e-02
3.2900e+03,6.3122e-01,1.1895e+00,2.2500e+01,3.1038e-01,5.7961e-02
3.3000e+03,6.3041e-01,1.1888e+00,2.2500e+01,3.1104e-01,5.8100e-02
3.3100e+03,6.2961e-01,1.1882e+00,2.2500e+01,3.1171e-01,5.8240e-02
3.3200e+03,6.2881e-01,1.1875e+00,2.2500e+01,3.1237e-01,5.8379e-02
3.3300e+03,6.2801e-01,1.1868e+00,2.2500e+01,3.1303e-01,5.8518e-02
3.3400e+03,6.2721e-01,1.1862e+00,2.2500e+01,3.1369e-01,5.8658e-02
3.3500e+03,6.2641e-01,1.1855e+00,2.2500e+01,3.1435e-01,5.8796e-02
3.3600e+03,6.2561e-01,1.1849e+00,2.2500e+01,3.1501e-01,5.8935e-02
3.3700e+03,6.2482e-01,1.1842e+00,2.2500e+01,3.1566e-01,5.9074e-02
3.3800e+03,6.2403e-01,1.1835e+00,2.2500e+01,3.1632e-01,5.9212e-02
3.3900e+03,6.2323e-01,1.1829e+00,2.2500e+01,3.1697e-01,5.9350e-02
3.4000e+03,6.2244e-01,1.1822e+00,2.2500e+01,3.1762e-01,5.9488e-02
3.4100e+03,6.2165e-01,1.1816e+00,2.2500e+01,3.1828e-01,5.9626e-02
3.4200e+03,6.2087e-01,1.1809e+00,2.2500e+01,3.1893e-01,5.9764e-02
3.4300e+03,6.2008e-01,1.1803e+00,2.2500e+01,3.1957e-01,5.9901e-02
3.4400e+03,6.1929e-01,1.1796e+00,2.2500e+01,3.2022e-01,6.0038e-02
3.4500e+03,6.1851e-01,1.1790e+00,2.2500e+01,3.2087e-01,6.0175e-02
3.4600e+03,6.1773e-01,1.1783e+00,2.2500e+01,3.2152e-01,6.0312e-02
3.4700e+03,6.1695e-01,1.1777e+00,2.2500e+01,3.2216e-01,6.0449e-02
3.4800e+03,6.1617e-01,1.1771e+00,2.2500e+01,3.2280e-01,6.0586e-02
3.4900e+03,6.1539e-01,1.1764e+00,2.2500e+01,3.2345e-01,6.0722e-02
3.5000e+03,6.1461e-01,1.1758e+00,2.2500e+01,3.2409e-01,6.0858e-02
3.5100e+03,6.1383e-01,1.1751e+00,2.2500e+01,3.2473e-01,6.0995e-02
3.5200e+03,6.1306e-01,1.1745e+00,2.2500e+01,3.2536e-01,6.1130e-02
3.5300e+03,6.1229e-01,1.1739e+00,2.2500e+01,3.2600e-01,6.1266e-02
3.5400e+03,6.1152e-01,1.1732e+00,2.2500e+01,3.2664e-01,6.1402e-02
3.5500e+03,6.1074e-01,1.1726e+00,2.2500e+01,3.2727e-01,6.1537e-02
3.5600e+03,6.0998e-01,1.1719e+00,2.2500e+01,3.2791e-01,6.1672e-02
3.5700e+03,6.0921e-01,1.1713e+00,2.2500e+01,3.2854e-01,6.1808e-02
3.5800e+03,6.0844e-01,1.1707e+00,2.2500e+01,3.2917e-01,6.1942e-02
3.5900e+03,6.0767e-01,1.1700e+00,2.2500e+01,3.2980e-01,6.2077e-02
3.6000e+03,6.0691e-01,1.1694e+00,2.2500e+01,3.3043e-01,6.2212e-02
3.6100e+03,6.0615e-01,1.1688e+00,2.2500e+01,3.3106e-01,6.2346e-02
3.6200e+03,6.0539e-01,1.1682e+00,2.2500e+01,3.3169e-01,6.2480e-02
3.6300e+03,6.0463e-01,1.1675e+00,2.2500e+01,3.3232e-01,6.2614e-02
3.6400e+03,6.0387e-01,1.1669e+00,2.2500e+01,3.3294e-01,6.2748e-02
3.6500e+03,6.0311e-01,1.1663e+00,2.2500e+01,3.3356e-01,6.2882e-02
3.6600e+03,6.0235e-01,1.1657e+00,2.2500e+01,3.3419e-01,6.3015e-02
3.6700e+03,6.0160e-01,1.1650e+00,2.2500e+01,3.3481e-01,6.3149e-02
3.6800e+03,6.0084e-01,1.1644e+00,2.2500e+01,3.3543e-01,6.3282e-02
3.6900e+03,6.0009e-01,1.1638e+00,2.2500e+01,3.3605e-01,6.3415e-02
3.7000e+03,5.9934e-01,1.1632e+00,2.2500e+01,3.3667e-01,6.3548e-02
3.7100e+03,5.9859e-01,1.1626e+00,2.2500e+01,3.3728e-01,6.3681e-02
3.7200e+03,5.9784e-01,1.1619e+00,2.2500e+01,3.3790e-01,6.3813e-02
3.7300e+03,5.9709e-01,1.1613e+00,2.2500e+01,3.3852e-01,6.3946e-02
3.7400e+03,5.9635e-01,1.1607e+00,2.2500e+01,3.3913e-01,6.4078e-02
3.7500e+03,5.9560e-01,1.1601e+00,2.2500e+01,3.3974e-01,6.4210e-02
3.7600e+03,5.9486e-01,1.1595e+00,2.2500e+01,3.4035e-01,6.4342e-02
3.7700e+03,5.9412e-01,1.1589e+00,2.2500e+01,3.4097e-01,6.4473e-02
3.7800e+03,5.9338e-01,1.1583e+00,2.2500e+01,3.4158e-01,6.4605e-02
3.7900e+03,5.9264e-01,1.1577e+00,2.2500e+01,3.4218e-01,6.4736e-02
3.8000e+03,5.9190e-01,1.1571e+00,2.2500e+01,3.4279e-01,6.4868e-02
3.8100e+03,5.9116e-01,1.1564e+00,2.2500e+01,3.4340e-01,6.4999e-02
3.8200e+03,5.9042e-01,1.1558e+00,2.2500e+01,3.4400e-01,6.5130e-02
3.8300e+03,5.8969e-01,1.1552e+00,2.2500e+01,3.4461e-01,6.5260e-02
3.8400e+03,5.8895e-01,1.1546e+00,2.2500e+01,3.4521e-01,6.5391e-02
3.8500e+03,5.8822e-01,1.1540e+00,2.2500e+01,3.4581e-01,6.5521e-02
3.8600e+03,5.8749e-01,1.1534e+00,2.2500e+01,3.4641e-01,6.5652e-02
3.8700e+03,5.8676e-01,1.1528e+00,2.2500e+01,3.4701e-01,6.5782e-02
3.8800e+03,5.8603e-01,1.1522e+00,2.2500e+01,3.4761e-01,6.5912e-02
3.8900e+03,5.8530e-01,1.1516e+00,2.2500e+01,3.4821e-01,6.6041e-02
3.9000e+03,5.8458e-01,1.1510e+00,2.2500e+01,3.4881e-01,6.6171e-02
3.9100e+03,5.8385e-01,1.1504e+00,2.2500e+01,3.4940e-01,6.6300e-02
3.9200e+03,5.8313e-01,1.1498e+00,2.2500e+01,3.5000e-01,6.6430e-02
3.9300e+03,5.8241e-01,1.1493e+00,2.2500e+01,3.5059e-01,6.6559e-02
3.9400e+03,5.8168e-01,1.1487e+00,2.2500e+01,3.5118e-01,6.6688e-02
3.9500e+03,5.8096e-01,1.1481e+00,2.2500e+01,3.5178e-01,6.6817e-02
3.9600e+03,5.8024e-01,1.1475e+00,2.2500e+01,3.5237e-01,6.6945e-02
3.9700e+03,5.7953e-01,1.1469e+00,2.2500e+01,3.5296e-01,6.7074e-02
3.9800e+03,5.7881e-01,1.1463e+00,2.2500e+01,3.5354e-01,6.7202e-02
3.9900e+03,5.7809e-01,1.1457e+00,2.2500e+01,3.5413e-01,6.7330e-02
4.0000e+03,5.7738e-01,1.1451e+00,2.2500e+01,3.5472e-01,6.7458e-02
4.0100e+03,5.7667e-01,1.1445e+00,2.2500e+01,3.5530e-01,6.7586e-02
4.0200e+03,5.7595e-01,1.1440e+00,2.2500e+01,3.5589e-01,6.7714e-02
4.0300e+03,5.7524e-01,1.1434e+00,2.2500e+01,3.5647e-01,6.7841e-02
4.0400e+03,5.7453e-01,1.1428e+00,2.2500e+01,3.5705e-01,6.7969e-02
4.0500e+03,5.7382e-01,1.1422e+00,2.2500e+01,3.5764e-01,6.8096e-02
4.0600e+03,5.7312e-01,1.1416e+00,2.2500e+01,3.5822e-01,6.8223e-02
4.0700e+03,5.7241e-01,1.1410e+00,2.2500e+01,3.5880e-01,6.8350e-02
4.0800e+03,5.7170e-01,1.1405e+00,2.2500e+01,3.5937e-01,6.8477e-02
4.0900e+03,5.7100e-01,1.1399e+00,2.2500e+01,3.5995e-01,6.8603e-02
4.1000e+03,5.7030e-01,1.1393e+00,2.2500e+01,3.6053e-01,6.8730e-02
4.1100e+03,5.6960e-01,1.1387e+00,2.2500e+01,3.6110e-01,6.8856e-02
4.1200e+03,5.6890e-01,1.1382e+00,2.2500e+01,3.6168e-01,6.8982e-02
4.1300e+03,5.6820e-01,1.1376e+00,2.2500e+01,3.6225e-01,6.9108e-02
4.1400e+03,5.6750e-01,1.1370e+00,2.2500e+01,3.6282e-01,6.9234e-02
4.1500e+03,5.6680e-01,1.1364e+00,2.2500e+01,3.6339e-01,6.9359e-02
4.1600e+03,5.6611e-01,1.1359e+00,2.2500e+01,3.6397e-01,6.9485e-02
4.1700e+03,5.6541e-01,1.1353e+00,2.2500e+01,3.6453e-01,6.9610e-02
4.1800e+03,5.6472e-01,1.1347e+00,2.2500e+01,3.6510e-01,6.9736e-02
4.1900e+03,5.6402e-01,1.1342e+00,2.2500e+01,3.6567e-01,6.9861e-02
4.2000e+03,5.6333e-01,1.1336e+00,2.2500e+01,3.6624e-01,6.9985e-02
4.2100e+03,5.6264e-01,1.1330e+00,2.2500e+01,3.6680e-01,7.0110e-02
4.2200e+03,5.6195e-01,1.1325e+00,2.2500e+01,3.6737e-01,7.0235e-02
4.2300e+03,5.6127e-01,1.1319e+00,2.2500e+01,3.6793e-01,7.0359e-02
4.2400e+03,5.6058e-01,1.1313e+00,2.2500e+01,3.6849e-01,7.0484e-02
4.2500e+03,5.5989e-01,1.1308e+00,2.2500e+01,3.6905e-01,7.0608e-02
4.2600e+03,5.5921e-01,1.1302e+00,2.2500e+01,3.6962e-01,7.0732e-02
4.2700e+03,5.5853e-01,1.1297e+00,2.2500e+01,3.7018e-01,7.0856e-02
4.2800e+03,5.5784e-01,1.1291e+00,2.2500e+01,3.7073e-01,7.0979e-02
4.2900e+03,5.5716e-01,1.1285e+00,2.2500e+01,3.7129e-01,7.1103e-02
4.3000e+03,5.5648e-01,1.1280e+00,2.2500e+01,3.7185e-01,7.1226e-02
4.3100e+03,5.5580e-01,1.1274e+00,2.2500e+01,3.7240e-01,7.1349e-02
4.3200e+03,5.5512e-01,1.1269e+00,2.2500e+01,3.7296e-01,7.1472e-02
4.3300e+03,5.5445e-01,1.1263e+00,2.2500e+01,3.7351e-01,7.1595e-02
4.3400e+03,5.5377e-01,1.1258e+00,2.2500e+01,3.7407e-01,7.1718e-02
4.3500e+03,5.5310e-01,1.1252e+00,2.2500e+01,3.7462e-01,7.1841e-02
4.3600e+03,5.5242e-01,1.1247e+00,2.2500e+01,3.7517e-01,7.1963e-02
4.3700e+03,5.5175e-01,1.1241e+00,2.2500e+01,3.7572e-01,7.2086e-02
4.3800e+03,5.5108e-01,1.1236e+00,2.2500e+01,3.7627e-01,7.2208e-02
4.3900e+03,5.5041e-01,1.1230e+00,2.2500e+01,3.7682e-01,7.2330e-02
4.4000e+03,5.4974e-01,1.1225e+00,2.2500e+01,3.7736e-01,7.2452e-02
4.4100e+03,5.4907e-01,1.1219e+00,2.2500e+01,3.7791e-01,7.2573e-02
4.4200e+03,5.4840e-01,1.1214e+00,2.2500e+01,3.7846e-01,7.2695e-02
4.4300e+03,5.4774e-01,1.1208e+00,2.2500e+01,3.7900e-01,7.2816e-02
4.4400e+03,5.4707e-01,1.1203e+00,2.2500e+01,3.7954e-01,7.2938e-02
4.4500e+03,5.4641e-01,1.1197e+00,2.2500e+01,3.8009e-01,7.3059e-02
4.4600e+03,5.4575e-01,1.1192e+00,2.2500e+01,3.8063e-01,7.3180e-02
4.4700e+03,5.4508e-01,1.1187e+00,2.2500e+01,3.8117e-01,7.3301e-02
4.4800e+03,5.4442e-01,1.1181e+00,2.2500e+01,3.8171e-01,7.3421e-02
4.4900e+03,5.4376e-01,1.1176e+00,2.2500e+01,3.8225e-01,7.3542e-02
4.5000e+03,5.4311e-01,1.1170e+00,2.2500e+01,3.8279e-01,7.3662e-02
4.5100e+03,5.4245e-01,1.1165e+00,2.2500e+01,3.8332e-01,7.3783e-02
4.5200e+03,5.4179e-01,1.1160e+00,2.2500e+01,3.8386e-01,7.3903e-02
4.5300e+03,5.4114e-01,1.1154e+00,2.2500e+01,3.8440e-01,7.4023e-02
4.5400e+03,5.4048e-01,1.1149e+00,2.2500e+01,3.8493e-01,7.4143e-02
4.5500e+03,5.3983e-01,1.1144e+00,2.2500e+01,3.8546e-01,7.4262e-02
4.5600e+03,5.3918e-01,1.1138e+00,2.2500e+01,3.8600e-01,7.4382e-02
4.5700e+03,5.3853e-01,1.1133e+00,2.2500e+01,3.8653e-01,7.4501e-02
4.5800e+03,5.3788e-01,1.1128e+00,2.2500e+01,3.8706e-01,7.4620e-02
4.5900e+03,5.3723e-01,1.1122e+00,2.2500e+01,3.8759e-01,7.4740e-02
4.6000e+03,5.3658e-01,1.1117e+00,2.2500e+01,3.8812e-01,7.4859e-02
4.6100e+03,5.3593e-01,1.1112e+00,2.2500e+01,3.8865e-01,7.4977e-02
4.6200e+03,5.3528e-01,1.1107e+00,2.2500e+01,3.8918e-01,7.5096e-02
4.6300e+03,5.3464e-01,1.1101e+00,2.2500e+01,3.8970e-01,7.5215e-02
4.6400e+03,5.3400e-01,1.1096e+00,2.2500e+01,3.9023e-01,7.5333e-02
4.6500e+03,5.3335e-01,1.1091e+00,2.2500e+01,3.9075e-01,7.5451e-02
4.6600e+03,5.3271e-01,1.1085e+00,2.2500e+01,3.9128e-01,7.5569e-02
4.6700e+03,5.3207e-01,1.1080e+00,2.2500e+01,3.9180e-01,7.5687e-02
4.6800e+03,5.3143e-01,1.1075e+00,2.2500e+01,3.9232e-01,7.5805e-02
4.6900e+03,5.3079e-01,1.1070e+00,2.2500e+01,3.9284e-01,7.5923e-02
4.7000e+03,5.3015e-01,1.1065e+00,2.2500e+01,3.9336e-01,7.6040e-02
4.7100e+03,5.2952e-01,1.1059e+00,2.2500e+01,3.9388e-01,7.6158e-02
4.7200e+03,5.2888e-01,1.1054e+00,2.2500e+01,3.9440e-01,7.6275e-02
4.7300e+03,5.2825e-01,1.1049e+00,2.2500e+01,3.9492e-01,7.6392e-02
4.7400e+03,5.2761e-01,1.1044e+00,2.2500e+01,3.9544e-01,7.6509e-02
4.7500e+03,5.2698e-01,1.1039e+00,2.2500e+01,3.9595e-01,7.6626e-02
4.7600e+03,5.2635e-01,1.1034e+00,2.2500e+01,3.9647e-01,7.6743e-02
4.7700e+03,5.2572e-01,1.1028e+00,2.2500e+01,3.9698e-01,7.6859e-02
4.7800e+03,5.2509e-01,1.1023e+00,2.2500e+01,3.9749e-01,7.6976e-02
4.7900e+03,5.2446e-01,1.1018e+00,2.2500e+01,3.9801e-01,7.7092e-02
4.8000e+03,5.2383e-01,1.1013e+00,2.2500e+01,3.9852e-01,7.7208e-02
4.8100e+03,5.2320e-01,1.1008e+00,2.2500e+01,3.9903e-01,7.7324e-02
4.8200e+03,5.2258e-01,1.1003e+00,2.2500e+01,3.9954e-01,7.7440e-02
4.8300e+03,5.2195e-01,1.0998e+00,2.2500e+01,4.0005e-01,7.7556e-02
4.8400e+03,5.2133e-01,1.0993e+00,2.2500e+01,4.0056e-01,7.7671e-02
4.8500e+03,5.2070e-01,1.0988e+00,2.2500e+01,4.0106e-01,7.7787e-02
4.8600e+03,5.2008e-01,1.0982e+00,2.2500e+01,4.0157e-01,7.7902e-02
4.8700e+03,5.1946e-01,1.0977e+00,2.2500e+01,4.0208e-01,7.8017e-02
4.8800e+03,5.1884e-01,1.0972e+00,2.2500e+01,4.0258e-01,7.8132e-02
4.8900e+03,5.1822e-01,1.0967e+00,2.2500e+01,4.0309e-01,7.8247e-02
4.9000e+03,5.1760e-01,1.0962e+00,2.2500e+01,4.0359e-01,7.8362e-02
4.9100e+03,5.1699e-01,1.0957e+00,2.2500e+01,4.0409e-01,7.8477e-02
4.9200e+03,5.1637e-01,1.0952e+00,2.2500e+01,4.0459e-01,7.8591e-02
4.9300e+03,5.1576e-01,1.0947e+00,2.2500e+01,4.0509e-01,7.8705e-02
4.9400e+03,5.1514e-01,1.0942e+00,2.2500e+01,4.0559e-01,7.8820e-02
4.9500e+03,5.1453e-01,1.0937e+00,2.2500e+01,4.0609e-01,7.8934e-02
4.9600e+03,5.1392e-01,1.0932e+00,2.2500e+01,4.0659e-01,7.9048e-02
4.9700e+03,5.1330e-01,1.0927e+00,2.2500e+01,4.0709e-01,7.9161e-02
4.9800e+03,5.1269e-01,1.0922e+00,2.2500e+01,4.0759e-01,7.9275e-02
4.9900e+03,5.1208e-01,1.0917e+00,2.2500e+01,4.0808e-01,7.9389e-02
5.0000e+03,5.1148e-01,1.0912e+00,2.2500e+01,4.0858e-01,7.9502e-02
5.0100e+03,5.1087e-01,1.0907e+00,2.2500e+01,4.0907e-01,7.9615e-02
5.0200e+03,5.1026e-01,1.0903e+00,2.2500e+01,4.0957e-01,7.9729e-02
5.0300e+03,5.0966e-01,1.0898e+00,2.2500e+01,4.1006e-01,7.9842e-02
5.0400e+03,5.0905e-01,1.0893e+00,2.2500e+01,4.1055e-01,7.9954e-02
5.0500e+03,5.0845e-01,1.0888e+00,2.2500e+01,4.1104e-01,8.0067e-02
5.0600e+03,5.0784e-01,1.0883e+00,2.2500e+01,4.1153e-01,8.0180e-02
5.0700e+03,5.0724e-01,1.0878e+00,2.2500e+01,4.1202e-01,8.0292e-02
5.0800e+03,5.0664e-01,1.0873e+00,2.2500e+01,4.1251e-01,8.0405e-02
5.0900e+03,5.0604e-01,1.0868e+00,2.2500e+01,4.1300e-01,8.0517e-02
5.1000e+03,5.0544e-01,1.0863e+00,2.2500e+01,4.1348e-01,8.0629e-02
5.1100e+03,5.0484e-01,1.0858e+00,2.2500e+01,4.1397e-01,8.0741e-02
5.1200e+03,5.0425e-01,1.0854e+00,2.2500e+01,4.1446e-01,8.0853e-02
5.1300e+03,5.0365e-01,1.0849e+00,2.2500e+01,4.1494e-01,8.0964e-02
5.1400e+03,5.0305e-01,1.0844e+00,2.2500e+01,4.1543e-01,8.1076e-02
5.1500e+03,5.0246e-01,1.0839e+00,2.2500e+01,4.1591e-01,8.1187e-02
5.1600e+03,5.0187e-01,1.0834e+00,2.2500e+01,4.1639e-01,8.1298e-02
5.1700e+03,5.0127e-01,1.0829e+00,2.2500e+01,4.1687e-01,8.1410e-02
5.1800e+03,5.0068e-01,1.0825e+00,2.2500e+01,4.1735e-01,8.1521e-02
5.1900e+03,5.0009e-01,1.0820e+00,2.2500e+01,4.1783e-01,8.1631e-02
5.2000e+03,4.9950e-01,1.0815e+00,2.2500e+01,4.1831e-01,8.1742e-02
5.2100e+03,4.9891e-01,1.0810e+00,2.2500e+01,4.1879e-01,8.1853e-02
5.2200e+03,4.9832e-01,1.0805e+00,2.2500e+01,4.1927e-01,8.1963e-02
5.2300e+03,4.9774e-01,1.0801e+00,2.2500e+01,4.1975e-01,8.2074e-02
5.2400e+03,4.9715e-01,1.0796e+00,2.2500e+01,4.2022e-01,8.2184e-02
5.2500e+03,4.9657e-01,1.0791e+00,2.2500e+01,4.2070e-01,8.2294e-02
5.2600e+03,4.9598e-01,1.0786e+00,2.2500e+01,4.2117e-01,8.2404e-02
5.2700e+03,4.9540e-01,1.0782e+00,2.2500e+01,4.2165e-01,8.2514e-02
5.2800e+03,4.9481e-01,1.0777e+00,2.2500e+01,4.2212e-01,8.2624e-02
5.2900e+03,4.9423e-01,1.0772e+00,2.2500e+01,4.2259e-01,8.2733e-02
5.3000e+03,4.9365e-01,1.0767e+00,2.2500e+01,4.2306e-01,8.2843e-02
5.3100e+03,4.9307e-01,1.0763e+00,2.2500e+01,4.2353e-01,8.2952e-02
5.3200e+03,4.9249e-01,1.0758e+00,2.2500e+01,4.2400e-01,8.3061e-02
5.3300e+03,4.9191e-01,1.0753e+00,2.2500e+01,4.2447e-01,8.3170e-02
5.3400e+03,4.9134e-01,1.0749e+00,2.2500e+01,4.2494e-01,8.3279e-02
5.3500e+03,4.9076e-01,1.0744e+00,2.2500e+01,4.2541e-01,8.3388e-02
5.3600e+03,4.9018e-01,1.0739e+00,2.2500e+01,4.2588e-01,8.3497e-02
5.3700e+03,4.8961e-01,1.0735e+00,2.2500e+01,4.2634e-01,8.3605e-02
5.3800e+03,4.8904e-01,1.0730e+00,2.2500e+01,4.2681e-01,8.3714e-02
5.3900e+03,4.8846e-01,1.0725e+00,2.2500e+01,4.2727e-01,8.3822e-02
5.4000e+03,4.8789e-01,1.0721e+00,2.2500e+01,4.2774e-01,8.3930e-02
5.4100e+03,4.8732e-01,1.0716e+00,2.2500e+01,4.2820e-01,8.4038e-02
5.4200e+03,4.8675e-01,1.0711e+00,2.2500e+01,4.2866e-01,8.4146e-02
5.4300e+03,4.8618e-01,1.0707e+00,2.2500e+01,4.2912e-01,8.4254e-02
5.4400e+03,4.8561e-01,1.0702e+00,2.2500e+01,4.2958e-01,8.4362e-02
5.4500e+03,4.8504e-01,1.0698e+00,2.2500e+01,4.3004e-01,8.4469e-02
5.4600e+03,4.8448e-01,1.0693e+00,2.2500e+01,4.3050e-01,8.4577e-02
5.4700e+03,4.8391e-01,1.0688e+00,2.2500e+01,4.3096e-01,8.4684e-02
5.4800e+03,4.8334e-01,1.0684e+00,2.2500e+01,4.3142e-01,8.4791e-02
5.4900e+03,4.8278e-01,1.0679e+00,2.2500e+01,4.3188e-01,8.4898e-02
5.5000e+03,4.8222e-01,1.0675e+00,2.2500e+01,4.3234e-01,8.5005e-02
5.5100e+03,4.8165e-01,1.0670e+00,2.2500e+01,4.3279e-01,8.5112e-02
5.5200e+03,4.8109e-01,1.0666e+00,2.2500e+01,4.3325e-01,8.5218e-02
5.5300e+03,4.8053e-01,1.0661e+00,2.2500e+01,4.3370e-01,8.5325e-02
5.5400e+03,4.7997e-01,1.0657e+00,2.2500e+01,4.3415e-01,8.5431e-02
5.5500e+03,4.7941e-01,1.0652e+00,2.2500e+01,4.3461e-01,8.5538e-02
5.5600e+03,4.7885e-01,1.0647e+00,2.2500e+01,4.3506e-01,8.5644e-02
5.5700e+03,4.7829e-01,1.0643e+00,2.2500e+01,4.3551e-01,8.5750e-02
5.5800e+03,4.7774e-01,1.0638e+00,2.2500e+01,4.3596e-01,8.5856e-02
5.5900e+03,4.7718e-01,1.0634e+00,2.2500e+01,4.3641e-01,8.5962e-02
5.6000e+03,4.7663e-01,1.0629e+00,2.2500e+01,4.3686e-01,8.6067e-02
5.6100e+03,4.7607e-01,1.0625e+00,2.2500e+01,4.3731e-01,8.6173e-02
5.6200e+03,4.7552e-01,1.0620e+00,2.2500e+01,4.3776e-01,8.6278e-02
5.6300e+03,4.7497e-01,1.0616e+00,2.2500e+01,4.3821e-01,8.6384e-02
5.6400e+03,4.7441e-01,1.0612e+00,2.2500e+01,4.3865e-01,8.6489e-02
5.6500e+03,4.7386e-01,1.0607e+00,2.2500e+01,4.3910e-01,8.6594e-02
5.6600e+03,4.7331e-01,1.0603e+00,2.2500e+01,4.3954e-01,8.6699e-02
5.6700e+03,4.7276e-01,1.0598e+00,2.2500e+01,4.3999e-01,8.6804e-02
5.6800e+03,4.7222e-01,1.0594e+00,2.2500e+01,4.4043e-01,8.6908e-02
5.6900e+03,4.7167e-01,1.0589e+00,2.2500e+01,4.4087e-01,8.7013e-02
5.7000e+03,4.7112e-01,1.0585e+00,2.2500e+01,4.4132e-01,8.7117e-02
5.7100e+03,4.7058e-01,1.0580e+00,2.2500e+01,4.4176e-01,8.7222e-02
5.7200e+03,4.7003e-01,1.0576e+00,2.2500e+01,4.4220e-01,8.7326e-02
5.7300e+03,4.6949e-01,1.0572e+00,2.2500e+01,4.4264e-01,8.7430e-02
5.7400e+03,4.6894e-01,1.0567e+00,2.2500e+01,4.4308e-01,8.7534e-02
5.7500e+03,4.6840e-01,1.0563e+00,2.2500e+01,4.4352e-01,8.7638e-02
5.7600e+03,4.6786e-01,1.0558e+00,2.2500e+01,4.4396e-01,8.7742e-02
5.7700e+03,4.6732e-01,1.0554e+00,2.2500e+01,4.4439e-01,8.7845e-02
5.7800e+03,4.6678e-01,1.0550e+00,2.2500e+01,4.4483e-01,8.7949e-02
5.7900e+03,4.6624e-01,1.0545e+00,2.2500e+01,4.4527e-01,8.8052e-02
5.8000e+03,4.6570e-01,1.0541e+00,2.2500e+01,4.4570e-01,8.8155e-02
5.8100e+03,4.6516e-01,1.0537e+00,2.2500e+01,4.4614e-01,8.8259e-02
5.8200e+03,4.6462e-01,1.0532e+00,2.2500e+01,4.4657e-01,8.8362e-02
5.8300e+03,4.6409e-01,1.0528e+00,2.2500e+01,4.4701e-01,8.8465e-02
5.8400e+03,4.6355e-01,1.0524e+00,2.2500e+01,4.4744e-01,8.8567e-02
5.8500e+03,4.6302e-01,1.0519e+00,2.2500e+01,4.4787e-01,8.8670e-02
5.8600e+03,4.6248e-01,1.0515e+00,2.2500e+01,4.4830e-01,8.8773e-02
5.8700e+03,4.6195e-01,1.0511e+00,2.2500e+01,4.4873e-01,8.8875e-02
5.8800e+03,4.6142e-01,1.0506e+00,2.2500e+01,4.4916e-01,8.8977e-02
5.8900e+03,4.6088e-01,1.0502e+00,2.2500e+01,4.4959e-01,8.9079e-02
5.9000e+03,4.6035e-01,1.0498e+00,2.2500e+01,4.5002e-01,8.9182e-02
5.9100e+03,4.5982e-01,1.0494e+00,2.2500e+01,4.5045e-01,8.9284e-02
5.9200e+03,4.5929e-01,1.0489e+00,2.2500e+01,4.5088e-01,8.9385e-02
5.9300e+03,4.5877e-01,1.0485e+00,2.2500e+01,4.5130e-01,8.9487e-02
5.9400e+03,4.5824e-01,1.0481e+00,2.2500e+01,4.5173e-01,8.9589e-02
5.9500e+03,4.5771e-01,1.0476e+00,2.2500e+01,4.5215e-01,8.9690e-02
5.9600e+03,4.5719e-01,1.0472e+00,2.2500e+01,4.5258e-01,8.9792e-02
5.9700e+03,4.5666e-01,1.0468e+00,2.2500e+01,4.5300e-01,8.9893e-02
5.9800e+03,4.5614e-01,1.0464e+00,2.2500e+01,4.5343e-01,8.9994e-02
5.9900e+03,4.5561e-01,1.0459e+00,2.2500e+01,4.5385e-01,9.0095e-02
6.0000e+03,4.5509e-01,1.0455e+00,2.2500e+01,4.5427e-01,9.0196e-02
6.0100e+03,4.5457e-01,1.0451e+00,2.2500e+01,4.5469e-01,9.0297e-02
6.0200e+03,4.5405e-01,1.0447e+00,2.2500e+01,4.5511e-01,9.0397e-02
6.0300e+03,4.5352e-01,1.0443e+00,2.2500e+01,4.5553e-01,9.0498e-02
6.0400e+03,4.5300e-01,1.0438e+00,2.2500e+01,4.5595e-01,9.0598e-02
6.0500e+03,4.5249e-01,1.0434e+00,2.2500e+01,4.5637e-01,9.0699e-02
6.0600e+03,4.5197e-01,1.0430e+00,2.2500e+01,4.5679e-01,9.0799e-02
6.0700e+03,4.5145e-01,1.0426e+00,2.2500e+01,4.5721e-01,9.0899e-02
6.0800e+03,4.5093e-01,1.0422e+00,2.2500e+01,4.5762e-01,9.0999e-02
6.0900e+03,4.5042e-01,1.0418e+00,2.2500e+01,4.5804e-01,9.1099e-02
6.1000e+03,4.4990e-01,1.0413e+00,2.2500e+01,4.5846e-01,9.1199e-02
6.1100e+03,4.4939e-01,1.0409e+00,2.2500e+01,4.5887e-01,9.1298e-02
6.1200e+03,4.4887e-01,1.0405e+00,2.2500e+01,4.5929e-01,9.1398e-02
6.1300e+03,4.4836e-01,1.0401e+00,2.2500e+01,4.5970e-01,9.1497e-02
6.1400e+03,4.4785e-01,1.0397e+00,2.2500e+01,4.6011e-01,9.1597e-02
6.1500e+03,4.4734e-01,1.0393e+00,2.2500e+01,4.6052e-01,9.1696e-02
6.1600e+03,4.4682e-01,1.0389e+00,2.2500e+01,4.6094e-01,9.1795e-02
6.1700e+03,4.4631e-01,1.0384e+00,2.2500e+01,4.6135e-01,9.1894e-02
6.1800e+03,4.4580e-01,1.0380e+00,2.2500e+01,4.6176e-01,9.1993e-02
6.1900e+03,4.4530e-01,1.0376e+00,2.2500e+01,4.6217e-01,9.2091e-02
6.2000e+03,4.4479e-01,1.0372e+00,2.2500e+01,4.6258e-01,9.2190e-02
6.2100e+03,4.4428e-01,1.0368e+00,2.2500e+01,4.6299e-01,9.2289e-02
6.2200e+03,4.4377e-01,1.0364e+00,2.2500e+01,4.6339e-01,9.2387e-02
6.2300e+03,4.4327e-01,1.0360e+00,2.2500e+01,4.6380e-01,9.2485e-02
6.2400e+03,4.4276e-01,1.0356e+00,2.2500e+01,4.6421e-01,9.2583e-02
6.2500e+03,4.4226e-01,1.0352e+00,2.2500e+01,4.6461e-01,9.2681e-02
6.2600e+03,4.4176e-01,1.0348e+00,2.2500e+01,4.6502e-01,9.2779e-02
6.2700e+03,4.4125e-01,1.0344e+00,2.2500e+01,4.6542e-01,9.2877e-02
6.2800e+03,4.4075e-01,1.0340e+00,2.2500e+01,4.6583e-01,9.2975e-02
6.2900e+03,4.4025e-01,1.0336e+00,2.2500e+01,4.6623e-01,9.3073e-02
6.3000e+03,4.3975e-01,1.0332e+00,2.2500e+01,4.6664e-01,9.3170e-02
6.3100e+03,4.3925e-01,1.0328e+00,2.2500e+01,4.6704e-01,9.3268e-02
6.3200e+03,4.3875e-01,1.0324e+00,2.2500e+01,4.6744e-01,9.3365e-02
6.3300e+03,4.3825e-01,1.0320e+00,2.2500e+01,4.6784e-01,9.3462e-02
6.3400e+03,4.3775e-01,1.0315e+00,2.2500e+01,4.6824e-01,9.3559e-02
6.3500e+03,4.3726e-01,1.0311e+00,2.2500e+01,4.6864e-01,9.3656e-02
6.3600e+03,4.3676e-01,1.0307e+00,2.2500e+01,4.6904e-01,9.3753e-02
6.3700e+03,4.3627e-01,1.0304e+00,2.2500e+01,4.6944e-01,9.3850e-02
6.3800e+03,4.3577e-01,1.0300e+00,2.2500e+01,4.6984e-01,9.3946e-02
6.3900e+03,4.3528e-01,1.0296e+00,2.2500e+01,4.7024e-01,9.4043e-02
6.4000e+03,4.3478e-01,1.0292e+00,2.2500e+01,4.7063e-01,9.4139e-02
6.4100e+03,4.3429e-01,1.0288e+00,2.2500e+01,4.7103e-01,9.4235e-02
6.4200e+03,4.3380e-01,1.0284e+00,2.2500e+01,4.7142e-01,9.4332e-02
6.4300e+03,4.3331e-01,1.0280e+00,2.2500e+01,4.7182e-01,9.4428e-02
6.4400e+03,4.3282e-01,1.0276e+00,2.2500e+01,4.7221e-01,9.4524e-02
6.4500e+03,4.3233e-01,1.0272e+00,2.2500e+01,4.7261e-01,9.4620e-02
6.4600e+03,4.3184e-01,1.0268e+00,2.2500e+01,4.7300e-01,9.4715e-02
6.4700e+03,4.3135e-01,1.0264e+00,2.2500e+01,4.7339e-01,9.4811e-02
6.4800e+03,4.3086e-01,1.0260e+00,2.2500e+01,4.7379e-01,9.4907e-02
6.4900e+03,4.3038e-01,1.0256e+00,2.2500e+01,4.7418e-01,9.5002e-02
6.5000e+03,4.2989e-01,1.0252e+00,2.2500e+01,4.7457e-01,9.5097e-02
6.5100e+03,4.2940e-01,1.0248e+00,2.2500e+01,4.7496e-01,9.5192e-02
6.5200e+03,4.2892e-01,1.0244e+00,2.2500e+01,4.7535e-01,9.5288e-02
6.5300e+03,4.2843e-01,1.0240e+00,2.2500e+01,4.7574e-01,9.5383e-02
6.5400e+03,4.2795e-01,1.0237e+00,2.2500e+01,4.7613e-01,9.5477e-02
6.5500e+03,4.2747e-01,1.0233e+00,2.2500e+01,4.7652e-01,9.5572e-02
6.5600e+03,4.2699e-01,1.0229e+00,2.2500e+01,4.7690e-01,9.5667e-02
6.5700e+03,4.2650e-01,1.0225e+00,2.2500e+01,4.7729e-01,9.5762e-02
6.5800e+03,4.2602e-01,1.0221e+00,2.2500e+01,4.7768e-01,9.5856e-02
6.5900e+03,4.2554e-01,1.0217e+00,2.2500e+01,4.7806e-01,9.5950e-02
6.6000e+03,4.2506e-01,1.0213e+00,2.2500e+01,4.7845e-01,9.6045e-02
6.6100e+03,4.2459e-01,1.0210e+00,2.2500e+01,4.7883e-01,9.6139e-02
6.6200e+03,4.2411e-01,1.0206e+00,2.2500e+01,4.7922e-01,9.6233e-02
6.6300e+03,4.2363e-01,1.0202e+00,2.2500e+01,4.7960e-01,9.6327e-02
6.6400e+03,4.2315e-01,1.0198e+00,2.2500e+01,4.7998e-01,9.6421e-02
6.6500e+03,4.2268e-01,1.0194e+00,2.2500e+01,4.8036e-01,9.6514e-02
6.6600e+03,4.2220e-01,1.0190e+00,2.2500e+01,4.8075e-01,9.6608e-02
6.6700e+03,4.2173e-01,1.0187e+00,2.2500e+01,4.8113e-01,9.6701e-02
6.6800e+03,4.2125e-01,1.0183e+00,2.2500e+01,4.8151e-01,9.6795e-02
6.6900e+03,4.2078e-01,1.0179e+00,2.2500e+01,4.8189e-01,9.6888e-02
6.7000e+03,4.2031e-01,1.0175e+00,2.2500e+01,4.8227e-01,9.6981e-02
6.7100e+03,4.1984e-01,1.0171e+00,2.2500e+01,4.8265e-01,9.7074e-02
6.7200e+03,4.1936e-01,1.0168e+00,2.2500e+01,4.8302e-01,9.7167e-02
6.7300e+03,4.1889e-01,1.0164e+00,2.2500e+01,4.8340e-01,9.7260e-02
6.7400e+03,4.1842e-01,1.0160e+00,2.2500e+01,4.8378e-01,9.7353e-02
6.7500e+03,4.1795e-01,1.0156e+00,2.2500e+01,4.8416e-01,9.7446e-02
6.7600e+03,4.1749e-01,1.0153e+00,2.2500e+01,4.8453e-01,9.7538e-02
6.7700e+03,4.1702e-01,1.0149e+00,2.2500e+01,4.8491e-01,9.7631e-02
6.7800e+03,4.1655e-01,1.0145e+00,2.2500e+01,4.8528e-01,9.7723e-02
6.7900e+03,4.1608e-01,1.0141e+00,2.2500e+01,4.8566e-01,9.7815e-02
6.8000e+03,4.1562e-01,1.0138e+00,2.2500e+01,4.8603e-01,9.7908e-02
6.8100e+03,4.1515e-01,1.0134e+00,2.2500e+01,4.8640e-01,9.8000e-02
6.8200e+03,4.1469e-01,1.0130e+00,2.2500e+01,4.8678e-01,9.8092e-02
6.8300e+03,4.1422e-01,1.0126e+00,2.2500e+01,4.8715e-01,9.8184e-02
6.8400e+03,4.1376e-01,1.0123e+00,2.2500e+01,4.8752e-01,9.8275e-02
6.8500e+03,4.1330e-01,1.0119e+00,2.2500e+01,4.8789e-01,9.8367e-02
6.8600e+03,4.1284e-01,1.0115e+00,2.2500e+01,4.8826e-01,9.8458e-02
6.8700e+03,4.1237e-01,1.0112e+00,2.2500e+01,4.8863e-01,9.8550e-02
6.8800e+03,4.1191e-01,1.0108e+00,2.2500e+01,4.8900e-01,9.8641e-02
6.8900e+03,4.1145e-01,1.0104e+00,2.2500e+01,4.8937e-01,9.8732e-02
6.9000e+03,4.1099e-01,1.0100e+00,2.2500e+01,4.8974e-01,9.8824e-02
6.9100e+03,4.1054e-01,1.0097e+00,2.2500e+01,4.9011e-01,9.8915e-02
6.9200e+03,4.1008e-01,1.0093e+00,2.2500e+01,4.9047e-01,9.9006e-02
6.9300e+03,4.0962e-01,1.0089e+00,2.2500e+01,4.9084e-01,9.9096e-02
6.9400e+03,4.0916e-01,1.0086e+00,2.2500e+01,4.9121e-01,9.9187e-02
6.9500e+03,4.0871e-01,1.0082e+00,2.2500e+01,4.9157e-01,9.9278e-02
6.9600e+03,4.0825e-01,1.0078e+00,2.2500e+01,4.9194e-01,9.9368e-02
6.9700e+03,4.0780e-01,1.0075e+00,2.2500e+01,4.9230e-01,9.9459e-02
6.9800e+03,4.0734e-01,1.0071e+00,2.2500e+01,4.9266e-01,9.9549e-02
6.9900e+03,4.0689e-01,1.0068e+00,2.2500e+01,4.9303e-01,9.9639e-02
7.0000e+03,4.0644e-01,1.0064e+00,2.2500e+01,4.9339e-01,9.9729e-02
7.0100e+03,4.0598e-01,1.0060e+00,2.2500e+01,4.9375e-01,9.9819e-02
7.0200e+03,4.0553e-01,1.0057e+00,2.2500e+01,4.9411e-01,9.9909e-02
7.0300e+03,4.0508e-01,1.0053e+00,2.2500e+01,4.9448e-01,9.9999e-02
7.0400e+03,4.0463e-01,1.0049e+00,2.2500e+01,4.9484e-01,1.0009e-01
7.0500e+03,4.0418e-01,1.0046e+00,2.2500e+01,4.9520e-01,1.0018e-01
7.0600e+03,4.0373e-01,1.0042e+00,2.2500e+01,4.9556e-01,1.0027e-01
7.0700e+03,4.0328e-01,1.0039e+00,2.2500e+01,4.9592e-01,1.0036e-01
7.0800e+03,4.0283e-01,1.0035e+00,2.2500e+01,4.9627e-01,1.0045e-01
7.0900e+03,4.0239e-01,1.0031e+00,2.2500e+01,4.9663e-01,1.0054e-01
7.1000e+03,4.0194e-01,1.0028e+00,2.2500e+01,4.9699e-01,1.0063e-01
7.1100e+03,4.0149e-01,1.0024e+00,2.2500e+01,4.9735e-01,1.0071e-01
7.1200e+03,4.0105e-01,1.0021e+00,2.2500e+01,4.9770e-01,1.0080e-01
7.1300e+03,4.0060e-01,1.0017e+00,2.2500e+01,4.9806e-01,1.0089e-01
7.1400e+03,4.0016e-01,1.0014e+00,2.2500e+01,4.9841e-01,1.0098e-01
7.1500e+03,3.9972e-01,1.0010e+00,2.2500e+01,4.9877e-01,1.0107e-01
7.1600e+03,3.9927e-01,1.0007e+00,2.2500e+01,4.9912e-01,1.0116e-01
7.1700e+03,3.9883e-01,1.0003e+00,2.2500e+01,4.9948e-01,1.0125e-01
7.1800e+03,3.9839e-01,9.9995e-01,2.2500e+01,4.9983e-01,1.0133e-01
7.1900e+03,3.9795e-01,9.9959e-01,2.2500e+01,5.0018e-01,1.0142e-01
7.2000e+03,3.9751e-01,9.9924e-01,2.2500e+01,5.0054e-01,1.0151e-01
7.2100e+03,3.9707e-01,9.9889e-01,2.2500e+01,5.0089e-01,1.0160e-01
7.2200e+03,3.9663e-01,9.9854e-01,2.2500e+01,5.0124e-01,1.0169e-01
7.2300e+03,3.9619e-01,9.9819e-01,2.2500e+01,5.0159e-01,1.0177e-01
7.2400e+03,3.9575e-01,9.9784e-01,2.2500e+01,5.0194e-01,1.0186e-01
7.2500e+03,3.9531e-01,9.9749e-01,2.2500e+01,5.0229e-01,1.0195e-01
7.2600e+03,3.9488e-01,9.9714e-01,2.2500e+01,5.0264e-01,1.0204e-01
7.2700e+03,3.9444e-01,9.9679e-01,2.2500e+01,5.0299e-01,1.0213e-01
7.2800e+03,3.9401e-01,9.9644e-01,2.2500e+01,5.0334e-01,1.0221e-01
7.2900e+03,3.9357e-01,9.9609e-01,2.2500e+01,5.0369e-01,1.0230e-01
7.3000e+03,3.9314e-01,9.9574e-01,2.2500e+01,5.0403e-01,1.0239e-01
7.3100e+03,3.9270e-01,9.9540e-01,2.2500e+01,5.0438e-01,1.0247e-01
7.3200e+03,3.9227e-01,9.9505e-01,2.2500e+01,5.0473e-01,1.0256e-01
7.3300e+03,3.9184e-01,9.9470e-01,2.2500e+01,5.0507e-01,1.0265e-01
7.3400e+03,3.9140e-01,9.9436e-01,2.2500e+01,5.0542e-01,1.0273e-01
7.3500e+03,3.9097e-01,9.9401e-01,2.2500e+01,5.0576e-01,1.0282e-01
7.3600e+03,3.9054e-01,9.9367e-01,2.2500e+01,5.0611e-01,1.0291e-01
7.3700e+03,3.9011e-01,9.9332e-01,2.2500e+01,5.0645e-01,1.0299e-01
7.3800e+03,3.8968e-01,9.9298e-01,2.2500e+01,5.0679e-01,1.0308e-01
7.3900e+03,3.8925e-01,9.9264e-01,2.2500e+01,5.0714e-01,1.0317e-01
7.4000e+03,3.8882e-01,9.9230e-01,2.2500e+01,5.0748e-01,1.0325e-01
7.4100e+03,3.8840e-01,9.9195e-01,2.2500e+01,5.0782e-01,1.0334e-01
7.4200e+03,3.8797e-01,9.9161e-01,2.2500e+01,5.0816e-01,1.0343e-01
7.4300e+03,3.8754e-01,9.9127e-01,2.2500e+01,5.0850e-01,1.0351e-01
7.4400e+03,3.8712e-01,9.9093e-01,2.2500e+01,5.0884e-01,1.0360e-01
7.4500e+03,3.8669e-01,9.9059e-01,2.2500e+01,5.0918e-01,1.0368e-01
7.4600e+03,3.8627e-01,9.9025e-01,2.2500e+01,5.0952e-01,1.0377e-01
7.4700e+03,3.8584e-01,9.8991e-01,2.2500e+01,5.0986e-01,1.0385e-01
7.4800e+03,3.8542e-01,9.8957e-01,2.2500e+01,5.1020e-01,1.0394e-01
7.4900e+03,3.8499e-01,9.8924e-01,2.2500e+01,5.1054e-01,1.0403e-01
7.5000e+03,3.8457e-01,9.8890e-01,2.2500e+01,5.1087e-01,1.0411e-01
7.5100e+03,3.8415e-01,9.8856e-01,2.2500e+01,5.1121e-01,1.0420e-01
7.5200e+03,3.8373e-01,9.8823e-01,2.2500e+01,5.1155e-01,1.0428e-01
7.5300e+03,3.8331e-01,9.8789e-01,2.2500e+01,5.1188e-01,1.0437e-01
7.5400e+03,3.8289e-01,9.8755e-01,2.2500e+01,5.1222e-01,1.0445e-01
7.5500e+03,3.8247e-01,9.8722e-01,2.2500e+01,5.1255e-01,1.0454e-01
7.5600e+03,3.8205e-01,9.8688e-01,2.2500e+01,5.1289e-01,1.0462e-01
7.5700e+03,3.8163e-01,9.8655e-01,2.2500e+01,5.1322e-01,1.0471e-01
7.5800e+03,3.8121e-01,9.8622e-01,2.2500e+01,5.1356e-01,1.0479e-01
7.5900e+03,3.8079e-01,9.8588e-01,2.2500e+01,5.1389e-01,1.0487e-01
7.6000e+03,3.8038e-01,9.8555e-01,2.2500e+01,5.1422e-01,1.0496e-01
7.6100e+03,3.7996e-01,9.8522e-01,2.2500e+01,5.1455e-01,1.0504e-01
7.6200e+03,3.7954e-01,9.8489e-01,2.2500e+01,5.1489e-01,1.0513e-01
7.6300e+03,3.7913e-01,9.8455e-01,2.2500e+01,5.1522e-01,1.0521e-01
7.6400e+03,3.7871e-01,9.8422e-01,2.2500e+01,5.1555e-01,1.0529e-01
7.6500e+03,3.7830e-01,9.8389e-01,2.2500e+01,5.1588e-01,1.0538e-01
7.6600e+03,3.7789e-01,9.8356e-01,2.2500e+01,5.1621e-01,1.0546e-01
7.6700e+03,3.7747e-01,9.8323e-01,2.2500e+01,5.1654e-01,1.0555e-01
7.6800e+03,3.7706e-01,9.8291e-01,2.2500e+01,5.1686e-01,1.0563e-01
7.6900e+03,3.7665e-01,9.8258e-01,2.2500e+01,5.1719e-01,1.0571e-01
7.7000e+03,3.7624e-01,9.8225e-01,2.2500e+01,5.1752e-01,1.0580e-01
7.7100e+03,3.7583e-01,9.8192e-01,2.2500e+01,5.1785e-01,1.0588e-01
7.7200e+03,3.7542e-01,9.8159e-01,2.2500e+01,5.1818e-01,1.0596e-01
7.7300e+03,3.7501e-01,9.8127e-01,2.2500e+01,5.1850e-01,1.0605e-01
7.7400e+03,3.7460e-01,9.8094e-01,2.2500e+01,5.1883e-01,1.0613e-01
7.7500e+03,3.7419e-01,9.8062e-01,2.2500e+01,5.1915e-01,1.0621e-01
7.7600e+03,3.7378e-01,9.8029e-01,2.2500e+01,5.1948e-01,1.0630e-01
7.7700e+03,3.7337e-01,9.7997e-01,2.2500e+01,5.1980e-01,1.0638e-01
7.7800e+03,3.7297e-01,9.7964e-01,2.2500e+01,5.2013e-01,1.0646e-01
7.7900e+03,3.7256e-01,9.7932e-01,2.2500e+01,5.2045e-01,1.0654e-01
7.8000e+03,3.7216e-01,9.7899e-01,2.2500e+01,5.2077e-01,1.0663e-01
7.8100e+03,3.7175e-01,9.7867e-01,2.2500e+01,5.2110e-01,1.0671e-01
7.8200e+03,3.7135e-01,9.7835e-01,2.2500e+01,5.2142e-01,1.0679e-01
7.8300e+03,3.7094e-01,9.7803e-01,2.2500e+01,5.2174e-01,1.0687e-01
7.8400e+03,3.7054e-01,9.7771e-01,2.2500e+01,5.2206e-01,1.0696e-01
7.8500e+03,3.7013e-01,9.7738e-01,2.2500e+01,5.2238e-01,1.0704e-01
7.8600e+03,3.6973e-01,9.7706e-01,2.2500e+01,5.2270e-01,1.0712e-01
7.8700e+03,3.6933e-01,9.7674e-01,2.2500e+01,5.2302e-01,1.0720e-01
7.8800e+03,3.6893e-01,9.7642e-01,2.2500e+01,5.2334e-01,1.0728e-01
7.8900e+03,3.6853e-01,9.7610e-01,2.2500e+01,5.2366e-01,1.0736e-01
7.9000e+03,3.6813e-01,9.7579e-01,2.2500e+01,5.2398e-01,1.0745e-01
7.9100e+03,3.6773e-01,9.7547e-01,2.2500e+01,5.2430e-01,1.0753e-01
7.9200e+03,3.6733e-01,9.7515e-01,2.2500e+01,5.2462e-01,1.0761e-01
7.9300e+03,3.6693e-01,9.7483e-01,2.2500e+01,5.2493e-01,1.0769e-01
7.9400e+03,3.6653e-01,9.7451e-01,2.2500e+01,5.2525e-01,1.0777e-01
7.9500e+03,3.6613e-01,9.7420e-01,2.2500e+01,5.2557e-01,1.0785e-01
7.9600e+03,3.6574e-01,9.7388e-01,2.2500e+01,5.2588e-01,1.0793e-01
7.9700e+03,3.6534e-01,9.7357e-01,2.2500e+01,5.2620e-01,1.0802e-01
7.9800e+03,3.6494e-01,9.7325e-01,2.2500e+01,5.2651e-01,1.0810e-01
7.9900e+03,3.6455e-01,9.7294e-01,2.2500e+01,5.2683e-01,1.0818e-01
8.0000e+03,3.6415e-01,9.7262e-01,2.2500e+01,5.2714e-01,1.0826e-01
8.0100e+03,3.6376e-01,9.7231e-01,2.2500e+01,5.2746e-01,1.0834e-01
8.0200e+03,3.6337e-01,9.7199e-01,2.2500e+01,5.2777e-01,1.0842e-01
8.0300e+03,3.6297e-01,9.7168e-01,2.2500e+01,5.2808e-01,1.0850e-01
8.0400e+03,3.6258e-01,9.7137e-01,2.2500e+01,5.2840e-01,1.0858e-01
8.0500e+03,3.6219e-01,9.7106e-01,2.2500e+01,5.2871e-01,1.0866e-01
8.0600e+03,3.6180e-01,9.7074e-01,2.2500e+01,5.2902e-01,1.0874e-01
8.0700e+03,3.6140e-01,9.7043e-01,2.2500e+01,5.2933e-01,1.0882e-01
8.0800e+03,3.6101e-01,9.7012e-01,2.2500e+01,5.2964e-01,1.0890e-01
8.0900e+03,3.6062e-01,9.6981e-01,2.2500e+01,5.2995e-01,1.0898e-01
8.1000e+03,3.6023e-01,9.6950e-01,2.2500e+01,5.3026e-01,1.0906e-01
8.1100e+03,3.5984e-01,9.6919e-01,2.2500e+01,5.3057e-01,1.0914e-01
8.1200e+03,3.5946e-01,9.6888e-01,2.2500e+01,5.3088e-01,1.0922e-01
8.1300e+03,3.5907e-01,9.6857e-01,2.2500e+01,5.3119e-01,1.0930e-01
8.1400e+03,3.5868e-01,9.6827e-01,2.2500e+01,5.3150e-01,1.0938e-01
8.1500e+03,3.5829e-01,9.6796e-01,2.2500e+01,5.3180e-01,1.0946e-01
8.1600e+03,3.5791e-01,9.6765e-01,2.2500e+01,5.3211e-01,1.0954e-01
8.1700e+03,3.5752e-01,9.6734e-01,2.2500e+01,5.3242e-01,1.0962e-01
8.1800e+03,3.5713e-01,9.6704e-01,2.2500e+01,5.3272e-01,1.0970e-01
8.1900e+03,3.5675e-01,9.6673e-01,2.2500e+01,5.3303e-01,1.0978e-01
8.2000e+03,3.5636e-01,9.6643e-01,2.2500e+01,5.3334e-01,1.0985e-01
8.2100e+03,3.5598e-01,9.6612e-01,2.2500e+01,5.3364e-01,1.0993e-01
8.2200e+03,3.5560e-01,9.6582e-01,2.2500e+01,5.3395e-01,1.1001e-01
8.2300e+03,3.5521e-01,9.6551e-01,2.2500e+01,5.3425e-01,1.1009e-01
8.2400e+03,3.5483e-01,9.6521e-01,2.2500e+01,5.3455e-01,1.1017e-01
8.2500e+03,3.5445e-01,9.6490e-01,2.2500e+01,5.3486e-01,1.1025e-01
8.2600e+03,3.5407e-01,9.6460e-01,2.2500e+01,5.3516e-01,1.1033e-01
8.2700e+03,3.5369e-01,9.6430e-01,2.2500e+01,5.3546e-01,1.1041e-01
8.2800e+03,3.5331e-01,9.6400e-01,2.2500e+01,5.3577e-01,1.1048e-01
8.2900e+03,3.5293e-01,9.6369e-01,2.2500e+01,5.3607e-01,1.1056e-01
8.3000e+03,3.5255e-01,9.6339e-01,2.2500e+01,5.3637e-01,1.1064e-01
8.3100e+03,3.5217e-01,9.6309e-01,2.2500e+01,5.3667e-01,1.1072e-01
8.3200e+03,3.5179e-01,9.6279e-01,2.2500e+01,5.3697e-01,1.1080e-01
8.3300e+03,3.5141e-01,9.6249e-01,2.2500e+01,5.3727e-01,1.1087e-01
8.3400e+03,3.5103e-01,9.6219e-01,2.2500e+01,5.3757e-01,1.1095e-01
8.3500e+03,3.5066e-01,9.6189e-01,2.2500e+01,5.3787e-01,1.1103e-01
8.3600e+03,3.5028e-01,9.6159e-01,2.2500e+01,5.3817e-01,1.1111e-01
8.3700e+03,3.4990e-01,9.6129e-01,2.2500e+01,5.3847e-01,1.1119e-01
8.3800e+03,3.4953e-01,9.6100e-01,2.2500e+01,5.3876e-01,1.1126e-01
8.3900e+03,3.4915e-01,9.6070e-01,2.2500e+01,5.3906e-01,1.1134e-01
8.4000e+03,3.4878e-01,9.6040e-01,2.2500e+01,5.3936e-01,1.1142e-01
8.4100e+03,3.4840e-01,9.6010e-01,2.2500e+01,5.3966e-01,1.1150e-01
8.4200e+03,3.4803e-01,9.5981e-01,2.2500e+01,5.3995e-01,1.1157e-01
8.4300e+03,3.4766e-01,9.5951e-01,2.2500e+01,5.4025e-01,1.1165e-01
8.4400e+03,3.4729e-01,9.5922e-01,2.2500e+01,5.4054e-01,1.1173e-01
8.4500e+03,3.4691e-01,9.5892e-01,2.2500e+01,5.4084e-01,1.1180e-01
8.4600e+03,3.4654e-01,9.5863e-01,2.2500e+01,5.4113e-01,1.1188e-01
8.4700e+03,3.4617e-01,9.5833e-01,2.2500e+01,5.4143e-01,1.1196e-01
8.4800e+03,3.4580e-01,9.5804e-01,2.2500e+01,5.4172e-01,1.1203e-01
8.4900e+03,3.4543e-01,9.5774e-01,2.2500e+01,5.4202e-01,1.1211e-01
8.5000e+03,3.4506e-01,9.5745e-01,2.2500e+01,5.4231e-01,1.1219e-01
8.5100e+03,3.4469e-01,9.5716e-01,2.2500e+01,5.4260e-01,1.1226e-01
8.5200e+03,3.4432e-01,9.5687e-01,2.2500e+01,5.4289e-01,1.1234e-01
8.5300e+03,3.4395e-01,9.5657e-01,2.2500e+01,5.4319e-01,1.1242e-01
8.5400e+03,3.4359e-01,9.5628e-01,2.2500e+01,5.4348e-01,1.1249e-01
8.5500e+03,3.4322e-01,9.5599e-01,2.2500e+01,5.4377e-01,1.1257e-01
8.5600e+03,3.4285e-01,9.5570e-01,2.2500e+01,5.4406e-01,1.1264e-01
8.5700e+03,3.4249e-01,9.5541e-01,2.2500e+01,5.4435e-01,1.1272e-01
8.5800e+03,3.4212e-01,9.5512e-01,2.2500e+01,5.4464e-01,1.1280e-01
8.5900e+03,3.4176e-01,9.5483e-01,2.2500e+01,5.4493e-01,1.1287e-01
8.6000e+03,3.4139e-01,9.5454e-01,2.2500e+01,5.4522e-01,1.1295e-01
8.6100e+03,3.4103e-01,9.5425e-01,2.2500e+01,5.4551e-01,1.1302e-01
8.6200e+03,3.4066e-01,9.5396e-01,2.2500e+01,5.4579e-01,1.1310e-01
8.6300e+03,3.4030e-01,9.5367e-01,2.2500e+01,5.4608e-01,1.1317e-01
8.6400e+03,3.3994e-01,9.5339e-01,2.2500e+01,5.4637e-01,1.1325e-01
8.6500e+03,3.3957e-01,9.5310e-01,2.2500e+01,5.4666e-01,1.1332e-01
8.6600e+03,3.3921e-01,9.5281e-01,2.2500e+01,5.4694e-01,1.1340e-01
8.6700e+03,3.3885e-01,9.5253e-01,2.2500e+01,5.4723e-01,1.1348e-01
8.6800e+03,3.3849e-01,9.5224e-01,2.2500e+01,5.4752e-01,1.1355e-01
8.6900e+03,3.3813e-01,9.5195e-01,2.2500e+01,5.4780e-01,1.1363e-01
8.7000e+03,3.3777e-01,9.5167e-01,2.2500e+01,5.4809e-01,1.1370e-01
8.7100e+03,3.3741e-01,9.5138e-01,2.2500e+01,5.4837e-01,1.1377e-01
8.7200e+03,3.3705e-01,9.5110e-01,2.2500e+01,5.4866e-01,1.1385e-01
8.7300e+03,3.3669e-01,9.5082e-01,2.2500e+01,5.4894e-01,1.1392e-01
8.7400e+03,3.3633e-01,9.5053e-01,2.2500e+01,5.4922e-01,1.1400e-01
8.7500e+03,3.3598e-01,9.5025e-01,2.2500e+01,5.4951e-01,1.1407e-01
8.7600e+03,3.3562e-01,9.4997e-01,2.2500e+01,5.4979e-01,1.1415e-01
8.7700e+03,3.3526e-01,9.4968e-01,2.2500e+01,5.5007e-01,1.1422e-01
8.7800e+03,3.3490e-01,9.4940e-01,2.2500e+01,5.5035e-01,1.1430e-01
8.7900e+03,3.3455e-01,9.4912e-01,2.2500e+01,5.5064e-01,1.1437e-01
8.8000e+03,3.3419e-01,9.4884e-01,2.2500e+01,5.5092e-01,1.1444e-01
8.8100e+03,3.3384e-01,9.4856e-01,2.2500e+01,5.5120e-01,1.1452e-01
8.8200e+03,3.3348e-01,9.4828e-01,2.2500e+01,5.5148e-01,1.1459e-01
8.8300e+03,3.3313e-01,9.4800e-01,2.2500e+01,5.5176e-01,1.1467e-01
8.8400e+03,3.3278e-01,9.4772e-01,2.2500e+01,5.5204e-01,1.1474e-01
8.8500e+03,3.3242e-01,9.4744e-01,2.2500e+01,5.5232e-01,1.1481e-01
8.8600e+03,3.3207e-01,9.4716e-01,2.2500e+01,5.5260e-01,1.1489e-01
8.8700e+03,3.3172e-01,9.4688e-01,2.2500e+01,5.5288e-01,1.1496e-01
8.8800e+03,3.3137e-01,9.4660e-01,2.2500e+01,5.5315e-01,1.1503e-01
8.8900e+03,3.3102e-01,9.4632e-01,2.2500e+01,5.5343e-01,1.1511e-01
8.9000e+03,3.3066e-01,9.4604e-01,2.2500e+01,5.5371e-01,1.1518e-01
8.9100e+03,3.3031e-01,9.4577e-01,2.2500e+01,5.5399e-01,1.1525e-01
8.9200e+03,3.2996e-01,9.4549e-01,2.2500e+01,5.5426e-01,1.1533e-01
8.9300e+03,3.2961e-01,9.4521e-01,2.2500e+01,5.5454e-01,1.1540e-01
8.9400e+03,3.2927e-01,9.4494e-01,2.2500e+01,5.5482e-01,1.1547e-01
8.9500e+03,3.2892e-01,9.4466e-01,2.2500e+01,5.5509e-01,1.1555e-01
8.9600e+03,3.2857e-01,9.4439e-01,2.2500e+01,5.5537e-01,1.1562e-01
8.9700e+03,3.2822e-01,9.4411e-01,2.2500e+01,5.5564e-01,1.1569e-01
8.9800e+03,3.2787e-01,9.4384e-01,2.2500e+01,5.5592e-01,1.1577e-01
8.9900e+03,3.2753e-01,9.4356e-01,2.2500e+01,5.5619e-01,1.1584e-01
9.0000e+03,3.2718e-01,9.4329e-01,2.2500e+01,5.5646e-01,1.1591e-01
9.0100e+03,3.2683e-01,9.4301e-01,2.2500e+01,5.5674e-01,1.1598e-01
9.0200e+03,3.2649e-01,9.4274e-01,2.2500e+01,5.5701e-01,1.1606e-01
9.0300e+03,3.2614e-01,9.4247e-01,2.2500e+01,5.5728e-01,1.1613e-01
9.0400e+03,3.2580e-01,9.4220e-01,2.2500e+01,5.5756e-01,1.1620e-01
9.0500e+03,3.2546e-01,9.4192e-01,2.2500e+01,5.5783e-01,1.1627e-01
9.0600e+03,3.2511e-01,9.4165e-01,2.2500e+01,5.5810e-01,1.1634e-01
9.0700e+03,3.2477e-01,9.4138e-01,2.2500e+01,5.5837e-01,1.1642e-01
9.0800e+03,3.2443e-01,9.4111e-01,2.2500e+01,5.5864e-01,1.1649e-01
9.0900e+03,3.2408e-01,9.4084e-01,2.2500e+01,5.5891e-01,1.1656e-01
9.1000e+03,3.2374e-01,9.4057e-01,2.2500e+01,5.5918e-01,1.1663e-01
9.1100e+03,3.2340e-01,9.4030e-01,2.2500e+01,5.5945e-01,1.1670e-01
9.1200e+03,3.2306e-01,9.4003e-01,2.2500e+01,5.5972e-01,1.1678e-01
9.1300e+03,3.2272e-01,9.3976e-01,2.2500e+01,5.5999e-01,1.1685e-01
9.1400e+03,3.2238e-01,9.3949e-01,2.2500e+01,5.6026e-01,1.1692e-01
9.1500e+03,3.2204e-01,9.3922e-01,2.2500e+01,5.6053e-01,1.1699e-01
9.1600e+03,3.2170e-01,9.3895e-01,2.2500e+01,5.6080e-01,1.1706e-01
9.1700e+03,3.2136e-01,9.3869e-01,2.2500e+01,5.6106e-01,1.1713e-01
9.1800e+03,3.2102e-01,9.3842e-01,2.2500e+01,5.6133e-01,1.1720e-01
9.1900e+03,3.2068e-01,9.3815e-01,2.2500e+01,5.6160e-01,1.1727e-01
9.2000e+03,3.2035e-01,9.3789e-01,2.2500e+01,5.6186e-01,1.1735e-01
9.2100e+03,3.2001e-01,9.3762e-01,2.2500e+01,5.6213e-01,1.1742e-01
9.2200e+03,3.1967e-01,9.3735e-01,2.2500e+01,5.6240e-01,1.1749e-01
9.2300e+03,3.1934e-01,9.3709e-01,2.2500e+01,5.6266e-01,1.1756e-01
9.2400e+03,3.1900e-01,9.3682e-01,2.2500e+01,5.6293e-01,1.1763e-01
9.2500e+03,3.1866e-01,9.3656e-01,2.2500e+01,5.6319e-01,1.1770e-01
9.2600e+03,3.1833e-01,9.3629e-01,2.2500e+01,5.6346e-01,1.1777e-01
9.2700e+03,3.1799e-01,9.3603e-01,2.2500e+01,5.6372e-01,1.1784e-01
9.2800e+03,3.1766e-01,9.3577e-01,2.2500e+01,5.6398e-01,1.1791e-01
9.2900e+03,3.1733e-01,9.3550e-01,2.2500e+01,5.6425e-01,1.1798e-01
9.3000e+03,3.1699e-01,9.3524e-01,2.2500e+01,5.6451e-01,1.1805e-01
9.3100e+03,3.1666e-01,9.3498e-01,2.2500e+01,5.6477e-01,1.1812e-01
9.3200e+03,3.1633e-01,9.3471e-01,2.2500e+01,5.6504e-01,1.1819e-01
9.3300e+03,3.1600e-01,9.3445e-01,2.2500e+01,5.6530e-01,1.1826e-01
9.3400e+03,3.1566e-01,9.3419e-01,2.2500e+01,5.6556e-01,1.1833e-01
9.3500e+03,3.1533e-01,9.3393e-01,2.2500e+01,5.6582e-01,1.1840e-01
9.3600e+03,3.1500e-01,9.3367e-01,2.2500e+01,5.6608e-01,1.1847e-01
9.3700e+03,3.1467e-01,9.3341e-01,2.2500e+01,5.6634e-01,1.1854e-01
9.3800e+03,3.1434e-01,9.3315e-01,2.2500e+01,5.6660e-01,1.1861e-01
9.3900e+03,3.1401e-01,9.3289e-01,2.2500e+01,5.6686e-01,1.1868e-01
9.4000e+03,3.1368e-01,9.3263e-01,2.2500e+01,5.6712e-01,1.1875e-01
9.4100e+03,3.1335e-01,9.3237e-01,2.2500e+01,5.6738e-01,1.1882e-01
9.4200e+03,3.1303e-01,9.3211e-01,2.2500e+01,5.6764e-01,1.1889e-01
9.4300e+03,3.1270e-01,9.3185e-01,2.2500e+01,5.6790e-01,1.1896e-01
9.4400e+03,3.1237e-01,9.3159e-01,2.2500e+01,5.6816e-01,1.1903e-01
9.4500e+03,3.1204e-01,9.3133e-01,2.2500e+01,5.6841e-01,1.1910e-01
9.4600e+03,3.1172e-01,9.3108e-01,2.2500e+01,5.6867e-01,1.1917e-01
9.4700e+03,3.1139e-01,9.3082e-01,2.2500e+01,5.6893e-01,1.1924e-01
9.4800e+03,3.1107e-01,9.3056e-01,2.2500e+01,5.6919e-01,1.1930e-01
9.4900e+03,3.1074e-01,9.3030e-01,2.2500e+01,5.6944e-01,1.1937e-01
9.5000e+03,3.1042e-01,9.3005e-01,2.2500e+01,5.6970e-01,1.1944e-01
9.5100e+03,3.1009e-01,9.2979e-01,2.2500e+01,5.6995e-01,1.1951e-01
9.5200e+03,3.0977e-01,9.2954e-01,2.2500e+01,5.7021e-01,1.1958e-01
9.5300e+03,3.0944e-01,9.2928e-01,2.2500e+01,5.7046e-01,1.1965e-01
9.5400e+03,3.0912e-01,9.2903e-01,2.2500e+01,5.7072e-01,1.1972e-01
9.5500e+03,3.0880e-01,9.2877e-01,2.2500e+01,5.7097e-01,1.1979e-01
9.5600e+03,3.0847e-01,9.2852e-01,2.2500e+01,5.7123e-01,1.1985e-01
9.5700e+03,3.0815e-01,9.2826e-01,2.2500e+01,5.7148e-01,1.1992e-01
9.5800e+03,3.0783e-01,9.2801e-01,2.2500e+01,5.7174e-01,1.1999e-01
9.5900e+03,3.0751e-01,9.2776e-01,2.2500e+01,5.7199e-01,1.2006e-01
9.6000e+03,3.0719e-01,9.2750e-01,2.2500e+01,5.7224e-01,1.2013e-01
9.6100e+03,3.0687e-01,9.2725e-01,2.2500e+01,5.7249e-01,1.2020e-01
9.6200e+03,3.0655e-01,9.2700e-01,2.2500e+01,5.7275e-01,1.2026e-01
9.6300e+03,3.0623e-01,9.2675e-01,2.2500e+01,5.7300e-01,1.2033e-01
9.6400e+03,3.0591e-01,9.2650e-01,2.2500e+01,5.7325e-01,1.2040e-01
9.6500e+03,3.0559e-01,9.2625e-01,2.2500e+01,5.7350e-01,1.2047e-01
9.6600e+03,3.0527e-01,9.2599e-01,2.2500e+01,5.7375e-01,1.2053e-01
9.6700e+03,3.0495e-01,9.2574e-01,2.2500e+01,5.7400e-01,1.2060e-01
9.6800e+03,3.0463e-01,9.2549e-01,2.2500e+01,5.7425e-01,1.2067e-01
9.6900e+03,3.0432e-01,9.2524e-01,2.2500e+01,5.7450e-01,1.2074e-01
9.7000e+03,3.0400e-01,9.2499e-01,2.2500e+01,5.7475e-01,1.2080e-01
9.7100e+03,3.0368e-01,9.2474e-01,2.2500e+01,5.7500e-01,1.2087e-01
9.7200e+03,3.0337e-01,9.2450e-01,2.2500e+01,5.7525e-01,1.2094e-01
9.7300e+03,3.0305e-01,9.2425e-01,2.2500e+01,5.7550e-01,1.2101e-01
9.7400e+03,3.0274e-01,9.2400e-01,2.2500e+01,5.7575e-01,1.2107e-01
9.7500e+03,3.0242e-01,9.2375e-01,2.2500e+01,5.7599e-01,1.2114e-01
9.7600e+03,3.0211e-01,9.2350e-01,2.2500e+01,5.7624e-01,1.2121e-01
9.7700e+03,3.0179e-01,9.2326e-01,2.2500e+01,5.7649e-01,1.2127e-01
9.7800e+03,3.0148e-01,9.2301e-01,2.2500e+01,5.7673e-01,1.2134e-01
9.7900e+03,3.0117e-01,9.2276e-01,2.2500e+01,5.7698e-01,1.2141e-01
9.8000e+03,3.0085e-01,9.2252e-01,2.2500e+01,5.7723e-01,1.2147e-01
9.8100e+03,3.0054e-01,9.2227e-01,2.2500e+01,5.7747e-01,1.2154e-01
9.8200e+03,3.0023e-01,9.2202e-01,2.2500e+01,5.7772e-01,1.2161e-01
9.8300e+03,2.9992e-01,9.2178e-01,2.2500e+01,5.7796e-01,1.2167e-01
9.8400e+03,2.9961e-01,9.2153e-01,2.2500e+01,5.7821e-01,1.2174e-01
9.8500e+03,2.9929e-01,9.2129e-01,2.2500e+01,5.7845e-01,1.2181e-01
9.8600e+03,2.9898e-01,9.2104e-01,2.2500e+01,5.7870e-01,1.2187e-01
9.8700e+03,2.9867e-01,9.2080e-01,2.2500e+01,5.7894e-01,1.2194e-01
9.8800e+03,2.9836e-01,9.2056e-01,2.2500e+01,5.7919e-01,1.2201e-01
9.8900e+03,2.9805e-01,9.2031e-01,2.2500e+01,5.7943e-01,1.2207e-01
9.9000e+03,2.9775e-01,9.2007e-01,2.2500e+01,5.7967e-01,1.2214e-01
9.9100e+03,2.9744e-01,9.1983e-01,2.2500e+01,5.7991e-01,1.2220e-01
9.9200e+03,2.9713e-01,9.1958e-01,2.2500e+01,5.8016e-01,1.2227e-01
9.9300e+03,2.9682e-01,9.1934e-01,2.2500e+01,5.8040e-01,1.2234e-01
9.9400e+03,2.9651e-01,9.1910e-01,2.2500e+01,5.8064e-01,1.2240e-01
9.9500e+03,2.9621e-01,9.1886e-01,2.2500e+01,5.8088e-01,1.2247e-01
9.9600e+03,2.9590e-01,9.1862e-01,2.2500e+01,5.8112e-01,1.2253e-01
9.9700e+03,2.9559e-01,9.1838e-01,2.2500e+01,5.8136e-01,1.2260e-01
9.9800e+03,2.9529e-01,9.1814e-01,2.2500e+01,5.8161e-01,1.2266e-01
9.9900e+03,2.9498e-01,9.1790e-01,2.2500e+01,5.8185e-01,1.2273e-01
1.0000e+04,2.9468e-01,9.1766e-01,2.2500e+01,5.8209e-01,1.2279e-01
1.0010e+04,2.9437e-01,9.1742e-01,2.2500e+01,5.8233e-01,1.2286e-01
1.0020e+04,2.9407e-01,9.1718e-01,2.2500e+01,5.8256e-01,1.2293e-01
1.0030e+04,2.9376e-01,9.1694e-01,2.2500e+01,5.8280e-01,1.2299e-01
1.0040e+04,2.9346e-01,9.1670e-01,2.2500e+01,5.8304e-01,1.2306e-01
1.0050e+04,2.9315e-01,9.1646e-01,2.2500e+01,5.8328e-01,1.2312e-01
1.0060e+04,2.9285e-01,9.1622e-01,2.2500e+01,5.8352e-01,1.2319e-01
1.0070e+04,2.9255e-01,9.1598e-01,2.2500e+01,5.8376e-01,1.2325e-01
1.0080e+04,2.9225e-01,9.1575e-01,2.2500e+01,5.8399e-01,1.2332e-01
1.0090e+04,2.9195e-01,9.1551e-01,2.2500e+01,5.8423e-01,1.2338e-01
1.0100e+04,2.9164e-01,9.1527e-01,2.2500e+01,5.8447e-01,1.2344e-01
1.0110e+04,2.9134e-01,9.1504e-01,2.2500e+01,5.8470e-01,1.2351e-01
1.0120e+04,2.9104e-01,9.1480e-01,2.2500e+01,5.8494e-01,1.2357e-01
1.0130e+04,2.9074e-01,9.1456e-01,2.2500e+01,5.8518e-01,1.2364e-01
1.0140e+04,2.9044e-01,9.1433e-01,2.2500e+01,5.8541e-01,1.2370e-01
1.0150e+04,2.9014e-01,9.1409e-01,2.2500e+01,5.8565e-01,1.2377e-01
1.0160e+04,2.8984e-01,9.1386e-01,2.2500e+01,5.8588e-01,1.2383e-01
1.0170e+04,2.8954e-01,9.1362e-01,2.2500e+01,5.8612e-01,1.2390e-01
1.0180e+04,2.8924e-01,9.1339e-01,2.2500e+01,5.8635e-01,1.2396e-01
1.0190e+04,2.8895e-01,9.1315e-01,2.2500e+01,5.8659e-01,1.2402e-01
1.0200e+04,2.8865e-01,9.1292e-01,2.2500e+01,5.8682e-01,1.2409e-01
1.0210e+04,2.8835e-01,9.1269e-01,2.2500e+01,5.8705e-01,1.2415e-01
1.0220e+04,2.8805e-01,9.1245e-01,2.2500e+01,5.8729e-01,1.2422e-01
1.0230e+04,2.8776e-01,9.1222e-01,2.2500e+01,5.8752e-01,1.2428e-01
1.0240e+04,2.8746e-01,9.1199e-01,2.2500e+01,5.8775e-01,1.2434e-01
1.0250e+04,2.8717e-01,9.1175e-01,2.2500e+01,5.8798e-01,1.2441e-01
1.0260e+04,2.8687e-01,9.1152e-01,2.2500e+01,5.8822e-01,1.2447e-01
1.0270e+04,2.8657e-01,9.1129e-01,2.2500e+01,5.8845e-01,1.2453e-01
1.0280e+04,2.8628e-01,9.1106e-01,2.2500e+01,5.8868e-01,1.2460e-01
1.0290e+04,2.8599e-01,9.1083e-01,2.2500e+01,5.8891e-01,1.2466e-01
1.0300e+04,2.8569e-01,9.1060e-01,2.2500e+01,5.8914e-01,1.2472e-01
1.0310e+04,2.8540e-01,9.1037e-01,2.2500e+01,5.8937e-01,1.2479e-01
1.0320e+04,2.8510e-01,9.1014e-01,2.2500e+01,5.8960e-01,1.2485e-01
1.0330e+04,2.8481e-01,9.0991e-01,2.2500e+01,5.8983e-01,1.2491e-01
1.0340e+04,2.8452e-01,9.0968e-01,2.2500e+01,5.9006e-01,1.2498e-01
1.0350e+04,2.8423e-01,9.0945e-01,2.2500e+01,5.9029e-01,1.2504e-01
1.0360e+04,2.8393e-01,9.0922e-01,2.2500e+01,5.9052e-01,1.2510e-01
1.0370e+04,2.8364e-01,9.0899e-01,2.2500e+01,5.9075e-01,1.2517e-01
1.0380e+04,2.8335e-01,9.0876e-01,2.2500e+01,5.9098e-01,1.2523e-01
1.0390e+04,2.8306e-01,9.0853e-01,2.2500e+01,5.9120e-01,1.2529e-01
1.0400e+04,2.8277e-01,9.0830e-01,2.2500e+01,5.9143e-01,1.2535e-01
1.0410e+04,2.8248e-01,9.0808e-01,2.2500e+01,5.9166e-01,1.2542e-01
1.0420e+04,2.8219e-01,9.0785e-01,2.2500e+01,5.9189e-01,1.2548e-01
1.0430e+04,2.8190e-01,9.0762e-01,2.2500e+01,5.9211e-01,1.2554e-01
1.0440e+04,2.8161e-01,9.0740e-01,2.2500e+01,5.9234e-01,1.2560e-01
1.0450e+04,2.8132e-01,9.0717e-01,2.2500e+01,5.9257e-01,1.2567e-01
1.0460e+04,2.8103e-01,9.0694e-01,2.2500e+01,5.9279e-01,1.2573e-01
1.0470e+04,2.8074e-01,9.0672e-01,2.2500e+01,5.9302e-01,1.2579e-01
1.0480e+04,2.8046e-01,9.0649e-01,2.2500e+01,5.9325e-01,1.2585e-01
1.0490e+04,2.8017e-01,9.0627e-01,2.2500e+01,5.9347e-01,1.2592e-01
1.0500e+04,2.7988e-01,9.0604e-01,2.2500e+01,5.9370e-01,1.2598e-01
1.0510e+04,2.7960e-01,9.0582e-01,2.2500e+01,5.9392e-01,1.2604e-01
1.0520e+04,2.7931e-01,9.0559e-01,2.2500e+01,5.9414e-01,1.2610e-01
1.0530e+04,2.7902e-01,9.0537e-01,2.2500e+01,5.9437e-01,1.2616e-01
1.0540e+04,2.7874e-01,9.0514e-01,2.2500e+01,5.9459e-01,1.2623e-01
1.0550e+04,2.7845e-01,9.0492e-01,2.2500e+01,5.9482e-01,1.2629e-01
1.0560e+04,2.7817e-01,9.0470e-01,2.2500e+01,5.9504e-01,1.2635e-01
1.0570e+04,2.7788e-01,9.0447e-01,2.2500e+01,5.9526e-01,1.2641e-01
1.0580e+04,2.7760e-01,9.0425e-01,2.2500e+01,5.9548e-01,1.2647e-01
1.0590e+04,2.7731e-01,9.0403e-01,2.2500e+01,5.9571e-01,1.2653e-01
1.0600e+04,2.7703e-01,9.0381e-01,2.2500e+01,5.9593e-01,1.2660e-01
1.0610e+04,2.7675e-01,9.0358e-01,2.2500e+01,5.9615e-01,1.2666e-01
1.0620e+04,2.7646e-01,9.0336e-01,2.2500e+01,5.9637e-01,1.2672e-01
1.0630e+04,2.7618e-01,9.0314e-01,2.2500e+01,5.9659e-01,1.2678e-01
1.0640e+04,2.7590e-01,9.0292e-01,2.2500e+01,5.9682e-01,1.2684e-01
1.0650e+04,2.7562e-01,9.0270e-01,2.2500e+01,5.9704e-01,1.2690e-01
1.0660e+04,2.7534e-01,9.0248e-01,2.2500e+01,5.9726e-01,1.2696e-01
1.0670e+04,2.7506e-01,9.0226e-01,2.2500e+01,5.9748e-01,1.2702e-01
1.0680e+04,2.7477e-01,9.0204e-01,2.2500e+01,5.9770e-01,1.2708e-01
1.0690e+04,2.7449e-01,9.0182e-01,2.2500e+01,5.9792e-01,1.2715e-01
1.0700e+04,2.7421e-01,9.0160e-01,2.2500e+01,5.9814e-01,1.2721e-01
1.0710e+04,2.7393e-01,9.0138e-01,2.2500e+01,5.9835e-01,1.2727e-01
1.0720e+04,2.7365e-01,9.0116e-01,2.2500e+01,5.9857e-01,1.2733e-01
1.0730e+04,2.7338e-01,9.0094e-01,2.2500e+01,5.9879e-01,1.2739e-01
1.0740e+04,2.7310e-01,9.0072e-01,2.2500e+01,5.9901e-01,1.2745e-01
1.0750e+04,2.7282e-01,9.0051e-01,2.2500e+01,5.9923e-01,1.2751e-01
1.0760e+04,2.7254e-01,9.0029e-01,2.2500e+01,5.9945e-01,1.2757e-01
1.0770e+04,2.7226e-01,9.0007e-01,2.2500e+01,5.9966e-01,1.2763e-01
1.0780e+04,2.7198e-01,8.9985e-01,2.2500e+01,5.9988e-01,1.2769e-01
1.0790e+04,2.7171e-01,8.9964e-01,2.2500e+01,6.0010e-01,1.2775e-01
1.0800e+04,2.7143e-01,8.9942e-01,2.2500e+01,6.0031e-01,1.2781e-01
1.0810e+04,2.7115e-01,8.9920e-01,2.2500e+01,6.0053e-01,1.2787e-01
1.0820e+04,2.7088e-01,8.9899e-01,2.2500e+01,6.0075e-01,1.2793e-01
1.0830e+04,2.7060e-01,8.9877e-01,2.2500e+01,6.0096e-01,1.2799e-01
1.0840e+04,2.7033e-01,8.9856e-01,2.2500e+01,6.0118e-01,1.2805e-01
1.0850e+04,2.7005e-01,8.9834e-01,2.2500e+01,6.0139e-01,1.2811e-01
1.0860e+04,2.6978e-01,8.9812e-01,2.2500e+01,6.0161e-01,1.2817e-01
1.0870e+04,2.6950e-01,8.9791e-01,2.2500e+01,6.0182e-01,1.2823e-01
1.0880e+04,2.6923e-01,8.9770e-01,2.2500e+01,6.0204e-01,1.2829e-01
1.0890e+04,2.6895e-01,8.9748e-01,2.2500e+01,6.0225e-01,1.2835e-01
1.0900e+04,2.6868e-01,8.9727e-01,2.2500e+01,6.0246e-01,1.2841e-01
1.0910e+04,2.6841e-01,8.9705e-01,2.2500e+01,6.0268e-01,1.2847e-01
1.0920e+04,2.6814e-01,8.9684e-01,2.2500e+01,6.0289e-01,1.2853e-01
1.0930e+04,2.6786e-01,8.9663e-01,2.2500e+01,6.0310e-01,1.2859e-01
1.0940e+04,2.6759e-01,8.9641e-01,2.2500e+01,6.0332e-01,1.2865e-01
1.0950e+04,2.6732e-01,8.9620e-01,2.2500e+01,6.0353e-01,1.2871e-01
1.0960e+04,2.6705e-01,8.9599e-01,2.2500e+01,6.0374e-01,1.2877e-01
1.0970e+04,2.6678e-01,8.9578e-01,2.2500e+01,6.0395e-01,1.2882e-01
1.0980e+04,2.6651e-01,8.9556e-01,2.2500e+01,6.0417e-01,1.2888e-01
1.0990e+04,2.6623e-01,8.9535e-01,2.2500e+01,6.0438e-01,1.2894e-01
1.1000e+04,2.6596e-01,8.9514e-01,2.2500e+01,6.0459e-01,1.2900e-01
1.1010e+04,2.6569e-01,8.9493e-01,2.2500e+01,6.0480e-01,1.2906e-01
1.1020e+04,2.6543e-01,8.9472e-01,2.2500e+01,6.0501e-01,1.2912e-01
1.1030e+04,2.6516e-01,8.9451e-01,2.2500e+01,6.0522e-01,1.2918e-01
1.1040e+04,2.6489e-01,8.9430e-01,2.2500e+01,6.0543e-01,1.2924e-01
1.1050e+04,2.6462e-01,8.9409e-01,2.2500e+01,6.0564e-01,1.2930e-01
1.1060e+04,2.6435e-01,8.9388e-01,2.2500e+01,6.0585e-01,1.2935e-01
1.1070e+04,2.6408e-01,8.9367e-01,2.2500e+01,6.0606e-01,1.2941e-01
1.1080e+04,2.6381e-01,8.9346e-01,2.2500e+01,6.0627e-01,1.2947e-01
1.1090e+04,2.6355e-01,8.9325e-01,2.2500e+01,6.0648e-01,1.2953e-01
1.1100e+04,2.6328e-01,8.9304e-01,2.2500e+01,6.0669e-01,1.2959e-01
1.1110e+04,2.6301e-01,8.9283e-01,2.2500e+01,6.0690e-01,1.2965e-01
1.1120e+04,2.6275e-01,8.9263e-01,2.2500e+01,6.0710e-01,1.2971e-01
1.1130e+04,2.6248e-01,8.9242e-01,2.2500e+01,6.0731e-01,1.2976e-01
1.1140e+04,2.6222e-01,8.9221e-01,2.2500e+01,6.0752e-01,1.2982e-01
1.1150e+04,2.6195e-01,8.9200e-01,2.2500e+01,6.0773e-01,1.2988e-01
1.1160e+04,2.6168e-01,8.9180e-01,2.2500e+01,6.0793e-01,1.2994e-01
1.1170e+04,2.6142e-01,8.9159e-01,2.2500e+01,6.0814e-01,1.3000e-01
1.1180e+04,2.6116e-01,8.9138e-01,2.2500e+01,6.0835e-01,1.3005e-01
1.1190e+04,2.6089e-01,8.9118e-01,2.2500e+01,6.0855e-01,1.3011e-01
1.1200e+04,2.6063e-01,8.9097e-01,2.2500e+01,6.0876e-01,1.3017e-01
1.1210e+04,2.6036e-01,8.9076e-01,2.2500e+01,6.0896e-01,1.3023e-01
1.1220e+04,2.6010e-01,8.9056e-01,2.2500e+01,6.0917e-01,1.3028e-01
1.1230e+04,2.5984e-01,8.9035e-01,2.2500e+01,6.0938e-01,1.3034e-01
1.1240e+04,2.5958e-01,8.9015e-01,2.2500e+01,6.0958e-01,1.3040e-01
1.1250e+04,2.5931e-01,8.8994e-01,2.2500e+01,6.0979e-01,1.3046e-01
1.1260e+04,2.5905e-01,8.8974e-01,2.2500e+01,6.0999e-01,1.3051e-01
1.1270e+04,2.5879e-01,8.8953e-01,2.2500e+01,6.1019e-01,1.3057e-01
1.1280e+04,2.5853e-01,8.8933e-01,2.2500e+01,6.1040e-01,1.3063e-01
1.1290e+04,2.5827e-01,8.8913e-01,2.2500e+01,6.1060e-01,1.3069e-01
1.1300e+04,2.5801e-01,8.8892e-01,2.2500e+01,6.1081e-01,1.3074e-01
1.1310e+04,2.5775e-01,8.8872e-01,2.2500e+01,6.1101e-01,1.3080e-01
1.1320e+04,2.5749e-01,8.8852e-01,2.2500e+01,6.1121e-01,1.3086e-01
1.1330e+04,2.5723e-01,8.8831e-01,2.2500e+01,6.1141e-01,1.3092e-01
1.1340e+04,2.5697e-01,8.8811e-01,2.2500e+01,6.1162e-01,1.3097e-01
1.1350e+04,2.5671e-01,8.8791e-01,2.2500e+01,6.1182e-01,1.3103e-01
1.1360e+04,2.5645e-01,8.8771e-01,2.2500e+01,6.1202e-01,1.3109e-01
1.1370e+04,2.5619e-01,8.8751e-01,2.2500e+01,6.1222e-01,1.3114e-01
1.1380e+04,2.5593e-01,8.8730e-01,2.2500e+01,6.1242e-01,1.3120e-01
1.1390e+04,2.5567e-01,8.8710e-01,2.2500e+01,6.1263e-01,1.3126e-01
1.1400e+04,2.5542e-01,8.8690e-01,2.2500e+01,6.1283e-01,1.3131e-01
1.1410e+04,2.5516e-01,8.8670e-01,2.2500e+01,6.1303e-01,1.3137e-01
1.1420e+04,2.5490e-01,8.8650e-01,2.2500e+01,6.1323e-01,1.3143e-01
1.1430e+04,2.5465e-01,8.8630e-01,2.2500e+01,6.1343e-01,1.3148e-01
1.1440e+04,2.5439e-01,8.8610e-01,2.2500e+01,6.1363e-01,1.3154e-01
1.1450e+04,2.5413e-01,8.8590e-01,2.2500e+01,6.1383e-01,1.3160e-01
1.1460e+04,2.5388e-01,8.8570e-01,2.2500e+01,6.1403e-01,1.3165e-01
1.1470e+04,2.5362e-01,8.8550e-01,2.2500e+01,6.1423e-01,1.3171e-01
1.1480e+04,2.5337e-01,8.8530e-01,2.2500e+01,6.1443e-01,1.3176e-01
1.1490e+04,2.5311e-01,8.8510e-01,2.2500e+01,6.1462e-01,1.3182e-01
1.1500e+04,2.5286e-01,8.8490e-01,2.2500e+01,6.1482e-01,1.3188e-01
1.1510e+04,2.5260e-01,8.8471e-01,2.2500e+01,6.1502e-01,1.3193e-01
1.1520e+04,2.5235e-01,8.8451e-01,2.2500e+01,6.1522e-01,1.3199e-01
1.1530e+04,2.5209e-01,8.8431e-01,2.2500e+01,6.1542e-01,1.3204e-01
1.1540e+04,2.5184e-01,8.8411e-01,2.2500e+01,6.1561e-01,1.3210e-01
1.1550e+04,2.5159e-01,8.8391e-01,2.2500e+01,6.1581e-01,1.3216e-01
1.1560e+04,2.5134e-01,8.8372e-01,2.2500e+01,6.1601e-01,1.3221e-01
1.1570e+04,2.5108e-01,8.8352e-01,2.2500e+01,6.1621e-01,1.3227e-01
1.1580e+04,2.5083e-01,8.8332e-01,2.2500e+01,6.1640e-01,1.3232e-01
1.1590e+04,2.5058e-01,8.8313e-01,2.2500e+01,6.1660e-01,1.3238e-01
1.1600e+04,2.5033e-01,8.8293e-01,2.2500e+01,6.1679e-01,1.3243e-01
1.1610e+04,2.5008e-01,8.8274e-01,2.2500e+01,6.1699e-01,1.3249e-01
1.1620e+04,2.4982e-01,8.8254e-01,2.2500e+01,6.1719e-01,1.3255e-01
1.1630e+04,2.4957e-01,8.8234e-01,2.2500e+01,6.1738e-01,1.3260e-01
1.1640e+04,2.4932e-01,8.8215e-01,2.2500e+01,6.1758e-01,1.3266e-01
1.1650e+04,2.4907e-01,8.8195e-01,2.2500e+01,6.1777e-01,1.3271e-01
1.1660e+04,2.4882e-01,8.8176e-01,2.2500e+01,6.1797e-01,1.3277e-01
1.1670e+04,2.4857e-01,8.8156e-01,2.2500e+01,6.1816e-01,1.3282e-01
1.1680e+04,2.4832e-01,8.8137e-01,2.2500e+01,6.1835e-01,1.3288e-01
1.1690e+04,2.4808e-01,8.8118e-01,2.2500e+01,6.1855e-01,1.3293e-01
1.1700e+04,2.4783e-01,8.8098e-01,2.2500e+01,6.1874e-01,1.3299e-01
1.1710e+04,2.4758e-01,8.8079e-01,2.2500e+01,6.1894e-01,1.3304e-01
1.1720e+04,2.4733e-01,8.8060e-01,2.2500e+01,6.1913e-01,1.3310e-01
1.1730e+04,2.4708e-01,8.8040e-01,2.2500e+01,6.1932e-01,1.3315e-01
1.1740e+04,2.4684e-01,8.8021e-01,2.2500e+01,6.1951e-01,1.3321e-01
1.1750e+04,2.4659e-01,8.8002e-01,2.2500e+01,6.1971e-01,1.3326e-01
1.1760e+04,2.4634e-01,8.7982e-01,2.2500e+01,6.1990e-01,1.3332e-01
1.1770e+04,2.4609e-01,8.7963e-01,2.2500e+01,6.2009e-01,1.3337e-01
1.1780e+04,2.4585e-01,8.7944e-01,2.2500e+01,6.2028e-01,1.3342e-01
1.1790e+04,2.4560e-01,8.7925e-01,2.2500e+01,6.2047e-01,1.3348e-01
1.1800e+04,2.4536e-01,8.7906e-01,2.2500e+01,6.2067e-01,1.3353e-01
1.1810e+04,2.4511e-01,8.7887e-01,2.2500e+01,6.2086e-01,1.3359e-01
1.1820e+04,2.4487e-01,8.7868e-01,2.2500e+01,6.2105e-01,1.3364e-01
1.1830e+04,2.4462e-01,8.7848e-01,2.2500e+01,6.2124e-01,1.3370e-01
1.1840e+04,2.4438e-01,8.7829e-01,2.2500e+01,6.2143e-01,1.3375e-01
1.1850e+04,2.4413e-01,8.7810e-01,2.2500e+01,6.2162e-01,1.3380e-01
1.1860e+04,2.4389e-01,8.7791e-01,2.2500e+01,6.2181e-01,1.3386e-01
1.1870e+04,2.4364e-01,8.7772e-01,2.2500e+01,6.2200e-01,1.3391e-01
1.1880e+04,2.4340e-01,8.7753e-01,2.2500e+01,6.2219e-01,1.3397e-01
1.1890e+04,2.4316e-01,8.7735e-01,2.2500e+01,6.2238e-01,1.3402e-01
1.1900e+04,2.4291e-01,8.7716e-01,2.2500e+01,6.2257e-01,1.3407e-01
1.1910e+04,2.4267e-01,8.7697e-01,2.2500e+01,6.2276e-01,1.3413e-01
1.1920e+04,2.4243e-01,8.7678e-01,2.2500e+01,6.2294e-01,1.3418e-01
1.1930e+04,2.4219e-01,8.7659e-01,2.2500e+01,6.2313e-01,1.3424e-01
1.1940e+04,2.4195e-01,8.7640e-01,2.2500e+01,6.2332e-01,1.3429e-01
1.1950e+04,2.4170e-01,8.7621e-01,2.2500e+01,6.2351e-01,1.3434e-01
1.1960e+04,2.4146e-01,8.7603e-01,2.2500e+01,6.2370e-01,1.3440e-01
1.1970e+04,2.4122e-01,8.7584e-01,2.2500e+01,6.2388e-01,1.3445e-01
1.1980e+04,2.4098e-01,8.7565e-01,2.2500e+01,6.2407e-01,1.3450e-01
1.1990e+04,2.4074e-01,8.7546e-01,2.2500e+01,6.2426e-01,1.3456e-01
1.2000e+04,2.4050e-01,8.7528e-01,2.2500e+01,6.2445e-01,1.3461e-01
1.2010e+04,2.4026e-01,8.7509e-01,2.2500e+01,6.2463e-01,1.3466e-01
1.2020e+04,2.4002e-01,8.7490e-01,2.2500e+01,6.2482e-01,1.3472e-01
1.2030e+04,2.3978e-01,8.7472e-01,2.2500e+01,6.2500e-01,1.3477e-01
1.2040e+04,2.3954e-01,8.7453e-01,2.2500e+01,6.2519e-01,1.3482e-01
1.2050e+04,2.3930e-01,8.7435e-01,2.2500e+01,6.2538e-01,1.3488e-01
1.2060e+04,2.3907e-01,8.7416e-01,2.2500e+01,6.2556e-01,1.3493e-01
1.2070e+04,2.3883e-01,8.7398e-01,2.2500e+01,6.2575e-01,1.3498e-01
1.2080e+04,2.3859e-01,8.7379e-01,2.2500e+01,6.2593e-01,1.3503e-01
1.2090e+04,2.3835e-01,8.7361e-01,2.2500e+01,6.2612e-01,1.3509e-01
1.2100e+04,2.3811e-01,8.7342e-01,2.2500e+01,6.2630e-01,1.3514e-01
1.2110e+04,2.3788e-01,8.7324e-01,2.2500e+01,6.2648e-01,1.3519e-01
1.2120e+04,2.3764e-01,8.7305e-01,2.2500e+01,6.2667e-01,1.3525e-01
1.2130e+04,2.3740e-01,8.7287e-01,2.2500e+01,6.2685e-01,1.3530e-01
1.2140e+04,2.3717e-01,8.7268e-01,2.2500e+01,6.2704e-01,1.3535e-01
1.2150e+04,2.3693e-01,8.7250e-01,2.2500e+01,6.2722e-01,1.3540e-01
1.2160e+04,2.3670e-01,8.7232e-01,2.2500e+01,6.2740e-01,1.3546e-01
1.2170e+04,2.3646e-01,8.7214e-01,2.2500e+01,6.2759e-01,1.3551e-01
1.2180e+04,2.3623e-01,8.7195e-01,2.2500e+01,6.2777e-01,1.3556e-01
1.2190e+04,2.3599e-01,8.7177e-01,2.2500e+01,6.2795e-01,1.3561e-01
1.2200e+04,2.3576e-01,8.7159e-01,2.2500e+01,6.2813e-01,1.3567e-01
1.2210e+04,2.3552e-01,8.7141e-01,2.2500e+01,6.2832e-01,1.3572e-01
1.2220e+04,2.3529e-01,8.7122e-01,2.2500e+01,6.2850e-01,1.3577e-01
1.2230e+04,2.3505e-01,8.7104e-01,2.2500e+01,6.2868e-01,1.3582e-01
1.2240e+04,2.3482e-01,8.7086e-01,2.2500e+01,6.2886e-01,1.3587e-01
1.2250e+04,2.3459e-01,8.7068e-01,2.2500e+01,6.2904e-01,1.3593e-01
1.2260e+04,2.3435e-01,8.7050e-01,2.2500e+01,6.2922e-01,1.3598e-01
1.2270e+04,2.3412e-01,8.7032e-01,2.2500e+01,6.2940e-01,1.3603e-01
1.2280e+04,2.3389e-01,8.7014e-01,2.2500e+01,6.2958e-01,1.3608e-01
1.2290e+04,2.3366e-01,8.6996e-01,2.2500e+01,6.2976e-01,1.3613e-01
1.2300e+04,2.3343e-01,8.6978e-01,2.2500e+01,6.2994e-01,1.3619e-01
1.2310e+04,2.3319e-01,8.6960e-01,2.2500e+01,6.3012e-01,1.3624e-01
1.2320e+04,2.3296e-01,8.6942e-01,2.2500e+01,6.3030e-01,1.3629e-01
1.2330e+04,2.3273e-01,8.6924e-01,2.2500e+01,6.3048e-01,1.3634e-01
1.2340e+04,2.3250e-01,8.6906e-01,2.2500e+01,6.3066e-01,1.3639e-01
1.2350e+04,2.3227e-01,8.6888e-01,2.2500e+01,6.3084e-01,1.3644e-01
1.2360e+04,2.3204e-01,8.6870e-01,2.2500e+01,6.3102e-01,1.3650e-01
1.2370e+04,2.3181e-01,8.6852e-01,2.2500e+01,6.3120e-01,1.3655e-01
1.2380e+04,2.3158e-01,8.6834e-01,2.2500e+01,6.3138e-01,1.3660e-01
1.2390e+04,2.3135e-01,8.6816e-01,2.2500e+01,6.3156e-01,1.3665e-01
1.2400e+04,2.3112e-01,8.6799e-01,2.2500e+01,6.3173e-01,1.3670e-01
1.2410e+04,2.3089e-01,8.6781e-01,2.2500e+01,6.3191e-01,1.3675e-01
1.2420e+04,2.3066e-01,8.6763e-01,2.2500e+01,6.3209e-01,1.3680e-01
1.2430e+04,2.3043e-01,8.6745e-01,2.2500e+01,6.3227e-01,1.3685e-01
1.2440e+04,2.3021e-01,8.6727e-01,2.2500e+01,6.3244e-01,1.3691e-01
1.2450e+04,2.2998e-01,8.6710e-01,2.2500e+01,6.3262e-01,1.3696e-01
1.2460e+04,2.2975e-01,8.6692e-01,2.2500e+01,6.3280e-01,1.3701e-01
1.2470e+04,2.2952e-01,8.6674e-01,2.2500e+01,6.3297e-01,1.3706e-01
1.2480e+04,2.2930e-01,8.6657e-01,2.2500e+01,6.3315e-01,1.3711e-01
1.2490e+04,2.2907e-01,8.6639e-01,2.2500e+01,6.3333e-01,1.3716e-01
1.2500e+04,2.2884e-01,8.6622e-01,2.2500e+01,6.3350e-01,1.3721e-01
1.2510e+04,2.2862e-01,8.6604e-01,2.2500e+01,6.3368e-01,1.3726e-01
1.2520e+04,2.2839e-01,8.6586e-01,2.2500e+01,6.3385e-01,1.3731e-01
1.2530e+04,2.2816e-01,8.6569e-01,2.2500e+01,6.3403e-01,1.3736e-01
1.2540e+04,2.2794e-01,8.6551e-01,2.2500e+01,6.3420e-01,1.3741e-01
1.2550e+04,2.2771e-01,8.6534e-01,2.2500e+01,6.3438e-01,1.3746e-01
1.2560e+04,2.2749e-01,8.6516e-01,2.2500e+01,6.3455e-01,1.3751e-01
1.2570e+04,2.2726e-01,8.6499e-01,2.2500e+01,6.3473e-01,1.3756e-01
1.2580e+04,2.2704e-01,8.6482e-01,2.2500e+01,6.3490e-01,1.3761e-01
1.2590e+04,2.2681e-01,8.6464e-01,2.2500e+01,6.3508e-01,1.3767e-01
1.2600e+04,2.2659e-01,8.6447e-01,2.2500e+01,6.3525e-01,1.3772e-01
1.2610e+04,2.2637e-01,8.6429e-01,2.2500e+01,6.3542e-01,1.3777e-01
1.2620e+04,2.2614e-01,8.6412e-01,2.2500e+01,6.3560e-01,1.3782e-01
1.2630e+04,2.2592e-01,8.6395e-01,2.2500e+01,6.3577e-01,1.3787e-01
1.2640e+04,2.2570e-01,8.6377e-01,2.2500e+01,6.3594e-01,1.3792e-01
1.2650e+04,2.2547e-01,8.6360e-01,2.2500e+01,6.3612e-01,1.3797e-01
1.2660e+04,2.2525e-01,8.6343e-01,2.2500e+01,6.3629e-01,1.3802e-01
1.2670e+04,2.2503e-01,8.6326e-01,2.2500e+01,6.3646e-01,1.3807e-01
1.2680e+04,2.2481e-01,8.6308e-01,2.2500e+01,6.3663e-01,1.3812e-01
1.2690e+04,2.2459e-01,8.6291e-01,2.2500e+01,6.3680e-01,1.3817e-01
1.2700e+04,2.2436e-01,8.6274e-01,2.2500e+01,6.3698e-01,1.3822e-01
1.2710e+04,2.2414e-01,8.6257e-01,2.2500e+01,6.3715e-01,1.3826e-01
1.2720e+04,2.2392e-01,8.6240e-01,2.2500e+01,6.3732e-01,1.3831e-01
1.2730e+04,2.2370e-01,8.6223e-01,2.2500e+01,6.3749e-01,1.3836e-01
1.2740e+04,2.2348e-01,8.6206e-01,2.2500e+01,6.3766e-01,1.3841e-01
1.2750e+04,2.2326e-01,8.6188e-01,2.2500e+01,6.3783e-01,1.3846e-01
1.2760e+04,2.2304e-01,8.6171e-01,2.2500e+01,6.3800e-01,1.3851e-01
1.2770e+04,2.2282e-01,8.6154e-01,2.2500e+01,6.3817e-01,1.3856e-01
1.2780e+04,2.2260e-01,8.6137e-01,2.2500e+01,6.3834e-01,1.3861e-01
1.2790e+04,2.2238e-01,8.6120e-01,2.2500e+01,6.3851e-01,1.3866e-01
1.2800e+04,2.2216e-01,8.6103e-01,2.2500e+01,6.3868e-01,1.3871e-01
1.2810e+04,2.2194e-01,8.6086e-01,2.2500e+01,6.3885e-01,1.3876e-01
1.2820e+04,2.2173e-01,8.6069e-01,2.2500e+01,6.3902e-01,1.3881e-01
1.2830e+04,2.2151e-01,8.6053e-01,2.2500e+01,6.3919e-01,1.3886e-01
1.2840e+04,2.2129e-01,8.6036e-01,2.2500e+01,6.3936e-01,1.3891e-01
1.2850e+04,2.2107e-01,8.6019e-01,2.2500e+01,6.3953e-01,1.3896e-01
1.2860e+04,2.2085e-01,8.6002e-01,2.2500e+01,6.3970e-01,1.3900e-01
1.2870e+04,2.2064e-01,8.5985e-01,2.2500e+01,6.3986e-01,1.3905e-01
1.2880e+04,2.2042e-01,8.5968e-01,2.2500e+01,6.4003e-01,1.3910e-01
1.2890e+04,2.2020e-01,8.5951e-01,2.2500e+01,6.4020e-01,1.3915e-01
1.2900e+04,2.1999e-01,8.5935e-01,2.2500e+01,6.4037e-01,1.3920e-01
1.2910e+04,2.1977e-01,8.5918e-01,2.2500e+01,6.4054e-01,1.3925e-01
1.2920e+04,2.1955e-01,8.5901e-01,2.2500e+01,6.4070e-01,1.3930e-01
1.2930e+04,2.1934e-01,8.5884e-01,2.2500e+01,6.4087e-01,1.3935e-01
1.2940e+04,2.1912e-01,8.5868e-01,2.2500e+01,6.4104e-01,1.3939e-01
1.2950e+04,2.1891e-01,8.5851e-01,2.2500e+01,6.4120e-01,1.3944e-01
1.2960e+04,2.1869e-01,8.5834e-01,2.2500e+01,6.4137e-01,1.3949e-01
1.2970e+04,2.1848e-01,8.5818e-01,2.2500e+01,6.4154e-01,1.3954e-01
1.2980e+04,2.1826e-01,8.5801e-01,2.2500e+01,6.4170e-01,1.3959e-01
1.2990e+04,2.1805e-01,8.5785e-01,2.2500e+01,6.4187e-01,1.3964e-01
1.3000e+04,2.1784e-01,8.5768e-01,2.2500e+01,6.4204e-01,1.3969e-01
1.3010e+04,2.1762e-01,8.5751e-01,2.2500e+01,6.4220e-01,1.3973e-01
1.3020e+04,2.1741e-01,8.5735e-01,2.2500e+01,6.4237e-01,1.3978e-01
1.3030e+04,2.1719e-01,8.5718e-01,2.2500e+01,6.4253e-01,1.3983e-01
1.3040e+04,2.1698e-01,8.5702e-01,2.2500e+01,6.4270e-01,1.3988e-01
1.3050e+04,2.1677e-01,8.5685e-01,2.2500e+01,6.4286e-01,1.3993e-01
1.3060e+04,2.1656e-01,8.5669e-01,2.2500e+01,6.4303e-01,1.3997e-01
1.3070e+04,2.1634e-01,8.5652e-01,2.2500e+01,6.4319e-01,1.4002e-01
1.3080e+04,2.1613e-01,8.5636e-01,2.2500e+01,6.4335e-01,1.4007e-01
1.3090e+04,2.1592e-01,8.5620e-01,2.2500e+01,6.4352e-01,1.4012e-01
1.3100e+04,2.1571e-01,8.5603e-01,2.2500e+01,6.4368e-01,1.4017e-01
1.3110e+04,2.1550e-01,8.5587e-01,2.2500e+01,6.4385e-01,1.4021e-01
1.3120e+04,2.1528e-01,8.5570e-01,2.2500e+01,6.4401e-01,1.4026e-01
1.3130e+04,2.1507e-01,8.5554e-01,2.2500e+01,6.4417e-01,1.4031e-01
1.3140e+04,2.1486e-01,8.5538e-01,2.2500e+01,6.4434e-01,1.4036e-01
1.3150e+04,2.1465e-01,8.5521e-01,2.2500e+01,6.4450e-01,1.4040e-01
1.3160e+04,2.1444e-01,8.5505e-01,2.2500e+01,6.4466e-01,1.4045e-01
1.3170e+04,2.1423e-01,8.5489e-01,2.2500e+01,6.4482e-01,1.4050e-01
1.3180e+04,2.1402e-01,8.5473e-01,2.2500e+01,6.4499e-01,1.4055e-01
1.3190e+04,2.1381e-01,8.5456e-01,2.2500e+01,6.4515e-01,1.4059e-01
1.3200e+04,2.1360e-01,8.5440e-01,2.2500e+01,6.4531e-01,1.4064e-01
1.3210e+04,2.1339e-01,8.5424e-01,2.2500e+01,6.4547e-01,1.4069e-01
1.3220e+04,2.1319e-01,8.5408e-01,2.2500e+01,6.4563e-01,1.4074e-01
1.3230e+04,2.1298e-01,8.5392e-01,2.2500e+01,6.4579e-01,1.4078e-01
1.3240e+04,2.1277e-01,8.5376e-01,2.2500e+01,6.4596e-01,1.4083e-01
1.3250e+04,2.1256e-01,8.5360e-01,2.2500e+01,6.4612e-01,1.4088e-01
1.3260e+04,2.1235e-01,8.5343e-01,2.2500e+01,6.4628e-01,1.4093e-01
1.3270e+04,2.1215e-01,8.5327e-01,2.2500e+01,6.4644e-01,1.4097e-01
1.3280e+04,2.1194e-01,8.5311e-01,2.2500e+01,6.4660e-01,1.4102e-01
1.3290e+04,2.1173e-01,8.5295e-01,2.2500e+01,6.4676e-01,1.4107e-01
1.3300e+04,2.1152e-01,8.5279e-01,2.2500e+01,6.4692e-01,1.4111e-01
1.3310e+04,2.1132e-01,8.5263e-01,2.2500e+01,6.4708e-01,1.4116e-01
1.3320e+04,2.1111e-01,8.5247e-01,2.2500e+01,6.4724e-01,1.4121e-01
1.3330e+04,2.1090e-01,8.5231e-01,2.2500e+01,6.4740e-01,1.4125e-01
1.3340e+04,2.1070e-01,8.5215e-01,2.2500e+01,6.4756e-01,1.4130e-01
1.3350e+04,2.1049e-01,8.5200e-01,2.2500e+01,6.4772e-01,1.4135e-01
1.3360e+04,2.1029e-01,8.5184e-01,2.2500e+01,6.4788e-01,1.4139e-01
1.3370e+04,2.1008e-01,8.5168e-01,2.2500e+01,6.4803e-01,1.4144e-01
1.3380e+04,2.0988e-01,8.5152e-01,2.2500e+01,6.4819e-01,1.4149e-01
1.3390e+04,2.0967e-01,8.5136e-01,2.2500e+01,6.4835e-01,1.4153e-01
1.3400e+04,2.0947e-01,8.5120e-01,2.2500e+01,6.4851e-01,1.4158e-01
1.3410e+04,2.0926e-01,8.5104e-01,2.2500e+01,6.4867e-01,1.4163e-01
1.3420e+04,2.0906e-01,8.5089e-01,2.2500e+01,6.4883e-01,1.4167e-01
1.3430e+04,2.0885e-01,8.5073e-01,2.2500e+01,6.4898e-01,1.4172e-01
1.3440e+04,2.0865e-01,8.5057e-01,2.2500e+01,6.4914e-01,1.4177e-01
1.3450e+04,2.0845e-01,8.5041e-01,2.2500e+01,6.4930e-01,1.4181e-01
1.3460e+04,2.0824e-01,8.5026e-01,2.2500e+01,6.4945e-01,1.4186e-01
1.3470e+04,2.0804e-01,8.5010e-01,2.2500e+01,6.4961e-01,1.4190e-01
1.3480e+04,2.0784e-01,8.4994e-01,2.2500e+01,6.4977e-01,1.4195e-01
1.3490e+04,2.0764e-01,8.4979e-01,2.2500e+01,6.4992e-01,1.4200e-01
1.3500e+04,2.0743e-01,8.4963e-01,2.2500e+01,6.5008e-01,1.4204e-01
1.3510e+04,2.0723e-01,8.4947e-01,2.2500e+01,6.5024e-01,1.4209e-01
1.3520e+04,2.0703e-01,8.4932e-01,2.2500e+01,6.5039e-01,1.4213e-01
1.3530e+04,2.0683e-01,8.4916e-01,2.2500e+01,6.5055e-01,1.4218e-01
1.3540e+04,2.0663e-01,8.4901e-01,2.2500e+01,6.5070e-01,1.4223e-01
1.3550e+04,2.0642e-01,8.4885e-01,2.2500e+01,6.5086e-01,1.4227e-01
1.3560e+04,2.0622e-01,8.4869e-01,2.2500e+01,6.5102e-01,1.4232e-01
1.3570e+04,2.0602e-01,8.4854e-01,2.2500e+01,6.5117e-01,1.4236e-01
1.3580e+04,2.0582e-01,8.4838e-01,2.2500e+01,6.5133e-01,1.4241e-01
1.3590e+04,2.0562e-01,8.4823e-01,2.2500e+01,6.5148e-01,1.4245e-01
1.3600e+04,2.0542e-01,8.4808e-01,2.2500e+01,6.5164e-01,1.4250e-01
1.3610e+04,2.0522e-01,8.4792e-01,2.2500e+01,6.5179e-01,1.4254e-01
1.3620e+04,2.0502e-01,8.4777e-01,2.2500e+01,6.5194e-01,1.4259e-01
1.3630e+04,2.0482e-01,8.4761e-01,2.2500e+01,6.5210e-01,1.4264e-01
1.3640e+04,2.0462e-01,8.4746e-01,2.2500e+01,6.5225e-01,1.4268e-01
1.3650e+04,2.0442e-01,8.4730e-01,2.2500e+01,6.5241e-01,1.4273e-01
1.3660e+04,2.0423e-01,8.4715e-01,2.2500e+01,6.5256e-01,1.4277e-01
1.3670e+04,2.0403e-01,8.4700e-01,2.2500e+01,6.5271e-01,1.4282e-01
1.3680e+04,2.0383e-01,8.4684e-01,2.2500e+01,6.5287e-01,1.4286e-01
1.3690e+04,2.0363e-01,8.4669e-01,2.2500e+01,6.5302e-01,1.4291e-01
1.3700e+04,2.0343e-01,8.4654e-01,2.2500e+01,6.5317e-01,1.4295e-01
1.3710e+04,2.0323e-01,8.4639e-01,2.2500e+01,6.5332e-01,1.4300e-01
1.3720e+04,2.0304e-01,8.4623e-01,2.2500e+01,6.5348e-01,1.4304e-01
1.3730e+04,2.0284e-01,8.4608e-01,2.2500e+01,6.5363e-01,1.4309e-01
1.3740e+04,2.0264e-01,8.4593e-01,2.2500e+01,6.5378e-01,1.4313e-01
1.3750e+04,2.0245e-01,8.4578e-01,2.2500e+01,6.5393e-01,1.4318e-01
1.3760e+04,2.0225e-01,8.4563e-01,2.2500e+01,6.5408e-01,1.4322e-01
1.3770e+04,2.0205e-01,8.4547e-01,2.2500e+01,6.5424e-01,1.4327e-01
1.3780e+04,2.0186e-01,8.4532e-01,2.2500e+01,6.5439e-01,1.4331e-01
1.3790e+04,2.0166e-01,8.4517e-01,2.2500e+01,6.5454e-01,1.4336e-01
1.3800e+04,2.0147e-01,8.4502e-01,2.2500e+01,6.5469e-01,1.4340e-01
1.3810e+04,2.0127e-01,8.4487e-01,2.2500e+01,6.5484e-01,1.4345e-01
1.3820e+04,2.0107e-01,8.4472e-01,2.2500e+01,6.5499e-01,1.4349e-01
1.3830e+04,2.0088e-01,8.4457e-01,2.2500e+01,6.5514e-01,1.4354e-01
1.3840e+04,2.0068e-01,8.4442e-01,2.2500e+01,6.5529e-01,1.4358e-01
1.3850e+04,2.0049e-01,8.4427e-01,2.2500e+01,6.5544e-01,1.4362e-01
1.3860e+04,2.0030e-01,8.4412e-01,2.2500e+01,6.5559e-01,1.4367e-01
1.3870e+04,2.0010e-01,8.4397e-01,2.2500e+01,6.5574e-01,1.4371e-01
1.3880e+04,1.9991e-01,8.4382e-01,2.2500e+01,6.5589e-01,1.4376e-01
1.3890e+04,1.9971e-01,8.4367e-01,2.2500e+01,6.5604e-01,1.4380e-01
1.3900e+04,1.9952e-01,8.4352e-01,2.2500e+01,6.5619e-01,1.4385e-01
1.3910e+04,1.9933e-01,8.4337e-01,2.2500e+01,6.5634e-01,1.4389e-01
1.3920e+04,1.9913e-01,8.4322e-01,2.2500e+01,6.5649e-01,1.4393e-01
1.3930e+04,1.9894e-01,8.4307e-01,2.2500e+01,6.5664e-01,1.4398e-01
1.3940e+04,1.9875e-01,8.4292e-01,2.2500e+01,6.5679e-01,1.4402e-01
1.3950e+04,1.9855e-01,8.4277e-01,2.2500e+01,6.5693e-01,1.4407e-01
1.3960e+04,1.9836e-01,8.4263e-01,2.2500e+01,6.5708e-01,1.4411e-01
1.3970e+04,1.9817e-01,8.4248e-01,2.2500e+01,6.5723e-01,1.4415e-01
1.3980e+04,1.9798e-01,8.4233e-01,2.2500e+01,6.5738e-01,1.4420e-01
1.3990e+04,1.9779e-01,8.4218e-01,2.2500e+01,6.5753e-01,1.4424e-01
1.4000e+04,1.9760e-01,8.4203e-01,2.2500e+01,6.5767e-01,1.4429e-01
1.4010e+04,1.9740e-01,8.4189e-01,2.2500e+01,6.5782e-01,1.4433e-01
1.4020e+04,1.9721e-01,8.4174e-01,2.2500e+01,6.5797e-01,1.4437e-01
1.4030e+04,1.9702e-01,8.4159e-01,2.2500e+01,6.5812e-01,1.4442e-01
1.4040e+04,1.9683e-01,8.4144e-01,2.2500e+01,6.5826e-01,1.4446e-01
1.4050e+04,1.9664e-01,8.4130e-01,2.2500e+01,6.5841e-01,1.4450e-01
1.4060e+04,1.9645e-01,8.4115e-01,2.2500e+01,6.5856e-01,1.4455e-01
1.4070e+04,1.9626e-01,8.4100e-01,2.2500e+01,6.5870e-01,1.4459e-01
1.4080e+04,1.9607e-01,8.4086e-01,2.2500e+01,6.5885e-01,1.4464e-01
1.4090e+04,1.9588e-01,8.4071e-01,2.2500e+01,6.5900e-01,1.4468e-01
1.4100e+04,1.9569e-01,8.4057e-01,2.2500e+01,6.5914e-01,1.4472e-01
1.4110e+04,1.9550e-01,8.4042e-01,2.2500e+01,6.5929e-01,1.4477e-01
1.4120e+04,1.9531e-01,8.4027e-01,2.2500e+01,6.5943e-01,1.4481e-01
1.4130e+04,1.9513e-01,8.4013e-01,2.2500e+01,6.5958e-01,1.4485e-01
1.4140e+04,1.9494e-01,8.3998e-01,2.2500e+01,6.5972e-01,1.4490e-01
1.4150e+04,1.9475e-01,8.3984e-01,2.2500e+01,6.5987e-01,1.4494e-01
1.4160e+04,1.9456e-01,8.3969e-01,2.2500e+01,6.6001e-01,1.4498e-01
1.4170e+04,1.9437e-01,8.3955e-01,2.2500e+01,6.6016e-01,1.4502e-01
1.4180e+04,1.9419e-01,8.3940e-01,2.2500e+01,6.6030e-01,1.4507e-01
1.4190e+04,1.9400e-01,8.3926e-01,2.2500e+01,6.6045e-01,1.4511e-01
1.4200e+04,1.9381e-01,8.3911e-01,2.2500e+01,6.6059e-01,1.4515e-01
1.4210e+04,1.9362e-01,8.3897e-01,2.2500e+01,6.6074e-01,1.4520e-01
1.4220e+04,1.9344e-01,8.3883e-01,2.2500e+01,6.6088e-01,1.4524e-01
1.4230e+04,1.9325e-01,8.3868e-01,2.2500e+01,6.6102e-01,1.4528e-01
1.4240e+04,1.9306e-01,8.3854e-01,2.2500e+01,6.6117e-01,1.4533e-01
1.4250e+04,1.9288e-01,8.3840e-01,2.2500e+01,6.6131e-01,1.4537e-01
1.4260e+04,1.9269e-01,8.3825e-01,2.2500e+01,6.6145e-01,1.4541e-01
1.4270e+04,1.9251e-01,8.3811e-01,2.2500e+01,6.6160e-01,1.4545e-01
1.4280e+04,1.9232e-01,8.3797e-01,2.2500e+01,6.6174e-01,1.4550e-01
1.4290e+04,1.9213e-01,8.3782e-01,2.2500e+01,6.6188e-01,1.4554e-01
1.4300e+04,1.9195e-01,8.3768e-01,2.2500e+01,6.6203e-01,1.4558e-01
1.4310e+04,1.9176e-01,8.3754e-01,2.2500e+01,6.6217e-01,1.4562e-01
1.4320e+04,1.9158e-01,8.3740e-01,2.2500e+01,6.6231e-01,1.4567e-01
1.4330e+04,1.9139e-01,8.3725e-01,2.2500e+01,6.6245e-01,1.4571e-01
1.4340e+04,1.9121e-01,8.3711e-01,2.2500e+01,6.6259e-01,1.4575e-01
1.4350e+04,1.9103e-01,8.3697e-01,2.2500e+01,6.6274e-01,1.4579e-01
1.4360e+04,1.9084e-01,8.3683e-01,2.2500e+01,6.6288e-01,1.4584e-01
1.4370e+04,1.9066e-01,8.3669e-01,2.2500e+01,6.6302e-01,1.4588e-01
1.4380e+04,1.9047e-01,8.3654e-01,2.2500e+01,6.6316e-01,1.4592e-01
1.4390e+04,1.9029e-01,8.3640e-01,2.2500e+01,6.6330e-01,1.4596e-01
