t,[L2M],[D],[L],[L2MD],[L2Ms]
0.0000e+00,1.5000e+00,3.0000e+00,1.5000e+01,0.0000e+00,0.0000e+00
1.0000e+01,1.4926e+00,2.9941e+00,1.5001e+01,5.9060e-03,4.9265e-04
2.0000e+01,1.4862e+00,2.9882e+00,1.5001e+01,1.1791e-02,9.8452e-04
3.0000e+01,1.4799e+00,2.9823e+00,1.5001e+01,1.7639e-02,1.4743e-03
4.0000e+01,1.4736e+00,2.9765e+00,1.5001e+01,2.3452e-02,1.9620e-03
5.0000e+01,1.4673e+00,2.9707e+00,1.5001e+01,2.9228e-02,2.4476e-03
6.0000e+01,1.4611e+00,2.9650e+00,1.5001e+01,3.4969e-02,2.9312e-03
7.0000e+01,1.4549e+00,2.9593e+00,1.5001e+01,4.0674e-02,3.4127e-03
8.0000e+01,1.4488e+00,2.9536e+00,1.5001e+01,4.6344e-02,3.8922e-03
9.0000e+01,1.4427e+00,2.9480e+00,1.5001e+01,5.1980e-02,4.3697e-03
1.0000e+02,1.4366e+00,2.9424e+00,1.5001e+01,5.7582e-02,4.8451e-03
1.1000e+02,1.4305e+00,2.9368e+00,1.5001e+01,6.3149e-02,5.3186e-03
1.2000e+02,1.4245e+00,2.9313e+00,1.5001e+01,6.8683e-02,5.7901e-03
1.3000e+02,1.4186e+00,2.9258e+00,1.5001e+01,7.4183e-02,6.2597e-03
1.4000e+02,1.4126e+00,2.9203e+00,1.5001e+01,7.9650e-02,6.7272e-03
1.5000e+02,1.4067e+00,2.9149e+00,1.5001e+01,8.5083e-02,7.1928e-03
1.6000e+02,1.4009e+00,2.9094e+00,1.5001e+01,9.0485e-02,7.6565e-03
1.7000e+02,1.3950e+00,2.9041e+00,1.5001e+01,9.5854e-02,8.1183e-03
1.8000e+02,1.3892e+00,2.8987e+00,1.5001e+01,1.0119e-01,8.5781e-03
1.9000e+02,1.3835e+00,2.8934e+00,1.5001e+01,1.0650e-01,9.0361e-03
2.0000e+02,1.3777e+00,2.8881e+00,1.5001e+01,1.1177e-01,9.4921e-03
2.1000e+02,1.3720e+00,2.8829e+00,1.5001e+01,1.1701e-01,9.9463e-03
2.2000e+02,1.3664e+00,2.8777e+00,1.5001e+01,1.2222e-01,1.0399e-02
2.3000e+02,1.3607e+00,2.8725e+00,1.5001e+01,1.2740e-01,1.0849e-02
2.4000e+02,1.3552e+00,2.8674e+00,1.5001e+01,1.3255e-01,1.1298e-02
2.5000e+02,1.3496e+00,2.8622e+00,1.5001e+01,1.3767e-01,1.1744e-02
2.6000e+02,1.3441e+00,2.8571e+00,1.5001e+01,1.4276e-01,1.2189e-02
2.7000e+02,1.3385e+00,2.8521e+00,1.5001e+01,1.4782e-01,1.2632e-02
2.8000e+02,1.3331e+00,2.8470e+00,1.5001e+01,1.5285e-01,1.3074e-02
2.9000e+02,1.3276e+00,2.8420e+00,1.5001e+01,1.5785e-01,1.3513e-02
3.0000e+02,1.3222e+00,2.8371e+00,1.5001e+01,1.6282e-01,1.3951e-02
3.1000e+02,1.3168e+00,2.8321e+00,1.5001e+01,1.6777e-01,1.4387e-02
3.2000e+02,1.3115e+00,2.8272e+00,1.5001e+01,1.7268e-01,1.4821e-02
3.3000e+02,1.3062e+00,2.8223e+00,1.5001e+01,1.7757e-01,1.5253e-02
3.4000e+02,1.3009e+00,2.8174e+00,1.5001e+01,1.8242e-01,1.5684e-02
3.5000e+02,1.2956e+00,2.8126e+00,1.5001e+01,1.8725e-01,1.6113e-02
3.6000e+02,1.2904e+00,2.8078e+00,1.5001e+01,1.9206e-01,1.6540e-02
3.7000e+02,1.2852e+00,2.8030e+00,1.5001e+01,1.9683e-01,1.6966e-02
3.8000e+02,1.2800e+00,2.7983e+00,1.5001e+01,2.0158e-01,1.7390e-02
3.9000e+02,1.2749e+00,2.7936e+00,1.5001e+01,2.0630e-01,1.7812e-02
4.0000e+02,1.2698e+00,2.7889e+00,1.5001e+01,2.1099e-01,1.8232e-02
4.1000e+02,1.2647e+00,2.7842e+00,1.5001e+01,2.1566e-01,1.8651e-02
4.2000e+02,1.2596e+00,2.7795e+00,1.5001e+01,2.2030e-01,1.9068e-02
4.3000e+02,1.2546e+00,2.7749e+00,1.5001e+01,2.2491e-01,1.9483e-02
4.4000e+02,1.2496e+00,2.7703e+00,1.5001e+01,2.2950e-01,1.9897e-02
4.5000e+02,1.2446e+00,2.7658e+00,1.5001e+01,2.3407e-01,2.0309e-02
4.6000e+02,1.2397e+00,2.7612e+00,1.5001e+01,2.3860e-01,2.0719e-02
4.7000e+02,1.2348e+00,2.7567e+00,1.5001e+01,2.4311e-01,2.1128e-02
4.8000e+02,1.2299e+00,2.7522e+00,1.5001e+01,2.4760e-01,2.1536e-02
4.9000e+02,1.2250e+00,2.7478e+00,1.5001e+01,2.5206e-01,2.1941e-02
5.0000e+02,1.2202e+00,2.7433e+00,1.5001e+01,2.5650e-01,2.2345e-02
5.1000e+02,1.2153e+00,2.7389e+00,1.5001e+01,2.6091e-01,2.2748e-02
5.2000e+02,1.2106e+00,2.7345e+00,1.5001e+01,2.6530e-01,2.3148e-02
5.3000e+02,1.2058e+00,2.7302e+00,1.5001e+01,2.6966e-01,2.3548e-02
5.4000e+02,1.2011e+00,2.7258e+00,1.5001e+01,2.7400e-01,2.3945e-02
5.5000e+02,1.1963e+00,2.7215e+00,1.5001e+01,2.7832e-01,2.4341e-02
5.6000e+02,1.1917e+00,2.7172e+00,1.5001e+01,2.8261e-01,2.4736e-02
5.7000e+02,1.1870e+00,2.7129e+00,1.5001e+01,2.8688e-01,2.5129e-02
5.8000e+02,1.1824e+00,2.7087e+00,1.5001e+01,2.9112e-01,2.5521e-02
5.9000e+02,1.1777e+00,2.7045e+00,1.5001e+01,2.9535e-01,2.5911e-02
6.0000e+02,1.1732e+00,2.7002e+00,1.5001e+01,2.9955e-01,2.6299e-02
6.1000e+02,1.1686e+00,2.6961e+00,1.5001e+01,3.0372e-01,2.6686e-02
6.2000e+02,1.1641e+00,2.6919e+00,1.5001e+01,3.0788e-01,2.7071e-02
6.3000e+02,1.1595e+00,2.6878e+00,1.5001e+01,3.1201e-01,2.7455e-02
6.4000e+02,1.1550e+00,2.6837e+00,1.5001e+01,3.1612e-01,2.7838e-02
6.5000e+02,1.1506e+00,2.6796e+00,1.5001e+01,3.2020e-01,2.8219e-02
6.6000e+02,1.1461e+00,2.6755e+00,1.5001e+01,3.2427e-01,2.8599e-02
6.7000e+02,1.1417e+00,2.6715e+00,1.5001e+01,3.2831e-01,2.8977e-02
6.8000e+02,1.1373e+00,2.6674e+00,1.5001e+01,3.3233e-01,2.9353e-02
6.9000e+02,1.1329e+00,2.6634e+00,1.5001e+01,3.3633e-01,2.9728e-02
7.0000e+02,1.1286e+00,2.6595e+00,1.5001e+01,3.4031e-01,3.0102e-02
7.1000e+02,1.1243e+00,2.6555e+00,1.5001e+01,3.4427e-01,3.0474e-02
7.2000e+02,1.1199e+00,2.6516e+00,1.5001e+01,3.4821e-01,3.0845e-02
7.3000e+02,1.1157e+00,2.6476e+00,1.5001e+01,3.5212e-01,3.1215e-02
7.4000e+02,1.1114e+00,2.6437e+00,1.5001e+01,3.5602e-01,3.1583e-02
7.5000e+02,1.1072e+00,2.6399e+00,1.5001e+01,3.5989e-01,3.1950e-02
7.6000e+02,1.1029e+00,2.6360e+00,1.5001e+01,3.6375e-01,3.2315e-02
7.7000e+02,1.0987e+00,2.6322e+00,1.5001e+01,3.6758e-01,3.2679e-02
7.8000e+02,1.0946e+00,2.6284e+00,1.5001e+01,3.7139e-01,3.3041e-02
7.9000e+02,1.0904e+00,2.6246e+00,1.5001e+01,3.7519e-01,3.3402e-02
8.0000e+02,1.0863e+00,2.6208e+00,1.5001e+01,3.7896e-01,3.3762e-02
8.1000e+02,1.0822e+00,2.6170e+00,1.5001e+01,3.8272e-01,3.4121e-02
8.2000e+02,1.0781e+00,2.6133e+00,1.5001e+01,3.8645e-01,3.4478e-02
8.3000e+02,1.0740e+00,2.6096e+00,1.5001e+01,3.9017e-01,3.4833e-02
8.4000e+02,1.0699e+00,2.6059e+00,1.5001e+01,3.9386e-01,3.5188e-02
8.5000e+02,1.0659e+00,2.6022e+00,1.5001e+01,3.9754e-01,3.5541e-02
8.6000e+02,1.0619e+00,2.5985e+00,1.5001e+01,4.0120e-01,3.5892e-02
8.7000e+02,1.0579e+00,2.5949e+00,1.5001e+01,4.0484e-01,3.6243e-02
8.8000e+02,1.0539e+00,2.5913e+00,1.5001e+01,4.0846e-01,3.6592e-02
8.9000e+02,1.0500e+00,2.5877e+00,1.5001e+01,4.1206e-01,3.6940e-02
9.0000e+02,1.0461e+00,2.5841e+00,1.5001e+01,4.1565e-01,3.7286e-02
9.1000e+02,1.0422e+00,2.5805e+00,1.5001e+01,4.1921e-01,3.7631e-02
9.2000e+02,1.0383e+00,2.5770e+00,1.5001e+01,4.2276e-01,3.7975e-02
9.3000e+02,1.0344e+00,2.5734e+00,1.5001e+01,4.2629e-01,3.8318e-02
9.4000e+02,1.0305e+00,2.5699e+00,1.5001e+01,4.2980e-01,3.8659e-02
9.5000e+02,1.0267e+00,2.5664e+00,1.5001e+01,4.3329e-01,3.8999e-02
9.6000e+02,1.0229e+00,2.5629e+00,1.5001e+01,4.3677e-01,3.9338e-02
9.7000e+02,1.0191e+00,2.5595e+00,1.5001e+01,4.4023e-01,3.9676e-02
9.8000e+02,1.0153e+00,2.5560e+00,1.5001e+01,4.4367e-01,4.0012e-02
9.9000e+02,1.0116e+00,2.5526e+00,1.5001e+01,4.4709e-01,4.0347e-02
1.0000e+03,1.0078e+00,2.5492e+00,1.5001e+01,4.5050e-01,4.0681e-02
1.0100e+03,1.0041e+00,2.5458e+00,1.5001e+01,4.5389e-01,4.1013e-02
1.0200e+03,1.0004e+00,2.5424e+00,1.5001e+01,4.5726e-01,4.1345e-02
1.0300e+03,9.9671e-01,2.5391e+00,1.5001e+01,4.6061e-01,4.1675e-02
1.0400e+03,9.9304e-01,2.5357e+00,1.5001e+01,4.6395e-01,4.2004e-02
1.0500e+03,9.8939e-01,2.5324e+00,1.5001e+01,4.6727e-01,4.2332e-02
1.0600e+03,9.8576e-01,2.5291e+00,1.5001e+01,4.7058e-01,4.2658e-02
1.0700e+03,9.8215e-01,2.5258e+00,1.5001e+01,4.7387e-01,4.2983e-02
1.0800e+03,9.7855e-01,2.5225e+00,1.5001e+01,4.7714e-01,4.3308e-02
1.0900e+03,9.7497e-01,2.5193e+00,1.5001e+01,4.8040e-01,4.3631e-02
1.1000e+03,9.7141e-01,2.5160e+00,1.5001e+01,4.8364e-01,4.3952e-02
1.1100e+03,9.6786e-01,2.5128e+00,1.5001e+01,4.8686e-01,4.4273e-02
1.1200e+03,9.6434e-01,2.5096e+00,1.5001e+01,4.9007e-01,4.4592e-02
1.1300e+03,9.6082e-01,2.5064e+00,1.5001e+01,4.9327e-01,4.4911e-02
1.1400e+03,9.5733e-01,2.5032e+00,1.5001e+01,4.9644e-01,4.5228e-02
1.1500e+03,9.5385e-01,2.5001e+00,1.5001e+01,4.9961e-01,4.5544e-02
1.1600e+03,9.5039e-01,2.4969e+00,1.5001e+01,5.0275e-01,4.5859e-02
1.1700e+03,9.4695e-01,2.4938e+00,1.5001e+01,5.0588e-01,4.6172e-02
1.1800e+03,9.4352e-01,2.4907e+00,1.5001e+01,5.0900e-01,4.6485e-02
1.1900e+03,9.4010e-01,2.4876e+00,1.5001e+01,5.1210e-01,4.6796e-02
1.2000e+03,9.3671e-01,2.4845e+00,1.5001e+01,5.1519e-01,4.7107e-02
1.2100e+03,9.3333e-01,2.4814e+00,1.5001e+01,5.1826e-01,4.7416e-02
1.2200e+03,9.2996e-01,2.4783e+00,1.5001e+01,5.2131e-01,4.7724e-02
1.2300e+03,9.2662e-01,2.4753e+00,1.5001e+01,5.2435e-01,4.8031e-02
1.2400e+03,9.2328e-01,2.4723e+00,1.5001e+01,5.2738e-01,4.8337e-02
1.2500e+03,9.1997e-01,2.4693e+00,1.5001e+01,5.3039e-01,4.8642e-02
1.2600e+03,9.1667e-01,2.4663e+00,1.5001e+01,5.3339e-01,4.8945e-02
1.2700e+03,9.1338e-01,2.4633e+00,1.5001e+01,5.3637e-01,4.9248e-02
1.2800e+03,9.1011e-01,2.4603e+00,1.5001e+01,5.3934e-01,4.9549e-02
1.2900e+03,9.0685e-01,2.4573e+00,1.5001e+01,5.4230e-01,4.9850e-02
1.3000e+03,9.0361e-01,2.4544e+00,1.5001e+01,5.4524e-01,5.0149e-02
1.3100e+03,9.0039e-01,2.4515e+00,1.5001e+01,5.4816e-01,5.0447e-02
1.3200e+03,8.9718e-01,2.4486e+00,1.5001e+01,5.5108e-01,5.0745e-02
1.3300e+03,8.9398e-01,2.4457e+00,1.5001e+01,5.5398e-01,5.1041e-02
1.3400e+03,8.9080e-01,2.4428e+00,1.5001e+01,5.5686e-01,5.1336e-02
1.3500e+03,8.8764e-01,2.4399e+00,1.5001e+01,5.5973e-01,5.1630e-02
1.3600e+03,8.8449e-01,2.4370e+00,1.5001e+01,5.6259e-01,5.1923e-02
1.3700e+03,8.8135e-01,2.4342e+00,1.5001e+01,5.6544e-01,5.2215e-02
1.3800e+03,8.7823e-01,2.4313e+00,1.5001e+01,5.6827e-01,5.2506e-02
1.3900e+03,8.7512e-01,2.4285e+00,1.5001e+01,5.7109e-01,5.2796e-02
1.4000e+03,8.7202e-01,2.4257e+00,1.5001e+01,5.7389e-01,5.3085e-02
1.4100e+03,8.6894e-01,2.4229e+00,1.5001e+01,5.7668e-01,5.3373e-02
1.4200e+03,8.6588e-01,2.4201e+00,1.5001e+01,5.7946e-01,5.3660e-02
1.4300e+03,8.6283e-01,2.4174e+00,1.5001e+01,5.8223e-01,5.3946e-02
1.4400e+03,8.5979e-01,2.4146e+00,1.5001e+01,5.8498e-01,5.4230e-02
1.4500e+03,8.5676e-01,2.4119e+00,1.5001e+01,5.8772e-01,5.4514e-02
1.4600e+03,8.5375e-01,2.4092e+00,1.5001e+01,5.9045e-01,5.4797e-02
1.4700e+03,8.5076e-01,2.4064e+00,1.5001e+01,5.9316e-01,5.5079e-02
1.4800e+03,8.4777e-01,2.4037e+00,1.5001e+01,5.9587e-01,5.5360e-02
1.4900e+03,8.4480e-01,2.4010e+00,1.5001e+01,5.9856e-01,5.5640e-02
1.5000e+03,8.4185e-01,2.3984e+00,1.5001e+01,6.0123e-01,5.5919e-02
1.5100e+03,8.3891e-01,2.3957e+00,1.5001e+01,6.0390e-01,5.6197e-02
1.5200e+03,8.3598e-01,2.3930e+00,1.5001e+01,6.0655e-01,5.6474e-02
1.5300e+03,8.3306e-01,2.3904e+00,1.5001e+01,6.0919e-01,5.6750e-02
1.5400e+03,8.3016e-01,2.3878e+00,1.5001e+01,6.1182e-01,5.7025e-02
1.5500e+03,8.2726e-01,2.3851e+00,1.5001e+01,6.1444e-01,5.7299e-02
1.5600e+03,8.2439e-01,2.3825e+00,1.5001e+01,6.1704e-01,5.7572e-02
1.5700e+03,8.2152e-01,2.3799e+00,1.5001e+01,6.1963e-01,5.7844e-02
1.5800e+03,8.1867e-01,2.3774e+00,1.5001e+01,6.2222e-01,5.8116e-02
1.5900e+03,8.1583e-01,2.3748e+00,1.5001e+01,6.2479e-01,5.8386e-02
1.6000e+03,8.1300e-01,2.3722e+00,1.5001e+01,6.2734e-01,5.8655e-02
1.6100e+03,8.1019e-01,2.3697e+00,1.5001e+01,6.2989e-01,5.8924e-02
1.6200e+03,8.0739e-01,2.3672e+00,1.5001e+01,6.3242e-01,5.9191e-02
1.6300e+03,8.0460e-01,2.3646e+00,1.5001e+01,6.3495e-01,5.9458e-02
1.6400e+03,8.0182e-01,2.3621e+00,1.5001e+01,6.3746e-01,5.9724e-02
1.6500e+03,7.9905e-01,2.3596e+00,1.5001e+01,6.3996e-01,5.9988e-02
1.6600e+03,7.9630e-01,2.3571e+00,1.5001e+01,6.4245e-01,6.0252e-02
1.6700e+03,7.9356e-01,2.3546e+00,1.5001e+01,6.4493e-01,6.0515e-02
1.6800e+03,7.9083e-01,2.3522e+00,1.5001e+01,6.4739e-01,6.0777e-02
1.6900e+03,7.8811e-01,2.3497e+00,1.5001e+01,6.4985e-01,6.1038e-02
1.7000e+03,7.8541e-01,2.3473e+00,1.5001e+01,6.5229e-01,6.1299e-02
1.7100e+03,7.8272e-01,2.3448e+00,1.5001e+01,6.5473e-01,6.1558e-02
1.7200e+03,7.8003e-01,2.3424e+00,1.5001e+01,6.5715e-01,6.1817e-02
1.7300e+03,7.7736e-01,2.3400e+00,1.5001e+01,6.5956e-01,6.2074e-02
1.7400e+03,7.7471e-01,2.3376e+00,1.5001e+01,6.6196e-01,6.2331e-02
1.7500e+03,7.7206e-01,2.3352e+00,1.5001e+01,6.6436e-01,6.2587e-02
1.7600e+03,7.6942e-01,2.3328e+00,1.5001e+01,6.6674e-01,6.2842e-02
1.7700e+03,7.6680e-01,2.3304e+00,1.5001e+01,6.6911e-01,6.3096e-02
1.7800e+03,7.6419e-01,2.3281e+00,1.5001e+01,6.7147e-01,6.3349e-02
1.7900e+03,7.6159e-01,2.3257e+00,1.5001e+01,6.7381e-01,6.3601e-02
1.8000e+03,7.5899e-01,2.3234e+00,1.5001e+01,6.7615e-01,6.3853e-02
1.8100e+03,7.5642e-01,2.3211e+00,1.5001e+01,6.7848e-01,6.4104e-02
1.8200e+03,7.5385e-01,2.3187e+00,1.5001e+01,6.8080e-01,6.4353e-02
1.8300e+03,7.5129e-01,2.3164e+00,1.5001e+01,6.8311e-01,6.4602e-02
1.8400e+03,7.4874e-01,2.3141e+00,1.5001e+01,6.8541e-01,6.4851e-02
1.8500e+03,7.4621e-01,2.3118e+00,1.5001e+01,6.8769e-01,6.5098e-02
1.8600e+03,7.4369e-01,2.3096e+00,1.5001e+01,6.8997e-01,6.5344e-02
1.8700e+03,7.4117e-01,2.3073e+00,1.5001e+01,6.9224e-01,6.5590e-02
1.8800e+03,7.3867e-01,2.3050e+00,1.5001e+01,6.9450e-01,6.5835e-02
1.8900e+03,7.3618e-01,2.3028e+00,1.5001e+01,6.9675e-01,6.6079e-02
1.9000e+03,7.3369e-01,2.3005e+00,1.5001e+01,6.9898e-01,6.6322e-02
1.9100e+03,7.3122e-01,2.2983e+00,1.5001e+01,7.0121e-01,6.6564e-02
1.9200e+03,7.2876e-01,2.2961e+00,1.5001e+01,7.0343e-01,6.6806e-02
1.9300e+03,7.2631e-01,2.2939e+00,1.5001e+01,7.0564e-01,6.7046e-02
1.9400e+03,7.2387e-01,2.2917e+00,1.5001e+01,7.0784e-01,6.7286e-02
1.9500e+03,7.2144e-01,2.2895e+00,1.5001e+01,7.1003e-01,6.7525e-02
1.9600e+03,7.1902e-01,2.2873e+00,1.5001e+01,7.1221e-01,6.7764e-02
1.9700e+03,7.1661e-01,2.2851e+00,1.5001e+01,7.1439e-01,6.8001e-02
1.9800e+03,7.1421e-01,2.2830e+00,1.5001e+01,7.1655e-01,6.8238e-02
1.9900e+03,7.1183e-01,2.2808e+00,1.5001e+01,7.1870e-01,6.8474e-02
2.0000e+03,7.0945e-01,2.2787e+00,1.5001e+01,7.2085e-01,6.8709e-02
2.0100e+03,7.0708e-01,2.2765e+00,1.5001e+01,7.2298e-01,6.8943e-02
2.0200e+03,7.0472e-01,2.2744e+00,1.5001e+01,7.2511e-01,6.9177e-02
2.0300e+03,7.0237e-01,2.2723e+00,1.5001e+01,7.2722e-01,6.9410e-02
2.0400e+03,7.0003e-01,2.2702e+00,1.5001e+01,7.2933e-01,6.9642e-02
2.0500e+03,6.9770e-01,2.2681e+00,1.5001e+01,7.3143e-01,6.9873e-02
2.0600e+03,6.9538e-01,2.2660e+00,1.5001e+01,7.3352e-01,7.0103e-02
2.0700e+03,6.9307e-01,2.2639e+00,1.5001e+01,7.3560e-01,7.0333e-02
2.0800e+03,6.9077e-01,2.2618e+00,1.5001e+01,7.3767e-01,7.0562e-02
2.0900e+03,6.8847e-01,2.2598e+00,1.5001e+01,7.3974e-01,7.0790e-02
2.1000e+03,6.8619e-01,2.2577e+00,1.5001e+01,7.4179e-01,7.1017e-02
2.1100e+03,6.8392e-01,2.2557e+00,1.5001e+01,7.4384e-01,7.1244e-02
2.1200e+03,6.8166e-01,2.2536e+00,1.5001e+01,7.4587e-01,7.1470e-02
2.1300e+03,6.7940e-01,2.2516e+00,1.5001e+01,7.4790e-01,7.1695e-02
2.1400e+03,6.7716e-01,2.2496e+00,1.5001e+01,7.4992e-01,7.1920e-02
2.1500e+03,6.7492e-01,2.2476e+00,1.5001e+01,7.5194e-01,7.2143e-02
2.1600e+03,6.7269e-01,2.2456e+00,1.5001e+01,7.5394e-01,7.2366e-02
2.1700e+03,6.7048e-01,2.2436e+00,1.5001e+01,7.5593e-01,7.2589e-02
2.1800e+03,6.6827e-01,2.2416e+00,1.5001e+01,7.5792e-01,7.2810e-02
2.1900e+03,6.6607e-01,2.2396e+00,1.5001e+01,7.5990e-01,7.3031e-02
2.2000e+03,6.6388e-01,2.2376e+00,1.5001e+01,7.6187e-01,7.3251e-02
2.2100e+03,6.6170e-01,2.2357e+00,1.5001e+01,7.6383e-01,7.3470e-02
2.2200e+03,6.5953e-01,2.2337e+00,1.5001e+01,7.6579e-01,7.3689e-02
2.2300e+03,6.5736e-01,2.2318e+00,1.5001e+01,7.6773e-01,7.3907e-02
2.2400e+03,6.5521e-01,2.2298e+00,1.5001e+01,7.6967e-01,7.4124e-02
2.2500e+03,6.5306e-01,2.2279e+00,1.5001e+01,7.7160e-01,7.4340e-02
2.2600e+03,6.5092e-01,2.2260e+00,1.5001e+01,7.7352e-01,7.4556e-02
2.2700e+03,6.4879e-01,2.2240e+00,1.5001e+01,7.7544e-01,7.4771e-02
2.2800e+03,6.4667e-01,2.2221e+00,1.5001e+01,7.7734e-01,7.4985e-02
2.2900e+03,6.4456e-01,2.2202e+00,1.5001e+01,7.7924e-01,7.5199e-02
2.3000e+03,6.4246e-01,2.2183e+00,1.5001e+01,7.8113e-01,7.5412e-02
2.3100e+03,6.4036e-01,2.2165e+00,1.5001e+01,7.8301e-01,7.5624e-02
2.3200e+03,6.3828e-01,2.2146e+00,1.5001e+01,7.8489e-01,7.5836e-02
2.3300e+03,6.3620e-01,2.2127e+00,1.5001e+01,7.8676e-01,7.6047e-02
2.3400e+03,6.3413e-01,2.2109e+00,1.5001e+01,7.8861e-01,7.6257e-02
2.3500e+03,6.3207e-01,2.2090e+00,1.5001e+01,7.9047e-01,7.6466e-02
2.3600e+03,6.3001e-01,2.2072e+00,1.5001e+01,7.9231e-01,7.6675e-02
2.3700e+03,6.2797e-01,2.2053e+00,1.5001e+01,7.9415e-01,7.6883e-02
2.3800e+03,6.2593e-01,2.2035e+00,1.5001e+01,7.9598e-01,7.7091e-02
2.3900e+03,6.2390e-01,2.2017e+00,1.5001e+01,7.9780e-01,7.7298e-02
2.4000e+03,6.2188e-01,2.1999e+00,1.5001e+01,7.9961e-01,7.7504e-02
2.4100e+03,6.1987e-01,2.1980e+00,1.5001e+01,8.0142e-01,7.7709e-02
2.4200e+03,6.1787e-01,2.1962e+00,1.5001e+01,8.0322e-01,7.7914e-02
2.4300e+03,6.1587e-01,2.1944e+00,1.5001e+01,8.0501e-01,7.8118e-02
2.4400e+03,6.1388e-01,2.1927e+00,1.5001e+01,8.0680e-01,7.8322e-02
2.4500e+03,6.1190e-01,2.1909e+00,1.5001e+01,8.0858e-01,7.8524e-02
2.4600e+03,6.0993e-01,2.1891e+00,1.5001e+01,8.1035e-01,7.8727e-02
2.4700e+03,6.0796e-01,2.1873e+00,1.5001e+01,8.1211e-01,7.8928e-02
2.4800e+03,6.0600e-01,2.1856e+00,1.5001e+01,8.1387e-01,7.9129e-02
2.4900e+03,6.0405e-01,2.1838e+00,1.5001e+01,8.1562e-01,7.9329e-02
2.5000e+03,6.0211e-01,2.1821e+00,1.5001e+01,8.1736e-01,7.9529e-02
2.5100e+03,6.0018e-01,2.1804e+00,1.5001e+01,8.1910e-01,7.9728e-02
2.5200e+03,5.9825e-01,2.1786e+00,1.5001e+01,8.2083e-01,7.9926e-02
2.5300e+03,5.9633e-01,2.1769e+00,1.5001e+01,8.2255e-01,8.0124e-02
2.5400e+03,5.9442e-01,2.1752e+00,1.5001e+01,8.2426e-01,8.0321e-02
2.5500e+03,5.9251e-01,2.1735e+00,1.5001e+01,8.2597e-01,8.0517e-02
2.5600e+03,5.9061e-01,2.1718e+00,1.5001e+01,8.2767e-01,8.0713e-02
2.5700e+03,5.8872e-01,2.1701e+00,1.5001e+01,8.2937e-01,8.0908e-02
2.5800e+03,5.8684e-01,2.1684e+00,1.5001e+01,8.3106e-01,8.1103e-02
2.5900e+03,5.8497e-01,2.1667e+00,1.5001e+01,8.3274e-01,8.1297e-02
2.6000e+03,5.8310e-01,2.1650e+00,1.5001e+01,8.3441e-01,8.1490e-02
2.6100e+03,5.8124e-01,2.1634e+00,1.5001e+01,8.3608e-01,8.1683e-02
2.6200e+03,5.7939e-01,2.1617e+00,1.5001e+01,8.3774e-01,8.1875e-02
2.6300e+03,5.7754e-01,2.1600e+00,1.5001e+01,8.3940e-01,8.2066e-02
2.6400e+03,5.7570e-01,2.1584e+00,1.5001e+01,8.4104e-01,8.2257e-02
2.6500e+03,5.7387e-01,2.1568e+00,1.5001e+01,8.4269e-01,8.2447e-02
2.6600e+03,5.7204e-01,2.1551e+00,1.5001e+01,8.4432e-01,8.2637e-02
2.6700e+03,5.7022e-01,2.1535e+00,1.5001e+01,8.4595e-01,8.2826e-02
2.6800e+03,5.6841e-01,2.1519e+00,1.5001e+01,8.4757e-01,8.3014e-02
2.6900e+03,5.6661e-01,2.1502e+00,1.5001e+01,8.4919e-01,8.3202e-02
2.7000e+03,5.6481e-01,2.1486e+00,1.5001e+01,8.5080e-01,8.3389e-02
2.7100e+03,5.6302e-01,2.1470e+00,1.5001e+01,8.5240e-01,8.3576e-02
2.7200e+03,5.6124e-01,2.1454e+00,1.5001e+01,8.5400e-01,8.3762e-02
2.7300e+03,5.5946e-01,2.1438e+00,1.5001e+01,8.5559e-01,8.3947e-02
2.7400e+03,5.5769e-01,2.1423e+00,1.5001e+01,8.5718e-01,8.4132e-02
2.7500e+03,5.5593e-01,2.1407e+00,1.5001e+01,8.5875e-01,8.4317e-02
2.7600e+03,5.5417e-01,2.1391e+00,1.5001e+01,8.6033e-01,8.4500e-02
2.7700e+03,5.5242e-01,2.1375e+00,1.5001e+01,8.6189e-01,8.4683e-02
2.7800e+03,5.5068e-01,2.1360e+00,1.5001e+01,8.6345e-01,8.4866e-02
2.7900e+03,5.4895e-01,2.1344e+00,1.5001e+01,8.6501e-01,8.5048e-02
2.8000e+03,5.4722e-01,2.1329e+00,1.5001e+01,8.6656e-01,8.5229e-02
2.8100e+03,5.4549e-01,2.1313e+00,1.5001e+01,8.6810e-01,8.5410e-02
2.8200e+03,5.4378e-01,2.1298e+00,1.5001e+01,8.6963e-01,8.5591e-02
2.8300e+03,5.4207e-01,2.1283e+00,1.5001e+01,8.7116e-01,8.5770e-02
2.8400e+03,5.4036e-01,2.1267e+00,1.5001e+01,8.7269e-01,8.5949e-02
2.8500e+03,5.3867e-01,2.1252e+00,1.5001e+01,8.7421e-01,8.6128e-02
2.8600e+03,5.3697e-01,2.1237e+00,1.5001e+01,8.7572e-01,8.6306e-02
2.8700e+03,5.3529e-01,2.1222e+00,1.5001e+01,8.7723e-01,8.6483e-02
2.8800e+03,5.3361e-01,2.1207e+00,1.5001e+01,8.7873e-01,8.6660e-02
2.8900e+03,5.3194e-01,2.1192e+00,1.5001e+01,8.8022e-01,8.6837e-02
2.9000e+03,5.3028e-01,2.1177e+00,1.5001e+01,8.8171e-01,8.7012e-02
2.9100e+03,5.2862e-01,2.1162e+00,1.5001e+01,8.8320e-01,8.7188e-02
2.9200e+03,5.2696e-01,2.1147e+00,1.5001e+01,8.8468e-01,8.7362e-02
2.9300e+03,5.2532e-01,2.1133e+00,1.5001e+01,8.8615e-01,8.7537e-02
2.9400e+03,5.2368e-01,2.1118e+00,1.5001e+01,8.8762e-01,8.7710e-02
2.9500e+03,5.2204e-01,2.1103e+00,1.5001e+01,8.8908e-01,8.7883e-02
2.9600e+03,5.2041e-01,2.1089e+00,1.5001e+01,8.9053e-01,8.8056e-02
2.9700e+03,5.1879e-01,2.1074e+00,1.5001e+01,8.9198e-01,8.8228e-02
2.9800e+03,5.1717e-01,2.1060e+00,1.5001e+01,8.9343e-01,8.8399e-02
2.9900e+03,5.1556e-01,2.1045e+00,1.5001e+01,8.9487e-01,8.8570e-02
3.0000e+03,5.1396e-01,2.1031e+00,1.5001e+01,8.9630e-01,8.8741e-02
3.0100e+03,5.1236e-01,2.1017e+00,1.5001e+01,8.9773e-01,8.8910e-02
3.0200e+03,5.1077e-01,2.1002e+00,1.5001e+01,8.9915e-01,8.9080e-02
3.0300e+03,5.0918e-01,2.0988e+00,1.5001e+01,9.0057e-01,8.9249e-02
3.0400e+03,5.0760e-01,2.0974e+00,1.5001e+01,9.0198e-01,8.9417e-02
3.0500e+03,5.0603e-01,2.0960e+00,1.5001e+01,9.0339e-01,8.9585e-02
3.0600e+03,5.0446e-01,2.0946e+00,1.5001e+01,9.0479e-01,8.9752e-02
3.0700e+03,5.0289e-01,2.0932e+00,1.5001e+01,9.0619e-01,8.9919e-02
3.0800e+03,5.0134e-01,2.0918e+00,1.5001e+01,9.0758e-01,9.0085e-02
3.0900e+03,4.9979e-01,2.0904e+00,1.5001e+01,9.0896e-01,9.0251e-02
3.1000e+03,4.9824e-01,2.0890e+00,1.5001e+01,9.1035e-01,9.0416e-02
3.1100e+03,4.9670e-01,2.0877e+00,1.5001e+01,9.1172e-01,9.0580e-02
3.1200e+03,4.9516e-01,2.0863e+00,1.5001e+01,9.1309e-01,9.0745e-02
3.1300e+03,4.9364e-01,2.0849e+00,1.5001e+01,9.1446e-01,9.0908e-02
3.1400e+03,4.9211e-01,2.0836e+00,1.5001e+01,9.1582e-01,9.1071e-02
3.1500e+03,4.9059e-01,2.0822e+00,1.5001e+01,9.1717e-01,9.1234e-02
3.1600e+03,4.8908e-01,2.0809e+00,1.5001e+01,9.1852e-01,9.1396e-02
3.1700e+03,4.8758e-01,2.0795e+00,1.5001e+01,9.1987e-01,9.1558e-02
3.1800e+03,4.8607e-01,2.0782e+00,1.5001e+01,9.2121e-01,9.1719e-02
3.1900e+03,4.8458e-01,2.0768e+00,1.5001e+01,9.2254e-01,9.1880e-02
3.2000e+03,4.8309e-01,2.0755e+00,1.5001e+01,9.2387e-01,9.2040e-02
3.2100e+03,4.8160e-01,2.0742e+00,1.5001e+01,9.2520e-01,9.2199e-02
3.2200e+03,4.8012e-01,2.0729e+00,1.5001e+01,9.2652e-01,9.2359e-02
3.2300e+03,4.7865e-01,2.0715e+00,1.5001e+01,9.2783e-01,9.2517e-02
3.2400e+03,4.7718e-01,2.0702e+00,1.5001e+01,9.2914e-01,9.2676e-02
3.2500e+03,4.7572e-01,2.0689e+00,1.5001e+01,9.3045e-01,9.2833e-02
3.2600e+03,4.7426e-01,2.0676e+00,1.5001e+01,9.3175e-01,9.2991e-02
3.2700e+03,4.7281e-01,2.0663e+00,1.5001e+01,9.3305e-01,9.3147e-02
3.2800e+03,4.7136e-01,2.0650e+00,1.5001e+01,9.3434e-01,9.3304e-02
3.2900e+03,4.6992e-01,2.0637e+00,1.5001e+01,9.3563e-01,9.3459e-02
3.3000e+03,4.6848e-01,2.0625e+00,1.5001e+01,9.3691e-01,9.3615e-02
3.3100e+03,4.6705e-01,2.0612e+00,1.5001e+01,9.3818e-01,9.3770e-02
3.3200e+03,4.6562e-01,2.0599e+00,1.5001e+01,9.3946e-01,9.3924e-02
3.3300e+03,4.6420e-01,2.0586e+00,1.5001e+01,9.4072e-01,9.4078e-02
3.3400e+03,4.6278e-01,2.0574e+00,1.5001e+01,9.4199e-01,9.4231e-02
3.3500e+03,4.6137e-01,2.0561e+00,1.5001e+01,9.4325e-01,9.4384e-02
3.3600e+03,4.5996e-01,2.0549e+00,1.5001e+01,9.4450e-01,9.4537e-02
3.3700e+03,4.5856e-01,2.0536e+00,1.5001e+01,9.4575e-01,9.4689e-02
3.3800e+03,4.5717e-01,2.0524e+00,1.5001e+01,9.4699e-01,9.4840e-02
3.3900e+03,4.5577e-01,2.0511e+00,1.5001e+01,9.4823e-01,9.4992e-02
3.4000e+03,4.5439e-01,2.0499e+00,1.5001e+01,9.4947e-01,9.5142e-02
3.4100e+03,4.5301e-01,2.0487e+00,1.5001e+01,9.5070e-01,9.5292e-02
3.4200e+03,4.5163e-01,2.0474e+00,1.5001e+01,9.5193e-01,9.5442e-02
3.4300e+03,4.5026e-01,2.0462e+00,1.5001e+01,9.5315e-01,9.5591e-02
3.4400e+03,4.4889e-01,2.0450e+00,1.5001e+01,9.5437e-01,9.5740e-02
3.4500e+03,4.4753e-01,2.0438e+00,1.5001e+01,9.5558e-01,9.5889e-02
3.4600e+03,4.4617e-01,2.0426e+00,1.5001e+01,9.5679e-01,9.6037e-02
3.4700e+03,4.4482e-01,2.0414e+00,1.5001e+01,9.5800e-01,9.6184e-02
3.4800e+03,4.4347e-01,2.0402e+00,1.5001e+01,9.5920e-01,9.6331e-02
3.4900e+03,4.4213e-01,2.0390e+00,1.5001e+01,9.6039e-01,9.6478e-02
3.5000e+03,4.4079e-01,2.0378e+00,1.5001e+01,9.6158e-01,9.6624e-02
3.5100e+03,4.3946e-01,2.0366e+00,1.5001e+01,9.6277e-01,9.6770e-02
3.5200e+03,4.3813e-01,2.0354e+00,1.5001e+01,9.6395e-01,9.6915e-02
3.5300e+03,4.3681e-01,2.0342e+00,1.5001e+01,9.6513e-01,9.7060e-02
3.5400e+03,4.3549e-01,2.0330e+00,1.5001e+01,9.6631e-01,9.7204e-02
3.5500e+03,4.3418e-01,2.0319e+00,1.5001e+01,9.6748e-01,9.7348e-02
3.5600e+03,4.3287e-01,2.0307e+00,1.5001e+01,9.6864e-01,9.7492e-02
3.5700e+03,4.3156e-01,2.0295e+00,1.5001e+01,9.6981e-01,9.7635e-02
3.5800e+03,4.3026e-01,2.0284e+00,1.5001e+01,9.7096e-01,9.7777e-02
3.5900e+03,4.2896e-01,2.0272e+00,1.5001e+01,9.7212e-01,9.7920e-02
3.6000e+03,4.2767e-01,2.0261e+00,1.5001e+01,9.7327e-01,9.8061e-02
3.6100e+03,4.2639e-01,2.0249e+00,1.5001e+01,9.7441e-01,9.8203e-02
3.6200e+03,4.2510e-01,2.0238e+00,1.5001e+01,9.7555e-01,9.8344e-02
3.6300e+03,4.2383e-01,2.0227e+00,1.5001e+01,9.7669e-01,9.8484e-02
3.6400e+03,4.2255e-01,2.0215e+00,1.5001e+01,9.7782e-01,9.8624e-02
3.6500e+03,4.2128e-01,2.0204e+00,1.5001e+01,9.7895e-01,9.8764e-02
3.6600e+03,4.2002e-01,2.0193e+00,1.5001e+01,9.8008e-01,9.8903e-02
3.6700e+03,4.1876e-01,2.0181e+00,1.5001e+01,9.8120e-01,9.9042e-02
3.6800e+03,4.1750e-01,2.0170e+00,1.5001e+01,9.8232e-01,9.9181e-02
3.6900e+03,4.1625e-01,2.0159e+00,1.5001e+01,9.8343e-01,9.9319e-02
3.7000e+03,4.1500e-01,2.0148e+00,1.5001e+01,9.8454e-01,9.9456e-02
3.7100e+03,4.1376e-01,2.0137e+00,1.5001e+01,9.8565e-01,9.9593e-02
3.7200e+03,4.1252e-01,2.0126e+00,1.5001e+01,9.8675e-01,9.9730e-02
3.7300e+03,4.1129e-01,2.0115e+00,1.5001e+01,9.8784e-01,9.9867e-02
3.7400e+03,4.1006e-01,2.0104e+00,1.5001e+01,9.8894e-01,1.0000e-01
3.7500e+03,4.0883e-01,2.0093e+00,1.5001e+01,9.9003e-01,1.0014e-01
3.7600e+03,4.0761e-01,2.0082e+00,1.5001e+01,9.9111e-01,1.0027e-01
3.7700e+03,4.0640e-01,2.0071e+00,1.5001e+01,9.9220e-01,1.0041e-01
3.7800e+03,4.0518e-01,2.0061e+00,1.5001e+01,9.9327e-01,1.0054e-01
3.7900e+03,4.0397e-01,2.0050e+00,1.5001e+01,9.9435e-01,1.0068e-01
3.8000e+03,4.0277e-01,2.0039e+00,1.5001e+01,9.9542e-01,1.0081e-01
3.8100e+03,4.0157e-01,2.0028e+00,1.5001e+01,9.9649e-01,1.0094e-01
3.8200e+03,4.0037e-01,2.0018e+00,1.5001e+01,9.9755e-01,1.0108e-01
3.8300e+03,3.9918e-01,2.0007e+00,1.5001e+01,9.9861e-01,1.0121e-01
3.8400e+03,3.9799e-01,1.9997e+00,1.5001e+01,9.9967e-01,1.0134e-01
3.8500e+03,3.9681e-01,1.9986e+00,1.5001e+01,1.0007e+00,1.0147e-01
3.8600e+03,3.9563e-01,1.9976e+00,1.5001e+01,1.0018e+00,1.0160e-01
3.8700e+03,3.9446e-01,1.9965e+00,1.5001e+01,1.0028e+00,1.0173e-01
3.8800e+03,3.9328e-01,1.9955e+00,1.5001e+01,1.0039e+00,1.0186e-01
3.8900e+03,3.9212e-01,1.9944e+00,1.5001e+01,1.0049e+00,1.0199e-01
3.9000e+03,3.9095e-01,1.9934e+00,1.5001e+01,1.0059e+00,1.0212e-01
3.9100e+03,3.8979e-01,1.9924e+00,1.5001e+01,1.0070e+00,1.0225e-01
3.9200e+03,3.8864e-01,1.9913e+00,1.5001e+01,1.0080e+00,1.0238e-01
3.9300e+03,3.8749e-01,1.9903e+00,1.5001e+01,1.0090e+00,1.0251e-01
3.9400e+03,3.8634e-01,1.9893e+00,1.5001e+01,1.0100e+00,1.0264e-01
3.9500e+03,3.8519e-01,1.9883e+00,1.5001e+01,1.0110e+00,1.0277e-01
3.9600e+03,3.8405e-01,1.9873e+00,1.5001e+01,1.0121e+00,1.0289e-01
3.9700e+03,3.8292e-01,1.9863e+00,1.5001e+01,1.0131e+00,1.0302e-01
3.9800e+03,3.8179e-01,1.9853e+00,1.5001e+01,1.0141e+00,1.0315e-01
3.9900e+03,3.8066e-01,1.9843e+00,1.5001e+01,1.0151e+00,1.0327e-01
4.0000e+03,3.7953e-01,1.9833e+00,1.5001e+01,1.0161e+00,1.0340e-01
4.0100e+03,3.7841e-01,1.9823e+00,1.5001e+01,1.0171e+00,1.0352e-01
4.0200e+03,3.7729e-01,1.9813e+00,1.5001e+01,1.0181e+00,1.0365e-01
4.0300e+03,3.7618e-01,1.9803e+00,1.5001e+01,1.0190e+00,1.0377e-01
4.0400e+03,3.7507e-01,1.9793e+00,1.5001e+01,1.0200e+00,1.0390e-01
4.0500e+03,3.7397e-01,1.9783e+00,1.5001e+01,1.0210e+00,1.0402e-01
4.0600e+03,3.7286e-01,1.9773e+00,1.5001e+01,1.0220e+00,1.0415e-01
4.0700e+03,3.7177e-01,1.9764e+00,1.5001e+01,1.0230e+00,1.0427e-01
4.0800e+03,3.7067e-01,1.9754e+00,1.5001e+01,1.0239e+00,1.0439e-01
4.0900e+03,3.6958e-01,1.9744e+00,1.5001e+01,1.0249e+00,1.0452e-01
4.1000e+03,3.6849e-01,1.9734e+00,1.5001e+01,1.0259e+00,1.0464e-01
4.1100e+03,3.6741e-01,1.9725e+00,1.5001e+01,1.0268e+00,1.0476e-01
4.1200e+03,3.6633e-01,1.9715e+00,1.5001e+01,1.0278e+00,1.0488e-01
4.1300e+03,3.6526e-01,1.9706e+00,1.5001e+01,1.0287e+00,1.0500e-01
4.1400e+03,3.6418e-01,1.9696e+00,1.5001e+01,1.0297e+00,1.0512e-01
4.1500e+03,3.6311e-01,1.9687e+00,1.5001e+01,1.0306e+00,1.0524e-01
4.1600e+03,3.6205e-01,1.9677e+00,1.5001e+01,1.0316e+00,1.0536e-01
4.1700e+03,3.6099e-01,1.9668e+00,1.5001e+01,1.0325e+00,1.0548e-01
4.1800e+03,3.5993e-01,1.9658e+00,1.5001e+01,1.0335e+00,1.0560e-01
4.1900e+03,3.5887e-01,1.9649e+00,1.5001e+01,1.0344e+00,1.0572e-01
4.2000e+03,3.5782e-01,1.9640e+00,1.5001e+01,1.0353e+00,1.0584e-01
4.2100e+03,3.5678e-01,1.9630e+00,1.5001e+01,1.0363e+00,1.0596e-01
4.2200e+03,3.5573e-01,1.9621e+00,1.5001e+01,1.0372e+00,1.0608e-01
4.2300e+03,3.5469e-01,1.9612e+00,1.5001e+01,1.0381e+00,1.0619e-01
4.2400e+03,3.5365e-01,1.9603e+00,1.5001e+01,1.0390e+00,1.0631e-01
4.2500e+03,3.5262e-01,1.9594e+00,1.5001e+01,1.0400e+00,1.0643e-01
4.2600e+03,3.5159e-01,1.9584e+00,1.5001e+01,1.0409e+00,1.0654e-01
4.2700e+03,3.5056e-01,1.9575e+00,1.5001e+01,1.0418e+00,1.0666e-01
4.2800e+03,3.4954e-01,1.9566e+00,1.5001e+01,1.0427e+00,1.0678e-01
4.2900e+03,3.4852e-01,1.9557e+00,1.5001e+01,1.0436e+00,1.0689e-01
4.3000e+03,3.4750e-01,1.9548e+00,1.5001e+01,1.0445e+00,1.0701e-01
4.3100e+03,3.4649e-01,1.9539e+00,1.5001e+01,1.0454e+00,1.0712e-01
4.3200e+03,3.4548e-01,1.9530e+00,1.5001e+01,1.0463e+00,1.0724e-01
4.3300e+03,3.4447e-01,1.9521e+00,1.5001e+01,1.0472e+00,1.0735e-01
4.3400e+03,3.4347e-01,1.9512e+00,1.5001e+01,1.0481e+00,1.0747e-01
4.3500e+03,3.4247e-01,1.9503e+00,1.5001e+01,1.0490e+00,1.0758e-01
4.3600e+03,3.4147e-01,1.9495e+00,1.5001e+01,1.0498e+00,1.0769e-01
4.3700e+03,3.4048e-01,1.9486e+00,1.5001e+01,1.0507e+00,1.0781e-01
4.3800e+03,3.3949e-01,1.9477e+00,1.5001e+01,1.0516e+00,1.0792e-01
4.3900e+03,3.3850e-01,1.9468e+00,1.5001e+01,1.0525e+00,1.0803e-01
4.4000e+03,3.3752e-01,1.9460e+00,1.5001e+01,1.0533e+00,1.0814e-01
4.4100e+03,3.3654e-01,1.9451e+00,1.5001e+01,1.0542e+00,1.0825e-01
4.4200e+03,3.3556e-01,1.9442e+00,1.5001e+01,1.0551e+00,1.0836e-01
4.4300e+03,3.3459e-01,1.9434e+00,1.5001e+01,1.0559e+00,1.0848e-01
4.4400e+03,3.3362e-01,1.9425e+00,1.5001e+01,1.0568e+00,1.0859e-01
4.4500e+03,3.3265e-01,1.9416e+00,1.5001e+01,1.0577e+00,1.0870e-01
4.4600e+03,3.3169e-01,1.9408e+00,1.5001e+01,1.0585e+00,1.0881e-01
4.4700e+03,3.3073e-01,1.9399e+00,1.5001e+01,1.0594e+00,1.0892e-01
4.4800e+03,3.2977e-01,1.9391e+00,1.5001e+01,1.0602e+00,1.0903e-01
4.4900e+03,3.2881e-01,1.9382e+00,1.5001e+01,1.0611e+00,1.0913e-01
4.5000e+03,3.2786e-01,1.9374e+00,1.5001e+01,1.0619e+00,1.0924e-01
4.5100e+03,3.2691e-01,1.9366e+00,1.5001e+01,1.0627e+00,1.0935e-01
4.5200e+03,3.2597e-01,1.9357e+00,1.5001e+01,1.0636e+00,1.0946e-01
4.5300e+03,3.2503e-01,1.9349e+00,1.5001e+01,1.0644e+00,1.0957e-01
4.5400e+03,3.2409e-01,1.9341e+00,1.5001e+01,1.0652e+00,1.0968e-01
4.5500e+03,3.2315e-01,1.9332e+00,1.5001e+01,1.0661e+00,1.0978e-01
4.5600e+03,3.2222e-01,1.9324e+00,1.5001e+01,1.0669e+00,1.0989e-01
4.5700e+03,3.2129e-01,1.9316e+00,1.5001e+01,1.0677e+00,1.1000e-01
4.5800e+03,3.2036e-01,1.9308e+00,1.5001e+01,1.0685e+00,1.1010e-01
4.5900e+03,3.1944e-01,1.9299e+00,1.5001e+01,1.0694e+00,1.1021e-01
4.6000e+03,3.1852e-01,1.9291e+00,1.5001e+01,1.0702e+00,1.1031e-01
4.6100e+03,3.1760e-01,1.9283e+00,1.5001e+01,1.0710e+00,1.1042e-01
4.6200e+03,3.1668e-01,1.9275e+00,1.5001e+01,1.0718e+00,1.1052e-01
4.6300e+03,3.1577e-01,1.9267e+00,1.5001e+01,1.0726e+00,1.1063e-01
4.6400e+03,3.1486e-01,1.9259e+00,1.5001e+01,1.0734e+00,1.1073e-01
4.6500e+03,3.1396e-01,1.9251e+00,1.5001e+01,1.0742e+00,1.1084e-01
4.6600e+03,3.1305e-01,1.9243e+00,1.5001e+01,1.0750e+00,1.1094e-01
4.6700e+03,3.1215e-01,1.9235e+00,1.5001e+01,1.0758e+00,1.1104e-01
4.6800e+03,3.1126e-01,1.9227e+00,1.5001e+01,1.0766e+00,1.1115e-01
4.6900e+03,3.1036e-01,1.9219e+00,1.5001e+01,1.0774e+00,1.1125e-01
4.7000e+03,3.0947e-01,1.9211e+00,1.5001e+01,1.0782e+00,1.1135e-01
4.7100e+03,3.0858e-01,1.9203e+00,1.5001e+01,1.0790e+00,1.1146e-01
4.7200e+03,3.0770e-01,1.9195e+00,1.5001e+01,1.0797e+00,1.1156e-01
4.7300e+03,3.0681e-01,1.9188e+00,1.5001e+01,1.0805e+00,1.1166e-01
4.7400e+03,3.0593e-01,1.9180e+00,1.5001e+01,1.0813e+00,1.1176e-01
4.7500e+03,3.0506e-01,1.9172e+00,1.5001e+01,1.0821e+00,1.1186e-01
4.7600e+03,3.0418e-01,1.9164e+00,1.5001e+01,1.0829e+00,1.1196e-01
4.7700e+03,3.0331e-01,1.9156e+00,1.5001e+01,1.0836e+00,1.1206e-01
4.7800e+03,3.0244e-01,1.9149e+00,1.5001e+01,1.0844e+00,1.1216e-01
4.7900e+03,3.0158e-01,1.9141e+00,1.5001e+01,1.0852e+00,1.1226e-01
4.8000e+03,3.0071e-01,1.9134e+00,1.5001e+01,1.0859e+00,1.1236e-01
4.8100e+03,2.9985e-01,1.9126e+00,1.5001e+01,1.0867e+00,1.1246e-01
4.8200e+03,2.9899e-01,1.9118e+00,1.5001e+01,1.0874e+00,1.1256e-01
4.8300e+03,2.9814e-01,1.9111e+00,1.5001e+01,1.0882e+00,1.1266e-01
4.8400e+03,2.9729e-01,1.9103e+00,1.5001e+01,1.0890e+00,1.1276e-01
4.8500e+03,2.9644e-01,1.9096e+00,1.5001e+01,1.0897e+00,1.1286e-01
4.8600e+03,2.9559e-01,1.9088e+00,1.5001e+01,1.0905e+00,1.1296e-01
4.8700e+03,2.9475e-01,1.9081e+00,1.5001e+01,1.0912e+00,1.1305e-01
4.8800e+03,2.9391e-01,1.9073e+00,1.5001e+01,1.0919e+00,1.1315e-01
4.8900e+03,2.9307e-01,1.9066e+00,1.5001e+01,1.0927e+00,1.1325e-01
4.9000e+03,2.9223e-01,1.9058e+00,1.5001e+01,1.0934e+00,1.1335e-01
4.9100e+03,2.9140e-01,1.9051e+00,1.5001e+01,1.0942e+00,1.1344e-01
4.9200e+03,2.9057e-01,1.9044e+00,1.5001e+01,1.0949e+00,1.1354e-01
4.9300e+03,2.8974e-01,1.9036e+00,1.5001e+01,1.0956e+00,1.1363e-01
4.9400e+03,2.8891e-01,1.9029e+00,1.5001e+01,1.0964e+00,1.1373e-01
4.9500e+03,2.8809e-01,1.9022e+00,1.5001e+01,1.0971e+00,1.1383e-01
4.9600e+03,2.8727e-01,1.9015e+00,1.5001e+01,1.0978e+00,1.1392e-01
4.9700e+03,2.8645e-01,1.9007e+00,1.5001e+01,1.0985e+00,1.1402e-01
4.9800e+03,2.8564e-01,1.9000e+00,1.5001e+01,1.0993e+00,1.1411e-01
4.9900e+03,2.8483e-01,1.8993e+00,1.5001e+01,1.1000e+00,1.1421e-01
5.0000e+03,2.8402e-01,1.8986e+00,1.5001e+01,1.1007e+00,1.1430e-01
5.0100e+03,2.8321e-01,1.8979e+00,1.5001e+01,1.1014e+00,1.1439e-01
5.0200e+03,2.8241e-01,1.8972e+00,1.5001e+01,1.1021e+00,1.1449e-01
5.0300e+03,2.8160e-01,1.8964e+00,1.5001e+01,1.1028e+00,1.1458e-01
5.0400e+03,2.8080e-01,1.8957e+00,1.5001e+01,1.1035e+00,1.1467e-01
5.0500e+03,2.8001e-01,1.8950e+00,1.5001e+01,1.1042e+00,1.1477e-01
5.0600e+03,2.7921e-01,1.8943e+00,1.5001e+01,1.1049e+00,1.1486e-01
5.0700e+03,2.7842e-01,1.8936e+00,1.5001e+01,1.1056e+00,1.1495e-01
5.0800e+03,2.7763e-01,1.8929e+00,1.5001e+01,1.1063e+00,1.1504e-01
5.0900e+03,2.7684e-01,1.8922e+00,1.5001e+01,1.1070e+00,1.1514e-01
5.1000e+03,2.7606e-01,1.8915e+00,1.5001e+01,1.1077e+00,1.1523e-01
5.1100e+03,2.7528e-01,1.8909e+00,1.5001e+01,1.1084e+00,1.1532e-01
5.1200e+03,2.7450e-01,1.8902e+00,1.5001e+01,1.1091e+00,1.1541e-01
5.1300e+03,2.7372e-01,1.8895e+00,1.5001e+01,1.1098e+00,1.1550e-01
5.1400e+03,2.7295e-01,1.8888e+00,1.5001e+01,1.1105e+00,1.1559e-01
5.1500e+03,2.7217e-01,1.8881e+00,1.5001e+01,1.1111e+00,1.1568e-01
5.1600e+03,2.7140e-01,1.8874e+00,1.5001e+01,1.1118e+00,1.1577e-01
5.1700e+03,2.7064e-01,1.8868e+00,1.5001e+01,1.1125e+00,1.1586e-01
5.1800e+03,2.6987e-01,1.8861e+00,1.5001e+01,1.1132e+00,1.1595e-01
5.1900e+03,2.6911e-01,1.8854e+00,1.5001e+01,1.1139e+00,1.1604e-01
5.2000e+03,2.6835e-01,1.8847e+00,1.5001e+01,1.1145e+00,1.1613e-01
5.2100e+03,2.6759e-01,1.8841e+00,1.5001e+01,1.1152e+00,1.1622e-01
5.2200e+03,2.6684e-01,1.8834e+00,1.5001e+01,1.1159e+00,1.1631e-01
5.2300e+03,2.6608e-01,1.8827e+00,1.5001e+01,1.1165e+00,1.1639e-01
5.2400e+03,2.6533e-01,1.8821e+00,1.5001e+01,1.1172e+00,1.1648e-01
5.2500e+03,2.6458e-01,1.8814e+00,1.5001e+01,1.1178e+00,1.1657e-01
5.2600e+03,2.6384e-01,1.8807e+00,1.5001e+01,1.1185e+00,1.1666e-01
5.2700e+03,2.6309e-01,1.8801e+00,1.5001e+01,1.1192e+00,1.1674e-01
5.2800e+03,2.6235e-01,1.8794e+00,1.5001e+01,1.1198e+00,1.1683e-01
5.2900e+03,2.6161e-01,1.8788e+00,1.5001e+01,1.1205e+00,1.1692e-01
5.3000e+03,2.6088e-01,1.8781e+00,1.5001e+01,1.1211e+00,1.1701e-01
5.3100e+03,2.6014e-01,1.8775e+00,1.5001e+01,1.1218e+00,1.1709e-01
5.3200e+03,2.5941e-01,1.8768e+00,1.5001e+01,1.1224e+00,1.1718e-01
5.3300e+03,2.5868e-01,1.8762e+00,1.5001e+01,1.1231e+00,1.1726e-01
5.3400e+03,2.5795e-01,1.8756e+00,1.5001e+01,1.1237e+00,1.1735e-01
5.3500e+03,2.5723e-01,1.8749e+00,1.5001e+01,1.1243e+00,1.1743e-01
5.3600e+03,2.5651e-01,1.8743e+00,1.5001e+01,1.1250e+00,1.1752e-01
5.3700e+03,2.5578e-01,1.8736e+00,1.5001e+01,1.1256e+00,1.1760e-01
5.3800e+03,2.5507e-01,1.8730e+00,1.5001e+01,1.1262e+00,1.1769e-01
5.3900e+03,2.5435e-01,1.8724e+00,1.5001e+01,1.1269e+00,1.1777e-01
5.4000e+03,2.5364e-01,1.8717e+00,1.5001e+01,1.1275e+00,1.1786e-01
5.4100e+03,2.5292e-01,1.8711e+00,1.5001e+01,1.1281e+00,1.1794e-01
5.4200e+03,2.5221e-01,1.8705e+00,1.5001e+01,1.1288e+00,1.1802e-01
5.4300e+03,2.5151e-01,1.8699e+00,1.5001e+01,1.1294e+00,1.1811e-01
5.4400e+03,2.5080e-01,1.8692e+00,1.5001e+01,1.1300e+00,1.1819e-01
5.4500e+03,2.5010e-01,1.8686e+00,1.5001e+01,1.1306e+00,1.1827e-01
5.4600e+03,2.4940e-01,1.8680e+00,1.5001e+01,1.1312e+00,1.1836e-01
5.4700e+03,2.4870e-01,1.8674e+00,1.5001e+01,1.1319e+00,1.1844e-01
5.4800e+03,2.4800e-01,1.8668e+00,1.5001e+01,1.1325e+00,1.1852e-01
5.4900e+03,2.4731e-01,1.8662e+00,1.5001e+01,1.1331e+00,1.1860e-01
5.5000e+03,2.4662e-01,1.8655e+00,1.5001e+01,1.1337e+00,1.1869e-01
5.5100e+03,2.4593e-01,1.8649e+00,1.5001e+01,1.1343e+00,1.1877e-01
5.5200e+03,2.4524e-01,1.8643e+00,1.5001e+01,1.1349e+00,1.1885e-01
5.5300e+03,2.4455e-01,1.8637e+00,1.5001e+01,1.1355e+00,1.1893e-01
5.5400e+03,2.4387e-01,1.8631e+00,1.5001e+01,1.1361e+00,1.1901e-01
5.5500e+03,2.4319e-01,1.8625e+00,1.5001e+01,1.1367e+00,1.1909e-01
5.5600e+03,2.4251e-01,1.8619e+00,1.5001e+01,1.1373e+00,1.1917e-01
5.5700e+03,2.4183e-01,1.8613e+00,1.5001e+01,1.1379e+00,1.1925e-01
5.5800e+03,2.4115e-01,1.8607e+00,1.5001e+01,1.1385e+00,1.1933e-01
5.5900e+03,2.4048e-01,1.8601e+00,1.5001e+01,1.1391e+00,1.1941e-01
5.6000e+03,2.3981e-01,1.8595e+00,1.5001e+01,1.1397e+00,1.1949e-01
5.6100e+03,2.3914e-01,1.8589e+00,1.5001e+01,1.1403e+00,1.1957e-01
5.6200e+03,2.3847e-01,1.8584e+00,1.5001e+01,1.1409e+00,1.1965e-01
5.6300e+03,2.3781e-01,1.8578e+00,1.5001e+01,1.1415e+00,1.1973e-01
5.6400e+03,2.3714e-01,1.8572e+00,1.5001e+01,1.1420e+00,1.1981e-01
5.6500e+03,2.3648e-01,1.8566e+00,1.5001e+01,1.1426e+00,1.1989e-01
5.6600e+03,2.3582e-01,1.8560e+00,1.5001e+01,1.1432e+00,1.1996e-01
5.6700e+03,2.3517e-01,1.8554e+00,1.5001e+01,1.1438e+00,1.2004e-01
5.6800e+03,2.3451e-01,1.8549e+00,1.5001e+01,1.1444e+00,1.2012e-01
5.6900e+03,2.3386e-01,1.8543e+00,1.5001e+01,1.1449e+00,1.2020e-01
5.7000e+03,2.3321e-01,1.8537e+00,1.5001e+01,1.1455e+00,1.2027e-01
5.7100e+03,2.3256e-01,1.8531e+00,1.5001e+01,1.1461e+00,1.2035e-01
5.7200e+03,2.3191e-01,1.8526e+00,1.5001e+01,1.1467e+00,1.2043e-01
5.7300e+03,2.3127e-01,1.8520e+00,1.5001e+01,1.1472e+00,1.2051e-01
5.7400e+03,2.3062e-01,1.8514e+00,1.5001e+01,1.1478e+00,1.2058e-01
5.7500e+03,2.2998e-01,1.8509e+00,1.5001e+01,1.1484e+00,1.2066e-01
5.7600e+03,2.2934e-01,1.8503e+00,1.5001e+01,1.1489e+00,1.2073e-01
5.7700e+03,2.2871e-01,1.8497e+00,1.5001e+01,1.1495e+00,1.2081e-01
5.7800e+03,2.2807e-01,1.8492e+00,1.5001e+01,1.1500e+00,1.2089e-01
5.7900e+03,2.2744e-01,1.8486e+00,1.5001e+01,1.1506e+00,1.2096e-01
5.8000e+03,2.2681e-01,1.8481e+00,1.5001e+01,1.1512e+00,1.2104e-01
5.8100e+03,2.2618e-01,1.8475e+00,1.5001e+01,1.1517e+00,1.2111e-01
5.8200e+03,2.2555e-01,1.8470e+00,1.5001e+01,1.1523e+00,1.2119e-01
5.8300e+03,2.2492e-01,1.8464e+00,1.5001e+01,1.1528e+00,1.2126e-01
5.8400e+03,2.2430e-01,1.8459e+00,1.5001e+01,1.1534e+00,1.2134e-01
5.8500e+03,2.2368e-01,1.8453e+00,1.5001e+01,1.1539e+00,1.2141e-01
5.8600e+03,2.2306e-01,1.8448e+00,1.5001e+01,1.1545e+00,1.2148e-01
5.8700e+03,2.2244e-01,1.8442e+00,1.5001e+01,1.1550e+00,1.2156e-01
5.8800e+03,2.2182e-01,1.8437e+00,1.5001e+01,1.1555e+00,1.2163e-01
5.8900e+03,2.2121e-01,1.8431e+00,1.5001e+01,1.1561e+00,1.2170e-01
5.9000e+03,2.2060e-01,1.8426e+00,1.5001e+01,1.1566e+00,1.2178e-01
5.9100e+03,2.1999e-01,1.8421e+00,1.5001e+01,1.1572e+00,1.2185e-01
5.9200e+03,2.1938e-01,1.8415e+00,1.5001e+01,1.1577e+00,1.2192e-01
5.9300e+03,2.1877e-01,1.8410e+00,1.5001e+01,1.1582e+00,1.2200e-01
5.9400e+03,2.1816e-01,1.8405e+00,1.5001e+01,1.1588e+00,1.2207e-01
5.9500e+03,2.1756e-01,1.8399e+00,1.5001e+01,1.1593e+00,1.2214e-01
5.9600e+03,2.1696e-01,1.8394e+00,1.5001e+01,1.1598e+00,1.2221e-01
5.9700e+03,2.1636e-01,1.8389e+00,1.5001e+01,1.1604e+00,1.2228e-01
5.9800e+03,2.1576e-01,1.8383e+00,1.5001e+01,1.1609e+00,1.2236e-01
5.9900e+03,2.1517e-01,1.8378e+00,1.5001e+01,1.1614e+00,1.2243e-01
6.0000e+03,2.1457e-01,1.8373e+00,1.5001e+01,1.1619e+00,1.2250e-01
6.0100e+03,2.1398e-01,1.8368e+00,1.5001e+01,1.1625e+00,1.2257e-01
6.0200e+03,2.1339e-01,1.8363e+00,1.5001e+01,1.1630e+00,1.2264e-01
6.0300e+03,2.1280e-01,1.8357e+00,1.5001e+01,1.1635e+00,1.2271e-01
6.0400e+03,2.1221e-01,1.8352e+00,1.5001e+01,1.1640e+00,1.2278e-01
6.0500e+03,2.1163e-01,1.8347e+00,1.5001e+01,1.1645e+00,1.2285e-01
6.0600e+03,2.1104e-01,1.8342e+00,1.5001e+01,1.1650e+00,1.2292e-01
6.0700e+03,2.1046e-01,1.8337e+00,1.5001e+01,1.1655e+00,1.2299e-01
6.0800e+03,2.0988e-01,1.8332e+00,1.5001e+01,1.1661e+00,1.2306e-01
6.0900e+03,2.0930e-01,1.8327e+00,1.5001e+01,1.1666e+00,1.2313e-01
6.1000e+03,2.0873e-01,1.8321e+00,1.5001e+01,1.1671e+00,1.2320e-01
6.1100e+03,2.0815e-01,1.8316e+00,1.5001e+01,1.1676e+00,1.2327e-01
6.1200e+03,2.0758e-01,1.8311e+00,1.5001e+01,1.1681e+00,1.2334e-01
6.1300e+03,2.0701e-01,1.8306e+00,1.5001e+01,1.1686e+00,1.2341e-01
6.1400e+03,2.0644e-01,1.8301e+00,1.5001e+01,1.1691e+00,1.2347e-01
6.1500e+03,2.0587e-01,1.8296e+00,1.5001e+01,1.1696e+00,1.2354e-01
6.1600e+03,2.0530e-01,1.8291e+00,1.5001e+01,1.1701e+00,1.2361e-01
6.1700e+03,2.0474e-01,1.8286e+00,1.5001e+01,1.1706e+00,1.2368e-01
6.1800e+03,2.0417e-01,1.8281e+00,1.5001e+01,1.1711e+00,1.2375e-01
6.1900e+03,2.0361e-01,1.8276e+00,1.5001e+01,1.1716e+00,1.2381e-01
6.2000e+03,2.0305e-01,1.8272e+00,1.5001e+01,1.1721e+00,1.2388e-01
6.2100e+03,2.0249e-01,1.8267e+00,1.5001e+01,1.1726e+00,1.2395e-01
6.2200e+03,2.0194e-01,1.8262e+00,1.5001e+01,1.1730e+00,1.2402e-01
6.2300e+03,2.0138e-01,1.8257e+00,1.5001e+01,1.1735e+00,1.2408e-01
6.2400e+03,2.0083e-01,1.8252e+00,1.5001e+01,1.1740e+00,1.2415e-01
6.2500e+03,2.0028e-01,1.8247e+00,1.5001e+01,1.1745e+00,1.2421e-01
6.2600e+03,1.9973e-01,1.8242e+00,1.5001e+01,1.1750e+00,1.2428e-01
6.2700e+03,1.9918e-01,1.8237e+00,1.5001e+01,1.1755e+00,1.2435e-01
6.2800e+03,1.9863e-01,1.8233e+00,1.5001e+01,1.1760e+00,1.2441e-01
6.2900e+03,1.9809e-01,1.8228e+00,1.5001e+01,1.1764e+00,1.2448e-01
6.3000e+03,1.9755e-01,1.8223e+00,1.5001e+01,1.1769e+00,1.2454e-01
6.3100e+03,1.9700e-01,1.8218e+00,1.5001e+01,1.1774e+00,1.2461e-01
6.3200e+03,1.9646e-01,1.8214e+00,1.5001e+01,1.1779e+00,1.2467e-01
6.3300e+03,1.9593e-01,1.8209e+00,1.5001e+01,1.1783e+00,1.2474e-01
6.3400e+03,1.9539e-01,1.8204e+00,1.5001e+01,1.1788e+00,1.2480e-01
6.3500e+03,1.9485e-01,1.8199e+00,1.5001e+01,1.1793e+00,1.2487e-01
6.3600e+03,1.9432e-01,1.8195e+00,1.5001e+01,1.1797e+00,1.2493e-01
6.3700e+03,1.9379e-01,1.8190e+00,1.5001e+01,1.1802e+00,1.2500e-01
6.3800e+03,1.9326e-01,1.8185e+00,1.5001e+01,1.1807e+00,1.2506e-01
6.3900e+03,1.9273e-01,1.8181e+00,1.5001e+01,1.1811e+00,1.2513e-01
6.4000e+03,1.9220e-01,1.8176e+00,1.5001e+01,1.1816e+00,1.2519e-01
6.4100e+03,1.9168e-01,1.8171e+00,1.5001e+01,1.1821e+00,1.2525e-01
6.4200e+03,1.9115e-01,1.8167e+00,1.5001e+01,1.1825e+00,1.2532e-01
6.4300e+03,1.9063e-01,1.8162e+00,1.5001e+01,1.1830e+00,1.2538e-01
6.4400e+03,1.9011e-01,1.8158e+00,1.5001e+01,1.1834e+00,1.2544e-01
6.4500e+03,1.8959e-01,1.8153e+00,1.5001e+01,1.1839e+00,1.2551e-01
6.4600e+03,1.8907e-01,1.8148e+00,1.5001e+01,1.1844e+00,1.2557e-01
6.4700e+03,1.8855e-01,1.8144e+00,1.5001e+01,1.1848e+00,1.2563e-01
6.4800e+03,1.8804e-01,1.8139e+00,1.5001e+01,1.1853e+00,1.2569e-01
6.4900e+03,1.8752e-01,1.8135e+00,1.5001e+01,1.1857e+00,1.2576e-01
6.5000e+03,1.8701e-01,1.8130e+00,1.5001e+01,1.1862e+00,1.2582e-01
6.5100e+03,1.8650e-01,1.8126e+00,1.5001e+01,1.1866e+00,1.2588e-01
6.5200e+03,1.8599e-01,1.8121e+00,1.5001e+01,1.1871e+00,1.2594e-01
6.5300e+03,1.8549e-01,1.8117e+00,1.5001e+01,1.1875e+00,1.2600e-01
6.5400e+03,1.8498e-01,1.8113e+00,1.5001e+01,1.1880e+00,1.2606e-01
6.5500e+03,1.8448e-01,1.8108e+00,1.5001e+01,1.1884e+00,1.2613e-01
6.5600e+03,1.8397e-01,1.8104e+00,1.5001e+01,1.1888e+00,1.2619e-01
6.5700e+03,1.8347e-01,1.8099e+00,1.5001e+01,1.1893e+00,1.2625e-01
6.5800e+03,1.8297e-01,1.8095e+00,1.5001e+01,1.1897e+00,1.2631e-01
6.5900e+03,1.8247e-01,1.8090e+00,1.5001e+01,1.1902e+00,1.2637e-01
6.6000e+03,1.8198e-01,1.8086e+00,1.5001e+01,1.1906e+00,1.2643e-01
6.6100e+03,1.8148e-01,1.8082e+00,1.5001e+01,1.1910e+00,1.2649e-01
6.6200e+03,1.8099e-01,1.8077e+00,1.5001e+01,1.1915e+00,1.2655e-01
6.6300e+03,1.8049e-01,1.8073e+00,1.5001e+01,1.1919e+00,1.2661e-01
6.6400e+03,1.8000e-01,1.8069e+00,1.5001e+01,1.1923e+00,1.2667e-01
6.6500e+03,1.7951e-01,1.8064e+00,1.5001e+01,1.1928e+00,1.2673e-01
6.6600e+03,1.7902e-01,1.8060e+00,1.5001e+01,1.1932e+00,1.2679e-01
6.6700e+03,1.7854e-01,1.8056e+00,1.5001e+01,1.1936e+00,1.2685e-01
6.6800e+03,1.7805e-01,1.8052e+00,1.5001e+01,1.1940e+00,1.2691e-01
6.6900e+03,1.7757e-01,1.8047e+00,1.5001e+01,1.1945e+00,1.2697e-01
6.7000e+03,1.7708e-01,1.8043e+00,1.5001e+01,1.1949e+00,1.2702e-01
6.7100e+03,1.7660e-01,1.8039e+00,1.5001e+01,1.1953e+00,1.2708e-01
6.7200e+03,1.7612e-01,1.8035e+00,1.5001e+01,1.1957e+00,1.2714e-01
6.7300e+03,1.7564e-01,1.8030e+00,1.5001e+01,1.1962e+00,1.2720e-01
6.7400e+03,1.7517e-01,1.8026e+00,1.5001e+01,1.1966e+00,1.2726e-01
6.7500e+03,1.7469e-01,1.8022e+00,1.5001e+01,1.1970e+00,1.2732e-01
6.7600e+03,1.7422e-01,1.8018e+00,1.5001e+01,1.1974e+00,1.2737e-01
6.7700e+03,1.7374e-01,1.8014e+00,1.5001e+01,1.1978e+00,1.2743e-01
6.7800e+03,1.7327e-01,1.8010e+00,1.5001e+01,1.1982e+00,1.2749e-01
6.7900e+03,1.7280e-01,1.8005e+00,1.5001e+01,1.1987e+00,1.2755e-01
6.8000e+03,1.7233e-01,1.8001e+00,1.5001e+01,1.1991e+00,1.2760e-01
6.8100e+03,1.7187e-01,1.7997e+00,1.5001e+01,1.1995e+00,1.2766e-01
6.8200e+03,1.7140e-01,1.7993e+00,1.5001e+01,1.1999e+00,1.2772e-01
6.8300e+03,1.7093e-01,1.7989e+00,1.5001e+01,1.2003e+00,1.2777e-01
6.8400e+03,1.7047e-01,1.7985e+00,1.5001e+01,1.2007e+00,1.2783e-01
6.8500e+03,1.7001e-01,1.7981e+00,1.5001e+01,1.2011e+00,1.2789e-01
6.8600e+03,1.6955e-01,1.7977e+00,1.5001e+01,1.2015e+00,1.2794e-01
6.8700e+03,1.6909e-01,1.7973e+00,1.5001e+01,1.2019e+00,1.2800e-01
6.8800e+03,1.6863e-01,1.7969e+00,1.5001e+01,1.2023e+00,1.2805e-01
6.8900e+03,1.6817e-01,1.7965e+00,1.5001e+01,1.2027e+00,1.2811e-01
6.9000e+03,1.6772e-01,1.7961e+00,1.5001e+01,1.2031e+00,1.2817e-01
6.9100e+03,1.6726e-01,1.7957e+00,1.5001e+01,1.2035e+00,1.2822e-01
6.9200e+03,1.6681e-01,1.7953e+00,1.5001e+01,1.2039e+00,1.2828e-01
6.9300e+03,1.6636e-01,1.7949e+00,1.5001e+01,1.2043e+00,1.2833e-01
6.9400e+03,1.6591e-01,1.7945e+00,1.5001e+01,1.2047e+00,1.2839e-01
6.9500e+03,1.6546e-01,1.7941e+00,1.5001e+01,1.2051e+00,1.2844e-01
6.9600e+03,1.6501e-01,1.7937e+00,1.5001e+01,1.2055e+00,1.2850e-01
6.9700e+03,1.6457e-01,1.7933e+00,1.5001e+01,1.2059e+00,1.2855e-01
6.9800e+03,1.6412e-01,1.7929e+00,1.5001e+01,1.2063e+00,1.2861e-01
6.9900e+03,1.6368e-01,1.7925e+00,1.5001e+01,1.2067e+00,1.2866e-01
7.0000e+03,1.6324e-01,1.7921e+00,1.5001e+01,1.2071e+00,1.2871e-01
7.0100e+03,1.6280e-01,1.7918e+00,1.5001e+01,1.2074e+00,1.2877e-01
7.0200e+03,1.6236e-01,1.7914e+00,1.5001e+01,1.2078e+00,1.2882e-01
7.0300e+03,1.6192e-01,1.7910e+00,1.5001e+01,1.2082e+00,1.2888e-01
7.0400e+03,1.6148e-01,1.7906e+00,1.5001e+01,1.2086e+00,1.2893e-01
7.0500e+03,1.6104e-01,1.7902e+00,1.5001e+01,1.2090e+00,1.2898e-01
7.0600e+03,1.6061e-01,1.7898e+00,1.5001e+01,1.2094e+00,1.2904e-01
7.0700e+03,1.6018e-01,1.7895e+00,1.5001e+01,1.2097e+00,1.2909e-01
7.0800e+03,1.5974e-01,1.7891e+00,1.5001e+01,1.2101e+00,1.2914e-01
7.0900e+03,1.5931e-01,1.7887e+00,1.5001e+01,1.2105e+00,1.2919e-01
7.1000e+03,1.5888e-01,1.7883e+00,1.5001e+01,1.2109e+00,1.2925e-01
7.1100e+03,1.5845e-01,1.7879e+00,1.5001e+01,1.2112e+00,1.2930e-01
7.1200e+03,1.5803e-01,1.7876e+00,1.5001e+01,1.2116e+00,1.2935e-01
7.1300e+03,1.5760e-01,1.7872e+00,1.5001e+01,1.2120e+00,1.2940e-01
7.1400e+03,1.5718e-01,1.7868e+00,1.5001e+01,1.2124e+00,1.2946e-01
7.1500e+03,1.5675e-01,1.7865e+00,1.5001e+01,1.2127e+00,1.2951e-01
7.1600e+03,1.5633e-01,1.7861e+00,1.5001e+01,1.2131e+00,1.2956e-01
7.1700e+03,1.5591e-01,1.7857e+00,1.5001e+01,1.2135e+00,1.2961e-01
7.1800e+03,1.5549e-01,1.7853e+00,1.5001e+01,1.2138e+00,1.2966e-01
7.1900e+03,1.5507e-01,1.7850e+00,1.5001e+01,1.2142e+00,1.2972e-01
7.2000e+03,1.5465e-01,1.7846e+00,1.5001e+01,1.2146e+00,1.2977e-01
7.2100e+03,1.5424e-01,1.7842e+00,1.5001e+01,1.2149e+00,1.2982e-01
7.2200e+03,1.5382e-01,1.7839e+00,1.5001e+01,1.2153e+00,1.2987e-01
7.2300e+03,1.5341e-01,1.7835e+00,1.5001e+01,1.2157e+00,1.2992e-01
7.2400e+03,1.5299e-01,1.7832e+00,1.5001e+01,1.2160e+00,1.2997e-01
7.2500e+03,1.5258e-01,1.7828e+00,1.5001e+01,1.2164e+00,1.3002e-01
7.2600e+03,1.5217e-01,1.7824e+00,1.5001e+01,1.2168e+00,1.3007e-01
7.2700e+03,1.5176e-01,1.7821e+00,1.5001e+01,1.2171e+00,1.3012e-01
7.2800e+03,1.5135e-01,1.7817e+00,1.5001e+01,1.2175e+00,1.3017e-01
7.2900e+03,1.5095e-01,1.7814e+00,1.5001e+01,1.2178e+00,1.3022e-01
7.3000e+03,1.5054e-01,1.7810e+00,1.5001e+01,1.2182e+00,1.3027e-01
7.3100e+03,1.5014e-01,1.7806e+00,1.5001e+01,1.2185e+00,1.3032e-01
7.3200e+03,1.4973e-01,1.7803e+00,1.5001e+01,1.2189e+00,1.3037e-01
7.3300e+03,1.4933e-01,1.7799e+00,1.5001e+01,1.2192e+00,1.3042e-01
7.3400e+03,1.4893e-01,1.7796e+00,1.5001e+01,1.2196e+00,1.3047e-01
7.3500e+03,1.4853e-01,1.7792e+00,1.5001e+01,1.2200e+00,1.3052e-01
7.3600e+03,1.4813e-01,1.7789e+00,1.5001e+01,1.2203e+00,1.3057e-01
7.3700e+03,1.4773e-01,1.7785e+00,1.5001e+01,1.2206e+00,1.3062e-01
7.3800e+03,1.4734e-01,1.7782e+00,1.5001e+01,1.2210e+00,1.3067e-01
7.3900e+03,1.4694e-01,1.7778e+00,1.5001e+01,1.2213e+00,1.3072e-01
7.4000e+03,1.4655e-01,1.7775e+00,1.5001e+01,1.2217e+00,1.3076e-01
7.4100e+03,1.4615e-01,1.7772e+00,1.5001e+01,1.2220e+00,1.3081e-01
7.4200e+03,1.4576e-01,1.7768e+00,1.5001e+01,1.2224e+00,1.3086e-01
7.4300e+03,1.4537e-01,1.7765e+00,1.5001e+01,1.2227e+00,1.3091e-01
7.4400e+03,1.4498e-01,1.7761e+00,1.5001e+01,1.2231e+00,1.3096e-01
7.4500e+03,1.4459e-01,1.7758e+00,1.5001e+01,1.2234e+00,1.3101e-01
7.4600e+03,1.4420e-01,1.7754e+00,1.5001e+01,1.2237e+00,1.3105e-01
7.4700e+03,1.4382e-01,1.7751e+00,1.5001e+01,1.2241e+00,1.3110e-01
7.4800e+03,1.4343e-01,1.7748e+00,1.5001e+01,1.2244e+00,1.3115e-01
7.4900e+03,1.4305e-01,1.7744e+00,1.5001e+01,1.2248e+00,1.3120e-01
7.5000e+03,1.4267e-01,1.7741e+00,1.5001e+01,1.2251e+00,1.3124e-01
7.5100e+03,1.4228e-01,1.7738e+00,1.5001e+01,1.2254e+00,1.3129e-01
7.5200e+03,1.4190e-01,1.7734e+00,1.5001e+01,1.2258e+00,1.3134e-01
7.5300e+03,1.4152e-01,1.7731e+00,1.5001e+01,1.2261e+00,1.3138e-01
7.5400e+03,1.4114e-01,1.7728e+00,1.5001e+01,1.2264e+00,1.3143e-01
7.5500e+03,1.4077e-01,1.7724e+00,1.5001e+01,1.2268e+00,1.3148e-01
7.5600e+03,1.4039e-01,1.7721e+00,1.5001e+01,1.2271e+00,1.3152e-01
7.5700e+03,1.4001e-01,1.7718e+00,1.5001e+01,1.2274e+00,1.3157e-01
7.5800e+03,1.3964e-01,1.7714e+00,1.5001e+01,1.2277e+00,1.3162e-01
7.5900e+03,1.3926e-01,1.7711e+00,1.5001e+01,1.2281e+00,1.3166e-01
7.6000e+03,1.3889e-01,1.7708e+00,1.5001e+01,1.2284e+00,1.3171e-01
7.6100e+03,1.3852e-01,1.7705e+00,1.5001e+01,1.2287e+00,1.3176e-01
7.6200e+03,1.3815e-01,1.7701e+00,1.5001e+01,1.2290e+00,1.3180e-01
7.6300e+03,1.3778e-01,1.7698e+00,1.5001e+01,1.2294e+00,1.3185e-01
7.6400e+03,1.3741e-01,1.7695e+00,1.5001e+01,1.2297e+00,1.3189e-01
7.6500e+03,1.3705e-01,1.7692e+00,1.5001e+01,1.2300e+00,1.3194e-01
7.6600e+03,1.3668e-01,1.7688e+00,1.5001e+01,1.2303e+00,1.3198e-01
7.6700e+03,1.3631e-01,1.7685e+00,1.5001e+01,1.2307e+00,1.3203e-01
7.6800e+03,1.3595e-01,1.7682e+00,1.5001e+01,1.2310e+00,1.3207e-01
7.6900e+03,1.3559e-01,1.7679e+00,1.5001e+01,1.2313e+00,1.3212e-01
7.7000e+03,1.3523e-01,1.7676e+00,1.5001e+01,1.2316e+00,1.3216e-01
7.7100e+03,1.3486e-01,1.7673e+00,1.5001e+01,1.2319e+00,1.3221e-01
7.7200e+03,1.3450e-01,1.7669e+00,1.5001e+01,1.2322e+00,1.3225e-01
7.7300e+03,1.3414e-01,1.7666e+00,1.5001e+01,1.2326e+00,1.3230e-01
7.7400e+03,1.3379e-01,1.7663e+00,1.5001e+01,1.2329e+00,1.3234e-01
7.7500e+03,1.3343e-01,1.7660e+00,1.5001e+01,1.2332e+00,1.3239e-01
7.7600e+03,1.3307e-01,1.7657e+00,1.5001e+01,1.2335e+00,1.3243e-01
7.7700e+03,1.3272e-01,1.7654e+00,1.5001e+01,1.2338e+00,1.3247e-01
7.7800e+03,1.3237e-01,1.7651e+00,1.5001e+01,1.2341e+00,1.3252e-01
7.7900e+03,1.3201e-01,1.7648e+00,1.5001e+01,1.2344e+00,1.3256e-01
7.8000e+03,1.3166e-01,1.7644e+00,1.5001e+01,1.2347e+00,1.3261e-01
7.8100e+03,1.3131e-01,1.7641e+00,1.5001e+01,1.2350e+00,1.3265e-01
7.8200e+03,1.3096e-01,1.7638e+00,1.5001e+01,1.2353e+00,1.3269e-01
7.8300e+03,1.3061e-01,1.7635e+00,1.5001e+01,1.2357e+00,1.3274e-01
7.8400e+03,1.3026e-01,1.7632e+00,1.5001e+01,1.2360e+00,1.3278e-01
7.8500e+03,1.2991e-01,1.7629e+00,1.5001e+01,1.2363e+00,1.3282e-01
7.8600e+03,1.2957e-01,1.7626e+00,1.5001e+01,1.2366e+00,1.3287e-01
7.8700e+03,1.2922e-01,1.7623e+00,1.5001e+01,1.2369e+00,1.3291e-01
7.8800e+03,1.2888e-01,1.7620e+00,1.5001e+01,1.2372e+00,1.3295e-01
7.8900e+03,1.2854e-01,1.7617e+00,1.5001e+01,1.2375e+00,1.3299e-01
7.9000e+03,1.2819e-01,1.7614e+00,1.5001e+01,1.2378e+00,1.3304e-01
7.9100e+03,1.2785e-01,1.7611e+00,1.5001e+01,1.2381e+00,1.3308e-01
7.9200e+03,1.2751e-01,1.7608e+00,1.5001e+01,1.2384e+00,1.3312e-01
7.9300e+03,1.2717e-01,1.7605e+00,1.5001e+01,1.2387e+00,1.3316e-01
7.9400e+03,1.2684e-01,1.7602e+00,1.5001e+01,1.2390e+00,1.3321e-01
7.9500e+03,1.2650e-01,1.7599e+00,1.5001e+01,1.2393e+00,1.3325e-01
7.9600e+03,1.2616e-01,1.7596e+00,1.5001e+01,1.2396e+00,1.3329e-01
7.9700e+03,1.2583e-01,1.7593e+00,1.5001e+01,1.2398e+00,1.3333e-01
7.9800e+03,1.2549e-01,1.7590e+00,1.5001e+01,1.2401e+00,1.3337e-01
7.9900e+03,1.2516e-01,1.7587e+00,1.5001e+01,1.2404e+00,1.3341e-01
8.0000e+03,1.2482e-01,1.7585e+00,1.5001e+01,1.2407e+00,1.3346e-01
8.0100e+03,1.2449e-01,1.7582e+00,1.5001e+01,1.2410e+00,1.3350e-01
8.0200e+03,1.2416e-01,1.7579e+00,1.5001e+01,1.2413e+00,1.3354e-01
8.0300e+03,1.2383e-01,1.7576e+00,1.5001e+01,1.2416e+00,1.3358e-01
8.0400e+03,1.2350e-01,1.7573e+00,1.5001e+01,1.2419e+00,1.3362e-01
8.0500e+03,1.2318e-01,1.7570e+00,1.5001e+01,1.2422e+00,1.3366e-01
8.0600e+03,1.2285e-01,1.7567e+00,1.5001e+01,1.2425e+00,1.3370e-01
8.0700e+03,1.2252e-01,1.7564e+00,1.5001e+01,1.2427e+00,1.3374e-01
8.0800e+03,1.2220e-01,1.7561e+00,1.5001e+01,1.2430e+00,1.3378e-01
8.0900e+03,1.2187e-01,1.7559e+00,1.5001e+01,1.2433e+00,1.3382e-01
8.1000e+03,1.2155e-01,1.7556e+00,1.5001e+01,1.2436e+00,1.3386e-01
8.1100e+03,1.2123e-01,1.7553e+00,1.5001e+01,1.2439e+00,1.3390e-01
8.1200e+03,1.2090e-01,1.7550e+00,1.5001e+01,1.2442e+00,1.3394e-01
8.1300e+03,1.2058e-01,1.7547e+00,1.5001e+01,1.2444e+00,1.3398e-01
8.1400e+03,1.2026e-01,1.7545e+00,1.5001e+01,1.2447e+00,1.3402e-01
8.1500e+03,1.1994e-01,1.7542e+00,1.5001e+01,1.2450e+00,1.3406e-01
8.1600e+03,1.1963e-01,1.7539e+00,1.5001e+01,1.2453e+00,1.3410e-01
8.1700e+03,1.1931e-01,1.7536e+00,1.5001e+01,1.2455e+00,1.3414e-01
8.1800e+03,1.1899e-01,1.7533e+00,1.5001e+01,1.2458e+00,1.3418e-01
8.1900e+03,1.1868e-01,1.7531e+00,1.5001e+01,1.2461e+00,1.3422e-01
8.2000e+03,1.1836e-01,1.7528e+00,1.5001e+01,1.2464e+00,1.3426e-01
8.2100e+03,1.1805e-01,1.7525e+00,1.5001e+01,1.2467e+00,1.3430e-01
8.2200e+03,1.1774e-01,1.7522e+00,1.5001e+01,1.2469e+00,1.3434e-01
8.2300e+03,1.1742e-01,1.7520e+00,1.5001e+01,1.2472e+00,1.3438e-01
8.2400e+03,1.1711e-01,1.7517e+00,1.5001e+01,1.2475e+00,1.3442e-01
8.2500e+03,1.1680e-01,1.7514e+00,1.5001e+01,1.2477e+00,1.3446e-01
8.2600e+03,1.1649e-01,1.7512e+00,1.5001e+01,1.2480e+00,1.3449e-01
8.2700e+03,1.1618e-01,1.7509e+00,1.5001e+01,1.2483e+00,1.3453e-01
8.2800e+03,1.1588e-01,1.7506e+00,1.5001e+01,1.2486e+00,1.3457e-01
8.2900e+03,1.1557e-01,1.7503e+00,1.5001e+01,1.2488e+00,1.3461e-01
8.3000e+03,1.1526e-01,1.7501e+00,1.5001e+01,1.2491e+00,1.3465e-01
8.3100e+03,1.1496e-01,1.7498e+00,1.5001e+01,1.2494e+00,1.3469e-01
8.3200e+03,1.1465e-01,1.7495e+00,1.5001e+01,1.2496e+00,1.3472e-01
8.3300e+03,1.1435e-01,1.7493e+00,1.5001e+01,1.2499e+00,1.3476e-01
8.3400e+03,1.1405e-01,1.7490e+00,1.5001e+01,1.2502e+00,1.3480e-01
8.3500e+03,1.1375e-01,1.7488e+00,1.5001e+01,1.2504e+00,1.3484e-01
8.3600e+03,1.1345e-01,1.7485e+00,1.5001e+01,1.2507e+00,1.3488e-01
8.3700e+03,1.1315e-01,1.7482e+00,1.5001e+01,1.2509e+00,1.3491e-01
8.3800e+03,1.1285e-01,1.7480e+00,1.5001e+01,1.2512e+00,1.3495e-01
8.3900e+03,1.1255e-01,1.7477e+00,1.5001e+01,1.2515e+00,1.3499e-01
8.4000e+03,1.1225e-01,1.7474e+00,1.5001e+01,1.2517e+00,1.3502e-01
8.4100e+03,1.1195e-01,1.7472e+00,1.5001e+01,1.2520e+00,1.3506e-01
8.4200e+03,1.1166e-01,1.7469e+00,1.5001e+01,1.2522e+00,1.3510e-01
8.4300e+03,1.1136e-01,1.7467e+00,1.5001e+01,1.2525e+00,1.3514e-01
8.4400e+03,1.1107e-01,1.7464e+00,1.5001e+01,1.2528e+00,1.3517e-01
8.4500e+03,1.1078e-01,1.7461e+00,1.5001e+01,1.2530e+00,1.3521e-01
8.4600e+03,1.1048e-01,1.7459e+00,1.5001e+01,1.2533e+00,1.3525e-01
8.4700e+03,1.1019e-01,1.7456e+00,1.5001e+01,1.2535e+00,1.3528e-01
8.4800e+03,1.0990e-01,1.7454e+00,1.5001e+01,1.2538e+00,1.3532e-01
8.4900e+03,1.0961e-01,1.7451e+00,1.5001e+01,1.2540e+00,1.3536e-01
8.5000e+03,1.0932e-01,1.7449e+00,1.5001e+01,1.2543e+00,1.3539e-01
8.5100e+03,1.0903e-01,1.7446e+00,1.5001e+01,1.2545e+00,1.3543e-01
8.5200e+03,1.0874e-01,1.7444e+00,1.5001e+01,1.2548e+00,1.3546e-01
8.5300e+03,1.0846e-01,1.7441e+00,1.5001e+01,1.2550e+00,1.3550e-01
8.5400e+03,1.0817e-01,1.7439e+00,1.5001e+01,1.2553e+00,1.3554e-01
8.5500e+03,1.0789e-01,1.7436e+00,1.5001e+01,1.2555e+00,1.3557e-01
8.5600e+03,1.0760e-01,1.7434e+00,1.5001e+01,1.2558e+00,1.3561e-01
8.5700e+03,1.0732e-01,1.7431e+00,1.5001e+01,1.2560e+00,1.3564e-01
8.5800e+03,1.0703e-01,1.7429e+00,1.5001e+01,1.2563e+00,1.3568e-01
8.5900e+03,1.0675e-01,1.7426e+00,1.5001e+01,1.2565e+00,1.3571e-01
8.6000e+03,1.0647e-01,1.7424e+00,1.5001e+01,1.2568e+00,1.3575e-01
8.6100e+03,1.0619e-01,1.7421e+00,1.5001e+01,1.2570e+00,1.3578e-01
8.6200e+03,1.0591e-01,1.7419e+00,1.5001e+01,1.2573e+00,1.3582e-01
8.6300e+03,1.0563e-01,1.7416e+00,1.5001e+01,1.2575e+00,1.3585e-01
8.6400e+03,1.0535e-01,1.7414e+00,1.5001e+01,1.2578e+00,1.3589e-01
8.6500e+03,1.0507e-01,1.7412e+00,1.5001e+01,1.2580e+00,1.3592e-01
8.6600e+03,1.0480e-01,1.7409e+00,1.5001e+01,1.2582e+00,1.3596e-01
8.6700e+03,1.0452e-01,1.7407e+00,1.5001e+01,1.2585e+00,1.3599e-01
8.6800e+03,1.0425e-01,1.7404e+00,1.5001e+01,1.2587e+00,1.3603e-01
8.6900e+03,1.0397e-01,1.7402e+00,1.5001e+01,1.2590e+00,1.3606e-01
8.7000e+03,1.0370e-01,1.7400e+00,1.5001e+01,1.2592e+00,1.3610e-01
8.7100e+03,1.0342e-01,1.7397e+00,1.5001e+01,1.2594e+00,1.3613e-01
8.7200e+03,1.0315e-01,1.7395e+00,1.5001e+01,1.2597e+00,1.3617e-01
8.7300e+03,1.0288e-01,1.7392e+00,1.5001e+01,1.2599e+00,1.3620e-01
8.7400e+03,1.0261e-01,1.7390e+00,1.5001e+01,1.2602e+00,1.3623e-01
8.7500e+03,1.0234e-01,1.7388e+00,1.5001e+01,1.2604e+00,1.3627e-01
8.7600e+03,1.0207e-01,1.7385e+00,1.5001e+01,1.2606e+00,1.3630e-01
8.7700e+03,1.0180e-01,1.7383e+00,1.5001e+01,1.2609e+00,1.3634e-01
8.7800e+03,1.0153e-01,1.7381e+00,1.5001e+01,1.2611e+00,1.3637e-01
8.7900e+03,1.0127e-01,1.7378e+00,1.5001e+01,1.2613e+00,1.3640e-01
8.8000e+03,1.0100e-01,1.7376e+00,1.5001e+01,1.2616e+00,1.3644e-01
8.8100e+03,1.0073e-01,1.7374e+00,1.5001e+01,1.2618e+00,1.3647e-01
8.8200e+03,1.0047e-01,1.7371e+00,1.5001e+01,1.2620e+00,1.3650e-01
8.8300e+03,1.0020e-01,1.7369e+00,1.5001e+01,1.2623e+00,1.3654e-01
8.8400e+03,9.9941e-02,1.7367e+00,1.5001e+01,1.2625e+00,1.3657e-01
8.8500e+03,9.9678e-02,1.7364e+00,1.5001e+01,1.2627e+00,1.3660e-01
8.8600e+03,9.9416e-02,1.7362e+00,1.5001e+01,1.2629e+00,1.3664e-01
8.8700e+03,9.9155e-02,1.7360e+00,1.5001e+01,1.2632e+00,1.3667e-01
8.8800e+03,9.8894e-02,1.7358e+00,1.5001e+01,1.2634e+00,1.3670e-01
8.8900e+03,9.8634e-02,1.7355e+00,1.5001e+01,1.2636e+00,1.3673e-01
8.9000e+03,9.8375e-02,1.7353e+00,1.5001e+01,1.2639e+00,1.3677e-01
8.9100e+03,9.8116e-02,1.7351e+00,1.5001e+01,1.2641e+00,1.3680e-01
8.9200e+03,9.7859e-02,1.7348e+00,1.5001e+01,1.2643e+00,1.3683e-01
8.9300e+03,9.7601e-02,1.7346e+00,1.5001e+01,1.2645e+00,1.3686e-01
8.9400e+03,9.7345e-02,1.7344e+00,1.5001e+01,1.2648e+00,1.3690e-01
8.9500e+03,9.7089e-02,1.7342e+00,1.5001e+01,1.2650e+00,1.3693e-01
8.9600e+03,9.6834e-02,1.7340e+00,1.5001e+01,1.2652e+00,1.3696e-01
8.9700e+03,9.6580e-02,1.7337e+00,1.5001e+01,1.2654e+00,1.3699e-01
8.9800e+03,9.6327e-02,1.7335e+00,1.5001e+01,1.2656e+00,1.3703e-01
8.9900e+03,9.6074e-02,1.7333e+00,1.5001e+01,1.2659e+00,1.3706e-01
9.0000e+03,9.5821e-02,1.7331e+00,1.5001e+01,1.2661e+00,1.3709e-01
9.0100e+03,9.5570e-02,1.7328e+00,1.5001e+01,1.2663e+00,1.3712e-01
9.0200e+03,9.5319e-02,1.7326e+00,1.5001e+01,1.2665e+00,1.3715e-01
9.0300e+03,9.5069e-02,1.7324e+00,1.5001e+01,1.2667e+00,1.3718e-01
9.0400e+03,9.4820e-02,1.7322e+00,1.5001e+01,1.2670e+00,1.3722e-01
9.0500e+03,9.4571e-02,1.7320e+00,1.5001e+01,1.2672e+00,1.3725e-01
9.0600e+03,9.4323e-02,1.7318e+00,1.5001e+01,1.2674e+00,1.3728e-01
9.0700e+03,9.4075e-02,1.7315e+00,1.5001e+01,1.2676e+00,1.3731e-01
9.0800e+03,9.3829e-02,1.7313e+00,1.5001e+01,1.2678e+00,1.3734e-01
9.0900e+03,9.3583e-02,1.7311e+00,1.5001e+01,1.2680e+00,1.3737e-01
9.1000e+03,9.3337e-02,1.7309e+00,1.5001e+01,1.2683e+00,1.3740e-01
9.1100e+03,9.3092e-02,1.7307e+00,1.5001e+01,1.2685e+00,1.3743e-01
9.1200e+03,9.2848e-02,1.7305e+00,1.5001e+01,1.2687e+00,1.3746e-01
9.1300e+03,9.2605e-02,1.7303e+00,1.5001e+01,1.2689e+00,1.3749e-01
9.1400e+03,9.2362e-02,1.7300e+00,1.5001e+01,1.2691e+00,1.3753e-01
9.1500e+03,9.2120e-02,1.7298e+00,1.5001e+01,1.2693e+00,1.3756e-01
9.1600e+03,9.1879e-02,1.7296e+00,1.5001e+01,1.2695e+00,1.3759e-01
9.1700e+03,9.1638e-02,1.7294e+00,1.5001e+01,1.2697e+00,1.3762e-01
9.1800e+03,9.1398e-02,1.7292e+00,1.5001e+01,1.2700e+00,1.3765e-01
9.1900e+03,9.1159e-02,1.7290e+00,1.5001e+01,1.2702e+00,1.3768e-01
9.2000e+03,9.0920e-02,1.7288e+00,1.5001e+01,1.2704e+00,1.3771e-01
9.2100e+03,9.0682e-02,1.7286e+00,1.5001e+01,1.2706e+00,1.3774e-01
9.2200e+03,9.0444e-02,1.7284e+00,1.5001e+01,1.2708e+00,1.3777e-01
9.2300e+03,9.0207e-02,1.7282e+00,1.5001e+01,1.2710e+00,1.3780e-01
9.2400e+03,8.9971e-02,1.7279e+00,1.5001e+01,1.2712e+00,1.3783e-01
9.2500e+03,8.9736e-02,1.7277e+00,1.5001e+01,1.2714e+00,1.3786e-01
9.2600e+03,8.9501e-02,1.7275e+00,1.5001e+01,1.2716e+00,1.3789e-01
9.2700e+03,8.9267e-02,1.7273e+00,1.5001e+01,1.2718e+00,1.3792e-01
9.2800e+03,8.9033e-02,1.7271e+00,1.5001e+01,1.2720e+00,1.3795e-01
9.2900e+03,8.8800e-02,1.7269e+00,1.5001e+01,1.2722e+00,1.3798e-01
9.3000e+03,8.8568e-02,1.7267e+00,1.5001e+01,1.2724e+00,1.3800e-01
9.3100e+03,8.8336e-02,1.7265e+00,1.5001e+01,1.2726e+00,1.3803e-01
9.3200e+03,8.8105e-02,1.7263e+00,1.5001e+01,1.2728e+00,1.3806e-01
9.3300e+03,8.7874e-02,1.7261e+00,1.5001e+01,1.2730e+00,1.3809e-01
9.3400e+03,8.7644e-02,1.7259e+00,1.5001e+01,1.2732e+00,1.3812e-01
9.3500e+03,8.7415e-02,1.7257e+00,1.5001e+01,1.2734e+00,1.3815e-01
9.3600e+03,8.7187e-02,1.7255e+00,1.5001e+01,1.2736e+00,1.3818e-01
9.3700e+03,8.6959e-02,1.7253e+00,1.5001e+01,1.2738e+00,1.3821e-01
9.3800e+03,8.6731e-02,1.7251e+00,1.5001e+01,1.2740e+00,1.3824e-01
9.3900e+03,8.6505e-02,1.7249e+00,1.5001e+01,1.2742e+00,1.3827e-01
9.4000e+03,8.6278e-02,1.7247e+00,1.5001e+01,1.2744e+00,1.3829e-01
9.4100e+03,8.6053e-02,1.7245e+00,1.5001e+01,1.2746e+00,1.3832e-01
9.4200e+03,8.5828e-02,1.7243e+00,1.5001e+01,1.2748e+00,1.3835e-01
9.4300e+03,8.5604e-02,1.7241e+00,1.5001e+01,1.2750e+00,1.3838e-01
9.4400e+03,8.5380e-02,1.7239e+00,1.5001e+01,1.2752e+00,1.3841e-01
9.4500e+03,8.5157e-02,1.7237e+00,1.5001e+01,1.2754e+00,1.3844e-01
9.4600e+03,8.4935e-02,1.7235e+00,1.5001e+01,1.2756e+00,1.3846e-01
9.4700e+03,8.4713e-02,1.7234e+00,1.5001e+01,1.2758e+00,1.3849e-01
9.4800e+03,8.4491e-02,1.7232e+00,1.5001e+01,1.2760e+00,1.3852e-01
9.4900e+03,8.4271e-02,1.7230e+00,1.5001e+01,1.2762e+00,1.3855e-01
9.5000e+03,8.4051e-02,1.7228e+00,1.5001e+01,1.2764e+00,1.3858e-01
9.5100e+03,8.3831e-02,1.7226e+00,1.5001e+01,1.2766e+00,1.3860e-01
9.5200e+03,8.3612e-02,1.7224e+00,1.5001e+01,1.2768e+00,1.3863e-01
9.5300e+03,8.3394e-02,1.7222e+00,1.5001e+01,1.2769e+00,1.3866e-01
9.5400e+03,8.3176e-02,1.7220e+00,1.5001e+01,1.2771e+00,1.3869e-01
9.5500e+03,8.2959e-02,1.7218e+00,1.5001e+01,1.2773e+00,1.3871e-01
9.5600e+03,8.2743e-02,1.7216e+00,1.5001e+01,1.2775e+00,1.3874e-01
9.5700e+03,8.2527e-02,1.7214e+00,1.5001e+01,1.2777e+00,1.3877e-01
9.5800e+03,8.2311e-02,1.7213e+00,1.5001e+01,1.2779e+00,1.3880e-01
9.5900e+03,8.2097e-02,1.7211e+00,1.5001e+01,1.2781e+00,1.3882e-01
9.6000e+03,8.1883e-02,1.7209e+00,1.5001e+01,1.2783e+00,1.3885e-01
9.6100e+03,8.1669e-02,1.7207e+00,1.5001e+01,1.2785e+00,1.3888e-01
9.6200e+03,8.1456e-02,1.7205e+00,1.5001e+01,1.2786e+00,1.3891e-01
9.6300e+03,8.1243e-02,1.7203e+00,1.5001e+01,1.2788e+00,1.3893e-01
9.6400e+03,8.1032e-02,1.7201e+00,1.5001e+01,1.2790e+00,1.3896e-01
9.6500e+03,8.0820e-02,1.7200e+00,1.5001e+01,1.2792e+00,1.3899e-01
9.6600e+03,8.0610e-02,1.7198e+00,1.5001e+01,1.2794e+00,1.3901e-01
9.6700e+03,8.0399e-02,1.7196e+00,1.5001e+01,1.2796e+00,1.3904e-01
9.6800e+03,8.0190e-02,1.7194e+00,1.5001e+01,1.2797e+00,1.3907e-01
9.6900e+03,7.9981e-02,1.7192e+00,1.5001e+01,1.2799e+00,1.3909e-01
9.7000e+03,7.9772e-02,1.7190e+00,1.5001e+01,1.2801e+00,1.3912e-01
9.7100e+03,7.9564e-02,1.7189e+00,1.5001e+01,1.2803e+00,1.3915e-01
9.7200e+03,7.9357e-02,1.7187e+00,1.5001e+01,1.2805e+00,1.3917e-01
9.7300e+03,7.9150e-02,1.7185e+00,1.5001e+01,1.2807e+00,1.3920e-01
9.7400e+03,7.8944e-02,1.7183e+00,1.5001e+01,1.2808e+00,1.3922e-01
9.7500e+03,7.8738e-02,1.7181e+00,1.5001e+01,1.2810e+00,1.3925e-01
9.7600e+03,7.8533e-02,1.7180e+00,1.5001e+01,1.2812e+00,1.3928e-01
9.7700e+03,7.8329e-02,1.7178e+00,1.5001e+01,1.2814e+00,1.3930e-01
9.7800e+03,7.8125e-02,1.7176e+00,1.5001e+01,1.2815e+00,1.3933e-01
9.7900e+03,7.7921e-02,1.7174e+00,1.5001e+01,1.2817e+00,1.3935e-01
9.8000e+03,7.7718e-02,1.7172e+00,1.5001e+01,1.2819e+00,1.3938e-01
9.8100e+03,7.7516e-02,1.7171e+00,1.5001e+01,1.2821e+00,1.3941e-01
9.8200e+03,7.7314e-02,1.7169e+00,1.5001e+01,1.2823e+00,1.3943e-01
9.8300e+03,7.7113e-02,1.7167e+00,1.5001e+01,1.2824e+00,1.3946e-01
9.8400e+03,7.6912e-02,1.7165e+00,1.5001e+01,1.2826e+00,1.3948e-01
9.8500e+03,7.6712e-02,1.7164e+00,1.5001e+01,1.2828e+00,1.3951e-01
9.8600e+03,7.6512e-02,1.7162e+00,1.5001e+01,1.2830e+00,1.3953e-01
9.8700e+03,7.6313e-02,1.7160e+00,1.5001e+01,1.2831e+00,1.3956e-01
9.8800e+03,7.6114e-02,1.7158e+00,1.5001e+01,1.2833e+00,1.3958e-01
9.8900e+03,7.5916e-02,1.7157e+00,1.5001e+01,1.2835e+00,1.3961e-01
9.9000e+03,7.5719e-02,1.7155e+00,1.5001e+01,1.2836e+00,1.3963e-01
9.9100e+03,7.5522e-02,1.7153e+00,1.5001e+01,1.2838e+00,1.3966e-01
9.9200e+03,7.5325e-02,1.7152e+00,1.5001e+01,1.2840e+00,1.3968e-01
9.9300e+03,7.5129e-02,1.7150e+00,1.5001e+01,1.2842e+00,1.3971e-01
9.9400e+03,7.4934e-02,1.7148e+00,1.5001e+01,1.2843e+00,1.3973e-01
9.9500e+03,7.4739e-02,1.7146e+00,1.5001e+01,1.2845e+00,1.3976e-01
9.9600e+03,7.4545e-02,1.7145e+00,1.5001e+01,1.2847e+00,1.3978e-01
9.9700e+03,7.4351e-02,1.7143e+00,1.5001e+01,1.2848e+00,1.3981e-01
9.9800e+03,7.4158e-02,1.7141e+00,1.5001e+01,1.2850e+00,1.3983e-01
9.9900e+03,7.3965e-02,1.7140e+00,1.5001e+01,1.2852e+00,1.3986e-01
1.0000e+04,7.3773e-02,1.7138e+00,1.5001e+01,1.2853e+00,1.3988e-01
1.0010e+04,7.3581e-02,1.7136e+00,1.5001e+01,1.2855e+00,1.3991e-01
1.0020e+04,7.3390e-02,1.7135e+00,1.5001e+01,1.2857e+00,1.3993e-01
1.0030e+04,7.3199e-02,1.7133e+00,1.5001e+01,1.2858e+00,1.3995e-01
1.0040e+04,7.3009e-02,1.7131e+00,1.5001e+01,1.2860e+00,1.3998e-01
1.0050e+04,7.2819e-02,1.7130e+00,1.5001e+01,1.2862e+00,1.4000e-01
1.0060e+04,7.2630e-02,1.7128e+00,1.5001e+01,1.2863e+00,1.4003e-01
1.0070e+04,7.2441e-02,1.7126e+00,1.5001e+01,1.2865e+00,1.4005e-01
1.0080e+04,7.2253e-02,1.7125e+00,1.5001e+01,1.2867e+00,1.4008e-01
1.0090e+04,7.2065e-02,1.7123e+00,1.5001e+01,1.2868e+00,1.4010e-01
1.0100e+04,7.1878e-02,1.7121e+00,1.5001e+01,1.2870e+00,1.4012e-01
1.0110e+04,7.1691e-02,1.7120e+00,1.5001e+01,1.2872e+00,1.4015e-01
1.0120e+04,7.1505e-02,1.7118e+00,1.5001e+01,1.2873e+00,1.4017e-01
1.0130e+04,7.1319e-02,1.7117e+00,1.5001e+01,1.2875e+00,1.4019e-01
1.0140e+04,7.1134e-02,1.7115e+00,1.5001e+01,1.2876e+00,1.4022e-01
1.0150e+04,7.0950e-02,1.7113e+00,1.5001e+01,1.2878e+00,1.4024e-01
1.0160e+04,7.0765e-02,1.7112e+00,1.5001e+01,1.2880e+00,1.4027e-01
1.0170e+04,7.0582e-02,1.7110e+00,1.5001e+01,1.2881e+00,1.4029e-01
1.0180e+04,7.0398e-02,1.7109e+00,1.5001e+01,1.2883e+00,1.4031e-01
1.0190e+04,7.0216e-02,1.7107e+00,1.5001e+01,1.2884e+00,1.4034e-01
1.0200e+04,7.0033e-02,1.7105e+00,1.5001e+01,1.2886e+00,1.4036e-01
1.0210e+04,6.9852e-02,1.7104e+00,1.5001e+01,1.2888e+00,1.4038e-01
1.0220e+04,6.9670e-02,1.7102e+00,1.5001e+01,1.2889e+00,1.4040e-01
1.0230e+04,6.9490e-02,1.7101e+00,1.5001e+01,1.2891e+00,1.4043e-01
1.0240e+04,6.9309e-02,1.7099e+00,1.5001e+01,1.2892e+00,1.4045e-01
1.0250e+04,6.9130e-02,1.7097e+00,1.5001e+01,1.2894e+00,1.4047e-01
1.0260e+04,6.8950e-02,1.7096e+00,1.5001e+01,1.2896e+00,1.4050e-01
1.0270e+04,6.8771e-02,1.7094e+00,1.5001e+01,1.2897e+00,1.4052e-01
1.0280e+04,6.8593e-02,1.7093e+00,1.5001e+01,1.2899e+00,1.4054e-01
1.0290e+04,6.8415e-02,1.7091e+00,1.5001e+01,1.2900e+00,1.4056e-01
1.0300e+04,6.8238e-02,1.7090e+00,1.5001e+01,1.2902e+00,1.4059e-01
1.0310e+04,6.8061e-02,1.7088e+00,1.5001e+01,1.2903e+00,1.4061e-01
1.0320e+04,6.7884e-02,1.7087e+00,1.5001e+01,1.2905e+00,1.4063e-01
1.0330e+04,6.7708e-02,1.7085e+00,1.5001e+01,1.2906e+00,1.4065e-01
1.0340e+04,6.7533e-02,1.7083e+00,1.5001e+01,1.2908e+00,1.4068e-01
1.0350e+04,6.7358e-02,1.7082e+00,1.5001e+01,1.2909e+00,1.4070e-01
1.0360e+04,6.7183e-02,1.7080e+00,1.5001e+01,1.2911e+00,1.4072e-01
1.0370e+04,6.7009e-02,1.7079e+00,1.5001e+01,1.2912e+00,1.4074e-01
1.0380e+04,6.6835e-02,1.7077e+00,1.5001e+01,1.2914e+00,1.4077e-01
1.0390e+04,6.6662e-02,1.7076e+00,1.5001e+01,1.2915e+00,1.4079e-01
1.0400e+04,6.6489e-02,1.7074e+00,1.5001e+01,1.2917e+00,1.4081e-01
1.0410e+04,6.6317e-02,1.7073e+00,1.5001e+01,1.2919e+00,1.4083e-01
1.0420e+04,6.6145e-02,1.7071e+00,1.5001e+01,1.2920e+00,1.4085e-01
1.0430e+04,6.5974e-02,1.7070e+00,1.5001e+01,1.2922e+00,1.4088e-01
1.0440e+04,6.5803e-02,1.7068e+00,1.5001e+01,1.2923e+00,1.4090e-01
1.0450e+04,6.5633e-02,1.7067e+00,1.5001e+01,1.2924e+00,1.4092e-01
1.0460e+04,6.5463e-02,1.7065e+00,1.5001e+01,1.2926e+00,1.4094e-01
1.0470e+04,6.5293e-02,1.7064e+00,1.5001e+01,1.2927e+00,1.4096e-01
1.0480e+04,6.5124e-02,1.7062e+00,1.5001e+01,1.2929e+00,1.4099e-01
1.0490e+04,6.4955e-02,1.7061e+00,1.5001e+01,1.2930e+00,1.4101e-01
1.0500e+04,6.4787e-02,1.7060e+00,1.5001e+01,1.2932e+00,1.4103e-01
1.0510e+04,6.4619e-02,1.7058e+00,1.5001e+01,1.2933e+00,1.4105e-01
1.0520e+04,6.4452e-02,1.7057e+00,1.5001e+01,1.2935e+00,1.4107e-01
1.0530e+04,6.4285e-02,1.7055e+00,1.5001e+01,1.2936e+00,1.4109e-01
1.0540e+04,6.4119e-02,1.7054e+00,1.5001e+01,1.2938e+00,1.4111e-01
1.0550e+04,6.3953e-02,1.7052e+00,1.5001e+01,1.2939e+00,1.4113e-01
1.0560e+04,6.3787e-02,1.7051e+00,1.5001e+01,1.2941e+00,1.4116e-01
1.0570e+04,6.3622e-02,1.7049e+00,1.5001e+01,1.2942e+00,1.4118e-01
1.0580e+04,6.3458e-02,1.7048e+00,1.5001e+01,1.2943e+00,1.4120e-01
1.0590e+04,6.3294e-02,1.7046e+00,1.5001e+01,1.2945e+00,1.4122e-01
1.0600e+04,6.3130e-02,1.7045e+00,1.5001e+01,1.2946e+00,1.4124e-01
1.0610e+04,6.2966e-02,1.7044e+00,1.5001e+01,1.2948e+00,1.4126e-01
1.0620e+04,6.2804e-02,1.7042e+00,1.5001e+01,1.2949e+00,1.4128e-01
1.0630e+04,6.2641e-02,1.7041e+00,1.5001e+01,1.2951e+00,1.4130e-01
1.0640e+04,6.2479e-02,1.7039e+00,1.5001e+01,1.2952e+00,1.4132e-01
1.0650e+04,6.2317e-02,1.7038e+00,1.5001e+01,1.2953e+00,1.4134e-01
1.0660e+04,6.2156e-02,1.7037e+00,1.5001e+01,1.2955e+00,1.4136e-01
1.0670e+04,6.1996e-02,1.7035e+00,1.5001e+01,1.2956e+00,1.4139e-01
1.0680e+04,6.1835e-02,1.7034e+00,1.5001e+01,1.2958e+00,1.4141e-01
1.0690e+04,6.1675e-02,1.7032e+00,1.5001e+01,1.2959e+00,1.4143e-01
1.0700e+04,6.1516e-02,1.7031e+00,1.5001e+01,1.2960e+00,1.4145e-01
1.0710e+04,6.1357e-02,1.7030e+00,1.5001e+01,1.2962e+00,1.4147e-01
1.0720e+04,6.1198e-02,1.7028e+00,1.5001e+01,1.2963e+00,1.4149e-01
1.0730e+04,6.1040e-02,1.7027e+00,1.5001e+01,1.2965e+00,1.4151e-01
1.0740e+04,6.0882e-02,1.7025e+00,1.5001e+01,1.2966e+00,1.4153e-01
1.0750e+04,6.0725e-02,1.7024e+00,1.5001e+01,1.2967e+00,1.4155e-01
1.0760e+04,6.0568e-02,1.7023e+00,1.5001e+01,1.2969e+00,1.4157e-01
1.0770e+04,6.0411e-02,1.7021e+00,1.5001e+01,1.2970e+00,1.4159e-01
1.0780e+04,6.0255e-02,1.7020e+00,1.5001e+01,1.2971e+00,1.4161e-01
1.0790e+04,6.0100e-02,1.7019e+00,1.5001e+01,1.2973e+00,1.4163e-01
1.0800e+04,5.9944e-02,1.7017e+00,1.5001e+01,1.2974e+00,1.4165e-01
1.0810e+04,5.9790e-02,1.7016e+00,1.5001e+01,1.2975e+00,1.4167e-01
1.0820e+04,5.9635e-02,1.7015e+00,1.5001e+01,1.2977e+00,1.4169e-01
1.0830e+04,5.9481e-02,1.7013e+00,1.5001e+01,1.2978e+00,1.4171e-01
1.0840e+04,5.9327e-02,1.7012e+00,1.5001e+01,1.2979e+00,1.4173e-01
1.0850e+04,5.9174e-02,1.7011e+00,1.5001e+01,1.2981e+00,1.4175e-01
1.0860e+04,5.9021e-02,1.7009e+00,1.5001e+01,1.2982e+00,1.4177e-01
1.0870e+04,5.8869e-02,1.7008e+00,1.5001e+01,1.2983e+00,1.4179e-01
1.0880e+04,5.8717e-02,1.7007e+00,1.5001e+01,1.2985e+00,1.4181e-01
1.0890e+04,5.8565e-02,1.7005e+00,1.5001e+01,1.2986e+00,1.4182e-01
1.0900e+04,5.8414e-02,1.7004e+00,1.5001e+01,1.2987e+00,1.4184e-01
1.0910e+04,5.8263e-02,1.7003e+00,1.5001e+01,1.2989e+00,1.4186e-01
1.0920e+04,5.8113e-02,1.7001e+00,1.5001e+01,1.2990e+00,1.4188e-01
1.0930e+04,5.7963e-02,1.7000e+00,1.5001e+01,1.2991e+00,1.4190e-01
1.0940e+04,5.7813e-02,1.6999e+00,1.5001e+01,1.2993e+00,1.4192e-01
1.0950e+04,5.7664e-02,1.6997e+00,1.5001e+01,1.2994e+00,1.4194e-01
1.0960e+04,5.7515e-02,1.6996e+00,1.5001e+01,1.2995e+00,1.4196e-01
1.0970e+04,5.7367e-02,1.6995e+00,1.5001e+01,1.2997e+00,1.4198e-01
1.0980e+04,5.7219e-02,1.6993e+00,1.5001e+01,1.2998e+00,1.4200e-01
1.0990e+04,5.7071e-02,1.6992e+00,1.5001e+01,1.2999e+00,1.4202e-01
1.1000e+04,5.6924e-02,1.6991e+00,1.5001e+01,1.3000e+00,1.4203e-01
1.1010e+04,5.6777e-02,1.6990e+00,1.5001e+01,1.3002e+00,1.4205e-01
1.1020e+04,5.6630e-02,1.6988e+00,1.5001e+01,1.3003e+00,1.4207e-01
1.1030e+04,5.6484e-02,1.6987e+00,1.5001e+01,1.3004e+00,1.4209e-01
1.1040e+04,5.6339e-02,1.6986e+00,1.5001e+01,1.3006e+00,1.4211e-01
1.1050e+04,5.6193e-02,1.6985e+00,1.5001e+01,1.3007e+00,1.4213e-01
1.1060e+04,5.6048e-02,1.6983e+00,1.5001e+01,1.3008e+00,1.4215e-01
1.1070e+04,5.5904e-02,1.6982e+00,1.5001e+01,1.3009e+00,1.4217e-01
1.1080e+04,5.5760e-02,1.6981e+00,1.5001e+01,1.3011e+00,1.4218e-01
1.1090e+04,5.5616e-02,1.6980e+00,1.5001e+01,1.3012e+00,1.4220e-01
1.1100e+04,5.5472e-02,1.6978e+00,1.5001e+01,1.3013e+00,1.4222e-01
1.1110e+04,5.5329e-02,1.6977e+00,1.5001e+01,1.3014e+00,1.4224e-01
1.1120e+04,5.5187e-02,1.6976e+00,1.5001e+01,1.3016e+00,1.4226e-01
1.1130e+04,5.5045e-02,1.6975e+00,1.5001e+01,1.3017e+00,1.4228e-01
1.1140e+04,5.4903e-02,1.6973e+00,1.5001e+01,1.3018e+00,1.4229e-01
1.1150e+04,5.4761e-02,1.6972e+00,1.5001e+01,1.3019e+00,1.4231e-01
1.1160e+04,5.4620e-02,1.6971e+00,1.5001e+01,1.3021e+00,1.4233e-01
1.1170e+04,5.4479e-02,1.6970e+00,1.5001e+01,1.3022e+00,1.4235e-01
1.1180e+04,5.4339e-02,1.6968e+00,1.5001e+01,1.3023e+00,1.4237e-01
1.1190e+04,5.4199e-02,1.6967e+00,1.5001e+01,1.3024e+00,1.4238e-01
1.1200e+04,5.4059e-02,1.6966e+00,1.5001e+01,1.3025e+00,1.4240e-01
1.1210e+04,5.3920e-02,1.6965e+00,1.5001e+01,1.3027e+00,1.4242e-01
1.1220e+04,5.3781e-02,1.6963e+00,1.5001e+01,1.3028e+00,1.4244e-01
1.1230e+04,5.3642e-02,1.6962e+00,1.5001e+01,1.3029e+00,1.4246e-01
1.1240e+04,5.3504e-02,1.6961e+00,1.5001e+01,1.3030e+00,1.4247e-01
1.1250e+04,5.3366e-02,1.6960e+00,1.5001e+01,1.3031e+00,1.4249e-01
1.1260e+04,5.3229e-02,1.6959e+00,1.5001e+01,1.3033e+00,1.4251e-01
1.1270e+04,5.3092e-02,1.6957e+00,1.5001e+01,1.3034e+00,1.4253e-01
1.1280e+04,5.2955e-02,1.6956e+00,1.5001e+01,1.3035e+00,1.4254e-01
1.1290e+04,5.2819e-02,1.6955e+00,1.5001e+01,1.3036e+00,1.4256e-01
1.1300e+04,5.2682e-02,1.6954e+00,1.5001e+01,1.3037e+00,1.4258e-01
1.1310e+04,5.2547e-02,1.6953e+00,1.5001e+01,1.3039e+00,1.4260e-01
1.1320e+04,5.2412e-02,1.6952e+00,1.5001e+01,1.3040e+00,1.4261e-01
1.1330e+04,5.2277e-02,1.6950e+00,1.5001e+01,1.3041e+00,1.4263e-01
1.1340e+04,5.2142e-02,1.6949e+00,1.5001e+01,1.3042e+00,1.4265e-01
1.1350e+04,5.2008e-02,1.6948e+00,1.5001e+01,1.3043e+00,1.4267e-01
1.1360e+04,5.1874e-02,1.6947e+00,1.5001e+01,1.3044e+00,1.4268e-01
1.1370e+04,5.1740e-02,1.6946e+00,1.5001e+01,1.3046e+00,1.4270e-01
1.1380e+04,5.1607e-02,1.6945e+00,1.5001e+01,1.3047e+00,1.4272e-01
1.1390e+04,5.1474e-02,1.6943e+00,1.5001e+01,1.3048e+00,1.4273e-01
1.1400e+04,5.1342e-02,1.6942e+00,1.5001e+01,1.3049e+00,1.4275e-01
1.1410e+04,5.1210e-02,1.6941e+00,1.5001e+01,1.3050e+00,1.4277e-01
1.1420e+04,5.1078e-02,1.6940e+00,1.5001e+01,1.3051e+00,1.4279e-01
1.1430e+04,5.0946e-02,1.6939e+00,1.5001e+01,1.3053e+00,1.4280e-01
1.1440e+04,5.0815e-02,1.6938e+00,1.5001e+01,1.3054e+00,1.4282e-01
1.1450e+04,5.0685e-02,1.6936e+00,1.5001e+01,1.3055e+00,1.4284e-01
1.1460e+04,5.0554e-02,1.6935e+00,1.5001e+01,1.3056e+00,1.4285e-01
1.1470e+04,5.0424e-02,1.6934e+00,1.5001e+01,1.3057e+00,1.4287e-01
1.1480e+04,5.0294e-02,1.6933e+00,1.5001e+01,1.3058e+00,1.4289e-01
1.1490e+04,5.0165e-02,1.6932e+00,1.5001e+01,1.3059e+00,1.4290e-01
1.1500e+04,5.0036e-02,1.6931e+00,1.5001e+01,1.3060e+00,1.4292e-01
1.1510e+04,4.9907e-02,1.6930e+00,1.5001e+01,1.3062e+00,1.4294e-01
1.1520e+04,4.9779e-02,1.6929e+00,1.5001e+01,1.3063e+00,1.4295e-01
1.1530e+04,4.9651e-02,1.6927e+00,1.5001e+01,1.3064e+00,1.4297e-01
1.1540e+04,4.9523e-02,1.6926e+00,1.5001e+01,1.3065e+00,1.4299e-01
1.1550e+04,4.9396e-02,1.6925e+00,1.5001e+01,1.3066e+00,1.4300e-01
1.1560e+04,4.9269e-02,1.6924e+00,1.5001e+01,1.3067e+00,1.4302e-01
1.1570e+04,4.9142e-02,1.6923e+00,1.5001e+01,1.3068e+00,1.4303e-01
1.1580e+04,4.9016e-02,1.6922e+00,1.5001e+01,1.3069e+00,1.4305e-01
1.1590e+04,4.8890e-02,1.6921e+00,1.5001e+01,1.3070e+00,1.4307e-01
1.1600e+04,4.8764e-02,1.6920e+00,1.5001e+01,1.3072e+00,1.4308e-01
1.1610e+04,4.8639e-02,1.6919e+00,1.5001e+01,1.3073e+00,1.4310e-01
1.1620e+04,4.8514e-02,1.6918e+00,1.5001e+01,1.3074e+00,1.4312e-01
1.1630e+04,4.8389e-02,1.6916e+00,1.5001e+01,1.3075e+00,1.4313e-01
1.1640e+04,4.8265e-02,1.6915e+00,1.5001e+01,1.3076e+00,1.4315e-01
1.1650e+04,4.8141e-02,1.6914e+00,1.5001e+01,1.3077e+00,1.4316e-01
1.1660e+04,4.8017e-02,1.6913e+00,1.5001e+01,1.3078e+00,1.4318e-01
1.1670e+04,4.7893e-02,1.6912e+00,1.5001e+01,1.3079e+00,1.4320e-01
1.1680e+04,4.7770e-02,1.6911e+00,1.5001e+01,1.3080e+00,1.4321e-01
1.1690e+04,4.7648e-02,1.6910e+00,1.5001e+01,1.3081e+00,1.4323e-01
1.1700e+04,4.7525e-02,1.6909e+00,1.5001e+01,1.3082e+00,1.4324e-01
1.1710e+04,4.7403e-02,1.6908e+00,1.5001e+01,1.3083e+00,1.4326e-01
1.1720e+04,4.7281e-02,1.6907e+00,1.5001e+01,1.3084e+00,1.4327e-01
1.1730e+04,4.7160e-02,1.6906e+00,1.5001e+01,1.3086e+00,1.4329e-01
1.1740e+04,4.7039e-02,1.6905e+00,1.5001e+01,1.3087e+00,1.4331e-01
1.1750e+04,4.6918e-02,1.6904e+00,1.5001e+01,1.3088e+00,1.4332e-01
1.1760e+04,4.6797e-02,1.6903e+00,1.5001e+01,1.3089e+00,1.4334e-01
1.1770e+04,4.6677e-02,1.6902e+00,1.5001e+01,1.3090e+00,1.4335e-01
1.1780e+04,4.6557e-02,1.6901e+00,1.5001e+01,1.3091e+00,1.4337e-01
1.1790e+04,4.6438e-02,1.6899e+00,1.5001e+01,1.3092e+00,1.4338e-01
1.1800e+04,4.6318e-02,1.6898e+00,1.5001e+01,1.3093e+00,1.4340e-01
1.1810e+04,4.6199e-02,1.6897e+00,1.5001e+01,1.3094e+00,1.4341e-01
1.1820e+04,4.6081e-02,1.6896e+00,1.5001e+01,1.3095e+00,1.4343e-01
1.1830e+04,4.5963e-02,1.6895e+00,1.5001e+01,1.3096e+00,1.4344e-01
1.1840e+04,4.5845e-02,1.6894e+00,1.5001e+01,1.3097e+00,1.4346e-01
1.1850e+04,4.5727e-02,1.6893e+00,1.5001e+01,1.3098e+00,1.4347e-01
1.1860e+04,4.5609e-02,1.6892e+00,1.5001e+01,1.3099e+00,1.4349e-01
1.1870e+04,4.5492e-02,1.6891e+00,1.5001e+01,1.3100e+00,1.4350e-01
1.1880e+04,4.5376e-02,1.6890e+00,1.5001e+01,1.3101e+00,1.4352e-01
1.1890e+04,4.5259e-02,1.6889e+00,1.5001e+01,1.3102e+00,1.4354e-01
1.1900e+04,4.5143e-02,1.6888e+00,1.5001e+01,1.3103e+00,1.4355e-01
1.1910e+04,4.5027e-02,1.6887e+00,1.5001e+01,1.3104e+00,1.4356e-01
1.1920e+04,4.4912e-02,1.6886e+00,1.5001e+01,1.3105e+00,1.4358e-01
1.1930e+04,4.4796e-02,1.6885e+00,1.5001e+01,1.3106e+00,1.4359e-01
1.1940e+04,4.4681e-02,1.6884e+00,1.5001e+01,1.3107e+00,1.4361e-01
1.1950e+04,4.4567e-02,1.6883e+00,1.5001e+01,1.3108e+00,1.4362e-01
1.1960e+04,4.4452e-02,1.6882e+00,1.5001e+01,1.3109e+00,1.4364e-01
1.1970e+04,4.4338e-02,1.6881e+00,1.5001e+01,1.3110e+00,1.4365e-01
1.1980e+04,4.4224e-02,1.6880e+00,1.5001e+01,1.3111e+00,1.4367e-01
1.1990e+04,4.4111e-02,1.6879e+00,1.5001e+01,1.3112e+00,1.4368e-01
1.2000e+04,4.3998e-02,1.6878e+00,1.5001e+01,1.3113e+00,1.4370e-01
1.2010e+04,4.3885e-02,1.6877e+00,1.5001e+01,1.3114e+00,1.4371e-01
1.2020e+04,4.3772e-02,1.6876e+00,1.5001e+01,1.3115e+00,1.4373e-01
1.2030e+04,4.3660e-02,1.6875e+00,1.5001e+01,1.3116e+00,1.4374e-01
1.2040e+04,4.3548e-02,1.6874e+00,1.5001e+01,1.3117e+00,1.4376e-01
1.2050e+04,4.3436e-02,1.6873e+00,1.5001e+01,1.3118e+00,1.4377e-01
1.2060e+04,4.3325e-02,1.6872e+00,1.5001e+01,1.3119e+00,1.4378e-01
1.2070e+04,4.3214e-02,1.6871e+00,1.5001e+01,1.3120e+00,1.4380e-01
1.2080e+04,4.3103e-02,1.6870e+00,1.5001e+01,1.3121e+00,1.4381e-01
1.2090e+04,4.2993e-02,1.6869e+00,1.5001e+01,1.3122e+00,1.4383e-01
1.2100e+04,4.2882e-02,1.6868e+00,1.5001e+01,1.3123e+00,1.4384e-01
1.2110e+04,4.2772e-02,1.6868e+00,1.5001e+01,1.3124e+00,1.4386e-01
1.2120e+04,4.2663e-02,1.6867e+00,1.5001e+01,1.3125e+00,1.4387e-01
1.2130e+04,4.2553e-02,1.6866e+00,1.5001e+01,1.3126e+00,1.4388e-01
1.2140e+04,4.2444e-02,1.6865e+00,1.5001e+01,1.3127e+00,1.4390e-01
1.2150e+04,4.2336e-02,1.6864e+00,1.5001e+01,1.3128e+00,1.4391e-01
1.2160e+04,4.2227e-02,1.6863e+00,1.5001e+01,1.3128e+00,1.4393e-01
1.2170e+04,4.2119e-02,1.6862e+00,1.5001e+01,1.3129e+00,1.4394e-01
1.2180e+04,4.2011e-02,1.6861e+00,1.5001e+01,1.3130e+00,1.4395e-01
1.2190e+04,4.1903e-02,1.6860e+00,1.5001e+01,1.3131e+00,1.4397e-01
1.2200e+04,4.1796e-02,1.6859e+00,1.5001e+01,1.3132e+00,1.4398e-01
1.2210e+04,4.1689e-02,1.6858e+00,1.5001e+01,1.3133e+00,1.4400e-01
1.2220e+04,4.1582e-02,1.6857e+00,1.5001e+01,1.3134e+00,1.4401e-01
1.2230e+04,4.1475e-02,1.6856e+00,1.5001e+01,1.3135e+00,1.4402e-01
1.2240e+04,4.1369e-02,1.6855e+00,1.5001e+01,1.3136e+00,1.4404e-01
1.2250e+04,4.1263e-02,1.6854e+00,1.5001e+01,1.3137e+00,1.4405e-01
1.2260e+04,4.1157e-02,1.6853e+00,1.5001e+01,1.3138e+00,1.4406e-01
1.2270e+04,4.1052e-02,1.6853e+00,1.5001e+01,1.3139e+00,1.4408e-01
1.2280e+04,4.0947e-02,1.6852e+00,1.5001e+01,1.3140e+00,1.4409e-01
1.2290e+04,4.0842e-02,1.6851e+00,1.5001e+01,1.3141e+00,1.4411e-01
1.2300e+04,4.0737e-02,1.6850e+00,1.5001e+01,1.3141e+00,1.4412e-01
1.2310e+04,4.0633e-02,1.6849e+00,1.5001e+01,1.3142e+00,1.4413e-01
1.2320e+04,4.0529e-02,1.6848e+00,1.5001e+01,1.3143e+00,1.4415e-01
1.2330e+04,4.0425e-02,1.6847e+00,1.5001e+01,1.3144e+00,1.4416e-01
1.2340e+04,4.0321e-02,1.6846e+00,1.5001e+01,1.3145e+00,1.4417e-01
1.2350e+04,4.0218e-02,1.6845e+00,1.5001e+01,1.3146e+00,1.4419e-01
1.2360e+04,4.0115e-02,1.6844e+00,1.5001e+01,1.3147e+00,1.4420e-01
1.2370e+04,4.0012e-02,1.6843e+00,1.5001e+01,1.3148e+00,1.4421e-01
1.2380e+04,3.9910e-02,1.6843e+00,1.5001e+01,1.3149e+00,1.4423e-01
1.2390e+04,3.9808e-02,1.6842e+00,1.5001e+01,1.3150e+00,1.4424e-01
1.2400e+04,3.9706e-02,1.6841e+00,1.5001e+01,1.3150e+00,1.4425e-01
1.2410e+04,3.9604e-02,1.6840e+00,1.5001e+01,1.3151e+00,1.4427e-01
1.2420e+04,3.9503e-02,1.6839e+00,1.5001e+01,1.3152e+00,1.4428e-01
1.2430e+04,3.9402e-02,1.6838e+00,1.5001e+01,1.3153e+00,1.4429e-01
1.2440e+04,3.9301e-02,1.6837e+00,1.5001e+01,1.3154e+00,1.4430e-01
1.2450e+04,3.9200e-02,1.6836e+00,1.5001e+01,1.3155e+00,1.4432e-01
1.2460e+04,3.9100e-02,1.6836e+00,1.5001e+01,1.3156e+00,1.4433e-01
1.2470e+04,3.9000e-02,1.6835e+00,1.5001e+01,1.3157e+00,1.4434e-01
1.2480e+04,3.8900e-02,1.6834e+00,1.5001e+01,1.3157e+00,1.4436e-01
1.2490e+04,3.8800e-02,1.6833e+00,1.5001e+01,1.3158e+00,1.4437e-01
1.2500e+04,3.8701e-02,1.6832e+00,1.5001e+01,1.3159e+00,1.4438e-01
1.2510e+04,3.8602e-02,1.6831e+00,1.5001e+01,1.3160e+00,1.4439e-01
1.2520e+04,3.8503e-02,1.6830e+00,1.5001e+01,1.3161e+00,1.4441e-01
1.2530e+04,3.8405e-02,1.6829e+00,1.5001e+01,1.3162e+00,1.4442e-01
1.2540e+04,3.8306e-02,1.6829e+00,1.5001e+01,1.3163e+00,1.4443e-01
1.2550e+04,3.8208e-02,1.6828e+00,1.5001e+01,1.3163e+00,1.4445e-01
1.2560e+04,3.8111e-02,1.6827e+00,1.5001e+01,1.3164e+00,1.4446e-01
1.2570e+04,3.8013e-02,1.6826e+00,1.5001e+01,1.3165e+00,1.4447e-01
1.2580e+04,3.7916e-02,1.6825e+00,1.5001e+01,1.3166e+00,1.4448e-01
1.2590e+04,3.7819e-02,1.6824e+00,1.5001e+01,1.3167e+00,1.4450e-01
1.2600e+04,3.7722e-02,1.6824e+00,1.5001e+01,1.3168e+00,1.4451e-01
1.2610e+04,3.7626e-02,1.6823e+00,1.5001e+01,1.3169e+00,1.4452e-01
1.2620e+04,3.7529e-02,1.6822e+00,1.5001e+01,1.3169e+00,1.4453e-01
1.2630e+04,3.7433e-02,1.6821e+00,1.5001e+01,1.3170e+00,1.4455e-01
1.2640e+04,3.7338e-02,1.6820e+00,1.5001e+01,1.3171e+00,1.4456e-01
1.2650e+04,3.7242e-02,1.6819e+00,1.5001e+01,1.3172e+00,1.4457e-01
1.2660e+04,3.7147e-02,1.6819e+00,1.5001e+01,1.3173e+00,1.4458e-01
1.2670e+04,3.7052e-02,1.6818e+00,1.5001e+01,1.3174e+00,1.4460e-01
1.2680e+04,3.6957e-02,1.6817e+00,1.5001e+01,1.3174e+00,1.4461e-01
1.2690e+04,3.6863e-02,1.6816e+00,1.5001e+01,1.3175e+00,1.4462e-01
1.2700e+04,3.6768e-02,1.6815e+00,1.5001e+01,1.3176e+00,1.4463e-01
1.2710e+04,3.6674e-02,1.6814e+00,1.5001e+01,1.3177e+00,1.4464e-01
1.2720e+04,3.6581e-02,1.6814e+00,1.5001e+01,1.3178e+00,1.4466e-01
1.2730e+04,3.6487e-02,1.6813e+00,1.5001e+01,1.3178e+00,1.4467e-01
1.2740e+04,3.6394e-02,1.6812e+00,1.5001e+01,1.3179e+00,1.4468e-01
1.2750e+04,3.6301e-02,1.6811e+00,1.5001e+01,1.3180e+00,1.4469e-01
1.2760e+04,3.6208e-02,1.6810e+00,1.5001e+01,1.3181e+00,1.4470e-01
1.2770e+04,3.6115e-02,1.6810e+00,1.5001e+01,1.3182e+00,1.4472e-01
1.2780e+04,3.6023e-02,1.6809e+00,1.5001e+01,1.3182e+00,1.4473e-01
1.2790e+04,3.5931e-02,1.6808e+00,1.5001e+01,1.3183e+00,1.4474e-01
1.2800e+04,3.5839e-02,1.6807e+00,1.5001e+01,1.3184e+00,1.4475e-01
1.2810e+04,3.5748e-02,1.6806e+00,1.5001e+01,1.3185e+00,1.4476e-01
1.2820e+04,3.5656e-02,1.6806e+00,1.5001e+01,1.3186e+00,1.4478e-01
1.2830e+04,3.5565e-02,1.6805e+00,1.5001e+01,1.3186e+00,1.4479e-01
1.2840e+04,3.5474e-02,1.6804e+00,1.5001e+01,1.3187e+00,1.4480e-01
1.2850e+04,3.5383e-02,1.6803e+00,1.5001e+01,1.3188e+00,1.4481e-01
1.2860e+04,3.5293e-02,1.6802e+00,1.5001e+01,1.3189e+00,1.4482e-01
1.2870e+04,3.5203e-02,1.6802e+00,1.5001e+01,1.3190e+00,1.4483e-01
1.2880e+04,3.5113e-02,1.6801e+00,1.5001e+01,1.3190e+00,1.4485e-01
1.2890e+04,3.5023e-02,1.6800e+00,1.5001e+01,1.3191e+00,1.4486e-01
1.2900e+04,3.4934e-02,1.6799e+00,1.5001e+01,1.3192e+00,1.4487e-01
1.2910e+04,3.4844e-02,1.6798e+00,1.5001e+01,1.3193e+00,1.4488e-01
1.2920e+04,3.4755e-02,1.6798e+00,1.5001e+01,1.3194e+00,1.4489e-01
1.2930e+04,3.4667e-02,1.6797e+00,1.5001e+01,1.3194e+00,1.4490e-01
1.2940e+04,3.4578e-02,1.6796e+00,1.5001e+01,1.3195e+00,1.4492e-01
1.2950e+04,3.4490e-02,1.6795e+00,1.5001e+01,1.3196e+00,1.4493e-01
1.2960e+04,3.4402e-02,1.6795e+00,1.5001e+01,1.3197e+00,1.4494e-01
1.2970e+04,3.4314e-02,1.6794e+00,1.5001e+01,1.3197e+00,1.4495e-01
1.2980e+04,3.4226e-02,1.6793e+00,1.5001e+01,1.3198e+00,1.4496e-01
1.2990e+04,3.4139e-02,1.6792e+00,1.5001e+01,1.3199e+00,1.4497e-01
1.3000e+04,3.4052e-02,1.6792e+00,1.5001e+01,1.3200e+00,1.4498e-01
1.3010e+04,3.3965e-02,1.6791e+00,1.5001e+01,1.3200e+00,1.4500e-01
1.3020e+04,3.3878e-02,1.6790e+00,1.5001e+01,1.3201e+00,1.4501e-01
1.3030e+04,3.3791e-02,1.6789e+00,1.5001e+01,1.3202e+00,1.4502e-01
1.3040e+04,3.3705e-02,1.6789e+00,1.5001e+01,1.3203e+00,1.4503e-01
1.3050e+04,3.3619e-02,1.6788e+00,1.5001e+01,1.3203e+00,1.4504e-01
1.3060e+04,3.3533e-02,1.6787e+00,1.5001e+01,1.3204e+00,1.4505e-01
1.3070e+04,3.3448e-02,1.6786e+00,1.5001e+01,1.3205e+00,1.4506e-01
1.3080e+04,3.3362e-02,1.6786e+00,1.5001e+01,1.3206e+00,1.4507e-01
1.3090e+04,3.3277e-02,1.6785e+00,1.5001e+01,1.3206e+00,1.4508e-01
1.3100e+04,3.3192e-02,1.6784e+00,1.5001e+01,1.3207e+00,1.4510e-01
1.3110e+04,3.3107e-02,1.6783e+00,1.5001e+01,1.3208e+00,1.4511e-01
1.3120e+04,3.3023e-02,1.6783e+00,1.5001e+01,1.3209e+00,1.4512e-01
1.3130e+04,3.2938e-02,1.6782e+00,1.5001e+01,1.3209e+00,1.4513e-01
1.3140e+04,3.2854e-02,1.6781e+00,1.5001e+01,1.3210e+00,1.4514e-01
1.3150e+04,3.2771e-02,1.6780e+00,1.5001e+01,1.3211e+00,1.4515e-01
1.3160e+04,3.2687e-02,1.6780e+00,1.5001e+01,1.3212e+00,1.4516e-01
1.3170e+04,3.2603e-02,1.6779e+00,1.5001e+01,1.3212e+00,1.4517e-01
1.3180e+04,3.2520e-02,1.6778e+00,1.5001e+01,1.3213e+00,1.4518e-01
1.3190e+04,3.2437e-02,1.6777e+00,1.5001e+01,1.3214e+00,1.4519e-01
1.3200e+04,3.2354e-02,1.6777e+00,1.5001e+01,1.3214e+00,1.4520e-01
1.3210e+04,3.2272e-02,1.6776e+00,1.5001e+01,1.3215e+00,1.4521e-01
1.3220e+04,3.2190e-02,1.6775e+00,1.5001e+01,1.3216e+00,1.4523e-01
1.3230e+04,3.2107e-02,1.6775e+00,1.5001e+01,1.3217e+00,1.4524e-01
1.3240e+04,3.2025e-02,1.6774e+00,1.5001e+01,1.3217e+00,1.4525e-01
1.3250e+04,3.1944e-02,1.6773e+00,1.5001e+01,1.3218e+00,1.4526e-01
1.3260e+04,3.1862e-02,1.6772e+00,1.5001e+01,1.3219e+00,1.4527e-01
1.3270e+04,3.1781e-02,1.6772e+00,1.5001e+01,1.3219e+00,1.4528e-01
1.3280e+04,3.1700e-02,1.6771e+00,1.5001e+01,1.3220e+00,1.4529e-01
1.3290e+04,3.1619e-02,1.6770e+00,1.5001e+01,1.3221e+00,1.4530e-01
1.3300e+04,3.1538e-02,1.6770e+00,1.5001e+01,1.3222e+00,1.4531e-01
1.3310e+04,3.1458e-02,1.6769e+00,1.5001e+01,1.3222e+00,1.4532e-01
1.3320e+04,3.1378e-02,1.6768e+00,1.5001e+01,1.3223e+00,1.4533e-01
1.3330e+04,3.1298e-02,1.6768e+00,1.5001e+01,1.3224e+00,1.4534e-01
1.3340e+04,3.1218e-02,1.6767e+00,1.5001e+01,1.3224e+00,1.4535e-01
1.3350e+04,3.1138e-02,1.6766e+00,1.5001e+01,1.3225e+00,1.4536e-01
1.3360e+04,3.1059e-02,1.6765e+00,1.5001e+01,1.3226e+00,1.4537e-01
1.3370e+04,3.0980e-02,1.6765e+00,1.5001e+01,1.3226e+00,1.4538e-01
1.3380e+04,3.0901e-02,1.6764e+00,1.5001e+01,1.3227e+00,1.4539e-01
1.3390e+04,3.0822e-02,1.6763e+00,1.5001e+01,1.3228e+00,1.4540e-01
1.3400e+04,3.0743e-02,1.6763e+00,1.5001e+01,1.3228e+00,1.4541e-01
1.3410e+04,3.0665e-02,1.6762e+00,1.5001e+01,1.3229e+00,1.4542e-01
1.3420e+04,3.0587e-02,1.6761e+00,1.5001e+01,1.3230e+00,1.4543e-01
1.3430e+04,3.0509e-02,1.6761e+00,1.5001e+01,1.3230e+00,1.4544e-01
1.3440e+04,3.0431e-02,1.6760e+00,1.5001e+01,1.3231e+00,1.4545e-01
1.3450e+04,3.0353e-02,1.6759e+00,1.5001e+01,1.3232e+00,1.4546e-01
1.3460e+04,3.0276e-02,1.6759e+00,1.5001e+01,1.3233e+00,1.4547e-01
1.3470e+04,3.0199e-02,1.6758e+00,1.5001e+01,1.3233e+00,1.4548e-01
1.3480e+04,3.0122e-02,1.6757e+00,1.5001e+01,1.3234e+00,1.4549e-01
1.3490e+04,3.0045e-02,1.6757e+00,1.5001e+01,1.3235e+00,1.4550e-01
1.3500e+04,2.9968e-02,1.6756e+00,1.5001e+01,1.3235e+00,1.4551e-01
1.3510e+04,2.9892e-02,1.6755e+00,1.5001e+01,1.3236e+00,1.4552e-01
1.3520e+04,2.9816e-02,1.6755e+00,1.5001e+01,1.3237e+00,1.4553e-01
1.3530e+04,2.9740e-02,1.6754e+00,1.5001e+01,1.3237e+00,1.4554e-01
1.3540e+04,2.9664e-02,1.6753e+00,1.5001e+01,1.3238e+00,1.4555e-01
1.3550e+04,2.9588e-02,1.6753e+00,1.5001e+01,1.3238e+00,1.4556e-01
1.3560e+04,2.9513e-02,1.6752e+00,1.5001e+01,1.3239e+00,1.4557e-01
1.3570e+04,2.9438e-02,1.6751e+00,1.5001e+01,1.3240e+00,1.4558e-01
1.3580e+04,2.9363e-02,1.6751e+00,1.5001e+01,1.3240e+00,1.4559e-01
1.3590e+04,2.9288e-02,1.6750e+00,1.5001e+01,1.3241e+00,1.4560e-01
1.3600e+04,2.9213e-02,1.6749e+00,1.5001e+01,1.3242e+00,1.4561e-01
1.3610e+04,2.9139e-02,1.6749e+00,1.5001e+01,1.3242e+00,1.4562e-01
1.3620e+04,2.9064e-02,1.6748e+00,1.5001e+01,1.3243e+00,1.4563e-01
1.3630e+04,2.8990e-02,1.6747e+00,1.5001e+01,1.3244e+00,1.4564e-01
1.3640e+04,2.8916e-02,1.6747e+00,1.5001e+01,1.3244e+00,1.4565e-01
1.3650e+04,2.8843e-02,1.6746e+00,1.5001e+01,1.3245e+00,1.4566e-01
1.3660e+04,2.8769e-02,1.6746e+00,1.5001e+01,1.3246e+00,1.4567e-01
1.3670e+04,2.8696e-02,1.6745e+00,1.5001e+01,1.3246e+00,1.4568e-01
1.3680e+04,2.8623e-02,1.6744e+00,1.5001e+01,1.3247e+00,1.4569e-01
1.3690e+04,2.8550e-02,1.6744e+00,1.5001e+01,1.3248e+00,1.4570e-01
1.3700e+04,2.8477e-02,1.6743e+00,1.5001e+01,1.3248e+00,1.4571e-01
1.3710e+04,2.8405e-02,1.6742e+00,1.5001e+01,1.3249e+00,1.4572e-01
1.3720e+04,2.8332e-02,1.6742e+00,1.5001e+01,1.3249e+00,1.4573e-01
1.3730e+04,2.8260e-02,1.6741e+00,1.5001e+01,1.3250e+00,1.4574e-01
1.3740e+04,2.8188e-02,1.6740e+00,1.5001e+01,1.3251e+00,1.4574e-01
1.3750e+04,2.8116e-02,1.6740e+00,1.5001e+01,1.3251e+00,1.4575e-01
1.3760e+04,2.8045e-02,1.6739e+00,1.5001e+01,1.3252e+00,1.4576e-01
1.3770e+04,2.7973e-02,1.6739e+00,1.5001e+01,1.3253e+00,1.4577e-01
1.3780e+04,2.7902e-02,1.6738e+00,1.5001e+01,1.3253e+00,1.4578e-01
1.3790e+04,2.7831e-02,1.6737e+00,1.5001e+01,1.3254e+00,1.4579e-01
1.3800e+04,2.7760e-02,1.6737e+00,1.5001e+01,1.3254e+00,1.4580e-01
1.3810e+04,2.7689e-02,1.6736e+00,1.5001e+01,1.3255e+00,1.4581e-01
1.3820e+04,2.7619e-02,1.6736e+00,1.5001e+01,1.3256e+00,1.4582e-01
1.3830e+04,2.7549e-02,1.6735e+00,1.5001e+01,1.3256e+00,1.4583e-01
1.3840e+04,2.7478e-02,1.6734e+00,1.5001e+01,1.3257e+00,1.4584e-01
1.3850e+04,2.7408e-02,1.6734e+00,1.5001e+01,1.3257e+00,1.4585e-01
1.3860e+04,2.7339e-02,1.6733e+00,1.5001e+01,1.3258e+00,1.4585e-01
1.3870e+04,2.7269e-02,1.6732e+00,1.5001e+01,1.3259e+00,1.4586e-01
1.3880e+04,2.7200e-02,1.6732e+00,1.5001e+01,1.3259e+00,1.4587e-01
1.3890e+04,2.7130e-02,1.6731e+00,1.5001e+01,1.3260e+00,1.4588e-01
1.3900e+04,2.7061e-02,1.6731e+00,1.5001e+01,1.3260e+00,1.4589e-01
1.3910e+04,2.6992e-02,1.6730e+00,1.5001e+01,1.3261e+00,1.4590e-01
1.3920e+04,2.6924e-02,1.6729e+00,1.5001e+01,1.3262e+00,1.4591e-01
1.3930e+04,2.6855e-02,1.6729e+00,1.5001e+01,1.3262e+00,1.4592e-01
1.3940e+04,2.6787e-02,1.6728e+00,1.5001e+01,1.3263e+00,1.4593e-01
1.3950e+04,2.6719e-02,1.6728e+00,1.5001e+01,1.3263e+00,1.4594e-01
1.3960e+04,2.6651e-02,1.6727e+00,1.5001e+01,1.3264e+00,1.4594e-01
1.3970e+04,2.6583e-02,1.6727e+00,1.5001e+01,1.3265e+00,1.4595e-01
1.3980e+04,2.6515e-02,1.6726e+00,1.5001e+01,1.3265e+00,1.4596e-01
1.3990e+04,2.6448e-02,1.6725e+00,1.5001e+01,1.3266e+00,1.4597e-01
1.4000e+04,2.6380e-02,1.6725e+00,1.5001e+01,1.3266e+00,1.4598e-01
1.4010e+04,2.6313e-02,1.6724e+00,1.5001e+01,1.3267e+00,1.4599e-01
1.4020e+04,2.6246e-02,1.6724e+00,1.5001e+01,1.3268e+00,1.4600e-01
1.4030e+04,2.6179e-02,1.6723e+00,1.5001e+01,1.3268e+00,1.4601e-01
1.4040e+04,2.6113e-02,1.6722e+00,1.5001e+01,1.3269e+00,1.4601e-01
1.4050e+04,2.6046e-02,1.6722e+00,1.5001e+01,1.3269e+00,1.4602e-01
1.4060e+04,2.5980e-02,1.6721e+00,1.5001e+01,1.3270e+00,1.4603e-01
1.4070e+04,2.5914e-02,1.6721e+00,1.5001e+01,1.3270e+00,1.4604e-01
1.4080e+04,2.5848e-02,1.6720e+00,1.5001e+01,1.3271e+00,1.4605e-01
1.4090e+04,2.5782e-02,1.6720e+00,1.5001e+01,1.3272e+00,1.4606e-01
1.4100e+04,2.5717e-02,1.6719e+00,1.5001e+01,1.3272e+00,1.4607e-01
1.4110e+04,2.5651e-02,1.6718e+00,1.5001e+01,1.3273e+00,1.4607e-01
1.4120e+04,2.5586e-02,1.6718e+00,1.5001e+01,1.3273e+00,1.4608e-01
1.4130e+04,2.5521e-02,1.6717e+00,1.5001e+01,1.3274e+00,1.4609e-01
1.4140e+04,2.5456e-02,1.6717e+00,1.5001e+01,1.3274e+00,1.4610e-01
1.4150e+04,2.5391e-02,1.6716e+00,1.5001e+01,1.3275e+00,1.4611e-01
1.4160e+04,2.5327e-02,1.6716e+00,1.5001e+01,1.3276e+00,1.4612e-01
1.4170e+04,2.5262e-02,1.6715e+00,1.5001e+01,1.3276e+00,1.4613e-01
1.4180e+04,2.5198e-02,1.6714e+00,1.5001e+01,1.3277e+00,1.4613e-01
1.4190e+04,2.5134e-02,1.6714e+00,1.5001e+01,1.3277e+00,1.4614e-01
1.4200e+04,2.5070e-02,1.6713e+00,1.5001e+01,1.3278e+00,1.4615e-01
1.4210e+04,2.5006e-02,1.6713e+00,1.5001e+01,1.3278e+00,1.4616e-01
1.4220e+04,2.4942e-02,1.6712e+00,1.5001e+01,1.3279e+00,1.4617e-01
1.4230e+04,2.4879e-02,1.6712e+00,1.5001e+01,1.3279e+00,1.4617e-01
1.4240e+04,2.4816e-02,1.6711e+00,1.5001e+01,1.3280e+00,1.4618e-01
1.4250e+04,2.4753e-02,1.6711e+00,1.5001e+01,1.3281e+00,1.4619e-01
1.4260e+04,2.4690e-02,1.6710e+00,1.5001e+01,1.3281e+00,1.4620e-01
1.4270e+04,2.4627e-02,1.6709e+00,1.5001e+01,1.3282e+00,1.4621e-01
1.4280e+04,2.4564e-02,1.6709e+00,1.5001e+01,1.3282e+00,1.4622e-01
1.4290e+04,2.4502e-02,1.6708e+00,1.5001e+01,1.3283e+00,1.4622e-01
1.4300e+04,2.4439e-02,1.6708e+00,1.5001e+01,1.3283e+00,1.4623e-01
1.4310e+04,2.4377e-02,1.6707e+00,1.5001e+01,1.3284e+00,1.4624e-01
1.4320e+04,2.4315e-02,1.6707e+00,1.5001e+01,1.3284e+00,1.4625e-01
1.4330e+04,2.4254e-02,1.6706e+00,1.5001e+01,1.3285e+00,1.4626e-01
1.4340e+04,2.4192e-02,1.6706e+00,1.5001e+01,1.3285e+00,1.4626e-01
1.4350e+04,2.4130e-02,1.6705e+00,1.5001e+01,1.3286e+00,1.4627e-01
1.4360e+04,2.4069e-02,1.6705e+00,1.5001e+01,1.3287e+00,1.4628e-01
1.4370e+04,2.4008e-02,1.6704e+00,1.5001e+01,1.3287e+00,1.4629e-01
1.4380e+04,2.3947e-02,1.6704e+00,1.5001e+01,1.3288e+00,1.4630e-01
1.4390e+04,2.3886e-02,1.6703e+00,1.5001e+01,1.3288e+00,1.4630e-01
