t,[L2M],[D],[L],[L2MD],[L2Ms]
0.0000e+00,1.0000e+00,1.5000e+00,1.7500e+01,0.0000e+00,0.0000e+00
1.0000e+01,9.9745e-01,1.4983e+00,1.7501e+01,1.6989e-03,2.8331e-04
2.0000e+01,9.9547e-01,1.4966e+00,1.7501e+01,3.3964e-03,5.6671e-04
3.0000e+01,9.9349e-01,1.4949e+00,1.7501e+01,5.0887e-03,8.4955e-04
4.0000e+01,9.9152e-01,1.4932e+00,1.7501e+01,6.7756e-03,1.1318e-03
5.0000e+01,9.8956e-01,1.4915e+00,1.7501e+01,8.4574e-03,1.4136e-03
6.0000e+01,9.8760e-01,1.4899e+00,1.7501e+01,1.0134e-02,1.6947e-03
7.0000e+01,9.8565e-01,1.4882e+00,1.7501e+01,1.1805e-02,1.9753e-03
8.0000e+01,9.8370e-01,1.4865e+00,1.7501e+01,1.3471e-02,2.2554e-03
9.0000e+01,9.8176e-01,1.4849e+00,1.7501e+01,1.5132e-02,2.5349e-03
1.0000e+02,9.7983e-01,1.4832e+00,1.7501e+01,1.6788e-02,2.8138e-03
1.1000e+02,9.7790e-01,1.4815e+00,1.7501e+01,1.8439e-02,3.0922e-03
1.2000e+02,9.7597e-01,1.4799e+00,1.7501e+01,2.0085e-02,3.3701e-03
1.3000e+02,9.7406e-01,1.4783e+00,1.7501e+01,2.1726e-02,3.6474e-03
1.4000e+02,9.7214e-01,1.4766e+00,1.7501e+01,2.3361e-02,3.9242e-03
1.5000e+02,9.7024e-01,1.4750e+00,1.7501e+01,2.4992e-02,4.2004e-03
1.6000e+02,9.6834e-01,1.4734e+00,1.7501e+01,2.6617e-02,4.4761e-03
1.7000e+02,9.6644e-01,1.4717e+00,1.7501e+01,2.8238e-02,4.7512e-03
1.8000e+02,9.6455e-01,1.4701e+00,1.7501e+01,2.9854e-02,5.0259e-03
1.9000e+02,9.6266e-01,1.4685e+00,1.7501e+01,3.1465e-02,5.2999e-03
2.0000e+02,9.6078e-01,1.4669e+00,1.7501e+01,3.3071e-02,5.5735e-03
2.1000e+02,9.5891e-01,1.4653e+00,1.7501e+01,3.4672e-02,5.8465e-03
2.2000e+02,9.5704e-01,1.4637e+00,1.7501e+01,3.6268e-02,6.1189e-03
2.3000e+02,9.5518e-01,1.4621e+00,1.7501e+01,3.7859e-02,6.3909e-03
2.4000e+02,9.5332e-01,1.4605e+00,1.7501e+01,3.9446e-02,6.6623e-03
2.5000e+02,9.5147e-01,1.4589e+00,1.7501e+01,4.1027e-02,6.9332e-03
2.6000e+02,9.4962e-01,1.4574e+00,1.7501e+01,4.2604e-02,7.2036e-03
2.7000e+02,9.4778e-01,1.4558e+00,1.7501e+01,4.4177e-02,7.4734e-03
2.8000e+02,9.4594e-01,1.4542e+00,1.7501e+01,4.5744e-02,7.7427e-03
2.9000e+02,9.4411e-01,1.4527e+00,1.7501e+01,4.7307e-02,8.0115e-03
3.0000e+02,9.4228e-01,1.4511e+00,1.7501e+01,4.8865e-02,8.2798e-03
3.1000e+02,9.4046e-01,1.4496e+00,1.7501e+01,5.0418e-02,8.5476e-03
3.2000e+02,9.3865e-01,1.4480e+00,1.7501e+01,5.1967e-02,8.8148e-03
3.3000e+02,9.3684e-01,1.4465e+00,1.7501e+01,5.3511e-02,9.0816e-03
3.4000e+02,9.3503e-01,1.4449e+00,1.7501e+01,5.5050e-02,9.3478e-03
3.5000e+02,9.3323e-01,1.4434e+00,1.7501e+01,5.6585e-02,9.6135e-03
3.6000e+02,9.3143e-01,1.4418e+00,1.7501e+01,5.8116e-02,9.8787e-03
3.7000e+02,9.2964e-01,1.4403e+00,1.7501e+01,5.9641e-02,1.0143e-02
3.8000e+02,9.2786e-01,1.4388e+00,1.7501e+01,6.1163e-02,1.0408e-02
3.9000e+02,9.2608e-01,1.4373e+00,1.7501e+01,6.2679e-02,1.0671e-02
4.0000e+02,9.2430e-01,1.4358e+00,1.7501e+01,6.4191e-02,1.0934e-02
4.1000e+02,9.2253e-01,1.4343e+00,1.7501e+01,6.5699e-02,1.1197e-02
4.2000e+02,9.2077e-01,1.4328e+00,1.7501e+01,6.7202e-02,1.1459e-02
4.3000e+02,9.1901e-01,1.4313e+00,1.7501e+01,6.8701e-02,1.1721e-02
4.4000e+02,9.1725e-01,1.4298e+00,1.7501e+01,7.0196e-02,1.1982e-02
4.5000e+02,9.1550e-01,1.4283e+00,1.7501e+01,7.1686e-02,1.2243e-02
4.6000e+02,9.1375e-01,1.4268e+00,1.7501e+01,7.3171e-02,1.2503e-02
4.7000e+02,9.1201e-01,1.4253e+00,1.7501e+01,7.4652e-02,1.2763e-02
4.8000e+02,9.1028e-01,1.4238e+00,1.7501e+01,7.6129e-02,1.3022e-02
4.9000e+02,9.0855e-01,1.4224e+00,1.7501e+01,7.7602e-02,1.3280e-02
5.0000e+02,9.0682e-01,1.4209e+00,1.7501e+01,7.9070e-02,1.3539e-02
5.1000e+02,9.0510e-01,1.4194e+00,1.7501e+01,8.0534e-02,1.3796e-02
5.2000e+02,9.0338e-01,1.4180e+00,1.7501e+01,8.1994e-02,1.4054e-02
5.3000e+02,9.0167e-01,1.4165e+00,1.7501e+01,8.3449e-02,1.4310e-02
5.4000e+02,8.9996e-01,1.4150e+00,1.7501e+01,8.4900e-02,1.4566e-02
5.5000e+02,8.9826e-01,1.4136e+00,1.7501e+01,8.6347e-02,1.4822e-02
5.6000e+02,8.9656e-01,1.4122e+00,1.7501e+01,8.7790e-02,1.5078e-02
5.7000e+02,8.9487e-01,1.4107e+00,1.7501e+01,8.9228e-02,1.5332e-02
5.8000e+02,8.9318e-01,1.4093e+00,1.7501e+01,9.0663e-02,1.5587e-02
5.9000e+02,8.9150e-01,1.4079e+00,1.7501e+01,9.2093e-02,1.5840e-02
6.0000e+02,8.8982e-01,1.4064e+00,1.7501e+01,9.3519e-02,1.6094e-02
6.1000e+02,8.8814e-01,1.4050e+00,1.7501e+01,9.4941e-02,1.6347e-02
6.2000e+02,8.8647e-01,1.4036e+00,1.7501e+01,9.6359e-02,1.6599e-02
6.3000e+02,8.8481e-01,1.4022e+00,1.7501e+01,9.7772e-02,1.6851e-02
6.4000e+02,8.8314e-01,1.4008e+00,1.7501e+01,9.9182e-02,1.7103e-02
6.5000e+02,8.8149e-01,1.3994e+00,1.7501e+01,1.0059e-01,1.7354e-02
6.6000e+02,8.7984e-01,1.3980e+00,1.7501e+01,1.0199e-01,1.7604e-02
6.7000e+02,8.7819e-01,1.3966e+00,1.7501e+01,1.0339e-01,1.7854e-02
6.8000e+02,8.7654e-01,1.3952e+00,1.7501e+01,1.0478e-01,1.8104e-02
6.9000e+02,8.7491e-01,1.3938e+00,1.7501e+01,1.0617e-01,1.8353e-02
7.0000e+02,8.7327e-01,1.3924e+00,1.7501e+01,1.0756e-01,1.8601e-02
7.1000e+02,8.7164e-01,1.3910e+00,1.7501e+01,1.0894e-01,1.8850e-02
7.2000e+02,8.7002e-01,1.3896e+00,1.7501e+01,1.1031e-01,1.9097e-02
7.3000e+02,8.6840e-01,1.3882e+00,1.7501e+01,1.1169e-01,1.9345e-02
7.4000e+02,8.6678e-01,1.3869e+00,1.7501e+01,1.1306e-01,1.9591e-02
7.5000e+02,8.6517e-01,1.3855e+00,1.7501e+01,1.1442e-01,1.9838e-02
7.6000e+02,8.6356e-01,1.3841e+00,1.7501e+01,1.1579e-01,2.0084e-02
7.7000e+02,8.6195e-01,1.3828e+00,1.7501e+01,1.1714e-01,2.0329e-02
7.8000e+02,8.6036e-01,1.3814e+00,1.7501e+01,1.1850e-01,2.0574e-02
7.9000e+02,8.5876e-01,1.3801e+00,1.7501e+01,1.1985e-01,2.0819e-02
8.0000e+02,8.5717e-01,1.3787e+00,1.7501e+01,1.2120e-01,2.1063e-02
8.1000e+02,8.5558e-01,1.3774e+00,1.7501e+01,1.2254e-01,2.1306e-02
8.2000e+02,8.5400e-01,1.3760e+00,1.7501e+01,1.2388e-01,2.1550e-02
8.3000e+02,8.5242e-01,1.3747e+00,1.7501e+01,1.2521e-01,2.1792e-02
8.4000e+02,8.5085e-01,1.3734e+00,1.7501e+01,1.2655e-01,2.2035e-02
8.5000e+02,8.4928e-01,1.3721e+00,1.7501e+01,1.2787e-01,2.2276e-02
8.6000e+02,8.4771e-01,1.3707e+00,1.7501e+01,1.2920e-01,2.2518e-02
8.7000e+02,8.4615e-01,1.3694e+00,1.7501e+01,1.3052e-01,2.2759e-02
8.8000e+02,8.4459e-01,1.3681e+00,1.7501e+01,1.3183e-01,2.2999e-02
8.9000e+02,8.4304e-01,1.3668e+00,1.7501e+01,1.3315e-01,2.3239e-02
9.0000e+02,8.4149e-01,1.3655e+00,1.7501e+01,1.3446e-01,2.3479e-02
9.1000e+02,8.3995e-01,1.3642e+00,1.7501e+01,1.3576e-01,2.3718e-02
9.2000e+02,8.3841e-01,1.3629e+00,1.7501e+01,1.3707e-01,2.3957e-02
9.3000e+02,8.3687e-01,1.3616e+00,1.7501e+01,1.3836e-01,2.4195e-02
9.4000e+02,8.3534e-01,1.3603e+00,1.7501e+01,1.3966e-01,2.4433e-02
9.5000e+02,8.3381e-01,1.3590e+00,1.7501e+01,1.4095e-01,2.4670e-02
9.6000e+02,8.3228e-01,1.3577e+00,1.7501e+01,1.4224e-01,2.4907e-02
9.7000e+02,8.3076e-01,1.3564e+00,1.7501e+01,1.4352e-01,2.5144e-02
9.8000e+02,8.2925e-01,1.3551e+00,1.7501e+01,1.4480e-01,2.5380e-02
9.9000e+02,8.2773e-01,1.3538e+00,1.7501e+01,1.4608e-01,2.5616e-02
1.0000e+03,8.2623e-01,1.3526e+00,1.7501e+01,1.4735e-01,2.5851e-02
1.0100e+03,8.2472e-01,1.3513e+00,1.7501e+01,1.4862e-01,2.6086e-02
1.0200e+03,8.2322e-01,1.3500e+00,1.7501e+01,1.4989e-01,2.6320e-02
1.0300e+03,8.2172e-01,1.3488e+00,1.7501e+01,1.5115e-01,2.6554e-02
1.0400e+03,8.2023e-01,1.3475e+00,1.7501e+01,1.5241e-01,2.6788e-02
1.0500e+03,8.1874e-01,1.3462e+00,1.7501e+01,1.5367e-01,2.7021e-02
1.0600e+03,8.1725e-01,1.3450e+00,1.7501e+01,1.5492e-01,2.7254e-02
1.0700e+03,8.1577e-01,1.3437e+00,1.7501e+01,1.5617e-01,2.7486e-02
1.0800e+03,8.1430e-01,1.3425e+00,1.7501e+01,1.5742e-01,2.7718e-02
1.0900e+03,8.1282e-01,1.3413e+00,1.7501e+01,1.5866e-01,2.7949e-02
1.1000e+03,8.1135e-01,1.3400e+00,1.7501e+01,1.5990e-01,2.8181e-02
1.1100e+03,8.0989e-01,1.3388e+00,1.7501e+01,1.6113e-01,2.8411e-02
1.1200e+03,8.0842e-01,1.3375e+00,1.7501e+01,1.6236e-01,2.8641e-02
1.1300e+03,8.0696e-01,1.3363e+00,1.7501e+01,1.6359e-01,2.8871e-02
1.1400e+03,8.0551e-01,1.3351e+00,1.7501e+01,1.6482e-01,2.9101e-02
1.1500e+03,8.0406e-01,1.3339e+00,1.7501e+01,1.6604e-01,2.9330e-02
1.1600e+03,8.0261e-01,1.3326e+00,1.7501e+01,1.6726e-01,2.9558e-02
1.1700e+03,8.0117e-01,1.3314e+00,1.7501e+01,1.6848e-01,2.9786e-02
1.1800e+03,7.9973e-01,1.3302e+00,1.7501e+01,1.6969e-01,3.0014e-02
1.1900e+03,7.9829e-01,1.3290e+00,1.7501e+01,1.7090e-01,3.0241e-02
1.2000e+03,7.9686e-01,1.3278e+00,1.7501e+01,1.7210e-01,3.0468e-02
1.2100e+03,7.9543e-01,1.3266e+00,1.7501e+01,1.7331e-01,3.0695e-02
1.2200e+03,7.9400e-01,1.3254e+00,1.7501e+01,1.7450e-01,3.0921e-02
1.2300e+03,7.9258e-01,1.3242e+00,1.7501e+01,1.7570e-01,3.1147e-02
1.2400e+03,7.9116e-01,1.3230e+00,1.7501e+01,1.7689e-01,3.1372e-02
1.2500e+03,7.8975e-01,1.3218e+00,1.7501e+01,1.7808e-01,3.1597e-02
1.2600e+03,7.8834e-01,1.3206e+00,1.7501e+01,1.7927e-01,3.1821e-02
1.2700e+03,7.8693e-01,1.3194e+00,1.7501e+01,1.8045e-01,3.2045e-02
1.2800e+03,7.8553e-01,1.3183e+00,1.7501e+01,1.8163e-01,3.2269e-02
1.2900e+03,7.8413e-01,1.3171e+00,1.7501e+01,1.8281e-01,3.2492e-02
1.3000e+03,7.8273e-01,1.3159e+00,1.7501e+01,1.8398e-01,3.2715e-02
1.3100e+03,7.8134e-01,1.3147e+00,1.7501e+01,1.8515e-01,3.2938e-02
1.3200e+03,7.7995e-01,1.3136e+00,1.7501e+01,1.8632e-01,3.3160e-02
1.3300e+03,7.7856e-01,1.3124e+00,1.7501e+01,1.8749e-01,3.3382e-02
1.3400e+03,7.7718e-01,1.3112e+00,1.7501e+01,1.8865e-01,3.3603e-02
1.3500e+03,7.7580e-01,1.3101e+00,1.7501e+01,1.8981e-01,3.3824e-02
1.3600e+03,7.7442e-01,1.3089e+00,1.7501e+01,1.9096e-01,3.4044e-02
1.3700e+03,7.7305e-01,1.3078e+00,1.7501e+01,1.9211e-01,3.4265e-02
1.3800e+03,7.7168e-01,1.3066e+00,1.7501e+01,1.9326e-01,3.4484e-02
1.3900e+03,7.7032e-01,1.3055e+00,1.7501e+01,1.9441e-01,3.4704e-02
1.4000e+03,7.6895e-01,1.3043e+00,1.7501e+01,1.9555e-01,3.4923e-02
1.4100e+03,7.6760e-01,1.3032e+00,1.7501e+01,1.9669e-01,3.5141e-02
1.4200e+03,7.6624e-01,1.3021e+00,1.7501e+01,1.9783e-01,3.5359e-02
1.4300e+03,7.6489e-01,1.3009e+00,1.7501e+01,1.9896e-01,3.5577e-02
1.4400e+03,7.6354e-01,1.2998e+00,1.7501e+01,2.0009e-01,3.5795e-02
1.4500e+03,7.6220e-01,1.2987e+00,1.7501e+01,2.0122e-01,3.6012e-02
1.4600e+03,7.6085e-01,1.2975e+00,1.7501e+01,2.0235e-01,3.6229e-02
1.4700e+03,7.5952e-01,1.2964e+00,1.7501e+01,2.0347e-01,3.6445e-02
1.4800e+03,7.5818e-01,1.2953e+00,1.7501e+01,2.0459e-01,3.6661e-02
1.4900e+03,7.5685e-01,1.2942e+00,1.7501e+01,2.0570e-01,3.6876e-02
1.5000e+03,7.5552e-01,1.2931e+00,1.7501e+01,2.0682e-01,3.7091e-02
1.5100e+03,7.5419e-01,1.2920e+00,1.7501e+01,2.0793e-01,3.7306e-02
1.5200e+03,7.5287e-01,1.2908e+00,1.7501e+01,2.0904e-01,3.7521e-02
1.5300e+03,7.5155e-01,1.2897e+00,1.7501e+01,2.1014e-01,3.7735e-02
1.5400e+03,7.5024e-01,1.2886e+00,1.7501e+01,2.1124e-01,3.7948e-02
1.5500e+03,7.4893e-01,1.2875e+00,1.7501e+01,2.1234e-01,3.8162e-02
1.5600e+03,7.4762e-01,1.2864e+00,1.7501e+01,2.1344e-01,3.8375e-02
1.5700e+03,7.4631e-01,1.2853e+00,1.7501e+01,2.1453e-01,3.8587e-02
1.5800e+03,7.4501e-01,1.2843e+00,1.7501e+01,2.1562e-01,3.8799e-02
1.5900e+03,7.4371e-01,1.2832e+00,1.7501e+01,2.1671e-01,3.9011e-02
1.6000e+03,7.4241e-01,1.2821e+00,1.7501e+01,2.1779e-01,3.9222e-02
1.6100e+03,7.4112e-01,1.2810e+00,1.7501e+01,2.1888e-01,3.9434e-02
1.6200e+03,7.3983e-01,1.2799e+00,1.7501e+01,2.1995e-01,3.9644e-02
1.6300e+03,7.3854e-01,1.2788e+00,1.7501e+01,2.2103e-01,3.9855e-02
1.6400e+03,7.3726e-01,1.2778e+00,1.7501e+01,2.2210e-01,4.0065e-02
1.6500e+03,7.3598e-01,1.2767e+00,1.7501e+01,2.2318e-01,4.0274e-02
1.6600e+03,7.3470e-01,1.2756e+00,1.7501e+01,2.2424e-01,4.0483e-02
1.6700e+03,7.3343e-01,1.2746e+00,1.7501e+01,2.2531e-01,4.0692e-02
1.6800e+03,7.3216e-01,1.2735e+00,1.7501e+01,2.2637e-01,4.0901e-02
1.6900e+03,7.3089e-01,1.2724e+00,1.7501e+01,2.2743e-01,4.1109e-02
1.7000e+03,7.2962e-01,1.2714e+00,1.7501e+01,2.2849e-01,4.1317e-02
1.7100e+03,7.2836e-01,1.2703e+00,1.7501e+01,2.2954e-01,4.1524e-02
1.7200e+03,7.2710e-01,1.2693e+00,1.7501e+01,2.3059e-01,4.1731e-02
1.7300e+03,7.2585e-01,1.2682e+00,1.7501e+01,2.3164e-01,4.1938e-02
1.7400e+03,7.2459e-01,1.2672e+00,1.7501e+01,2.3269e-01,4.2144e-02
1.7500e+03,7.2334e-01,1.2661e+00,1.7501e+01,2.3373e-01,4.2350e-02
1.7600e+03,7.2210e-01,1.2651e+00,1.7501e+01,2.3478e-01,4.2556e-02
1.7700e+03,7.2085e-01,1.2641e+00,1.7501e+01,2.3581e-01,4.2761e-02
1.7800e+03,7.1961e-01,1.2630e+00,1.7501e+01,2.3685e-01,4.2966e-02
1.7900e+03,7.1838e-01,1.2620e+00,1.7501e+01,2.3788e-01,4.3171e-02
1.8000e+03,7.1714e-01,1.2609e+00,1.7501e+01,2.3891e-01,4.3375e-02
1.8100e+03,7.1591e-01,1.2599e+00,1.7501e+01,2.3994e-01,4.3579e-02
1.8200e+03,7.1468e-01,1.2589e+00,1.7501e+01,2.4097e-01,4.3783e-02
1.8300e+03,7.1345e-01,1.2579e+00,1.7501e+01,2.4199e-01,4.3986e-02
1.8400e+03,7.1223e-01,1.2569e+00,1.7501e+01,2.4301e-01,4.4189e-02
1.8500e+03,7.1101e-01,1.2558e+00,1.7501e+01,2.4403e-01,4.4391e-02
1.8600e+03,7.0979e-01,1.2548e+00,1.7501e+01,2.4504e-01,4.4593e-02
1.8700e+03,7.0858e-01,1.2538e+00,1.7501e+01,2.4606e-01,4.4795e-02
1.8800e+03,7.0737e-01,1.2528e+00,1.7501e+01,2.4707e-01,4.4997e-02
1.8900e+03,7.0616e-01,1.2518e+00,1.7501e+01,2.4807e-01,4.5198e-02
1.9000e+03,7.0495e-01,1.2508e+00,1.7501e+01,2.4908e-01,4.5398e-02
1.9100e+03,7.0375e-01,1.2498e+00,1.7501e+01,2.5008e-01,4.5599e-02
1.9200e+03,7.0255e-01,1.2488e+00,1.7501e+01,2.5108e-01,4.5799e-02
1.9300e+03,7.0135e-01,1.2478e+00,1.7501e+01,2.5208e-01,4.5999e-02
1.9400e+03,7.0016e-01,1.2468e+00,1.7501e+01,2.5307e-01,4.6198e-02
1.9500e+03,6.9897e-01,1.2458e+00,1.7501e+01,2.5406e-01,4.6397e-02
1.9600e+03,6.9778e-01,1.2448e+00,1.7501e+01,2.5505e-01,4.6596e-02
1.9700e+03,6.9659e-01,1.2438e+00,1.7501e+01,2.5604e-01,4.6794e-02
1.9800e+03,6.9541e-01,1.2428e+00,1.7501e+01,2.5703e-01,4.6992e-02
1.9900e+03,6.9423e-01,1.2418e+00,1.7501e+01,2.5801e-01,4.7190e-02
2.0000e+03,6.9305e-01,1.2409e+00,1.7501e+01,2.5899e-01,4.7388e-02
2.0100e+03,6.9188e-01,1.2399e+00,1.7501e+01,2.5997e-01,4.7585e-02
2.0200e+03,6.9071e-01,1.2389e+00,1.7501e+01,2.6094e-01,4.7781e-02
2.0300e+03,6.8954e-01,1.2379e+00,1.7501e+01,2.6192e-01,4.7978e-02
2.0400e+03,6.8837e-01,1.2370e+00,1.7501e+01,2.6289e-01,4.8174e-02
2.0500e+03,6.8721e-01,1.2360e+00,1.7501e+01,2.6385e-01,4.8369e-02
2.0600e+03,6.8604e-01,1.2350e+00,1.7501e+01,2.6482e-01,4.8565e-02
2.0700e+03,6.8489e-01,1.2341e+00,1.7501e+01,2.6578e-01,4.8760e-02
2.0800e+03,6.8373e-01,1.2331e+00,1.7501e+01,2.6674e-01,4.8955e-02
2.0900e+03,6.8258e-01,1.2321e+00,1.7501e+01,2.6770e-01,4.9149e-02
2.1000e+03,6.8143e-01,1.2312e+00,1.7501e+01,2.6866e-01,4.9343e-02
2.1100e+03,6.8028e-01,1.2302e+00,1.7501e+01,2.6961e-01,4.9537e-02
2.1200e+03,6.7913e-01,1.2293e+00,1.7501e+01,2.7056e-01,4.9730e-02
2.1300e+03,6.7799e-01,1.2283e+00,1.7501e+01,2.7151e-01,4.9923e-02
2.1400e+03,6.7685e-01,1.2274e+00,1.7501e+01,2.7246e-01,5.0116e-02
2.1500e+03,6.7572e-01,1.2264e+00,1.7501e+01,2.7340e-01,5.0309e-02
2.1600e+03,6.7458e-01,1.2255e+00,1.7501e+01,2.7435e-01,5.0501e-02
2.1700e+03,6.7345e-01,1.2246e+00,1.7501e+01,2.7529e-01,5.0693e-02
2.1800e+03,6.7232e-01,1.2236e+00,1.7501e+01,2.7622e-01,5.0884e-02
2.1900e+03,6.7119e-01,1.2227e+00,1.7501e+01,2.7716e-01,5.1075e-02
2.2000e+03,6.7007e-01,1.2217e+00,1.7501e+01,2.7809e-01,5.1266e-02
2.2100e+03,6.6895e-01,1.2208e+00,1.7501e+01,2.7902e-01,5.1457e-02
2.2200e+03,6.6783e-01,1.2199e+00,1.7501e+01,2.7995e-01,5.1647e-02
2.2300e+03,6.6671e-01,1.2190e+00,1.7501e+01,2.8088e-01,5.1837e-02
2.2400e+03,6.6560e-01,1.2180e+00,1.7501e+01,2.8180e-01,5.2026e-02
2.2500e+03,6.6449e-01,1.2171e+00,1.7501e+01,2.8272e-01,5.2216e-02
2.2600e+03,6.6338e-01,1.2162e+00,1.7501e+01,2.8364e-01,5.2405e-02
2.2700e+03,6.6227e-01,1.2153e+00,1.7501e+01,2.8456e-01,5.2593e-02
2.2800e+03,6.6117e-01,1.2144e+00,1.7501e+01,2.8548e-01,5.2782e-02
2.2900e+03,6.6007e-01,1.2134e+00,1.7501e+01,2.8639e-01,5.2970e-02
2.3000e+03,6.5897e-01,1.2125e+00,1.7501e+01,2.8730e-01,5.3157e-02
2.3100e+03,6.5788e-01,1.2116e+00,1.7501e+01,2.8821e-01,5.3345e-02
2.3200e+03,6.5678e-01,1.2107e+00,1.7501e+01,2.8911e-01,5.3532e-02
2.3300e+03,6.5569e-01,1.2098e+00,1.7501e+01,2.9002e-01,5.3718e-02
2.3400e+03,6.5460e-01,1.2089e+00,1.7501e+01,2.9092e-01,5.3905e-02
2.3500e+03,6.5352e-01,1.2080e+00,1.7501e+01,2.9182e-01,5.4091e-02
2.3600e+03,6.5243e-01,1.2071e+00,1.7501e+01,2.9272e-01,5.4277e-02
2.3700e+03,6.5135e-01,1.2062e+00,1.7501e+01,2.9361e-01,5.4462e-02
2.3800e+03,6.5027e-01,1.2053e+00,1.7501e+01,2.9451e-01,5.4648e-02
2.3900e+03,6.4920e-01,1.2044e+00,1.7501e+01,2.9540e-01,5.4833e-02
2.4000e+03,6.4813e-01,1.2035e+00,1.7501e+01,2.9629e-01,5.5017e-02
2.4100e+03,6.4705e-01,1.2027e+00,1.7501e+01,2.9717e-01,5.5201e-02
2.4200e+03,6.4598e-01,1.2018e+00,1.7501e+01,2.9806e-01,5.5385e-02
2.4300e+03,6.4492e-01,1.2009e+00,1.7501e+01,2.9894e-01,5.5569e-02
2.4400e+03,6.4385e-01,1.2000e+00,1.7501e+01,2.9982e-01,5.5753e-02
2.4500e+03,6.4279e-01,1.1991e+00,1.7501e+01,3.0070e-01,5.5936e-02
2.4600e+03,6.4173e-01,1.1982e+00,1.7501e+01,3.0158e-01,5.6118e-02
2.4700e+03,6.4068e-01,1.1974e+00,1.7501e+01,3.0245e-01,5.6301e-02
2.4800e+03,6.3962e-01,1.1965e+00,1.7501e+01,3.0332e-01,5.6483e-02
2.4900e+03,6.3857e-01,1.1956e+00,1.7501e+01,3.0419e-01,5.6665e-02
2.5000e+03,6.3752e-01,1.1948e+00,1.7501e+01,3.0506e-01,5.6847e-02
2.5100e+03,6.3647e-01,1.1939e+00,1.7501e+01,3.0593e-01,5.7028e-02
2.5200e+03,6.3543e-01,1.1930e+00,1.7501e+01,3.0679e-01,5.7209e-02
2.5300e+03,6.3439e-01,1.1922e+00,1.7501e+01,3.0765e-01,5.7390e-02
2.5400e+03,6.3335e-01,1.1913e+00,1.7501e+01,3.0851e-01,5.7570e-02
2.5500e+03,6.3231e-01,1.1905e+00,1.7501e+01,3.0937e-01,5.7750e-02
2.5600e+03,6.3127e-01,1.1896e+00,1.7501e+01,3.1023e-01,5.7930e-02
2.5700e+03,6.3024e-01,1.1887e+00,1.7501e+01,3.1108e-01,5.8109e-02
2.5800e+03,6.2921e-01,1.1879e+00,1.7501e+01,3.1193e-01,5.8289e-02
2.5900e+03,6.2818e-01,1.1870e+00,1.7501e+01,3.1278e-01,5.8468e-02
2.6000e+03,6.2715e-01,1.1862e+00,1.7501e+01,3.1363e-01,5.8646e-02
2.6100e+03,6.2613e-01,1.1853e+00,1.7501e+01,3.1448e-01,5.8825e-02
2.6200e+03,6.2511e-01,1.1845e+00,1.7501e+01,3.1532e-01,5.9003e-02
2.6300e+03,6.2409e-01,1.1837e+00,1.7501e+01,3.1616e-01,5.9180e-02
2.6400e+03,6.2307e-01,1.1828e+00,1.7501e+01,3.1700e-01,5.9358e-02
2.6500e+03,6.2205e-01,1.1820e+00,1.7501e+01,3.1784e-01,5.9535e-02
2.6600e+03,6.2104e-01,1.1811e+00,1.7501e+01,3.1868e-01,5.9712e-02
2.6700e+03,6.2003e-01,1.1803e+00,1.7501e+01,3.1951e-01,5.9889e-02
2.6800e+03,6.1902e-01,1.1795e+00,1.7501e+01,3.2034e-01,6.0065e-02
2.6900e+03,6.1801e-01,1.1786e+00,1.7501e+01,3.2117e-01,6.0241e-02
2.7000e+03,6.1701e-01,1.1778e+00,1.7501e+01,3.2200e-01,6.0417e-02
2.7100e+03,6.1601e-01,1.1770e+00,1.7501e+01,3.2283e-01,6.0592e-02
2.7200e+03,6.1501e-01,1.1762e+00,1.7501e+01,3.2365e-01,6.0767e-02
2.7300e+03,6.1401e-01,1.1753e+00,1.7501e+01,3.2448e-01,6.0942e-02
2.7400e+03,6.1302e-01,1.1745e+00,1.7501e+01,3.2530e-01,6.1117e-02
2.7500e+03,6.1202e-01,1.1737e+00,1.7501e+01,3.2611e-01,6.1291e-02
2.7600e+03,6.1103e-01,1.1729e+00,1.7501e+01,3.2693e-01,6.1465e-02
2.7700e+03,6.1004e-01,1.1721e+00,1.7501e+01,3.2775e-01,6.1639e-02
2.7800e+03,6.0906e-01,1.1713e+00,1.7501e+01,3.2856e-01,6.1812e-02
2.7900e+03,6.0807e-01,1.1704e+00,1.7501e+01,3.2937e-01,6.1986e-02
2.8000e+03,6.0709e-01,1.1696e+00,1.7501e+01,3.3018e-01,6.2159e-02
2.8100e+03,6.0611e-01,1.1688e+00,1.7501e+01,3.3099e-01,6.2331e-02
2.8200e+03,6.0513e-01,1.1680e+00,1.7501e+01,3.3179e-01,6.2504e-02
2.8300e+03,6.0416e-01,1.1672e+00,1.7501e+01,3.3260e-01,6.2676e-02
2.8400e+03,6.0318e-01,1.1664e+00,1.7501e+01,3.3340e-01,6.2848e-02
2.8500e+03,6.0221e-01,1.1656e+00,1.7501e+01,3.3420e-01,6.3019e-02
2.8600e+03,6.0124e-01,1.1648e+00,1.7501e+01,3.3500e-01,6.3190e-02
2.8700e+03,6.0027e-01,1.1640e+00,1.7501e+01,3.3579e-01,6.3361e-02
2.8800e+03,5.9931e-01,1.1632e+00,1.7501e+01,3.3659e-01,6.3532e-02
2.8900e+03,5.9835e-01,1.1624e+00,1.7501e+01,3.3738e-01,6.3703e-02
2.9000e+03,5.9738e-01,1.1616e+00,1.7501e+01,3.3817e-01,6.3873e-02
2.9100e+03,5.9643e-01,1.1608e+00,1.7501e+01,3.3896e-01,6.4043e-02
2.9200e+03,5.9547e-01,1.1601e+00,1.7501e+01,3.3975e-01,6.4212e-02
2.9300e+03,5.9451e-01,1.1593e+00,1.7501e+01,3.4053e-01,6.4382e-02
2.9400e+03,5.9356e-01,1.1585e+00,1.7501e+01,3.4132e-01,6.4551e-02
2.9500e+03,5.9261e-01,1.1577e+00,1.7501e+01,3.4210e-01,6.4719e-02
2.9600e+03,5.9166e-01,1.1569e+00,1.7501e+01,3.4288e-01,6.4888e-02
2.9700e+03,5.9071e-01,1.1561e+00,1.7501e+01,3.4366e-01,6.5056e-02
2.9800e+03,5.8977e-01,1.1554e+00,1.7501e+01,3.4444e-01,6.5224e-02
2.9900e+03,5.8883e-01,1.1546e+00,1.7501e+01,3.4521e-01,6.5392e-02
3.0000e+03,5.8789e-01,1.1538e+00,1.7501e+01,3.4598e-01,6.5559e-02
3.0100e+03,5.8695e-01,1.1530e+00,1.7501e+01,3.4675e-01,6.5727e-02
3.0200e+03,5.8601e-01,1.1523e+00,1.7501e+01,3.4752e-01,6.5894e-02
3.0300e+03,5.8508e-01,1.1515e+00,1.7501e+01,3.4829e-01,6.6060e-02
3.0400e+03,5.8414e-01,1.1507e+00,1.7501e+01,3.4906e-01,6.6227e-02
3.0500e+03,5.8321e-01,1.1500e+00,1.7501e+01,3.4982e-01,6.6393e-02
3.0600e+03,5.8228e-01,1.1492e+00,1.7501e+01,3.5059e-01,6.6559e-02
3.0700e+03,5.8136e-01,1.1485e+00,1.7501e+01,3.5135e-01,6.6724e-02
3.0800e+03,5.8043e-01,1.1477e+00,1.7501e+01,3.5211e-01,6.6890e-02
3.0900e+03,5.7951e-01,1.1469e+00,1.7501e+01,3.5286e-01,6.7055e-02
3.1000e+03,5.7859e-01,1.1462e+00,1.7501e+01,3.5362e-01,6.7219e-02
3.1100e+03,5.7767e-01,1.1454e+00,1.7501e+01,3.5437e-01,6.7384e-02
3.1200e+03,5.7675e-01,1.1447e+00,1.7501e+01,3.5513e-01,6.7548e-02
3.1300e+03,5.7584e-01,1.1439e+00,1.7501e+01,3.5588e-01,6.7712e-02
3.1400e+03,5.7493e-01,1.1432e+00,1.7501e+01,3.5663e-01,6.7876e-02
3.1500e+03,5.7402e-01,1.1424e+00,1.7501e+01,3.5737e-01,6.8040e-02
3.1600e+03,5.7311e-01,1.1417e+00,1.7501e+01,3.5812e-01,6.8203e-02
3.1700e+03,5.7220e-01,1.1409e+00,1.7501e+01,3.5886e-01,6.8366e-02
3.1800e+03,5.7129e-01,1.1402e+00,1.7501e+01,3.5961e-01,6.8529e-02
3.1900e+03,5.7039e-01,1.1394e+00,1.7501e+01,3.6035e-01,6.8691e-02
3.2000e+03,5.6949e-01,1.1387e+00,1.7501e+01,3.6109e-01,6.8853e-02
3.2100e+03,5.6859e-01,1.1380e+00,1.7501e+01,3.6182e-01,6.9015e-02
3.2200e+03,5.6769e-01,1.1372e+00,1.7501e+01,3.6256e-01,6.9177e-02
3.2300e+03,5.6680e-01,1.1365e+00,1.7501e+01,3.6329e-01,6.9338e-02
3.2400e+03,5.6590e-01,1.1358e+00,1.7501e+01,3.6403e-01,6.9500e-02
3.2500e+03,5.6501e-01,1.1350e+00,1.7501e+01,3.6476e-01,6.9661e-02
3.2600e+03,5.6412e-01,1.1343e+00,1.7501e+01,3.6549e-01,6.9821e-02
3.2700e+03,5.6323e-01,1.1336e+00,1.7501e+01,3.6621e-01,6.9982e-02
3.2800e+03,5.6235e-01,1.1328e+00,1.7501e+01,3.6694e-01,7.0142e-02
3.2900e+03,5.6146e-01,1.1321e+00,1.7501e+01,3.6766e-01,7.0302e-02
3.3000e+03,5.6058e-01,1.1314e+00,1.7501e+01,3.6839e-01,7.0462e-02
3.3100e+03,5.5970e-01,1.1307e+00,1.7501e+01,3.6911e-01,7.0621e-02
3.3200e+03,5.5882e-01,1.1300e+00,1.7501e+01,3.6983e-01,7.0780e-02
3.3300e+03,5.5794e-01,1.1292e+00,1.7501e+01,3.7055e-01,7.0939e-02
3.3400e+03,5.5707e-01,1.1285e+00,1.7501e+01,3.7126e-01,7.1098e-02
3.3500e+03,5.5619e-01,1.1278e+00,1.7501e+01,3.7198e-01,7.1256e-02
3.3600e+03,5.5532e-01,1.1271e+00,1.7501e+01,3.7269e-01,7.1415e-02
3.3700e+03,5.5445e-01,1.1264e+00,1.7501e+01,3.7340e-01,7.1572e-02
3.3800e+03,5.5358e-01,1.1257e+00,1.7501e+01,3.7411e-01,7.1730e-02
3.3900e+03,5.5272e-01,1.1250e+00,1.7501e+01,3.7482e-01,7.1888e-02
3.4000e+03,5.5185e-01,1.1243e+00,1.7501e+01,3.7553e-01,7.2045e-02
3.4100e+03,5.5099e-01,1.1235e+00,1.7501e+01,3.7624e-01,7.2202e-02
3.4200e+03,5.5013e-01,1.1228e+00,1.7501e+01,3.7694e-01,7.2359e-02
3.4300e+03,5.4927e-01,1.1221e+00,1.7501e+01,3.7764e-01,7.2515e-02
3.4400e+03,5.4841e-01,1.1214e+00,1.7501e+01,3.7834e-01,7.2671e-02
3.4500e+03,5.4756e-01,1.1207e+00,1.7501e+01,3.7904e-01,7.2827e-02
3.4600e+03,5.4671e-01,1.1200e+00,1.7501e+01,3.7974e-01,7.2983e-02
3.4700e+03,5.4585e-01,1.1193e+00,1.7501e+01,3.8044e-01,7.3138e-02
3.4800e+03,5.4500e-01,1.1186e+00,1.7501e+01,3.8113e-01,7.3294e-02
3.4900e+03,5.4415e-01,1.1180e+00,1.7501e+01,3.8183e-01,7.3449e-02
3.5000e+03,5.4331e-01,1.1173e+00,1.7501e+01,3.8252e-01,7.3603e-02
3.5100e+03,5.4246e-01,1.1166e+00,1.7501e+01,3.8321e-01,7.3758e-02
3.5200e+03,5.4162e-01,1.1159e+00,1.7501e+01,3.8390e-01,7.3912e-02
3.5300e+03,5.4078e-01,1.1152e+00,1.7501e+01,3.8458e-01,7.4066e-02
3.5400e+03,5.3994e-01,1.1145e+00,1.7501e+01,3.8527e-01,7.4220e-02
3.5500e+03,5.3910e-01,1.1138e+00,1.7501e+01,3.8595e-01,7.4374e-02
3.5600e+03,5.3826e-01,1.1131e+00,1.7501e+01,3.8664e-01,7.4527e-02
3.5700e+03,5.3743e-01,1.1125e+00,1.7501e+01,3.8732e-01,7.4680e-02
3.5800e+03,5.3660e-01,1.1118e+00,1.7501e+01,3.8800e-01,7.4833e-02
3.5900e+03,5.3577e-01,1.1111e+00,1.7501e+01,3.8868e-01,7.4986e-02
3.6000e+03,5.3494e-01,1.1104e+00,1.7501e+01,3.8935e-01,7.5138e-02
3.6100e+03,5.3411e-01,1.1097e+00,1.7501e+01,3.9003e-01,7.5290e-02
3.6200e+03,5.3328e-01,1.1091e+00,1.7501e+01,3.9070e-01,7.5442e-02
3.6300e+03,5.3246e-01,1.1084e+00,1.7501e+01,3.9138e-01,7.5594e-02
3.6400e+03,5.3164e-01,1.1077e+00,1.7501e+01,3.9205e-01,7.5745e-02
3.6500e+03,5.3081e-01,1.1071e+00,1.7501e+01,3.9272e-01,7.5897e-02
3.6600e+03,5.2999e-01,1.1064e+00,1.7501e+01,3.9339e-01,7.6048e-02
3.6700e+03,5.2918e-01,1.1057e+00,1.7501e+01,3.9405e-01,7.6198e-02
3.6800e+03,5.2836e-01,1.1051e+00,1.7501e+01,3.9472e-01,7.6349e-02
3.6900e+03,5.2755e-01,1.1044e+00,1.7501e+01,3.9538e-01,7.6499e-02
3.7000e+03,5.2673e-01,1.1037e+00,1.7501e+01,3.9605e-01,7.6649e-02
3.7100e+03,5.2592e-01,1.1031e+00,1.7501e+01,3.9671e-01,7.6799e-02
3.7200e+03,5.2511e-01,1.1024e+00,1.7501e+01,3.9737e-01,7.6949e-02
3.7300e+03,5.2431e-01,1.1017e+00,1.7501e+01,3.9803e-01,7.7098e-02
3.7400e+03,5.2350e-01,1.1011e+00,1.7501e+01,3.9868e-01,7.7247e-02
3.7500e+03,5.2269e-01,1.1004e+00,1.7501e+01,3.9934e-01,7.7396e-02
3.7600e+03,5.2189e-01,1.0998e+00,1.7501e+01,3.9999e-01,7.7545e-02
3.7700e+03,5.2109e-01,1.0991e+00,1.7501e+01,4.0065e-01,7.7693e-02
3.7800e+03,5.2029e-01,1.0985e+00,1.7501e+01,4.0130e-01,7.7841e-02
3.7900e+03,5.1949e-01,1.0978e+00,1.7501e+01,4.0195e-01,7.7989e-02
3.8000e+03,5.1870e-01,1.0972e+00,1.7501e+01,4.0260e-01,7.8137e-02
3.8100e+03,5.1790e-01,1.0965e+00,1.7501e+01,4.0324e-01,7.8285e-02
3.8200e+03,5.1711e-01,1.0959e+00,1.7501e+01,4.0389e-01,7.8432e-02
3.8300e+03,5.1632e-01,1.0952e+00,1.7501e+01,4.0453e-01,7.8579e-02
3.8400e+03,5.1553e-01,1.0946e+00,1.7501e+01,4.0518e-01,7.8726e-02
3.8500e+03,5.1474e-01,1.0939e+00,1.7501e+01,4.0582e-01,7.8873e-02
3.8600e+03,5.1395e-01,1.0933e+00,1.7501e+01,4.0646e-01,7.9019e-02
3.8700e+03,5.1317e-01,1.0927e+00,1.7501e+01,4.0710e-01,7.9165e-02
3.8800e+03,5.1238e-01,1.0920e+00,1.7501e+01,4.0774e-01,7.9311e-02
3.8900e+03,5.1160e-01,1.0914e+00,1.7501e+01,4.0837e-01,7.9457e-02
3.9000e+03,5.1082e-01,1.0908e+00,1.7501e+01,4.0901e-01,7.9602e-02
3.9100e+03,5.1004e-01,1.0901e+00,1.7501e+01,4.0964e-01,7.9748e-02
3.9200e+03,5.0926e-01,1.0895e+00,1.7501e+01,4.1027e-01,7.9893e-02
3.9300e+03,5.0849e-01,1.0889e+00,1.7501e+01,4.1090e-01,8.0038e-02
3.9400e+03,5.0771e-01,1.0882e+00,1.7501e+01,4.1153e-01,8.0182e-02
3.9500e+03,5.0694e-01,1.0876e+00,1.7501e+01,4.1216e-01,8.0327e-02
3.9600e+03,5.0617e-01,1.0870e+00,1.7501e+01,4.1279e-01,8.0471e-02
3.9700e+03,5.0540e-01,1.0863e+00,1.7501e+01,4.1342e-01,8.0615e-02
3.9800e+03,5.0463e-01,1.0857e+00,1.7501e+01,4.1404e-01,8.0759e-02
3.9900e+03,5.0386e-01,1.0851e+00,1.7501e+01,4.1466e-01,8.0902e-02
4.0000e+03,5.0310e-01,1.0845e+00,1.7501e+01,4.1529e-01,8.1046e-02
4.0100e+03,5.0233e-01,1.0839e+00,1.7501e+01,4.1591e-01,8.1189e-02
4.0200e+03,5.0157e-01,1.0832e+00,1.7501e+01,4.1653e-01,8.1332e-02
4.0300e+03,5.0081e-01,1.0826e+00,1.7501e+01,4.1714e-01,8.1474e-02
4.0400e+03,5.0005e-01,1.0820e+00,1.7501e+01,4.1776e-01,8.1617e-02
4.0500e+03,4.9929e-01,1.0814e+00,1.7501e+01,4.1838e-01,8.1759e-02
4.0600e+03,4.9854e-01,1.0808e+00,1.7501e+01,4.1899e-01,8.1901e-02
4.0700e+03,4.9778e-01,1.0802e+00,1.7501e+01,4.1960e-01,8.2043e-02
4.0800e+03,4.9703e-01,1.0795e+00,1.7501e+01,4.2021e-01,8.2184e-02
4.0900e+03,4.9628e-01,1.0789e+00,1.7501e+01,4.2083e-01,8.2326e-02
4.1000e+03,4.9553e-01,1.0783e+00,1.7501e+01,4.2143e-01,8.2467e-02
4.1100e+03,4.9478e-01,1.0777e+00,1.7501e+01,4.2204e-01,8.2608e-02
4.1200e+03,4.9403e-01,1.0771e+00,1.7501e+01,4.2265e-01,8.2749e-02
4.1300e+03,4.9329e-01,1.0765e+00,1.7501e+01,4.2325e-01,8.2889e-02
4.1400e+03,4.9254e-01,1.0759e+00,1.7501e+01,4.2386e-01,8.3029e-02
4.1500e+03,4.9180e-01,1.0753e+00,1.7501e+01,4.2446e-01,8.3170e-02
4.1600e+03,4.9106e-01,1.0747e+00,1.7501e+01,4.2506e-01,8.3309e-02
4.1700e+03,4.9032e-01,1.0741e+00,1.7501e+01,4.2566e-01,8.3449e-02
4.1800e+03,4.8958e-01,1.0735e+00,1.7501e+01,4.2626e-01,8.3589e-02
4.1900e+03,4.8884e-01,1.0729e+00,1.7501e+01,4.2686e-01,8.3728e-02
4.2000e+03,4.8811e-01,1.0723e+00,1.7501e+01,4.2746e-01,8.3867e-02
4.2100e+03,4.8737e-01,1.0717e+00,1.7501e+01,4.2805e-01,8.4006e-02
4.2200e+03,4.8664e-01,1.0711e+00,1.7501e+01,4.2865e-01,8.4144e-02
4.2300e+03,4.8591e-01,1.0705e+00,1.7501e+01,4.2924e-01,8.4283e-02
4.2400e+03,4.8518e-01,1.0699e+00,1.7501e+01,4.2983e-01,8.4421e-02
4.2500e+03,4.8445e-01,1.0693e+00,1.7501e+01,4.3042e-01,8.4559e-02
4.2600e+03,4.8372e-01,1.0687e+00,1.7501e+01,4.3101e-01,8.4697e-02
4.2700e+03,4.8300e-01,1.0682e+00,1.7501e+01,4.3160e-01,8.4835e-02
4.2800e+03,4.8227e-01,1.0676e+00,1.7501e+01,4.3219e-01,8.4972e-02
4.2900e+03,4.8155e-01,1.0670e+00,1.7501e+01,4.3277e-01,8.5109e-02
4.3000e+03,4.8083e-01,1.0664e+00,1.7501e+01,4.3336e-01,8.5246e-02
4.3100e+03,4.8011e-01,1.0658e+00,1.7501e+01,4.3394e-01,8.5383e-02
4.3200e+03,4.7939e-01,1.0652e+00,1.7501e+01,4.3452e-01,8.5520e-02
4.3300e+03,4.7867e-01,1.0646e+00,1.7501e+01,4.3510e-01,8.5656e-02
4.3400e+03,4.7796e-01,1.0641e+00,1.7501e+01,4.3568e-01,8.5792e-02
4.3500e+03,4.7724e-01,1.0635e+00,1.7501e+01,4.3626e-01,8.5928e-02
4.3600e+03,4.7653e-01,1.0629e+00,1.7501e+01,4.3684e-01,8.6064e-02
4.3700e+03,4.7582e-01,1.0623e+00,1.7501e+01,4.3741e-01,8.6199e-02
4.3800e+03,4.7511e-01,1.0618e+00,1.7501e+01,4.3799e-01,8.6335e-02
4.3900e+03,4.7440e-01,1.0612e+00,1.7501e+01,4.3856e-01,8.6470e-02
4.4000e+03,4.7369e-01,1.0606e+00,1.7501e+01,4.3914e-01,8.6605e-02
4.4100e+03,4.7298e-01,1.0600e+00,1.7501e+01,4.3971e-01,8.6740e-02
4.4200e+03,4.7228e-01,1.0595e+00,1.7501e+01,4.4028e-01,8.6874e-02
4.4300e+03,4.7157e-01,1.0589e+00,1.7501e+01,4.4085e-01,8.7008e-02
4.4400e+03,4.7087e-01,1.0583e+00,1.7501e+01,4.4141e-01,8.7143e-02
4.4500e+03,4.7017e-01,1.0578e+00,1.7501e+01,4.4198e-01,8.7277e-02
4.4600e+03,4.6947e-01,1.0572e+00,1.7501e+01,4.4255e-01,8.7410e-02
4.4700e+03,4.6877e-01,1.0566e+00,1.7501e+01,4.4311e-01,8.7544e-02
4.4800e+03,4.6808e-01,1.0561e+00,1.7501e+01,4.4368e-01,8.7677e-02
4.4900e+03,4.6738e-01,1.0555e+00,1.7501e+01,4.4424e-01,8.7810e-02
4.5000e+03,4.6669e-01,1.0549e+00,1.7501e+01,4.4480e-01,8.7943e-02
4.5100e+03,4.6599e-01,1.0544e+00,1.7501e+01,4.4536e-01,8.8076e-02
4.5200e+03,4.6530e-01,1.0538e+00,1.7501e+01,4.4592e-01,8.8209e-02
4.5300e+03,4.6461e-01,1.0533e+00,1.7501e+01,4.4648e-01,8.8341e-02
4.5400e+03,4.6392e-01,1.0527e+00,1.7501e+01,4.4703e-01,8.8473e-02
4.5500e+03,4.6324e-01,1.0522e+00,1.7501e+01,4.4759e-01,8.8605e-02
4.5600e+03,4.6255e-01,1.0516e+00,1.7501e+01,4.4814e-01,8.8737e-02
4.5700e+03,4.6186e-01,1.0510e+00,1.7501e+01,4.4870e-01,8.8869e-02
4.5800e+03,4.6118e-01,1.0505e+00,1.7501e+01,4.4925e-01,8.9000e-02
4.5900e+03,4.6050e-01,1.0499e+00,1.7501e+01,4.4980e-01,8.9131e-02
4.6000e+03,4.5982e-01,1.0494e+00,1.7501e+01,4.5035e-01,8.9262e-02
4.6100e+03,4.5914e-01,1.0488e+00,1.7501e+01,4.5090e-01,8.9393e-02
4.6200e+03,4.5846e-01,1.0483e+00,1.7501e+01,4.5145e-01,8.9524e-02
4.6300e+03,4.5778e-01,1.0477e+00,1.7501e+01,4.5199e-01,8.9654e-02
4.6400e+03,4.5711e-01,1.0472e+00,1.7501e+01,4.5254e-01,8.9784e-02
4.6500e+03,4.5643e-01,1.0467e+00,1.7501e+01,4.5308e-01,8.9914e-02
4.6600e+03,4.5576e-01,1.0461e+00,1.7501e+01,4.5363e-01,9.0044e-02
4.6700e+03,4.5509e-01,1.0456e+00,1.7501e+01,4.5417e-01,9.0174e-02
4.6800e+03,4.5442e-01,1.0450e+00,1.7501e+01,4.5471e-01,9.0303e-02
4.6900e+03,4.5375e-01,1.0445e+00,1.7501e+01,4.5525e-01,9.0433e-02
4.7000e+03,4.5308e-01,1.0439e+00,1.7501e+01,4.5579e-01,9.0562e-02
4.7100e+03,4.5241e-01,1.0434e+00,1.7501e+01,4.5633e-01,9.0691e-02
4.7200e+03,4.5174e-01,1.0429e+00,1.7501e+01,4.5687e-01,9.0819e-02
4.7300e+03,4.5108e-01,1.0423e+00,1.7501e+01,4.5740e-01,9.0948e-02
4.7400e+03,4.5042e-01,1.0418e+00,1.7501e+01,4.5794e-01,9.1076e-02
4.7500e+03,4.4975e-01,1.0413e+00,1.7501e+01,4.5847e-01,9.1204e-02
4.7600e+03,4.4909e-01,1.0407e+00,1.7501e+01,4.5900e-01,9.1332e-02
4.7700e+03,4.4843e-01,1.0402e+00,1.7501e+01,4.5953e-01,9.1460e-02
4.7800e+03,4.4778e-01,1.0397e+00,1.7501e+01,4.6006e-01,9.1588e-02
4.7900e+03,4.4712e-01,1.0391e+00,1.7501e+01,4.6059e-01,9.1715e-02
4.8000e+03,4.4646e-01,1.0386e+00,1.7501e+01,4.6112e-01,9.1842e-02
4.8100e+03,4.4581e-01,1.0381e+00,1.7501e+01,4.6165e-01,9.1969e-02
4.8200e+03,4.4516e-01,1.0376e+00,1.7501e+01,4.6218e-01,9.2096e-02
4.8300e+03,4.4450e-01,1.0370e+00,1.7501e+01,4.6270e-01,9.2223e-02
4.8400e+03,4.4385e-01,1.0365e+00,1.7501e+01,4.6323e-01,9.2349e-02
4.8500e+03,4.4320e-01,1.0360e+00,1.7501e+01,4.6375e-01,9.2475e-02
4.8600e+03,4.4255e-01,1.0355e+00,1.7501e+01,4.6427e-01,9.2601e-02
4.8700e+03,4.4191e-01,1.0349e+00,1.7501e+01,4.6479e-01,9.2727e-02
4.8800e+03,4.4126e-01,1.0344e+00,1.7501e+01,4.6531e-01,9.2853e-02
4.8900e+03,4.4062e-01,1.0339e+00,1.7501e+01,4.6583e-01,9.2979e-02
4.9000e+03,4.3997e-01,1.0334e+00,1.7501e+01,4.6635e-01,9.3104e-02
4.9100e+03,4.3933e-01,1.0329e+00,1.7501e+01,4.6687e-01,9.3229e-02
4.9200e+03,4.3869e-01,1.0323e+00,1.7501e+01,4.6739e-01,9.3354e-02
4.9300e+03,4.3805e-01,1.0318e+00,1.7501e+01,4.6790e-01,9.3479e-02
4.9400e+03,4.3741e-01,1.0313e+00,1.7501e+01,4.6842e-01,9.3604e-02
4.9500e+03,4.3677e-01,1.0308e+00,1.7501e+01,4.6893e-01,9.3728e-02
4.9600e+03,4.3614e-01,1.0303e+00,1.7501e+01,4.6944e-01,9.3852e-02
4.9700e+03,4.3550e-01,1.0298e+00,1.7501e+01,4.6995e-01,9.3976e-02
4.9800e+03,4.3487e-01,1.0293e+00,1.7501e+01,4.7046e-01,9.4100e-02
4.9900e+03,4.3423e-01,1.0288e+00,1.7501e+01,4.7097e-01,9.4224e-02
5.0000e+03,4.3360e-01,1.0283e+00,1.7501e+01,4.7148e-01,9.4348e-02
5.0100e+03,4.3297e-01,1.0277e+00,1.7501e+01,4.7199e-01,9.4471e-02
5.0200e+03,4.3234e-01,1.0272e+00,1.7501e+01,4.7249e-01,9.4594e-02
5.0300e+03,4.3171e-01,1.0267e+00,1.7501e+01,4.7300e-01,9.4717e-02
5.0400e+03,4.3109e-01,1.0262e+00,1.7501e+01,4.7350e-01,9.4840e-02
5.0500e+03,4.3046e-01,1.0257e+00,1.7501e+01,4.7401e-01,9.4963e-02
5.0600e+03,4.2984e-01,1.0252e+00,1.7501e+01,4.7451e-01,9.5085e-02
5.0700e+03,4.2921e-01,1.0247e+00,1.7501e+01,4.7501e-01,9.5207e-02
5.0800e+03,4.2859e-01,1.0242e+00,1.7501e+01,4.7551e-01,9.5329e-02
5.0900e+03,4.2797e-01,1.0237e+00,1.7501e+01,4.7601e-01,9.5451e-02
5.1000e+03,4.2735e-01,1.0232e+00,1.7501e+01,4.7651e-01,9.5573e-02
5.1100e+03,4.2673e-01,1.0227e+00,1.7501e+01,4.7701e-01,9.5695e-02
5.1200e+03,4.2611e-01,1.0222e+00,1.7501e+01,4.7750e-01,9.5816e-02
5.1300e+03,4.2549e-01,1.0217e+00,1.7501e+01,4.7800e-01,9.5937e-02
5.1400e+03,4.2488e-01,1.0212e+00,1.7501e+01,4.7849e-01,9.6058e-02
5.1500e+03,4.2426e-01,1.0207e+00,1.7501e+01,4.7899e-01,9.6179e-02
5.1600e+03,4.2365e-01,1.0202e+00,1.7501e+01,4.7948e-01,9.6300e-02
5.1700e+03,4.2304e-01,1.0198e+00,1.7501e+01,4.7997e-01,9.6421e-02
5.1800e+03,4.2243e-01,1.0193e+00,1.7501e+01,4.8046e-01,9.6541e-02
5.1900e+03,4.2182e-01,1.0188e+00,1.7501e+01,4.8095e-01,9.6661e-02
5.2000e+03,4.2121e-01,1.0183e+00,1.7501e+01,4.8144e-01,9.6781e-02
5.2100e+03,4.2060e-01,1.0178e+00,1.7501e+01,4.8193e-01,9.6901e-02
5.2200e+03,4.1999e-01,1.0173e+00,1.7501e+01,4.8242e-01,9.7021e-02
5.2300e+03,4.1939e-01,1.0168e+00,1.7501e+01,4.8290e-01,9.7140e-02
5.2400e+03,4.1878e-01,1.0163e+00,1.7501e+01,4.8339e-01,9.7259e-02
5.2500e+03,4.1818e-01,1.0159e+00,1.7501e+01,4.8387e-01,9.7379e-02
5.2600e+03,4.1758e-01,1.0154e+00,1.7501e+01,4.8435e-01,9.7498e-02
5.2700e+03,4.1698e-01,1.0149e+00,1.7501e+01,4.8484e-01,9.7616e-02
5.2800e+03,4.1638e-01,1.0144e+00,1.7501e+01,4.8532e-01,9.7735e-02
5.2900e+03,4.1578e-01,1.0139e+00,1.7501e+01,4.8580e-01,9.7853e-02
5.3000e+03,4.1518e-01,1.0134e+00,1.7501e+01,4.8628e-01,9.7972e-02
5.3100e+03,4.1458e-01,1.0130e+00,1.7501e+01,4.8676e-01,9.8090e-02
5.3200e+03,4.1399e-01,1.0125e+00,1.7501e+01,4.8724e-01,9.8208e-02
5.3300e+03,4.1339e-01,1.0120e+00,1.7501e+01,4.8771e-01,9.8326e-02
5.3400e+03,4.1280e-01,1.0115e+00,1.7501e+01,4.8819e-01,9.8443e-02
5.3500e+03,4.1221e-01,1.0111e+00,1.7501e+01,4.8866e-01,9.8561e-02
5.3600e+03,4.1161e-01,1.0106e+00,1.7501e+01,4.8914e-01,9.8678e-02
5.3700e+03,4.1102e-01,1.0101e+00,1.7501e+01,4.8961e-01,9.8795e-02
5.3800e+03,4.1043e-01,1.0096e+00,1.7501e+01,4.9008e-01,9.8912e-02
5.3900e+03,4.0985e-01,1.0092e+00,1.7501e+01,4.9055e-01,9.9029e-02
5.4000e+03,4.0926e-01,1.0087e+00,1.7501e+01,4.9103e-01,9.9145e-02
5.4100e+03,4.0867e-01,1.0082e+00,1.7501e+01,4.9149e-01,9.9262e-02
5.4200e+03,4.0809e-01,1.0078e+00,1.7501e+01,4.9196e-01,9.9378e-02
5.4300e+03,4.0750e-01,1.0073e+00,1.7501e+01,4.9243e-01,9.9494e-02
5.4400e+03,4.0692e-01,1.0068e+00,1.7501e+01,4.9290e-01,9.9610e-02
5.4500e+03,4.0634e-01,1.0064e+00,1.7501e+01,4.9336e-01,9.9726e-02
5.4600e+03,4.0576e-01,1.0059e+00,1.7501e+01,4.9383e-01,9.9842e-02
5.4700e+03,4.0518e-01,1.0054e+00,1.7501e+01,4.9429e-01,9.9957e-02
5.4800e+03,4.0460e-01,1.0050e+00,1.7501e+01,4.9476e-01,1.0007e-01
5.4900e+03,4.0402e-01,1.0045e+00,1.7501e+01,4.9522e-01,1.0019e-01
5.5000e+03,4.0344e-01,1.0040e+00,1.7501e+01,4.9568e-01,1.0030e-01
5.5100e+03,4.0287e-01,1.0036e+00,1.7501e+01,4.9614e-01,1.0042e-01
5.5200e+03,4.0229e-01,1.0031e+00,1.7501e+01,4.9660e-01,1.0053e-01
5.5300e+03,4.0172e-01,1.0027e+00,1.7501e+01,4.9706e-01,1.0065e-01
5.5400e+03,4.0115e-01,1.0022e+00,1.7501e+01,4.9752e-01,1.0076e-01
5.5500e+03,4.0058e-01,1.0017e+00,1.7501e+01,4.9798e-01,1.0087e-01
5.5600e+03,4.0001e-01,1.0013e+00,1.7501e+01,4.9843e-01,1.0099e-01
5.5700e+03,3.9944e-01,1.0008e+00,1.7501e+01,4.9889e-01,1.0110e-01
5.5800e+03,3.9887e-01,1.0004e+00,1.7501e+01,4.9935e-01,1.0122e-01
5.5900e+03,3.9830e-01,9.9991e-01,1.7501e+01,4.9980e-01,1.0133e-01
5.6000e+03,3.9773e-01,9.9946e-01,1.7501e+01,5.0025e-01,1.0144e-01
5.6100e+03,3.9717e-01,9.9901e-01,1.7501e+01,5.0070e-01,1.0156e-01
5.6200e+03,3.9660e-01,9.9856e-01,1.7501e+01,5.0116e-01,1.0167e-01
5.6300e+03,3.9604e-01,9.9811e-01,1.7501e+01,5.0161e-01,1.0178e-01
5.6400e+03,3.9548e-01,9.9766e-01,1.7501e+01,5.0206e-01,1.0189e-01
5.6500e+03,3.9492e-01,9.9721e-01,1.7501e+01,5.0251e-01,1.0201e-01
5.6600e+03,3.9436e-01,9.9676e-01,1.7501e+01,5.0295e-01,1.0212e-01
5.6700e+03,3.9380e-01,9.9631e-01,1.7501e+01,5.0340e-01,1.0223e-01
5.6800e+03,3.9324e-01,9.9586e-01,1.7501e+01,5.0385e-01,1.0234e-01
5.6900e+03,3.9268e-01,9.9542e-01,1.7501e+01,5.0429e-01,1.0246e-01
5.7000e+03,3.9212e-01,9.9497e-01,1.7501e+01,5.0474e-01,1.0257e-01
5.7100e+03,3.9157e-01,9.9453e-01,1.7501e+01,5.0518e-01,1.0268e-01
5.7200e+03,3.9101e-01,9.9409e-01,1.7501e+01,5.0562e-01,1.0279e-01
5.7300e+03,3.9046e-01,9.9364e-01,1.7501e+01,5.0607e-01,1.0290e-01
5.7400e+03,3.8991e-01,9.9320e-01,1.7501e+01,5.0651e-01,1.0301e-01
5.7500e+03,3.8936e-01,9.9276e-01,1.7501e+01,5.0695e-01,1.0312e-01
5.7600e+03,3.8881e-01,9.9232e-01,1.7501e+01,5.0739e-01,1.0323e-01
5.7700e+03,3.8826e-01,9.9188e-01,1.7501e+01,5.0783e-01,1.0335e-01
5.7800e+03,3.8771e-01,9.9144e-01,1.7501e+01,5.0827e-01,1.0346e-01
5.7900e+03,3.8716e-01,9.9101e-01,1.7501e+01,5.0870e-01,1.0357e-01
5.8000e+03,3.8661e-01,9.9057e-01,1.7501e+01,5.0914e-01,1.0368e-01
5.8100e+03,3.8607e-01,9.9013e-01,1.7501e+01,5.0958e-01,1.0379e-01
5.8200e+03,3.8552e-01,9.8970e-01,1.7501e+01,5.1001e-01,1.0390e-01
5.8300e+03,3.8498e-01,9.8926e-01,1.7501e+01,5.1045e-01,1.0401e-01
5.8400e+03,3.8444e-01,9.8883e-01,1.7501e+01,5.1088e-01,1.0412e-01
5.8500e+03,3.8389e-01,9.8840e-01,1.7501e+01,5.1131e-01,1.0422e-01
5.8600e+03,3.8335e-01,9.8796e-01,1.7501e+01,5.1174e-01,1.0433e-01
5.8700e+03,3.8281e-01,9.8753e-01,1.7501e+01,5.1217e-01,1.0444e-01
5.8800e+03,3.8227e-01,9.8710e-01,1.7501e+01,5.1260e-01,1.0455e-01
5.8900e+03,3.8173e-01,9.8667e-01,1.7501e+01,5.1303e-01,1.0466e-01
5.9000e+03,3.8120e-01,9.8624e-01,1.7501e+01,5.1346e-01,1.0477e-01
5.9100e+03,3.8066e-01,9.8582e-01,1.7501e+01,5.1389e-01,1.0488e-01
5.9200e+03,3.8013e-01,9.8539e-01,1.7501e+01,5.1432e-01,1.0499e-01
5.9300e+03,3.7959e-01,9.8496e-01,1.7501e+01,5.1474e-01,1.0509e-01
5.9400e+03,3.7906e-01,9.8454e-01,1.7501e+01,5.1517e-01,1.0520e-01
5.9500e+03,3.7853e-01,9.8411e-01,1.7501e+01,5.1559e-01,1.0531e-01
5.9600e+03,3.7799e-01,9.8369e-01,1.7501e+01,5.1602e-01,1.0542e-01
5.9700e+03,3.7746e-01,9.8326e-01,1.7501e+01,5.1644e-01,1.0553e-01
5.9800e+03,3.7693e-01,9.8284e-01,1.7501e+01,5.1686e-01,1.0563e-01
5.9900e+03,3.7640e-01,9.8242e-01,1.7501e+01,5.1728e-01,1.0574e-01
6.0000e+03,3.7588e-01,9.8200e-01,1.7501e+01,5.1770e-01,1.0585e-01
6.0100e+03,3.7535e-01,9.8158e-01,1.7501e+01,5.1812e-01,1.0595e-01
6.0200e+03,3.7482e-01,9.8116e-01,1.7501e+01,5.1854e-01,1.0606e-01
6.0300e+03,3.7430e-01,9.8074e-01,1.7501e+01,5.1896e-01,1.0617e-01
6.0400e+03,3.7377e-01,9.8032e-01,1.7501e+01,5.1938e-01,1.0627e-01
6.0500e+03,3.7325e-01,9.7991e-01,1.7501e+01,5.1980e-01,1.0638e-01
6.0600e+03,3.7273e-01,9.7949e-01,1.7501e+01,5.2021e-01,1.0649e-01
6.0700e+03,3.7221e-01,9.7907e-01,1.7501e+01,5.2063e-01,1.0659e-01
6.0800e+03,3.7169e-01,9.7866e-01,1.7501e+01,5.2104e-01,1.0670e-01
6.0900e+03,3.7117e-01,9.7824e-01,1.7501e+01,5.2146e-01,1.0680e-01
6.1000e+03,3.7065e-01,9.7783e-01,1.7501e+01,5.2187e-01,1.0691e-01
6.1100e+03,3.7013e-01,9.7742e-01,1.7501e+01,5.2228e-01,1.0702e-01
6.1200e+03,3.6961e-01,9.7701e-01,1.7501e+01,5.2269e-01,1.0712e-01
6.1300e+03,3.6910e-01,9.7659e-01,1.7501e+01,5.2311e-01,1.0723e-01
6.1400e+03,3.6858e-01,9.7618e-01,1.7501e+01,5.2352e-01,1.0733e-01
6.1500e+03,3.6807e-01,9.7577e-01,1.7501e+01,5.2393e-01,1.0744e-01
6.1600e+03,3.6755e-01,9.7537e-01,1.7501e+01,5.2433e-01,1.0754e-01
6.1700e+03,3.6704e-01,9.7496e-01,1.7501e+01,5.2474e-01,1.0764e-01
6.1800e+03,3.6653e-01,9.7455e-01,1.7501e+01,5.2515e-01,1.0775e-01
6.1900e+03,3.6602e-01,9.7414e-01,1.7501e+01,5.2556e-01,1.0785e-01
6.2000e+03,3.6551e-01,9.7374e-01,1.7501e+01,5.2596e-01,1.0796e-01
6.2100e+03,3.6500e-01,9.7333e-01,1.7501e+01,5.2637e-01,1.0806e-01
6.2200e+03,3.6449e-01,9.7293e-01,1.7501e+01,5.2677e-01,1.0817e-01
6.2300e+03,3.6399e-01,9.7252e-01,1.7501e+01,5.2717e-01,1.0827e-01
6.2400e+03,3.6348e-01,9.7212e-01,1.7501e+01,5.2758e-01,1.0837e-01
6.2500e+03,3.6297e-01,9.7172e-01,1.7501e+01,5.2798e-01,1.0848e-01
6.2600e+03,3.6247e-01,9.7132e-01,1.7501e+01,5.2838e-01,1.0858e-01
6.2700e+03,3.6196e-01,9.7092e-01,1.7501e+01,5.2878e-01,1.0868e-01
6.2800e+03,3.6146e-01,9.7052e-01,1.7501e+01,5.2918e-01,1.0879e-01
6.2900e+03,3.6096e-01,9.7012e-01,1.7501e+01,5.2958e-01,1.0889e-01
6.3000e+03,3.6046e-01,9.6972e-01,1.7501e+01,5.2998e-01,1.0899e-01
6.3100e+03,3.5996e-01,9.6932e-01,1.7501e+01,5.3038e-01,1.0909e-01
6.3200e+03,3.5946e-01,9.6892e-01,1.7501e+01,5.3077e-01,1.0920e-01
6.3300e+03,3.5896e-01,9.6853e-01,1.7501e+01,5.3117e-01,1.0930e-01
6.3400e+03,3.5846e-01,9.6813e-01,1.7501e+01,5.3157e-01,1.0940e-01
6.3500e+03,3.5797e-01,9.6773e-01,1.7501e+01,5.3196e-01,1.0950e-01
6.3600e+03,3.5747e-01,9.6734e-01,1.7501e+01,5.3235e-01,1.0960e-01
6.3700e+03,3.5697e-01,9.6695e-01,1.7501e+01,5.3275e-01,1.0971e-01
6.3800e+03,3.5648e-01,9.6655e-01,1.7501e+01,5.3314e-01,1.0981e-01
6.3900e+03,3.5599e-01,9.6616e-01,1.7501e+01,5.3353e-01,1.0991e-01
6.4000e+03,3.5549e-01,9.6577e-01,1.7501e+01,5.3392e-01,1.1001e-01
6.4100e+03,3.5500e-01,9.6538e-01,1.7501e+01,5.3432e-01,1.1011e-01
6.4200e+03,3.5451e-01,9.6499e-01,1.7501e+01,5.3471e-01,1.1021e-01
6.4300e+03,3.5402e-01,9.6460e-01,1.7501e+01,5.3509e-01,1.1031e-01
6.4400e+03,3.5353e-01,9.6421e-01,1.7501e+01,5.3548e-01,1.1041e-01
6.4500e+03,3.5304e-01,9.6382e-01,1.7501e+01,5.3587e-01,1.1052e-01
6.4600e+03,3.5255e-01,9.6343e-01,1.7501e+01,5.3626e-01,1.1062e-01
6.4700e+03,3.5207e-01,9.6305e-01,1.7501e+01,5.3664e-01,1.1072e-01
6.4800e+03,3.5158e-01,9.6266e-01,1.7501e+01,5.3703e-01,1.1082e-01
6.4900e+03,3.5110e-01,9.6228e-01,1.7501e+01,5.3742e-01,1.1092e-01
6.5000e+03,3.5061e-01,9.6189e-01,1.7501e+01,5.3780e-01,1.1102e-01
6.5100e+03,3.5013e-01,9.6151e-01,1.7501e+01,5.3818e-01,1.1112e-01
6.5200e+03,3.4965e-01,9.6112e-01,1.7501e+01,5.3857e-01,1.1122e-01
6.5300e+03,3.4916e-01,9.6074e-01,1.7501e+01,5.3895e-01,1.1131e-01
6.5400e+03,3.4868e-01,9.6036e-01,1.7501e+01,5.3933e-01,1.1141e-01
6.5500e+03,3.4820e-01,9.5998e-01,1.7501e+01,5.3971e-01,1.1151e-01
6.5600e+03,3.4772e-01,9.5960e-01,1.7501e+01,5.4009e-01,1.1161e-01
6.5700e+03,3.4724e-01,9.5922e-01,1.7501e+01,5.4047e-01,1.1171e-01
6.5800e+03,3.4677e-01,9.5884e-01,1.7501e+01,5.4085e-01,1.1181e-01
6.5900e+03,3.4629e-01,9.5846e-01,1.7501e+01,5.4123e-01,1.1191e-01
6.6000e+03,3.4581e-01,9.5808e-01,1.7501e+01,5.4161e-01,1.1201e-01
6.6100e+03,3.4534e-01,9.5770e-01,1.7501e+01,5.4198e-01,1.1211e-01
6.6200e+03,3.4486e-01,9.5733e-01,1.7501e+01,5.4236e-01,1.1220e-01
6.6300e+03,3.4439e-01,9.5695e-01,1.7501e+01,5.4274e-01,1.1230e-01
6.6400e+03,3.4392e-01,9.5658e-01,1.7501e+01,5.4311e-01,1.1240e-01
6.6500e+03,3.4344e-01,9.5620e-01,1.7501e+01,5.4349e-01,1.1250e-01
6.6600e+03,3.4297e-01,9.5583e-01,1.7501e+01,5.4386e-01,1.1260e-01
6.6700e+03,3.4250e-01,9.5546e-01,1.7501e+01,5.4423e-01,1.1269e-01
6.6800e+03,3.4203e-01,9.5508e-01,1.7501e+01,5.4461e-01,1.1279e-01
6.6900e+03,3.4156e-01,9.5471e-01,1.7501e+01,5.4498e-01,1.1289e-01
6.7000e+03,3.4109e-01,9.5434e-01,1.7501e+01,5.4535e-01,1.1299e-01
6.7100e+03,3.4063e-01,9.5397e-01,1.7501e+01,5.4572e-01,1.1308e-01
6.7200e+03,3.4016e-01,9.5360e-01,1.7501e+01,5.4609e-01,1.1318e-01
6.7300e+03,3.3969e-01,9.5323e-01,1.7501e+01,5.4646e-01,1.1328e-01
6.7400e+03,3.3923e-01,9.5286e-01,1.7501e+01,5.4683e-01,1.1337e-01
6.7500e+03,3.3877e-01,9.5249e-01,1.7501e+01,5.4719e-01,1.1347e-01
6.7600e+03,3.3830e-01,9.5213e-01,1.7501e+01,5.4756e-01,1.1357e-01
6.7700e+03,3.3784e-01,9.5176e-01,1.7501e+01,5.4793e-01,1.1366e-01
6.7800e+03,3.3738e-01,9.5139e-01,1.7501e+01,5.4829e-01,1.1376e-01
6.7900e+03,3.3692e-01,9.5103e-01,1.7501e+01,5.4866e-01,1.1385e-01
6.8000e+03,3.3645e-01,9.5066e-01,1.7501e+01,5.4902e-01,1.1395e-01
6.8100e+03,3.3599e-01,9.5030e-01,1.7501e+01,5.4939e-01,1.1405e-01
6.8200e+03,3.3554e-01,9.4993e-01,1.7501e+01,5.4975e-01,1.1414e-01
6.8300e+03,3.3508e-01,9.4957e-01,1.7501e+01,5.5011e-01,1.1424e-01
6.8400e+03,3.3462e-01,9.4921e-01,1.7501e+01,5.5048e-01,1.1433e-01
6.8500e+03,3.3416e-01,9.4885e-01,1.7501e+01,5.5084e-01,1.1443e-01
6.8600e+03,3.3371e-01,9.4849e-01,1.7501e+01,5.5120e-01,1.1452e-01
6.8700e+03,3.3325e-01,9.4813e-01,1.7501e+01,5.5156e-01,1.1462e-01
6.8800e+03,3.3280e-01,9.4777e-01,1.7501e+01,5.5192e-01,1.1471e-01
6.8900e+03,3.3234e-01,9.4741e-01,1.7501e+01,5.5228e-01,1.1481e-01
6.9000e+03,3.3189e-01,9.4705e-01,1.7501e+01,5.5264e-01,1.1490e-01
6.9100e+03,3.3144e-01,9.4669e-01,1.7501e+01,5.5299e-01,1.1500e-01
6.9200e+03,3.3099e-01,9.4633e-01,1.7501e+01,5.5335e-01,1.1509e-01
6.9300e+03,3.3054e-01,9.4598e-01,1.7501e+01,5.5371e-01,1.1518e-01
6.9400e+03,3.3009e-01,9.4562e-01,1.7501e+01,5.5406e-01,1.1528e-01
6.9500e+03,3.2964e-01,9.4526e-01,1.7501e+01,5.5442e-01,1.1537e-01
6.9600e+03,3.2919e-01,9.4491e-01,1.7501e+01,5.5477e-01,1.1547e-01
6.9700e+03,3.2874e-01,9.4456e-01,1.7501e+01,5.5513e-01,1.1556e-01
6.9800e+03,3.2830e-01,9.4420e-01,1.7501e+01,5.5548e-01,1.1565e-01
6.9900e+03,3.2785e-01,9.4385e-01,1.7501e+01,5.5583e-01,1.1575e-01
7.0000e+03,3.2740e-01,9.4350e-01,1.7501e+01,5.5618e-01,1.1584e-01
7.0100e+03,3.2696e-01,9.4315e-01,1.7501e+01,5.5654e-01,1.1593e-01
7.0200e+03,3.2651e-01,9.4279e-01,1.7501e+01,5.5689e-01,1.1603e-01
7.0300e+03,3.2607e-01,9.4244e-01,1.7501e+01,5.5724e-01,1.1612e-01
7.0400e+03,3.2563e-01,9.4209e-01,1.7501e+01,5.5759e-01,1.1621e-01
7.0500e+03,3.2519e-01,9.4174e-01,1.7501e+01,5.5794e-01,1.1631e-01
7.0600e+03,3.2475e-01,9.4140e-01,1.7501e+01,5.5829e-01,1.1640e-01
7.0700e+03,3.2431e-01,9.4105e-01,1.7501e+01,5.5863e-01,1.1649e-01
7.0800e+03,3.2387e-01,9.4070e-01,1.7501e+01,5.5898e-01,1.1658e-01
7.0900e+03,3.2343e-01,9.4035e-01,1.7501e+01,5.5933e-01,1.1667e-01
7.1000e+03,3.2299e-01,9.4001e-01,1.7501e+01,5.5967e-01,1.1677e-01
7.1100e+03,3.2255e-01,9.3966e-01,1.7501e+01,5.6002e-01,1.1686e-01
7.1200e+03,3.2211e-01,9.3932e-01,1.7501e+01,5.6036e-01,1.1695e-01
7.1300e+03,3.2168e-01,9.3897e-01,1.7501e+01,5.6071e-01,1.1704e-01
7.1400e+03,3.2124e-01,9.3863e-01,1.7501e+01,5.6105e-01,1.1713e-01
7.1500e+03,3.2081e-01,9.3828e-01,1.7501e+01,5.6140e-01,1.1722e-01
7.1600e+03,3.2038e-01,9.3794e-01,1.7501e+01,5.6174e-01,1.1732e-01
7.1700e+03,3.1994e-01,9.3760e-01,1.7501e+01,5.6208e-01,1.1741e-01
7.1800e+03,3.1951e-01,9.3726e-01,1.7501e+01,5.6242e-01,1.1750e-01
7.1900e+03,3.1908e-01,9.3692e-01,1.7501e+01,5.6276e-01,1.1759e-01
7.2000e+03,3.1865e-01,9.3658e-01,1.7501e+01,5.6310e-01,1.1768e-01
7.2100e+03,3.1822e-01,9.3624e-01,1.7501e+01,5.6344e-01,1.1777e-01
7.2200e+03,3.1779e-01,9.3590e-01,1.7501e+01,5.6378e-01,1.1786e-01
7.2300e+03,3.1736e-01,9.3556e-01,1.7501e+01,5.6412e-01,1.1795e-01
7.2400e+03,3.1693e-01,9.3522e-01,1.7501e+01,5.6446e-01,1.1804e-01
7.2500e+03,3.1650e-01,9.3488e-01,1.7501e+01,5.6479e-01,1.1813e-01
7.2600e+03,3.1608e-01,9.3455e-01,1.7501e+01,5.6513e-01,1.1822e-01
7.2700e+03,3.1565e-01,9.3421e-01,1.7501e+01,5.6547e-01,1.1831e-01
7.2800e+03,3.1522e-01,9.3387e-01,1.7501e+01,5.6580e-01,1.1840e-01
7.2900e+03,3.1480e-01,9.3354e-01,1.7501e+01,5.6614e-01,1.1849e-01
7.3000e+03,3.1437e-01,9.3320e-01,1.7501e+01,5.6647e-01,1.1858e-01
7.3100e+03,3.1395e-01,9.3287e-01,1.7501e+01,5.6681e-01,1.1867e-01
7.3200e+03,3.1353e-01,9.3254e-01,1.7501e+01,5.6714e-01,1.1876e-01
7.3300e+03,3.1311e-01,9.3220e-01,1.7501e+01,5.6747e-01,1.1885e-01
7.3400e+03,3.1269e-01,9.3187e-01,1.7501e+01,5.6780e-01,1.1894e-01
7.3500e+03,3.1226e-01,9.3154e-01,1.7501e+01,5.6814e-01,1.1903e-01
7.3600e+03,3.1184e-01,9.3121e-01,1.7501e+01,5.6847e-01,1.1912e-01
7.3700e+03,3.1143e-01,9.3088e-01,1.7501e+01,5.6880e-01,1.1921e-01
7.3800e+03,3.1101e-01,9.3055e-01,1.7501e+01,5.6913e-01,1.1929e-01
7.3900e+03,3.1059e-01,9.3022e-01,1.7501e+01,5.6946e-01,1.1938e-01
7.4000e+03,3.1017e-01,9.2989e-01,1.7501e+01,5.6979e-01,1.1947e-01
7.4100e+03,3.0976e-01,9.2956e-01,1.7501e+01,5.7011e-01,1.1956e-01
7.4200e+03,3.0934e-01,9.2923e-01,1.7501e+01,5.7044e-01,1.1965e-01
7.4300e+03,3.0892e-01,9.2890e-01,1.7501e+01,5.7077e-01,1.1974e-01
7.4400e+03,3.0851e-01,9.2858e-01,1.7501e+01,5.7110e-01,1.1982e-01
7.4500e+03,3.0810e-01,9.2825e-01,1.7501e+01,5.7142e-01,1.1991e-01
7.4600e+03,3.0768e-01,9.2793e-01,1.7501e+01,5.7175e-01,1.2000e-01
7.4700e+03,3.0727e-01,9.2760e-01,1.7501e+01,5.7207e-01,1.2009e-01
7.4800e+03,3.0686e-01,9.2728e-01,1.7501e+01,5.7240e-01,1.2017e-01
7.4900e+03,3.0645e-01,9.2695e-01,1.7501e+01,5.7272e-01,1.2026e-01
7.5000e+03,3.0604e-01,9.2663e-01,1.7501e+01,5.7304e-01,1.2035e-01
7.5100e+03,3.0563e-01,9.2631e-01,1.7501e+01,5.7337e-01,1.2044e-01
7.5200e+03,3.0522e-01,9.2598e-01,1.7501e+01,5.7369e-01,1.2052e-01
7.5300e+03,3.0481e-01,9.2566e-01,1.7501e+01,5.7401e-01,1.2061e-01
7.5400e+03,3.0440e-01,9.2534e-01,1.7501e+01,5.7433e-01,1.2070e-01
7.5500e+03,3.0399e-01,9.2502e-01,1.7501e+01,5.7465e-01,1.2078e-01
7.5600e+03,3.0359e-01,9.2470e-01,1.7501e+01,5.7497e-01,1.2087e-01
7.5700e+03,3.0318e-01,9.2438e-01,1.7501e+01,5.7529e-01,1.2096e-01
7.5800e+03,3.0278e-01,9.2406e-01,1.7501e+01,5.7561e-01,1.2104e-01
7.5900e+03,3.0237e-01,9.2374e-01,1.7501e+01,5.7593e-01,1.2113e-01
7.6000e+03,3.0197e-01,9.2342e-01,1.7501e+01,5.7625e-01,1.2121e-01
7.6100e+03,3.0156e-01,9.2311e-01,1.7501e+01,5.7656e-01,1.2130e-01
7.6200e+03,3.0116e-01,9.2279e-01,1.7501e+01,5.7688e-01,1.2139e-01
7.6300e+03,3.0076e-01,9.2247e-01,1.7501e+01,5.7720e-01,1.2147e-01
7.6400e+03,3.0036e-01,9.2216e-01,1.7501e+01,5.7751e-01,1.2156e-01
7.6500e+03,2.9996e-01,9.2184e-01,1.7501e+01,5.7783e-01,1.2164e-01
7.6600e+03,2.9956e-01,9.2153e-01,1.7501e+01,5.7814e-01,1.2173e-01
7.6700e+03,2.9916e-01,9.2121e-01,1.7501e+01,5.7846e-01,1.2181e-01
7.6800e+03,2.9876e-01,9.2090e-01,1.7501e+01,5.7877e-01,1.2190e-01
7.6900e+03,2.9836e-01,9.2058e-01,1.7501e+01,5.7908e-01,1.2198e-01
7.7000e+03,2.9796e-01,9.2027e-01,1.7501e+01,5.7940e-01,1.2207e-01
7.7100e+03,2.9757e-01,9.1996e-01,1.7501e+01,5.7971e-01,1.2215e-01
7.7200e+03,2.9717e-01,9.1965e-01,1.7501e+01,5.8002e-01,1.2224e-01
7.7300e+03,2.9678e-01,9.1934e-01,1.7501e+01,5.8033e-01,1.2232e-01
7.7400e+03,2.9638e-01,9.1903e-01,1.7501e+01,5.8064e-01,1.2241e-01
7.7500e+03,2.9599e-01,9.1872e-01,1.7501e+01,5.8095e-01,1.2249e-01
7.7600e+03,2.9559e-01,9.1841e-01,1.7501e+01,5.8126e-01,1.2258e-01
7.7700e+03,2.9520e-01,9.1810e-01,1.7501e+01,5.8157e-01,1.2266e-01
7.7800e+03,2.9481e-01,9.1779e-01,1.7501e+01,5.8188e-01,1.2274e-01
7.7900e+03,2.9441e-01,9.1748e-01,1.7501e+01,5.8219e-01,1.2283e-01
7.8000e+03,2.9402e-01,9.1717e-01,1.7501e+01,5.8249e-01,1.2291e-01
7.8100e+03,2.9363e-01,9.1686e-01,1.7501e+01,5.8280e-01,1.2299e-01
7.8200e+03,2.9324e-01,9.1656e-01,1.7501e+01,5.8311e-01,1.2308e-01
7.8300e+03,2.9285e-01,9.1625e-01,1.7501e+01,5.8341e-01,1.2316e-01
7.8400e+03,2.9246e-01,9.1595e-01,1.7501e+01,5.8372e-01,1.2324e-01
7.8500e+03,2.9208e-01,9.1564e-01,1.7501e+01,5.8402e-01,1.2333e-01
7.8600e+03,2.9169e-01,9.1534e-01,1.7501e+01,5.8433e-01,1.2341e-01
7.8700e+03,2.9130e-01,9.1503e-01,1.7501e+01,5.8463e-01,1.2349e-01
7.8800e+03,2.9092e-01,9.1473e-01,1.7501e+01,5.8494e-01,1.2358e-01
7.8900e+03,2.9053e-01,9.1443e-01,1.7501e+01,5.8524e-01,1.2366e-01
7.9000e+03,2.9014e-01,9.1412e-01,1.7501e+01,5.8554e-01,1.2374e-01
7.9100e+03,2.8976e-01,9.1382e-01,1.7501e+01,5.8584e-01,1.2383e-01
7.9200e+03,2.8938e-01,9.1352e-01,1.7501e+01,5.8614e-01,1.2391e-01
7.9300e+03,2.8899e-01,9.1322e-01,1.7501e+01,5.8645e-01,1.2399e-01
7.9400e+03,2.8861e-01,9.1292e-01,1.7501e+01,5.8675e-01,1.2407e-01
7.9500e+03,2.8823e-01,9.1262e-01,1.7501e+01,5.8705e-01,1.2415e-01
7.9600e+03,2.8785e-01,9.1232e-01,1.7501e+01,5.8735e-01,1.2424e-01
7.9700e+03,2.8747e-01,9.1202e-01,1.7501e+01,5.8764e-01,1.2432e-01
7.9800e+03,2.8709e-01,9.1172e-01,1.7501e+01,5.8794e-01,1.2440e-01
7.9900e+03,2.8671e-01,9.1142e-01,1.7501e+01,5.8824e-01,1.2448e-01
8.0000e+03,2.8633e-01,9.1113e-01,1.7501e+01,5.8854e-01,1.2456e-01
8.0100e+03,2.8595e-01,9.1083e-01,1.7501e+01,5.8883e-01,1.2465e-01
8.0200e+03,2.8557e-01,9.1053e-01,1.7501e+01,5.8913e-01,1.2473e-01
8.0300e+03,2.8519e-01,9.1024e-01,1.7501e+01,5.8943e-01,1.2481e-01
8.0400e+03,2.8482e-01,9.0994e-01,1.7501e+01,5.8972e-01,1.2489e-01
8.0500e+03,2.8444e-01,9.0964e-01,1.7501e+01,5.9002e-01,1.2497e-01
8.0600e+03,2.8407e-01,9.0935e-01,1.7501e+01,5.9031e-01,1.2505e-01
8.0700e+03,2.8369e-01,9.0906e-01,1.7501e+01,5.9061e-01,1.2513e-01
8.0800e+03,2.8332e-01,9.0876e-01,1.7501e+01,5.9090e-01,1.2521e-01
8.0900e+03,2.8294e-01,9.0847e-01,1.7501e+01,5.9119e-01,1.2529e-01
8.1000e+03,2.8257e-01,9.0818e-01,1.7501e+01,5.9149e-01,1.2537e-01
8.1100e+03,2.8220e-01,9.0788e-01,1.7501e+01,5.9178e-01,1.2545e-01
8.1200e+03,2.8183e-01,9.0759e-01,1.7501e+01,5.9207e-01,1.2553e-01
8.1300e+03,2.8145e-01,9.0730e-01,1.7501e+01,5.9236e-01,1.2561e-01
8.1400e+03,2.8108e-01,9.0701e-01,1.7501e+01,5.9265e-01,1.2569e-01
8.1500e+03,2.8071e-01,9.0672e-01,1.7501e+01,5.9294e-01,1.2577e-01
8.1600e+03,2.8034e-01,9.0643e-01,1.7501e+01,5.9323e-01,1.2585e-01
8.1700e+03,2.7997e-01,9.0614e-01,1.7501e+01,5.9352e-01,1.2593e-01
8.1800e+03,2.7961e-01,9.0585e-01,1.7501e+01,5.9381e-01,1.2601e-01
8.1900e+03,2.7924e-01,9.0556e-01,1.7501e+01,5.9410e-01,1.2609e-01
8.2000e+03,2.7887e-01,9.0528e-01,1.7501e+01,5.9438e-01,1.2617e-01
8.2100e+03,2.7850e-01,9.0499e-01,1.7501e+01,5.9467e-01,1.2625e-01
8.2200e+03,2.7814e-01,9.0470e-01,1.7501e+01,5.9496e-01,1.2633e-01
8.2300e+03,2.7777e-01,9.0441e-01,1.7501e+01,5.9525e-01,1.2641e-01
8.2400e+03,2.7741e-01,9.0413e-01,1.7501e+01,5.9553e-01,1.2649e-01
8.2500e+03,2.7704e-01,9.0384e-01,1.7501e+01,5.9582e-01,1.2657e-01
8.2600e+03,2.7668e-01,9.0356e-01,1.7501e+01,5.9610e-01,1.2665e-01
8.2700e+03,2.7632e-01,9.0327e-01,1.7501e+01,5.9639e-01,1.2673e-01
8.2800e+03,2.7595e-01,9.0299e-01,1.7501e+01,5.9667e-01,1.2681e-01
8.2900e+03,2.7559e-01,9.0270e-01,1.7501e+01,5.9695e-01,1.2688e-01
8.3000e+03,2.7523e-01,9.0242e-01,1.7501e+01,5.9724e-01,1.2696e-01
8.3100e+03,2.7487e-01,9.0214e-01,1.7501e+01,5.9752e-01,1.2704e-01
8.3200e+03,2.7451e-01,9.0186e-01,1.7501e+01,5.9780e-01,1.2712e-01
8.3300e+03,2.7415e-01,9.0157e-01,1.7501e+01,5.9808e-01,1.2720e-01
8.3400e+03,2.7379e-01,9.0129e-01,1.7501e+01,5.9837e-01,1.2727e-01
8.3500e+03,2.7343e-01,9.0101e-01,1.7501e+01,5.9865e-01,1.2735e-01
8.3600e+03,2.7307e-01,9.0073e-01,1.7501e+01,5.9893e-01,1.2743e-01
8.3700e+03,2.7271e-01,9.0045e-01,1.7501e+01,5.9921e-01,1.2751e-01
8.3800e+03,2.7236e-01,9.0017e-01,1.7501e+01,5.9949e-01,1.2759e-01
8.3900e+03,2.7200e-01,8.9989e-01,1.7501e+01,5.9977e-01,1.2766e-01
8.4000e+03,2.7164e-01,8.9961e-01,1.7501e+01,6.0004e-01,1.2774e-01
8.4100e+03,2.7129e-01,8.9933e-01,1.7501e+01,6.0032e-01,1.2782e-01
8.4200e+03,2.7093e-01,8.9906e-01,1.7501e+01,6.0060e-01,1.2790e-01
8.4300e+03,2.7058e-01,8.9878e-01,1.7501e+01,6.0088e-01,1.2797e-01
8.4400e+03,2.7023e-01,8.9850e-01,1.7501e+01,6.0115e-01,1.2805e-01
8.4500e+03,2.6987e-01,8.9823e-01,1.7501e+01,6.0143e-01,1.2813e-01
8.4600e+03,2.6952e-01,8.9795e-01,1.7501e+01,6.0171e-01,1.2820e-01
8.4700e+03,2.6917e-01,8.9767e-01,1.7501e+01,6.0198e-01,1.2828e-01
8.4800e+03,2.6882e-01,8.9740e-01,1.7501e+01,6.0226e-01,1.2836e-01
8.4900e+03,2.6846e-01,8.9712e-01,1.7501e+01,6.0253e-01,1.2843e-01
8.5000e+03,2.6811e-01,8.9685e-01,1.7501e+01,6.0281e-01,1.2851e-01
8.5100e+03,2.6776e-01,8.9658e-01,1.7501e+01,6.0308e-01,1.2859e-01
8.5200e+03,2.6741e-01,8.9630e-01,1.7501e+01,6.0335e-01,1.2866e-01
8.5300e+03,2.6707e-01,8.9603e-01,1.7501e+01,6.0363e-01,1.2874e-01
8.5400e+03,2.6672e-01,8.9576e-01,1.7501e+01,6.0390e-01,1.2881e-01
8.5500e+03,2.6637e-01,8.9548e-01,1.7501e+01,6.0417e-01,1.2889e-01
8.5600e+03,2.6602e-01,8.9521e-01,1.7501e+01,6.0444e-01,1.2897e-01
8.5700e+03,2.6568e-01,8.9494e-01,1.7501e+01,6.0471e-01,1.2904e-01
8.5800e+03,2.6533e-01,8.9467e-01,1.7501e+01,6.0498e-01,1.2912e-01
8.5900e+03,2.6498e-01,8.9440e-01,1.7501e+01,6.0525e-01,1.2919e-01
8.6000e+03,2.6464e-01,8.9413e-01,1.7501e+01,6.0552e-01,1.2927e-01
8.6100e+03,2.6429e-01,8.9386e-01,1.7501e+01,6.0579e-01,1.2934e-01
8.6200e+03,2.6395e-01,8.9359e-01,1.7501e+01,6.0606e-01,1.2942e-01
8.6300e+03,2.6361e-01,8.9332e-01,1.7501e+01,6.0633e-01,1.2949e-01
8.6400e+03,2.6326e-01,8.9306e-01,1.7501e+01,6.0660e-01,1.2957e-01
8.6500e+03,2.6292e-01,8.9279e-01,1.7501e+01,6.0687e-01,1.2964e-01
8.6600e+03,2.6258e-01,8.9252e-01,1.7501e+01,6.0713e-01,1.2972e-01
8.6700e+03,2.6224e-01,8.9225e-01,1.7501e+01,6.0740e-01,1.2979e-01
8.6800e+03,2.6190e-01,8.9199e-01,1.7501e+01,6.0767e-01,1.2987e-01
8.6900e+03,2.6156e-01,8.9172e-01,1.7501e+01,6.0793e-01,1.2994e-01
8.7000e+03,2.6122e-01,8.9146e-01,1.7501e+01,6.0820e-01,1.3002e-01
8.7100e+03,2.6088e-01,8.9119e-01,1.7501e+01,6.0846e-01,1.3009e-01
8.7200e+03,2.6054e-01,8.9093e-01,1.7501e+01,6.0873e-01,1.3017e-01
8.7300e+03,2.6020e-01,8.9066e-01,1.7501e+01,6.0899e-01,1.3024e-01
8.7400e+03,2.5986e-01,8.9040e-01,1.7501e+01,6.0925e-01,1.3031e-01
8.7500e+03,2.5952e-01,8.9013e-01,1.7501e+01,6.0952e-01,1.3039e-01
8.7600e+03,2.5919e-01,8.8987e-01,1.7501e+01,6.0978e-01,1.3046e-01
8.7700e+03,2.5885e-01,8.8961e-01,1.7501e+01,6.1004e-01,1.3054e-01
8.7800e+03,2.5851e-01,8.8935e-01,1.7501e+01,6.1031e-01,1.3061e-01
8.7900e+03,2.5818e-01,8.8908e-01,1.7501e+01,6.1057e-01,1.3068e-01
8.8000e+03,2.5784e-01,8.8882e-01,1.7501e+01,6.1083e-01,1.3076e-01
8.8100e+03,2.5751e-01,8.8856e-01,1.7501e+01,6.1109e-01,1.3083e-01
8.8200e+03,2.5718e-01,8.8830e-01,1.7501e+01,6.1135e-01,1.3090e-01
8.8300e+03,2.5684e-01,8.8804e-01,1.7501e+01,6.1161e-01,1.3098e-01
8.8400e+03,2.5651e-01,8.8778e-01,1.7501e+01,6.1187e-01,1.3105e-01
8.8500e+03,2.5618e-01,8.8752e-01,1.7501e+01,6.1213e-01,1.3112e-01
8.8600e+03,2.5585e-01,8.8726e-01,1.7501e+01,6.1239e-01,1.3119e-01
8.8700e+03,2.5552e-01,8.8700e-01,1.7501e+01,6.1265e-01,1.3127e-01
8.8800e+03,2.5518e-01,8.8675e-01,1.7501e+01,6.1290e-01,1.3134e-01
8.8900e+03,2.5485e-01,8.8649e-01,1.7501e+01,6.1316e-01,1.3141e-01
8.9000e+03,2.5452e-01,8.8623e-01,1.7501e+01,6.1342e-01,1.3149e-01
8.9100e+03,2.5420e-01,8.8597e-01,1.7501e+01,6.1368e-01,1.3156e-01
8.9200e+03,2.5387e-01,8.8572e-01,1.7501e+01,6.1393e-01,1.3163e-01
8.9300e+03,2.5354e-01,8.8546e-01,1.7501e+01,6.1419e-01,1.3170e-01
8.9400e+03,2.5321e-01,8.8521e-01,1.7501e+01,6.1444e-01,1.3177e-01
8.9500e+03,2.5288e-01,8.8495e-01,1.7501e+01,6.1470e-01,1.3185e-01
8.9600e+03,2.5256e-01,8.8470e-01,1.7501e+01,6.1495e-01,1.3192e-01
8.9700e+03,2.5223e-01,8.8444e-01,1.7501e+01,6.1521e-01,1.3199e-01
8.9800e+03,2.5190e-01,8.8419e-01,1.7501e+01,6.1546e-01,1.3206e-01
8.9900e+03,2.5158e-01,8.8393e-01,1.7501e+01,6.1572e-01,1.3213e-01
9.0000e+03,2.5125e-01,8.8368e-01,1.7501e+01,6.1597e-01,1.3221e-01
9.0100e+03,2.5093e-01,8.8343e-01,1.7501e+01,6.1622e-01,1.3228e-01
9.0200e+03,2.5061e-01,8.8317e-01,1.7501e+01,6.1647e-01,1.3235e-01
9.0300e+03,2.5028e-01,8.8292e-01,1.7501e+01,6.1673e-01,1.3242e-01
9.0400e+03,2.4996e-01,8.8267e-01,1.7501e+01,6.1698e-01,1.3249e-01
9.0500e+03,2.4964e-01,8.8242e-01,1.7501e+01,6.1723e-01,1.3256e-01
9.0600e+03,2.4932e-01,8.8217e-01,1.7501e+01,6.1748e-01,1.3263e-01
9.0700e+03,2.4900e-01,8.8192e-01,1.7501e+01,6.1773e-01,1.3270e-01
9.0800e+03,2.4867e-01,8.8167e-01,1.7501e+01,6.1798e-01,1.3278e-01
9.0900e+03,2.4835e-01,8.8142e-01,1.7501e+01,6.1823e-01,1.3285e-01
9.1000e+03,2.4803e-01,8.8117e-01,1.7501e+01,6.1848e-01,1.3292e-01
9.1100e+03,2.4772e-01,8.8092e-01,1.7501e+01,6.1873e-01,1.3299e-01
9.1200e+03,2.4740e-01,8.8067e-01,1.7501e+01,6.1897e-01,1.3306e-01
9.1300e+03,2.4708e-01,8.8042e-01,1.7501e+01,6.1922e-01,1.3313e-01
9.1400e+03,2.4676e-01,8.8018e-01,1.7501e+01,6.1947e-01,1.3320e-01
9.1500e+03,2.4644e-01,8.7993e-01,1.7501e+01,6.1972e-01,1.3327e-01
9.1600e+03,2.4613e-01,8.7968e-01,1.7501e+01,6.1996e-01,1.3334e-01
9.1700e+03,2.4581e-01,8.7943e-01,1.7501e+01,6.2021e-01,1.3341e-01
9.1800e+03,2.4549e-01,8.7919e-01,1.7501e+01,6.2046e-01,1.3348e-01
9.1900e+03,2.4518e-01,8.7894e-01,1.7501e+01,6.2070e-01,1.3355e-01
9.2000e+03,2.4486e-01,8.7870e-01,1.7501e+01,6.2095e-01,1.3362e-01
9.2100e+03,2.4455e-01,8.7845e-01,1.7501e+01,6.2119e-01,1.3369e-01
9.2200e+03,2.4423e-01,8.7821e-01,1.7501e+01,6.2144e-01,1.3376e-01
9.2300e+03,2.4392e-01,8.7796e-01,1.7501e+01,6.2168e-01,1.3383e-01
9.2400e+03,2.4361e-01,8.7772e-01,1.7501e+01,6.2193e-01,1.3390e-01
9.2500e+03,2.4329e-01,8.7748e-01,1.7501e+01,6.2217e-01,1.3397e-01
9.2600e+03,2.4298e-01,8.7723e-01,1.7501e+01,6.2241e-01,1.3404e-01
9.2700e+03,2.4267e-01,8.7699e-01,1.7501e+01,6.2265e-01,1.3410e-01
9.2800e+03,2.4236e-01,8.7675e-01,1.7501e+01,6.2290e-01,1.3417e-01
9.2900e+03,2.4205e-01,8.7650e-01,1.7501e+01,6.2314e-01,1.3424e-01
9.3000e+03,2.4174e-01,8.7626e-01,1.7501e+01,6.2338e-01,1.3431e-01
9.3100e+03,2.4143e-01,8.7602e-01,1.7501e+01,6.2362e-01,1.3438e-01
9.3200e+03,2.4112e-01,8.7578e-01,1.7501e+01,6.2386e-01,1.3445e-01
9.3300e+03,2.4081e-01,8.7554e-01,1.7501e+01,6.2410e-01,1.3452e-01
9.3400e+03,2.4050e-01,8.7530e-01,1.7501e+01,6.2434e-01,1.3459e-01
9.3500e+03,2.4019e-01,8.7506e-01,1.7501e+01,6.2458e-01,1.3465e-01
9.3600e+03,2.3988e-01,8.7482e-01,1.7501e+01,6.2482e-01,1.3472e-01
9.3700e+03,2.3958e-01,8.7458e-01,1.7501e+01,6.2506e-01,1.3479e-01
9.3800e+03,2.3927e-01,8.7434e-01,1.7501e+01,6.2530e-01,1.3486e-01
9.3900e+03,2.3896e-01,8.7411e-01,1.7501e+01,6.2554e-01,1.3493e-01
9.4000e+03,2.3866e-01,8.7387e-01,1.7501e+01,6.2577e-01,1.3500e-01
9.4100e+03,2.3835e-01,8.7363e-01,1.7501e+01,6.2601e-01,1.3506e-01
9.4200e+03,2.3805e-01,8.7339e-01,1.7501e+01,6.2625e-01,1.3513e-01
9.4300e+03,2.3774e-01,8.7316e-01,1.7501e+01,6.2649e-01,1.3520e-01
9.4400e+03,2.3744e-01,8.7292e-01,1.7501e+01,6.2672e-01,1.3527e-01
9.4500e+03,2.3714e-01,8.7268e-01,1.7501e+01,6.2696e-01,1.3533e-01
9.4600e+03,2.3683e-01,8.7245e-01,1.7501e+01,6.2719e-01,1.3540e-01
9.4700e+03,2.3653e-01,8.7221e-01,1.7501e+01,6.2743e-01,1.3547e-01
9.4800e+03,2.3623e-01,8.7198e-01,1.7501e+01,6.2766e-01,1.3554e-01
9.4900e+03,2.3593e-01,8.7174e-01,1.7501e+01,6.2790e-01,1.3560e-01
9.5000e+03,2.3563e-01,8.7151e-01,1.7501e+01,6.2813e-01,1.3567e-01
9.5100e+03,2.3532e-01,8.7127e-01,1.7501e+01,6.2837e-01,1.3574e-01
9.5200e+03,2.3502e-01,8.7104e-01,1.7501e+01,6.2860e-01,1.3581e-01
9.5300e+03,2.3472e-01,8.7081e-01,1.7501e+01,6.2883e-01,1.3587e-01
9.5400e+03,2.3442e-01,8.7057e-01,1.7501e+01,6.2907e-01,1.3594e-01
9.5500e+03,2.3413e-01,8.7034e-01,1.7501e+01,6.2930e-01,1.3601e-01
9.5600e+03,2.3383e-01,8.7011e-01,1.7501e+01,6.2953e-01,1.3607e-01
9.5700e+03,2.3353e-01,8.6988e-01,1.7501e+01,6.2976e-01,1.3614e-01
9.5800e+03,2.3323e-01,8.6965e-01,1.7501e+01,6.2999e-01,1.3621e-01
9.5900e+03,2.3293e-01,8.6942e-01,1.7501e+01,6.3022e-01,1.3627e-01
9.6000e+03,2.3264e-01,8.6919e-01,1.7501e+01,6.3045e-01,1.3634e-01
9.6100e+03,2.3234e-01,8.6896e-01,1.7501e+01,6.3068e-01,1.3640e-01
9.6200e+03,2.3204e-01,8.6873e-01,1.7501e+01,6.3091e-01,1.3647e-01
9.6300e+03,2.3175e-01,8.6850e-01,1.7501e+01,6.3114e-01,1.3654e-01
9.6400e+03,2.3145e-01,8.6827e-01,1.7501e+01,6.3137e-01,1.3660e-01
9.6500e+03,2.3116e-01,8.6804e-01,1.7501e+01,6.3160e-01,1.3667e-01
9.6600e+03,2.3087e-01,8.6781e-01,1.7501e+01,6.3183e-01,1.3673e-01
9.6700e+03,2.3057e-01,8.6758e-01,1.7501e+01,6.3206e-01,1.3680e-01
9.6800e+03,2.3028e-01,8.6735e-01,1.7501e+01,6.3229e-01,1.3687e-01
9.6900e+03,2.2999e-01,8.6713e-01,1.7501e+01,6.3251e-01,1.3693e-01
9.7000e+03,2.2969e-01,8.6690e-01,1.7501e+01,6.3274e-01,1.3700e-01
9.7100e+03,2.2940e-01,8.6667e-01,1.7501e+01,6.3297e-01,1.3706e-01
9.7200e+03,2.2911e-01,8.6644e-01,1.7501e+01,6.3319e-01,1.3713e-01
9.7300e+03,2.2882e-01,8.6622e-01,1.7501e+01,6.3342e-01,1.3719e-01
9.7400e+03,2.2853e-01,8.6599e-01,1.7501e+01,6.3364e-01,1.3726e-01
9.7500e+03,2.2824e-01,8.6577e-01,1.7501e+01,6.3387e-01,1.3732e-01
9.7600e+03,2.2795e-01,8.6554e-01,1.7501e+01,6.3409e-01,1.3739e-01
9.7700e+03,2.2766e-01,8.6532e-01,1.7501e+01,6.3432e-01,1.3745e-01
9.7800e+03,2.2737e-01,8.6509e-01,1.7501e+01,6.3454e-01,1.3752e-01
9.7900e+03,2.2708e-01,8.6487e-01,1.7501e+01,6.3477e-01,1.3758e-01
9.8000e+03,2.2679e-01,8.6465e-01,1.7501e+01,6.3499e-01,1.3765e-01
9.8100e+03,2.2650e-01,8.6442e-01,1.7501e+01,6.3521e-01,1.3771e-01
9.8200e+03,2.2622e-01,8.6420e-01,1.7501e+01,6.3544e-01,1.3778e-01
9.8300e+03,2.2593e-01,8.6398e-01,1.7501e+01,6.3566e-01,1.3784e-01
9.8400e+03,2.2564e-01,8.6375e-01,1.7501e+01,6.3588e-01,1.3790e-01
9.8500e+03,2.2536e-01,8.6353e-01,1.7501e+01,6.3610e-01,1.3797e-01
9.8600e+03,2.2507e-01,8.6331e-01,1.7501e+01,6.3633e-01,1.3803e-01
9.8700e+03,2.2479e-01,8.6309e-01,1.7501e+01,6.3655e-01,1.3810e-01
9.8800e+03,2.2450e-01,8.6287e-01,1.7501e+01,6.3677e-01,1.3816e-01
9.8900e+03,2.2422e-01,8.6265e-01,1.7501e+01,6.3699e-01,1.3822e-01
9.9000e+03,2.2393e-01,8.6243e-01,1.7501e+01,6.3721e-01,1.3829e-01
9.9100e+03,2.2365e-01,8.6221e-01,1.7501e+01,6.3743e-01,1.3835e-01
9.9200e+03,2.2337e-01,8.6199e-01,1.7501e+01,6.3765e-01,1.3842e-01
9.9300e+03,2.2308e-01,8.6177e-01,1.7501e+01,6.3787e-01,1.3848e-01
9.9400e+03,2.2280e-01,8.6155e-01,1.7501e+01,6.3809e-01,1.3854e-01
9.9500e+03,2.2252e-01,8.6133e-01,1.7501e+01,6.3830e-01,1.3861e-01
9.9600e+03,2.2224e-01,8.6111e-01,1.7501e+01,6.3852e-01,1.3867e-01
9.9700e+03,2.2196e-01,8.6089e-01,1.7501e+01,6.3874e-01,1.3873e-01
9.9800e+03,2.2168e-01,8.6068e-01,1.7501e+01,6.3896e-01,1.3880e-01
9.9900e+03,2.2139e-01,8.6046e-01,1.7501e+01,6.3917e-01,1.3886e-01
1.0000e+04,2.2112e-01,8.6024e-01,1.7501e+01,6.3939e-01,1.3892e-01
1.0010e+04,2.2084e-01,8.6003e-01,1.7501e+01,6.3961e-01,1.3898e-01
1.0020e+04,2.2056e-01,8.5981e-01,1.7501e+01,6.3982e-01,1.3905e-01
1.0030e+04,2.2028e-01,8.5959e-01,1.7501e+01,6.4004e-01,1.3911e-01
1.0040e+04,2.2000e-01,8.5938e-01,1.7501e+01,6.4026e-01,1.3917e-01
1.0050e+04,2.1972e-01,8.5916e-01,1.7501e+01,6.4047e-01,1.3924e-01
1.0060e+04,2.1944e-01,8.5895e-01,1.7501e+01,6.4069e-01,1.3930e-01
1.0070e+04,2.1917e-01,8.5873e-01,1.7501e+01,6.4090e-01,1.3936e-01
1.0080e+04,2.1889e-01,8.5852e-01,1.7501e+01,6.4112e-01,1.3942e-01
1.0090e+04,2.1861e-01,8.5830e-01,1.7501e+01,6.4133e-01,1.3949e-01
1.0100e+04,2.1834e-01,8.5809e-01,1.7501e+01,6.4154e-01,1.3955e-01
1.0110e+04,2.1806e-01,8.5788e-01,1.7501e+01,6.4176e-01,1.3961e-01
1.0120e+04,2.1779e-01,8.5766e-01,1.7501e+01,6.4197e-01,1.3967e-01
1.0130e+04,2.1751e-01,8.5745e-01,1.7501e+01,6.4218e-01,1.3973e-01
1.0140e+04,2.1724e-01,8.5724e-01,1.7501e+01,6.4239e-01,1.3980e-01
1.0150e+04,2.1697e-01,8.5703e-01,1.7501e+01,6.4261e-01,1.3986e-01
1.0160e+04,2.1669e-01,8.5681e-01,1.7501e+01,6.4282e-01,1.3992e-01
1.0170e+04,2.1642e-01,8.5660e-01,1.7501e+01,6.4303e-01,1.3998e-01
1.0180e+04,2.1615e-01,8.5639e-01,1.7501e+01,6.4324e-01,1.4004e-01
1.0190e+04,2.1587e-01,8.5618e-01,1.7501e+01,6.4345e-01,1.4010e-01
1.0200e+04,2.1560e-01,8.5597e-01,1.7501e+01,6.4366e-01,1.4017e-01
1.0210e+04,2.1533e-01,8.5576e-01,1.7501e+01,6.4387e-01,1.4023e-01
1.0220e+04,2.1506e-01,8.5555e-01,1.7501e+01,6.4408e-01,1.4029e-01
1.0230e+04,2.1479e-01,8.5534e-01,1.7501e+01,6.4429e-01,1.4035e-01
1.0240e+04,2.1452e-01,8.5513e-01,1.7501e+01,6.4450e-01,1.4041e-01
1.0250e+04,2.1425e-01,8.5492e-01,1.7501e+01,6.4471e-01,1.4047e-01
1.0260e+04,2.1398e-01,8.5471e-01,1.7501e+01,6.4492e-01,1.4053e-01
1.0270e+04,2.1371e-01,8.5451e-01,1.7501e+01,6.4513e-01,1.4059e-01
1.0280e+04,2.1344e-01,8.5430e-01,1.7501e+01,6.4533e-01,1.4065e-01
1.0290e+04,2.1317e-01,8.5409e-01,1.7501e+01,6.4554e-01,1.4072e-01
1.0300e+04,2.1290e-01,8.5388e-01,1.7501e+01,6.4575e-01,1.4078e-01
1.0310e+04,2.1264e-01,8.5368e-01,1.7501e+01,6.4595e-01,1.4084e-01
1.0320e+04,2.1237e-01,8.5347e-01,1.7501e+01,6.4616e-01,1.4090e-01
1.0330e+04,2.1210e-01,8.5326e-01,1.7501e+01,6.4637e-01,1.4096e-01
1.0340e+04,2.1184e-01,8.5306e-01,1.7501e+01,6.4657e-01,1.4102e-01
1.0350e+04,2.1157e-01,8.5285e-01,1.7501e+01,6.4678e-01,1.4108e-01
1.0360e+04,2.1131e-01,8.5265e-01,1.7501e+01,6.4699e-01,1.4114e-01
1.0370e+04,2.1104e-01,8.5244e-01,1.7501e+01,6.4719e-01,1.4120e-01
1.0380e+04,2.1078e-01,8.5223e-01,1.7501e+01,6.4739e-01,1.4126e-01
1.0390e+04,2.1051e-01,8.5203e-01,1.7501e+01,6.4760e-01,1.4132e-01
1.0400e+04,2.1025e-01,8.5183e-01,1.7501e+01,6.4780e-01,1.4138e-01
1.0410e+04,2.0998e-01,8.5162e-01,1.7501e+01,6.4801e-01,1.4144e-01
1.0420e+04,2.0972e-01,8.5142e-01,1.7501e+01,6.4821e-01,1.4150e-01
1.0430e+04,2.0946e-01,8.5121e-01,1.7501e+01,6.4841e-01,1.4156e-01
1.0440e+04,2.0919e-01,8.5101e-01,1.7501e+01,6.4862e-01,1.4162e-01
1.0450e+04,2.0893e-01,8.5081e-01,1.7501e+01,6.4882e-01,1.4168e-01
1.0460e+04,2.0867e-01,8.5061e-01,1.7501e+01,6.4902e-01,1.4174e-01
1.0470e+04,2.0841e-01,8.5040e-01,1.7501e+01,6.4922e-01,1.4180e-01
1.0480e+04,2.0815e-01,8.5020e-01,1.7501e+01,6.4943e-01,1.4186e-01
1.0490e+04,2.0789e-01,8.5000e-01,1.7501e+01,6.4963e-01,1.4191e-01
1.0500e+04,2.0763e-01,8.4980e-01,1.7501e+01,6.4983e-01,1.4197e-01
1.0510e+04,2.0737e-01,8.4960e-01,1.7501e+01,6.5003e-01,1.4203e-01
1.0520e+04,2.0711e-01,8.4940e-01,1.7501e+01,6.5023e-01,1.4209e-01
1.0530e+04,2.0685e-01,8.4920e-01,1.7501e+01,6.5043e-01,1.4215e-01
1.0540e+04,2.0659e-01,8.4900e-01,1.7501e+01,6.5063e-01,1.4221e-01
1.0550e+04,2.0633e-01,8.4880e-01,1.7501e+01,6.5083e-01,1.4227e-01
1.0560e+04,2.0607e-01,8.4860e-01,1.7501e+01,6.5103e-01,1.4233e-01
1.0570e+04,2.0581e-01,8.4840e-01,1.7501e+01,6.5123e-01,1.4239e-01
1.0580e+04,2.0556e-01,8.4820e-01,1.7501e+01,6.5143e-01,1.4244e-01
1.0590e+04,2.0530e-01,8.4800e-01,1.7501e+01,6.5163e-01,1.4250e-01
1.0600e+04,2.0504e-01,8.4780e-01,1.7501e+01,6.5182e-01,1.4256e-01
1.0610e+04,2.0479e-01,8.4761e-01,1.7501e+01,6.5202e-01,1.4262e-01
1.0620e+04,2.0453e-01,8.4741e-01,1.7501e+01,6.5222e-01,1.4268e-01
1.0630e+04,2.0428e-01,8.4721e-01,1.7501e+01,6.5242e-01,1.4274e-01
1.0640e+04,2.0402e-01,8.4701e-01,1.7501e+01,6.5261e-01,1.4279e-01
1.0650e+04,2.0377e-01,8.4682e-01,1.7501e+01,6.5281e-01,1.4285e-01
1.0660e+04,2.0351e-01,8.4662e-01,1.7501e+01,6.5301e-01,1.4291e-01
1.0670e+04,2.0326e-01,8.4642e-01,1.7501e+01,6.5320e-01,1.4297e-01
1.0680e+04,2.0300e-01,8.4623e-01,1.7501e+01,6.5340e-01,1.4303e-01
1.0690e+04,2.0275e-01,8.4603e-01,1.7501e+01,6.5359e-01,1.4308e-01
1.0700e+04,2.0250e-01,8.4584e-01,1.7501e+01,6.5379e-01,1.4314e-01
1.0710e+04,2.0224e-01,8.4564e-01,1.7501e+01,6.5399e-01,1.4320e-01
1.0720e+04,2.0199e-01,8.4545e-01,1.7501e+01,6.5418e-01,1.4326e-01
1.0730e+04,2.0174e-01,8.4525e-01,1.7501e+01,6.5437e-01,1.4331e-01
1.0740e+04,2.0149e-01,8.4506e-01,1.7501e+01,6.5457e-01,1.4337e-01
1.0750e+04,2.0124e-01,8.4486e-01,1.7501e+01,6.5476e-01,1.4343e-01
1.0760e+04,2.0099e-01,8.4467e-01,1.7501e+01,6.5496e-01,1.4349e-01
1.0770e+04,2.0074e-01,8.4448e-01,1.7501e+01,6.5515e-01,1.4354e-01
1.0780e+04,2.0049e-01,8.4428e-01,1.7501e+01,6.5534e-01,1.4360e-01
1.0790e+04,2.0024e-01,8.4409e-01,1.7501e+01,6.5553e-01,1.4366e-01
1.0800e+04,1.9999e-01,8.4390e-01,1.7501e+01,6.5573e-01,1.4372e-01
1.0810e+04,1.9974e-01,8.4371e-01,1.7501e+01,6.5592e-01,1.4377e-01
1.0820e+04,1.9949e-01,8.4351e-01,1.7501e+01,6.5611e-01,1.4383e-01
1.0830e+04,1.9924e-01,8.4332e-01,1.7501e+01,6.5630e-01,1.4389e-01
1.0840e+04,1.9899e-01,8.4313e-01,1.7501e+01,6.5649e-01,1.4394e-01
1.0850e+04,1.9874e-01,8.4294e-01,1.7501e+01,6.5669e-01,1.4400e-01
1.0860e+04,1.9850e-01,8.4275e-01,1.7501e+01,6.5688e-01,1.4406e-01
1.0870e+04,1.9825e-01,8.4256e-01,1.7501e+01,6.5707e-01,1.4411e-01
1.0880e+04,1.9800e-01,8.4237e-01,1.7501e+01,6.5726e-01,1.4417e-01
1.0890e+04,1.9776e-01,8.4218e-01,1.7501e+01,6.5745e-01,1.4422e-01
1.0900e+04,1.9751e-01,8.4199e-01,1.7501e+01,6.5764e-01,1.4428e-01
1.0910e+04,1.9727e-01,8.4180e-01,1.7501e+01,6.5783e-01,1.4434e-01
1.0920e+04,1.9702e-01,8.4161e-01,1.7501e+01,6.5801e-01,1.4439e-01
1.0930e+04,1.9678e-01,8.4142e-01,1.7501e+01,6.5820e-01,1.4445e-01
1.0940e+04,1.9653e-01,8.4123e-01,1.7501e+01,6.5839e-01,1.4451e-01
1.0950e+04,1.9629e-01,8.4104e-01,1.7501e+01,6.5858e-01,1.4456e-01
1.0960e+04,1.9604e-01,8.4086e-01,1.7501e+01,6.5877e-01,1.4462e-01
1.0970e+04,1.9580e-01,8.4067e-01,1.7501e+01,6.5896e-01,1.4467e-01
1.0980e+04,1.9556e-01,8.4048e-01,1.7501e+01,6.5914e-01,1.4473e-01
1.0990e+04,1.9531e-01,8.4029e-01,1.7501e+01,6.5933e-01,1.4478e-01
1.1000e+04,1.9507e-01,8.4011e-01,1.7501e+01,6.5952e-01,1.4484e-01
1.1010e+04,1.9483e-01,8.3992e-01,1.7501e+01,6.5970e-01,1.4490e-01
1.1020e+04,1.9459e-01,8.3973e-01,1.7501e+01,6.5989e-01,1.4495e-01
1.1030e+04,1.9435e-01,8.3955e-01,1.7501e+01,6.6008e-01,1.4501e-01
1.1040e+04,1.9411e-01,8.3936e-01,1.7501e+01,6.6026e-01,1.4506e-01
1.1050e+04,1.9386e-01,8.3918e-01,1.7501e+01,6.6045e-01,1.4512e-01
1.1060e+04,1.9362e-01,8.3899e-01,1.7501e+01,6.6063e-01,1.4517e-01
1.1070e+04,1.9338e-01,8.3880e-01,1.7501e+01,6.6082e-01,1.4523e-01
1.1080e+04,1.9314e-01,8.3862e-01,1.7501e+01,6.6100e-01,1.4528e-01
1.1090e+04,1.9291e-01,8.3844e-01,1.7501e+01,6.6119e-01,1.4534e-01
1.1100e+04,1.9267e-01,8.3825e-01,1.7501e+01,6.6137e-01,1.4539e-01
1.1110e+04,1.9243e-01,8.3807e-01,1.7501e+01,6.6155e-01,1.4545e-01
1.1120e+04,1.9219e-01,8.3788e-01,1.7501e+01,6.6174e-01,1.4550e-01
1.1130e+04,1.9195e-01,8.3770e-01,1.7501e+01,6.6192e-01,1.4556e-01
1.1140e+04,1.9171e-01,8.3752e-01,1.7501e+01,6.6210e-01,1.4561e-01
1.1150e+04,1.9148e-01,8.3733e-01,1.7501e+01,6.6229e-01,1.4567e-01
1.1160e+04,1.9124e-01,8.3715e-01,1.7501e+01,6.6247e-01,1.4572e-01
1.1170e+04,1.9100e-01,8.3697e-01,1.7501e+01,6.6265e-01,1.4577e-01
1.1180e+04,1.9077e-01,8.3679e-01,1.7501e+01,6.6283e-01,1.4583e-01
1.1190e+04,1.9053e-01,8.3661e-01,1.7501e+01,6.6302e-01,1.4588e-01
1.1200e+04,1.9029e-01,8.3642e-01,1.7501e+01,6.6320e-01,1.4594e-01
1.1210e+04,1.9006e-01,8.3624e-01,1.7501e+01,6.6338e-01,1.4599e-01
1.1220e+04,1.8982e-01,8.3606e-01,1.7501e+01,6.6356e-01,1.4605e-01
1.1230e+04,1.8959e-01,8.3588e-01,1.7501e+01,6.6374e-01,1.4610e-01
1.1240e+04,1.8935e-01,8.3570e-01,1.7501e+01,6.6392e-01,1.4615e-01
1.1250e+04,1.8912e-01,8.3552e-01,1.7501e+01,6.6410e-01,1.4621e-01
1.1260e+04,1.8889e-01,8.3534e-01,1.7501e+01,6.6428e-01,1.4626e-01
1.1270e+04,1.8865e-01,8.3516e-01,1.7501e+01,6.6446e-01,1.4632e-01
1.1280e+04,1.8842e-01,8.3498e-01,1.7501e+01,6.6464e-01,1.4637e-01
1.1290e+04,1.8819e-01,8.3480e-01,1.7501e+01,6.6482e-01,1.4642e-01
1.1300e+04,1.8795e-01,8.3462e-01,1.7501e+01,6.6500e-01,1.4648e-01
1.1310e+04,1.8772e-01,8.3444e-01,1.7501e+01,6.6518e-01,1.4653e-01
1.1320e+04,1.8749e-01,8.3427e-01,1.7501e+01,6.6535e-01,1.4658e-01
1.1330e+04,1.8726e-01,8.3409e-01,1.7501e+01,6.6553e-01,1.4664e-01
1.1340e+04,1.8703e-01,8.3391e-01,1.7501e+01,6.6571e-01,1.4669e-01
1.1350e+04,1.8680e-01,8.3373e-01,1.7501e+01,6.6589e-01,1.4674e-01
1.1360e+04,1.8657e-01,8.3355e-01,1.7501e+01,6.6607e-01,1.4680e-01
1.1370e+04,1.8634e-01,8.3338e-01,1.7501e+01,6.6624e-01,1.4685e-01
1.1380e+04,1.8611e-01,8.3320e-01,1.7501e+01,6.6642e-01,1.4690e-01
1.1390e+04,1.8588e-01,8.3302e-01,1.7501e+01,6.6660e-01,1.4696e-01
1.1400e+04,1.8565e-01,8.3285e-01,1.7501e+01,6.6677e-01,1.4701e-01
1.1410e+04,1.8542e-01,8.3267e-01,1.7501e+01,6.6695e-01,1.4706e-01
1.1420e+04,1.8519e-01,8.3249e-01,1.7501e+01,6.6712e-01,1.4711e-01
1.1430e+04,1.8496e-01,8.3232e-01,1.7501e+01,6.6730e-01,1.4717e-01
1.1440e+04,1.8473e-01,8.3214e-01,1.7501e+01,6.6747e-01,1.4722e-01
1.1450e+04,1.8451e-01,8.3197e-01,1.7501e+01,6.6765e-01,1.4727e-01
1.1460e+04,1.8428e-01,8.3179e-01,1.7501e+01,6.6782e-01,1.4732e-01
1.1470e+04,1.8405e-01,8.3162e-01,1.7501e+01,6.6800e-01,1.4738e-01
1.1480e+04,1.8383e-01,8.3144e-01,1.7501e+01,6.6817e-01,1.4743e-01
1.1490e+04,1.8360e-01,8.3127e-01,1.7501e+01,6.6835e-01,1.4748e-01
1.1500e+04,1.8337e-01,8.3110e-01,1.7501e+01,6.6852e-01,1.4753e-01
1.1510e+04,1.8315e-01,8.3092e-01,1.7501e+01,6.6869e-01,1.4759e-01
1.1520e+04,1.8292e-01,8.3075e-01,1.7501e+01,6.6887e-01,1.4764e-01
1.1530e+04,1.8270e-01,8.3058e-01,1.7501e+01,6.6904e-01,1.4769e-01
1.1540e+04,1.8247e-01,8.3040e-01,1.7501e+01,6.6921e-01,1.4774e-01
1.1550e+04,1.8225e-01,8.3023e-01,1.7501e+01,6.6939e-01,1.4779e-01
1.1560e+04,1.8202e-01,8.3006e-01,1.7501e+01,6.6956e-01,1.4785e-01
1.1570e+04,1.8180e-01,8.2989e-01,1.7501e+01,6.6973e-01,1.4790e-01
1.1580e+04,1.8158e-01,8.2971e-01,1.7501e+01,6.6990e-01,1.4795e-01
1.1590e+04,1.8135e-01,8.2954e-01,1.7501e+01,6.7007e-01,1.4800e-01
1.1600e+04,1.8113e-01,8.2937e-01,1.7501e+01,6.7024e-01,1.4805e-01
1.1610e+04,1.8091e-01,8.2920e-01,1.7501e+01,6.7042e-01,1.4810e-01
1.1620e+04,1.8069e-01,8.2903e-01,1.7501e+01,6.7059e-01,1.4816e-01
1.1630e+04,1.8046e-01,8.2886e-01,1.7501e+01,6.7076e-01,1.4821e-01
1.1640e+04,1.8024e-01,8.2869e-01,1.7501e+01,6.7093e-01,1.4826e-01
1.1650e+04,1.8002e-01,8.2852e-01,1.7501e+01,6.7110e-01,1.4831e-01
1.1660e+04,1.7980e-01,8.2835e-01,1.7501e+01,6.7127e-01,1.4836e-01
1.1670e+04,1.7958e-01,8.2818e-01,1.7501e+01,6.7144e-01,1.4841e-01
1.1680e+04,1.7936e-01,8.2801e-01,1.7501e+01,6.7161e-01,1.4846e-01
1.1690e+04,1.7914e-01,8.2784e-01,1.7501e+01,6.7178e-01,1.4851e-01
1.1700e+04,1.7892e-01,8.2767e-01,1.7501e+01,6.7194e-01,1.4857e-01
1.1710e+04,1.7870e-01,8.2750e-01,1.7501e+01,6.7211e-01,1.4862e-01
1.1720e+04,1.7848e-01,8.2733e-01,1.7501e+01,6.7228e-01,1.4867e-01
1.1730e+04,1.7826e-01,8.2717e-01,1.7501e+01,6.7245e-01,1.4872e-01
1.1740e+04,1.7804e-01,8.2700e-01,1.7501e+01,6.7262e-01,1.4877e-01
1.1750e+04,1.7782e-01,8.2683e-01,1.7501e+01,6.7278e-01,1.4882e-01
1.1760e+04,1.7761e-01,8.2666e-01,1.7501e+01,6.7295e-01,1.4887e-01
1.1770e+04,1.7739e-01,8.2650e-01,1.7501e+01,6.7312e-01,1.4892e-01
1.1780e+04,1.7717e-01,8.2633e-01,1.7501e+01,6.7329e-01,1.4897e-01
1.1790e+04,1.7695e-01,8.2616e-01,1.7501e+01,6.7345e-01,1.4902e-01
1.1800e+04,1.7674e-01,8.2600e-01,1.7501e+01,6.7362e-01,1.4907e-01
1.1810e+04,1.7652e-01,8.2583e-01,1.7501e+01,6.7379e-01,1.4912e-01
1.1820e+04,1.7630e-01,8.2566e-01,1.7501e+01,6.7395e-01,1.4917e-01
1.1830e+04,1.7609e-01,8.2550e-01,1.7501e+01,6.7412e-01,1.4922e-01
1.1840e+04,1.7587e-01,8.2533e-01,1.7501e+01,6.7428e-01,1.4927e-01
1.1850e+04,1.7566e-01,8.2517e-01,1.7501e+01,6.7445e-01,1.4932e-01
1.1860e+04,1.7544e-01,8.2500e-01,1.7501e+01,6.7461e-01,1.4937e-01
1.1870e+04,1.7523e-01,8.2484e-01,1.7501e+01,6.7478e-01,1.4942e-01
1.1880e+04,1.7501e-01,8.2467e-01,1.7501e+01,6.7494e-01,1.4947e-01
1.1890e+04,1.7480e-01,8.2451e-01,1.7501e+01,6.7511e-01,1.4952e-01
1.1900e+04,1.7459e-01,8.2434e-01,1.7501e+01,6.7527e-01,1.4957e-01
1.1910e+04,1.7437e-01,8.2418e-01,1.7501e+01,6.7543e-01,1.4962e-01
1.1920e+04,1.7416e-01,8.2402e-01,1.7501e+01,6.7560e-01,1.4967e-01
1.1930e+04,1.7395e-01,8.2385e-01,1.7501e+01,6.7576e-01,1.4972e-01
1.1940e+04,1.7373e-01,8.2369e-01,1.7501e+01,6.7593e-01,1.4977e-01
1.1950e+04,1.7352e-01,8.2353e-01,1.7501e+01,6.7609e-01,1.4982e-01
1.1960e+04,1.7331e-01,8.2336e-01,1.7501e+01,6.7625e-01,1.4987e-01
1.1970e+04,1.7310e-01,8.2320e-01,1.7501e+01,6.7641e-01,1.4992e-01
1.1980e+04,1.7288e-01,8.2304e-01,1.7501e+01,6.7658e-01,1.4997e-01
1.1990e+04,1.7267e-01,8.2288e-01,1.7501e+01,6.7674e-01,1.5002e-01
1.2000e+04,1.7246e-01,8.2271e-01,1.7501e+01,6.7690e-01,1.5007e-01
1.2010e+04,1.7225e-01,8.2255e-01,1.7501e+01,6.7706e-01,1.5012e-01
1.2020e+04,1.7204e-01,8.2239e-01,1.7501e+01,6.7722e-01,1.5017e-01
1.2030e+04,1.7183e-01,8.2223e-01,1.7501e+01,6.7738e-01,1.5021e-01
1.2040e+04,1.7162e-01,8.2207e-01,1.7501e+01,6.7754e-01,1.5026e-01
1.2050e+04,1.7141e-01,8.2191e-01,1.7501e+01,6.7770e-01,1.5031e-01
1.2060e+04,1.7120e-01,8.2175e-01,1.7501e+01,6.7787e-01,1.5036e-01
1.2070e+04,1.7099e-01,8.2159e-01,1.7501e+01,6.7803e-01,1.5041e-01
1.2080e+04,1.7079e-01,8.2143e-01,1.7501e+01,6.7819e-01,1.5046e-01
1.2090e+04,1.7058e-01,8.2127e-01,1.7501e+01,6.7834e-01,1.5051e-01
1.2100e+04,1.7037e-01,8.2111e-01,1.7501e+01,6.7850e-01,1.5056e-01
1.2110e+04,1.7016e-01,8.2095e-01,1.7501e+01,6.7866e-01,1.5060e-01
1.2120e+04,1.6995e-01,8.2079e-01,1.7501e+01,6.7882e-01,1.5065e-01
1.2130e+04,1.6975e-01,8.2063e-01,1.7501e+01,6.7898e-01,1.5070e-01
1.2140e+04,1.6954e-01,8.2047e-01,1.7501e+01,6.7914e-01,1.5075e-01
1.2150e+04,1.6933e-01,8.2031e-01,1.7501e+01,6.7930e-01,1.5080e-01
1.2160e+04,1.6913e-01,8.2015e-01,1.7501e+01,6.7946e-01,1.5085e-01
1.2170e+04,1.6892e-01,8.2000e-01,1.7501e+01,6.7961e-01,1.5089e-01
1.2180e+04,1.6871e-01,8.1984e-01,1.7501e+01,6.7977e-01,1.5094e-01
1.2190e+04,1.6851e-01,8.1968e-01,1.7501e+01,6.7993e-01,1.5099e-01
1.2200e+04,1.6830e-01,8.1952e-01,1.7501e+01,6.8009e-01,1.5104e-01
1.2210e+04,1.6810e-01,8.1937e-01,1.7501e+01,6.8024e-01,1.5109e-01
1.2220e+04,1.6789e-01,8.1921e-01,1.7501e+01,6.8040e-01,1.5113e-01
1.2230e+04,1.6769e-01,8.1905e-01,1.7501e+01,6.8056e-01,1.5118e-01
1.2240e+04,1.6749e-01,8.1890e-01,1.7501e+01,6.8071e-01,1.5123e-01
1.2250e+04,1.6728e-01,8.1874e-01,1.7501e+01,6.8087e-01,1.5128e-01
1.2260e+04,1.6708e-01,8.1858e-01,1.7501e+01,6.8103e-01,1.5132e-01
1.2270e+04,1.6688e-01,8.1843e-01,1.7501e+01,6.8118e-01,1.5137e-01
1.2280e+04,1.6667e-01,8.1827e-01,1.7501e+01,6.8134e-01,1.5142e-01
1.2290e+04,1.6647e-01,8.1812e-01,1.7501e+01,6.8149e-01,1.5147e-01
1.2300e+04,1.6627e-01,8.1796e-01,1.7501e+01,6.8165e-01,1.5151e-01
1.2310e+04,1.6606e-01,8.1781e-01,1.7501e+01,6.8180e-01,1.5156e-01
1.2320e+04,1.6586e-01,8.1765e-01,1.7501e+01,6.8196e-01,1.5161e-01
1.2330e+04,1.6566e-01,8.1750e-01,1.7501e+01,6.8211e-01,1.5166e-01
1.2340e+04,1.6546e-01,8.1734e-01,1.7501e+01,6.8227e-01,1.5170e-01
1.2350e+04,1.6526e-01,8.1719e-01,1.7501e+01,6.8242e-01,1.5175e-01
1.2360e+04,1.6506e-01,8.1704e-01,1.7501e+01,6.8257e-01,1.5180e-01
1.2370e+04,1.6486e-01,8.1688e-01,1.7501e+01,6.8273e-01,1.5184e-01
1.2380e+04,1.6466e-01,8.1673e-01,1.7501e+01,6.8288e-01,1.5189e-01
1.2390e+04,1.6446e-01,8.1658e-01,1.7501e+01,6.8303e-01,1.5194e-01
1.2400e+04,1.6426e-01,8.1642e-01,1.7501e+01,6.8319e-01,1.5198e-01
1.2410e+04,1.6406e-01,8.1627e-01,1.7501e+01,6.8334e-01,1.5203e-01
1.2420e+04,1.6386e-01,8.1612e-01,1.7501e+01,6.8349e-01,1.5208e-01
1.2430e+04,1.6366e-01,8.1597e-01,1.7501e+01,6.8364e-01,1.5213e-01
1.2440e+04,1.6346e-01,8.1581e-01,1.7501e+01,6.8380e-01,1.5217e-01
1.2450e+04,1.6326e-01,8.1566e-01,1.7501e+01,6.8395e-01,1.5222e-01
1.2460e+04,1.6306e-01,8.1551e-01,1.7501e+01,6.8410e-01,1.5226e-01
1.2470e+04,1.6287e-01,8.1536e-01,1.7501e+01,6.8425e-01,1.5231e-01
1.2480e+04,1.6267e-01,8.1521e-01,1.7501e+01,6.8440e-01,1.5236e-01
1.2490e+04,1.6247e-01,8.1506e-01,1.7501e+01,6.8455e-01,1.5240e-01
1.2500e+04,1.6228e-01,8.1490e-01,1.7501e+01,6.8470e-01,1.5245e-01
1.2510e+04,1.6208e-01,8.1475e-01,1.7501e+01,6.8485e-01,1.5250e-01
1.2520e+04,1.6188e-01,8.1460e-01,1.7501e+01,6.8500e-01,1.5254e-01
1.2530e+04,1.6169e-01,8.1445e-01,1.7501e+01,6.8515e-01,1.5259e-01
1.2540e+04,1.6149e-01,8.1430e-01,1.7501e+01,6.8530e-01,1.5263e-01
1.2550e+04,1.6129e-01,8.1415e-01,1.7501e+01,6.8545e-01,1.5268e-01
1.2560e+04,1.6110e-01,8.1400e-01,1.7501e+01,6.8560e-01,1.5273e-01
1.2570e+04,1.6090e-01,8.1385e-01,1.7501e+01,6.8575e-01,1.5277e-01
1.2580e+04,1.6071e-01,8.1371e-01,1.7501e+01,6.8590e-01,1.5282e-01
1.2590e+04,1.6051e-01,8.1356e-01,1.7501e+01,6.8605e-01,1.5286e-01
1.2600e+04,1.6032e-01,8.1341e-01,1.7501e+01,6.8620e-01,1.5291e-01
1.2610e+04,1.6013e-01,8.1326e-01,1.7501e+01,6.8635e-01,1.5296e-01
1.2620e+04,1.5993e-01,8.1311e-01,1.7501e+01,6.8650e-01,1.5300e-01
1.2630e+04,1.5974e-01,8.1296e-01,1.7501e+01,6.8664e-01,1.5305e-01
1.2640e+04,1.5954e-01,8.1281e-01,1.7501e+01,6.8679e-01,1.5309e-01
1.2650e+04,1.5935e-01,8.1267e-01,1.7501e+01,6.8694e-01,1.5314e-01
1.2660e+04,1.5916e-01,8.1252e-01,1.7501e+01,6.8709e-01,1.5318e-01
1.2670e+04,1.5897e-01,8.1237e-01,1.7501e+01,6.8723e-01,1.5323e-01
1.2680e+04,1.5877e-01,8.1223e-01,1.7501e+01,6.8738e-01,1.5327e-01
1.2690e+04,1.5858e-01,8.1208e-01,1.7501e+01,6.8753e-01,1.5332e-01
1.2700e+04,1.5839e-01,8.1193e-01,1.7501e+01,6.8768e-01,1.5336e-01
1.2710e+04,1.5820e-01,8.1178e-01,1.7501e+01,6.8782e-01,1.5341e-01
1.2720e+04,1.5801e-01,8.1164e-01,1.7501e+01,6.8797e-01,1.5345e-01
1.2730e+04,1.5782e-01,8.1149e-01,1.7501e+01,6.8811e-01,1.5350e-01
1.2740e+04,1.5763e-01,8.1135e-01,1.7501e+01,6.8826e-01,1.5354e-01
1.2750e+04,1.5744e-01,8.1120e-01,1.7501e+01,6.8841e-01,1.5359e-01
1.2760e+04,1.5724e-01,8.1106e-01,1.7501e+01,6.8855e-01,1.5363e-01
1.2770e+04,1.5705e-01,8.1091e-01,1.7501e+01,6.8870e-01,1.5368e-01
1.2780e+04,1.5687e-01,8.1077e-01,1.7501e+01,6.8884e-01,1.5372e-01
1.2790e+04,1.5668e-01,8.1062e-01,1.7501e+01,6.8899e-01,1.5377e-01
1.2800e+04,1.5649e-01,8.1048e-01,1.7501e+01,6.8913e-01,1.5381e-01
1.2810e+04,1.5630e-01,8.1033e-01,1.7501e+01,6.8928e-01,1.5386e-01
1.2820e+04,1.5611e-01,8.1019e-01,1.7501e+01,6.8942e-01,1.5390e-01
1.2830e+04,1.5592e-01,8.1004e-01,1.7501e+01,6.8956e-01,1.5395e-01
1.2840e+04,1.5573e-01,8.0990e-01,1.7501e+01,6.8971e-01,1.5399e-01
1.2850e+04,1.5554e-01,8.0975e-01,1.7501e+01,6.8985e-01,1.5403e-01
1.2860e+04,1.5536e-01,8.0961e-01,1.7501e+01,6.8999e-01,1.5408e-01
1.2870e+04,1.5517e-01,8.0947e-01,1.7501e+01,6.9014e-01,1.5412e-01
1.2880e+04,1.5498e-01,8.0933e-01,1.7501e+01,6.9028e-01,1.5417e-01
1.2890e+04,1.5479e-01,8.0918e-01,1.7501e+01,6.9042e-01,1.5421e-01
1.2900e+04,1.5461e-01,8.0904e-01,1.7501e+01,6.9057e-01,1.5425e-01
1.2910e+04,1.5442e-01,8.0890e-01,1.7501e+01,6.9071e-01,1.5430e-01
1.2920e+04,1.5424e-01,8.0875e-01,1.7501e+01,6.9085e-01,1.5434e-01
1.2930e+04,1.5405e-01,8.0861e-01,1.7501e+01,6.9099e-01,1.5439e-01
1.2940e+04,1.5386e-01,8.0847e-01,1.7501e+01,6.9113e-01,1.5443e-01
1.2950e+04,1.5368e-01,8.0833e-01,1.7501e+01,6.9128e-01,1.5447e-01
1.2960e+04,1.5349e-01,8.0819e-01,1.7501e+01,6.9142e-01,1.5452e-01
1.2970e+04,1.5331e-01,8.0805e-01,1.7501e+01,6.9156e-01,1.5456e-01
1.2980e+04,1.5312e-01,8.0790e-01,1.7501e+01,6.9170e-01,1.5461e-01
1.2990e+04,1.5294e-01,8.0776e-01,1.7501e+01,6.9184e-01,1.5465e-01
1.3000e+04,1.5276e-01,8.0762e-01,1.7501e+01,6.9198e-01,1.5469e-01
1.3010e+04,1.5257e-01,8.0748e-01,1.7501e+01,6.9212e-01,1.5474e-01
1.3020e+04,1.5239e-01,8.0734e-01,1.7501e+01,6.9226e-01,1.5478e-01
1.3030e+04,1.5220e-01,8.0720e-01,1.7501e+01,6.9240e-01,1.5482e-01
1.3040e+04,1.5202e-01,8.0706e-01,1.7501e+01,6.9254e-01,1.5487e-01
1.3050e+04,1.5184e-01,8.0692e-01,1.7501e+01,6.9268e-01,1.5491e-01
1.3060e+04,1.5165e-01,8.0678e-01,1.7501e+01,6.9282e-01,1.5495e-01
1.3070e+04,1.5147e-01,8.0664e-01,1.7501e+01,6.9296e-01,1.5500e-01
1.3080e+04,1.5129e-01,8.0650e-01,1.7501e+01,6.9310e-01,1.5504e-01
1.3090e+04,1.5111e-01,8.0637e-01,1.7501e+01,6.9324e-01,1.5508e-01
1.3100e+04,1.5093e-01,8.0623e-01,1.7501e+01,6.9338e-01,1.5513e-01
1.3110e+04,1.5074e-01,8.0609e-01,1.7501e+01,6.9352e-01,1.5517e-01
1.3120e+04,1.5056e-01,8.0595e-01,1.7501e+01,6.9365e-01,1.5521e-01
1.3130e+04,1.5038e-01,8.0581e-01,1.7501e+01,6.9379e-01,1.5525e-01
1.3140e+04,1.5020e-01,8.0567e-01,1.7501e+01,6.9393e-01,1.5530e-01
1.3150e+04,1.5002e-01,8.0554e-01,1.7501e+01,6.9407e-01,1.5534e-01
1.3160e+04,1.4984e-01,8.0540e-01,1.7501e+01,6.9421e-01,1.5538e-01
1.3170e+04,1.4966e-01,8.0526e-01,1.7501e+01,6.9434e-01,1.5542e-01
1.3180e+04,1.4948e-01,8.0512e-01,1.7501e+01,6.9448e-01,1.5547e-01
1.3190e+04,1.4930e-01,8.0499e-01,1.7501e+01,6.9462e-01,1.5551e-01
1.3200e+04,1.4912e-01,8.0485e-01,1.7501e+01,6.9475e-01,1.5555e-01
1.3210e+04,1.4894e-01,8.0471e-01,1.7501e+01,6.9489e-01,1.5560e-01
1.3220e+04,1.4876e-01,8.0458e-01,1.7501e+01,6.9503e-01,1.5564e-01
1.3230e+04,1.4859e-01,8.0444e-01,1.7501e+01,6.9516e-01,1.5568e-01
1.3240e+04,1.4841e-01,8.0430e-01,1.7501e+01,6.9530e-01,1.5572e-01
1.3250e+04,1.4823e-01,8.0417e-01,1.7501e+01,6.9544e-01,1.5576e-01
1.3260e+04,1.4805e-01,8.0403e-01,1.7501e+01,6.9557e-01,1.5581e-01
1.3270e+04,1.4787e-01,8.0390e-01,1.7501e+01,6.9571e-01,1.5585e-01
1.3280e+04,1.4770e-01,8.0376e-01,1.7501e+01,6.9584e-01,1.5589e-01
1.3290e+04,1.4752e-01,8.0362e-01,1.7501e+01,6.9598e-01,1.5593e-01
1.3300e+04,1.4734e-01,8.0349e-01,1.7501e+01,6.9611e-01,1.5597e-01
1.3310e+04,1.4716e-01,8.0335e-01,1.7501e+01,6.9625e-01,1.5602e-01
1.3320e+04,1.4699e-01,8.0322e-01,1.7501e+01,6.9638e-01,1.5606e-01
1.3330e+04,1.4681e-01,8.0309e-01,1.7501e+01,6.9652e-01,1.5610e-01
1.3340e+04,1.4664e-01,8.0295e-01,1.7501e+01,6.9665e-01,1.5614e-01
1.3350e+04,1.4646e-01,8.0282e-01,1.7501e+01,6.9678e-01,1.5618e-01
1.3360e+04,1.4628e-01,8.0268e-01,1.7501e+01,6.9692e-01,1.5623e-01
1.3370e+04,1.4611e-01,8.0255e-01,1.7501e+01,6.9705e-01,1.5627e-01
1.3380e+04,1.4593e-01,8.0242e-01,1.7501e+01,6.9719e-01,1.5631e-01
1.3390e+04,1.4576e-01,8.0228e-01,1.7501e+01,6.9732e-01,1.5635e-01
1.3400e+04,1.4558e-01,8.0215e-01,1.7501e+01,6.9745e-01,1.5639e-01
1.3410e+04,1.4541e-01,8.0202e-01,1.7501e+01,6.9759e-01,1.5643e-01
1.3420e+04,1.4524e-01,8.0188e-01,1.7501e+01,6.9772e-01,1.5647e-01
1.3430e+04,1.4506e-01,8.0175e-01,1.7501e+01,6.9785e-01,1.5652e-01
1.3440e+04,1.4489e-01,8.0162e-01,1.7501e+01,6.9798e-01,1.5656e-01
1.3450e+04,1.4471e-01,8.0149e-01,1.7501e+01,6.9812e-01,1.5660e-01
1.3460e+04,1.4454e-01,8.0135e-01,1.7501e+01,6.9825e-01,1.5664e-01
1.3470e+04,1.4437e-01,8.0122e-01,1.7501e+01,6.9838e-01,1.5668e-01
1.3480e+04,1.4420e-01,8.0109e-01,1.7501e+01,6.9851e-01,1.5672e-01
1.3490e+04,1.4402e-01,8.0096e-01,1.7501e+01,6.9864e-01,1.5676e-01
1.3500e+04,1.4385e-01,8.0083e-01,1.7501e+01,6.9877e-01,1.5680e-01
1.3510e+04,1.4368e-01,8.0070e-01,1.7501e+01,6.9890e-01,1.5685e-01
1.3520e+04,1.4351e-01,8.0056e-01,1.7501e+01,6.9904e-01,1.5689e-01
1.3530e+04,1.4334e-01,8.0043e-01,1.7501e+01,6.9917e-01,1.5693e-01
1.3540e+04,1.4316e-01,8.0030e-01,1.7501e+01,6.9930e-01,1.5697e-01
1.3550e+04,1.4299e-01,8.0017e-01,1.7501e+01,6.9943e-01,1.5701e-01
1.3560e+04,1.4282e-01,8.0004e-01,1.7501e+01,6.9956e-01,1.5705e-01
1.3570e+04,1.4265e-01,7.9991e-01,1.7501e+01,6.9969e-01,1.5709e-01
1.3580e+04,1.4248e-01,7.9978e-01,1.7501e+01,6.9982e-01,1.5713e-01
1.3590e+04,1.4231e-01,7.9965e-01,1.7501e+01,6.9995e-01,1.5717e-01
1.3600e+04,1.4214e-01,7.9952e-01,1.7501e+01,7.0008e-01,1.5721e-01
1.3610e+04,1.4197e-01,7.9939e-01,1.7501e+01,7.0021e-01,1.5725e-01
1.3620e+04,1.4180e-01,7.9926e-01,1.7501e+01,7.0034e-01,1.5729e-01
1.3630e+04,1.4163e-01,7.9913e-01,1.7501e+01,7.0047e-01,1.5733e-01
1.3640e+04,1.4146e-01,7.9901e-01,1.7501e+01,7.0059e-01,1.5737e-01
1.3650e+04,1.4129e-01,7.9888e-01,1.7501e+01,7.0072e-01,1.5741e-01
1.3660e+04,1.4112e-01,7.9875e-01,1.7501e+01,7.0085e-01,1.5745e-01
1.3670e+04,1.4096e-01,7.9862e-01,1.7501e+01,7.0098e-01,1.5749e-01
1.3680e+04,1.4079e-01,7.9849e-01,1.7501e+01,7.0111e-01,1.5753e-01
1.3690e+04,1.4062e-01,7.9836e-01,1.7501e+01,7.0124e-01,1.5757e-01
1.3700e+04,1.4045e-01,7.9824e-01,1.7501e+01,7.0136e-01,1.5761e-01
1.3710e+04,1.4028e-01,7.9811e-01,1.7501e+01,7.0149e-01,1.5765e-01
1.3720e+04,1.4012e-01,7.9798e-01,1.7501e+01,7.0162e-01,1.5769e-01
1.3730e+04,1.3995e-01,7.9785e-01,1.7501e+01,7.0175e-01,1.5773e-01
1.3740e+04,1.3978e-01,7.9773e-01,1.7501e+01,7.0187e-01,1.5777e-01
1.3750e+04,1.3962e-01,7.9760e-01,1.7501e+01,7.0200e-01,1.5781e-01
1.3760e+04,1.3945e-01,7.9747e-01,1.7501e+01,7.0213e-01,1.5785e-01
1.3770e+04,1.3928e-01,7.9734e-01,1.7501e+01,7.0225e-01,1.5789e-01
1.3780e+04,1.3912e-01,7.9722e-01,1.7501e+01,7.0238e-01,1.5793e-01
1.3790e+04,1.3895e-01,7.9709e-01,1.7501e+01,7.0251e-01,1.5797e-01
1.3800e+04,1.3878e-01,7.9697e-01,1.7501e+01,7.0263e-01,1.5801e-01
1.3810e+04,1.3862e-01,7.9684e-01,1.7501e+01,7.0276e-01,1.5805e-01
1.3820e+04,1.3845e-01,7.9671e-01,1.7501e+01,7.0288e-01,1.5809e-01
1.3830e+04,1.3829e-01,7.9659e-01,1.7501e+01,7.0301e-01,1.5813e-01
1.3840e+04,1.3812e-01,7.9646e-01,1.7501e+01,7.0314e-01,1.5817e-01
1.3850e+04,1.3796e-01,7.9634e-01,1.7501e+01,7.0326e-01,1.5821e-01
1.3860e+04,1.3780e-01,7.9621e-01,1.7501e+01,7.0339e-01,1.5825e-01
1.3870e+04,1.3763e-01,7.9609e-01,1.7501e+01,7.0351e-01,1.5829e-01
1.3880e+04,1.3747e-01,7.9596e-01,1.7501e+01,7.0364e-01,1.5833e-01
1.3890e+04,1.3730e-01,7.9584e-01,1.7501e+01,7.0376e-01,1.5837e-01
1.3900e+04,1.3714e-01,7.9571e-01,1.7501e+01,7.0388e-01,1.5840e-01
1.3910e+04,1.3698e-01,7.9559e-01,1.7501e+01,7.0401e-01,1.5844e-01
1.3920e+04,1.3681e-01,7.9546e-01,1.7501e+01,7.0413e-01,1.5848e-01
1.3930e+04,1.3665e-01,7.9534e-01,1.7501e+01,7.0426e-01,1.5852e-01
1.3940e+04,1.3649e-01,7.9522e-01,1.7501e+01,7.0438e-01,1.5856e-01
1.3950e+04,1.3633e-01,7.9509e-01,1.7501e+01,7.0450e-01,1.5860e-01
1.3960e+04,1.3616e-01,7.9497e-01,1.7501e+01,7.0463e-01,1.5864e-01
1.3970e+04,1.3600e-01,7.9485e-01,1.7501e+01,7.0475e-01,1.5868e-01
1.3980e+04,1.3584e-01,7.9472e-01,1.7501e+01,7.0487e-01,1.5872e-01
1.3990e+04,1.3568e-01,7.9460e-01,1.7501e+01,7.0500e-01,1.5875e-01
1.4000e+04,1.3552e-01,7.9448e-01,1.7501e+01,7.0512e-01,1.5879e-01
1.4010e+04,1.3536e-01,7.9435e-01,1.7501e+01,7.0524e-01,1.5883e-01
1.4020e+04,1.3519e-01,7.9423e-01,1.7501e+01,7.0536e-01,1.5887e-01
1.4030e+04,1.3503e-01,7.9411e-01,1.7501e+01,7.0549e-01,1.5891e-01
1.4040e+04,1.3487e-01,7.9399e-01,1.7501e+01,7.0561e-01,1.5895e-01
1.4050e+04,1.3471e-01,7.9387e-01,1.7501e+01,7.0573e-01,1.5899e-01
1.4060e+04,1.3455e-01,7.9374e-01,1.7501e+01,7.0585e-01,1.5902e-01
1.4070e+04,1.3439e-01,7.9362e-01,1.7501e+01,7.0597e-01,1.5906e-01
1.4080e+04,1.3423e-01,7.9350e-01,1.7501e+01,7.0610e-01,1.5910e-01
1.4090e+04,1.3407e-01,7.9338e-01,1.7501e+01,7.0622e-01,1.5914e-01
1.4100e+04,1.3391e-01,7.9326e-01,1.7501e+01,7.0634e-01,1.5918e-01
1.4110e+04,1.3375e-01,7.9314e-01,1.7501e+01,7.0646e-01,1.5921e-01
1.4120e+04,1.3360e-01,7.9302e-01,1.7501e+01,7.0658e-01,1.5925e-01
1.4130e+04,1.3344e-01,7.9290e-01,1.7501e+01,7.0670e-01,1.5929e-01
1.4140e+04,1.3328e-01,7.9278e-01,1.7501e+01,7.0682e-01,1.5933e-01
1.4150e+04,1.3312e-01,7.9265e-01,1.7501e+01,7.0694e-01,1.5937e-01
1.4160e+04,1.3296e-01,7.9253e-01,1.7501e+01,7.0706e-01,1.5940e-01
1.4170e+04,1.3280e-01,7.9241e-01,1.7501e+01,7.0718e-01,1.5944e-01
1.4180e+04,1.3265e-01,7.9229e-01,1.7501e+01,7.0730e-01,1.5948e-01
1.4190e+04,1.3249e-01,7.9217e-01,1.7501e+01,7.0742e-01,1.5952e-01
1.4200e+04,1.3233e-01,7.9206e-01,1.7501e+01,7.0754e-01,1.5956e-01
1.4210e+04,1.3218e-01,7.9194e-01,1.7501e+01,7.0766e-01,1.5959e-01
1.4220e+04,1.3202e-01,7.9182e-01,1.7501e+01,7.0778e-01,1.5963e-01
1.4230e+04,1.3186e-01,7.9170e-01,1.7501e+01,7.0790e-01,1.5967e-01
1.4240e+04,1.3171e-01,7.9158e-01,1.7501e+01,7.0802e-01,1.5971e-01
1.4250e+04,1.3155e-01,7.9146e-01,1.7501e+01,7.0814e-01,1.5974e-01
1.4260e+04,1.3139e-01,7.9134e-01,1.7501e+01,7.0825e-01,1.5978e-01
1.4270e+04,1.3124e-01,7.9122e-01,1.7501e+01,7.0837e-01,1.5982e-01
1.4280e+04,1.3108e-01,7.9110e-01,1.7501e+01,7.0849e-01,1.5986e-01
1.4290e+04,1.3093e-01,7.9099e-01,1.7501e+01,7.0861e-01,1.5989e-01
1.4300e+04,1.3077e-01,7.9087e-01,1.7501e+01,7.0873e-01,1.5993e-01
1.4310e+04,1.3062e-01,7.9075e-01,1.7501e+01,7.0884e-01,1.5997e-01
1.4320e+04,1.3046e-01,7.9063e-01,1.7501e+01,7.0896e-01,1.6001e-01
1.4330e+04,1.3031e-01,7.9052e-01,1.7501e+01,7.0908e-01,1.6004e-01
1.4340e+04,1.3015e-01,7.9040e-01,1.7501e+01,7.0920e-01,1.6008e-01
1.4350e+04,1.3000e-01,7.9028e-01,1.7501e+01,7.0931e-01,1.6012e-01
1.4360e+04,1.2984e-01,7.9016e-01,1.7501e+01,7.0943e-01,1.6015e-01
1.4370e+04,1.2969e-01,7.9005e-01,1.7501e+01,7.0955e-01,1.6019e-01
1.4380e+04,1.2954e-01,7.8993e-01,1.7501e+01,7.0966e-01,1.6023e-01
1.4390e+04,1.2938e-01,7.8981e-01,1.7501e+01,7.0978e-01,1.6026e-01
