t,[L2M],[D],[L],[L2MD],[L2Ms]
0.0000e+00,1.0000e+00,1.5000e+00,7.5000e+00,0.0000e+00,0.0000e+00
1.0000e+01,9.9410e-01,1.4961e+00,7.5013e+00,3.9168e-03,6.5366e-04
2.0000e+01,9.8953e-01,1.4922e+00,7.5013e+00,7.8263e-03,1.3078e-03
3.0000e+01,9.8500e-01,1.4883e+00,7.5013e+00,1.1708e-02,1.9590e-03
4.0000e+01,9.8050e-01,1.4844e+00,7.5013e+00,1.5562e-02,2.6072e-03
5.0000e+01,9.7603e-01,1.4806e+00,7.5013e+00,1.9388e-02,3.2524e-03
6.0000e+01,9.7159e-01,1.4768e+00,7.5013e+00,2.3187e-02,3.8947e-03
7.0000e+01,9.6718e-01,1.4730e+00,7.5013e+00,2.6959e-02,4.5341e-03
8.0000e+01,9.6279e-01,1.4692e+00,7.5013e+00,3.0705e-02,5.1707e-03
9.0000e+01,9.5844e-01,1.4655e+00,7.5013e+00,3.4424e-02,5.8043e-03
1.0000e+02,9.5412e-01,1.4618e+00,7.5013e+00,3.8117e-02,6.4351e-03
1.1000e+02,9.4982e-01,1.4581e+00,7.5013e+00,4.1785e-02,7.0631e-03
1.2000e+02,9.4555e-01,1.4545e+00,7.5013e+00,4.5427e-02,7.6883e-03
1.3000e+02,9.4131e-01,1.4509e+00,7.5013e+00,4.9043e-02,8.3106e-03
1.4000e+02,9.3710e-01,1.4473e+00,7.5013e+00,5.2635e-02,8.9302e-03
1.5000e+02,9.3292e-01,1.4437e+00,7.5013e+00,5.6201e-02,9.5471e-03
1.6000e+02,9.2876e-01,1.4402e+00,7.5013e+00,5.9743e-02,1.0161e-02
1.7000e+02,9.2464e-01,1.4366e+00,7.5013e+00,6.3261e-02,1.0773e-02
1.8000e+02,9.2053e-01,1.4331e+00,7.5013e+00,6.6754e-02,1.1381e-02
1.9000e+02,9.1646e-01,1.4297e+00,7.5013e+00,7.0224e-02,1.1987e-02
2.0000e+02,9.1241e-01,1.4262e+00,7.5013e+00,7.3670e-02,1.2591e-02
2.1000e+02,9.0838e-01,1.4228e+00,7.5013e+00,7.7093e-02,1.3191e-02
2.2000e+02,9.0439e-01,1.4194e+00,7.5013e+00,8.0492e-02,1.3789e-02
2.3000e+02,9.0042e-01,1.4160e+00,7.5013e+00,8.3869e-02,1.4385e-02
2.4000e+02,8.9647e-01,1.4127e+00,7.5013e+00,8.7222e-02,1.4977e-02
2.5000e+02,8.9255e-01,1.4093e+00,7.5013e+00,9.0554e-02,1.5568e-02
2.6000e+02,8.8865e-01,1.4060e+00,7.5013e+00,9.3863e-02,1.6155e-02
2.7000e+02,8.8478e-01,1.4027e+00,7.5013e+00,9.7149e-02,1.6740e-02
2.8000e+02,8.8093e-01,1.3994e+00,7.5013e+00,1.0041e-01,1.7323e-02
2.9000e+02,8.7711e-01,1.3962e+00,7.5013e+00,1.0366e-01,1.7903e-02
3.0000e+02,8.7331e-01,1.3930e+00,7.5013e+00,1.0688e-01,1.8481e-02
3.1000e+02,8.6953e-01,1.3898e+00,7.5013e+00,1.1008e-01,1.9056e-02
3.2000e+02,8.6578e-01,1.3866e+00,7.5013e+00,1.1326e-01,1.9628e-02
3.3000e+02,8.6205e-01,1.3834e+00,7.5013e+00,1.1642e-01,2.0198e-02
3.4000e+02,8.5835e-01,1.3803e+00,7.5013e+00,1.1956e-01,2.0766e-02
3.5000e+02,8.5466e-01,1.3772e+00,7.5013e+00,1.2267e-01,2.1331e-02
3.6000e+02,8.5101e-01,1.3741e+00,7.5013e+00,1.2577e-01,2.1894e-02
3.7000e+02,8.4737e-01,1.3710e+00,7.5013e+00,1.2885e-01,2.2455e-02
3.8000e+02,8.4375e-01,1.3679e+00,7.5013e+00,1.3190e-01,2.3013e-02
3.9000e+02,8.4016e-01,1.3649e+00,7.5013e+00,1.3494e-01,2.3568e-02
4.0000e+02,8.3659e-01,1.3619e+00,7.5013e+00,1.3796e-01,2.4122e-02
4.1000e+02,8.3304e-01,1.3588e+00,7.5013e+00,1.4096e-01,2.4673e-02
4.2000e+02,8.2951e-01,1.3559e+00,7.5013e+00,1.4394e-01,2.5221e-02
4.3000e+02,8.2601e-01,1.3529e+00,7.5013e+00,1.4689e-01,2.5768e-02
4.4000e+02,8.2252e-01,1.3500e+00,7.5013e+00,1.4984e-01,2.6312e-02
4.5000e+02,8.1906e-01,1.3470e+00,7.5013e+00,1.5276e-01,2.6853e-02
4.6000e+02,8.1561e-01,1.3441e+00,7.5013e+00,1.5566e-01,2.7393e-02
4.7000e+02,8.1219e-01,1.3412e+00,7.5013e+00,1.5855e-01,2.7930e-02
4.8000e+02,8.0879e-01,1.3384e+00,7.5013e+00,1.6141e-01,2.8465e-02
4.9000e+02,8.0541e-01,1.3355e+00,7.5013e+00,1.6426e-01,2.8998e-02
5.0000e+02,8.0205e-01,1.3327e+00,7.5013e+00,1.6709e-01,2.9528e-02
5.1000e+02,7.9870e-01,1.3299e+00,7.5013e+00,1.6991e-01,3.0057e-02
5.2000e+02,7.9538e-01,1.3271e+00,7.5013e+00,1.7270e-01,3.0583e-02
5.3000e+02,7.9208e-01,1.3243e+00,7.5013e+00,1.7548e-01,3.1107e-02
5.4000e+02,7.8880e-01,1.3215e+00,7.5013e+00,1.7824e-01,3.1629e-02
5.5000e+02,7.8553e-01,1.3188e+00,7.5013e+00,1.8099e-01,3.2148e-02
5.6000e+02,7.8229e-01,1.3160e+00,7.5013e+00,1.8371e-01,3.2666e-02
5.7000e+02,7.7906e-01,1.3133e+00,7.5013e+00,1.8642e-01,3.3181e-02
5.8000e+02,7.7586e-01,1.3106e+00,7.5013e+00,1.8912e-01,3.3694e-02
5.9000e+02,7.7267e-01,1.3079e+00,7.5013e+00,1.9180e-01,3.4206e-02
6.0000e+02,7.6950e-01,1.3053e+00,7.5013e+00,1.9446e-01,3.4715e-02
6.1000e+02,7.6635e-01,1.3026e+00,7.5013e+00,1.9710e-01,3.5222e-02
6.2000e+02,7.6321e-01,1.3000e+00,7.5013e+00,1.9973e-01,3.5727e-02
6.3000e+02,7.6010e-01,1.2974e+00,7.5013e+00,2.0234e-01,3.6229e-02
6.4000e+02,7.5700e-01,1.2948e+00,7.5013e+00,2.0494e-01,3.6730e-02
6.5000e+02,7.5392e-01,1.2922e+00,7.5013e+00,2.0752e-01,3.7229e-02
6.6000e+02,7.5086e-01,1.2896e+00,7.5013e+00,2.1008e-01,3.7726e-02
6.7000e+02,7.4782e-01,1.2871e+00,7.5013e+00,2.1263e-01,3.8221e-02
6.8000e+02,7.4479e-01,1.2845e+00,7.5013e+00,2.1517e-01,3.8713e-02
6.9000e+02,7.4178e-01,1.2820e+00,7.5013e+00,2.1769e-01,3.9204e-02
7.0000e+02,7.3879e-01,1.2795e+00,7.5013e+00,2.2019e-01,3.9693e-02
7.1000e+02,7.3581e-01,1.2770e+00,7.5013e+00,2.2268e-01,4.0180e-02
7.2000e+02,7.3285e-01,1.2745e+00,7.5013e+00,2.2515e-01,4.0665e-02
7.3000e+02,7.2991e-01,1.2721e+00,7.5013e+00,2.2761e-01,4.1148e-02
7.4000e+02,7.2698e-01,1.2696e+00,7.5013e+00,2.3006e-01,4.1629e-02
7.5000e+02,7.2407e-01,1.2672e+00,7.5013e+00,2.3249e-01,4.2108e-02
7.6000e+02,7.2118e-01,1.2648e+00,7.5013e+00,2.3491e-01,4.2585e-02
7.7000e+02,7.1830e-01,1.2624e+00,7.5013e+00,2.3731e-01,4.3060e-02
7.8000e+02,7.1544e-01,1.2600e+00,7.5013e+00,2.3970e-01,4.3533e-02
7.9000e+02,7.1259e-01,1.2576e+00,7.5013e+00,2.4207e-01,4.4005e-02
8.0000e+02,7.0976e-01,1.2552e+00,7.5013e+00,2.4443e-01,4.4475e-02
8.1000e+02,7.0695e-01,1.2529e+00,7.5013e+00,2.4678e-01,4.4942e-02
8.2000e+02,7.0415e-01,1.2506e+00,7.5013e+00,2.4911e-01,4.5408e-02
8.3000e+02,7.0137e-01,1.2482e+00,7.5013e+00,2.5143e-01,4.5872e-02
8.4000e+02,6.9860e-01,1.2459e+00,7.5013e+00,2.5374e-01,4.6335e-02
8.5000e+02,6.9585e-01,1.2436e+00,7.5013e+00,2.5603e-01,4.6795e-02
8.6000e+02,6.9311e-01,1.2413e+00,7.5013e+00,2.5831e-01,4.7254e-02
8.7000e+02,6.9038e-01,1.2391e+00,7.5013e+00,2.6057e-01,4.7711e-02
8.8000e+02,6.8768e-01,1.2368e+00,7.5013e+00,2.6283e-01,4.8166e-02
8.9000e+02,6.8498e-01,1.2346e+00,7.5013e+00,2.6507e-01,4.8619e-02
9.0000e+02,6.8230e-01,1.2323e+00,7.5013e+00,2.6730e-01,4.9070e-02
9.1000e+02,6.7964e-01,1.2301e+00,7.5013e+00,2.6951e-01,4.9520e-02
9.2000e+02,6.7699e-01,1.2279e+00,7.5013e+00,2.7171e-01,4.9968e-02
9.3000e+02,6.7435e-01,1.2257e+00,7.5013e+00,2.7390e-01,5.0414e-02
9.4000e+02,6.7173e-01,1.2235e+00,7.5013e+00,2.7608e-01,5.0859e-02
9.5000e+02,6.6912e-01,1.2214e+00,7.5013e+00,2.7825e-01,5.1302e-02
9.6000e+02,6.6653e-01,1.2192e+00,7.5013e+00,2.8040e-01,5.1743e-02
9.7000e+02,6.6395e-01,1.2171e+00,7.5013e+00,2.8254e-01,5.2182e-02
9.8000e+02,6.6138e-01,1.2149e+00,7.5013e+00,2.8467e-01,5.2620e-02
9.9000e+02,6.5883e-01,1.2128e+00,7.5013e+00,2.8679e-01,5.3056e-02
1.0000e+03,6.5629e-01,1.2107e+00,7.5013e+00,2.8889e-01,5.3490e-02
1.0100e+03,6.5376e-01,1.2086e+00,7.5013e+00,2.9098e-01,5.3923e-02
1.0200e+03,6.5125e-01,1.2065e+00,7.5013e+00,2.9307e-01,5.4354e-02
1.0300e+03,6.4875e-01,1.2045e+00,7.5013e+00,2.9514e-01,5.4783e-02
1.0400e+03,6.4626e-01,1.2024e+00,7.5013e+00,2.9720e-01,5.5211e-02
1.0500e+03,6.4379e-01,1.2004e+00,7.5013e+00,2.9924e-01,5.5637e-02
1.0600e+03,6.4133e-01,1.1983e+00,7.5013e+00,3.0128e-01,5.6062e-02
1.0700e+03,6.3888e-01,1.1963e+00,7.5013e+00,3.0330e-01,5.6484e-02
1.0800e+03,6.3644e-01,1.1943e+00,7.5013e+00,3.0532e-01,5.6906e-02
1.0900e+03,6.3402e-01,1.1923e+00,7.5013e+00,3.0732e-01,5.7325e-02
1.1000e+03,6.3161e-01,1.1903e+00,7.5013e+00,3.0931e-01,5.7743e-02
1.1100e+03,6.2921e-01,1.1883e+00,7.5013e+00,3.1129e-01,5.8160e-02
1.1200e+03,6.2683e-01,1.1863e+00,7.5013e+00,3.1327e-01,5.8575e-02
1.1300e+03,6.2446e-01,1.1843e+00,7.5013e+00,3.1522e-01,5.8988e-02
1.1400e+03,6.2210e-01,1.1824e+00,7.5013e+00,3.1717e-01,5.9400e-02
1.1500e+03,6.1975e-01,1.1805e+00,7.5013e+00,3.1911e-01,5.9810e-02
1.1600e+03,6.1741e-01,1.1785e+00,7.5013e+00,3.2104e-01,6.0219e-02
1.1700e+03,6.1508e-01,1.1766e+00,7.5013e+00,3.2296e-01,6.0626e-02
1.1800e+03,6.1277e-01,1.1747e+00,7.5013e+00,3.2487e-01,6.1031e-02
1.1900e+03,6.1047e-01,1.1728e+00,7.5013e+00,3.2676e-01,6.1435e-02
1.2000e+03,6.0818e-01,1.1709e+00,7.5013e+00,3.2865e-01,6.1838e-02
1.2100e+03,6.0590e-01,1.1690e+00,7.5013e+00,3.3053e-01,6.2239e-02
1.2200e+03,6.0364e-01,1.1672e+00,7.5013e+00,3.3239e-01,6.2639e-02
1.2300e+03,6.0138e-01,1.1653e+00,7.5013e+00,3.3425e-01,6.3037e-02
1.2400e+03,5.9914e-01,1.1634e+00,7.5013e+00,3.3610e-01,6.3433e-02
1.2500e+03,5.9691e-01,1.1616e+00,7.5013e+00,3.3793e-01,6.3828e-02
1.2600e+03,5.9468e-01,1.1598e+00,7.5013e+00,3.3976e-01,6.4222e-02
1.2700e+03,5.9247e-01,1.1580e+00,7.5013e+00,3.4158e-01,6.4614e-02
1.2800e+03,5.9028e-01,1.1561e+00,7.5013e+00,3.4339e-01,6.5005e-02
1.2900e+03,5.8809e-01,1.1543e+00,7.5013e+00,3.4519e-01,6.5394e-02
1.3000e+03,5.8591e-01,1.1526e+00,7.5013e+00,3.4698e-01,6.5782e-02
1.3100e+03,5.8374e-01,1.1508e+00,7.5013e+00,3.4876e-01,6.6168e-02
1.3200e+03,5.8159e-01,1.1490e+00,7.5013e+00,3.5053e-01,6.6553e-02
1.3300e+03,5.7944e-01,1.1472e+00,7.5013e+00,3.5229e-01,6.6937e-02
1.3400e+03,5.7731e-01,1.1455e+00,7.5013e+00,3.5404e-01,6.7319e-02
1.3500e+03,5.7518e-01,1.1437e+00,7.5013e+00,3.5579e-01,6.7700e-02
1.3600e+03,5.7307e-01,1.1420e+00,7.5013e+00,3.5752e-01,6.8079e-02
1.3700e+03,5.7097e-01,1.1403e+00,7.5013e+00,3.5924e-01,6.8457e-02
1.3800e+03,5.6887e-01,1.1386e+00,7.5013e+00,3.6096e-01,6.8834e-02
1.3900e+03,5.6679e-01,1.1368e+00,7.5013e+00,3.6267e-01,6.9209e-02
1.4000e+03,5.6472e-01,1.1351e+00,7.5013e+00,3.6437e-01,6.9583e-02
1.4100e+03,5.6266e-01,1.1335e+00,7.5013e+00,3.6606e-01,6.9955e-02
1.4200e+03,5.6060e-01,1.1318e+00,7.5013e+00,3.6774e-01,7.0327e-02
1.4300e+03,5.5856e-01,1.1301e+00,7.5013e+00,3.6941e-01,7.0696e-02
1.4400e+03,5.5653e-01,1.1284e+00,7.5013e+00,3.7108e-01,7.1065e-02
1.4500e+03,5.5451e-01,1.1268e+00,7.5013e+00,3.7273e-01,7.1432e-02
1.4600e+03,5.5249e-01,1.1251e+00,7.5013e+00,3.7438e-01,7.1798e-02
1.4700e+03,5.5049e-01,1.1235e+00,7.5013e+00,3.7602e-01,7.2162e-02
1.4800e+03,5.4849e-01,1.1218e+00,7.5013e+00,3.7765e-01,7.2525e-02
1.4900e+03,5.4651e-01,1.1202e+00,7.5013e+00,3.7927e-01,7.2887e-02
1.5000e+03,5.4454e-01,1.1186e+00,7.5013e+00,3.8089e-01,7.3248e-02
1.5100e+03,5.4257e-01,1.1170e+00,7.5013e+00,3.8249e-01,7.3607e-02
1.5200e+03,5.4061e-01,1.1154e+00,7.5013e+00,3.8409e-01,7.3965e-02
1.5300e+03,5.3867e-01,1.1138e+00,7.5013e+00,3.8568e-01,7.4321e-02
1.5400e+03,5.3673e-01,1.1122e+00,7.5013e+00,3.8726e-01,7.4677e-02
1.5500e+03,5.3480e-01,1.1106e+00,7.5013e+00,3.8884e-01,7.5031e-02
1.5600e+03,5.3288e-01,1.1091e+00,7.5013e+00,3.9040e-01,7.5383e-02
1.5700e+03,5.3097e-01,1.1075e+00,7.5013e+00,3.9196e-01,7.5735e-02
1.5800e+03,5.2907e-01,1.1060e+00,7.5013e+00,3.9351e-01,7.6085e-02
1.5900e+03,5.2718e-01,1.1044e+00,7.5013e+00,3.9505e-01,7.6434e-02
1.6000e+03,5.2530e-01,1.1029e+00,7.5013e+00,3.9659e-01,7.6782e-02
1.6100e+03,5.2342e-01,1.1013e+00,7.5013e+00,3.9812e-01,7.7129e-02
1.6200e+03,5.2156e-01,1.0998e+00,7.5013e+00,3.9964e-01,7.7474e-02
1.6300e+03,5.1970e-01,1.0983e+00,7.5013e+00,4.0115e-01,7.7818e-02
1.6400e+03,5.1785e-01,1.0968e+00,7.5013e+00,4.0266e-01,7.8161e-02
1.6500e+03,5.1601e-01,1.0953e+00,7.5013e+00,4.0415e-01,7.8503e-02
1.6600e+03,5.1418e-01,1.0938e+00,7.5013e+00,4.0564e-01,7.8843e-02
1.6700e+03,5.1236e-01,1.0923e+00,7.5013e+00,4.0713e-01,7.9182e-02
1.6800e+03,5.1055e-01,1.0908e+00,7.5013e+00,4.0860e-01,7.9520e-02
1.6900e+03,5.0874e-01,1.0894e+00,7.5013e+00,4.1007e-01,7.9857e-02
1.7000e+03,5.0694e-01,1.0879e+00,7.5013e+00,4.1153e-01,8.0193e-02
1.7100e+03,5.0515e-01,1.0865e+00,7.5013e+00,4.1299e-01,8.0527e-02
1.7200e+03,5.0337e-01,1.0850e+00,7.5013e+00,4.1444e-01,8.0861e-02
1.7300e+03,5.0160e-01,1.0836e+00,7.5013e+00,4.1588e-01,8.1193e-02
1.7400e+03,4.9984e-01,1.0821e+00,7.5013e+00,4.1731e-01,8.1524e-02
1.7500e+03,4.9808e-01,1.0807e+00,7.5013e+00,4.1874e-01,8.1854e-02
1.7600e+03,4.9633e-01,1.0793e+00,7.5013e+00,4.2016e-01,8.2182e-02
1.7700e+03,4.9459e-01,1.0779e+00,7.5013e+00,4.2157e-01,8.2510e-02
1.7800e+03,4.9286e-01,1.0765e+00,7.5013e+00,4.2298e-01,8.2836e-02
1.7900e+03,4.9113e-01,1.0751e+00,7.5013e+00,4.2437e-01,8.3161e-02
1.8000e+03,4.8942e-01,1.0737e+00,7.5013e+00,4.2577e-01,8.3485e-02
1.8100e+03,4.8771e-01,1.0723e+00,7.5013e+00,4.2715e-01,8.3808e-02
1.8200e+03,4.8601e-01,1.0709e+00,7.5013e+00,4.2853e-01,8.4130e-02
1.8300e+03,4.8431e-01,1.0695e+00,7.5013e+00,4.2991e-01,8.4451e-02
1.8400e+03,4.8263e-01,1.0681e+00,7.5013e+00,4.3127e-01,8.4770e-02
1.8500e+03,4.8095e-01,1.0668e+00,7.5013e+00,4.3263e-01,8.5089e-02
1.8600e+03,4.7928e-01,1.0654e+00,7.5013e+00,4.3399e-01,8.5406e-02
1.8700e+03,4.7761e-01,1.0641e+00,7.5013e+00,4.3533e-01,8.5722e-02
1.8800e+03,4.7596e-01,1.0627e+00,7.5013e+00,4.3667e-01,8.6038e-02
1.8900e+03,4.7431e-01,1.0614e+00,7.5013e+00,4.3801e-01,8.6352e-02
1.9000e+03,4.7267e-01,1.0601e+00,7.5013e+00,4.3934e-01,8.6665e-02
1.9100e+03,4.7104e-01,1.0588e+00,7.5013e+00,4.4066e-01,8.6977e-02
1.9200e+03,4.6941e-01,1.0574e+00,7.5013e+00,4.4197e-01,8.7288e-02
1.9300e+03,4.6779e-01,1.0561e+00,7.5013e+00,4.4328e-01,8.7597e-02
1.9400e+03,4.6618e-01,1.0548e+00,7.5013e+00,4.4459e-01,8.7906e-02
1.9500e+03,4.6457e-01,1.0535e+00,7.5013e+00,4.4588e-01,8.8214e-02
1.9600e+03,4.6297e-01,1.0522e+00,7.5013e+00,4.4717e-01,8.8520e-02
1.9700e+03,4.6138e-01,1.0509e+00,7.5013e+00,4.4846e-01,8.8826e-02
1.9800e+03,4.5980e-01,1.0497e+00,7.5013e+00,4.4974e-01,8.9130e-02
1.9900e+03,4.5822e-01,1.0484e+00,7.5013e+00,4.5101e-01,8.9434e-02
2.0000e+03,4.5665e-01,1.0471e+00,7.5013e+00,4.5228e-01,8.9736e-02
2.0100e+03,4.5509e-01,1.0459e+00,7.5013e+00,4.5354e-01,9.0038e-02
2.0200e+03,4.5353e-01,1.0446e+00,7.5013e+00,4.5480e-01,9.0338e-02
2.0300e+03,4.5199e-01,1.0433e+00,7.5013e+00,4.5605e-01,9.0637e-02
2.0400e+03,4.5044e-01,1.0421e+00,7.5013e+00,4.5729e-01,9.0936e-02
2.0500e+03,4.4891e-01,1.0409e+00,7.5013e+00,4.5853e-01,9.1233e-02
2.0600e+03,4.4738e-01,1.0396e+00,7.5013e+00,4.5976e-01,9.1529e-02
2.0700e+03,4.4586e-01,1.0384e+00,7.5013e+00,4.6099e-01,9.1824e-02
2.0800e+03,4.4434e-01,1.0372e+00,7.5013e+00,4.6221e-01,9.2119e-02
2.0900e+03,4.4283e-01,1.0360e+00,7.5013e+00,4.6343e-01,9.2412e-02
2.1000e+03,4.4133e-01,1.0347e+00,7.5013e+00,4.6464e-01,9.2704e-02
2.1100e+03,4.3983e-01,1.0335e+00,7.5013e+00,4.6584e-01,9.2995e-02
2.1200e+03,4.3834e-01,1.0323e+00,7.5013e+00,4.6704e-01,9.3286e-02
2.1300e+03,4.3686e-01,1.0311e+00,7.5013e+00,4.6824e-01,9.3575e-02
2.1400e+03,4.3538e-01,1.0299e+00,7.5013e+00,4.6942e-01,9.3863e-02
2.1500e+03,4.3391e-01,1.0288e+00,7.5013e+00,4.7061e-01,9.4151e-02
2.1600e+03,4.3245e-01,1.0276e+00,7.5013e+00,4.7179e-01,9.4437e-02
2.1700e+03,4.3099e-01,1.0264e+00,7.5013e+00,4.7296e-01,9.4723e-02
2.1800e+03,4.2954e-01,1.0252e+00,7.5013e+00,4.7412e-01,9.5007e-02
2.1900e+03,4.2809e-01,1.0241e+00,7.5013e+00,4.7529e-01,9.5291e-02
2.2000e+03,4.2665e-01,1.0229e+00,7.5013e+00,4.7644e-01,9.5573e-02
2.2100e+03,4.2522e-01,1.0218e+00,7.5013e+00,4.7760e-01,9.5855e-02
2.2200e+03,4.2379e-01,1.0206e+00,7.5013e+00,4.7874e-01,9.6136e-02
2.2300e+03,4.2237e-01,1.0195e+00,7.5013e+00,4.7988e-01,9.6415e-02
2.2400e+03,4.2095e-01,1.0183e+00,7.5013e+00,4.8102e-01,9.6694e-02
2.2500e+03,4.1955e-01,1.0172e+00,7.5013e+00,4.8215e-01,9.6972e-02
2.2600e+03,4.1814e-01,1.0161e+00,7.5013e+00,4.8328e-01,9.7249e-02
2.2700e+03,4.1675e-01,1.0150e+00,7.5013e+00,4.8440e-01,9.7525e-02
2.2800e+03,4.1535e-01,1.0138e+00,7.5013e+00,4.8551e-01,9.7800e-02
2.2900e+03,4.1397e-01,1.0127e+00,7.5013e+00,4.8663e-01,9.8074e-02
2.3000e+03,4.1259e-01,1.0116e+00,7.5013e+00,4.8773e-01,9.8347e-02
2.3100e+03,4.1122e-01,1.0105e+00,7.5013e+00,4.8883e-01,9.8620e-02
2.3200e+03,4.0985e-01,1.0094e+00,7.5013e+00,4.8993e-01,9.8891e-02
2.3300e+03,4.0848e-01,1.0083e+00,7.5013e+00,4.9102e-01,9.9162e-02
2.3400e+03,4.0713e-01,1.0072e+00,7.5013e+00,4.9211e-01,9.9431e-02
2.3500e+03,4.0578e-01,1.0061e+00,7.5013e+00,4.9319e-01,9.9700e-02
2.3600e+03,4.0443e-01,1.0051e+00,7.5013e+00,4.9427e-01,9.9968e-02
2.3700e+03,4.0309e-01,1.0040e+00,7.5013e+00,4.9534e-01,1.0024e-01
2.3800e+03,4.0176e-01,1.0029e+00,7.5013e+00,4.9641e-01,1.0050e-01
2.3900e+03,4.0043e-01,1.0019e+00,7.5013e+00,4.9747e-01,1.0077e-01
2.4000e+03,3.9911e-01,1.0008e+00,7.5013e+00,4.9853e-01,1.0103e-01
2.4100e+03,3.9779e-01,9.9974e-01,7.5013e+00,4.9959e-01,1.0129e-01
2.4200e+03,3.9648e-01,9.9869e-01,7.5013e+00,5.0064e-01,1.0156e-01
2.4300e+03,3.9517e-01,9.9765e-01,7.5013e+00,5.0168e-01,1.0182e-01
2.4400e+03,3.9387e-01,9.9661e-01,7.5013e+00,5.0272e-01,1.0208e-01
2.4500e+03,3.9257e-01,9.9557e-01,7.5013e+00,5.0376e-01,1.0234e-01
2.4600e+03,3.9128e-01,9.9454e-01,7.5013e+00,5.0479e-01,1.0260e-01
2.4700e+03,3.9000e-01,9.9351e-01,7.5013e+00,5.0582e-01,1.0286e-01
2.4800e+03,3.8872e-01,9.9248e-01,7.5013e+00,5.0684e-01,1.0311e-01
2.4900e+03,3.8744e-01,9.9146e-01,7.5013e+00,5.0786e-01,1.0337e-01
2.5000e+03,3.8617e-01,9.9045e-01,7.5013e+00,5.0887e-01,1.0363e-01
2.5100e+03,3.8491e-01,9.8944e-01,7.5013e+00,5.0988e-01,1.0388e-01
2.5200e+03,3.8365e-01,9.8843e-01,7.5013e+00,5.1089e-01,1.0414e-01
2.5300e+03,3.8239e-01,9.8743e-01,7.5013e+00,5.1189e-01,1.0439e-01
2.5400e+03,3.8114e-01,9.8643e-01,7.5013e+00,5.1288e-01,1.0464e-01
2.5500e+03,3.7990e-01,9.8544e-01,7.5013e+00,5.1388e-01,1.0489e-01
2.5600e+03,3.7866e-01,9.8445e-01,7.5013e+00,5.1486e-01,1.0514e-01
2.5700e+03,3.7743e-01,9.8346e-01,7.5013e+00,5.1585e-01,1.0539e-01
2.5800e+03,3.7620e-01,9.8248e-01,7.5013e+00,5.1683e-01,1.0564e-01
2.5900e+03,3.7497e-01,9.8150e-01,7.5013e+00,5.1780e-01,1.0589e-01
2.6000e+03,3.7375e-01,9.8053e-01,7.5013e+00,5.1878e-01,1.0614e-01
2.6100e+03,3.7254e-01,9.7956e-01,7.5013e+00,5.1974e-01,1.0639e-01
2.6200e+03,3.7133e-01,9.7860e-01,7.5013e+00,5.2071e-01,1.0663e-01
2.6300e+03,3.7013e-01,9.7764e-01,7.5013e+00,5.2167e-01,1.0688e-01
2.6400e+03,3.6893e-01,9.7668e-01,7.5013e+00,5.2262e-01,1.0712e-01
2.6500e+03,3.6773e-01,9.7573e-01,7.5013e+00,5.2357e-01,1.0737e-01
2.6600e+03,3.6654e-01,9.7478e-01,7.5013e+00,5.2452e-01,1.0761e-01
2.6700e+03,3.6536e-01,9.7383e-01,7.5013e+00,5.2546e-01,1.0785e-01
2.6800e+03,3.6418e-01,9.7289e-01,7.5013e+00,5.2640e-01,1.0809e-01
2.6900e+03,3.6300e-01,9.7196e-01,7.5013e+00,5.2734e-01,1.0833e-01
2.7000e+03,3.6183e-01,9.7103e-01,7.5013e+00,5.2827e-01,1.0857e-01
2.7100e+03,3.6066e-01,9.7010e-01,7.5013e+00,5.2920e-01,1.0881e-01
2.7200e+03,3.5950e-01,9.6917e-01,7.5013e+00,5.3012e-01,1.0905e-01
2.7300e+03,3.5834e-01,9.6825e-01,7.5013e+00,5.3104e-01,1.0929e-01
2.7400e+03,3.5719e-01,9.6733e-01,7.5013e+00,5.3196e-01,1.0952e-01
2.7500e+03,3.5604e-01,9.6642e-01,7.5013e+00,5.3287e-01,1.0976e-01
2.7600e+03,3.5490e-01,9.6551e-01,7.5013e+00,5.3378e-01,1.0999e-01
2.7700e+03,3.5376e-01,9.6460e-01,7.5013e+00,5.3468e-01,1.1023e-01
2.7800e+03,3.5263e-01,9.6370e-01,7.5013e+00,5.3558e-01,1.1046e-01
2.7900e+03,3.5150e-01,9.6280e-01,7.5013e+00,5.3648e-01,1.1069e-01
2.8000e+03,3.5037e-01,9.6191e-01,7.5013e+00,5.3737e-01,1.1093e-01
2.8100e+03,3.4925e-01,9.6102e-01,7.5013e+00,5.3826e-01,1.1116e-01
2.8200e+03,3.4813e-01,9.6013e-01,7.5013e+00,5.3915e-01,1.1139e-01
2.8300e+03,3.4702e-01,9.5925e-01,7.5013e+00,5.4003e-01,1.1162e-01
2.8400e+03,3.4591e-01,9.5837e-01,7.5013e+00,5.4091e-01,1.1185e-01
2.8500e+03,3.4481e-01,9.5749e-01,7.5013e+00,5.4178e-01,1.1208e-01
2.8600e+03,3.4371e-01,9.5662e-01,7.5013e+00,5.4266e-01,1.1230e-01
2.8700e+03,3.4261e-01,9.5575e-01,7.5013e+00,5.4352e-01,1.1253e-01
2.8800e+03,3.4152e-01,9.5488e-01,7.5013e+00,5.4439e-01,1.1276e-01
2.8900e+03,3.4044e-01,9.5402e-01,7.5013e+00,5.4525e-01,1.1298e-01
2.9000e+03,3.3935e-01,9.5316e-01,7.5013e+00,5.4611e-01,1.1321e-01
2.9100e+03,3.3828e-01,9.5231e-01,7.5013e+00,5.4696e-01,1.1343e-01
2.9200e+03,3.3720e-01,9.5146e-01,7.5013e+00,5.4781e-01,1.1365e-01
2.9300e+03,3.3613e-01,9.5061e-01,7.5013e+00,5.4866e-01,1.1388e-01
2.9400e+03,3.3507e-01,9.4976e-01,7.5013e+00,5.4950e-01,1.1410e-01
2.9500e+03,3.3400e-01,9.4892e-01,7.5013e+00,5.5034e-01,1.1432e-01
2.9600e+03,3.3295e-01,9.4808e-01,7.5013e+00,5.5118e-01,1.1454e-01
2.9700e+03,3.3189e-01,9.4725e-01,7.5013e+00,5.5201e-01,1.1476e-01
2.9800e+03,3.3084e-01,9.4642e-01,7.5013e+00,5.5284e-01,1.1498e-01
2.9900e+03,3.2980e-01,9.4559e-01,7.5013e+00,5.5367e-01,1.1520e-01
3.0000e+03,3.2876e-01,9.4476e-01,7.5013e+00,5.5449e-01,1.1542e-01
3.0100e+03,3.2772e-01,9.4394e-01,7.5013e+00,5.5531e-01,1.1563e-01
3.0200e+03,3.2669e-01,9.4313e-01,7.5013e+00,5.5613e-01,1.1585e-01
3.0300e+03,3.2566e-01,9.4231e-01,7.5013e+00,5.5694e-01,1.1607e-01
3.0400e+03,3.2463e-01,9.4150e-01,7.5013e+00,5.5775e-01,1.1628e-01
3.0500e+03,3.2361e-01,9.4069e-01,7.5013e+00,5.5856e-01,1.1650e-01
3.0600e+03,3.2259e-01,9.3989e-01,7.5013e+00,5.5937e-01,1.1671e-01
3.0700e+03,3.2158e-01,9.3908e-01,7.5013e+00,5.6017e-01,1.1692e-01
3.0800e+03,3.2057e-01,9.3829e-01,7.5013e+00,5.6096e-01,1.1713e-01
3.0900e+03,3.1956e-01,9.3749e-01,7.5013e+00,5.6176e-01,1.1735e-01
3.1000e+03,3.1856e-01,9.3670e-01,7.5013e+00,5.6255e-01,1.1756e-01
3.1100e+03,3.1756e-01,9.3591e-01,7.5013e+00,5.6334e-01,1.1777e-01
3.1200e+03,3.1657e-01,9.3512e-01,7.5013e+00,5.6412e-01,1.1798e-01
3.1300e+03,3.1558e-01,9.3434e-01,7.5013e+00,5.6490e-01,1.1819e-01
3.1400e+03,3.1459e-01,9.3356e-01,7.5013e+00,5.6568e-01,1.1839e-01
3.1500e+03,3.1361e-01,9.3278e-01,7.5013e+00,5.6646e-01,1.1860e-01
3.1600e+03,3.1263e-01,9.3201e-01,7.5013e+00,5.6723e-01,1.1881e-01
3.1700e+03,3.1165e-01,9.3124e-01,7.5013e+00,5.6800e-01,1.1902e-01
3.1800e+03,3.1068e-01,9.3047e-01,7.5013e+00,5.6877e-01,1.1922e-01
3.1900e+03,3.0971e-01,9.2971e-01,7.5013e+00,5.6953e-01,1.1943e-01
3.2000e+03,3.0875e-01,9.2895e-01,7.5013e+00,5.7029e-01,1.1963e-01
3.2100e+03,3.0779e-01,9.2819e-01,7.5013e+00,5.7105e-01,1.1984e-01
3.2200e+03,3.0683e-01,9.2743e-01,7.5013e+00,5.7180e-01,1.2004e-01
3.2300e+03,3.0587e-01,9.2668e-01,7.5013e+00,5.7255e-01,1.2024e-01
3.2400e+03,3.0492e-01,9.2593e-01,7.5013e+00,5.7330e-01,1.2044e-01
3.2500e+03,3.0398e-01,9.2519e-01,7.5013e+00,5.7405e-01,1.2065e-01
3.2600e+03,3.0303e-01,9.2444e-01,7.5013e+00,5.7479e-01,1.2085e-01
3.2700e+03,3.0209e-01,9.2370e-01,7.5013e+00,5.7553e-01,1.2105e-01
3.2800e+03,3.0116e-01,9.2296e-01,7.5013e+00,5.7627e-01,1.2125e-01
3.2900e+03,3.0022e-01,9.2223e-01,7.5013e+00,5.7700e-01,1.2144e-01
3.3000e+03,2.9929e-01,9.2150e-01,7.5013e+00,5.7773e-01,1.2164e-01
3.3100e+03,2.9837e-01,9.2077e-01,7.5013e+00,5.7846e-01,1.2184e-01
3.3200e+03,2.9744e-01,9.2004e-01,7.5013e+00,5.7919e-01,1.2204e-01
3.3300e+03,2.9653e-01,9.1932e-01,7.5013e+00,5.7991e-01,1.2223e-01
3.3400e+03,2.9561e-01,9.1859e-01,7.5013e+00,5.8063e-01,1.2243e-01
3.3500e+03,2.9470e-01,9.1788e-01,7.5013e+00,5.8135e-01,1.2263e-01
3.3600e+03,2.9379e-01,9.1716e-01,7.5013e+00,5.8206e-01,1.2282e-01
3.3700e+03,2.9288e-01,9.1645e-01,7.5013e+00,5.8277e-01,1.2301e-01
3.3800e+03,2.9198e-01,9.1574e-01,7.5013e+00,5.8348e-01,1.2321e-01
3.3900e+03,2.9108e-01,9.1503e-01,7.5013e+00,5.8419e-01,1.2340e-01
3.4000e+03,2.9019e-01,9.1433e-01,7.5013e+00,5.8489e-01,1.2359e-01
3.4100e+03,2.8929e-01,9.1363e-01,7.5013e+00,5.8559e-01,1.2378e-01
3.4200e+03,2.8840e-01,9.1293e-01,7.5013e+00,5.8629e-01,1.2398e-01
3.4300e+03,2.8752e-01,9.1223e-01,7.5013e+00,5.8699e-01,1.2417e-01
3.4400e+03,2.8663e-01,9.1154e-01,7.5013e+00,5.8768e-01,1.2436e-01
3.4500e+03,2.8576e-01,9.1085e-01,7.5013e+00,5.8837e-01,1.2455e-01
3.4600e+03,2.8488e-01,9.1016e-01,7.5013e+00,5.8906e-01,1.2473e-01
3.4700e+03,2.8401e-01,9.0947e-01,7.5013e+00,5.8974e-01,1.2492e-01
3.4800e+03,2.8314e-01,9.0879e-01,7.5013e+00,5.9042e-01,1.2511e-01
3.4900e+03,2.8227e-01,9.0811e-01,7.5013e+00,5.9110e-01,1.2530e-01
3.5000e+03,2.8141e-01,9.0743e-01,7.5013e+00,5.9178e-01,1.2548e-01
3.5100e+03,2.8055e-01,9.0675e-01,7.5013e+00,5.9245e-01,1.2567e-01
3.5200e+03,2.7969e-01,9.0608e-01,7.5013e+00,5.9313e-01,1.2585e-01
3.5300e+03,2.7883e-01,9.0541e-01,7.5013e+00,5.9380e-01,1.2604e-01
3.5400e+03,2.7798e-01,9.0474e-01,7.5013e+00,5.9446e-01,1.2622e-01
3.5500e+03,2.7714e-01,9.0408e-01,7.5013e+00,5.9513e-01,1.2641e-01
3.5600e+03,2.7629e-01,9.0342e-01,7.5013e+00,5.9579e-01,1.2659e-01
3.5700e+03,2.7545e-01,9.0276e-01,7.5013e+00,5.9645e-01,1.2677e-01
3.5800e+03,2.7461e-01,9.0210e-01,7.5013e+00,5.9710e-01,1.2695e-01
3.5900e+03,2.7377e-01,9.0144e-01,7.5013e+00,5.9776e-01,1.2714e-01
3.6000e+03,2.7294e-01,9.0079e-01,7.5013e+00,5.9841e-01,1.2732e-01
3.6100e+03,2.7211e-01,9.0014e-01,7.5013e+00,5.9906e-01,1.2750e-01
3.6200e+03,2.7128e-01,8.9949e-01,7.5013e+00,5.9971e-01,1.2768e-01
3.6300e+03,2.7046e-01,8.9885e-01,7.5013e+00,6.0035e-01,1.2786e-01
3.6400e+03,2.6964e-01,8.9820e-01,7.5013e+00,6.0099e-01,1.2803e-01
3.6500e+03,2.6882e-01,8.9756e-01,7.5013e+00,6.0163e-01,1.2821e-01
3.6600e+03,2.6801e-01,8.9692e-01,7.5013e+00,6.0227e-01,1.2839e-01
3.6700e+03,2.6720e-01,8.9629e-01,7.5013e+00,6.0291e-01,1.2857e-01
3.6800e+03,2.6639e-01,8.9566e-01,7.5013e+00,6.0354e-01,1.2874e-01
3.6900e+03,2.6558e-01,8.9502e-01,7.5013e+00,6.0417e-01,1.2892e-01
3.7000e+03,2.6478e-01,8.9440e-01,7.5013e+00,6.0480e-01,1.2910e-01
3.7100e+03,2.6398e-01,8.9377e-01,7.5013e+00,6.0542e-01,1.2927e-01
3.7200e+03,2.6318e-01,8.9315e-01,7.5013e+00,6.0605e-01,1.2944e-01
3.7300e+03,2.6238e-01,8.9252e-01,7.5013e+00,6.0667e-01,1.2962e-01
3.7400e+03,2.6159e-01,8.9190e-01,7.5013e+00,6.0728e-01,1.2979e-01
3.7500e+03,2.6080e-01,8.9129e-01,7.5013e+00,6.0790e-01,1.2996e-01
3.7600e+03,2.6002e-01,8.9067e-01,7.5013e+00,6.0852e-01,1.3014e-01
3.7700e+03,2.5923e-01,8.9006e-01,7.5013e+00,6.0913e-01,1.3031e-01
3.7800e+03,2.5845e-01,8.8945e-01,7.5013e+00,6.0974e-01,1.3048e-01
3.7900e+03,2.5767e-01,8.8884e-01,7.5013e+00,6.1034e-01,1.3065e-01
3.8000e+03,2.5690e-01,8.8823e-01,7.5013e+00,6.1095e-01,1.3082e-01
3.8100e+03,2.5613e-01,8.8763e-01,7.5013e+00,6.1155e-01,1.3099e-01
3.8200e+03,2.5536e-01,8.8703e-01,7.5013e+00,6.1215e-01,1.3116e-01
3.8300e+03,2.5459e-01,8.8643e-01,7.5013e+00,6.1275e-01,1.3133e-01
3.8400e+03,2.5382e-01,8.8583e-01,7.5013e+00,6.1335e-01,1.3150e-01
3.8500e+03,2.5306e-01,8.8524e-01,7.5013e+00,6.1394e-01,1.3166e-01
3.8600e+03,2.5230e-01,8.8465e-01,7.5013e+00,6.1453e-01,1.3183e-01
3.8700e+03,2.5155e-01,8.8406e-01,7.5013e+00,6.1512e-01,1.3200e-01
3.8800e+03,2.5079e-01,8.8347e-01,7.5013e+00,6.1571e-01,1.3216e-01
3.8900e+03,2.5004e-01,8.8288e-01,7.5013e+00,6.1630e-01,1.3233e-01
3.9000e+03,2.4929e-01,8.8230e-01,7.5013e+00,6.1688e-01,1.3250e-01
3.9100e+03,2.4855e-01,8.8172e-01,7.5013e+00,6.1746e-01,1.3266e-01
3.9200e+03,2.4781e-01,8.8114e-01,7.5013e+00,6.1804e-01,1.3282e-01
3.9300e+03,2.4706e-01,8.8056e-01,7.5013e+00,6.1862e-01,1.3299e-01
3.9400e+03,2.4633e-01,8.7998e-01,7.5013e+00,6.1919e-01,1.3315e-01
3.9500e+03,2.4559e-01,8.7941e-01,7.5013e+00,6.1976e-01,1.3331e-01
3.9600e+03,2.4486e-01,8.7884e-01,7.5013e+00,6.2033e-01,1.3348e-01
3.9700e+03,2.4413e-01,8.7827e-01,7.5013e+00,6.2090e-01,1.3364e-01
3.9800e+03,2.4340e-01,8.7770e-01,7.5013e+00,6.2147e-01,1.3380e-01
3.9900e+03,2.4268e-01,8.7714e-01,7.5013e+00,6.2203e-01,1.3396e-01
4.0000e+03,2.4195e-01,8.7657e-01,7.5013e+00,6.2260e-01,1.3412e-01
4.0100e+03,2.4123e-01,8.7601e-01,7.5013e+00,6.2316e-01,1.3428e-01
4.0200e+03,2.4051e-01,8.7545e-01,7.5013e+00,6.2371e-01,1.3444e-01
4.0300e+03,2.3980e-01,8.7490e-01,7.5013e+00,6.2427e-01,1.3460e-01
4.0400e+03,2.3909e-01,8.7434e-01,7.5013e+00,6.2482e-01,1.3476e-01
4.0500e+03,2.3838e-01,8.7379e-01,7.5013e+00,6.2538e-01,1.3492e-01
4.0600e+03,2.3767e-01,8.7324e-01,7.5013e+00,6.2593e-01,1.3507e-01
4.0700e+03,2.3696e-01,8.7269e-01,7.5013e+00,6.2648e-01,1.3523e-01
4.0800e+03,2.3626e-01,8.7214e-01,7.5013e+00,6.2702e-01,1.3539e-01
4.0900e+03,2.3556e-01,8.7160e-01,7.5013e+00,6.2757e-01,1.3554e-01
4.1000e+03,2.3486e-01,8.7105e-01,7.5013e+00,6.2811e-01,1.3570e-01
4.1100e+03,2.3417e-01,8.7051e-01,7.5013e+00,6.2865e-01,1.3585e-01
4.1200e+03,2.3347e-01,8.6997e-01,7.5013e+00,6.2919e-01,1.3601e-01
4.1300e+03,2.3278e-01,8.6943e-01,7.5013e+00,6.2972e-01,1.3616e-01
4.1400e+03,2.3209e-01,8.6890e-01,7.5013e+00,6.3026e-01,1.3632e-01
4.1500e+03,2.3141e-01,8.6837e-01,7.5013e+00,6.3079e-01,1.3647e-01
4.1600e+03,2.3072e-01,8.6783e-01,7.5013e+00,6.3132e-01,1.3662e-01
4.1700e+03,2.3004e-01,8.6730e-01,7.5013e+00,6.3185e-01,1.3677e-01
4.1800e+03,2.2936e-01,8.6678e-01,7.5013e+00,6.3238e-01,1.3693e-01
4.1900e+03,2.2869e-01,8.6625e-01,7.5013e+00,6.3290e-01,1.3708e-01
4.2000e+03,2.2801e-01,8.6573e-01,7.5013e+00,6.3343e-01,1.3723e-01
4.2100e+03,2.2734e-01,8.6520e-01,7.5013e+00,6.3395e-01,1.3738e-01
4.2200e+03,2.2667e-01,8.6468e-01,7.5013e+00,6.3447e-01,1.3753e-01
4.2300e+03,2.2600e-01,8.6416e-01,7.5013e+00,6.3499e-01,1.3768e-01
4.2400e+03,2.2534e-01,8.6365e-01,7.5013e+00,6.3550e-01,1.3783e-01
4.2500e+03,2.2467e-01,8.6313e-01,7.5013e+00,6.3602e-01,1.3798e-01
4.2600e+03,2.2401e-01,8.6262e-01,7.5013e+00,6.3653e-01,1.3813e-01
4.2700e+03,2.2335e-01,8.6211e-01,7.5013e+00,6.3704e-01,1.3827e-01
4.2800e+03,2.2270e-01,8.6160e-01,7.5013e+00,6.3755e-01,1.3842e-01
4.2900e+03,2.2204e-01,8.6109e-01,7.5013e+00,6.3806e-01,1.3857e-01
4.3000e+03,2.2139e-01,8.6059e-01,7.5013e+00,6.3856e-01,1.3872e-01
4.3100e+03,2.2074e-01,8.6008e-01,7.5013e+00,6.3906e-01,1.3886e-01
4.3200e+03,2.2009e-01,8.5958e-01,7.5013e+00,6.3957e-01,1.3901e-01
4.3300e+03,2.1945e-01,8.5908e-01,7.5013e+00,6.4007e-01,1.3915e-01
4.3400e+03,2.1881e-01,8.5858e-01,7.5013e+00,6.4056e-01,1.3930e-01
4.3500e+03,2.1816e-01,8.5808e-01,7.5013e+00,6.4106e-01,1.3944e-01
4.3600e+03,2.1753e-01,8.5759e-01,7.5013e+00,6.4156e-01,1.3959e-01
4.3700e+03,2.1689e-01,8.5709e-01,7.5013e+00,6.4205e-01,1.3973e-01
4.3800e+03,2.1625e-01,8.5660e-01,7.5013e+00,6.4254e-01,1.3987e-01
4.3900e+03,2.1562e-01,8.5611e-01,7.5013e+00,6.4303e-01,1.4002e-01
4.4000e+03,2.1499e-01,8.5562e-01,7.5013e+00,6.4352e-01,1.4016e-01
4.4100e+03,2.1436e-01,8.5514e-01,7.5013e+00,6.4400e-01,1.4030e-01
4.4200e+03,2.1374e-01,8.5465e-01,7.5013e+00,6.4449e-01,1.4044e-01
4.4300e+03,2.1311e-01,8.5417e-01,7.5013e+00,6.4497e-01,1.4059e-01
4.4400e+03,2.1249e-01,8.5369e-01,7.5013e+00,6.4545e-01,1.4073e-01
4.4500e+03,2.1187e-01,8.5321e-01,7.5013e+00,6.4593e-01,1.4087e-01
4.4600e+03,2.1125e-01,8.5273e-01,7.5013e+00,6.4641e-01,1.4101e-01
4.4700e+03,2.1064e-01,8.5225e-01,7.5013e+00,6.4688e-01,1.4115e-01
4.4800e+03,2.1002e-01,8.5178e-01,7.5013e+00,6.4736e-01,1.4129e-01
4.4900e+03,2.0941e-01,8.5130e-01,7.5013e+00,6.4783e-01,1.4142e-01
4.5000e+03,2.0880e-01,8.5083e-01,7.5013e+00,6.4830e-01,1.4156e-01
4.5100e+03,2.0820e-01,8.5036e-01,7.5013e+00,6.4877e-01,1.4170e-01
4.5200e+03,2.0759e-01,8.4989e-01,7.5013e+00,6.4924e-01,1.4184e-01
4.5300e+03,2.0699e-01,8.4943e-01,7.5013e+00,6.4971e-01,1.4198e-01
4.5400e+03,2.0639e-01,8.4896e-01,7.5013e+00,6.5017e-01,1.4211e-01
4.5500e+03,2.0579e-01,8.4850e-01,7.5013e+00,6.5063e-01,1.4225e-01
4.5600e+03,2.0519e-01,8.4804e-01,7.5013e+00,6.5110e-01,1.4238e-01
4.5700e+03,2.0459e-01,8.4758e-01,7.5013e+00,6.5156e-01,1.4252e-01
4.5800e+03,2.0400e-01,8.4712e-01,7.5013e+00,6.5201e-01,1.4265e-01
4.5900e+03,2.0341e-01,8.4666e-01,7.5013e+00,6.5247e-01,1.4279e-01
4.6000e+03,2.0282e-01,8.4620e-01,7.5013e+00,6.5293e-01,1.4292e-01
4.6100e+03,2.0223e-01,8.4575e-01,7.5013e+00,6.5338e-01,1.4306e-01
4.6200e+03,2.0165e-01,8.4530e-01,7.5013e+00,6.5383e-01,1.4319e-01
4.6300e+03,2.0106e-01,8.4485e-01,7.5013e+00,6.5428e-01,1.4333e-01
4.6400e+03,2.0048e-01,8.4440e-01,7.5013e+00,6.5473e-01,1.4346e-01
4.6500e+03,1.9990e-01,8.4395e-01,7.5013e+00,6.5518e-01,1.4359e-01
4.6600e+03,1.9932e-01,8.4350e-01,7.5013e+00,6.5562e-01,1.4372e-01
4.6700e+03,1.9875e-01,8.4306e-01,7.5013e+00,6.5607e-01,1.4385e-01
4.6800e+03,1.9817e-01,8.4261e-01,7.5013e+00,6.5651e-01,1.4399e-01
4.6900e+03,1.9760e-01,8.4217e-01,7.5013e+00,6.5695e-01,1.4412e-01
4.7000e+03,1.9703e-01,8.4173e-01,7.5013e+00,6.5739e-01,1.4425e-01
4.7100e+03,1.9646e-01,8.4129e-01,7.5013e+00,6.5783e-01,1.4438e-01
4.7200e+03,1.9589e-01,8.4085e-01,7.5013e+00,6.5827e-01,1.4451e-01
4.7300e+03,1.9533e-01,8.4042e-01,7.5013e+00,6.5870e-01,1.4464e-01
4.7400e+03,1.9477e-01,8.3998e-01,7.5013e+00,6.5914e-01,1.4477e-01
4.7500e+03,1.9421e-01,8.3955e-01,7.5013e+00,6.5957e-01,1.4489e-01
4.7600e+03,1.9365e-01,8.3912e-01,7.5013e+00,6.6000e-01,1.4502e-01
4.7700e+03,1.9309e-01,8.3869e-01,7.5013e+00,6.6043e-01,1.4515e-01
4.7800e+03,1.9253e-01,8.3826e-01,7.5013e+00,6.6086e-01,1.4528e-01
4.7900e+03,1.9198e-01,8.3783e-01,7.5013e+00,6.6128e-01,1.4541e-01
4.8000e+03,1.9143e-01,8.3741e-01,7.5013e+00,6.6171e-01,1.4553e-01
4.8100e+03,1.9088e-01,8.3698e-01,7.5013e+00,6.6213e-01,1.4566e-01
4.8200e+03,1.9033e-01,8.3656e-01,7.5013e+00,6.6255e-01,1.4579e-01
4.8300e+03,1.8978e-01,8.3614e-01,7.5013e+00,6.6297e-01,1.4591e-01
4.8400e+03,1.8924e-01,8.3572e-01,7.5013e+00,6.6339e-01,1.4604e-01
4.8500e+03,1.8870e-01,8.3530e-01,7.5013e+00,6.6381e-01,1.4616e-01
4.8600e+03,1.8815e-01,8.3488e-01,7.5013e+00,6.6423e-01,1.4629e-01
4.8700e+03,1.8761e-01,8.3447e-01,7.5013e+00,6.6464e-01,1.4641e-01
4.8800e+03,1.8708e-01,8.3405e-01,7.5013e+00,6.6506e-01,1.4653e-01
4.8900e+03,1.8654e-01,8.3364e-01,7.5013e+00,6.6547e-01,1.4666e-01
4.9000e+03,1.8601e-01,8.3323e-01,7.5013e+00,6.6588e-01,1.4678e-01
4.9100e+03,1.8547e-01,8.3282e-01,7.5013e+00,6.6629e-01,1.4690e-01
4.9200e+03,1.8494e-01,8.3241e-01,7.5013e+00,6.6670e-01,1.4703e-01
4.9300e+03,1.8441e-01,8.3200e-01,7.5013e+00,6.6711e-01,1.4715e-01
4.9400e+03,1.8389e-01,8.3160e-01,7.5013e+00,6.6751e-01,1.4727e-01
4.9500e+03,1.8336e-01,8.3119e-01,7.5013e+00,6.6792e-01,1.4739e-01
4.9600e+03,1.8284e-01,8.3079e-01,7.5013e+00,6.6832e-01,1.4751e-01
4.9700e+03,1.8231e-01,8.3039e-01,7.5013e+00,6.6872e-01,1.4763e-01
4.9800e+03,1.8179e-01,8.2999e-01,7.5013e+00,6.6912e-01,1.4776e-01
4.9900e+03,1.8127e-01,8.2959e-01,7.5013e+00,6.6952e-01,1.4788e-01
5.0000e+03,1.8076e-01,8.2919e-01,7.5013e+00,6.6992e-01,1.4800e-01
5.0100e+03,1.8024e-01,8.2879e-01,7.5013e+00,6.7031e-01,1.4811e-01
5.0200e+03,1.7973e-01,8.2840e-01,7.5013e+00,6.7071e-01,1.4823e-01
5.0300e+03,1.7922e-01,8.2800e-01,7.5013e+00,6.7110e-01,1.4835e-01
5.0400e+03,1.7870e-01,8.2761e-01,7.5013e+00,6.7149e-01,1.4847e-01
5.0500e+03,1.7820e-01,8.2722e-01,7.5013e+00,6.7188e-01,1.4859e-01
5.0600e+03,1.7769e-01,8.2683e-01,7.5013e+00,6.7227e-01,1.4871e-01
5.0700e+03,1.7718e-01,8.2644e-01,7.5013e+00,6.7266e-01,1.4882e-01
5.0800e+03,1.7668e-01,8.2605e-01,7.5013e+00,6.7305e-01,1.4894e-01
5.0900e+03,1.7618e-01,8.2567e-01,7.5013e+00,6.7343e-01,1.4906e-01
5.1000e+03,1.7568e-01,8.2528e-01,7.5013e+00,6.7382e-01,1.4917e-01
5.1100e+03,1.7518e-01,8.2490e-01,7.5013e+00,6.7420e-01,1.4929e-01
5.1200e+03,1.7468e-01,8.2452e-01,7.5013e+00,6.7458e-01,1.4941e-01
5.1300e+03,1.7418e-01,8.2413e-01,7.5013e+00,6.7496e-01,1.4952e-01
5.1400e+03,1.7369e-01,8.2375e-01,7.5013e+00,6.7534e-01,1.4964e-01
5.1500e+03,1.7319e-01,8.2338e-01,7.5013e+00,6.7572e-01,1.4975e-01
5.1600e+03,1.7270e-01,8.2300e-01,7.5013e+00,6.7610e-01,1.4987e-01
5.1700e+03,1.7221e-01,8.2262e-01,7.5013e+00,6.7647e-01,1.4998e-01
5.1800e+03,1.7172e-01,8.2225e-01,7.5013e+00,6.7685e-01,1.5009e-01
5.1900e+03,1.7124e-01,8.2187e-01,7.5013e+00,6.7722e-01,1.5021e-01
5.2000e+03,1.7075e-01,8.2150e-01,7.5013e+00,6.7759e-01,1.5032e-01
5.2100e+03,1.7027e-01,8.2113e-01,7.5013e+00,6.7797e-01,1.5043e-01
5.2200e+03,1.6979e-01,8.2076e-01,7.5013e+00,6.7833e-01,1.5055e-01
5.2300e+03,1.6931e-01,8.2039e-01,7.5013e+00,6.7870e-01,1.5066e-01
5.2400e+03,1.6883e-01,8.2002e-01,7.5013e+00,6.7907e-01,1.5077e-01
5.2500e+03,1.6835e-01,8.1966e-01,7.5013e+00,6.7944e-01,1.5088e-01
5.2600e+03,1.6787e-01,8.1929e-01,7.5013e+00,6.7980e-01,1.5099e-01
5.2700e+03,1.6740e-01,8.1893e-01,7.5013e+00,6.8016e-01,1.5110e-01
5.2800e+03,1.6693e-01,8.1856e-01,7.5013e+00,6.8053e-01,1.5121e-01
5.2900e+03,1.6646e-01,8.1820e-01,7.5013e+00,6.8089e-01,1.5133e-01
5.3000e+03,1.6599e-01,8.1784e-01,7.5013e+00,6.8125e-01,1.5144e-01
5.3100e+03,1.6552e-01,8.1748e-01,7.5013e+00,6.8161e-01,1.5155e-01
5.3200e+03,1.6505e-01,8.1713e-01,7.5013e+00,6.8196e-01,1.5165e-01
5.3300e+03,1.6458e-01,8.1677e-01,7.5013e+00,6.8232e-01,1.5176e-01
5.3400e+03,1.6412e-01,8.1641e-01,7.5013e+00,6.8268e-01,1.5187e-01
5.3500e+03,1.6366e-01,8.1606e-01,7.5013e+00,6.8303e-01,1.5198e-01
5.3600e+03,1.6320e-01,8.1570e-01,7.5013e+00,6.8338e-01,1.5209e-01
5.3700e+03,1.6274e-01,8.1535e-01,7.5013e+00,6.8374e-01,1.5220e-01
5.3800e+03,1.6228e-01,8.1500e-01,7.5013e+00,6.8409e-01,1.5230e-01
5.3900e+03,1.6182e-01,8.1465e-01,7.5013e+00,6.8444e-01,1.5241e-01
5.4000e+03,1.6137e-01,8.1430e-01,7.5013e+00,6.8478e-01,1.5252e-01
5.4100e+03,1.6091e-01,8.1395e-01,7.5013e+00,6.8513e-01,1.5263e-01
5.4200e+03,1.6046e-01,8.1361e-01,7.5013e+00,6.8548e-01,1.5273e-01
5.4300e+03,1.6001e-01,8.1326e-01,7.5013e+00,6.8582e-01,1.5284e-01
5.4400e+03,1.5956e-01,8.1292e-01,7.5013e+00,6.8617e-01,1.5294e-01
5.4500e+03,1.5911e-01,8.1257e-01,7.5013e+00,6.8651e-01,1.5305e-01
5.4600e+03,1.5866e-01,8.1223e-01,7.5013e+00,6.8685e-01,1.5315e-01
5.4700e+03,1.5822e-01,8.1189e-01,7.5013e+00,6.8719e-01,1.5326e-01
5.4800e+03,1.5777e-01,8.1155e-01,7.5013e+00,6.8753e-01,1.5336e-01
5.4900e+03,1.5733e-01,8.1121e-01,7.5013e+00,6.8787e-01,1.5347e-01
5.5000e+03,1.5689e-01,8.1087e-01,7.5013e+00,6.8821e-01,1.5357e-01
5.5100e+03,1.5645e-01,8.1054e-01,7.5013e+00,6.8854e-01,1.5368e-01
5.5200e+03,1.5601e-01,8.1020e-01,7.5013e+00,6.8888e-01,1.5378e-01
5.5300e+03,1.5557e-01,8.0987e-01,7.5013e+00,6.8921e-01,1.5388e-01
5.5400e+03,1.5514e-01,8.0953e-01,7.5013e+00,6.8955e-01,1.5398e-01
5.5500e+03,1.5470e-01,8.0920e-01,7.5013e+00,6.8988e-01,1.5409e-01
5.5600e+03,1.5427e-01,8.0887e-01,7.5013e+00,6.9021e-01,1.5419e-01
5.5700e+03,1.5384e-01,8.0854e-01,7.5013e+00,6.9054e-01,1.5429e-01
5.5800e+03,1.5341e-01,8.0821e-01,7.5013e+00,6.9087e-01,1.5439e-01
5.5900e+03,1.5298e-01,8.0788e-01,7.5013e+00,6.9120e-01,1.5449e-01
5.6000e+03,1.5255e-01,8.0755e-01,7.5013e+00,6.9152e-01,1.5460e-01
5.6100e+03,1.5212e-01,8.0723e-01,7.5013e+00,6.9185e-01,1.5470e-01
5.6200e+03,1.5170e-01,8.0690e-01,7.5013e+00,6.9217e-01,1.5480e-01
5.6300e+03,1.5127e-01,8.0658e-01,7.5013e+00,6.9250e-01,1.5490e-01
5.6400e+03,1.5085e-01,8.0626e-01,7.5013e+00,6.9282e-01,1.5500e-01
5.6500e+03,1.5043e-01,8.0593e-01,7.5013e+00,6.9314e-01,1.5510e-01
5.6600e+03,1.5001e-01,8.0561e-01,7.5013e+00,6.9346e-01,1.5520e-01
5.6700e+03,1.4959e-01,8.0529e-01,7.5013e+00,6.9378e-01,1.5530e-01
5.6800e+03,1.4917e-01,8.0497e-01,7.5013e+00,6.9410e-01,1.5539e-01
5.6900e+03,1.4876e-01,8.0466e-01,7.5013e+00,6.9442e-01,1.5549e-01
5.7000e+03,1.4834e-01,8.0434e-01,7.5013e+00,6.9473e-01,1.5559e-01
5.7100e+03,1.4793e-01,8.0402e-01,7.5013e+00,6.9505e-01,1.5569e-01
5.7200e+03,1.4752e-01,8.0371e-01,7.5013e+00,6.9536e-01,1.5579e-01
5.7300e+03,1.4711e-01,8.0340e-01,7.5013e+00,6.9568e-01,1.5589e-01
5.7400e+03,1.4670e-01,8.0308e-01,7.5013e+00,6.9599e-01,1.5598e-01
5.7500e+03,1.4629e-01,8.0277e-01,7.5013e+00,6.9630e-01,1.5608e-01
5.7600e+03,1.4588e-01,8.0246e-01,7.5013e+00,6.9661e-01,1.5618e-01
5.7700e+03,1.4548e-01,8.0215e-01,7.5013e+00,6.9692e-01,1.5627e-01
5.7800e+03,1.4507e-01,8.0184e-01,7.5013e+00,6.9723e-01,1.5637e-01
5.7900e+03,1.4467e-01,8.0153e-01,7.5013e+00,6.9754e-01,1.5646e-01
5.8000e+03,1.4427e-01,8.0123e-01,7.5013e+00,6.9784e-01,1.5656e-01
5.8100e+03,1.4387e-01,8.0092e-01,7.5013e+00,6.9815e-01,1.5666e-01
5.8200e+03,1.4347e-01,8.0062e-01,7.5013e+00,6.9845e-01,1.5675e-01
5.8300e+03,1.4307e-01,8.0031e-01,7.5013e+00,6.9876e-01,1.5685e-01
5.8400e+03,1.4267e-01,8.0001e-01,7.5013e+00,6.9906e-01,1.5694e-01
5.8500e+03,1.4227e-01,7.9971e-01,7.5013e+00,6.9936e-01,1.5703e-01
5.8600e+03,1.4188e-01,7.9940e-01,7.5013e+00,6.9966e-01,1.5713e-01
5.8700e+03,1.4149e-01,7.9910e-01,7.5013e+00,6.9996e-01,1.5722e-01
5.8800e+03,1.4109e-01,7.9881e-01,7.5013e+00,7.0026e-01,1.5732e-01
5.8900e+03,1.4070e-01,7.9851e-01,7.5013e+00,7.0056e-01,1.5741e-01
5.9000e+03,1.4031e-01,7.9821e-01,7.5013e+00,7.0086e-01,1.5750e-01
5.9100e+03,1.3992e-01,7.9791e-01,7.5013e+00,7.0115e-01,1.5759e-01
5.9200e+03,1.3953e-01,7.9762e-01,7.5013e+00,7.0145e-01,1.5769e-01
5.9300e+03,1.3915e-01,7.9732e-01,7.5013e+00,7.0174e-01,1.5778e-01
5.9400e+03,1.3876e-01,7.9703e-01,7.5013e+00,7.0203e-01,1.5787e-01
5.9500e+03,1.3838e-01,7.9674e-01,7.5013e+00,7.0233e-01,1.5796e-01
5.9600e+03,1.3800e-01,7.9644e-01,7.5013e+00,7.0262e-01,1.5805e-01
5.9700e+03,1.3761e-01,7.9615e-01,7.5013e+00,7.0291e-01,1.5815e-01
5.9800e+03,1.3723e-01,7.9586e-01,7.5013e+00,7.0320e-01,1.5824e-01
5.9900e+03,1.3685e-01,7.9557e-01,7.5013e+00,7.0349e-01,1.5833e-01
6.0000e+03,1.3648e-01,7.9529e-01,7.5013e+00,7.0377e-01,1.5842e-01
6.0100e+03,1.3610e-01,7.9500e-01,7.5013e+00,7.0406e-01,1.5851e-01
6.0200e+03,1.3572e-01,7.9471e-01,7.5013e+00,7.0435e-01,1.5860e-01
6.0300e+03,1.3535e-01,7.9443e-01,7.5013e+00,7.0463e-01,1.5869e-01
6.0400e+03,1.3497e-01,7.9414e-01,7.5013e+00,7.0492e-01,1.5878e-01
6.0500e+03,1.3460e-01,7.9386e-01,7.5013e+00,7.0520e-01,1.5887e-01
6.0600e+03,1.3423e-01,7.9358e-01,7.5013e+00,7.0548e-01,1.5896e-01
6.0700e+03,1.3386e-01,7.9329e-01,7.5013e+00,7.0576e-01,1.5904e-01
6.0800e+03,1.3349e-01,7.9301e-01,7.5013e+00,7.0605e-01,1.5913e-01
6.0900e+03,1.3312e-01,7.9273e-01,7.5013e+00,7.0633e-01,1.5922e-01
6.1000e+03,1.3276e-01,7.9245e-01,7.5013e+00,7.0660e-01,1.5931e-01
6.1100e+03,1.3239e-01,7.9217e-01,7.5013e+00,7.0688e-01,1.5940e-01
6.1200e+03,1.3202e-01,7.9190e-01,7.5013e+00,7.0716e-01,1.5948e-01
6.1300e+03,1.3166e-01,7.9162e-01,7.5013e+00,7.0744e-01,1.5957e-01
6.1400e+03,1.3130e-01,7.9134e-01,7.5013e+00,7.0771e-01,1.5966e-01
6.1500e+03,1.3094e-01,7.9107e-01,7.5013e+00,7.0799e-01,1.5975e-01
6.1600e+03,1.3058e-01,7.9079e-01,7.5013e+00,7.0826e-01,1.5983e-01
6.1700e+03,1.3022e-01,7.9052e-01,7.5013e+00,7.0853e-01,1.5992e-01
6.1800e+03,1.2986e-01,7.9025e-01,7.5013e+00,7.0881e-01,1.6000e-01
6.1900e+03,1.2950e-01,7.8998e-01,7.5013e+00,7.0908e-01,1.6009e-01
6.2000e+03,1.2915e-01,7.8971e-01,7.5013e+00,7.0935e-01,1.6018e-01
6.2100e+03,1.2879e-01,7.8944e-01,7.5013e+00,7.0962e-01,1.6026e-01
6.2200e+03,1.2844e-01,7.8917e-01,7.5013e+00,7.0989e-01,1.6035e-01
6.2300e+03,1.2808e-01,7.8890e-01,7.5013e+00,7.1015e-01,1.6043e-01
6.2400e+03,1.2773e-01,7.8863e-01,7.5013e+00,7.1042e-01,1.6052e-01
6.2500e+03,1.2738e-01,7.8836e-01,7.5013e+00,7.1069e-01,1.6060e-01
6.2600e+03,1.2703e-01,7.8810e-01,7.5013e+00,7.1095e-01,1.6068e-01
6.2700e+03,1.2668e-01,7.8783e-01,7.5013e+00,7.1122e-01,1.6077e-01
6.2800e+03,1.2633e-01,7.8757e-01,7.5013e+00,7.1148e-01,1.6085e-01
6.2900e+03,1.2599e-01,7.8731e-01,7.5013e+00,7.1174e-01,1.6094e-01
6.3000e+03,1.2564e-01,7.8704e-01,7.5013e+00,7.1201e-01,1.6102e-01
6.3100e+03,1.2530e-01,7.8678e-01,7.5013e+00,7.1227e-01,1.6110e-01
6.3200e+03,1.2495e-01,7.8652e-01,7.5013e+00,7.1253e-01,1.6119e-01
6.3300e+03,1.2461e-01,7.8626e-01,7.5013e+00,7.1279e-01,1.6127e-01
6.3400e+03,1.2427e-01,7.8600e-01,7.5013e+00,7.1305e-01,1.6135e-01
6.3500e+03,1.2393e-01,7.8574e-01,7.5013e+00,7.1331e-01,1.6143e-01
6.3600e+03,1.2359e-01,7.8548e-01,7.5013e+00,7.1356e-01,1.6151e-01
6.3700e+03,1.2325e-01,7.8523e-01,7.5013e+00,7.1382e-01,1.6160e-01
6.3800e+03,1.2292e-01,7.8497e-01,7.5013e+00,7.1408e-01,1.6168e-01
6.3900e+03,1.2258e-01,7.8472e-01,7.5013e+00,7.1433e-01,1.6176e-01
6.4000e+03,1.2224e-01,7.8446e-01,7.5013e+00,7.1459e-01,1.6184e-01
6.4100e+03,1.2191e-01,7.8421e-01,7.5013e+00,7.1484e-01,1.6192e-01
6.4200e+03,1.2158e-01,7.8395e-01,7.5013e+00,7.1509e-01,1.6200e-01
6.4300e+03,1.2124e-01,7.8370e-01,7.5013e+00,7.1534e-01,1.6208e-01
6.4400e+03,1.2091e-01,7.8345e-01,7.5013e+00,7.1559e-01,1.6216e-01
6.4500e+03,1.2058e-01,7.8320e-01,7.5013e+00,7.1585e-01,1.6224e-01
6.4600e+03,1.2025e-01,7.8295e-01,7.5013e+00,7.1610e-01,1.6232e-01
6.4700e+03,1.1992e-01,7.8270e-01,7.5013e+00,7.1634e-01,1.6240e-01
6.4800e+03,1.1960e-01,7.8245e-01,7.5013e+00,7.1659e-01,1.6248e-01
6.4900e+03,1.1927e-01,7.8220e-01,7.5013e+00,7.1684e-01,1.6256e-01
6.5000e+03,1.1894e-01,7.8196e-01,7.5013e+00,7.1709e-01,1.6264e-01
6.5100e+03,1.1862e-01,7.8171e-01,7.5013e+00,7.1733e-01,1.6272e-01
6.5200e+03,1.1830e-01,7.8147e-01,7.5013e+00,7.1758e-01,1.6280e-01
6.5300e+03,1.1797e-01,7.8122e-01,7.5013e+00,7.1782e-01,1.6287e-01
6.5400e+03,1.1765e-01,7.8098e-01,7.5013e+00,7.1807e-01,1.6295e-01
6.5500e+03,1.1733e-01,7.8073e-01,7.5013e+00,7.1831e-01,1.6303e-01
6.5600e+03,1.1701e-01,7.8049e-01,7.5013e+00,7.1855e-01,1.6311e-01
6.5700e+03,1.1669e-01,7.8025e-01,7.5013e+00,7.1879e-01,1.6318e-01
6.5800e+03,1.1637e-01,7.8001e-01,7.5013e+00,7.1903e-01,1.6326e-01
6.5900e+03,1.1606e-01,7.7977e-01,7.5013e+00,7.1927e-01,1.6334e-01
6.6000e+03,1.1574e-01,7.7953e-01,7.5013e+00,7.1951e-01,1.6341e-01
6.6100e+03,1.1543e-01,7.7929e-01,7.5013e+00,7.1975e-01,1.6349e-01
6.6200e+03,1.1511e-01,7.7905e-01,7.5013e+00,7.1999e-01,1.6357e-01
6.6300e+03,1.1480e-01,7.7881e-01,7.5013e+00,7.2023e-01,1.6364e-01
6.6400e+03,1.1449e-01,7.7858e-01,7.5013e+00,7.2046e-01,1.6372e-01
6.6500e+03,1.1418e-01,7.7834e-01,7.5013e+00,7.2070e-01,1.6380e-01
6.6600e+03,1.1386e-01,7.7811e-01,7.5013e+00,7.2093e-01,1.6387e-01
6.6700e+03,1.1356e-01,7.7787e-01,7.5013e+00,7.2117e-01,1.6395e-01
6.6800e+03,1.1325e-01,7.7764e-01,7.5013e+00,7.2140e-01,1.6402e-01
6.6900e+03,1.1294e-01,7.7740e-01,7.5013e+00,7.2163e-01,1.6410e-01
6.7000e+03,1.1263e-01,7.7717e-01,7.5013e+00,7.2187e-01,1.6417e-01
6.7100e+03,1.1233e-01,7.7694e-01,7.5013e+00,7.2210e-01,1.6425e-01
6.7200e+03,1.1202e-01,7.7671e-01,7.5013e+00,7.2233e-01,1.6432e-01
6.7300e+03,1.1172e-01,7.7648e-01,7.5013e+00,7.2256e-01,1.6439e-01
6.7400e+03,1.1141e-01,7.7625e-01,7.5013e+00,7.2279e-01,1.6447e-01
6.7500e+03,1.1111e-01,7.7602e-01,7.5013e+00,7.2302e-01,1.6454e-01
6.7600e+03,1.1081e-01,7.7579e-01,7.5013e+00,7.2324e-01,1.6461e-01
6.7700e+03,1.1051e-01,7.7556e-01,7.5013e+00,7.2347e-01,1.6469e-01
6.7800e+03,1.1021e-01,7.7534e-01,7.5013e+00,7.2370e-01,1.6476e-01
6.7900e+03,1.0991e-01,7.7511e-01,7.5013e+00,7.2392e-01,1.6483e-01
6.8000e+03,1.0961e-01,7.7488e-01,7.5013e+00,7.2415e-01,1.6491e-01
6.8100e+03,1.0932e-01,7.7466e-01,7.5013e+00,7.2437e-01,1.6498e-01
6.8200e+03,1.0902e-01,7.7444e-01,7.5013e+00,7.2460e-01,1.6505e-01
6.8300e+03,1.0872e-01,7.7421e-01,7.5013e+00,7.2482e-01,1.6512e-01
6.8400e+03,1.0843e-01,7.7399e-01,7.5013e+00,7.2504e-01,1.6520e-01
6.8500e+03,1.0814e-01,7.7377e-01,7.5013e+00,7.2527e-01,1.6527e-01
6.8600e+03,1.0784e-01,7.7355e-01,7.5013e+00,7.2549e-01,1.6534e-01
6.8700e+03,1.0755e-01,7.7332e-01,7.5013e+00,7.2571e-01,1.6541e-01
6.8800e+03,1.0726e-01,7.7310e-01,7.5013e+00,7.2593e-01,1.6548e-01
6.8900e+03,1.0697e-01,7.7288e-01,7.5013e+00,7.2615e-01,1.6555e-01
6.9000e+03,1.0668e-01,7.7267e-01,7.5013e+00,7.2637e-01,1.6562e-01
6.9100e+03,1.0639e-01,7.7245e-01,7.5013e+00,7.2658e-01,1.6569e-01
6.9200e+03,1.0611e-01,7.7223e-01,7.5013e+00,7.2680e-01,1.6576e-01
6.9300e+03,1.0582e-01,7.7201e-01,7.5013e+00,7.2702e-01,1.6583e-01
6.9400e+03,1.0553e-01,7.7180e-01,7.5013e+00,7.2723e-01,1.6590e-01
6.9500e+03,1.0525e-01,7.7158e-01,7.5013e+00,7.2745e-01,1.6597e-01
6.9600e+03,1.0496e-01,7.7137e-01,7.5013e+00,7.2766e-01,1.6604e-01
6.9700e+03,1.0468e-01,7.7115e-01,7.5013e+00,7.2788e-01,1.6611e-01
6.9800e+03,1.0440e-01,7.7094e-01,7.5013e+00,7.2809e-01,1.6618e-01
6.9900e+03,1.0411e-01,7.7072e-01,7.5013e+00,7.2830e-01,1.6625e-01
7.0000e+03,1.0383e-01,7.7051e-01,7.5013e+00,7.2852e-01,1.6632e-01
7.0100e+03,1.0355e-01,7.7030e-01,7.5013e+00,7.2873e-01,1.6639e-01
7.0200e+03,1.0327e-01,7.7009e-01,7.5013e+00,7.2894e-01,1.6646e-01
7.0300e+03,1.0300e-01,7.6988e-01,7.5013e+00,7.2915e-01,1.6652e-01
7.0400e+03,1.0272e-01,7.6967e-01,7.5013e+00,7.2936e-01,1.6659e-01
7.0500e+03,1.0244e-01,7.6946e-01,7.5013e+00,7.2957e-01,1.6666e-01
7.0600e+03,1.0216e-01,7.6925e-01,7.5013e+00,7.2978e-01,1.6673e-01
7.0700e+03,1.0189e-01,7.6904e-01,7.5013e+00,7.2998e-01,1.6680e-01
7.0800e+03,1.0161e-01,7.6884e-01,7.5013e+00,7.3019e-01,1.6686e-01
7.0900e+03,1.0134e-01,7.6863e-01,7.5013e+00,7.3040e-01,1.6693e-01
7.1000e+03,1.0107e-01,7.6842e-01,7.5013e+00,7.3060e-01,1.6700e-01
7.1100e+03,1.0080e-01,7.6822e-01,7.5013e+00,7.3081e-01,1.6706e-01
7.1200e+03,1.0052e-01,7.6801e-01,7.5013e+00,7.3101e-01,1.6713e-01
7.1300e+03,1.0025e-01,7.6781e-01,7.5013e+00,7.3122e-01,1.6720e-01
7.1400e+03,9.9984e-02,7.6760e-01,7.5013e+00,7.3142e-01,1.6726e-01
7.1500e+03,9.9715e-02,7.6740e-01,7.5013e+00,7.3162e-01,1.6733e-01
7.1600e+03,9.9446e-02,7.6720e-01,7.5013e+00,7.3183e-01,1.6740e-01
7.1700e+03,9.9179e-02,7.6700e-01,7.5013e+00,7.3203e-01,1.6746e-01
7.1800e+03,9.8912e-02,7.6679e-01,7.5013e+00,7.3223e-01,1.6753e-01
7.1900e+03,9.8646e-02,7.6659e-01,7.5013e+00,7.3243e-01,1.6759e-01
7.2000e+03,9.8381e-02,7.6639e-01,7.5013e+00,7.3263e-01,1.6766e-01
7.2100e+03,9.8117e-02,7.6619e-01,7.5013e+00,7.3283e-01,1.6772e-01
7.2200e+03,9.7853e-02,7.6599e-01,7.5013e+00,7.3303e-01,1.6779e-01
7.2300e+03,9.7590e-02,7.6580e-01,7.5013e+00,7.3323e-01,1.6785e-01
7.2400e+03,9.7328e-02,7.6560e-01,7.5013e+00,7.3342e-01,1.6792e-01
7.2500e+03,9.7067e-02,7.6540e-01,7.5013e+00,7.3362e-01,1.6798e-01
7.2600e+03,9.6806e-02,7.6520e-01,7.5013e+00,7.3382e-01,1.6805e-01
7.2700e+03,9.6546e-02,7.6501e-01,7.5013e+00,7.3401e-01,1.6811e-01
7.2800e+03,9.6287e-02,7.6481e-01,7.5013e+00,7.3421e-01,1.6817e-01
7.2900e+03,9.6028e-02,7.6462e-01,7.5013e+00,7.3440e-01,1.6824e-01
7.3000e+03,9.5771e-02,7.6442e-01,7.5013e+00,7.3460e-01,1.6830e-01
7.3100e+03,9.5514e-02,7.6423e-01,7.5013e+00,7.3479e-01,1.6836e-01
7.3200e+03,9.5258e-02,7.6404e-01,7.5013e+00,7.3498e-01,1.6843e-01
7.3300e+03,9.5002e-02,7.6384e-01,7.5013e+00,7.3518e-01,1.6849e-01
7.3400e+03,9.4747e-02,7.6365e-01,7.5013e+00,7.3537e-01,1.6855e-01
7.3500e+03,9.4493e-02,7.6346e-01,7.5013e+00,7.3556e-01,1.6862e-01
7.3600e+03,9.4240e-02,7.6327e-01,7.5013e+00,7.3575e-01,1.6868e-01
7.3700e+03,9.3988e-02,7.6308e-01,7.5013e+00,7.3594e-01,1.6874e-01
7.3800e+03,9.3736e-02,7.6289e-01,7.5013e+00,7.3613e-01,1.6880e-01
7.3900e+03,9.3485e-02,7.6270e-01,7.5013e+00,7.3632e-01,1.6886e-01
7.4000e+03,9.3234e-02,7.6251e-01,7.5013e+00,7.3651e-01,1.6893e-01
7.4100e+03,9.2985e-02,7.6232e-01,7.5013e+00,7.3670e-01,1.6899e-01
7.4200e+03,9.2736e-02,7.6213e-01,7.5013e+00,7.3688e-01,1.6905e-01
7.4300e+03,9.2488e-02,7.6195e-01,7.5013e+00,7.3707e-01,1.6911e-01
7.4400e+03,9.2240e-02,7.6176e-01,7.5013e+00,7.3726e-01,1.6917e-01
7.4500e+03,9.1993e-02,7.6157e-01,7.5013e+00,7.3744e-01,1.6923e-01
7.4600e+03,9.1747e-02,7.6139e-01,7.5013e+00,7.3763e-01,1.6929e-01
7.4700e+03,9.1502e-02,7.6120e-01,7.5013e+00,7.3781e-01,1.6935e-01
7.4800e+03,9.1257e-02,7.6102e-01,7.5013e+00,7.3800e-01,1.6941e-01
7.4900e+03,9.1013e-02,7.6083e-01,7.5013e+00,7.3818e-01,1.6947e-01
7.5000e+03,9.0770e-02,7.6065e-01,7.5013e+00,7.3836e-01,1.6954e-01
7.5100e+03,9.0527e-02,7.6047e-01,7.5013e+00,7.3855e-01,1.6960e-01
7.5200e+03,9.0285e-02,7.6029e-01,7.5013e+00,7.3873e-01,1.6965e-01
7.5300e+03,9.0044e-02,7.6010e-01,7.5013e+00,7.3891e-01,1.6971e-01
7.5400e+03,8.9803e-02,7.5992e-01,7.5013e+00,7.3909e-01,1.6977e-01
7.5500e+03,8.9564e-02,7.5974e-01,7.5013e+00,7.3927e-01,1.6983e-01
7.5600e+03,8.9324e-02,7.5956e-01,7.5013e+00,7.3945e-01,1.6989e-01
7.5700e+03,8.9086e-02,7.5938e-01,7.5013e+00,7.3963e-01,1.6995e-01
7.5800e+03,8.8848e-02,7.5920e-01,7.5013e+00,7.3981e-01,1.7001e-01
7.5900e+03,8.8611e-02,7.5902e-01,7.5013e+00,7.3999e-01,1.7007e-01
7.6000e+03,8.8375e-02,7.5885e-01,7.5013e+00,7.4017e-01,1.7013e-01
7.6100e+03,8.8139e-02,7.5867e-01,7.5013e+00,7.4034e-01,1.7019e-01
7.6200e+03,8.7904e-02,7.5849e-01,7.5013e+00,7.4052e-01,1.7024e-01
7.6300e+03,8.7669e-02,7.5832e-01,7.5013e+00,7.4070e-01,1.7030e-01
7.6400e+03,8.7435e-02,7.5814e-01,7.5013e+00,7.4087e-01,1.7036e-01
7.6500e+03,8.7202e-02,7.5796e-01,7.5013e+00,7.4105e-01,1.7042e-01
7.6600e+03,8.6970e-02,7.5779e-01,7.5013e+00,7.4122e-01,1.7048e-01
7.6700e+03,8.6738e-02,7.5761e-01,7.5013e+00,7.4140e-01,1.7053e-01
7.6800e+03,8.6507e-02,7.5744e-01,7.5013e+00,7.4157e-01,1.7059e-01
7.6900e+03,8.6276e-02,7.5727e-01,7.5013e+00,7.4174e-01,1.7065e-01
7.7000e+03,8.6047e-02,7.5709e-01,7.5013e+00,7.4192e-01,1.7071e-01
7.7100e+03,8.5817e-02,7.5692e-01,7.5013e+00,7.4209e-01,1.7076e-01
7.7200e+03,8.5589e-02,7.5675e-01,7.5013e+00,7.4226e-01,1.7082e-01
7.7300e+03,8.5361e-02,7.5658e-01,7.5013e+00,7.4243e-01,1.7088e-01
7.7400e+03,8.5134e-02,7.5641e-01,7.5013e+00,7.4260e-01,1.7093e-01
7.7500e+03,8.4907e-02,7.5624e-01,7.5013e+00,7.4277e-01,1.7099e-01
7.7600e+03,8.4681e-02,7.5607e-01,7.5013e+00,7.4294e-01,1.7104e-01
7.7700e+03,8.4456e-02,7.5590e-01,7.5013e+00,7.4311e-01,1.7110e-01
7.7800e+03,8.4231e-02,7.5573e-01,7.5013e+00,7.4328e-01,1.7116e-01
7.7900e+03,8.4007e-02,7.5556e-01,7.5013e+00,7.4345e-01,1.7121e-01
7.8000e+03,8.3784e-02,7.5539e-01,7.5013e+00,7.4362e-01,1.7127e-01
7.8100e+03,8.3561e-02,7.5522e-01,7.5013e+00,7.4378e-01,1.7132e-01
7.8200e+03,8.3339e-02,7.5506e-01,7.5013e+00,7.4395e-01,1.7138e-01
7.8300e+03,8.3117e-02,7.5489e-01,7.5013e+00,7.4412e-01,1.7143e-01
7.8400e+03,8.2896e-02,7.5472e-01,7.5013e+00,7.4428e-01,1.7149e-01
7.8500e+03,8.2676e-02,7.5456e-01,7.5013e+00,7.4445e-01,1.7154e-01
7.8600e+03,8.2456e-02,7.5439e-01,7.5013e+00,7.4461e-01,1.7160e-01
7.8700e+03,8.2237e-02,7.5423e-01,7.5013e+00,7.4478e-01,1.7165e-01
7.8800e+03,8.2019e-02,7.5406e-01,7.5013e+00,7.4494e-01,1.7171e-01
7.8900e+03,8.1801e-02,7.5390e-01,7.5013e+00,7.4511e-01,1.7176e-01
7.9000e+03,8.1584e-02,7.5374e-01,7.5013e+00,7.4527e-01,1.7182e-01
7.9100e+03,8.1367e-02,7.5357e-01,7.5013e+00,7.4543e-01,1.7187e-01
7.9200e+03,8.1151e-02,7.5341e-01,7.5013e+00,7.4559e-01,1.7192e-01
7.9300e+03,8.0936e-02,7.5325e-01,7.5013e+00,7.4576e-01,1.7198e-01
7.9400e+03,8.0721e-02,7.5309e-01,7.5013e+00,7.4592e-01,1.7203e-01
7.9500e+03,8.0507e-02,7.5293e-01,7.5013e+00,7.4608e-01,1.7208e-01
7.9600e+03,8.0294e-02,7.5277e-01,7.5013e+00,7.4624e-01,1.7214e-01
7.9700e+03,8.0081e-02,7.5261e-01,7.5013e+00,7.4640e-01,1.7219e-01
7.9800e+03,7.9868e-02,7.5245e-01,7.5013e+00,7.4656e-01,1.7224e-01
7.9900e+03,7.9657e-02,7.5229e-01,7.5013e+00,7.4672e-01,1.7230e-01
8.0000e+03,7.9445e-02,7.5213e-01,7.5013e+00,7.4688e-01,1.7235e-01
8.0100e+03,7.9235e-02,7.5197e-01,7.5013e+00,7.4703e-01,1.7240e-01
8.0200e+03,7.9025e-02,7.5181e-01,7.5013e+00,7.4719e-01,1.7245e-01
8.0300e+03,7.8815e-02,7.5166e-01,7.5013e+00,7.4735e-01,1.7251e-01
8.0400e+03,7.8607e-02,7.5150e-01,7.5013e+00,7.4750e-01,1.7256e-01
8.0500e+03,7.8398e-02,7.5134e-01,7.5013e+00,7.4766e-01,1.7261e-01
8.0600e+03,7.8191e-02,7.5119e-01,7.5013e+00,7.4782e-01,1.7266e-01
8.0700e+03,7.7984e-02,7.5103e-01,7.5013e+00,7.4797e-01,1.7271e-01
8.0800e+03,7.7777e-02,7.5088e-01,7.5013e+00,7.4813e-01,1.7276e-01
8.0900e+03,7.7571e-02,7.5072e-01,7.5013e+00,7.4828e-01,1.7282e-01
8.1000e+03,7.7366e-02,7.5057e-01,7.5013e+00,7.4844e-01,1.7287e-01
8.1100e+03,7.7161e-02,7.5041e-01,7.5013e+00,7.4859e-01,1.7292e-01
8.1200e+03,7.6957e-02,7.5026e-01,7.5013e+00,7.4874e-01,1.7297e-01
8.1300e+03,7.6754e-02,7.5011e-01,7.5013e+00,7.4889e-01,1.7302e-01
8.1400e+03,7.6551e-02,7.4995e-01,7.5013e+00,7.4905e-01,1.7307e-01
8.1500e+03,7.6348e-02,7.4980e-01,7.5013e+00,7.4920e-01,1.7312e-01
8.1600e+03,7.6146e-02,7.4965e-01,7.5013e+00,7.4935e-01,1.7317e-01
8.1700e+03,7.5945e-02,7.4950e-01,7.5013e+00,7.4950e-01,1.7322e-01
8.1800e+03,7.5744e-02,7.4935e-01,7.5013e+00,7.4965e-01,1.7327e-01
8.1900e+03,7.5544e-02,7.4920e-01,7.5013e+00,7.4980e-01,1.7332e-01
8.2000e+03,7.5344e-02,7.4905e-01,7.5013e+00,7.4995e-01,1.7337e-01
8.2100e+03,7.5145e-02,7.4890e-01,7.5013e+00,7.5010e-01,1.7342e-01
8.2200e+03,7.4947e-02,7.4875e-01,7.5013e+00,7.5025e-01,1.7347e-01
8.2300e+03,7.4749e-02,7.4860e-01,7.5013e+00,7.5040e-01,1.7352e-01
8.2400e+03,7.4551e-02,7.4845e-01,7.5013e+00,7.5055e-01,1.7357e-01
8.2500e+03,7.4354e-02,7.4831e-01,7.5013e+00,7.5069e-01,1.7362e-01
8.2600e+03,7.4158e-02,7.4816e-01,7.5013e+00,7.5084e-01,1.7367e-01
8.2700e+03,7.3962e-02,7.4801e-01,7.5013e+00,7.5099e-01,1.7372e-01
8.2800e+03,7.3767e-02,7.4786e-01,7.5013e+00,7.5113e-01,1.7377e-01
8.2900e+03,7.3572e-02,7.4772e-01,7.5013e+00,7.5128e-01,1.7382e-01
8.3000e+03,7.3378e-02,7.4757e-01,7.5013e+00,7.5143e-01,1.7387e-01
8.3100e+03,7.3185e-02,7.4743e-01,7.5013e+00,7.5157e-01,1.7391e-01
8.3200e+03,7.2992e-02,7.4728e-01,7.5013e+00,7.5171e-01,1.7396e-01
8.3300e+03,7.2799e-02,7.4714e-01,7.5013e+00,7.5186e-01,1.7401e-01
8.3400e+03,7.2607e-02,7.4699e-01,7.5013e+00,7.5200e-01,1.7406e-01
8.3500e+03,7.2416e-02,7.4685e-01,7.5013e+00,7.5215e-01,1.7411e-01
8.3600e+03,7.2225e-02,7.4671e-01,7.5013e+00,7.5229e-01,1.7415e-01
8.3700e+03,7.2034e-02,7.4656e-01,7.5013e+00,7.5243e-01,1.7420e-01
8.3800e+03,7.1844e-02,7.4642e-01,7.5013e+00,7.5257e-01,1.7425e-01
8.3900e+03,7.1655e-02,7.4628e-01,7.5013e+00,7.5272e-01,1.7430e-01
8.4000e+03,7.1466e-02,7.4614e-01,7.5013e+00,7.5286e-01,1.7434e-01
8.4100e+03,7.1278e-02,7.4600e-01,7.5013e+00,7.5300e-01,1.7439e-01
8.4200e+03,7.1090e-02,7.4586e-01,7.5013e+00,7.5314e-01,1.7444e-01
8.4300e+03,7.0903e-02,7.4572e-01,7.5013e+00,7.5328e-01,1.7449e-01
8.4400e+03,7.0716e-02,7.4558e-01,7.5013e+00,7.5342e-01,1.7453e-01
8.4500e+03,7.0530e-02,7.4544e-01,7.5013e+00,7.5356e-01,1.7458e-01
8.4600e+03,7.0344e-02,7.4530e-01,7.5013e+00,7.5370e-01,1.7463e-01
8.4700e+03,7.0159e-02,7.4516e-01,7.5013e+00,7.5384e-01,1.7467e-01
8.4800e+03,6.9974e-02,7.4502e-01,7.5013e+00,7.5397e-01,1.7472e-01
8.4900e+03,6.9790e-02,7.4488e-01,7.5013e+00,7.5411e-01,1.7477e-01
8.5000e+03,6.9607e-02,7.4474e-01,7.5013e+00,7.5425e-01,1.7481e-01
8.5100e+03,6.9423e-02,7.4461e-01,7.5013e+00,7.5439e-01,1.7486e-01
8.5200e+03,6.9241e-02,7.4447e-01,7.5013e+00,7.5452e-01,1.7490e-01
8.5300e+03,6.9059e-02,7.4433e-01,7.5013e+00,7.5466e-01,1.7495e-01
8.5400e+03,6.8877e-02,7.4420e-01,7.5013e+00,7.5480e-01,1.7500e-01
8.5500e+03,6.8696e-02,7.4406e-01,7.5013e+00,7.5493e-01,1.7504e-01
8.5600e+03,6.8515e-02,7.4393e-01,7.5013e+00,7.5507e-01,1.7509e-01
8.5700e+03,6.8335e-02,7.4379e-01,7.5013e+00,7.5520e-01,1.7513e-01
8.5800e+03,6.8156e-02,7.4366e-01,7.5013e+00,7.5534e-01,1.7518e-01
8.5900e+03,6.7976e-02,7.4352e-01,7.5013e+00,7.5547e-01,1.7522e-01
8.6000e+03,6.7798e-02,7.4339e-01,7.5013e+00,7.5560e-01,1.7527e-01
8.6100e+03,6.7620e-02,7.4325e-01,7.5013e+00,7.5574e-01,1.7531e-01
8.6200e+03,6.7442e-02,7.4312e-01,7.5013e+00,7.5587e-01,1.7536e-01
8.6300e+03,6.7265e-02,7.4299e-01,7.5013e+00,7.5600e-01,1.7540e-01
8.6400e+03,6.7088e-02,7.4286e-01,7.5013e+00,7.5614e-01,1.7545e-01
8.6500e+03,6.6912e-02,7.4272e-01,7.5013e+00,7.5627e-01,1.7549e-01
8.6600e+03,6.6736e-02,7.4259e-01,7.5013e+00,7.5640e-01,1.7553e-01
8.6700e+03,6.6561e-02,7.4246e-01,7.5013e+00,7.5653e-01,1.7558e-01
8.6800e+03,6.6386e-02,7.4233e-01,7.5013e+00,7.5666e-01,1.7562e-01
8.6900e+03,6.6212e-02,7.4220e-01,7.5013e+00,7.5679e-01,1.7567e-01
8.7000e+03,6.6038e-02,7.4207e-01,7.5013e+00,7.5692e-01,1.7571e-01
8.7100e+03,6.5865e-02,7.4194e-01,7.5013e+00,7.5705e-01,1.7575e-01
8.7200e+03,6.5692e-02,7.4181e-01,7.5013e+00,7.5718e-01,1.7580e-01
8.7300e+03,6.5520e-02,7.4168e-01,7.5013e+00,7.5731e-01,1.7584e-01
8.7400e+03,6.5348e-02,7.4155e-01,7.5013e+00,7.5744e-01,1.7588e-01
8.7500e+03,6.5177e-02,7.4142e-01,7.5013e+00,7.5757e-01,1.7593e-01
8.7600e+03,6.5006e-02,7.4130e-01,7.5013e+00,7.5769e-01,1.7597e-01
8.7700e+03,6.4835e-02,7.4117e-01,7.5013e+00,7.5782e-01,1.7601e-01
8.7800e+03,6.4665e-02,7.4104e-01,7.5013e+00,7.5795e-01,1.7606e-01
8.7900e+03,6.4496e-02,7.4091e-01,7.5013e+00,7.5807e-01,1.7610e-01
8.8000e+03,6.4327e-02,7.4079e-01,7.5013e+00,7.5820e-01,1.7614e-01
8.8100e+03,6.4158e-02,7.4066e-01,7.5013e+00,7.5833e-01,1.7618e-01
8.8200e+03,6.3990e-02,7.4054e-01,7.5013e+00,7.5845e-01,1.7623e-01
8.8300e+03,6.3822e-02,7.4041e-01,7.5013e+00,7.5858e-01,1.7627e-01
8.8400e+03,6.3655e-02,7.4029e-01,7.5013e+00,7.5870e-01,1.7631e-01
8.8500e+03,6.3489e-02,7.4016e-01,7.5013e+00,7.5883e-01,1.7635e-01
8.8600e+03,6.3322e-02,7.4004e-01,7.5013e+00,7.5895e-01,1.7639e-01
8.8700e+03,6.3156e-02,7.3991e-01,7.5013e+00,7.5908e-01,1.7644e-01
8.8800e+03,6.2991e-02,7.3979e-01,7.5013e+00,7.5920e-01,1.7648e-01
8.8900e+03,6.2826e-02,7.3967e-01,7.5013e+00,7.5932e-01,1.7652e-01
8.9000e+03,6.2662e-02,7.3954e-01,7.5013e+00,7.5945e-01,1.7656e-01
8.9100e+03,6.2498e-02,7.3942e-01,7.5013e+00,7.5957e-01,1.7660e-01
8.9200e+03,6.2334e-02,7.3930e-01,7.5013e+00,7.5969e-01,1.7664e-01
8.9300e+03,6.2171e-02,7.3917e-01,7.5013e+00,7.5981e-01,1.7669e-01
8.9400e+03,6.2008e-02,7.3905e-01,7.5013e+00,7.5993e-01,1.7673e-01
8.9500e+03,6.1846e-02,7.3893e-01,7.5013e+00,7.6005e-01,1.7677e-01
8.9600e+03,6.1684e-02,7.3881e-01,7.5013e+00,7.6018e-01,1.7681e-01
8.9700e+03,6.1523e-02,7.3869e-01,7.5013e+00,7.6030e-01,1.7685e-01
8.9800e+03,6.1362e-02,7.3857e-01,7.5013e+00,7.6042e-01,1.7689e-01
8.9900e+03,6.1202e-02,7.3845e-01,7.5013e+00,7.6054e-01,1.7693e-01
9.0000e+03,6.1042e-02,7.3833e-01,7.5013e+00,7.6066e-01,1.7697e-01
9.0100e+03,6.0882e-02,7.3821e-01,7.5013e+00,7.6077e-01,1.7701e-01
9.0200e+03,6.0723e-02,7.3809e-01,7.5013e+00,7.6089e-01,1.7705e-01
9.0300e+03,6.0564e-02,7.3797e-01,7.5013e+00,7.6101e-01,1.7709e-01
9.0400e+03,6.0406e-02,7.3785e-01,7.5013e+00,7.6113e-01,1.7713e-01
9.0500e+03,6.0248e-02,7.3774e-01,7.5013e+00,7.6125e-01,1.7717e-01
9.0600e+03,6.0091e-02,7.3762e-01,7.5013e+00,7.6137e-01,1.7721e-01
9.0700e+03,5.9934e-02,7.3750e-01,7.5013e+00,7.6148e-01,1.7725e-01
9.0800e+03,5.9777e-02,7.3738e-01,7.5013e+00,7.6160e-01,1.7729e-01
9.0900e+03,5.9621e-02,7.3727e-01,7.5013e+00,7.6172e-01,1.7733e-01
9.1000e+03,5.9465e-02,7.3715e-01,7.5013e+00,7.6183e-01,1.7737e-01
9.1100e+03,5.9310e-02,7.3703e-01,7.5013e+00,7.6195e-01,1.7741e-01
9.1200e+03,5.9155e-02,7.3692e-01,7.5013e+00,7.6206e-01,1.7745e-01
9.1300e+03,5.9001e-02,7.3680e-01,7.5013e+00,7.6218e-01,1.7749e-01
9.1400e+03,5.8847e-02,7.3669e-01,7.5013e+00,7.6229e-01,1.7753e-01
9.1500e+03,5.8693e-02,7.3657e-01,7.5013e+00,7.6241e-01,1.7757e-01
9.1600e+03,5.8540e-02,7.3646e-01,7.5013e+00,7.6252e-01,1.7760e-01
9.1700e+03,5.8387e-02,7.3634e-01,7.5013e+00,7.6264e-01,1.7764e-01
9.1800e+03,5.8235e-02,7.3623e-01,7.5013e+00,7.6275e-01,1.7768e-01
9.1900e+03,5.8083e-02,7.3612e-01,7.5013e+00,7.6287e-01,1.7772e-01
9.2000e+03,5.7932e-02,7.3600e-01,7.5013e+00,7.6298e-01,1.7776e-01
9.2100e+03,5.7780e-02,7.3589e-01,7.5013e+00,7.6309e-01,1.7780e-01
9.2200e+03,5.7630e-02,7.3578e-01,7.5013e+00,7.6320e-01,1.7784e-01
9.2300e+03,5.7479e-02,7.3567e-01,7.5013e+00,7.6332e-01,1.7787e-01
9.2400e+03,5.7330e-02,7.3555e-01,7.5013e+00,7.6343e-01,1.7791e-01
9.2500e+03,5.7180e-02,7.3544e-01,7.5013e+00,7.6354e-01,1.7795e-01
9.2600e+03,5.7031e-02,7.3533e-01,7.5013e+00,7.6365e-01,1.7799e-01
9.2700e+03,5.6882e-02,7.3522e-01,7.5013e+00,7.6376e-01,1.7803e-01
9.2800e+03,5.6734e-02,7.3511e-01,7.5013e+00,7.6387e-01,1.7806e-01
9.2900e+03,5.6586e-02,7.3500e-01,7.5013e+00,7.6398e-01,1.7810e-01
9.3000e+03,5.6439e-02,7.3489e-01,7.5013e+00,7.6409e-01,1.7814e-01
9.3100e+03,5.6292e-02,7.3478e-01,7.5013e+00,7.6420e-01,1.7817e-01
9.3200e+03,5.6145e-02,7.3467e-01,7.5013e+00,7.6431e-01,1.7821e-01
9.3300e+03,5.5999e-02,7.3456e-01,7.5013e+00,7.6442e-01,1.7825e-01
9.3400e+03,5.5853e-02,7.3445e-01,7.5013e+00,7.6453e-01,1.7829e-01
9.3500e+03,5.5708e-02,7.3434e-01,7.5013e+00,7.6464e-01,1.7832e-01
9.3600e+03,5.5563e-02,7.3423e-01,7.5013e+00,7.6475e-01,1.7836e-01
9.3700e+03,5.5418e-02,7.3413e-01,7.5013e+00,7.6485e-01,1.7840e-01
9.3800e+03,5.5274e-02,7.3402e-01,7.5013e+00,7.6496e-01,1.7843e-01
9.3900e+03,5.5130e-02,7.3391e-01,7.5013e+00,7.6507e-01,1.7847e-01
9.4000e+03,5.4986e-02,7.3380e-01,7.5013e+00,7.6518e-01,1.7851e-01
9.4100e+03,5.4843e-02,7.3370e-01,7.5013e+00,7.6528e-01,1.7854e-01
9.4200e+03,5.4701e-02,7.3359e-01,7.5013e+00,7.6539e-01,1.7858e-01
9.4300e+03,5.4558e-02,7.3348e-01,7.5013e+00,7.6550e-01,1.7862e-01
9.4400e+03,5.4416e-02,7.3338e-01,7.5013e+00,7.6560e-01,1.7865e-01
9.4500e+03,5.4275e-02,7.3327e-01,7.5013e+00,7.6571e-01,1.7869e-01
9.4600e+03,5.4134e-02,7.3317e-01,7.5013e+00,7.6581e-01,1.7872e-01
9.4700e+03,5.3993e-02,7.3306e-01,7.5013e+00,7.6592e-01,1.7876e-01
9.4800e+03,5.3852e-02,7.3296e-01,7.5013e+00,7.6602e-01,1.7879e-01
9.4900e+03,5.3712e-02,7.3285e-01,7.5013e+00,7.6613e-01,1.7883e-01
9.5000e+03,5.3573e-02,7.3275e-01,7.5013e+00,7.6623e-01,1.7887e-01
9.5100e+03,5.3434e-02,7.3264e-01,7.5013e+00,7.6633e-01,1.7890e-01
9.5200e+03,5.3295e-02,7.3254e-01,7.5013e+00,7.6644e-01,1.7894e-01
9.5300e+03,5.3156e-02,7.3244e-01,7.5013e+00,7.6654e-01,1.7897e-01
9.5400e+03,5.3018e-02,7.3233e-01,7.5013e+00,7.6664e-01,1.7901e-01
9.5500e+03,5.2880e-02,7.3223e-01,7.5013e+00,7.6675e-01,1.7904e-01
9.5600e+03,5.2743e-02,7.3213e-01,7.5013e+00,7.6685e-01,1.7908e-01
9.5700e+03,5.2606e-02,7.3203e-01,7.5013e+00,7.6695e-01,1.7911e-01
9.5800e+03,5.2469e-02,7.3192e-01,7.5013e+00,7.6705e-01,1.7915e-01
9.5900e+03,5.2333e-02,7.3182e-01,7.5013e+00,7.6715e-01,1.7918e-01
9.6000e+03,5.2197e-02,7.3172e-01,7.5013e+00,7.6726e-01,1.7922e-01
9.6100e+03,5.2061e-02,7.3162e-01,7.5013e+00,7.6736e-01,1.7925e-01
9.6200e+03,5.1926e-02,7.3152e-01,7.5013e+00,7.6746e-01,1.7929e-01
9.6300e+03,5.1791e-02,7.3142e-01,7.5013e+00,7.6756e-01,1.7932e-01
9.6400e+03,5.1657e-02,7.3132e-01,7.5013e+00,7.6766e-01,1.7935e-01
9.6500e+03,5.1523e-02,7.3122e-01,7.5013e+00,7.6776e-01,1.7939e-01
9.6600e+03,5.1389e-02,7.3112e-01,7.5013e+00,7.6786e-01,1.7942e-01
9.6700e+03,5.1256e-02,7.3102e-01,7.5013e+00,7.6796e-01,1.7946e-01
9.6800e+03,5.1123e-02,7.3092e-01,7.5013e+00,7.6806e-01,1.7949e-01
9.6900e+03,5.0990e-02,7.3082e-01,7.5013e+00,7.6816e-01,1.7952e-01
9.7000e+03,5.0858e-02,7.3072e-01,7.5013e+00,7.6825e-01,1.7956e-01
9.7100e+03,5.0726e-02,7.3062e-01,7.5013e+00,7.6835e-01,1.7959e-01
9.7200e+03,5.0594e-02,7.3053e-01,7.5013e+00,7.6845e-01,1.7962e-01
9.7300e+03,5.0463e-02,7.3043e-01,7.5013e+00,7.6855e-01,1.7966e-01
9.7400e+03,5.0332e-02,7.3033e-01,7.5013e+00,7.6865e-01,1.7969e-01
9.7500e+03,5.0202e-02,7.3023e-01,7.5013e+00,7.6874e-01,1.7972e-01
9.7600e+03,5.0071e-02,7.3014e-01,7.5013e+00,7.6884e-01,1.7976e-01
9.7700e+03,4.9942e-02,7.3004e-01,7.5013e+00,7.6894e-01,1.7979e-01
9.7800e+03,4.9812e-02,7.2994e-01,7.5013e+00,7.6903e-01,1.7982e-01
9.7900e+03,4.9683e-02,7.2985e-01,7.5013e+00,7.6913e-01,1.7986e-01
9.8000e+03,4.9554e-02,7.2975e-01,7.5013e+00,7.6922e-01,1.7989e-01
9.8100e+03,4.9426e-02,7.2965e-01,7.5013e+00,7.6932e-01,1.7992e-01
9.8200e+03,4.9298e-02,7.2956e-01,7.5013e+00,7.6942e-01,1.7996e-01
9.8300e+03,4.9170e-02,7.2946e-01,7.5013e+00,7.6951e-01,1.7999e-01
9.8400e+03,4.9043e-02,7.2937e-01,7.5013e+00,7.6961e-01,1.8002e-01
9.8500e+03,4.8916e-02,7.2927e-01,7.5013e+00,7.6970e-01,1.8005e-01
9.8600e+03,4.8789e-02,7.2918e-01,7.5013e+00,7.6979e-01,1.8009e-01
9.8700e+03,4.8662e-02,7.2908e-01,7.5013e+00,7.6989e-01,1.8012e-01
9.8800e+03,4.8536e-02,7.2899e-01,7.5013e+00,7.6998e-01,1.8015e-01
9.8900e+03,4.8411e-02,7.2890e-01,7.5013e+00,7.7008e-01,1.8018e-01
9.9000e+03,4.8285e-02,7.2880e-01,7.5013e+00,7.7017e-01,1.8021e-01
9.9100e+03,4.8160e-02,7.2871e-01,7.5013e+00,7.7026e-01,1.8025e-01
9.9200e+03,4.8036e-02,7.2862e-01,7.5013e+00,7.7036e-01,1.8028e-01
9.9300e+03,4.7911e-02,7.2852e-01,7.5013e+00,7.7045e-01,1.8031e-01
9.9400e+03,4.7787e-02,7.2843e-01,7.5013e+00,7.7054e-01,1.8034e-01
9.9500e+03,4.7664e-02,7.2834e-01,7.5013e+00,7.7063e-01,1.8037e-01
9.9600e+03,4.7540e-02,7.2825e-01,7.5013e+00,7.7072e-01,1.8040e-01
9.9700e+03,4.7417e-02,7.2816e-01,7.5013e+00,7.7082e-01,1.8044e-01
9.9800e+03,4.7295e-02,7.2806e-01,7.5013e+00,7.7091e-01,1.8047e-01
9.9900e+03,4.7172e-02,7.2797e-01,7.5013e+00,7.7100e-01,1.8050e-01
1.0000e+04,4.7050e-02,7.2788e-01,7.5013e+00,7.7109e-01,1.8053e-01
1.0010e+04,4.6928e-02,7.2779e-01,7.5013e+00,7.7118e-01,1.8056e-01
1.0020e+04,4.6807e-02,7.2770e-01,7.5013e+00,7.7127e-01,1.8059e-01
1.0030e+04,4.6686e-02,7.2761e-01,7.5013e+00,7.7136e-01,1.8062e-01
1.0040e+04,4.6565e-02,7.2752e-01,7.5013e+00,7.7145e-01,1.8065e-01
1.0050e+04,4.6445e-02,7.2743e-01,7.5013e+00,7.7154e-01,1.8068e-01
1.0060e+04,4.6325e-02,7.2734e-01,7.5013e+00,7.7163e-01,1.8071e-01
1.0070e+04,4.6205e-02,7.2725e-01,7.5013e+00,7.7172e-01,1.8075e-01
1.0080e+04,4.6086e-02,7.2716e-01,7.5013e+00,7.7181e-01,1.8078e-01
1.0090e+04,4.5966e-02,7.2707e-01,7.5013e+00,7.7190e-01,1.8081e-01
1.0100e+04,4.5848e-02,7.2699e-01,7.5013e+00,7.7198e-01,1.8084e-01
1.0110e+04,4.5729e-02,7.2690e-01,7.5013e+00,7.7207e-01,1.8087e-01
1.0120e+04,4.5611e-02,7.2681e-01,7.5013e+00,7.7216e-01,1.8090e-01
1.0130e+04,4.5493e-02,7.2672e-01,7.5013e+00,7.7225e-01,1.8093e-01
1.0140e+04,4.5376e-02,7.2663e-01,7.5013e+00,7.7234e-01,1.8096e-01
1.0150e+04,4.5258e-02,7.2655e-01,7.5013e+00,7.7242e-01,1.8099e-01
1.0160e+04,4.5141e-02,7.2646e-01,7.5013e+00,7.7251e-01,1.8102e-01
1.0170e+04,4.5025e-02,7.2637e-01,7.5013e+00,7.7260e-01,1.8105e-01
1.0180e+04,4.4908e-02,7.2629e-01,7.5013e+00,7.7268e-01,1.8108e-01
1.0190e+04,4.4793e-02,7.2620e-01,7.5013e+00,7.7277e-01,1.8111e-01
1.0200e+04,4.4677e-02,7.2611e-01,7.5013e+00,7.7286e-01,1.8114e-01
1.0210e+04,4.4561e-02,7.2603e-01,7.5013e+00,7.7294e-01,1.8117e-01
1.0220e+04,4.4446e-02,7.2594e-01,7.5013e+00,7.7303e-01,1.8120e-01
1.0230e+04,4.4332e-02,7.2586e-01,7.5013e+00,7.7311e-01,1.8123e-01
1.0240e+04,4.4217e-02,7.2577e-01,7.5013e+00,7.7320e-01,1.8125e-01
1.0250e+04,4.4103e-02,7.2569e-01,7.5013e+00,7.7328e-01,1.8128e-01
1.0260e+04,4.3989e-02,7.2560e-01,7.5013e+00,7.7337e-01,1.8131e-01
1.0270e+04,4.3876e-02,7.2552e-01,7.5013e+00,7.7345e-01,1.8134e-01
1.0280e+04,4.3762e-02,7.2543e-01,7.5013e+00,7.7354e-01,1.8137e-01
1.0290e+04,4.3650e-02,7.2535e-01,7.5013e+00,7.7362e-01,1.8140e-01
1.0300e+04,4.3537e-02,7.2527e-01,7.5013e+00,7.7370e-01,1.8143e-01
1.0310e+04,4.3425e-02,7.2518e-01,7.5013e+00,7.7379e-01,1.8146e-01
1.0320e+04,4.3313e-02,7.2510e-01,7.5013e+00,7.7387e-01,1.8149e-01
1.0330e+04,4.3201e-02,7.2502e-01,7.5013e+00,7.7395e-01,1.8151e-01
1.0340e+04,4.3089e-02,7.2493e-01,7.5013e+00,7.7404e-01,1.8154e-01
1.0350e+04,4.2978e-02,7.2485e-01,7.5013e+00,7.7412e-01,1.8157e-01
1.0360e+04,4.2867e-02,7.2477e-01,7.5013e+00,7.7420e-01,1.8160e-01
1.0370e+04,4.2757e-02,7.2468e-01,7.5013e+00,7.7428e-01,1.8163e-01
1.0380e+04,4.2647e-02,7.2460e-01,7.5013e+00,7.7437e-01,1.8166e-01
1.0390e+04,4.2537e-02,7.2452e-01,7.5013e+00,7.7445e-01,1.8169e-01
1.0400e+04,4.2427e-02,7.2444e-01,7.5013e+00,7.7453e-01,1.8171e-01
1.0410e+04,4.2318e-02,7.2436e-01,7.5013e+00,7.7461e-01,1.8174e-01
1.0420e+04,4.2209e-02,7.2428e-01,7.5013e+00,7.7469e-01,1.8177e-01
1.0430e+04,4.2100e-02,7.2420e-01,7.5013e+00,7.7477e-01,1.8180e-01
1.0440e+04,4.1991e-02,7.2411e-01,7.5013e+00,7.7485e-01,1.8183e-01
1.0450e+04,4.1883e-02,7.2403e-01,7.5013e+00,7.7493e-01,1.8185e-01
1.0460e+04,4.1775e-02,7.2395e-01,7.5013e+00,7.7501e-01,1.8188e-01
1.0470e+04,4.1668e-02,7.2387e-01,7.5013e+00,7.7509e-01,1.8191e-01
1.0480e+04,4.1560e-02,7.2379e-01,7.5013e+00,7.7517e-01,1.8194e-01
1.0490e+04,4.1453e-02,7.2371e-01,7.5013e+00,7.7525e-01,1.8196e-01
1.0500e+04,4.1346e-02,7.2363e-01,7.5013e+00,7.7533e-01,1.8199e-01
1.0510e+04,4.1240e-02,7.2356e-01,7.5013e+00,7.7541e-01,1.8202e-01
1.0520e+04,4.1134e-02,7.2348e-01,7.5013e+00,7.7549e-01,1.8205e-01
1.0530e+04,4.1028e-02,7.2340e-01,7.5013e+00,7.7557e-01,1.8207e-01
1.0540e+04,4.0922e-02,7.2332e-01,7.5013e+00,7.7565e-01,1.8210e-01
1.0550e+04,4.0817e-02,7.2324e-01,7.5013e+00,7.7573e-01,1.8213e-01
1.0560e+04,4.0712e-02,7.2316e-01,7.5013e+00,7.7580e-01,1.8215e-01
1.0570e+04,4.0607e-02,7.2308e-01,7.5013e+00,7.7588e-01,1.8218e-01
1.0580e+04,4.0502e-02,7.2301e-01,7.5013e+00,7.7596e-01,1.8221e-01
1.0590e+04,4.0398e-02,7.2293e-01,7.5013e+00,7.7604e-01,1.8223e-01
1.0600e+04,4.0294e-02,7.2285e-01,7.5013e+00,7.7611e-01,1.8226e-01
1.0610e+04,4.0190e-02,7.2277e-01,7.5013e+00,7.7619e-01,1.8229e-01
1.0620e+04,4.0087e-02,7.2270e-01,7.5013e+00,7.7627e-01,1.8231e-01
1.0630e+04,3.9984e-02,7.2262e-01,7.5013e+00,7.7634e-01,1.8234e-01
1.0640e+04,3.9881e-02,7.2254e-01,7.5013e+00,7.7642e-01,1.8237e-01
1.0650e+04,3.9778e-02,7.2247e-01,7.5013e+00,7.7650e-01,1.8239e-01
1.0660e+04,3.9676e-02,7.2239e-01,7.5013e+00,7.7657e-01,1.8242e-01
1.0670e+04,3.9574e-02,7.2232e-01,7.5013e+00,7.7665e-01,1.8245e-01
1.0680e+04,3.9472e-02,7.2224e-01,7.5013e+00,7.7672e-01,1.8247e-01
1.0690e+04,3.9371e-02,7.2216e-01,7.5013e+00,7.7680e-01,1.8250e-01
1.0700e+04,3.9269e-02,7.2209e-01,7.5013e+00,7.7687e-01,1.8252e-01
1.0710e+04,3.9168e-02,7.2201e-01,7.5013e+00,7.7695e-01,1.8255e-01
1.0720e+04,3.9068e-02,7.2194e-01,7.5013e+00,7.7702e-01,1.8258e-01
1.0730e+04,3.8967e-02,7.2186e-01,7.5013e+00,7.7710e-01,1.8260e-01
1.0740e+04,3.8867e-02,7.2179e-01,7.5013e+00,7.7717e-01,1.8263e-01
1.0750e+04,3.8767e-02,7.2172e-01,7.5013e+00,7.7725e-01,1.8265e-01
1.0760e+04,3.8667e-02,7.2164e-01,7.5013e+00,7.7732e-01,1.8268e-01
1.0770e+04,3.8568e-02,7.2157e-01,7.5013e+00,7.7740e-01,1.8270e-01
1.0780e+04,3.8469e-02,7.2149e-01,7.5013e+00,7.7747e-01,1.8273e-01
1.0790e+04,3.8370e-02,7.2142e-01,7.5013e+00,7.7754e-01,1.8276e-01
1.0800e+04,3.8271e-02,7.2135e-01,7.5013e+00,7.7762e-01,1.8278e-01
1.0810e+04,3.8173e-02,7.2127e-01,7.5013e+00,7.7769e-01,1.8281e-01
1.0820e+04,3.8075e-02,7.2120e-01,7.5013e+00,7.7776e-01,1.8283e-01
1.0830e+04,3.7977e-02,7.2113e-01,7.5013e+00,7.7783e-01,1.8286e-01
1.0840e+04,3.7880e-02,7.2106e-01,7.5013e+00,7.7791e-01,1.8288e-01
1.0850e+04,3.7782e-02,7.2098e-01,7.5013e+00,7.7798e-01,1.8291e-01
1.0860e+04,3.7685e-02,7.2091e-01,7.5013e+00,7.7805e-01,1.8293e-01
1.0870e+04,3.7588e-02,7.2084e-01,7.5013e+00,7.7812e-01,1.8296e-01
1.0880e+04,3.7492e-02,7.2077e-01,7.5013e+00,7.7819e-01,1.8298e-01
1.0890e+04,3.7396e-02,7.2070e-01,7.5013e+00,7.7827e-01,1.8301e-01
1.0900e+04,3.7300e-02,7.2062e-01,7.5013e+00,7.7834e-01,1.8303e-01
1.0910e+04,3.7204e-02,7.2055e-01,7.5013e+00,7.7841e-01,1.8306e-01
1.0920e+04,3.7108e-02,7.2048e-01,7.5013e+00,7.7848e-01,1.8308e-01
1.0930e+04,3.7013e-02,7.2041e-01,7.5013e+00,7.7855e-01,1.8311e-01
1.0940e+04,3.6918e-02,7.2034e-01,7.5013e+00,7.7862e-01,1.8313e-01
1.0950e+04,3.6823e-02,7.2027e-01,7.5013e+00,7.7869e-01,1.8315e-01
1.0960e+04,3.6729e-02,7.2020e-01,7.5013e+00,7.7876e-01,1.8318e-01
1.0970e+04,3.6634e-02,7.2013e-01,7.5013e+00,7.7883e-01,1.8320e-01
1.0980e+04,3.6540e-02,7.2006e-01,7.5013e+00,7.7890e-01,1.8323e-01
1.0990e+04,3.6447e-02,7.1999e-01,7.5013e+00,7.7897e-01,1.8325e-01
1.1000e+04,3.6353e-02,7.1992e-01,7.5013e+00,7.7904e-01,1.8328e-01
1.1010e+04,3.6260e-02,7.1985e-01,7.5013e+00,7.7911e-01,1.8330e-01
1.1020e+04,3.6167e-02,7.1978e-01,7.5013e+00,7.7918e-01,1.8332e-01
1.1030e+04,3.6074e-02,7.1971e-01,7.5013e+00,7.7925e-01,1.8335e-01
1.1040e+04,3.5982e-02,7.1964e-01,7.5013e+00,7.7932e-01,1.8337e-01
1.1050e+04,3.5889e-02,7.1958e-01,7.5013e+00,7.7938e-01,1.8339e-01
1.1060e+04,3.5797e-02,7.1951e-01,7.5013e+00,7.7945e-01,1.8342e-01
1.1070e+04,3.5705e-02,7.1944e-01,7.5013e+00,7.7952e-01,1.8344e-01
1.1080e+04,3.5614e-02,7.1937e-01,7.5013e+00,7.7959e-01,1.8347e-01
1.1090e+04,3.5522e-02,7.1930e-01,7.5013e+00,7.7966e-01,1.8349e-01
1.1100e+04,3.5431e-02,7.1924e-01,7.5013e+00,7.7972e-01,1.8351e-01
1.1110e+04,3.5341e-02,7.1917e-01,7.5013e+00,7.7979e-01,1.8354e-01
1.1120e+04,3.5250e-02,7.1910e-01,7.5013e+00,7.7986e-01,1.8356e-01
1.1130e+04,3.5160e-02,7.1903e-01,7.5013e+00,7.7993e-01,1.8358e-01
1.1140e+04,3.5069e-02,7.1897e-01,7.5013e+00,7.7999e-01,1.8361e-01
1.1150e+04,3.4979e-02,7.1890e-01,7.5013e+00,7.8006e-01,1.8363e-01
1.1160e+04,3.4890e-02,7.1883e-01,7.5013e+00,7.8013e-01,1.8365e-01
1.1170e+04,3.4800e-02,7.1877e-01,7.5013e+00,7.8019e-01,1.8368e-01
1.1180e+04,3.4711e-02,7.1870e-01,7.5013e+00,7.8026e-01,1.8370e-01
1.1190e+04,3.4622e-02,7.1863e-01,7.5013e+00,7.8032e-01,1.8372e-01
1.1200e+04,3.4534e-02,7.1857e-01,7.5013e+00,7.8039e-01,1.8374e-01
1.1210e+04,3.4445e-02,7.1850e-01,7.5013e+00,7.8046e-01,1.8377e-01
1.1220e+04,3.4357e-02,7.1844e-01,7.5013e+00,7.8052e-01,1.8379e-01
1.1230e+04,3.4269e-02,7.1837e-01,7.5013e+00,7.8059e-01,1.8381e-01
1.1240e+04,3.4181e-02,7.1831e-01,7.5013e+00,7.8065e-01,1.8384e-01
1.1250e+04,3.4093e-02,7.1824e-01,7.5013e+00,7.8072e-01,1.8386e-01
1.1260e+04,3.4006e-02,7.1818e-01,7.5013e+00,7.8078e-01,1.8388e-01
1.1270e+04,3.3919e-02,7.1811e-01,7.5013e+00,7.8085e-01,1.8390e-01
1.1280e+04,3.3832e-02,7.1805e-01,7.5013e+00,7.8091e-01,1.8393e-01
1.1290e+04,3.3745e-02,7.1798e-01,7.5013e+00,7.8098e-01,1.8395e-01
1.1300e+04,3.3659e-02,7.1792e-01,7.5013e+00,7.8104e-01,1.8397e-01
1.1310e+04,3.3573e-02,7.1786e-01,7.5013e+00,7.8110e-01,1.8399e-01
1.1320e+04,3.3487e-02,7.1779e-01,7.5013e+00,7.8117e-01,1.8401e-01
1.1330e+04,3.3401e-02,7.1773e-01,7.5013e+00,7.8123e-01,1.8404e-01
1.1340e+04,3.3316e-02,7.1766e-01,7.5013e+00,7.8129e-01,1.8406e-01
1.1350e+04,3.3230e-02,7.1760e-01,7.5013e+00,7.8136e-01,1.8408e-01
1.1360e+04,3.3145e-02,7.1754e-01,7.5013e+00,7.8142e-01,1.8410e-01
1.1370e+04,3.3060e-02,7.1747e-01,7.5013e+00,7.8148e-01,1.8413e-01
1.1380e+04,3.2976e-02,7.1741e-01,7.5013e+00,7.8155e-01,1.8415e-01
1.1390e+04,3.2891e-02,7.1735e-01,7.5013e+00,7.8161e-01,1.8417e-01
1.1400e+04,3.2807e-02,7.1729e-01,7.5013e+00,7.8167e-01,1.8419e-01
1.1410e+04,3.2723e-02,7.1722e-01,7.5013e+00,7.8173e-01,1.8421e-01
1.1420e+04,3.2640e-02,7.1716e-01,7.5013e+00,7.8180e-01,1.8423e-01
1.1430e+04,3.2556e-02,7.1710e-01,7.5013e+00,7.8186e-01,1.8426e-01
1.1440e+04,3.2473e-02,7.1704e-01,7.5013e+00,7.8192e-01,1.8428e-01
1.1450e+04,3.2390e-02,7.1698e-01,7.5013e+00,7.8198e-01,1.8430e-01
1.1460e+04,3.2307e-02,7.1692e-01,7.5013e+00,7.8204e-01,1.8432e-01
1.1470e+04,3.2224e-02,7.1685e-01,7.5013e+00,7.8210e-01,1.8434e-01
1.1480e+04,3.2142e-02,7.1679e-01,7.5013e+00,7.8216e-01,1.8436e-01
1.1490e+04,3.2060e-02,7.1673e-01,7.5013e+00,7.8223e-01,1.8438e-01
1.1500e+04,3.1978e-02,7.1667e-01,7.5013e+00,7.8229e-01,1.8440e-01
1.1510e+04,3.1896e-02,7.1661e-01,7.5013e+00,7.8235e-01,1.8443e-01
1.1520e+04,3.1814e-02,7.1655e-01,7.5013e+00,7.8241e-01,1.8445e-01
1.1530e+04,3.1733e-02,7.1649e-01,7.5013e+00,7.8247e-01,1.8447e-01
1.1540e+04,3.1652e-02,7.1643e-01,7.5013e+00,7.8253e-01,1.8449e-01
1.1550e+04,3.1571e-02,7.1637e-01,7.5013e+00,7.8259e-01,1.8451e-01
1.1560e+04,3.1490e-02,7.1631e-01,7.5013e+00,7.8265e-01,1.8453e-01
1.1570e+04,3.1410e-02,7.1625e-01,7.5013e+00,7.8271e-01,1.8455e-01
1.1580e+04,3.1329e-02,7.1619e-01,7.5013e+00,7.8277e-01,1.8457e-01
1.1590e+04,3.1249e-02,7.1613e-01,7.5013e+00,7.8283e-01,1.8459e-01
1.1600e+04,3.1169e-02,7.1607e-01,7.5013e+00,7.8289e-01,1.8461e-01
1.1610e+04,3.1090e-02,7.1601e-01,7.5013e+00,7.8294e-01,1.8463e-01
1.1620e+04,3.1010e-02,7.1595e-01,7.5013e+00,7.8300e-01,1.8466e-01
1.1630e+04,3.0931e-02,7.1589e-01,7.5013e+00,7.8306e-01,1.8468e-01
1.1640e+04,3.0852e-02,7.1584e-01,7.5013e+00,7.8312e-01,1.8470e-01
1.1650e+04,3.0773e-02,7.1578e-01,7.5013e+00,7.8318e-01,1.8472e-01
1.1660e+04,3.0694e-02,7.1572e-01,7.5013e+00,7.8324e-01,1.8474e-01
1.1670e+04,3.0616e-02,7.1566e-01,7.5013e+00,7.8330e-01,1.8476e-01
1.1680e+04,3.0538e-02,7.1560e-01,7.5013e+00,7.8335e-01,1.8478e-01
1.1690e+04,3.0460e-02,7.1554e-01,7.5013e+00,7.8341e-01,1.8480e-01
1.1700e+04,3.0382e-02,7.1549e-01,7.5013e+00,7.8347e-01,1.8482e-01
1.1710e+04,3.0304e-02,7.1543e-01,7.5013e+00,7.8353e-01,1.8484e-01
1.1720e+04,3.0227e-02,7.1537e-01,7.5013e+00,7.8358e-01,1.8486e-01
1.1730e+04,3.0150e-02,7.1531e-01,7.5013e+00,7.8364e-01,1.8488e-01
1.1740e+04,3.0073e-02,7.1526e-01,7.5013e+00,7.8370e-01,1.8490e-01
1.1750e+04,2.9996e-02,7.1520e-01,7.5013e+00,7.8375e-01,1.8492e-01
1.1760e+04,2.9919e-02,7.1514e-01,7.5013e+00,7.8381e-01,1.8494e-01
1.1770e+04,2.9843e-02,7.1509e-01,7.5013e+00,7.8387e-01,1.8496e-01
1.1780e+04,2.9767e-02,7.1503e-01,7.5013e+00,7.8392e-01,1.8498e-01
1.1790e+04,2.9691e-02,7.1497e-01,7.5013e+00,7.8398e-01,1.8500e-01
1.1800e+04,2.9615e-02,7.1492e-01,7.5013e+00,7.8404e-01,1.8502e-01
1.1810e+04,2.9539e-02,7.1486e-01,7.5013e+00,7.8409e-01,1.8504e-01
1.1820e+04,2.9464e-02,7.1481e-01,7.5013e+00,7.8415e-01,1.8506e-01
1.1830e+04,2.9389e-02,7.1475e-01,7.5013e+00,7.8420e-01,1.8508e-01
1.1840e+04,2.9314e-02,7.1469e-01,7.5013e+00,7.8426e-01,1.8509e-01
1.1850e+04,2.9239e-02,7.1464e-01,7.5013e+00,7.8432e-01,1.8511e-01
1.1860e+04,2.9164e-02,7.1458e-01,7.5013e+00,7.8437e-01,1.8513e-01
1.1870e+04,2.9090e-02,7.1453e-01,7.5013e+00,7.8443e-01,1.8515e-01
1.1880e+04,2.9016e-02,7.1447e-01,7.5013e+00,7.8448e-01,1.8517e-01
1.1890e+04,2.8942e-02,7.1442e-01,7.5013e+00,7.8454e-01,1.8519e-01
1.1900e+04,2.8868e-02,7.1436e-01,7.5013e+00,7.8459e-01,1.8521e-01
1.1910e+04,2.8794e-02,7.1431e-01,7.5013e+00,7.8465e-01,1.8523e-01
1.1920e+04,2.8721e-02,7.1425e-01,7.5013e+00,7.8470e-01,1.8525e-01
1.1930e+04,2.8647e-02,7.1420e-01,7.5013e+00,7.8475e-01,1.8527e-01
1.1940e+04,2.8574e-02,7.1415e-01,7.5013e+00,7.8481e-01,1.8529e-01
1.1950e+04,2.8502e-02,7.1409e-01,7.5013e+00,7.8486e-01,1.8531e-01
1.1960e+04,2.8429e-02,7.1404e-01,7.5013e+00,7.8492e-01,1.8532e-01
1.1970e+04,2.8356e-02,7.1398e-01,7.5013e+00,7.8497e-01,1.8534e-01
1.1980e+04,2.8284e-02,7.1393e-01,7.5013e+00,7.8502e-01,1.8536e-01
1.1990e+04,2.8212e-02,7.1388e-01,7.5013e+00,7.8508e-01,1.8538e-01
1.2000e+04,2.8140e-02,7.1382e-01,7.5013e+00,7.8513e-01,1.8540e-01
1.2010e+04,2.8068e-02,7.1377e-01,7.5013e+00,7.8518e-01,1.8542e-01
1.2020e+04,2.7997e-02,7.1372e-01,7.5013e+00,7.8524e-01,1.8544e-01
1.2030e+04,2.7925e-02,7.1366e-01,7.5013e+00,7.8529e-01,1.8545e-01
1.2040e+04,2.7854e-02,7.1361e-01,7.5013e+00,7.8534e-01,1.8547e-01
1.2050e+04,2.7783e-02,7.1356e-01,7.5013e+00,7.8539e-01,1.8549e-01
1.2060e+04,2.7712e-02,7.1351e-01,7.5013e+00,7.8545e-01,1.8551e-01
1.2070e+04,2.7642e-02,7.1345e-01,7.5013e+00,7.8550e-01,1.8553e-01
1.2080e+04,2.7571e-02,7.1340e-01,7.5013e+00,7.8555e-01,1.8555e-01
1.2090e+04,2.7501e-02,7.1335e-01,7.5013e+00,7.8560e-01,1.8556e-01
1.2100e+04,2.7431e-02,7.1330e-01,7.5013e+00,7.8566e-01,1.8558e-01
1.2110e+04,2.7361e-02,7.1325e-01,7.5013e+00,7.8571e-01,1.8560e-01
1.2120e+04,2.7291e-02,7.1319e-01,7.5013e+00,7.8576e-01,1.8562e-01
1.2130e+04,2.7222e-02,7.1314e-01,7.5013e+00,7.8581e-01,1.8564e-01
1.2140e+04,2.7152e-02,7.1309e-01,7.5013e+00,7.8586e-01,1.8566e-01
1.2150e+04,2.7083e-02,7.1304e-01,7.5013e+00,7.8591e-01,1.8567e-01
1.2160e+04,2.7014e-02,7.1299e-01,7.5013e+00,7.8596e-01,1.8569e-01
1.2170e+04,2.6945e-02,7.1294e-01,7.5013e+00,7.8601e-01,1.8571e-01
1.2180e+04,2.6877e-02,7.1289e-01,7.5013e+00,7.8607e-01,1.8573e-01
1.2190e+04,2.6808e-02,7.1284e-01,7.5013e+00,7.8612e-01,1.8574e-01
1.2200e+04,2.6740e-02,7.1279e-01,7.5013e+00,7.8617e-01,1.8576e-01
1.2210e+04,2.6672e-02,7.1273e-01,7.5013e+00,7.8622e-01,1.8578e-01
1.2220e+04,2.6604e-02,7.1268e-01,7.5013e+00,7.8627e-01,1.8580e-01
1.2230e+04,2.6536e-02,7.1263e-01,7.5013e+00,7.8632e-01,1.8582e-01
