t,[L2M],[D],[L],[L2MD],[L2Ms]
0.0000e+00,1.0000e+00,1.5000e+00,5.0000e+00,0.0000e+00,0.0000e+00
1.0000e+01,9.9122e-01,1.4942e+00,5.0020e+00,5.8138e-03,9.7086e-04
2.0000e+01,9.8445e-01,1.4883e+00,5.0020e+00,1.1612e-02,1.9428e-03
3.0000e+01,9.7775e-01,1.4826e+00,5.0020e+00,1.7348e-02,2.9082e-03
4.0000e+01,9.7111e-01,1.4769e+00,5.0020e+00,2.3024e-02,3.8671e-03
5.0000e+01,9.6455e-01,1.4713e+00,5.0020e+00,2.8640e-02,4.8196e-03
6.0000e+01,9.5804e-01,1.4657e+00,5.0020e+00,3.4197e-02,5.7656e-03
7.0000e+01,9.5160e-01,1.4602e+00,5.0020e+00,3.9696e-02,6.7053e-03
8.0000e+01,9.4523e-01,1.4547e+00,5.0020e+00,4.5138e-02,7.6388e-03
9.0000e+01,9.3891e-01,1.4494e+00,5.0020e+00,5.0524e-02,8.5660e-03
1.0000e+02,9.3266e-01,1.4440e+00,5.0020e+00,5.5854e-02,9.4871e-03
1.1000e+02,9.2647e-01,1.4387e+00,5.0020e+00,6.1130e-02,1.0402e-02
1.2000e+02,9.2034e-01,1.4335e+00,5.0020e+00,6.6351e-02,1.1311e-02
1.3000e+02,9.1427e-01,1.4283e+00,5.0020e+00,7.1520e-02,1.2214e-02
1.4000e+02,9.0826e-01,1.4232e+00,5.0020e+00,7.6636e-02,1.3111e-02
1.5000e+02,9.0230e-01,1.4181e+00,5.0020e+00,8.1701e-02,1.4002e-02
1.6000e+02,8.9640e-01,1.4131e+00,5.0020e+00,8.6715e-02,1.4888e-02
1.7000e+02,8.9056e-01,1.4081e+00,5.0020e+00,9.1679e-02,1.5768e-02
1.8000e+02,8.8477e-01,1.4032e+00,5.0020e+00,9.6593e-02,1.6642e-02
1.9000e+02,8.7904e-01,1.3983e+00,5.0020e+00,1.0146e-01,1.7510e-02
2.0000e+02,8.7336e-01,1.3935e+00,5.0020e+00,1.0628e-01,1.8373e-02
2.1000e+02,8.6773e-01,1.3887e+00,5.0020e+00,1.1105e-01,1.9230e-02
2.2000e+02,8.6215e-01,1.3840e+00,5.0020e+00,1.1577e-01,2.0082e-02
2.3000e+02,8.5663e-01,1.3793e+00,5.0020e+00,1.2045e-01,2.0928e-02
2.4000e+02,8.5116e-01,1.3747e+00,5.0020e+00,1.2508e-01,2.1769e-02
2.5000e+02,8.4573e-01,1.3701e+00,5.0020e+00,1.2967e-01,2.2605e-02
2.6000e+02,8.4036e-01,1.3655e+00,5.0020e+00,1.3421e-01,2.3435e-02
2.7000e+02,8.3504e-01,1.3610e+00,5.0020e+00,1.3871e-01,2.4260e-02
2.8000e+02,8.2976e-01,1.3565e+00,5.0020e+00,1.4316e-01,2.5080e-02
2.9000e+02,8.2453e-01,1.3521e+00,5.0020e+00,1.4758e-01,2.5895e-02
3.0000e+02,8.1935e-01,1.3477e+00,5.0020e+00,1.5195e-01,2.6704e-02
3.1000e+02,8.1421e-01,1.3434e+00,5.0020e+00,1.5628e-01,2.7509e-02
3.2000e+02,8.0913e-01,1.3391e+00,5.0020e+00,1.6057e-01,2.8309e-02
3.3000e+02,8.0408e-01,1.3348e+00,5.0020e+00,1.6482e-01,2.9103e-02
3.4000e+02,7.9908e-01,1.3306e+00,5.0020e+00,1.6903e-01,2.9893e-02
3.5000e+02,7.9413e-01,1.3264e+00,5.0020e+00,1.7320e-01,3.0678e-02
3.6000e+02,7.8921e-01,1.3223e+00,5.0020e+00,1.7733e-01,3.1458e-02
3.7000e+02,7.8434e-01,1.3182e+00,5.0020e+00,1.8143e-01,3.2233e-02
3.8000e+02,7.7952e-01,1.3141e+00,5.0020e+00,1.8548e-01,3.3003e-02
3.9000e+02,7.7473e-01,1.3101e+00,5.0020e+00,1.8950e-01,3.3769e-02
4.0000e+02,7.6999e-01,1.3061e+00,5.0020e+00,1.9348e-01,3.4530e-02
4.1000e+02,7.6529e-01,1.3022e+00,5.0020e+00,1.9743e-01,3.5287e-02
4.2000e+02,7.6063e-01,1.2982e+00,5.0020e+00,2.0134e-01,3.6039e-02
4.3000e+02,7.5600e-01,1.2944e+00,5.0020e+00,2.0522e-01,3.6786e-02
4.4000e+02,7.5142e-01,1.2905e+00,5.0020e+00,2.0906e-01,3.7529e-02
4.5000e+02,7.4688e-01,1.2867e+00,5.0020e+00,2.1286e-01,3.8267e-02
4.6000e+02,7.4237e-01,1.2829e+00,5.0020e+00,2.1663e-01,3.9001e-02
4.7000e+02,7.3790e-01,1.2792e+00,5.0020e+00,2.2037e-01,3.9730e-02
4.8000e+02,7.3347e-01,1.2755e+00,5.0020e+00,2.2408e-01,4.0455e-02
4.9000e+02,7.2908e-01,1.2718e+00,5.0020e+00,2.2775e-01,4.1176e-02
5.0000e+02,7.2472e-01,1.2681e+00,5.0020e+00,2.3139e-01,4.1893e-02
5.1000e+02,7.2040e-01,1.2645e+00,5.0020e+00,2.3499e-01,4.2605e-02
5.2000e+02,7.1612e-01,1.2609e+00,5.0020e+00,2.3857e-01,4.3313e-02
5.3000e+02,7.1187e-01,1.2574e+00,5.0020e+00,2.4212e-01,4.4017e-02
5.4000e+02,7.0766e-01,1.2539e+00,5.0020e+00,2.4563e-01,4.4716e-02
5.5000e+02,7.0348e-01,1.2504e+00,5.0020e+00,2.4911e-01,4.5412e-02
5.6000e+02,6.9933e-01,1.2469e+00,5.0020e+00,2.5257e-01,4.6103e-02
5.7000e+02,6.9522e-01,1.2435e+00,5.0020e+00,2.5599e-01,4.6791e-02
5.8000e+02,6.9114e-01,1.2401e+00,5.0020e+00,2.5939e-01,4.7474e-02
5.9000e+02,6.8710e-01,1.2367e+00,5.0020e+00,2.6275e-01,4.8154e-02
6.0000e+02,6.8309e-01,1.2334e+00,5.0020e+00,2.6609e-01,4.8829e-02
6.1000e+02,6.7911e-01,1.2301e+00,5.0020e+00,2.6940e-01,4.9501e-02
6.2000e+02,6.7516e-01,1.2268e+00,5.0020e+00,2.7268e-01,5.0168e-02
6.3000e+02,6.7124e-01,1.2235e+00,5.0020e+00,2.7593e-01,5.0832e-02
6.4000e+02,6.6736e-01,1.2203e+00,5.0020e+00,2.7916e-01,5.1492e-02
6.5000e+02,6.6350e-01,1.2171e+00,5.0020e+00,2.8236e-01,5.2148e-02
6.6000e+02,6.5968e-01,1.2139e+00,5.0020e+00,2.8553e-01,5.2801e-02
6.7000e+02,6.5588e-01,1.2107e+00,5.0020e+00,2.8867e-01,5.3449e-02
6.8000e+02,6.5212e-01,1.2076e+00,5.0020e+00,2.9179e-01,5.4094e-02
6.9000e+02,6.4838e-01,1.2045e+00,5.0020e+00,2.9489e-01,5.4735e-02
7.0000e+02,6.4468e-01,1.2014e+00,5.0020e+00,2.9795e-01,5.5373e-02
7.1000e+02,6.4100e-01,1.1984e+00,5.0020e+00,3.0100e-01,5.6007e-02
7.2000e+02,6.3735e-01,1.1954e+00,5.0020e+00,3.0401e-01,5.6637e-02
7.3000e+02,6.3373e-01,1.1924e+00,5.0020e+00,3.0701e-01,5.7264e-02
7.4000e+02,6.3014e-01,1.1894e+00,5.0020e+00,3.0998e-01,5.7887e-02
7.5000e+02,6.2658e-01,1.1864e+00,5.0020e+00,3.1292e-01,5.8507e-02
7.6000e+02,6.2304e-01,1.1835e+00,5.0020e+00,3.1584e-01,5.9124e-02
7.7000e+02,6.1953e-01,1.1806e+00,5.0020e+00,3.1874e-01,5.9736e-02
7.8000e+02,6.1604e-01,1.1777e+00,5.0020e+00,3.2161e-01,6.0346e-02
7.9000e+02,6.1259e-01,1.1749e+00,5.0020e+00,3.2447e-01,6.0952e-02
8.0000e+02,6.0916e-01,1.1720e+00,5.0020e+00,3.2729e-01,6.1554e-02
8.1000e+02,6.0575e-01,1.1692e+00,5.0020e+00,3.3010e-01,6.2153e-02
8.2000e+02,6.0237e-01,1.1664e+00,5.0020e+00,3.3288e-01,6.2749e-02
8.3000e+02,5.9902e-01,1.1637e+00,5.0020e+00,3.3565e-01,6.3342e-02
8.4000e+02,5.9569e-01,1.1609e+00,5.0020e+00,3.3839e-01,6.3931e-02
8.5000e+02,5.9238e-01,1.1582e+00,5.0020e+00,3.4110e-01,6.4517e-02
8.6000e+02,5.8910e-01,1.1555e+00,5.0020e+00,3.4380e-01,6.5100e-02
8.7000e+02,5.8585e-01,1.1528e+00,5.0020e+00,3.4648e-01,6.5680e-02
8.8000e+02,5.8262e-01,1.1502e+00,5.0020e+00,3.4913e-01,6.6256e-02
8.9000e+02,5.7941e-01,1.1475e+00,5.0020e+00,3.5177e-01,6.6829e-02
9.0000e+02,5.7623e-01,1.1449e+00,5.0020e+00,3.5438e-01,6.7399e-02
9.1000e+02,5.7307e-01,1.1423e+00,5.0020e+00,3.5697e-01,6.7966e-02
9.2000e+02,5.6993e-01,1.1397e+00,5.0020e+00,3.5955e-01,6.8530e-02
9.3000e+02,5.6681e-01,1.1372e+00,5.0020e+00,3.6210e-01,6.9091e-02
9.4000e+02,5.6372e-01,1.1346e+00,5.0020e+00,3.6463e-01,6.9649e-02
9.5000e+02,5.6065e-01,1.1321e+00,5.0020e+00,3.6715e-01,7.0204e-02
9.6000e+02,5.5760e-01,1.1296e+00,5.0020e+00,3.6964e-01,7.0755e-02
9.7000e+02,5.5458e-01,1.1271e+00,5.0020e+00,3.7212e-01,7.1304e-02
9.8000e+02,5.5158e-01,1.1247e+00,5.0020e+00,3.7458e-01,7.1850e-02
9.9000e+02,5.4859e-01,1.1222e+00,5.0020e+00,3.7702e-01,7.2393e-02
1.0000e+03,5.4563e-01,1.1198e+00,5.0020e+00,3.7944e-01,7.2932e-02
1.0100e+03,5.4269e-01,1.1174e+00,5.0020e+00,3.8184e-01,7.3469e-02
1.0200e+03,5.3977e-01,1.1150e+00,5.0020e+00,3.8423e-01,7.4004e-02
1.0300e+03,5.3688e-01,1.1126e+00,5.0020e+00,3.8659e-01,7.4535e-02
1.0400e+03,5.3400e-01,1.1103e+00,5.0020e+00,3.8894e-01,7.5063e-02
1.0500e+03,5.3114e-01,1.1079e+00,5.0020e+00,3.9128e-01,7.5589e-02
1.0600e+03,5.2830e-01,1.1056e+00,5.0020e+00,3.9359e-01,7.6112e-02
1.0700e+03,5.2549e-01,1.1033e+00,5.0020e+00,3.9589e-01,7.6632e-02
1.0800e+03,5.2269e-01,1.1010e+00,5.0020e+00,3.9817e-01,7.7149e-02
1.0900e+03,5.1991e-01,1.0988e+00,5.0020e+00,4.0043e-01,7.7664e-02
1.1000e+03,5.1715e-01,1.0965e+00,5.0020e+00,4.0268e-01,7.8175e-02
1.1100e+03,5.1441e-01,1.0943e+00,5.0020e+00,4.0491e-01,7.8684e-02
1.1200e+03,5.1169e-01,1.0921e+00,5.0020e+00,4.0712e-01,7.9191e-02
1.1300e+03,5.0899e-01,1.0899e+00,5.0020e+00,4.0932e-01,7.9695e-02
1.1400e+03,5.0631e-01,1.0877e+00,5.0020e+00,4.1150e-01,8.0196e-02
1.1500e+03,5.0364e-01,1.0855e+00,5.0020e+00,4.1367e-01,8.0694e-02
1.1600e+03,5.0099e-01,1.0833e+00,5.0020e+00,4.1582e-01,8.1190e-02
1.1700e+03,4.9836e-01,1.0812e+00,5.0020e+00,4.1796e-01,8.1683e-02
1.1800e+03,4.9575e-01,1.0791e+00,5.0020e+00,4.2008e-01,8.2174e-02
1.1900e+03,4.9316e-01,1.0770e+00,5.0020e+00,4.2218e-01,8.2662e-02
1.2000e+03,4.9059e-01,1.0749e+00,5.0020e+00,4.2427e-01,8.3148e-02
1.2100e+03,4.8803e-01,1.0728e+00,5.0020e+00,4.2635e-01,8.3631e-02
1.2200e+03,4.8549e-01,1.0707e+00,5.0020e+00,4.2841e-01,8.4111e-02
1.2300e+03,4.8296e-01,1.0687e+00,5.0020e+00,4.3045e-01,8.4589e-02
1.2400e+03,4.8046e-01,1.0666e+00,5.0020e+00,4.3248e-01,8.5065e-02
1.2500e+03,4.7797e-01,1.0646e+00,5.0020e+00,4.3450e-01,8.5538e-02
1.2600e+03,4.7549e-01,1.0626e+00,5.0020e+00,4.3650e-01,8.6008e-02
1.2700e+03,4.7304e-01,1.0606e+00,5.0020e+00,4.3849e-01,8.6477e-02
1.2800e+03,4.7060e-01,1.0586e+00,5.0020e+00,4.4046e-01,8.6943e-02
1.2900e+03,4.6817e-01,1.0567e+00,5.0020e+00,4.4243e-01,8.7406e-02
1.3000e+03,4.6577e-01,1.0547e+00,5.0020e+00,4.4437e-01,8.7867e-02
1.3100e+03,4.6337e-01,1.0528e+00,5.0020e+00,4.4631e-01,8.8326e-02
1.3200e+03,4.6100e-01,1.0509e+00,5.0020e+00,4.4823e-01,8.8782e-02
1.3300e+03,4.5864e-01,1.0490e+00,5.0020e+00,4.5013e-01,8.9236e-02
1.3400e+03,4.5629e-01,1.0471e+00,5.0020e+00,4.5203e-01,8.9688e-02
1.3500e+03,4.5396e-01,1.0452e+00,5.0020e+00,4.5391e-01,9.0137e-02
1.3600e+03,4.5165e-01,1.0433e+00,5.0020e+00,4.5577e-01,9.0584e-02
1.3700e+03,4.4935e-01,1.0414e+00,5.0020e+00,4.5763e-01,9.1029e-02
1.3800e+03,4.4706e-01,1.0396e+00,5.0020e+00,4.5947e-01,9.1472e-02
1.3900e+03,4.4479e-01,1.0378e+00,5.0020e+00,4.6130e-01,9.1912e-02
1.4000e+03,4.4254e-01,1.0359e+00,5.0020e+00,4.6312e-01,9.2350e-02
1.4100e+03,4.4030e-01,1.0341e+00,5.0020e+00,4.6492e-01,9.2786e-02
1.4200e+03,4.3807e-01,1.0323e+00,5.0020e+00,4.6671e-01,9.3220e-02
1.4300e+03,4.3586e-01,1.0306e+00,5.0020e+00,4.6849e-01,9.3651e-02
1.4400e+03,4.3366e-01,1.0288e+00,5.0020e+00,4.7026e-01,9.4081e-02
1.4500e+03,4.3148e-01,1.0270e+00,5.0020e+00,4.7202e-01,9.4508e-02
1.4600e+03,4.2931e-01,1.0253e+00,5.0020e+00,4.7376e-01,9.4933e-02
1.4700e+03,4.2715e-01,1.0235e+00,5.0020e+00,4.7550e-01,9.5356e-02
1.4800e+03,4.2501e-01,1.0218e+00,5.0020e+00,4.7722e-01,9.5777e-02
1.4900e+03,4.2288e-01,1.0201e+00,5.0020e+00,4.7893e-01,9.6195e-02
1.5000e+03,4.2077e-01,1.0184e+00,5.0020e+00,4.8063e-01,9.6612e-02
1.5100e+03,4.1866e-01,1.0167e+00,5.0020e+00,4.8231e-01,9.7026e-02
1.5200e+03,4.1658e-01,1.0150e+00,5.0020e+00,4.8399e-01,9.7439e-02
1.5300e+03,4.1450e-01,1.0134e+00,5.0020e+00,4.8566e-01,9.7849e-02
1.5400e+03,4.1244e-01,1.0117e+00,5.0020e+00,4.8731e-01,9.8258e-02
1.5500e+03,4.1039e-01,1.0101e+00,5.0020e+00,4.8895e-01,9.8664e-02
1.5600e+03,4.0835e-01,1.0084e+00,5.0020e+00,4.9058e-01,9.9068e-02
1.5700e+03,4.0633e-01,1.0068e+00,5.0020e+00,4.9221e-01,9.9471e-02
1.5800e+03,4.0432e-01,1.0052e+00,5.0020e+00,4.9382e-01,9.9871e-02
1.5900e+03,4.0232e-01,1.0036e+00,5.0020e+00,4.9542e-01,1.0027e-01
1.6000e+03,4.0033e-01,1.0020e+00,5.0020e+00,4.9701e-01,1.0067e-01
1.6100e+03,3.9836e-01,1.0004e+00,5.0020e+00,4.9859e-01,1.0106e-01
1.6200e+03,3.9639e-01,9.9884e-01,5.0020e+00,5.0016e-01,1.0145e-01
1.6300e+03,3.9444e-01,9.9727e-01,5.0020e+00,5.0172e-01,1.0184e-01
1.6400e+03,3.9251e-01,9.9572e-01,5.0020e+00,5.0327e-01,1.0223e-01
1.6500e+03,3.9058e-01,9.9418e-01,5.0020e+00,5.0481e-01,1.0262e-01
1.6600e+03,3.8867e-01,9.9265e-01,5.0020e+00,5.0633e-01,1.0300e-01
1.6700e+03,3.8676e-01,9.9112e-01,5.0020e+00,5.0785e-01,1.0339e-01
1.6800e+03,3.8487e-01,9.8961e-01,5.0020e+00,5.0936e-01,1.0377e-01
1.6900e+03,3.8299e-01,9.8811e-01,5.0020e+00,5.1086e-01,1.0415e-01
1.7000e+03,3.8113e-01,9.8662e-01,5.0020e+00,5.1235e-01,1.0452e-01
1.7100e+03,3.7927e-01,9.8513e-01,5.0020e+00,5.1384e-01,1.0490e-01
1.7200e+03,3.7742e-01,9.8366e-01,5.0020e+00,5.1531e-01,1.0527e-01
1.7300e+03,3.7559e-01,9.8219e-01,5.0020e+00,5.1677e-01,1.0565e-01
1.7400e+03,3.7377e-01,9.8074e-01,5.0020e+00,5.1822e-01,1.0602e-01
1.7500e+03,3.7195e-01,9.7929e-01,5.0020e+00,5.1967e-01,1.0638e-01
1.7600e+03,3.7015e-01,9.7785e-01,5.0020e+00,5.2110e-01,1.0675e-01
1.7700e+03,3.6836e-01,9.7642e-01,5.0020e+00,5.2253e-01,1.0712e-01
1.7800e+03,3.6658e-01,9.7500e-01,5.0020e+00,5.2394e-01,1.0748e-01
1.7900e+03,3.6481e-01,9.7359e-01,5.0020e+00,5.2535e-01,1.0784e-01
1.8000e+03,3.6305e-01,9.7219e-01,5.0020e+00,5.2675e-01,1.0820e-01
1.8100e+03,3.6130e-01,9.7080e-01,5.0020e+00,5.2814e-01,1.0856e-01
1.8200e+03,3.5957e-01,9.6941e-01,5.0020e+00,5.2952e-01,1.0891e-01
1.8300e+03,3.5784e-01,9.6804e-01,5.0020e+00,5.3090e-01,1.0927e-01
1.8400e+03,3.5612e-01,9.6667e-01,5.0020e+00,5.3226e-01,1.0962e-01
1.8500e+03,3.5441e-01,9.6531e-01,5.0020e+00,5.3362e-01,1.0997e-01
1.8600e+03,3.5272e-01,9.6396e-01,5.0020e+00,5.3497e-01,1.1032e-01
1.8700e+03,3.5103e-01,9.6262e-01,5.0020e+00,5.3631e-01,1.1067e-01
1.8800e+03,3.4935e-01,9.6128e-01,5.0020e+00,5.3764e-01,1.1101e-01
1.8900e+03,3.4768e-01,9.5996e-01,5.0020e+00,5.3896e-01,1.1136e-01
1.9000e+03,3.4603e-01,9.5864e-01,5.0020e+00,5.4028e-01,1.1170e-01
1.9100e+03,3.4438e-01,9.5733e-01,5.0020e+00,5.4158e-01,1.1204e-01
1.9200e+03,3.4274e-01,9.5603e-01,5.0020e+00,5.4288e-01,1.1238e-01
1.9300e+03,3.4111e-01,9.5473e-01,5.0020e+00,5.4417e-01,1.1272e-01
1.9400e+03,3.3949e-01,9.5345e-01,5.0020e+00,5.4546e-01,1.1306e-01
1.9500e+03,3.3788e-01,9.5217e-01,5.0020e+00,5.4673e-01,1.1339e-01
1.9600e+03,3.3628e-01,9.5090e-01,5.0020e+00,5.4800e-01,1.1372e-01
1.9700e+03,3.3469e-01,9.4964e-01,5.0020e+00,5.4926e-01,1.1406e-01
1.9800e+03,3.3311e-01,9.4838e-01,5.0020e+00,5.5051e-01,1.1439e-01
1.9900e+03,3.3153e-01,9.4713e-01,5.0020e+00,5.5176e-01,1.1471e-01
2.0000e+03,3.2997e-01,9.4589e-01,5.0020e+00,5.5300e-01,1.1504e-01
2.0100e+03,3.2841e-01,9.4466e-01,5.0020e+00,5.5423e-01,1.1537e-01
2.0200e+03,3.2687e-01,9.4344e-01,5.0020e+00,5.5545e-01,1.1569e-01
2.0300e+03,3.2533e-01,9.4222e-01,5.0020e+00,5.5666e-01,1.1601e-01
2.0400e+03,3.2380e-01,9.4101e-01,5.0020e+00,5.5787e-01,1.1633e-01
2.0500e+03,3.2228e-01,9.3981e-01,5.0020e+00,5.5907e-01,1.1665e-01
2.0600e+03,3.2077e-01,9.3861e-01,5.0020e+00,5.6027e-01,1.1697e-01
2.0700e+03,3.1927e-01,9.3742e-01,5.0020e+00,5.6145e-01,1.1729e-01
2.0800e+03,3.1777e-01,9.3624e-01,5.0020e+00,5.6263e-01,1.1760e-01
2.0900e+03,3.1629e-01,9.3506e-01,5.0020e+00,5.6380e-01,1.1791e-01
2.1000e+03,3.1481e-01,9.3390e-01,5.0020e+00,5.6497e-01,1.1823e-01
2.1100e+03,3.1334e-01,9.3273e-01,5.0020e+00,5.6613e-01,1.1854e-01
2.1200e+03,3.1188e-01,9.3158e-01,5.0020e+00,5.6728e-01,1.1885e-01
2.1300e+03,3.1043e-01,9.3043e-01,5.0020e+00,5.6843e-01,1.1915e-01
2.1400e+03,3.0898e-01,9.2929e-01,5.0020e+00,5.6956e-01,1.1946e-01
2.1500e+03,3.0754e-01,9.2816e-01,5.0020e+00,5.7070e-01,1.1976e-01
2.1600e+03,3.0612e-01,9.2703e-01,5.0020e+00,5.7182e-01,1.2007e-01
2.1700e+03,3.0470e-01,9.2591e-01,5.0020e+00,5.7294e-01,1.2037e-01
2.1800e+03,3.0328e-01,9.2480e-01,5.0020e+00,5.7405e-01,1.2067e-01
2.1900e+03,3.0188e-01,9.2369e-01,5.0020e+00,5.7516e-01,1.2097e-01
2.2000e+03,3.0048e-01,9.2259e-01,5.0020e+00,5.7626e-01,1.2127e-01
2.2100e+03,2.9909e-01,9.2149e-01,5.0020e+00,5.7735e-01,1.2156e-01
2.2200e+03,2.9771e-01,9.2040e-01,5.0020e+00,5.7844e-01,1.2186e-01
2.2300e+03,2.9634e-01,9.1932e-01,5.0020e+00,5.7952e-01,1.2215e-01
2.2400e+03,2.9497e-01,9.1824e-01,5.0020e+00,5.8059e-01,1.2244e-01
2.2500e+03,2.9361e-01,9.1717e-01,5.0020e+00,5.8166e-01,1.2273e-01
2.2600e+03,2.9226e-01,9.1611e-01,5.0020e+00,5.8272e-01,1.2302e-01
2.2700e+03,2.9092e-01,9.1505e-01,5.0020e+00,5.8378e-01,1.2331e-01
2.2800e+03,2.8958e-01,9.1400e-01,5.0020e+00,5.8483e-01,1.2360e-01
2.2900e+03,2.8825e-01,9.1296e-01,5.0020e+00,5.8587e-01,1.2388e-01
2.3000e+03,2.8693e-01,9.1192e-01,5.0020e+00,5.8691e-01,1.2417e-01
2.3100e+03,2.8562e-01,9.1088e-01,5.0020e+00,5.8794e-01,1.2445e-01
2.3200e+03,2.8431e-01,9.0985e-01,5.0020e+00,5.8896e-01,1.2473e-01
2.3300e+03,2.8301e-01,9.0883e-01,5.0020e+00,5.8998e-01,1.2501e-01
2.3400e+03,2.8171e-01,9.0782e-01,5.0020e+00,5.9100e-01,1.2529e-01
2.3500e+03,2.8043e-01,9.0681e-01,5.0020e+00,5.9201e-01,1.2557e-01
2.3600e+03,2.7915e-01,9.0580e-01,5.0020e+00,5.9301e-01,1.2585e-01
2.3700e+03,2.7788e-01,9.0480e-01,5.0020e+00,5.9401e-01,1.2612e-01
2.3800e+03,2.7661e-01,9.0381e-01,5.0020e+00,5.9500e-01,1.2640e-01
2.3900e+03,2.7535e-01,9.0282e-01,5.0020e+00,5.9598e-01,1.2667e-01
2.4000e+03,2.7410e-01,9.0184e-01,5.0020e+00,5.9696e-01,1.2694e-01
2.4100e+03,2.7286e-01,9.0086e-01,5.0020e+00,5.9794e-01,1.2721e-01
2.4200e+03,2.7162e-01,8.9989e-01,5.0020e+00,5.9891e-01,1.2748e-01
2.4300e+03,2.7039e-01,8.9893e-01,5.0020e+00,5.9987e-01,1.2775e-01
2.4400e+03,2.6916e-01,8.9797e-01,5.0020e+00,6.0083e-01,1.2801e-01
2.4500e+03,2.6794e-01,8.9701e-01,5.0020e+00,6.0178e-01,1.2828e-01
2.4600e+03,2.6673e-01,8.9606e-01,5.0020e+00,6.0273e-01,1.2854e-01
2.4700e+03,2.6552e-01,8.9512e-01,5.0020e+00,6.0367e-01,1.2881e-01
2.4800e+03,2.6433e-01,8.9418e-01,5.0020e+00,6.0461e-01,1.2907e-01
2.4900e+03,2.6313e-01,8.9324e-01,5.0020e+00,6.0554e-01,1.2933e-01
2.5000e+03,2.6195e-01,8.9232e-01,5.0020e+00,6.0647e-01,1.2959e-01
2.5100e+03,2.6077e-01,8.9139e-01,5.0020e+00,6.0739e-01,1.2985e-01
2.5200e+03,2.5959e-01,8.9047e-01,5.0020e+00,6.0831e-01,1.3011e-01
2.5300e+03,2.5842e-01,8.8956e-01,5.0020e+00,6.0922e-01,1.3036e-01
2.5400e+03,2.5726e-01,8.8865e-01,5.0020e+00,6.1013e-01,1.3062e-01
2.5500e+03,2.5611e-01,8.8775e-01,5.0020e+00,6.1103e-01,1.3087e-01
2.5600e+03,2.5496e-01,8.8685e-01,5.0020e+00,6.1192e-01,1.3112e-01
2.5700e+03,2.5382e-01,8.8596e-01,5.0020e+00,6.1282e-01,1.3137e-01
2.5800e+03,2.5268e-01,8.8507e-01,5.0020e+00,6.1370e-01,1.3162e-01
2.5900e+03,2.5155e-01,8.8418e-01,5.0020e+00,6.1458e-01,1.3187e-01
2.6000e+03,2.5042e-01,8.8330e-01,5.0020e+00,6.1546e-01,1.3212e-01
2.6100e+03,2.4930e-01,8.8243e-01,5.0020e+00,6.1633e-01,1.3237e-01
2.6200e+03,2.4819e-01,8.8156e-01,5.0020e+00,6.1720e-01,1.3262e-01
2.6300e+03,2.4708e-01,8.8070e-01,5.0020e+00,6.1806e-01,1.3286e-01
2.6400e+03,2.4598e-01,8.7984e-01,5.0020e+00,6.1892e-01,1.3310e-01
2.6500e+03,2.4488e-01,8.7898e-01,5.0020e+00,6.1978e-01,1.3335e-01
2.6600e+03,2.4379e-01,8.7813e-01,5.0020e+00,6.2062e-01,1.3359e-01
2.6700e+03,2.4271e-01,8.7728e-01,5.0020e+00,6.2147e-01,1.3383e-01
2.6800e+03,2.4163e-01,8.7644e-01,5.0020e+00,6.2231e-01,1.3407e-01
2.6900e+03,2.4055e-01,8.7561e-01,5.0020e+00,6.2314e-01,1.3431e-01
2.7000e+03,2.3949e-01,8.7477e-01,5.0020e+00,6.2398e-01,1.3454e-01
2.7100e+03,2.3842e-01,8.7395e-01,5.0020e+00,6.2480e-01,1.3478e-01
2.7200e+03,2.3737e-01,8.7312e-01,5.0020e+00,6.2562e-01,1.3502e-01
2.7300e+03,2.3631e-01,8.7230e-01,5.0020e+00,6.2644e-01,1.3525e-01
2.7400e+03,2.3527e-01,8.7149e-01,5.0020e+00,6.2725e-01,1.3548e-01
2.7500e+03,2.3423e-01,8.7068e-01,5.0020e+00,6.2806e-01,1.3571e-01
2.7600e+03,2.3319e-01,8.6987e-01,5.0020e+00,6.2887e-01,1.3595e-01
2.7700e+03,2.3216e-01,8.6907e-01,5.0020e+00,6.2967e-01,1.3618e-01
2.7800e+03,2.3114e-01,8.6827e-01,5.0020e+00,6.3046e-01,1.3640e-01
2.7900e+03,2.3012e-01,8.6748e-01,5.0020e+00,6.3125e-01,1.3663e-01
2.8000e+03,2.2910e-01,8.6669e-01,5.0020e+00,6.3204e-01,1.3686e-01
2.8100e+03,2.2809e-01,8.6591e-01,5.0020e+00,6.3283e-01,1.3709e-01
2.8200e+03,2.2709e-01,8.6513e-01,5.0020e+00,6.3360e-01,1.3731e-01
2.8300e+03,2.2609e-01,8.6435e-01,5.0020e+00,6.3438e-01,1.3753e-01
2.8400e+03,2.2510e-01,8.6358e-01,5.0020e+00,6.3515e-01,1.3776e-01
2.8500e+03,2.2411e-01,8.6281e-01,5.0020e+00,6.3592e-01,1.3798e-01
2.8600e+03,2.2312e-01,8.6204e-01,5.0020e+00,6.3668e-01,1.3820e-01
2.8700e+03,2.2214e-01,8.6128e-01,5.0020e+00,6.3744e-01,1.3842e-01
2.8800e+03,2.2117e-01,8.6053e-01,5.0020e+00,6.3819e-01,1.3864e-01
2.8900e+03,2.2020e-01,8.5977e-01,5.0020e+00,6.3894e-01,1.3886e-01
2.9000e+03,2.1924e-01,8.5903e-01,5.0020e+00,6.3969e-01,1.3908e-01
2.9100e+03,2.1828e-01,8.5828e-01,5.0020e+00,6.4043e-01,1.3929e-01
2.9200e+03,2.1732e-01,8.5754e-01,5.0020e+00,6.4117e-01,1.3951e-01
2.9300e+03,2.1637e-01,8.5680e-01,5.0020e+00,6.4191e-01,1.3972e-01
2.9400e+03,2.1543e-01,8.5607e-01,5.0020e+00,6.4264e-01,1.3994e-01
2.9500e+03,2.1449e-01,8.5534e-01,5.0020e+00,6.4337e-01,1.4015e-01
2.9600e+03,2.1355e-01,8.5462e-01,5.0020e+00,6.4409e-01,1.4036e-01
2.9700e+03,2.1262e-01,8.5390e-01,5.0020e+00,6.4481e-01,1.4057e-01
2.9800e+03,2.1170e-01,8.5318e-01,5.0020e+00,6.4553e-01,1.4078e-01
2.9900e+03,2.1077e-01,8.5246e-01,5.0020e+00,6.4624e-01,1.4099e-01
3.0000e+03,2.0986e-01,8.5175e-01,5.0020e+00,6.4695e-01,1.4120e-01
3.0100e+03,2.0895e-01,8.5105e-01,5.0020e+00,6.4766e-01,1.4140e-01
3.0200e+03,2.0804e-01,8.5034e-01,5.0020e+00,6.4836e-01,1.4161e-01
3.0300e+03,2.0713e-01,8.4964e-01,5.0020e+00,6.4905e-01,1.4182e-01
3.0400e+03,2.0624e-01,8.4895e-01,5.0020e+00,6.4975e-01,1.4202e-01
3.0500e+03,2.0534e-01,8.4826e-01,5.0020e+00,6.5044e-01,1.4222e-01
3.0600e+03,2.0445e-01,8.4757e-01,5.0020e+00,6.5113e-01,1.4243e-01
3.0700e+03,2.0357e-01,8.4688e-01,5.0020e+00,6.5181e-01,1.4263e-01
3.0800e+03,2.0268e-01,8.4620e-01,5.0020e+00,6.5249e-01,1.4283e-01
3.0900e+03,2.0181e-01,8.4552e-01,5.0020e+00,6.5317e-01,1.4303e-01
3.1000e+03,2.0094e-01,8.4485e-01,5.0020e+00,6.5384e-01,1.4323e-01
3.1100e+03,2.0007e-01,8.4418e-01,5.0020e+00,6.5451e-01,1.4343e-01
3.1200e+03,1.9920e-01,8.4351e-01,5.0020e+00,6.5518e-01,1.4362e-01
3.1300e+03,1.9834e-01,8.4285e-01,5.0020e+00,6.5584e-01,1.4382e-01
3.1400e+03,1.9749e-01,8.4218e-01,5.0020e+00,6.5650e-01,1.4402e-01
3.1500e+03,1.9664e-01,8.4153e-01,5.0020e+00,6.5716e-01,1.4421e-01
3.1600e+03,1.9579e-01,8.4087e-01,5.0020e+00,6.5781e-01,1.4441e-01
3.1700e+03,1.9495e-01,8.4022e-01,5.0020e+00,6.5846e-01,1.4460e-01
3.1800e+03,1.9411e-01,8.3957e-01,5.0020e+00,6.5911e-01,1.4479e-01
3.1900e+03,1.9327e-01,8.3893e-01,5.0020e+00,6.5975e-01,1.4498e-01
3.2000e+03,1.9244e-01,8.3829e-01,5.0020e+00,6.6039e-01,1.4517e-01
3.2100e+03,1.9162e-01,8.3765e-01,5.0020e+00,6.6102e-01,1.4536e-01
3.2200e+03,1.9079e-01,8.3702e-01,5.0020e+00,6.6166e-01,1.4555e-01
3.2300e+03,1.8998e-01,8.3638e-01,5.0020e+00,6.6229e-01,1.4574e-01
3.2400e+03,1.8916e-01,8.3576e-01,5.0020e+00,6.6292e-01,1.4593e-01
3.2500e+03,1.8835e-01,8.3513e-01,5.0020e+00,6.6354e-01,1.4611e-01
3.2600e+03,1.8754e-01,8.3451e-01,5.0020e+00,6.6416e-01,1.4630e-01
3.2700e+03,1.8674e-01,8.3389e-01,5.0020e+00,6.6478e-01,1.4649e-01
3.2800e+03,1.8594e-01,8.3327e-01,5.0020e+00,6.6539e-01,1.4667e-01
3.2900e+03,1.8515e-01,8.3266e-01,5.0020e+00,6.6600e-01,1.4685e-01
3.3000e+03,1.8436e-01,8.3205e-01,5.0020e+00,6.6661e-01,1.4704e-01
3.3100e+03,1.8357e-01,8.3145e-01,5.0020e+00,6.6722e-01,1.4722e-01
3.3200e+03,1.8279e-01,8.3084e-01,5.0020e+00,6.6782e-01,1.4740e-01
3.3300e+03,1.8201e-01,8.3024e-01,5.0020e+00,6.6842e-01,1.4758e-01
3.3400e+03,1.8123e-01,8.2964e-01,5.0020e+00,6.6902e-01,1.4776e-01
3.3500e+03,1.8046e-01,8.2905e-01,5.0020e+00,6.6961e-01,1.4794e-01
3.3600e+03,1.7969e-01,8.2846e-01,5.0020e+00,6.7020e-01,1.4812e-01
3.3700e+03,1.7892e-01,8.2787e-01,5.0020e+00,6.7079e-01,1.4829e-01
3.3800e+03,1.7816e-01,8.2728e-01,5.0020e+00,6.7137e-01,1.4847e-01
3.3900e+03,1.7741e-01,8.2670e-01,5.0020e+00,6.7195e-01,1.4865e-01
3.4000e+03,1.7665e-01,8.2612e-01,5.0020e+00,6.7253e-01,1.4882e-01
3.4100e+03,1.7590e-01,8.2554e-01,5.0020e+00,6.7311e-01,1.4900e-01
3.4200e+03,1.7515e-01,8.2497e-01,5.0020e+00,6.7368e-01,1.4917e-01
3.4300e+03,1.7441e-01,8.2440e-01,5.0020e+00,6.7425e-01,1.4934e-01
3.4400e+03,1.7367e-01,8.2383e-01,5.0020e+00,6.7482e-01,1.4951e-01
3.4500e+03,1.7294e-01,8.2326e-01,5.0020e+00,6.7538e-01,1.4969e-01
3.4600e+03,1.7220e-01,8.2270e-01,5.0020e+00,6.7595e-01,1.4986e-01
3.4700e+03,1.7147e-01,8.2214e-01,5.0020e+00,6.7650e-01,1.5003e-01
3.4800e+03,1.7075e-01,8.2158e-01,5.0020e+00,6.7706e-01,1.5020e-01
3.4900e+03,1.7003e-01,8.2103e-01,5.0020e+00,6.7761e-01,1.5036e-01
3.5000e+03,1.6931e-01,8.2048e-01,5.0020e+00,6.7817e-01,1.5053e-01
3.5100e+03,1.6859e-01,8.1993e-01,5.0020e+00,6.7871e-01,1.5070e-01
3.5200e+03,1.6788e-01,8.1938e-01,5.0020e+00,6.7926e-01,1.5087e-01
3.5300e+03,1.6717e-01,8.1884e-01,5.0020e+00,6.7980e-01,1.5103e-01
3.5400e+03,1.6647e-01,8.1829e-01,5.0020e+00,6.8034e-01,1.5120e-01
3.5500e+03,1.6576e-01,8.1776e-01,5.0020e+00,6.8088e-01,1.5136e-01
3.5600e+03,1.6506e-01,8.1722e-01,5.0020e+00,6.8142e-01,1.5152e-01
3.5700e+03,1.6437e-01,8.1669e-01,5.0020e+00,6.8195e-01,1.5169e-01
3.5800e+03,1.6368e-01,8.1616e-01,5.0020e+00,6.8248e-01,1.5185e-01
3.5900e+03,1.6299e-01,8.1563e-01,5.0020e+00,6.8301e-01,1.5201e-01
3.6000e+03,1.6230e-01,8.1510e-01,5.0020e+00,6.8353e-01,1.5217e-01
3.6100e+03,1.6162e-01,8.1458e-01,5.0020e+00,6.8405e-01,1.5233e-01
3.6200e+03,1.6094e-01,8.1406e-01,5.0020e+00,6.8457e-01,1.5249e-01
3.6300e+03,1.6027e-01,8.1354e-01,5.0020e+00,6.8509e-01,1.5265e-01
3.6400e+03,1.5959e-01,8.1302e-01,5.0020e+00,6.8560e-01,1.5281e-01
3.6500e+03,1.5892e-01,8.1251e-01,5.0020e+00,6.8612e-01,1.5297e-01
3.6600e+03,1.5826e-01,8.1200e-01,5.0020e+00,6.8663e-01,1.5312e-01
3.6700e+03,1.5759e-01,8.1149e-01,5.0020e+00,6.8713e-01,1.5328e-01
3.6800e+03,1.5693e-01,8.1099e-01,5.0020e+00,6.8764e-01,1.5344e-01
3.6900e+03,1.5627e-01,8.1048e-01,5.0020e+00,6.8814e-01,1.5359e-01
3.7000e+03,1.5562e-01,8.0998e-01,5.0020e+00,6.8864e-01,1.5374e-01
3.7100e+03,1.5497e-01,8.0948e-01,5.0020e+00,6.8914e-01,1.5390e-01
3.7200e+03,1.5432e-01,8.0899e-01,5.0020e+00,6.8963e-01,1.5405e-01
3.7300e+03,1.5368e-01,8.0849e-01,5.0020e+00,6.9013e-01,1.5420e-01
3.7400e+03,1.5303e-01,8.0800e-01,5.0020e+00,6.9062e-01,1.5435e-01
3.7500e+03,1.5239e-01,8.0751e-01,5.0020e+00,6.9110e-01,1.5451e-01
3.7600e+03,1.5176e-01,8.0703e-01,5.0020e+00,6.9159e-01,1.5466e-01
3.7700e+03,1.5112e-01,8.0654e-01,5.0020e+00,6.9207e-01,1.5481e-01
3.7800e+03,1.5049e-01,8.0606e-01,5.0020e+00,6.9255e-01,1.5496e-01
3.7900e+03,1.4987e-01,8.0558e-01,5.0020e+00,6.9303e-01,1.5510e-01
3.8000e+03,1.4924e-01,8.0510e-01,5.0020e+00,6.9351e-01,1.5525e-01
3.8100e+03,1.4862e-01,8.0463e-01,5.0020e+00,6.9398e-01,1.5540e-01
3.8200e+03,1.4800e-01,8.0415e-01,5.0020e+00,6.9446e-01,1.5555e-01
3.8300e+03,1.4739e-01,8.0368e-01,5.0020e+00,6.9493e-01,1.5569e-01
3.8400e+03,1.4677e-01,8.0321e-01,5.0020e+00,6.9539e-01,1.5584e-01
3.8500e+03,1.4616e-01,8.0275e-01,5.0020e+00,6.9586e-01,1.5598e-01
3.8600e+03,1.4556e-01,8.0228e-01,5.0020e+00,6.9632e-01,1.5613e-01
3.8700e+03,1.4495e-01,8.0182e-01,5.0020e+00,6.9678e-01,1.5627e-01
3.8800e+03,1.4435e-01,8.0136e-01,5.0020e+00,6.9724e-01,1.5641e-01
3.8900e+03,1.4375e-01,8.0090e-01,5.0020e+00,6.9770e-01,1.5656e-01
3.9000e+03,1.4315e-01,8.0045e-01,5.0020e+00,6.9815e-01,1.5670e-01
3.9100e+03,1.4256e-01,8.0000e-01,5.0020e+00,6.9861e-01,1.5684e-01
3.9200e+03,1.4197e-01,7.9954e-01,5.0020e+00,6.9906e-01,1.5698e-01
3.9300e+03,1.4138e-01,7.9909e-01,5.0020e+00,6.9950e-01,1.5712e-01
3.9400e+03,1.4079e-01,7.9865e-01,5.0020e+00,6.9995e-01,1.5726e-01
3.9500e+03,1.4021e-01,7.9820e-01,5.0020e+00,7.0039e-01,1.5740e-01
3.9600e+03,1.3963e-01,7.9776e-01,5.0020e+00,7.0084e-01,1.5754e-01
3.9700e+03,1.3905e-01,7.9732e-01,5.0020e+00,7.0128e-01,1.5768e-01
3.9800e+03,1.3848e-01,7.9688e-01,5.0020e+00,7.0171e-01,1.5781e-01
3.9900e+03,1.3791e-01,7.9644e-01,5.0020e+00,7.0215e-01,1.5795e-01
4.0000e+03,1.3734e-01,7.9601e-01,5.0020e+00,7.0258e-01,1.5809e-01
4.0100e+03,1.3677e-01,7.9558e-01,5.0020e+00,7.0302e-01,1.5822e-01
4.0200e+03,1.3620e-01,7.9515e-01,5.0020e+00,7.0344e-01,1.5836e-01
4.0300e+03,1.3564e-01,7.9472e-01,5.0020e+00,7.0387e-01,1.5849e-01
4.0400e+03,1.3508e-01,7.9429e-01,5.0020e+00,7.0430e-01,1.5862e-01
4.0500e+03,1.3453e-01,7.9387e-01,5.0020e+00,7.0472e-01,1.5876e-01
4.0600e+03,1.3397e-01,7.9345e-01,5.0020e+00,7.0514e-01,1.5889e-01
4.0700e+03,1.3342e-01,7.9302e-01,5.0020e+00,7.0556e-01,1.5902e-01
4.0800e+03,1.3287e-01,7.9261e-01,5.0020e+00,7.0598e-01,1.5915e-01
4.0900e+03,1.3232e-01,7.9219e-01,5.0020e+00,7.0640e-01,1.5929e-01
4.1000e+03,1.3178e-01,7.9177e-01,5.0020e+00,7.0681e-01,1.5942e-01
4.1100e+03,1.3124e-01,7.9136e-01,5.0020e+00,7.0722e-01,1.5955e-01
4.1200e+03,1.3070e-01,7.9095e-01,5.0020e+00,7.0763e-01,1.5968e-01
4.1300e+03,1.3016e-01,7.9054e-01,5.0020e+00,7.0804e-01,1.5981e-01
4.1400e+03,1.2962e-01,7.9014e-01,5.0020e+00,7.0845e-01,1.5993e-01
4.1500e+03,1.2909e-01,7.8973e-01,5.0020e+00,7.0885e-01,1.6006e-01
4.1600e+03,1.2856e-01,7.8933e-01,5.0020e+00,7.0925e-01,1.6019e-01
4.1700e+03,1.2803e-01,7.8893e-01,5.0020e+00,7.0965e-01,1.6032e-01
4.1800e+03,1.2751e-01,7.8853e-01,5.0020e+00,7.1005e-01,1.6044e-01
4.1900e+03,1.2699e-01,7.8813e-01,5.0020e+00,7.1045e-01,1.6057e-01
4.2000e+03,1.2647e-01,7.8773e-01,5.0020e+00,7.1085e-01,1.6069e-01
4.2100e+03,1.2595e-01,7.8734e-01,5.0020e+00,7.1124e-01,1.6082e-01
4.2200e+03,1.2543e-01,7.8695e-01,5.0020e+00,7.1163e-01,1.6094e-01
4.2300e+03,1.2492e-01,7.8655e-01,5.0020e+00,7.1202e-01,1.6107e-01
4.2400e+03,1.2441e-01,7.8617e-01,5.0020e+00,7.1241e-01,1.6119e-01
4.2500e+03,1.2390e-01,7.8578e-01,5.0020e+00,7.1279e-01,1.6131e-01
4.2600e+03,1.2339e-01,7.8539e-01,5.0020e+00,7.1318e-01,1.6144e-01
4.2700e+03,1.2289e-01,7.8501e-01,5.0020e+00,7.1356e-01,1.6156e-01
4.2800e+03,1.2238e-01,7.8463e-01,5.0020e+00,7.1394e-01,1.6168e-01
4.2900e+03,1.2188e-01,7.8425e-01,5.0020e+00,7.1432e-01,1.6180e-01
4.3000e+03,1.2139e-01,7.8387e-01,5.0020e+00,7.1470e-01,1.6192e-01
4.3100e+03,1.2089e-01,7.8349e-01,5.0020e+00,7.1507e-01,1.6204e-01
4.3200e+03,1.2040e-01,7.8312e-01,5.0020e+00,7.1545e-01,1.6216e-01
4.3300e+03,1.1991e-01,7.8275e-01,5.0020e+00,7.1582e-01,1.6228e-01
4.3400e+03,1.1942e-01,7.8237e-01,5.0020e+00,7.1619e-01,1.6240e-01
4.3500e+03,1.1893e-01,7.8201e-01,5.0020e+00,7.1656e-01,1.6251e-01
4.3600e+03,1.1845e-01,7.8164e-01,5.0020e+00,7.1693e-01,1.6263e-01
4.3700e+03,1.1796e-01,7.8127e-01,5.0020e+00,7.1729e-01,1.6275e-01
4.3800e+03,1.1748e-01,7.8091e-01,5.0020e+00,7.1766e-01,1.6287e-01
4.3900e+03,1.1700e-01,7.8054e-01,5.0020e+00,7.1802e-01,1.6298e-01
4.4000e+03,1.1653e-01,7.8018e-01,5.0020e+00,7.1838e-01,1.6310e-01
4.4100e+03,1.1605e-01,7.7982e-01,5.0020e+00,7.1874e-01,1.6321e-01
4.4200e+03,1.1558e-01,7.7946e-01,5.0020e+00,7.1910e-01,1.6333e-01
4.4300e+03,1.1511e-01,7.7911e-01,5.0020e+00,7.1945e-01,1.6344e-01
4.4400e+03,1.1464e-01,7.7875e-01,5.0020e+00,7.1981e-01,1.6355e-01
4.4500e+03,1.1418e-01,7.7840e-01,5.0020e+00,7.2016e-01,1.6367e-01
4.4600e+03,1.1371e-01,7.7805e-01,5.0020e+00,7.2051e-01,1.6378e-01
4.4700e+03,1.1325e-01,7.7770e-01,5.0020e+00,7.2086e-01,1.6389e-01
4.4800e+03,1.1279e-01,7.7735e-01,5.0020e+00,7.2121e-01,1.6400e-01
4.4900e+03,1.1234e-01,7.7700e-01,5.0020e+00,7.2155e-01,1.6412e-01
4.5000e+03,1.1188e-01,7.7666e-01,5.0020e+00,7.2190e-01,1.6423e-01
4.5100e+03,1.1143e-01,7.7631e-01,5.0020e+00,7.2224e-01,1.6434e-01
4.5200e+03,1.1097e-01,7.7597e-01,5.0020e+00,7.2258e-01,1.6445e-01
4.5300e+03,1.1052e-01,7.7563e-01,5.0020e+00,7.2292e-01,1.6456e-01
4.5400e+03,1.1008e-01,7.7529e-01,5.0020e+00,7.2326e-01,1.6467e-01
4.5500e+03,1.0963e-01,7.7495e-01,5.0020e+00,7.2360e-01,1.6477e-01
4.5600e+03,1.0919e-01,7.7462e-01,5.0020e+00,7.2393e-01,1.6488e-01
4.5700e+03,1.0875e-01,7.7428e-01,5.0020e+00,7.2427e-01,1.6499e-01
4.5800e+03,1.0831e-01,7.7395e-01,5.0020e+00,7.2460e-01,1.6510e-01
4.5900e+03,1.0787e-01,7.7362e-01,5.0020e+00,7.2493e-01,1.6520e-01
4.6000e+03,1.0743e-01,7.7329e-01,5.0020e+00,7.2526e-01,1.6531e-01
4.6100e+03,1.0700e-01,7.7296e-01,5.0020e+00,7.2559e-01,1.6542e-01
4.6200e+03,1.0657e-01,7.7263e-01,5.0020e+00,7.2592e-01,1.6552e-01
4.6300e+03,1.0613e-01,7.7231e-01,5.0020e+00,7.2624e-01,1.6563e-01
4.6400e+03,1.0571e-01,7.7198e-01,5.0020e+00,7.2657e-01,1.6573e-01
4.6500e+03,1.0528e-01,7.7166e-01,5.0020e+00,7.2689e-01,1.6584e-01
4.6600e+03,1.0485e-01,7.7134e-01,5.0020e+00,7.2721e-01,1.6594e-01
4.6700e+03,1.0443e-01,7.7102e-01,5.0020e+00,7.2753e-01,1.6605e-01
4.6800e+03,1.0401e-01,7.7070e-01,5.0020e+00,7.2785e-01,1.6615e-01
4.6900e+03,1.0359e-01,7.7038e-01,5.0020e+00,7.2816e-01,1.6625e-01
4.7000e+03,1.0317e-01,7.7006e-01,5.0020e+00,7.2848e-01,1.6635e-01
4.7100e+03,1.0276e-01,7.6975e-01,5.0020e+00,7.2879e-01,1.6646e-01
4.7200e+03,1.0234e-01,7.6944e-01,5.0020e+00,7.2910e-01,1.6656e-01
4.7300e+03,1.0193e-01,7.6913e-01,5.0020e+00,7.2941e-01,1.6666e-01
4.7400e+03,1.0152e-01,7.6882e-01,5.0020e+00,7.2972e-01,1.6676e-01
4.7500e+03,1.0111e-01,7.6851e-01,5.0020e+00,7.3003e-01,1.6686e-01
4.7600e+03,1.0071e-01,7.6820e-01,5.0020e+00,7.3034e-01,1.6696e-01
4.7700e+03,1.0030e-01,7.6789e-01,5.0020e+00,7.3065e-01,1.6706e-01
4.7800e+03,9.9898e-02,7.6759e-01,5.0020e+00,7.3095e-01,1.6716e-01
4.7900e+03,9.9497e-02,7.6728e-01,5.0020e+00,7.3125e-01,1.6726e-01
4.8000e+03,9.9097e-02,7.6698e-01,5.0020e+00,7.3155e-01,1.6735e-01
4.8100e+03,9.8699e-02,7.6668e-01,5.0020e+00,7.3185e-01,1.6745e-01
4.8200e+03,9.8303e-02,7.6638e-01,5.0020e+00,7.3215e-01,1.6755e-01
4.8300e+03,9.7908e-02,7.6608e-01,5.0020e+00,7.3245e-01,1.6765e-01
4.8400e+03,9.7515e-02,7.6579e-01,5.0020e+00,7.3275e-01,1.6774e-01
4.8500e+03,9.7124e-02,7.6549e-01,5.0020e+00,7.3304e-01,1.6784e-01
4.8600e+03,9.6734e-02,7.6520e-01,5.0020e+00,7.3334e-01,1.6794e-01
4.8700e+03,9.6346e-02,7.6490e-01,5.0020e+00,7.3363e-01,1.6803e-01
4.8800e+03,9.5960e-02,7.6461e-01,5.0020e+00,7.3392e-01,1.6813e-01
4.8900e+03,9.5575e-02,7.6432e-01,5.0020e+00,7.3421e-01,1.6822e-01
4.9000e+03,9.5193e-02,7.6403e-01,5.0020e+00,7.3450e-01,1.6832e-01
4.9100e+03,9.4811e-02,7.6375e-01,5.0020e+00,7.3478e-01,1.6841e-01
4.9200e+03,9.4432e-02,7.6346e-01,5.0020e+00,7.3507e-01,1.6850e-01
4.9300e+03,9.4054e-02,7.6317e-01,5.0020e+00,7.3536e-01,1.6860e-01
4.9400e+03,9.3677e-02,7.6289e-01,5.0020e+00,7.3564e-01,1.6869e-01
4.9500e+03,9.3302e-02,7.6261e-01,5.0020e+00,7.3592e-01,1.6878e-01
4.9600e+03,9.2929e-02,7.6233e-01,5.0020e+00,7.3620e-01,1.6887e-01
4.9700e+03,9.2558e-02,7.6204e-01,5.0020e+00,7.3648e-01,1.6897e-01
4.9800e+03,9.2188e-02,7.6177e-01,5.0020e+00,7.3676e-01,1.6906e-01
4.9900e+03,9.1819e-02,7.6149e-01,5.0020e+00,7.3704e-01,1.6915e-01
5.0000e+03,9.1452e-02,7.6121e-01,5.0020e+00,7.3731e-01,1.6924e-01
5.0100e+03,9.1087e-02,7.6094e-01,5.0020e+00,7.3759e-01,1.6933e-01
5.0200e+03,9.0723e-02,7.6066e-01,5.0020e+00,7.3786e-01,1.6942e-01
5.0300e+03,9.0361e-02,7.6039e-01,5.0020e+00,7.3814e-01,1.6951e-01
5.0400e+03,9.0000e-02,7.6012e-01,5.0020e+00,7.3841e-01,1.6960e-01
5.0500e+03,8.9641e-02,7.5985e-01,5.0020e+00,7.3868e-01,1.6969e-01
5.0600e+03,8.9284e-02,7.5958e-01,5.0020e+00,7.3895e-01,1.6978e-01
5.0700e+03,8.8928e-02,7.5931e-01,5.0020e+00,7.3921e-01,1.6986e-01
5.0800e+03,8.8573e-02,7.5904e-01,5.0020e+00,7.3948e-01,1.6995e-01
5.0900e+03,8.8220e-02,7.5877e-01,5.0020e+00,7.3975e-01,1.7004e-01
5.1000e+03,8.7868e-02,7.5851e-01,5.0020e+00,7.4001e-01,1.7013e-01
5.1100e+03,8.7518e-02,7.5825e-01,5.0020e+00,7.4027e-01,1.7021e-01
5.1200e+03,8.7170e-02,7.5798e-01,5.0020e+00,7.4054e-01,1.7030e-01
5.1300e+03,8.6823e-02,7.5772e-01,5.0020e+00,7.4080e-01,1.7039e-01
5.1400e+03,8.6477e-02,7.5746e-01,5.0020e+00,7.4106e-01,1.7047e-01
5.1500e+03,8.6133e-02,7.5720e-01,5.0020e+00,7.4132e-01,1.7056e-01
5.1600e+03,8.5790e-02,7.5694e-01,5.0020e+00,7.4157e-01,1.7064e-01
5.1700e+03,8.5449e-02,7.5669e-01,5.0020e+00,7.4183e-01,1.7073e-01
5.1800e+03,8.5109e-02,7.5643e-01,5.0020e+00,7.4209e-01,1.7081e-01
5.1900e+03,8.4771e-02,7.5618e-01,5.0020e+00,7.4234e-01,1.7089e-01
5.2000e+03,8.4434e-02,7.5592e-01,5.0020e+00,7.4259e-01,1.7098e-01
5.2100e+03,8.4098e-02,7.5567e-01,5.0020e+00,7.4284e-01,1.7106e-01
5.2200e+03,8.3764e-02,7.5542e-01,5.0020e+00,7.4310e-01,1.7114e-01
5.2300e+03,8.3432e-02,7.5517e-01,5.0020e+00,7.4335e-01,1.7123e-01
5.2400e+03,8.3100e-02,7.5492e-01,5.0020e+00,7.4359e-01,1.7131e-01
5.2500e+03,8.2770e-02,7.5467e-01,5.0020e+00,7.4384e-01,1.7139e-01
5.2600e+03,8.2442e-02,7.5442e-01,5.0020e+00,7.4409e-01,1.7147e-01
5.2700e+03,8.2115e-02,7.5418e-01,5.0020e+00,7.4433e-01,1.7156e-01
5.2800e+03,8.1789e-02,7.5393e-01,5.0020e+00,7.4458e-01,1.7164e-01
5.2900e+03,8.1465e-02,7.5369e-01,5.0020e+00,7.4482e-01,1.7172e-01
5.3000e+03,8.1142e-02,7.5344e-01,5.0020e+00,7.4507e-01,1.7180e-01
5.3100e+03,8.0820e-02,7.5320e-01,5.0020e+00,7.4531e-01,1.7188e-01
5.3200e+03,8.0500e-02,7.5296e-01,5.0020e+00,7.4555e-01,1.7196e-01
5.3300e+03,8.0181e-02,7.5272e-01,5.0020e+00,7.4579e-01,1.7204e-01
5.3400e+03,7.9863e-02,7.5248e-01,5.0020e+00,7.4603e-01,1.7212e-01
5.3500e+03,7.9547e-02,7.5224e-01,5.0020e+00,7.4626e-01,1.7220e-01
5.3600e+03,7.9232e-02,7.5201e-01,5.0020e+00,7.4650e-01,1.7227e-01
5.3700e+03,7.8918e-02,7.5177e-01,5.0020e+00,7.4673e-01,1.7235e-01
5.3800e+03,7.8606e-02,7.5154e-01,5.0020e+00,7.4697e-01,1.7243e-01
5.3900e+03,7.8295e-02,7.5130e-01,5.0020e+00,7.4720e-01,1.7251e-01
5.4000e+03,7.7985e-02,7.5107e-01,5.0020e+00,7.4743e-01,1.7258e-01
5.4100e+03,7.7677e-02,7.5084e-01,5.0020e+00,7.4767e-01,1.7266e-01
5.4200e+03,7.7370e-02,7.5061e-01,5.0020e+00,7.4790e-01,1.7274e-01
5.4300e+03,7.7064e-02,7.5038e-01,5.0020e+00,7.4813e-01,1.7282e-01
5.4400e+03,7.6759e-02,7.5015e-01,5.0020e+00,7.4835e-01,1.7289e-01
5.4500e+03,7.6456e-02,7.4992e-01,5.0020e+00,7.4858e-01,1.7297e-01
5.4600e+03,7.6154e-02,7.4969e-01,5.0020e+00,7.4881e-01,1.7304e-01
5.4700e+03,7.5853e-02,7.4947e-01,5.0020e+00,7.4903e-01,1.7312e-01
5.4800e+03,7.5554e-02,7.4924e-01,5.0020e+00,7.4926e-01,1.7319e-01
5.4900e+03,7.5255e-02,7.4902e-01,5.0020e+00,7.4948e-01,1.7327e-01
5.5000e+03,7.4958e-02,7.4880e-01,5.0020e+00,7.4970e-01,1.7334e-01
5.5100e+03,7.4663e-02,7.4857e-01,5.0020e+00,7.4993e-01,1.7342e-01
5.5200e+03,7.4368e-02,7.4835e-01,5.0020e+00,7.5015e-01,1.7349e-01
5.5300e+03,7.4075e-02,7.4813e-01,5.0020e+00,7.5037e-01,1.7356e-01
5.5400e+03,7.3783e-02,7.4791e-01,5.0020e+00,7.5059e-01,1.7364e-01
5.5500e+03,7.3492e-02,7.4769e-01,5.0020e+00,7.5080e-01,1.7371e-01
5.5600e+03,7.3202e-02,7.4748e-01,5.0020e+00,7.5102e-01,1.7378e-01
5.5700e+03,7.2914e-02,7.4726e-01,5.0020e+00,7.5124e-01,1.7385e-01
5.5800e+03,7.2626e-02,7.4704e-01,5.0020e+00,7.5145e-01,1.7393e-01
5.5900e+03,7.2340e-02,7.4683e-01,5.0020e+00,7.5167e-01,1.7400e-01
5.6000e+03,7.2055e-02,7.4662e-01,5.0020e+00,7.5188e-01,1.7407e-01
5.6100e+03,7.1772e-02,7.4640e-01,5.0020e+00,7.5209e-01,1.7414e-01
5.6200e+03,7.1489e-02,7.4619e-01,5.0020e+00,7.5230e-01,1.7421e-01
5.6300e+03,7.1208e-02,7.4598e-01,5.0020e+00,7.5252e-01,1.7428e-01
5.6400e+03,7.0928e-02,7.4577e-01,5.0020e+00,7.5273e-01,1.7435e-01
5.6500e+03,7.0648e-02,7.4556e-01,5.0020e+00,7.5293e-01,1.7442e-01
5.6600e+03,7.0371e-02,7.4535e-01,5.0020e+00,7.5314e-01,1.7449e-01
5.6700e+03,7.0094e-02,7.4514e-01,5.0020e+00,7.5335e-01,1.7456e-01
5.6800e+03,6.9818e-02,7.4494e-01,5.0020e+00,7.5356e-01,1.7463e-01
5.6900e+03,6.9544e-02,7.4473e-01,5.0020e+00,7.5376e-01,1.7470e-01
5.7000e+03,6.9271e-02,7.4453e-01,5.0020e+00,7.5397e-01,1.7477e-01
5.7100e+03,6.8998e-02,7.4432e-01,5.0020e+00,7.5417e-01,1.7484e-01
5.7200e+03,6.8727e-02,7.4412e-01,5.0020e+00,7.5437e-01,1.7490e-01
5.7300e+03,6.8457e-02,7.4392e-01,5.0020e+00,7.5457e-01,1.7497e-01
5.7400e+03,6.8189e-02,7.4371e-01,5.0020e+00,7.5478e-01,1.7504e-01
5.7500e+03,6.7921e-02,7.4351e-01,5.0020e+00,7.5498e-01,1.7511e-01
5.7600e+03,6.7654e-02,7.4331e-01,5.0020e+00,7.5518e-01,1.7517e-01
5.7700e+03,6.7389e-02,7.4311e-01,5.0020e+00,7.5537e-01,1.7524e-01
5.7800e+03,6.7124e-02,7.4292e-01,5.0020e+00,7.5557e-01,1.7531e-01
5.7900e+03,6.6861e-02,7.4272e-01,5.0020e+00,7.5577e-01,1.7537e-01
5.8000e+03,6.6599e-02,7.4252e-01,5.0020e+00,7.5597e-01,1.7544e-01
5.8100e+03,6.6338e-02,7.4233e-01,5.0020e+00,7.5616e-01,1.7551e-01
5.8200e+03,6.6077e-02,7.4213e-01,5.0020e+00,7.5636e-01,1.7557e-01
5.8300e+03,6.5818e-02,7.4194e-01,5.0020e+00,7.5655e-01,1.7564e-01
5.8400e+03,6.5560e-02,7.4174e-01,5.0020e+00,7.5674e-01,1.7570e-01
5.8500e+03,6.5304e-02,7.4155e-01,5.0020e+00,7.5693e-01,1.7577e-01
5.8600e+03,6.5048e-02,7.4136e-01,5.0020e+00,7.5713e-01,1.7583e-01
5.8700e+03,6.4793e-02,7.4117e-01,5.0020e+00,7.5732e-01,1.7590e-01
5.8800e+03,6.4539e-02,7.4098e-01,5.0020e+00,7.5751e-01,1.7596e-01
5.8900e+03,6.4287e-02,7.4079e-01,5.0020e+00,7.5769e-01,1.7602e-01
5.9000e+03,6.4035e-02,7.4060e-01,5.0020e+00,7.5788e-01,1.7609e-01
5.9100e+03,6.3784e-02,7.4041e-01,5.0020e+00,7.5807e-01,1.7615e-01
5.9200e+03,6.3535e-02,7.4023e-01,5.0020e+00,7.5826e-01,1.7621e-01
5.9300e+03,6.3286e-02,7.4004e-01,5.0020e+00,7.5844e-01,1.7628e-01
5.9400e+03,6.3039e-02,7.3985e-01,5.0020e+00,7.5863e-01,1.7634e-01
5.9500e+03,6.2792e-02,7.3967e-01,5.0020e+00,7.5881e-01,1.7640e-01
5.9600e+03,6.2546e-02,7.3949e-01,5.0020e+00,7.5900e-01,1.7646e-01
5.9700e+03,6.2302e-02,7.3930e-01,5.0020e+00,7.5918e-01,1.7652e-01
5.9800e+03,6.2058e-02,7.3912e-01,5.0020e+00,7.5936e-01,1.7659e-01
5.9900e+03,6.1816e-02,7.3894e-01,5.0020e+00,7.5954e-01,1.7665e-01
6.0000e+03,6.1574e-02,7.3876e-01,5.0020e+00,7.5972e-01,1.7671e-01
6.0100e+03,6.1334e-02,7.3858e-01,5.0020e+00,7.5990e-01,1.7677e-01
6.0200e+03,6.1094e-02,7.3840e-01,5.0020e+00,7.6008e-01,1.7683e-01
6.0300e+03,6.0856e-02,7.3822e-01,5.0020e+00,7.6026e-01,1.7689e-01
6.0400e+03,6.0618e-02,7.3804e-01,5.0020e+00,7.6044e-01,1.7695e-01
6.0500e+03,6.0381e-02,7.3787e-01,5.0020e+00,7.6061e-01,1.7701e-01
6.0600e+03,6.0146e-02,7.3769e-01,5.0020e+00,7.6079e-01,1.7707e-01
6.0700e+03,5.9911e-02,7.3751e-01,5.0020e+00,7.6096e-01,1.7713e-01
6.0800e+03,5.9677e-02,7.3734e-01,5.0020e+00,7.6114e-01,1.7719e-01
6.0900e+03,5.9444e-02,7.3716e-01,5.0020e+00,7.6131e-01,1.7725e-01
6.1000e+03,5.9212e-02,7.3699e-01,5.0020e+00,7.6149e-01,1.7731e-01
6.1100e+03,5.8982e-02,7.3682e-01,5.0020e+00,7.6166e-01,1.7736e-01
6.1200e+03,5.8752e-02,7.3665e-01,5.0020e+00,7.6183e-01,1.7742e-01
6.1300e+03,5.8523e-02,7.3647e-01,5.0020e+00,7.6200e-01,1.7748e-01
6.1400e+03,5.8294e-02,7.3630e-01,5.0020e+00,7.6217e-01,1.7754e-01
6.1500e+03,5.8067e-02,7.3613e-01,5.0020e+00,7.6234e-01,1.7760e-01
6.1600e+03,5.7841e-02,7.3596e-01,5.0020e+00,7.6251e-01,1.7765e-01
6.1700e+03,5.7616e-02,7.3580e-01,5.0020e+00,7.6268e-01,1.7771e-01
6.1800e+03,5.7391e-02,7.3563e-01,5.0020e+00,7.6285e-01,1.7777e-01
6.1900e+03,5.7168e-02,7.3546e-01,5.0020e+00,7.6301e-01,1.7782e-01
6.2000e+03,5.6945e-02,7.3530e-01,5.0020e+00,7.6318e-01,1.7788e-01
6.2100e+03,5.6723e-02,7.3513e-01,5.0020e+00,7.6334e-01,1.7794e-01
6.2200e+03,5.6503e-02,7.3496e-01,5.0020e+00,7.6351e-01,1.7799e-01
6.2300e+03,5.6283e-02,7.3480e-01,5.0020e+00,7.6367e-01,1.7805e-01
6.2400e+03,5.6064e-02,7.3464e-01,5.0020e+00,7.6384e-01,1.7810e-01
6.2500e+03,5.5846e-02,7.3447e-01,5.0020e+00,7.6400e-01,1.7816e-01
6.2600e+03,5.5628e-02,7.3431e-01,5.0020e+00,7.6416e-01,1.7822e-01
6.2700e+03,5.5412e-02,7.3415e-01,5.0020e+00,7.6432e-01,1.7827e-01
6.2800e+03,5.5196e-02,7.3399e-01,5.0020e+00,7.6448e-01,1.7833e-01
6.2900e+03,5.4982e-02,7.3383e-01,5.0020e+00,7.6464e-01,1.7838e-01
6.3000e+03,5.4768e-02,7.3367e-01,5.0020e+00,7.6480e-01,1.7843e-01
6.3100e+03,5.4555e-02,7.3351e-01,5.0020e+00,7.6496e-01,1.7849e-01
6.3200e+03,5.4343e-02,7.3335e-01,5.0020e+00,7.6512e-01,1.7854e-01
6.3300e+03,5.4132e-02,7.3319e-01,5.0020e+00,7.6528e-01,1.7860e-01
6.3400e+03,5.3922e-02,7.3304e-01,5.0020e+00,7.6543e-01,1.7865e-01
6.3500e+03,5.3712e-02,7.3288e-01,5.0020e+00,7.6559e-01,1.7870e-01
6.3600e+03,5.3504e-02,7.3272e-01,5.0020e+00,7.6575e-01,1.7876e-01
6.3700e+03,5.3296e-02,7.3257e-01,5.0020e+00,7.6590e-01,1.7881e-01
6.3800e+03,5.3089e-02,7.3241e-01,5.0020e+00,7.6605e-01,1.7886e-01
6.3900e+03,5.2883e-02,7.3226e-01,5.0020e+00,7.6621e-01,1.7891e-01
6.4000e+03,5.2678e-02,7.3211e-01,5.0020e+00,7.6636e-01,1.7897e-01
6.4100e+03,5.2473e-02,7.3195e-01,5.0020e+00,7.6651e-01,1.7902e-01
6.4200e+03,5.2270e-02,7.3180e-01,5.0020e+00,7.6667e-01,1.7907e-01
6.4300e+03,5.2067e-02,7.3165e-01,5.0020e+00,7.6682e-01,1.7912e-01
6.4400e+03,5.1865e-02,7.3150e-01,5.0020e+00,7.6697e-01,1.7917e-01
6.4500e+03,5.1664e-02,7.3135e-01,5.0020e+00,7.6712e-01,1.7922e-01
6.4600e+03,5.1463e-02,7.3120e-01,5.0020e+00,7.6727e-01,1.7927e-01
6.4700e+03,5.1264e-02,7.3105e-01,5.0020e+00,7.6742e-01,1.7933e-01
6.4800e+03,5.1065e-02,7.3090e-01,5.0020e+00,7.6756e-01,1.7938e-01
6.4900e+03,5.0867e-02,7.3075e-01,5.0020e+00,7.6771e-01,1.7943e-01
6.5000e+03,5.0670e-02,7.3061e-01,5.0020e+00,7.6786e-01,1.7948e-01
6.5100e+03,5.0474e-02,7.3046e-01,5.0020e+00,7.6800e-01,1.7953e-01
6.5200e+03,5.0278e-02,7.3031e-01,5.0020e+00,7.6815e-01,1.7958e-01
6.5300e+03,5.0083e-02,7.3017e-01,5.0020e+00,7.6829e-01,1.7963e-01
6.5400e+03,4.9889e-02,7.3002e-01,5.0020e+00,7.6844e-01,1.7968e-01
6.5500e+03,4.9696e-02,7.2988e-01,5.0020e+00,7.6858e-01,1.7973e-01
6.5600e+03,4.9504e-02,7.2974e-01,5.0020e+00,7.6873e-01,1.7977e-01
6.5700e+03,4.9312e-02,7.2959e-01,5.0020e+00,7.6887e-01,1.7982e-01
6.5800e+03,4.9121e-02,7.2945e-01,5.0020e+00,7.6901e-01,1.7987e-01
6.5900e+03,4.8931e-02,7.2931e-01,5.0020e+00,7.6915e-01,1.7992e-01
6.6000e+03,4.8742e-02,7.2917e-01,5.0020e+00,7.6929e-01,1.7997e-01
6.6100e+03,4.8553e-02,7.2903e-01,5.0020e+00,7.6943e-01,1.8002e-01
6.6200e+03,4.8365e-02,7.2889e-01,5.0020e+00,7.6957e-01,1.8007e-01
6.6300e+03,4.8178e-02,7.2875e-01,5.0020e+00,7.6971e-01,1.8011e-01
6.6400e+03,4.7992e-02,7.2861e-01,5.0020e+00,7.6985e-01,1.8016e-01
6.6500e+03,4.7806e-02,7.2847e-01,5.0020e+00,7.6999e-01,1.8021e-01
6.6600e+03,4.7621e-02,7.2833e-01,5.0020e+00,7.7013e-01,1.8026e-01
6.6700e+03,4.7437e-02,7.2819e-01,5.0020e+00,7.7027e-01,1.8030e-01
6.6800e+03,4.7254e-02,7.2806e-01,5.0020e+00,7.7040e-01,1.8035e-01
6.6900e+03,4.7071e-02,7.2792e-01,5.0020e+00,7.7054e-01,1.8040e-01
6.7000e+03,4.6889e-02,7.2779e-01,5.0020e+00,7.7067e-01,1.8044e-01
6.7100e+03,4.6708e-02,7.2765e-01,5.0020e+00,7.7081e-01,1.8049e-01
6.7200e+03,4.6528e-02,7.2752e-01,5.0020e+00,7.7094e-01,1.8053e-01
6.7300e+03,4.6348e-02,7.2738e-01,5.0020e+00,7.7108e-01,1.8058e-01
6.7400e+03,4.6169e-02,7.2725e-01,5.0020e+00,7.7121e-01,1.8063e-01
6.7500e+03,4.5991e-02,7.2712e-01,5.0020e+00,7.7134e-01,1.8067e-01
6.7600e+03,4.5813e-02,7.2698e-01,5.0020e+00,7.7147e-01,1.8072e-01
6.7700e+03,4.5636e-02,7.2685e-01,5.0020e+00,7.7161e-01,1.8076e-01
6.7800e+03,4.5460e-02,7.2672e-01,5.0020e+00,7.7174e-01,1.8081e-01
6.7900e+03,4.5285e-02,7.2659e-01,5.0020e+00,7.7187e-01,1.8085e-01
6.8000e+03,4.5110e-02,7.2646e-01,5.0020e+00,7.7200e-01,1.8090e-01
6.8100e+03,4.4936e-02,7.2633e-01,5.0020e+00,7.7213e-01,1.8094e-01
6.8200e+03,4.4763e-02,7.2620e-01,5.0020e+00,7.7226e-01,1.8099e-01
6.8300e+03,4.4590e-02,7.2607e-01,5.0020e+00,7.7238e-01,1.8103e-01
6.8400e+03,4.4418e-02,7.2594e-01,5.0020e+00,7.7251e-01,1.8107e-01
6.8500e+03,4.4247e-02,7.2582e-01,5.0020e+00,7.7264e-01,1.8112e-01
6.8600e+03,4.4076e-02,7.2569e-01,5.0020e+00,7.7277e-01,1.8116e-01
6.8700e+03,4.3906e-02,7.2556e-01,5.0020e+00,7.7289e-01,1.8121e-01
6.8800e+03,4.3737e-02,7.2544e-01,5.0020e+00,7.7302e-01,1.8125e-01
6.8900e+03,4.3568e-02,7.2531e-01,5.0020e+00,7.7314e-01,1.8129e-01
6.9000e+03,4.3400e-02,7.2518e-01,5.0020e+00,7.7327e-01,1.8134e-01
6.9100e+03,4.3233e-02,7.2506e-01,5.0020e+00,7.7339e-01,1.8138e-01
6.9200e+03,4.3066e-02,7.2494e-01,5.0020e+00,7.7352e-01,1.8142e-01
6.9300e+03,4.2900e-02,7.2481e-01,5.0020e+00,7.7364e-01,1.8146e-01
6.9400e+03,4.2735e-02,7.2469e-01,5.0020e+00,7.7376e-01,1.8151e-01
6.9500e+03,4.2571e-02,7.2457e-01,5.0020e+00,7.7389e-01,1.8155e-01
6.9600e+03,4.2407e-02,7.2444e-01,5.0020e+00,7.7401e-01,1.8159e-01
6.9700e+03,4.2243e-02,7.2432e-01,5.0020e+00,7.7413e-01,1.8163e-01
6.9800e+03,4.2081e-02,7.2420e-01,5.0020e+00,7.7425e-01,1.8167e-01
6.9900e+03,4.1919e-02,7.2408e-01,5.0020e+00,7.7437e-01,1.8172e-01
7.0000e+03,4.1757e-02,7.2396e-01,5.0020e+00,7.7449e-01,1.8176e-01
7.0100e+03,4.1597e-02,7.2384e-01,5.0020e+00,7.7461e-01,1.8180e-01
7.0200e+03,4.1436e-02,7.2372e-01,5.0020e+00,7.7473e-01,1.8184e-01
7.0300e+03,4.1277e-02,7.2360e-01,5.0020e+00,7.7485e-01,1.8188e-01
7.0400e+03,4.1118e-02,7.2348e-01,5.0020e+00,7.7497e-01,1.8192e-01
7.0500e+03,4.0960e-02,7.2337e-01,5.0020e+00,7.7508e-01,1.8196e-01
7.0600e+03,4.0802e-02,7.2325e-01,5.0020e+00,7.7520e-01,1.8200e-01
7.0700e+03,4.0646e-02,7.2313e-01,5.0020e+00,7.7532e-01,1.8204e-01
7.0800e+03,4.0489e-02,7.2302e-01,5.0020e+00,7.7543e-01,1.8208e-01
7.0900e+03,4.0334e-02,7.2290e-01,5.0020e+00,7.7555e-01,1.8212e-01
7.1000e+03,4.0178e-02,7.2279e-01,5.0020e+00,7.7566e-01,1.8216e-01
7.1100e+03,4.0024e-02,7.2267e-01,5.0020e+00,7.7578e-01,1.8220e-01
7.1200e+03,3.9870e-02,7.2256e-01,5.0020e+00,7.7589e-01,1.8224e-01
7.1300e+03,3.9717e-02,7.2244e-01,5.0020e+00,7.7601e-01,1.8228e-01
7.1400e+03,3.9564e-02,7.2233e-01,5.0020e+00,7.7612e-01,1.8232e-01
7.1500e+03,3.9412e-02,7.2221e-01,5.0020e+00,7.7623e-01,1.8236e-01
7.1600e+03,3.9261e-02,7.2210e-01,5.0020e+00,7.7635e-01,1.8240e-01
7.1700e+03,3.9110e-02,7.2199e-01,5.0020e+00,7.7646e-01,1.8244e-01
7.1800e+03,3.8960e-02,7.2188e-01,5.0020e+00,7.7657e-01,1.8248e-01
7.1900e+03,3.8810e-02,7.2177e-01,5.0020e+00,7.7668e-01,1.8251e-01
7.2000e+03,3.8661e-02,7.2166e-01,5.0020e+00,7.7679e-01,1.8255e-01
7.2100e+03,3.8513e-02,7.2155e-01,5.0020e+00,7.7690e-01,1.8259e-01
7.2200e+03,3.8365e-02,7.2144e-01,5.0020e+00,7.7701e-01,1.8263e-01
7.2300e+03,3.8217e-02,7.2133e-01,5.0020e+00,7.7712e-01,1.8267e-01
7.2400e+03,3.8071e-02,7.2122e-01,5.0020e+00,7.7723e-01,1.8270e-01
7.2500e+03,3.7925e-02,7.2111e-01,5.0020e+00,7.7734e-01,1.8274e-01
7.2600e+03,3.7779e-02,7.2100e-01,5.0020e+00,7.7745e-01,1.8278e-01
7.2700e+03,3.7634e-02,7.2089e-01,5.0020e+00,7.7755e-01,1.8282e-01
7.2800e+03,3.7490e-02,7.2078e-01,5.0020e+00,7.7766e-01,1.8285e-01
7.2900e+03,3.7346e-02,7.2068e-01,5.0020e+00,7.7777e-01,1.8289e-01
7.3000e+03,3.7203e-02,7.2057e-01,5.0020e+00,7.7787e-01,1.8293e-01
7.3100e+03,3.7060e-02,7.2046e-01,5.0020e+00,7.7798e-01,1.8297e-01
7.3200e+03,3.6918e-02,7.2036e-01,5.0020e+00,7.7809e-01,1.8300e-01
7.3300e+03,3.6776e-02,7.2025e-01,5.0020e+00,7.7819e-01,1.8304e-01
7.3400e+03,3.6635e-02,7.2015e-01,5.0020e+00,7.7830e-01,1.8307e-01
7.3500e+03,3.6495e-02,7.2004e-01,5.0020e+00,7.7840e-01,1.8311e-01
7.3600e+03,3.6355e-02,7.1994e-01,5.0020e+00,7.7850e-01,1.8315e-01
7.3700e+03,3.6215e-02,7.1984e-01,5.0020e+00,7.7861e-01,1.8318e-01
7.3800e+03,3.6077e-02,7.1973e-01,5.0020e+00,7.7871e-01,1.8322e-01
7.3900e+03,3.5938e-02,7.1963e-01,5.0020e+00,7.7881e-01,1.8325e-01
7.4000e+03,3.5801e-02,7.1953e-01,5.0020e+00,7.7891e-01,1.8329e-01
7.4100e+03,3.5664e-02,7.1943e-01,5.0020e+00,7.7902e-01,1.8332e-01
7.4200e+03,3.5527e-02,7.1932e-01,5.0020e+00,7.7912e-01,1.8336e-01
7.4300e+03,3.5391e-02,7.1922e-01,5.0020e+00,7.7922e-01,1.8340e-01
7.4400e+03,3.5255e-02,7.1912e-01,5.0020e+00,7.7932e-01,1.8343e-01
7.4500e+03,3.5120e-02,7.1902e-01,5.0020e+00,7.7942e-01,1.8347e-01
7.4600e+03,3.4986e-02,7.1892e-01,5.0020e+00,7.7952e-01,1.8350e-01
7.4700e+03,3.4852e-02,7.1882e-01,5.0020e+00,7.7962e-01,1.8353e-01
7.4800e+03,3.4718e-02,7.1872e-01,5.0020e+00,7.7972e-01,1.8357e-01
7.4900e+03,3.4585e-02,7.1862e-01,5.0020e+00,7.7982e-01,1.8360e-01
7.5000e+03,3.4453e-02,7.1853e-01,5.0020e+00,7.7991e-01,1.8364e-01
7.5100e+03,3.4321e-02,7.1843e-01,5.0020e+00,7.8001e-01,1.8367e-01
7.5200e+03,3.4190e-02,7.1833e-01,5.0020e+00,7.8011e-01,1.8371e-01
7.5300e+03,3.4059e-02,7.1823e-01,5.0020e+00,7.8021e-01,1.8374e-01
7.5400e+03,3.3929e-02,7.1814e-01,5.0020e+00,7.8030e-01,1.8377e-01
7.5500e+03,3.3799e-02,7.1804e-01,5.0020e+00,7.8040e-01,1.8381e-01
7.5600e+03,3.3669e-02,7.1794e-01,5.0020e+00,7.8050e-01,1.8384e-01
7.5700e+03,3.3541e-02,7.1785e-01,5.0020e+00,7.8059e-01,1.8387e-01
7.5800e+03,3.3412e-02,7.1775e-01,5.0020e+00,7.8069e-01,1.8391e-01
7.5900e+03,3.3285e-02,7.1766e-01,5.0020e+00,7.8078e-01,1.8394e-01
7.6000e+03,3.3157e-02,7.1756e-01,5.0020e+00,7.8088e-01,1.8397e-01
7.6100e+03,3.3030e-02,7.1747e-01,5.0020e+00,7.8097e-01,1.8400e-01
7.6200e+03,3.2904e-02,7.1737e-01,5.0020e+00,7.8106e-01,1.8404e-01
7.6300e+03,3.2778e-02,7.1728e-01,5.0020e+00,7.8116e-01,1.8407e-01
7.6400e+03,3.2653e-02,7.1719e-01,5.0020e+00,7.8125e-01,1.8410e-01
7.6500e+03,3.2528e-02,7.1710e-01,5.0020e+00,7.8134e-01,1.8413e-01
7.6600e+03,3.2404e-02,7.1700e-01,5.0020e+00,7.8143e-01,1.8417e-01
7.6700e+03,3.2280e-02,7.1691e-01,5.0020e+00,7.8153e-01,1.8420e-01
7.6800e+03,3.2157e-02,7.1682e-01,5.0020e+00,7.8162e-01,1.8423e-01
7.6900e+03,3.2034e-02,7.1673e-01,5.0020e+00,7.8171e-01,1.8426e-01
7.7000e+03,3.1911e-02,7.1664e-01,5.0020e+00,7.8180e-01,1.8429e-01
7.7100e+03,3.1790e-02,7.1655e-01,5.0020e+00,7.8189e-01,1.8433e-01
7.7200e+03,3.1668e-02,7.1646e-01,5.0020e+00,7.8198e-01,1.8436e-01
7.7300e+03,3.1547e-02,7.1637e-01,5.0020e+00,7.8207e-01,1.8439e-01
7.7400e+03,3.1427e-02,7.1628e-01,5.0020e+00,7.8216e-01,1.8442e-01
7.7500e+03,3.1307e-02,7.1619e-01,5.0020e+00,7.8225e-01,1.8445e-01
7.7600e+03,3.1187e-02,7.1610e-01,5.0020e+00,7.8234e-01,1.8448e-01
7.7700e+03,3.1068e-02,7.1601e-01,5.0020e+00,7.8242e-01,1.8451e-01
7.7800e+03,3.0949e-02,7.1592e-01,5.0020e+00,7.8251e-01,1.8454e-01
7.7900e+03,3.0831e-02,7.1583e-01,5.0020e+00,7.8260e-01,1.8457e-01
7.8000e+03,3.0714e-02,7.1575e-01,5.0020e+00,7.8269e-01,1.8460e-01
7.8100e+03,3.0596e-02,7.1566e-01,5.0020e+00,7.8277e-01,1.8463e-01
7.8200e+03,3.0480e-02,7.1557e-01,5.0020e+00,7.8286e-01,1.8466e-01
7.8300e+03,3.0363e-02,7.1549e-01,5.0020e+00,7.8295e-01,1.8469e-01
7.8400e+03,3.0247e-02,7.1540e-01,5.0020e+00,7.8303e-01,1.8472e-01
7.8500e+03,3.0132e-02,7.1532e-01,5.0020e+00,7.8312e-01,1.8475e-01
7.8600e+03,3.0017e-02,7.1523e-01,5.0020e+00,7.8320e-01,1.8478e-01
7.8700e+03,2.9903e-02,7.1515e-01,5.0020e+00,7.8329e-01,1.8481e-01
7.8800e+03,2.9788e-02,7.1506e-01,5.0020e+00,7.8337e-01,1.8484e-01
7.8900e+03,2.9675e-02,7.1498e-01,5.0020e+00,7.8346e-01,1.8487e-01
7.9000e+03,2.9562e-02,7.1489e-01,5.0020e+00,7.8354e-01,1.8490e-01
7.9100e+03,2.9449e-02,7.1481e-01,5.0020e+00,7.8362e-01,1.8493e-01
7.9200e+03,2.9337e-02,7.1473e-01,5.0020e+00,7.8371e-01,1.8496e-01
7.9300e+03,2.9225e-02,7.1464e-01,5.0020e+00,7.8379e-01,1.8499e-01
7.9400e+03,2.9113e-02,7.1456e-01,5.0020e+00,7.8387e-01,1.8502e-01
7.9500e+03,2.9002e-02,7.1448e-01,5.0020e+00,7.8396e-01,1.8505e-01
7.9600e+03,2.8892e-02,7.1440e-01,5.0020e+00,7.8404e-01,1.8508e-01
7.9700e+03,2.8782e-02,7.1431e-01,5.0020e+00,7.8412e-01,1.8510e-01
7.9800e+03,2.8672e-02,7.1423e-01,5.0020e+00,7.8420e-01,1.8513e-01
7.9900e+03,2.8563e-02,7.1415e-01,5.0020e+00,7.8428e-01,1.8516e-01
8.0000e+03,2.8454e-02,7.1407e-01,5.0020e+00,7.8436e-01,1.8519e-01
8.0100e+03,2.8345e-02,7.1399e-01,5.0020e+00,7.8444e-01,1.8522e-01
8.0200e+03,2.8237e-02,7.1391e-01,5.0020e+00,7.8452e-01,1.8525e-01
8.0300e+03,2.8130e-02,7.1383e-01,5.0020e+00,7.8460e-01,1.8527e-01
8.0400e+03,2.8023e-02,7.1375e-01,5.0020e+00,7.8468e-01,1.8530e-01
8.0500e+03,2.7916e-02,7.1367e-01,5.0020e+00,7.8476e-01,1.8533e-01
8.0600e+03,2.7810e-02,7.1359e-01,5.0020e+00,7.8484e-01,1.8536e-01
8.0700e+03,2.7704e-02,7.1351e-01,5.0020e+00,7.8492e-01,1.8538e-01
8.0800e+03,2.7598e-02,7.1344e-01,5.0020e+00,7.8500e-01,1.8541e-01
8.0900e+03,2.7493e-02,7.1336e-01,5.0020e+00,7.8507e-01,1.8544e-01
8.1000e+03,2.7388e-02,7.1328e-01,5.0020e+00,7.8515e-01,1.8547e-01
8.1100e+03,2.7284e-02,7.1320e-01,5.0020e+00,7.8523e-01,1.8549e-01
8.1200e+03,2.7180e-02,7.1313e-01,5.0020e+00,7.8530e-01,1.8552e-01
8.1300e+03,2.7077e-02,7.1305e-01,5.0020e+00,7.8538e-01,1.8555e-01
8.1400e+03,2.6974e-02,7.1297e-01,5.0020e+00,7.8546e-01,1.8557e-01
8.1500e+03,2.6871e-02,7.1290e-01,5.0020e+00,7.8553e-01,1.8560e-01
8.1600e+03,2.6769e-02,7.1282e-01,5.0020e+00,7.8561e-01,1.8563e-01
8.1700e+03,2.6667e-02,7.1274e-01,5.0020e+00,7.8568e-01,1.8565e-01
8.1800e+03,2.6566e-02,7.1267e-01,5.0020e+00,7.8576e-01,1.8568e-01
8.1900e+03,2.6464e-02,7.1259e-01,5.0020e+00,7.8583e-01,1.8571e-01
8.2000e+03,2.6364e-02,7.1252e-01,5.0020e+00,7.8591e-01,1.8573e-01
8.2100e+03,2.6263e-02,7.1244e-01,5.0020e+00,7.8598e-01,1.8576e-01
8.2200e+03,2.6164e-02,7.1237e-01,5.0020e+00,7.8606e-01,1.8578e-01
8.2300e+03,2.6064e-02,7.1230e-01,5.0020e+00,7.8613e-01,1.8581e-01
8.2400e+03,2.5965e-02,7.1222e-01,5.0020e+00,7.8620e-01,1.8584e-01
8.2500e+03,2.5866e-02,7.1215e-01,5.0020e+00,7.8628e-01,1.8586e-01
8.2600e+03,2.5768e-02,7.1208e-01,5.0020e+00,7.8635e-01,1.8589e-01
8.2700e+03,2.5670e-02,7.1200e-01,5.0020e+00,7.8642e-01,1.8591e-01
8.2800e+03,2.5572e-02,7.1193e-01,5.0020e+00,7.8650e-01,1.8594e-01
8.2900e+03,2.5475e-02,7.1186e-01,5.0020e+00,7.8657e-01,1.8596e-01
8.3000e+03,2.5378e-02,7.1179e-01,5.0020e+00,7.8664e-01,1.8599e-01
8.3100e+03,2.5282e-02,7.1172e-01,5.0020e+00,7.8671e-01,1.8601e-01
8.3200e+03,2.5186e-02,7.1165e-01,5.0020e+00,7.8678e-01,1.8604e-01
8.3300e+03,2.5090e-02,7.1157e-01,5.0020e+00,7.8685e-01,1.8606e-01
8.3400e+03,2.4995e-02,7.1150e-01,5.0020e+00,7.8692e-01,1.8609e-01
8.3500e+03,2.4900e-02,7.1143e-01,5.0020e+00,7.8699e-01,1.8611e-01
8.3600e+03,2.4805e-02,7.1136e-01,5.0020e+00,7.8706e-01,1.8614e-01
8.3700e+03,2.4711e-02,7.1129e-01,5.0020e+00,7.8713e-01,1.8616e-01
8.3800e+03,2.4617e-02,7.1122e-01,5.0020e+00,7.8720e-01,1.8619e-01
8.3900e+03,2.4523e-02,7.1115e-01,5.0020e+00,7.8727e-01,1.8621e-01
8.4000e+03,2.4430e-02,7.1109e-01,5.0020e+00,7.8734e-01,1.8623e-01
8.4100e+03,2.4337e-02,7.1102e-01,5.0020e+00,7.8741e-01,1.8626e-01
8.4200e+03,2.4245e-02,7.1095e-01,5.0020e+00,7.8748e-01,1.8628e-01
8.4300e+03,2.4153e-02,7.1088e-01,5.0020e+00,7.8755e-01,1.8631e-01
8.4400e+03,2.4061e-02,7.1081e-01,5.0020e+00,7.8761e-01,1.8633e-01
8.4500e+03,2.3970e-02,7.1074e-01,5.0020e+00,7.8768e-01,1.8635e-01
8.4600e+03,2.3879e-02,7.1068e-01,5.0020e+00,7.8775e-01,1.8638e-01
8.4700e+03,2.3788e-02,7.1061e-01,5.0020e+00,7.8782e-01,1.8640e-01
8.4800e+03,2.3698e-02,7.1054e-01,5.0020e+00,7.8788e-01,1.8642e-01
8.4900e+03,2.3608e-02,7.1048e-01,5.0020e+00,7.8795e-01,1.8645e-01
8.5000e+03,2.3518e-02,7.1041e-01,5.0020e+00,7.8802e-01,1.8647e-01
8.5100e+03,2.3429e-02,7.1034e-01,5.0020e+00,7.8808e-01,1.8649e-01
8.5200e+03,2.3340e-02,7.1028e-01,5.0020e+00,7.8815e-01,1.8652e-01
8.5300e+03,2.3251e-02,7.1021e-01,5.0020e+00,7.8821e-01,1.8654e-01
8.5400e+03,2.3163e-02,7.1015e-01,5.0020e+00,7.8828e-01,1.8656e-01
8.5500e+03,2.3075e-02,7.1008e-01,5.0020e+00,7.8834e-01,1.8659e-01
8.5600e+03,2.2988e-02,7.1002e-01,5.0020e+00,7.8841e-01,1.8661e-01
8.5700e+03,2.2900e-02,7.0995e-01,5.0020e+00,7.8847e-01,1.8663e-01
8.5800e+03,2.2813e-02,7.0989e-01,5.0020e+00,7.8854e-01,1.8666e-01
8.5900e+03,2.2727e-02,7.0982e-01,5.0020e+00,7.8860e-01,1.8668e-01
8.6000e+03,2.2641e-02,7.0976e-01,5.0020e+00,7.8866e-01,1.8670e-01
8.6100e+03,2.2555e-02,7.0970e-01,5.0020e+00,7.8873e-01,1.8672e-01
8.6200e+03,2.2469e-02,7.0963e-01,5.0020e+00,7.8879e-01,1.8674e-01
8.6300e+03,2.2384e-02,7.0957e-01,5.0020e+00,7.8885e-01,1.8677e-01
8.6400e+03,2.2299e-02,7.0951e-01,5.0020e+00,7.8892e-01,1.8679e-01
8.6500e+03,2.2215e-02,7.0944e-01,5.0020e+00,7.8898e-01,1.8681e-01
8.6600e+03,2.2130e-02,7.0938e-01,5.0020e+00,7.8904e-01,1.8683e-01
8.6700e+03,2.2046e-02,7.0932e-01,5.0020e+00,7.8910e-01,1.8686e-01
8.6800e+03,2.1963e-02,7.0926e-01,5.0020e+00,7.8917e-01,1.8688e-01
8.6900e+03,2.1880e-02,7.0920e-01,5.0020e+00,7.8923e-01,1.8690e-01
8.7000e+03,2.1797e-02,7.0913e-01,5.0020e+00,7.8929e-01,1.8692e-01
8.7100e+03,2.1714e-02,7.0907e-01,5.0020e+00,7.8935e-01,1.8694e-01
8.7200e+03,2.1632e-02,7.0901e-01,5.0020e+00,7.8941e-01,1.8696e-01
8.7300e+03,2.1550e-02,7.0895e-01,5.0020e+00,7.8947e-01,1.8698e-01
8.7400e+03,2.1468e-02,7.0889e-01,5.0020e+00,7.8953e-01,1.8701e-01
8.7500e+03,2.1387e-02,7.0883e-01,5.0020e+00,7.8959e-01,1.8703e-01
8.7600e+03,2.1306e-02,7.0877e-01,5.0020e+00,7.8965e-01,1.8705e-01
8.7700e+03,2.1225e-02,7.0871e-01,5.0020e+00,7.8971e-01,1.8707e-01
8.7800e+03,2.1144e-02,7.0865e-01,5.0020e+00,7.8977e-01,1.8709e-01
8.7900e+03,2.1064e-02,7.0859e-01,5.0020e+00,7.8983e-01,1.8711e-01
8.8000e+03,2.0984e-02,7.0853e-01,5.0020e+00,7.8989e-01,1.8713e-01
8.8100e+03,2.0905e-02,7.0847e-01,5.0020e+00,7.8995e-01,1.8715e-01
8.8200e+03,2.0826e-02,7.0841e-01,5.0020e+00,7.9001e-01,1.8717e-01
8.8300e+03,2.0747e-02,7.0836e-01,5.0020e+00,7.9006e-01,1.8719e-01
8.8400e+03,2.0668e-02,7.0830e-01,5.0020e+00,7.9012e-01,1.8721e-01
8.8500e+03,2.0590e-02,7.0824e-01,5.0020e+00,7.9018e-01,1.8723e-01
8.8600e+03,2.0512e-02,7.0818e-01,5.0020e+00,7.9024e-01,1.8726e-01
8.8700e+03,2.0434e-02,7.0812e-01,5.0020e+00,7.9030e-01,1.8728e-01
8.8800e+03,2.0357e-02,7.0807e-01,5.0020e+00,7.9035e-01,1.8730e-01
8.8900e+03,2.0280e-02,7.0801e-01,5.0020e+00,7.9041e-01,1.8732e-01
8.9000e+03,2.0203e-02,7.0795e-01,5.0020e+00,7.9047e-01,1.8734e-01
8.9100e+03,2.0127e-02,7.0790e-01,5.0020e+00,7.9052e-01,1.8736e-01
8.9200e+03,2.0050e-02,7.0784e-01,5.0020e+00,7.9058e-01,1.8738e-01
8.9300e+03,1.9974e-02,7.0778e-01,5.0020e+00,7.9063e-01,1.8740e-01
8.9400e+03,1.9899e-02,7.0773e-01,5.0020e+00,7.9069e-01,1.8742e-01
8.9500e+03,1.9823e-02,7.0767e-01,5.0020e+00,7.9075e-01,1.8743e-01
8.9600e+03,1.9748e-02,7.0762e-01,5.0020e+00,7.9080e-01,1.8745e-01
8.9700e+03,1.9674e-02,7.0756e-01,5.0020e+00,7.9086e-01,1.8747e-01
8.9800e+03,1.9599e-02,7.0751e-01,5.0020e+00,7.9091e-01,1.8749e-01
8.9900e+03,1.9525e-02,7.0745e-01,5.0020e+00,7.9097e-01,1.8751e-01
9.0000e+03,1.9451e-02,7.0740e-01,5.0020e+00,7.9102e-01,1.8753e-01
9.0100e+03,1.9378e-02,7.0734e-01,5.0020e+00,7.9108e-01,1.8755e-01
9.0200e+03,1.9304e-02,7.0729e-01,5.0020e+00,7.9113e-01,1.8757e-01
9.0300e+03,1.9231e-02,7.0723e-01,5.0020e+00,7.9118e-01,1.8759e-01
9.0400e+03,1.9158e-02,7.0718e-01,5.0020e+00,7.9124e-01,1.8761e-01
9.0500e+03,1.9086e-02,7.0713e-01,5.0020e+00,7.9129e-01,1.8763e-01
9.0600e+03,1.9014e-02,7.0707e-01,5.0020e+00,7.9134e-01,1.8765e-01
9.0700e+03,1.8942e-02,7.0702e-01,5.0020e+00,7.9140e-01,1.8767e-01
9.0800e+03,1.8870e-02,7.0697e-01,5.0020e+00,7.9145e-01,1.8768e-01
9.0900e+03,1.8799e-02,7.0691e-01,5.0020e+00,7.9150e-01,1.8770e-01
9.1000e+03,1.8728e-02,7.0686e-01,5.0020e+00,7.9156e-01,1.8772e-01
9.1100e+03,1.8657e-02,7.0681e-01,5.0020e+00,7.9161e-01,1.8774e-01
9.1200e+03,1.8586e-02,7.0676e-01,5.0020e+00,7.9166e-01,1.8776e-01
9.1300e+03,1.8516e-02,7.0670e-01,5.0020e+00,7.9171e-01,1.8778e-01
9.1400e+03,1.8446e-02,7.0665e-01,5.0020e+00,7.9176e-01,1.8779e-01
9.1500e+03,1.8376e-02,7.0660e-01,5.0020e+00,7.9182e-01,1.8781e-01
9.1600e+03,1.8307e-02,7.0655e-01,5.0020e+00,7.9187e-01,1.8783e-01
9.1700e+03,1.8238e-02,7.0650e-01,5.0020e+00,7.9192e-01,1.8785e-01
9.1800e+03,1.8169e-02,7.0645e-01,5.0020e+00,7.9197e-01,1.8787e-01
9.1900e+03,1.8100e-02,7.0640e-01,5.0020e+00,7.9202e-01,1.8789e-01
9.2000e+03,1.8031e-02,7.0635e-01,5.0020e+00,7.9207e-01,1.8790e-01
9.2100e+03,1.7963e-02,7.0630e-01,5.0020e+00,7.9212e-01,1.8792e-01
9.2200e+03,1.7895e-02,7.0625e-01,5.0020e+00,7.9217e-01,1.8794e-01
