t,[L2M],[D],[L],[L2MD],[L2Ms]
0.0000e+00,1.5000e+00,3.7500e+00,5.0000e+00,0.0000e+00,0.0000e+00
1.0000e+01,1.4743e+00,3.7286e+00,5.0030e+00,2.1312e-02,1.4249e-03
2.0000e+01,1.4518e+00,3.7075e+00,5.0030e+00,4.2349e-02,2.8394e-03
3.0000e+01,1.4298e+00,3.6868e+00,5.0030e+00,6.2954e-02,4.2326e-03
4.0000e+01,1.4083e+00,3.6666e+00,5.0030e+00,8.3139e-02,5.6051e-03
5.0000e+01,1.3871e+00,3.6468e+00,5.0030e+00,1.0291e-01,6.9570e-03
6.0000e+01,1.3664e+00,3.6274e+00,5.0030e+00,1.2229e-01,8.2890e-03
7.0000e+01,1.3461e+00,3.6084e+00,5.0030e+00,1.4128e-01,9.6013e-03
8.0000e+01,1.3262e+00,3.5897e+00,5.0030e+00,1.5990e-01,1.0894e-02
9.0000e+01,1.3067e+00,3.5714e+00,5.0030e+00,1.7815e-01,1.2169e-02
1.0000e+02,1.2875e+00,3.5535e+00,5.0030e+00,1.9604e-01,1.3424e-02
1.1000e+02,1.2688e+00,3.5359e+00,5.0030e+00,2.1359e-01,1.4662e-02
1.2000e+02,1.2503e+00,3.5187e+00,5.0030e+00,2.3079e-01,1.5881e-02
1.3000e+02,1.2323e+00,3.5018e+00,5.0030e+00,2.4767e-01,1.7083e-02
1.4000e+02,1.2145e+00,3.4852e+00,5.0030e+00,2.6423e-01,1.8268e-02
1.5000e+02,1.1971e+00,3.4689e+00,5.0030e+00,2.8047e-01,1.9436e-02
1.6000e+02,1.1800e+00,3.4529e+00,5.0030e+00,2.9642e-01,2.0587e-02
1.7000e+02,1.1632e+00,3.4373e+00,5.0030e+00,3.1206e-01,2.1723e-02
1.8000e+02,1.1468e+00,3.4219e+00,5.0030e+00,3.2741e-01,2.2842e-02
1.9000e+02,1.1306e+00,3.4068e+00,5.0030e+00,3.4248e-01,2.3945e-02
2.0000e+02,1.1147e+00,3.3919e+00,5.0030e+00,3.5728e-01,2.5033e-02
2.1000e+02,1.0991e+00,3.3774e+00,5.0030e+00,3.7180e-01,2.6106e-02
2.2000e+02,1.0838e+00,3.3631e+00,5.0030e+00,3.8607e-01,2.7164e-02
2.3000e+02,1.0687e+00,3.3491e+00,5.0030e+00,4.0008e-01,2.8208e-02
2.4000e+02,1.0539e+00,3.3353e+00,5.0030e+00,4.1384e-01,2.9237e-02
2.5000e+02,1.0394e+00,3.3217e+00,5.0030e+00,4.2735e-01,3.0252e-02
2.6000e+02,1.0251e+00,3.3084e+00,5.0030e+00,4.4063e-01,3.1253e-02
2.7000e+02,1.0111e+00,3.2954e+00,5.0030e+00,4.5367e-01,3.2241e-02
2.8000e+02,9.9731e-01,3.2825e+00,5.0030e+00,4.6648e-01,3.3215e-02
2.9000e+02,9.8375e-01,3.2699e+00,5.0030e+00,4.7908e-01,3.4176e-02
3.0000e+02,9.7043e-01,3.2575e+00,5.0030e+00,4.9145e-01,3.5124e-02
3.1000e+02,9.5733e-01,3.2453e+00,5.0030e+00,5.0362e-01,3.6059e-02
3.2000e+02,9.4445e-01,3.2333e+00,5.0030e+00,5.1558e-01,3.6982e-02
3.3000e+02,9.3179e-01,3.2216e+00,5.0030e+00,5.2733e-01,3.7892e-02
3.4000e+02,9.1933e-01,3.2100e+00,5.0030e+00,5.3889e-01,3.8791e-02
3.5000e+02,9.0708e-01,3.1986e+00,5.0030e+00,5.5025e-01,3.9677e-02
3.6000e+02,8.9504e-01,3.1874e+00,5.0030e+00,5.6142e-01,4.0552e-02
3.7000e+02,8.8319e-01,3.1764e+00,5.0030e+00,5.7241e-01,4.1415e-02
3.8000e+02,8.7153e-01,3.1656e+00,5.0030e+00,5.8321e-01,4.2267e-02
3.9000e+02,8.6006e-01,3.1549e+00,5.0030e+00,5.9384e-01,4.3108e-02
4.0000e+02,8.4878e-01,3.1445e+00,5.0030e+00,6.0429e-01,4.3937e-02
4.1000e+02,8.3767e-01,3.1342e+00,5.0030e+00,6.1458e-01,4.4756e-02
4.2000e+02,8.2675e-01,3.1240e+00,5.0030e+00,6.2469e-01,4.5565e-02
4.3000e+02,8.1600e-01,3.1140e+00,5.0030e+00,6.3465e-01,4.6362e-02
4.4000e+02,8.0542e-01,3.1042e+00,5.0030e+00,6.4444e-01,4.7150e-02
4.5000e+02,7.9500e-01,3.0946e+00,5.0030e+00,6.5408e-01,4.7927e-02
4.6000e+02,7.8475e-01,3.0851e+00,5.0030e+00,6.6356e-01,4.8695e-02
4.7000e+02,7.7466e-01,3.0757e+00,5.0030e+00,6.7290e-01,4.9452e-02
4.8000e+02,7.6472e-01,3.0665e+00,5.0030e+00,6.8209e-01,5.0200e-02
4.9000e+02,7.5494e-01,3.0575e+00,5.0030e+00,6.9113e-01,5.0939e-02
5.0000e+02,7.4531e-01,3.0485e+00,5.0030e+00,7.0003e-01,5.1668e-02
5.1000e+02,7.3582e-01,3.0398e+00,5.0030e+00,7.0880e-01,5.2387e-02
5.2000e+02,7.2648e-01,3.0311e+00,5.0030e+00,7.1743e-01,5.3098e-02
5.3000e+02,7.1729e-01,3.0226e+00,5.0030e+00,7.2592e-01,5.3800e-02
5.4000e+02,7.0823e-01,3.0142e+00,5.0030e+00,7.3429e-01,5.4493e-02
5.5000e+02,6.9931e-01,3.0060e+00,5.0030e+00,7.4253e-01,5.5177e-02
5.6000e+02,6.9052e-01,2.9978e+00,5.0030e+00,7.5064e-01,5.5852e-02
5.7000e+02,6.8186e-01,2.9898e+00,5.0030e+00,7.5863e-01,5.6520e-02
5.8000e+02,6.7333e-01,2.9819e+00,5.0030e+00,7.6650e-01,5.7178e-02
5.9000e+02,6.6493e-01,2.9742e+00,5.0030e+00,7.7425e-01,5.7829e-02
6.0000e+02,6.5665e-01,2.9665e+00,5.0030e+00,7.8188e-01,5.8472e-02
6.1000e+02,6.4850e-01,2.9590e+00,5.0030e+00,7.8940e-01,5.9106e-02
6.2000e+02,6.4046e-01,2.9516e+00,5.0030e+00,7.9681e-01,5.9733e-02
6.3000e+02,6.3254e-01,2.9443e+00,5.0030e+00,8.0411e-01,6.0352e-02
6.4000e+02,6.2474e-01,2.9370e+00,5.0030e+00,8.1131e-01,6.0964e-02
6.5000e+02,6.1705e-01,2.9299e+00,5.0030e+00,8.1839e-01,6.1568e-02
6.6000e+02,6.0947e-01,2.9229e+00,5.0030e+00,8.2538e-01,6.2164e-02
6.7000e+02,6.0200e-01,2.9161e+00,5.0030e+00,8.3226e-01,6.2753e-02
6.8000e+02,5.9463e-01,2.9093e+00,5.0030e+00,8.3904e-01,6.3336e-02
6.9000e+02,5.8737e-01,2.9026e+00,5.0030e+00,8.4572e-01,6.3911e-02
7.0000e+02,5.8022e-01,2.8960e+00,5.0030e+00,8.5231e-01,6.4479e-02
7.1000e+02,5.7316e-01,2.8895e+00,5.0030e+00,8.5880e-01,6.5040e-02
7.2000e+02,5.6621e-01,2.8830e+00,5.0030e+00,8.6520e-01,6.5594e-02
7.3000e+02,5.5935e-01,2.8767e+00,5.0030e+00,8.7151e-01,6.6142e-02
7.4000e+02,5.5259e-01,2.8705e+00,5.0030e+00,8.7773e-01,6.6683e-02
7.5000e+02,5.4593e-01,2.8643e+00,5.0030e+00,8.8386e-01,6.7217e-02
7.6000e+02,5.3935e-01,2.8583e+00,5.0030e+00,8.8991e-01,6.7746e-02
7.7000e+02,5.3287e-01,2.8523e+00,5.0030e+00,8.9587e-01,6.8267e-02
7.8000e+02,5.2648e-01,2.8464e+00,5.0030e+00,9.0174e-01,6.8783e-02
7.9000e+02,5.2018e-01,2.8406e+00,5.0030e+00,9.0754e-01,6.9292e-02
8.0000e+02,5.1396e-01,2.8349e+00,5.0030e+00,9.1325e-01,6.9796e-02
8.1000e+02,5.0783e-01,2.8293e+00,5.0030e+00,9.1889e-01,7.0293e-02
8.2000e+02,5.0178e-01,2.8237e+00,5.0030e+00,9.2444e-01,7.0785e-02
8.3000e+02,4.9581e-01,2.8182e+00,5.0030e+00,9.2992e-01,7.1270e-02
8.4000e+02,4.8993e-01,2.8128e+00,5.0030e+00,9.3533e-01,7.1750e-02
8.5000e+02,4.8413e-01,2.8074e+00,5.0030e+00,9.4066e-01,7.2224e-02
8.6000e+02,4.7840e-01,2.8022e+00,5.0030e+00,9.4591e-01,7.2693e-02
8.7000e+02,4.7275e-01,2.7970e+00,5.0030e+00,9.5110e-01,7.3156e-02
8.8000e+02,4.6718e-01,2.7919e+00,5.0030e+00,9.5622e-01,7.3614e-02
8.9000e+02,4.6168e-01,2.7868e+00,5.0030e+00,9.6126e-01,7.4066e-02
9.0000e+02,4.5625e-01,2.7818e+00,5.0030e+00,9.6624e-01,7.4513e-02
9.1000e+02,4.5090e-01,2.7769e+00,5.0030e+00,9.7115e-01,7.4955e-02
9.2000e+02,4.4562e-01,2.7720e+00,5.0030e+00,9.7600e-01,7.5391e-02
9.3000e+02,4.4041e-01,2.7672e+00,5.0030e+00,9.8078e-01,7.5823e-02
9.4000e+02,4.3527e-01,2.7625e+00,5.0030e+00,9.8549e-01,7.6249e-02
9.5000e+02,4.3019e-01,2.7579e+00,5.0030e+00,9.9015e-01,7.6671e-02
9.6000e+02,4.2518e-01,2.7533e+00,5.0030e+00,9.9474e-01,7.7087e-02
9.7000e+02,4.2024e-01,2.7487e+00,5.0030e+00,9.9927e-01,7.7499e-02
9.8000e+02,4.1536e-01,2.7442e+00,5.0030e+00,1.0037e+00,7.7906e-02
9.9000e+02,4.1055e-01,2.7398e+00,5.0030e+00,1.0082e+00,7.8308e-02
1.0000e+03,4.0579e-01,2.7355e+00,5.0030e+00,1.0125e+00,7.8706e-02
1.0100e+03,4.0110e-01,2.7311e+00,5.0030e+00,1.0168e+00,7.9099e-02
1.0200e+03,3.9647e-01,2.7269e+00,5.0030e+00,1.0210e+00,7.9487e-02
1.0300e+03,3.9190e-01,2.7227e+00,5.0030e+00,1.0252e+00,7.9872e-02
1.0400e+03,3.8739e-01,2.7186e+00,5.0030e+00,1.0294e+00,8.0251e-02
1.0500e+03,3.8294e-01,2.7145e+00,5.0030e+00,1.0334e+00,8.0627e-02
1.0600e+03,3.7854e-01,2.7104e+00,5.0030e+00,1.0375e+00,8.0998e-02
1.0700e+03,3.7420e-01,2.7065e+00,5.0030e+00,1.0414e+00,8.1364e-02
1.0800e+03,3.6992e-01,2.7025e+00,5.0030e+00,1.0454e+00,8.1727e-02
1.0900e+03,3.6569e-01,2.6987e+00,5.0030e+00,1.0492e+00,8.2085e-02
1.1000e+03,3.6151e-01,2.6948e+00,5.0030e+00,1.0531e+00,8.2440e-02
1.1100e+03,3.5739e-01,2.6910e+00,5.0030e+00,1.0568e+00,8.2790e-02
1.1200e+03,3.5331e-01,2.6873e+00,5.0030e+00,1.0606e+00,8.3136e-02
1.1300e+03,3.4929e-01,2.6836e+00,5.0030e+00,1.0642e+00,8.3479e-02
1.1400e+03,3.4532e-01,2.6800e+00,5.0030e+00,1.0679e+00,8.3817e-02
1.1500e+03,3.4141e-01,2.6764e+00,5.0030e+00,1.0715e+00,8.4152e-02
1.1600e+03,3.3753e-01,2.6728e+00,5.0030e+00,1.0750e+00,8.4483e-02
1.1700e+03,3.3371e-01,2.6693e+00,5.0030e+00,1.0785e+00,8.4810e-02
1.1800e+03,3.2994e-01,2.6659e+00,5.0030e+00,1.0819e+00,8.5133e-02
1.1900e+03,3.2621e-01,2.6625e+00,5.0030e+00,1.0853e+00,8.5453e-02
1.2000e+03,3.2253e-01,2.6591e+00,5.0030e+00,1.0887e+00,8.5769e-02
1.2100e+03,3.1889e-01,2.6558e+00,5.0030e+00,1.0920e+00,8.6082e-02
1.2200e+03,3.1530e-01,2.6525e+00,5.0030e+00,1.0953e+00,8.6391e-02
1.2300e+03,3.1175e-01,2.6492e+00,5.0030e+00,1.0986e+00,8.6697e-02
1.2400e+03,3.0825e-01,2.6460e+00,5.0030e+00,1.1018e+00,8.6999e-02
1.2500e+03,3.0479e-01,2.6429e+00,5.0030e+00,1.1049e+00,8.7298e-02
1.2600e+03,3.0137e-01,2.6397e+00,5.0030e+00,1.1080e+00,8.7593e-02
1.2700e+03,2.9800e-01,2.6366e+00,5.0030e+00,1.1111e+00,8.7885e-02
1.2800e+03,2.9466e-01,2.6336e+00,5.0030e+00,1.1142e+00,8.8174e-02
1.2900e+03,2.9137e-01,2.6306e+00,5.0030e+00,1.1172e+00,8.8460e-02
1.3000e+03,2.8812e-01,2.6276e+00,5.0030e+00,1.1201e+00,8.8743e-02
1.3100e+03,2.8490e-01,2.6247e+00,5.0030e+00,1.1231e+00,8.9022e-02
1.3200e+03,2.8173e-01,2.6218e+00,5.0030e+00,1.1260e+00,8.9298e-02
1.3300e+03,2.7859e-01,2.6189e+00,5.0030e+00,1.1288e+00,8.9571e-02
1.3400e+03,2.7549e-01,2.6161e+00,5.0030e+00,1.1317e+00,8.9841e-02
1.3500e+03,2.7243e-01,2.6133e+00,5.0030e+00,1.1345e+00,9.0109e-02
1.3600e+03,2.6941e-01,2.6105e+00,5.0030e+00,1.1372e+00,9.0373e-02
1.3700e+03,2.6642e-01,2.6078e+00,5.0030e+00,1.1400e+00,9.0634e-02
1.3800e+03,2.6347e-01,2.6051e+00,5.0030e+00,1.1426e+00,9.0892e-02
1.3900e+03,2.6055e-01,2.6024e+00,5.0030e+00,1.1453e+00,9.1148e-02
1.4000e+03,2.5767e-01,2.5998e+00,5.0030e+00,1.1479e+00,9.1401e-02
1.4100e+03,2.5482e-01,2.5972e+00,5.0030e+00,1.1505e+00,9.1651e-02
1.4200e+03,2.5201e-01,2.5946e+00,5.0030e+00,1.1531e+00,9.1898e-02
1.4300e+03,2.4923e-01,2.5920e+00,5.0030e+00,1.1556e+00,9.2142e-02
1.4400e+03,2.4648e-01,2.5895e+00,5.0030e+00,1.1581e+00,9.2384e-02
1.4500e+03,2.4377e-01,2.5871e+00,5.0030e+00,1.1606e+00,9.2623e-02
1.4600e+03,2.4108e-01,2.5846e+00,5.0030e+00,1.1631e+00,9.2859e-02
1.4700e+03,2.3843e-01,2.5822e+00,5.0030e+00,1.1655e+00,9.3093e-02
1.4800e+03,2.3581e-01,2.5798e+00,5.0030e+00,1.1679e+00,9.3325e-02
1.4900e+03,2.3323e-01,2.5774e+00,5.0030e+00,1.1702e+00,9.3553e-02
1.5000e+03,2.3067e-01,2.5751e+00,5.0030e+00,1.1726e+00,9.3780e-02
1.5100e+03,2.2814e-01,2.5728e+00,5.0030e+00,1.1749e+00,9.4003e-02
1.5200e+03,2.2564e-01,2.5705e+00,5.0030e+00,1.1771e+00,9.4225e-02
1.5300e+03,2.2317e-01,2.5682e+00,5.0030e+00,1.1794e+00,9.4444e-02
1.5400e+03,2.2073e-01,2.5660e+00,5.0030e+00,1.1816e+00,9.4660e-02
1.5500e+03,2.1832e-01,2.5638e+00,5.0030e+00,1.1838e+00,9.4874e-02
1.5600e+03,2.1594e-01,2.5616e+00,5.0030e+00,1.1860e+00,9.5086e-02
1.5700e+03,2.1358e-01,2.5595e+00,5.0030e+00,1.1881e+00,9.5296e-02
1.5800e+03,2.1126e-01,2.5574e+00,5.0030e+00,1.1902e+00,9.5503e-02
1.5900e+03,2.0895e-01,2.5553e+00,5.0030e+00,1.1923e+00,9.5708e-02
1.6000e+03,2.0668e-01,2.5532e+00,5.0030e+00,1.1944e+00,9.5911e-02
1.6100e+03,2.0443e-01,2.5511e+00,5.0030e+00,1.1965e+00,9.6111e-02
1.6200e+03,2.0221e-01,2.5491e+00,5.0030e+00,1.1985e+00,9.6310e-02
1.6300e+03,2.0001e-01,2.5471e+00,5.0030e+00,1.2005e+00,9.6506e-02
1.6400e+03,1.9784e-01,2.5451e+00,5.0030e+00,1.2025e+00,9.6700e-02
1.6500e+03,1.9570e-01,2.5432e+00,5.0030e+00,1.2044e+00,9.6892e-02
1.6600e+03,1.9358e-01,2.5412e+00,5.0030e+00,1.2063e+00,9.7082e-02
1.6700e+03,1.9148e-01,2.5393e+00,5.0030e+00,1.2083e+00,9.7270e-02
1.6800e+03,1.8941e-01,2.5374e+00,5.0030e+00,1.2101e+00,9.7455e-02
1.6900e+03,1.8736e-01,2.5356e+00,5.0030e+00,1.2120e+00,9.7639e-02
1.7000e+03,1.8533e-01,2.5337e+00,5.0030e+00,1.2139e+00,9.7821e-02
1.7100e+03,1.8333e-01,2.5319e+00,5.0030e+00,1.2157e+00,9.8001e-02
1.7200e+03,1.8135e-01,2.5301e+00,5.0030e+00,1.2175e+00,9.8179e-02
1.7300e+03,1.7940e-01,2.5283e+00,5.0030e+00,1.2193e+00,9.8355e-02
1.7400e+03,1.7746e-01,2.5265e+00,5.0030e+00,1.2210e+00,9.8529e-02
1.7500e+03,1.7555e-01,2.5248e+00,5.0030e+00,1.2228e+00,9.8701e-02
1.7600e+03,1.7366e-01,2.5231e+00,5.0030e+00,1.2245e+00,9.8872e-02
1.7700e+03,1.7179e-01,2.5214e+00,5.0030e+00,1.2262e+00,9.9040e-02
1.7800e+03,1.6994e-01,2.5197e+00,5.0030e+00,1.2279e+00,9.9207e-02
1.7900e+03,1.6811e-01,2.5180e+00,5.0030e+00,1.2295e+00,9.9372e-02
1.8000e+03,1.6631e-01,2.5164e+00,5.0030e+00,1.2312e+00,9.9535e-02
1.8100e+03,1.6452e-01,2.5147e+00,5.0030e+00,1.2328e+00,9.9696e-02
1.8200e+03,1.6276e-01,2.5131e+00,5.0030e+00,1.2344e+00,9.9856e-02
1.8300e+03,1.6101e-01,2.5115e+00,5.0030e+00,1.2360e+00,1.0001e-01
1.8400e+03,1.5929e-01,2.5100e+00,5.0030e+00,1.2376e+00,1.0017e-01
1.8500e+03,1.5758e-01,2.5084e+00,5.0030e+00,1.2391e+00,1.0033e-01
1.8600e+03,1.5589e-01,2.5069e+00,5.0030e+00,1.2406e+00,1.0048e-01
1.8700e+03,1.5422e-01,2.5054e+00,5.0030e+00,1.2422e+00,1.0063e-01
1.8800e+03,1.5257e-01,2.5039e+00,5.0030e+00,1.2437e+00,1.0078e-01
1.8900e+03,1.5094e-01,2.5024e+00,5.0030e+00,1.2451e+00,1.0093e-01
1.9000e+03,1.4933e-01,2.5009e+00,5.0030e+00,1.2466e+00,1.0107e-01
1.9100e+03,1.4773e-01,2.4994e+00,5.0030e+00,1.2481e+00,1.0122e-01
1.9200e+03,1.4616e-01,2.4980e+00,5.0030e+00,1.2495e+00,1.0136e-01
1.9300e+03,1.4460e-01,2.4966e+00,5.0030e+00,1.2509e+00,1.0150e-01
1.9400e+03,1.4306e-01,2.4952e+00,5.0030e+00,1.2523e+00,1.0164e-01
1.9500e+03,1.4153e-01,2.4938e+00,5.0030e+00,1.2537e+00,1.0178e-01
1.9600e+03,1.4002e-01,2.4924e+00,5.0030e+00,1.2551e+00,1.0192e-01
1.9700e+03,1.3853e-01,2.4911e+00,5.0030e+00,1.2564e+00,1.0206e-01
1.9800e+03,1.3706e-01,2.4897e+00,5.0030e+00,1.2578e+00,1.0219e-01
1.9900e+03,1.3560e-01,2.4884e+00,5.0030e+00,1.2591e+00,1.0232e-01
2.0000e+03,1.3416e-01,2.4871e+00,5.0030e+00,1.2604e+00,1.0246e-01
2.0100e+03,1.3273e-01,2.4858e+00,5.0030e+00,1.2617e+00,1.0259e-01
2.0200e+03,1.3132e-01,2.4845e+00,5.0030e+00,1.2630e+00,1.0272e-01
2.0300e+03,1.2993e-01,2.4832e+00,5.0030e+00,1.2642e+00,1.0284e-01
2.0400e+03,1.2855e-01,2.4820e+00,5.0030e+00,1.2655e+00,1.0297e-01
2.0500e+03,1.2719e-01,2.4807e+00,5.0030e+00,1.2667e+00,1.0309e-01
2.0600e+03,1.2584e-01,2.4795e+00,5.0030e+00,1.2680e+00,1.0322e-01
2.0700e+03,1.2450e-01,2.4783e+00,5.0030e+00,1.2692e+00,1.0334e-01
2.0800e+03,1.2318e-01,2.4771e+00,5.0030e+00,1.2704e+00,1.0346e-01
2.0900e+03,1.2188e-01,2.4759e+00,5.0030e+00,1.2715e+00,1.0358e-01
2.1000e+03,1.2059e-01,2.4747e+00,5.0030e+00,1.2727e+00,1.0370e-01
2.1100e+03,1.1931e-01,2.4736e+00,5.0030e+00,1.2739e+00,1.0382e-01
2.1200e+03,1.1805e-01,2.4724e+00,5.0030e+00,1.2750e+00,1.0393e-01
2.1300e+03,1.1680e-01,2.4713e+00,5.0030e+00,1.2762e+00,1.0405e-01
2.1400e+03,1.1557e-01,2.4702e+00,5.0030e+00,1.2773e+00,1.0416e-01
2.1500e+03,1.1435e-01,2.4691e+00,5.0030e+00,1.2784e+00,1.0427e-01
2.1600e+03,1.1314e-01,2.4680e+00,5.0030e+00,1.2795e+00,1.0438e-01
2.1700e+03,1.1195e-01,2.4669e+00,5.0030e+00,1.2806e+00,1.0449e-01
2.1800e+03,1.1077e-01,2.4658e+00,5.0030e+00,1.2816e+00,1.0460e-01
2.1900e+03,1.0960e-01,2.4647e+00,5.0030e+00,1.2827e+00,1.0471e-01
2.2000e+03,1.0844e-01,2.4637e+00,5.0030e+00,1.2838e+00,1.0481e-01
2.2100e+03,1.0730e-01,2.4626e+00,5.0030e+00,1.2848e+00,1.0492e-01
2.2200e+03,1.0617e-01,2.4616e+00,5.0030e+00,1.2858e+00,1.0502e-01
2.2300e+03,1.0505e-01,2.4606e+00,5.0030e+00,1.2868e+00,1.0513e-01
2.2400e+03,1.0394e-01,2.4596e+00,5.0030e+00,1.2878e+00,1.0523e-01
2.2500e+03,1.0285e-01,2.4586e+00,5.0030e+00,1.2888e+00,1.0533e-01
2.2600e+03,1.0177e-01,2.4576e+00,5.0030e+00,1.2898e+00,1.0543e-01
2.2700e+03,1.0070e-01,2.4566e+00,5.0030e+00,1.2908e+00,1.0553e-01
2.2800e+03,9.9639e-02,2.4557e+00,5.0030e+00,1.2917e+00,1.0563e-01
2.2900e+03,9.8592e-02,2.4547e+00,5.0030e+00,1.2927e+00,1.0572e-01
2.3000e+03,9.7556e-02,2.4538e+00,5.0030e+00,1.2936e+00,1.0582e-01
2.3100e+03,9.6531e-02,2.4528e+00,5.0030e+00,1.2946e+00,1.0591e-01
2.3200e+03,9.5518e-02,2.4519e+00,5.0030e+00,1.2955e+00,1.0601e-01
2.3300e+03,9.4515e-02,2.4510e+00,5.0030e+00,1.2964e+00,1.0610e-01
2.3400e+03,9.3524e-02,2.4501e+00,5.0030e+00,1.2973e+00,1.0619e-01
2.3500e+03,9.2543e-02,2.4492e+00,5.0030e+00,1.2982e+00,1.0628e-01
2.3600e+03,9.1572e-02,2.4483e+00,5.0030e+00,1.2991e+00,1.0637e-01
2.3700e+03,9.0613e-02,2.4475e+00,5.0030e+00,1.2999e+00,1.0646e-01
2.3800e+03,8.9663e-02,2.4466e+00,5.0030e+00,1.3008e+00,1.0655e-01
2.3900e+03,8.8724e-02,2.4457e+00,5.0030e+00,1.3016e+00,1.0664e-01
2.4000e+03,8.7795e-02,2.4449e+00,5.0030e+00,1.3025e+00,1.0672e-01
2.4100e+03,8.6876e-02,2.4441e+00,5.0030e+00,1.3033e+00,1.0681e-01
2.4200e+03,8.5966e-02,2.4432e+00,5.0030e+00,1.3041e+00,1.0689e-01
2.4300e+03,8.5067e-02,2.4424e+00,5.0030e+00,1.3050e+00,1.0698e-01
2.4400e+03,8.4177e-02,2.4416e+00,5.0030e+00,1.3058e+00,1.0706e-01
2.4500e+03,8.3297e-02,2.4408e+00,5.0030e+00,1.3066e+00,1.0714e-01
2.4600e+03,8.2426e-02,2.4400e+00,5.0030e+00,1.3074e+00,1.0722e-01
2.4700e+03,8.1565e-02,2.4392e+00,5.0030e+00,1.3081e+00,1.0730e-01
2.4800e+03,8.0713e-02,2.4385e+00,5.0030e+00,1.3089e+00,1.0738e-01
2.4900e+03,7.9870e-02,2.4377e+00,5.0030e+00,1.3097e+00,1.0746e-01
2.5000e+03,7.9036e-02,2.4369e+00,5.0030e+00,1.3104e+00,1.0754e-01
2.5100e+03,7.8211e-02,2.4362e+00,5.0030e+00,1.3112e+00,1.0761e-01
2.5200e+03,7.7394e-02,2.4355e+00,5.0030e+00,1.3119e+00,1.0769e-01
2.5300e+03,7.6587e-02,2.4347e+00,5.0030e+00,1.3127e+00,1.0777e-01
2.5400e+03,7.5788e-02,2.4340e+00,5.0030e+00,1.3134e+00,1.0784e-01
2.5500e+03,7.4998e-02,2.4333e+00,5.0030e+00,1.3141e+00,1.0791e-01
2.5600e+03,7.4216e-02,2.4326e+00,5.0030e+00,1.3148e+00,1.0799e-01
2.5700e+03,7.3442e-02,2.4319e+00,5.0030e+00,1.3155e+00,1.0806e-01
2.5800e+03,7.2677e-02,2.4312e+00,5.0030e+00,1.3162e+00,1.0813e-01
2.5900e+03,7.1920e-02,2.4305e+00,5.0030e+00,1.3169e+00,1.0820e-01
2.6000e+03,7.1171e-02,2.4298e+00,5.0030e+00,1.3176e+00,1.0827e-01
2.6100e+03,7.0430e-02,2.4291e+00,5.0030e+00,1.3182e+00,1.0834e-01
2.6200e+03,6.9697e-02,2.4285e+00,5.0030e+00,1.3189e+00,1.0841e-01
2.6300e+03,6.8971e-02,2.4278e+00,5.0030e+00,1.3196e+00,1.0848e-01
2.6400e+03,6.8254e-02,2.4271e+00,5.0030e+00,1.3202e+00,1.0854e-01
2.6500e+03,6.7544e-02,2.4265e+00,5.0030e+00,1.3209e+00,1.0861e-01
2.6600e+03,6.6841e-02,2.4259e+00,5.0030e+00,1.3215e+00,1.0867e-01
2.6700e+03,6.6146e-02,2.4252e+00,5.0030e+00,1.3221e+00,1.0874e-01
2.6800e+03,6.5459e-02,2.4246e+00,5.0030e+00,1.3227e+00,1.0880e-01
2.6900e+03,6.4778e-02,2.4240e+00,5.0030e+00,1.3234e+00,1.0887e-01
2.7000e+03,6.4105e-02,2.4234e+00,5.0030e+00,1.3240e+00,1.0893e-01
2.7100e+03,6.3439e-02,2.4228e+00,5.0030e+00,1.3246e+00,1.0899e-01
2.7200e+03,6.2781e-02,2.4222e+00,5.0030e+00,1.3252e+00,1.0905e-01
2.7300e+03,6.2129e-02,2.4216e+00,5.0030e+00,1.3258e+00,1.0912e-01
2.7400e+03,6.1484e-02,2.4210e+00,5.0030e+00,1.3263e+00,1.0918e-01
2.7500e+03,6.0846e-02,2.4204e+00,5.0030e+00,1.3269e+00,1.0924e-01
2.7600e+03,6.0214e-02,2.4198e+00,5.0030e+00,1.3275e+00,1.0929e-01
2.7700e+03,5.9589e-02,2.4193e+00,5.0030e+00,1.3281e+00,1.0935e-01
2.7800e+03,5.8971e-02,2.4187e+00,5.0030e+00,1.3286e+00,1.0941e-01
2.7900e+03,5.8360e-02,2.4182e+00,5.0030e+00,1.3292e+00,1.0947e-01
2.8000e+03,5.7755e-02,2.4176e+00,5.0030e+00,1.3297e+00,1.0952e-01
2.8100e+03,5.7156e-02,2.4171e+00,5.0030e+00,1.3303e+00,1.0958e-01
2.8200e+03,5.6564e-02,2.4165e+00,5.0030e+00,1.3308e+00,1.0964e-01
2.8300e+03,5.5977e-02,2.4160e+00,5.0030e+00,1.3313e+00,1.0969e-01
2.8400e+03,5.5398e-02,2.4155e+00,5.0030e+00,1.3319e+00,1.0975e-01
2.8500e+03,5.4824e-02,2.4150e+00,5.0030e+00,1.3324e+00,1.0980e-01
2.8600e+03,5.4256e-02,2.4144e+00,5.0030e+00,1.3329e+00,1.0985e-01
2.8700e+03,5.3694e-02,2.4139e+00,5.0030e+00,1.3334e+00,1.0991e-01
2.8800e+03,5.3138e-02,2.4134e+00,5.0030e+00,1.3339e+00,1.0996e-01
2.8900e+03,5.2588e-02,2.4129e+00,5.0030e+00,1.3344e+00,1.1001e-01
2.9000e+03,5.2044e-02,2.4124e+00,5.0030e+00,1.3349e+00,1.1006e-01
2.9100e+03,5.1506e-02,2.4119e+00,5.0030e+00,1.3354e+00,1.1011e-01
2.9200e+03,5.0973e-02,2.4115e+00,5.0030e+00,1.3359e+00,1.1016e-01
2.9300e+03,5.0446e-02,2.4110e+00,5.0030e+00,1.3364e+00,1.1021e-01
2.9400e+03,4.9924e-02,2.4105e+00,5.0030e+00,1.3368e+00,1.1026e-01
2.9500e+03,4.9408e-02,2.4100e+00,5.0030e+00,1.3373e+00,1.1031e-01
2.9600e+03,4.8897e-02,2.4096e+00,5.0030e+00,1.3378e+00,1.1036e-01
2.9700e+03,4.8391e-02,2.4091e+00,5.0030e+00,1.3382e+00,1.1040e-01
2.9800e+03,4.7891e-02,2.4087e+00,5.0030e+00,1.3387e+00,1.1045e-01
2.9900e+03,4.7397e-02,2.4082e+00,5.0030e+00,1.3391e+00,1.1050e-01
3.0000e+03,4.6907e-02,2.4078e+00,5.0030e+00,1.3396e+00,1.1054e-01
3.0100e+03,4.6422e-02,2.4073e+00,5.0030e+00,1.3400e+00,1.1059e-01
3.0200e+03,4.5943e-02,2.4069e+00,5.0030e+00,1.3404e+00,1.1063e-01
3.0300e+03,4.5469e-02,2.4065e+00,5.0030e+00,1.3409e+00,1.1068e-01
3.0400e+03,4.4999e-02,2.4060e+00,5.0030e+00,1.3413e+00,1.1072e-01
3.0500e+03,4.4535e-02,2.4056e+00,5.0030e+00,1.3417e+00,1.1077e-01
3.0600e+03,4.4075e-02,2.4052e+00,5.0030e+00,1.3421e+00,1.1081e-01
3.0700e+03,4.3620e-02,2.4048e+00,5.0030e+00,1.3425e+00,1.1085e-01
3.0800e+03,4.3170e-02,2.4044e+00,5.0030e+00,1.3429e+00,1.1089e-01
3.0900e+03,4.2725e-02,2.4040e+00,5.0030e+00,1.3433e+00,1.1094e-01
3.1000e+03,4.2284e-02,2.4036e+00,5.0030e+00,1.3437e+00,1.1098e-01
3.1100e+03,4.1848e-02,2.4032e+00,5.0030e+00,1.3441e+00,1.1102e-01
3.1200e+03,4.1416e-02,2.4028e+00,5.0030e+00,1.3445e+00,1.1106e-01
3.1300e+03,4.0989e-02,2.4024e+00,5.0030e+00,1.3449e+00,1.1110e-01
3.1400e+03,4.0567e-02,2.4020e+00,5.0030e+00,1.3453e+00,1.1114e-01
3.1500e+03,4.0149e-02,2.4016e+00,5.0030e+00,1.3457e+00,1.1118e-01
3.1600e+03,3.9735e-02,2.4013e+00,5.0030e+00,1.3461e+00,1.1122e-01
3.1700e+03,3.9325e-02,2.4009e+00,5.0030e+00,1.3464e+00,1.1126e-01
3.1800e+03,3.8920e-02,2.4005e+00,5.0030e+00,1.3468e+00,1.1130e-01
3.1900e+03,3.8519e-02,2.4002e+00,5.0030e+00,1.3472e+00,1.1133e-01
3.2000e+03,3.8123e-02,2.3998e+00,5.0030e+00,1.3475e+00,1.1137e-01
3.2100e+03,3.7730e-02,2.3994e+00,5.0030e+00,1.3479e+00,1.1141e-01
3.2200e+03,3.7341e-02,2.3991e+00,5.0030e+00,1.3482e+00,1.1144e-01
3.2300e+03,3.6957e-02,2.3987e+00,5.0030e+00,1.3486e+00,1.1148e-01
3.2400e+03,3.6576e-02,2.3984e+00,5.0030e+00,1.3489e+00,1.1152e-01
3.2500e+03,3.6200e-02,2.3980e+00,5.0030e+00,1.3493e+00,1.1155e-01
3.2600e+03,3.5827e-02,2.3977e+00,5.0030e+00,1.3496e+00,1.1159e-01
3.2700e+03,3.5459e-02,2.3974e+00,5.0030e+00,1.3499e+00,1.1162e-01
3.2800e+03,3.5094e-02,2.3970e+00,5.0030e+00,1.3503e+00,1.1166e-01
3.2900e+03,3.4733e-02,2.3967e+00,5.0030e+00,1.3506e+00,1.1169e-01
3.3000e+03,3.4375e-02,2.3964e+00,5.0030e+00,1.3509e+00,1.1172e-01
3.3100e+03,3.4022e-02,2.3961e+00,5.0030e+00,1.3512e+00,1.1176e-01
3.3200e+03,3.3672e-02,2.3958e+00,5.0030e+00,1.3515e+00,1.1179e-01
3.3300e+03,3.3326e-02,2.3954e+00,5.0030e+00,1.3519e+00,1.1182e-01
3.3400e+03,3.2983e-02,2.3951e+00,5.0030e+00,1.3522e+00,1.1186e-01
3.3500e+03,3.2644e-02,2.3948e+00,5.0030e+00,1.3525e+00,1.1189e-01
3.3600e+03,3.2308e-02,2.3945e+00,5.0030e+00,1.3528e+00,1.1192e-01
3.3700e+03,3.1976e-02,2.3942e+00,5.0030e+00,1.3531e+00,1.1195e-01
3.3800e+03,3.1647e-02,2.3939e+00,5.0030e+00,1.3534e+00,1.1198e-01
3.3900e+03,3.1322e-02,2.3936e+00,5.0030e+00,1.3537e+00,1.1201e-01
3.4000e+03,3.1000e-02,2.3933e+00,5.0030e+00,1.3540e+00,1.1204e-01
3.4100e+03,3.0682e-02,2.3930e+00,5.0030e+00,1.3543e+00,1.1207e-01
3.4200e+03,3.0367e-02,2.3928e+00,5.0030e+00,1.3545e+00,1.1210e-01
3.4300e+03,3.0055e-02,2.3925e+00,5.0030e+00,1.3548e+00,1.1213e-01
3.4400e+03,2.9746e-02,2.3922e+00,5.0030e+00,1.3551e+00,1.1216e-01
3.4500e+03,2.9440e-02,2.3919e+00,5.0030e+00,1.3554e+00,1.1219e-01
3.4600e+03,2.9138e-02,2.3916e+00,5.0030e+00,1.3557e+00,1.1222e-01
3.4700e+03,2.8839e-02,2.3914e+00,5.0030e+00,1.3559e+00,1.1225e-01
3.4800e+03,2.8543e-02,2.3911e+00,5.0030e+00,1.3562e+00,1.1228e-01
3.4900e+03,2.8250e-02,2.3908e+00,5.0030e+00,1.3565e+00,1.1230e-01
3.5000e+03,2.7960e-02,2.3906e+00,5.0030e+00,1.3567e+00,1.1233e-01
3.5100e+03,2.7673e-02,2.3903e+00,5.0030e+00,1.3570e+00,1.1236e-01
3.5200e+03,2.7389e-02,2.3901e+00,5.0030e+00,1.3572e+00,1.1239e-01
3.5300e+03,2.7108e-02,2.3898e+00,5.0030e+00,1.3575e+00,1.1241e-01
3.5400e+03,2.6829e-02,2.3895e+00,5.0030e+00,1.3577e+00,1.1244e-01
3.5500e+03,2.6554e-02,2.3893e+00,5.0030e+00,1.3580e+00,1.1246e-01
3.5600e+03,2.6282e-02,2.3890e+00,5.0030e+00,1.3582e+00,1.1249e-01
3.5700e+03,2.6012e-02,2.3888e+00,5.0030e+00,1.3585e+00,1.1252e-01
3.5800e+03,2.5745e-02,2.3886e+00,5.0030e+00,1.3587e+00,1.1254e-01
3.5900e+03,2.5481e-02,2.3883e+00,5.0030e+00,1.3590e+00,1.1257e-01
3.6000e+03,2.5220e-02,2.3881e+00,5.0030e+00,1.3592e+00,1.1259e-01
3.6100e+03,2.4961e-02,2.3879e+00,5.0030e+00,1.3594e+00,1.1262e-01
3.6200e+03,2.4705e-02,2.3876e+00,5.0030e+00,1.3597e+00,1.1264e-01
3.6300e+03,2.4452e-02,2.3874e+00,5.0030e+00,1.3599e+00,1.1266e-01
3.6400e+03,2.4201e-02,2.3872e+00,5.0030e+00,1.3601e+00,1.1269e-01
3.6500e+03,2.3953e-02,2.3869e+00,5.0030e+00,1.3603e+00,1.1271e-01
3.6600e+03,2.3708e-02,2.3867e+00,5.0030e+00,1.3606e+00,1.1273e-01
3.6700e+03,2.3465e-02,2.3865e+00,5.0030e+00,1.3608e+00,1.1276e-01
3.6800e+03,2.3224e-02,2.3863e+00,5.0030e+00,1.3610e+00,1.1278e-01
3.6900e+03,2.2986e-02,2.3861e+00,5.0030e+00,1.3612e+00,1.1280e-01
3.7000e+03,2.2751e-02,2.3858e+00,5.0030e+00,1.3614e+00,1.1282e-01
3.7100e+03,2.2517e-02,2.3856e+00,5.0030e+00,1.3616e+00,1.1285e-01
3.7200e+03,2.2287e-02,2.3854e+00,5.0030e+00,1.3619e+00,1.1287e-01
3.7300e+03,2.2058e-02,2.3852e+00,5.0030e+00,1.3621e+00,1.1289e-01
3.7400e+03,2.1832e-02,2.3850e+00,5.0030e+00,1.3623e+00,1.1291e-01
3.7500e+03,2.1609e-02,2.3848e+00,5.0030e+00,1.3625e+00,1.1293e-01
3.7600e+03,2.1387e-02,2.3846e+00,5.0030e+00,1.3627e+00,1.1295e-01
3.7700e+03,2.1168e-02,2.3844e+00,5.0030e+00,1.3629e+00,1.1297e-01
3.7800e+03,2.0952e-02,2.3842e+00,5.0030e+00,1.3631e+00,1.1300e-01
3.7900e+03,2.0737e-02,2.3840e+00,5.0030e+00,1.3633e+00,1.1302e-01
3.8000e+03,2.0525e-02,2.3838e+00,5.0030e+00,1.3634e+00,1.1304e-01
3.8100e+03,2.0315e-02,2.3836e+00,5.0030e+00,1.3636e+00,1.1306e-01
3.8200e+03,2.0107e-02,2.3834e+00,5.0030e+00,1.3638e+00,1.1308e-01
3.8300e+03,1.9901e-02,2.3833e+00,5.0030e+00,1.3640e+00,1.1310e-01
3.8400e+03,1.9697e-02,2.3831e+00,5.0030e+00,1.3642e+00,1.1311e-01
3.8500e+03,1.9495e-02,2.3829e+00,5.0030e+00,1.3644e+00,1.1313e-01
3.8600e+03,1.9296e-02,2.3827e+00,5.0030e+00,1.3646e+00,1.1315e-01
3.8700e+03,1.9098e-02,2.3825e+00,5.0030e+00,1.3647e+00,1.1317e-01
3.8800e+03,1.8903e-02,2.3824e+00,5.0030e+00,1.3649e+00,1.1319e-01
3.8900e+03,1.8709e-02,2.3822e+00,5.0030e+00,1.3651e+00,1.1321e-01
3.9000e+03,1.8518e-02,2.3820e+00,5.0030e+00,1.3653e+00,1.1323e-01
3.9100e+03,1.8329e-02,2.3818e+00,5.0030e+00,1.3654e+00,1.1324e-01
3.9200e+03,1.8141e-02,2.3817e+00,5.0030e+00,1.3656e+00,1.1326e-01
3.9300e+03,1.7955e-02,2.3815e+00,5.0030e+00,1.3658e+00,1.1328e-01
3.9400e+03,1.7772e-02,2.3813e+00,5.0030e+00,1.3659e+00,1.1330e-01
3.9500e+03,1.7590e-02,2.3812e+00,5.0030e+00,1.3661e+00,1.1331e-01
3.9600e+03,1.7410e-02,2.3810e+00,5.0030e+00,1.3663e+00,1.1333e-01
3.9700e+03,1.7232e-02,2.3808e+00,5.0030e+00,1.3664e+00,1.1335e-01
3.9800e+03,1.7056e-02,2.3807e+00,5.0030e+00,1.3666e+00,1.1337e-01
3.9900e+03,1.6881e-02,2.3805e+00,5.0030e+00,1.3667e+00,1.1338e-01
4.0000e+03,1.6709e-02,2.3804e+00,5.0030e+00,1.3669e+00,1.1340e-01
4.0100e+03,1.6538e-02,2.3802e+00,5.0030e+00,1.3671e+00,1.1341e-01
4.0200e+03,1.6369e-02,2.3801e+00,5.0030e+00,1.3672e+00,1.1343e-01
4.0300e+03,1.6201e-02,2.3799e+00,5.0030e+00,1.3674e+00,1.1345e-01
4.0400e+03,1.6036e-02,2.3798e+00,5.0030e+00,1.3675e+00,1.1346e-01
4.0500e+03,1.5872e-02,2.3796e+00,5.0030e+00,1.3677e+00,1.1348e-01
4.0600e+03,1.5709e-02,2.3795e+00,5.0030e+00,1.3678e+00,1.1349e-01
4.0700e+03,1.5549e-02,2.3793e+00,5.0030e+00,1.3680e+00,1.1351e-01
4.0800e+03,1.5390e-02,2.3792e+00,5.0030e+00,1.3681e+00,1.1352e-01
4.0900e+03,1.5233e-02,2.3790e+00,5.0030e+00,1.3682e+00,1.1354e-01
4.1000e+03,1.5077e-02,2.3789e+00,5.0030e+00,1.3684e+00,1.1355e-01
4.1100e+03,1.4923e-02,2.3787e+00,5.0030e+00,1.3685e+00,1.1357e-01
4.1200e+03,1.4770e-02,2.3786e+00,5.0030e+00,1.3687e+00,1.1358e-01
4.1300e+03,1.4619e-02,2.3785e+00,5.0030e+00,1.3688e+00,1.1360e-01
4.1400e+03,1.4470e-02,2.3783e+00,5.0030e+00,1.3689e+00,1.1361e-01
4.1500e+03,1.4322e-02,2.3782e+00,5.0030e+00,1.3691e+00,1.1363e-01
4.1600e+03,1.4176e-02,2.3781e+00,5.0030e+00,1.3692e+00,1.1364e-01
4.1700e+03,1.4031e-02,2.3779e+00,5.0030e+00,1.3693e+00,1.1365e-01
4.1800e+03,1.3888e-02,2.3778e+00,5.0030e+00,1.3695e+00,1.1367e-01
4.1900e+03,1.3746e-02,2.3777e+00,5.0030e+00,1.3696e+00,1.1368e-01
4.2000e+03,1.3605e-02,2.3776e+00,5.0030e+00,1.3697e+00,1.1369e-01
4.2100e+03,1.3466e-02,2.3774e+00,5.0030e+00,1.3698e+00,1.1371e-01
4.2200e+03,1.3329e-02,2.3773e+00,5.0030e+00,1.3700e+00,1.1372e-01
4.2300e+03,1.3193e-02,2.3772e+00,5.0030e+00,1.3701e+00,1.1373e-01
4.2400e+03,1.3058e-02,2.3771e+00,5.0030e+00,1.3702e+00,1.1375e-01
4.2500e+03,1.2924e-02,2.3769e+00,5.0030e+00,1.3703e+00,1.1376e-01
4.2600e+03,1.2792e-02,2.3768e+00,5.0030e+00,1.3704e+00,1.1377e-01
4.2700e+03,1.2662e-02,2.3767e+00,5.0030e+00,1.3706e+00,1.1378e-01
4.2800e+03,1.2533e-02,2.3766e+00,5.0030e+00,1.3707e+00,1.1380e-01
4.2900e+03,1.2405e-02,2.3765e+00,5.0030e+00,1.3708e+00,1.1381e-01
4.3000e+03,1.2278e-02,2.3763e+00,5.0030e+00,1.3709e+00,1.1382e-01
4.3100e+03,1.2153e-02,2.3762e+00,5.0030e+00,1.3710e+00,1.1383e-01
4.3200e+03,1.2028e-02,2.3761e+00,5.0030e+00,1.3711e+00,1.1384e-01
4.3300e+03,1.1906e-02,2.3760e+00,5.0030e+00,1.3712e+00,1.1386e-01
4.3400e+03,1.1784e-02,2.3759e+00,5.0030e+00,1.3714e+00,1.1387e-01
4.3500e+03,1.1664e-02,2.3758e+00,5.0030e+00,1.3715e+00,1.1388e-01
4.3600e+03,1.1545e-02,2.3757e+00,5.0030e+00,1.3716e+00,1.1389e-01
4.3700e+03,1.1427e-02,2.3756e+00,5.0030e+00,1.3717e+00,1.1390e-01
4.3800e+03,1.1310e-02,2.3755e+00,5.0030e+00,1.3718e+00,1.1391e-01
4.3900e+03,1.1195e-02,2.3754e+00,5.0030e+00,1.3719e+00,1.1392e-01
4.4000e+03,1.1080e-02,2.3753e+00,5.0030e+00,1.3720e+00,1.1393e-01
4.4100e+03,1.0967e-02,2.3752e+00,5.0030e+00,1.3721e+00,1.1394e-01
4.4200e+03,1.0855e-02,2.3751e+00,5.0030e+00,1.3722e+00,1.1396e-01
4.4300e+03,1.0745e-02,2.3750e+00,5.0030e+00,1.3723e+00,1.1397e-01
4.4400e+03,1.0635e-02,2.3749e+00,5.0030e+00,1.3724e+00,1.1398e-01
4.4500e+03,1.0526e-02,2.3748e+00,5.0030e+00,1.3725e+00,1.1399e-01
4.4600e+03,1.0419e-02,2.3747e+00,5.0030e+00,1.3726e+00,1.1400e-01
4.4700e+03,1.0313e-02,2.3746e+00,5.0030e+00,1.3727e+00,1.1401e-01
4.4800e+03,1.0207e-02,2.3745e+00,5.0030e+00,1.3728e+00,1.1402e-01
4.4900e+03,1.0103e-02,2.3744e+00,5.0030e+00,1.3729e+00,1.1403e-01
4.5000e+03,1.0000e-02,2.3743e+00,5.0030e+00,1.3730e+00,1.1404e-01
4.5100e+03,9.8982e-03,2.3742e+00,5.0030e+00,1.3731e+00,1.1405e-01
4.5200e+03,9.7972e-03,2.3741e+00,5.0030e+00,1.3732e+00,1.1406e-01
4.5300e+03,9.6973e-03,2.3740e+00,5.0030e+00,1.3732e+00,1.1407e-01
4.5400e+03,9.5983e-03,2.3739e+00,5.0030e+00,1.3733e+00,1.1408e-01
4.5500e+03,9.5004e-03,2.3738e+00,5.0030e+00,1.3734e+00,1.1408e-01
4.5600e+03,9.4035e-03,2.3737e+00,5.0030e+00,1.3735e+00,1.1409e-01
4.5700e+03,9.3076e-03,2.3737e+00,5.0030e+00,1.3736e+00,1.1410e-01
4.5800e+03,9.2126e-03,2.3736e+00,5.0030e+00,1.3737e+00,1.1411e-01
4.5900e+03,9.1187e-03,2.3735e+00,5.0030e+00,1.3738e+00,1.1412e-01
4.6000e+03,9.0256e-03,2.3734e+00,5.0030e+00,1.3739e+00,1.1413e-01
4.6100e+03,8.9336e-03,2.3733e+00,5.0030e+00,1.3739e+00,1.1414e-01
4.6200e+03,8.8425e-03,2.3732e+00,5.0030e+00,1.3740e+00,1.1415e-01
4.6300e+03,8.7523e-03,2.3732e+00,5.0030e+00,1.3741e+00,1.1416e-01
4.6400e+03,8.6630e-03,2.3731e+00,5.0030e+00,1.3742e+00,1.1416e-01
4.6500e+03,8.5747e-03,2.3730e+00,5.0030e+00,1.3743e+00,1.1417e-01
4.6600e+03,8.4872e-03,2.3729e+00,5.0030e+00,1.3743e+00,1.1418e-01
4.6700e+03,8.4007e-03,2.3728e+00,5.0030e+00,1.3744e+00,1.1419e-01
4.6800e+03,8.3150e-03,2.3728e+00,5.0030e+00,1.3745e+00,1.1420e-01
4.6900e+03,8.2302e-03,2.3727e+00,5.0030e+00,1.3746e+00,1.1421e-01
4.7000e+03,8.1463e-03,2.3726e+00,5.0030e+00,1.3746e+00,1.1421e-01
4.7100e+03,8.0632e-03,2.3725e+00,5.0030e+00,1.3747e+00,1.1422e-01
4.7200e+03,7.9810e-03,2.3725e+00,5.0030e+00,1.3748e+00,1.1423e-01
4.7300e+03,7.8996e-03,2.3724e+00,5.0030e+00,1.3749e+00,1.1424e-01
4.7400e+03,7.8191e-03,2.3723e+00,5.0030e+00,1.3749e+00,1.1424e-01
4.7500e+03,7.7394e-03,2.3722e+00,5.0030e+00,1.3750e+00,1.1425e-01
4.7600e+03,7.6605e-03,2.3722e+00,5.0030e+00,1.3751e+00,1.1426e-01
4.7700e+03,7.5824e-03,2.3721e+00,5.0030e+00,1.3752e+00,1.1427e-01
4.7800e+03,7.5051e-03,2.3720e+00,5.0030e+00,1.3752e+00,1.1427e-01
4.7900e+03,7.4286e-03,2.3720e+00,5.0030e+00,1.3753e+00,1.1428e-01
4.8000e+03,7.3528e-03,2.3719e+00,5.0030e+00,1.3754e+00,1.1429e-01
4.8100e+03,7.2779e-03,2.3718e+00,5.0030e+00,1.3754e+00,1.1430e-01
4.8200e+03,7.2037e-03,2.3717e+00,5.0030e+00,1.3755e+00,1.1430e-01
4.8300e+03,7.1303e-03,2.3717e+00,5.0030e+00,1.3756e+00,1.1431e-01
4.8400e+03,7.0576e-03,2.3716e+00,5.0030e+00,1.3756e+00,1.1432e-01
4.8500e+03,6.9856e-03,2.3716e+00,5.0030e+00,1.3757e+00,1.1432e-01
4.8600e+03,6.9144e-03,2.3715e+00,5.0030e+00,1.3758e+00,1.1433e-01
4.8700e+03,6.8440e-03,2.3714e+00,5.0030e+00,1.3758e+00,1.1434e-01
4.8800e+03,6.7742e-03,2.3714e+00,5.0030e+00,1.3759e+00,1.1434e-01
4.8900e+03,6.7052e-03,2.3713e+00,5.0030e+00,1.3760e+00,1.1435e-01
4.9000e+03,6.6368e-03,2.3712e+00,5.0030e+00,1.3760e+00,1.1436e-01
4.9100e+03,6.5692e-03,2.3712e+00,5.0030e+00,1.3761e+00,1.1436e-01
4.9200e+03,6.5022e-03,2.3711e+00,5.0030e+00,1.3761e+00,1.1437e-01
4.9300e+03,6.4360e-03,2.3711e+00,5.0030e+00,1.3762e+00,1.1438e-01
4.9400e+03,6.3704e-03,2.3710e+00,5.0030e+00,1.3763e+00,1.1438e-01
4.9500e+03,6.3055e-03,2.3709e+00,5.0030e+00,1.3763e+00,1.1439e-01
4.9600e+03,6.2412e-03,2.3709e+00,5.0030e+00,1.3764e+00,1.1440e-01
4.9700e+03,6.1776e-03,2.3708e+00,5.0030e+00,1.3764e+00,1.1440e-01
4.9800e+03,6.1147e-03,2.3708e+00,5.0030e+00,1.3765e+00,1.1441e-01
4.9900e+03,6.0523e-03,2.3707e+00,5.0030e+00,1.3765e+00,1.1441e-01
5.0000e+03,5.9907e-03,2.3707e+00,5.0030e+00,1.3766e+00,1.1442e-01
5.0100e+03,5.9296e-03,2.3706e+00,5.0030e+00,1.3767e+00,1.1442e-01
5.0200e+03,5.8692e-03,2.3705e+00,5.0030e+00,1.3767e+00,1.1443e-01
5.0300e+03,5.8094e-03,2.3705e+00,5.0030e+00,1.3768e+00,1.1444e-01
5.0400e+03,5.7502e-03,2.3704e+00,5.0030e+00,1.3768e+00,1.1444e-01
5.0500e+03,5.6916e-03,2.3704e+00,5.0030e+00,1.3769e+00,1.1445e-01
5.0600e+03,5.6337e-03,2.3703e+00,5.0030e+00,1.3769e+00,1.1445e-01
5.0700e+03,5.5763e-03,2.3703e+00,5.0030e+00,1.3770e+00,1.1446e-01
5.0800e+03,5.5194e-03,2.3702e+00,5.0030e+00,1.3770e+00,1.1446e-01
5.0900e+03,5.4632e-03,2.3702e+00,5.0030e+00,1.3771e+00,1.1447e-01
5.1000e+03,5.4076e-03,2.3701e+00,5.0030e+00,1.3771e+00,1.1447e-01
