t,[L2M],[D],[L],[L2MD],[L2Ms]
0.0000e+00,1.5000e+00,5.2500e+00,1.7500e+01,0.0000e+00,0.0000e+00
1.0000e+01,1.4899e+00,5.2412e+00,1.7501e+01,8.8230e-03,4.2050e-04
2.0000e+01,1.4807e+00,5.2324e+00,1.7501e+01,1.7597e-02,8.3936e-04
3.0000e+01,1.4716e+00,5.2237e+00,1.7501e+01,2.6302e-02,1.2556e-03
4.0000e+01,1.4625e+00,5.2150e+00,1.7501e+01,3.4940e-02,1.6694e-03
5.0000e+01,1.4536e+00,5.2065e+00,1.7501e+01,4.3511e-02,2.0806e-03
6.0000e+01,1.4446e+00,5.1979e+00,1.7501e+01,5.2015e-02,2.4893e-03
7.0000e+01,1.4358e+00,5.1895e+00,1.7501e+01,6.0454e-02,2.8954e-03
8.0000e+01,1.4270e+00,5.1811e+00,1.7501e+01,6.8827e-02,3.2992e-03
9.0000e+01,1.4183e+00,5.1728e+00,1.7501e+01,7.7136e-02,3.7004e-03
1.0000e+02,1.4097e+00,5.1646e+00,1.7501e+01,8.5381e-02,4.0992e-03
1.1000e+02,1.4011e+00,5.1564e+00,1.7501e+01,9.3564e-02,4.4956e-03
1.2000e+02,1.3926e+00,5.1482e+00,1.7501e+01,1.0168e-01,4.8896e-03
1.3000e+02,1.3841e+00,5.1402e+00,1.7501e+01,1.0974e-01,5.2812e-03
1.4000e+02,1.3757e+00,5.1322e+00,1.7501e+01,1.1774e-01,5.6704e-03
1.5000e+02,1.3674e+00,5.1242e+00,1.7501e+01,1.2567e-01,6.0573e-03
1.6000e+02,1.3592e+00,5.1164e+00,1.7501e+01,1.3355e-01,6.4419e-03
1.7000e+02,1.3510e+00,5.1085e+00,1.7501e+01,1.4137e-01,6.8241e-03
1.8000e+02,1.3428e+00,5.1008e+00,1.7501e+01,1.4912e-01,7.2040e-03
1.9000e+02,1.3347e+00,5.0931e+00,1.7501e+01,1.5682e-01,7.5817e-03
2.0000e+02,1.3267e+00,5.0854e+00,1.7501e+01,1.6447e-01,7.9571e-03
2.1000e+02,1.3188e+00,5.0778e+00,1.7501e+01,1.7205e-01,8.3303e-03
2.2000e+02,1.3109e+00,5.0703e+00,1.7501e+01,1.7958e-01,8.7012e-03
2.3000e+02,1.3030e+00,5.0628e+00,1.7501e+01,1.8705e-01,9.0699e-03
2.4000e+02,1.2952e+00,5.0554e+00,1.7501e+01,1.9447e-01,9.4364e-03
2.5000e+02,1.2875e+00,5.0480e+00,1.7501e+01,2.0183e-01,9.8007e-03
2.6000e+02,1.2798e+00,5.0407e+00,1.7501e+01,2.0914e-01,1.0163e-02
2.7000e+02,1.2722e+00,5.0335e+00,1.7501e+01,2.1639e-01,1.0523e-02
2.8000e+02,1.2647e+00,5.0263e+00,1.7501e+01,2.2359e-01,1.0881e-02
2.9000e+02,1.2572e+00,5.0191e+00,1.7501e+01,2.3074e-01,1.1237e-02
3.0000e+02,1.2497e+00,5.0120e+00,1.7501e+01,2.3783e-01,1.1590e-02
3.1000e+02,1.2423e+00,5.0050e+00,1.7501e+01,2.4488e-01,1.1942e-02
3.2000e+02,1.2350e+00,4.9980e+00,1.7501e+01,2.5187e-01,1.2291e-02
3.3000e+02,1.2277e+00,4.9910e+00,1.7501e+01,2.5881e-01,1.2639e-02
3.4000e+02,1.2205e+00,4.9841e+00,1.7501e+01,2.6570e-01,1.2984e-02
3.5000e+02,1.2133e+00,4.9773e+00,1.7501e+01,2.7254e-01,1.3327e-02
3.6000e+02,1.2061e+00,4.9705e+00,1.7501e+01,2.7933e-01,1.3669e-02
3.7000e+02,1.1991e+00,4.9638e+00,1.7501e+01,2.8608e-01,1.4008e-02
3.8000e+02,1.1920e+00,4.9571e+00,1.7501e+01,2.9277e-01,1.4345e-02
3.9000e+02,1.1850e+00,4.9504e+00,1.7501e+01,2.9942e-01,1.4681e-02
4.0000e+02,1.1781e+00,4.9438e+00,1.7501e+01,3.0601e-01,1.5014e-02
4.1000e+02,1.1712e+00,4.9372e+00,1.7501e+01,3.1256e-01,1.5346e-02
4.2000e+02,1.1644e+00,4.9307e+00,1.7501e+01,3.1907e-01,1.5675e-02
4.3000e+02,1.1576e+00,4.9243e+00,1.7501e+01,3.2553e-01,1.6003e-02
4.4000e+02,1.1509e+00,4.9179e+00,1.7501e+01,3.3194e-01,1.6329e-02
4.5000e+02,1.1442e+00,4.9115e+00,1.7501e+01,3.3830e-01,1.6653e-02
4.6000e+02,1.1375e+00,4.9052e+00,1.7501e+01,3.4463e-01,1.6974e-02
4.7000e+02,1.1309e+00,4.8989e+00,1.7501e+01,3.5090e-01,1.7295e-02
4.8000e+02,1.1244e+00,4.8927e+00,1.7501e+01,3.5713e-01,1.7613e-02
4.9000e+02,1.1179e+00,4.8865e+00,1.7501e+01,3.6332e-01,1.7929e-02
5.0000e+02,1.1114e+00,4.8803e+00,1.7501e+01,3.6947e-01,1.8244e-02
5.1000e+02,1.1050e+00,4.8742e+00,1.7501e+01,3.7557e-01,1.8557e-02
5.2000e+02,1.0986e+00,4.8681e+00,1.7501e+01,3.8163e-01,1.8868e-02
5.3000e+02,1.0923e+00,4.8621e+00,1.7501e+01,3.8765e-01,1.9177e-02
5.4000e+02,1.0860e+00,4.8561e+00,1.7501e+01,3.9362e-01,1.9484e-02
5.5000e+02,1.0798e+00,4.8502e+00,1.7501e+01,3.9956e-01,1.9790e-02
5.6000e+02,1.0736e+00,4.8443e+00,1.7501e+01,4.0545e-01,2.0094e-02
5.7000e+02,1.0674e+00,4.8385e+00,1.7501e+01,4.1130e-01,2.0396e-02
5.8000e+02,1.0613e+00,4.8326e+00,1.7501e+01,4.1711e-01,2.0696e-02
5.9000e+02,1.0553e+00,4.8269e+00,1.7501e+01,4.2288e-01,2.0995e-02
6.0000e+02,1.0492e+00,4.8211e+00,1.7501e+01,4.2861e-01,2.1292e-02
6.1000e+02,1.0433e+00,4.8154e+00,1.7501e+01,4.3430e-01,2.1587e-02
6.2000e+02,1.0373e+00,4.8098e+00,1.7501e+01,4.3996e-01,2.1881e-02
6.3000e+02,1.0314e+00,4.8042e+00,1.7501e+01,4.4557e-01,2.2173e-02
6.4000e+02,1.0255e+00,4.7986e+00,1.7501e+01,4.5115e-01,2.2463e-02
6.5000e+02,1.0197e+00,4.7930e+00,1.7501e+01,4.5668e-01,2.2752e-02
6.6000e+02,1.0139e+00,4.7875e+00,1.7501e+01,4.6218e-01,2.3039e-02
6.7000e+02,1.0082e+00,4.7821e+00,1.7501e+01,4.6765e-01,2.3324e-02
6.8000e+02,1.0025e+00,4.7767e+00,1.7501e+01,4.7307e-01,2.3608e-02
6.9000e+02,9.9679e-01,4.7713e+00,1.7501e+01,4.7846e-01,2.3890e-02
7.0000e+02,9.9116e-01,4.7659e+00,1.7501e+01,4.8381e-01,2.4171e-02
7.1000e+02,9.8556e-01,4.7606e+00,1.7501e+01,4.8913e-01,2.4450e-02
7.2000e+02,9.8001e-01,4.7553e+00,1.7501e+01,4.9441e-01,2.4728e-02
7.3000e+02,9.7449e-01,4.7501e+00,1.7501e+01,4.9965e-01,2.5003e-02
7.4000e+02,9.6900e-01,4.7448e+00,1.7501e+01,5.0486e-01,2.5278e-02
7.5000e+02,9.6355e-01,4.7397e+00,1.7501e+01,5.1004e-01,2.5551e-02
7.6000e+02,9.5814e-01,4.7345e+00,1.7501e+01,5.1518e-01,2.5822e-02
7.7000e+02,9.5277e-01,4.7294e+00,1.7501e+01,5.2029e-01,2.6092e-02
7.8000e+02,9.4743e-01,4.7243e+00,1.7501e+01,5.2536e-01,2.6360e-02
7.9000e+02,9.4212e-01,4.7193e+00,1.7501e+01,5.3039e-01,2.6627e-02
8.0000e+02,9.3685e-01,4.7143e+00,1.7501e+01,5.3540e-01,2.6892e-02
8.1000e+02,9.3162e-01,4.7093e+00,1.7501e+01,5.4037e-01,2.7156e-02
8.2000e+02,9.2642e-01,4.7044e+00,1.7501e+01,5.4531e-01,2.7418e-02
8.3000e+02,9.2125e-01,4.6995e+00,1.7501e+01,5.5022e-01,2.7679e-02
8.4000e+02,9.1612e-01,4.6946e+00,1.7501e+01,5.5509e-01,2.7938e-02
8.5000e+02,9.1102e-01,4.6897e+00,1.7501e+01,5.5993e-01,2.8196e-02
8.6000e+02,9.0595e-01,4.6849e+00,1.7501e+01,5.6474e-01,2.8453e-02
8.7000e+02,9.0092e-01,4.6802e+00,1.7501e+01,5.6952e-01,2.8708e-02
8.8000e+02,8.9592e-01,4.6754e+00,1.7501e+01,5.7426e-01,2.8961e-02
8.9000e+02,8.9095e-01,4.6707e+00,1.7501e+01,5.7898e-01,2.9214e-02
9.0000e+02,8.8601e-01,4.6660e+00,1.7501e+01,5.8366e-01,2.9464e-02
9.1000e+02,8.8111e-01,4.6613e+00,1.7501e+01,5.8832e-01,2.9714e-02
9.2000e+02,8.7624e-01,4.6567e+00,1.7501e+01,5.9294e-01,2.9962e-02
9.3000e+02,8.7140e-01,4.6521e+00,1.7501e+01,5.9754e-01,3.0209e-02
9.4000e+02,8.6659e-01,4.6476e+00,1.7501e+01,6.0210e-01,3.0454e-02
9.5000e+02,8.6181e-01,4.6430e+00,1.7501e+01,6.0663e-01,3.0698e-02
9.6000e+02,8.5706e-01,4.6385e+00,1.7501e+01,6.1114e-01,3.0941e-02
9.7000e+02,8.5235e-01,4.6340e+00,1.7501e+01,6.1562e-01,3.1182e-02
9.8000e+02,8.4766e-01,4.6296e+00,1.7501e+01,6.2006e-01,3.1422e-02
9.9000e+02,8.4300e-01,4.6252e+00,1.7501e+01,6.2448e-01,3.1661e-02
1.0000e+03,8.3837e-01,4.6208e+00,1.7501e+01,6.2887e-01,3.1898e-02
1.0100e+03,8.3378e-01,4.6164e+00,1.7501e+01,6.3323e-01,3.2135e-02
1.0200e+03,8.2921e-01,4.6121e+00,1.7501e+01,6.3757e-01,3.2369e-02
1.0300e+03,8.2467e-01,4.6078e+00,1.7501e+01,6.4187e-01,3.2603e-02
1.0400e+03,8.2016e-01,4.6035e+00,1.7501e+01,6.4615e-01,3.2835e-02
1.0500e+03,8.1567e-01,4.5992e+00,1.7501e+01,6.5040e-01,3.3066e-02
1.0600e+03,8.1122e-01,4.5950e+00,1.7501e+01,6.5463e-01,3.3296e-02
1.0700e+03,8.0679e-01,4.5908e+00,1.7501e+01,6.5883e-01,3.3524e-02
1.0800e+03,8.0240e-01,4.5866e+00,1.7501e+01,6.6300e-01,3.3752e-02
1.0900e+03,7.9803e-01,4.5825e+00,1.7501e+01,6.6714e-01,3.3978e-02
1.1000e+03,7.9368e-01,4.5784e+00,1.7501e+01,6.7126e-01,3.4202e-02
1.1100e+03,7.8937e-01,4.5743e+00,1.7501e+01,6.7535e-01,3.4426e-02
1.1200e+03,7.8508e-01,4.5702e+00,1.7501e+01,6.7942e-01,3.4648e-02
1.1300e+03,7.8082e-01,4.5661e+00,1.7501e+01,6.8346e-01,3.4869e-02
1.1400e+03,7.7658e-01,4.5621e+00,1.7501e+01,6.8747e-01,3.5089e-02
1.1500e+03,7.7237e-01,4.5581e+00,1.7501e+01,6.9146e-01,3.5308e-02
1.1600e+03,7.6819e-01,4.5542e+00,1.7501e+01,6.9543e-01,3.5526e-02
1.1700e+03,7.6403e-01,4.5502e+00,1.7501e+01,6.9937e-01,3.5742e-02
1.1800e+03,7.5990e-01,4.5463e+00,1.7501e+01,7.0328e-01,3.5957e-02
1.1900e+03,7.5580e-01,4.5424e+00,1.7501e+01,7.0717e-01,3.6171e-02
1.2000e+03,7.5172e-01,4.5385e+00,1.7501e+01,7.1104e-01,3.6384e-02
1.2100e+03,7.4766e-01,4.5347e+00,1.7501e+01,7.1488e-01,3.6596e-02
1.2200e+03,7.4364e-01,4.5309e+00,1.7501e+01,7.1870e-01,3.6806e-02
1.2300e+03,7.3963e-01,4.5271e+00,1.7501e+01,7.2250e-01,3.7016e-02
1.2400e+03,7.3565e-01,4.5233e+00,1.7501e+01,7.2627e-01,3.7224e-02
1.2500e+03,7.3170e-01,4.5196e+00,1.7501e+01,7.3002e-01,3.7432e-02
1.2600e+03,7.2777e-01,4.5158e+00,1.7501e+01,7.3374e-01,3.7638e-02
1.2700e+03,7.2386e-01,4.5121e+00,1.7501e+01,7.3744e-01,3.7843e-02
1.2800e+03,7.1998e-01,4.5085e+00,1.7501e+01,7.4112e-01,3.8047e-02
1.2900e+03,7.1612e-01,4.5048e+00,1.7501e+01,7.4478e-01,3.8249e-02
1.3000e+03,7.1228e-01,4.5012e+00,1.7501e+01,7.4841e-01,3.8451e-02
1.3100e+03,7.0847e-01,4.4975e+00,1.7501e+01,7.5202e-01,3.8652e-02
1.3200e+03,7.0468e-01,4.4940e+00,1.7501e+01,7.5561e-01,3.8851e-02
1.3300e+03,7.0091e-01,4.4904e+00,1.7501e+01,7.5918e-01,3.9050e-02
1.3400e+03,6.9717e-01,4.4868e+00,1.7501e+01,7.6272e-01,3.9247e-02
1.3500e+03,6.9345e-01,4.4833e+00,1.7501e+01,7.6625e-01,3.9444e-02
1.3600e+03,6.8975e-01,4.4798e+00,1.7501e+01,7.6975e-01,3.9639e-02
1.3700e+03,6.8608e-01,4.4763e+00,1.7501e+01,7.7323e-01,3.9834e-02
1.3800e+03,6.8243e-01,4.4729e+00,1.7501e+01,7.7669e-01,4.0027e-02
1.3900e+03,6.7879e-01,4.4694e+00,1.7501e+01,7.8013e-01,4.0219e-02
1.4000e+03,6.7519e-01,4.4660e+00,1.7501e+01,7.8355e-01,4.0410e-02
1.4100e+03,6.7160e-01,4.4626e+00,1.7501e+01,7.8694e-01,4.0601e-02
1.4200e+03,6.6803e-01,4.4592e+00,1.7501e+01,7.9032e-01,4.0790e-02
1.4300e+03,6.6449e-01,4.4559e+00,1.7501e+01,7.9368e-01,4.0978e-02
1.4400e+03,6.6097e-01,4.4525e+00,1.7501e+01,7.9701e-01,4.1165e-02
1.4500e+03,6.5746e-01,4.4492e+00,1.7501e+01,8.0033e-01,4.1351e-02
1.4600e+03,6.5398e-01,4.4459e+00,1.7501e+01,8.0362e-01,4.1537e-02
1.4700e+03,6.5052e-01,4.4426e+00,1.7501e+01,8.0690e-01,4.1721e-02
1.4800e+03,6.4708e-01,4.4394e+00,1.7501e+01,8.1016e-01,4.1904e-02
1.4900e+03,6.4366e-01,4.4361e+00,1.7501e+01,8.1339e-01,4.2087e-02
1.5000e+03,6.4027e-01,4.4329e+00,1.7501e+01,8.1661e-01,4.2268e-02
1.5100e+03,6.3689e-01,4.4297e+00,1.7501e+01,8.1981e-01,4.2448e-02
1.5200e+03,6.3353e-01,4.4265e+00,1.7501e+01,8.2299e-01,4.2628e-02
1.5300e+03,6.3019e-01,4.4234e+00,1.7501e+01,8.2615e-01,4.2806e-02
1.5400e+03,6.2687e-01,4.4202e+00,1.7501e+01,8.2929e-01,4.2984e-02
1.5500e+03,6.2357e-01,4.4171e+00,1.7501e+01,8.3241e-01,4.3161e-02
1.5600e+03,6.2030e-01,4.4140e+00,1.7501e+01,8.3551e-01,4.3336e-02
1.5700e+03,6.1704e-01,4.4109e+00,1.7501e+01,8.3860e-01,4.3511e-02
1.5800e+03,6.1380e-01,4.4079e+00,1.7501e+01,8.4166e-01,4.3685e-02
1.5900e+03,6.1057e-01,4.4048e+00,1.7501e+01,8.4471e-01,4.3858e-02
1.6000e+03,6.0737e-01,4.4018e+00,1.7501e+01,8.4774e-01,4.4030e-02
1.6100e+03,6.0419e-01,4.3988e+00,1.7501e+01,8.5075e-01,4.4201e-02
1.6200e+03,6.0102e-01,4.3958e+00,1.7501e+01,8.5375e-01,4.4371e-02
1.6300e+03,5.9788e-01,4.3928e+00,1.7501e+01,8.5673e-01,4.4541e-02
1.6400e+03,5.9475e-01,4.3898e+00,1.7501e+01,8.5969e-01,4.4709e-02
1.6500e+03,5.9164e-01,4.3869e+00,1.7501e+01,8.6263e-01,4.4877e-02
1.6600e+03,5.8855e-01,4.3839e+00,1.7501e+01,8.6555e-01,4.5044e-02
1.6700e+03,5.8547e-01,4.3810e+00,1.7501e+01,8.6846e-01,4.5209e-02
1.6800e+03,5.8242e-01,4.3781e+00,1.7501e+01,8.7135e-01,4.5374e-02
1.6900e+03,5.7938e-01,4.3753e+00,1.7501e+01,8.7422e-01,4.5539e-02
1.7000e+03,5.7636e-01,4.3724e+00,1.7501e+01,8.7708e-01,4.5702e-02
1.7100e+03,5.7336e-01,4.3696e+00,1.7501e+01,8.7992e-01,4.5864e-02
1.7200e+03,5.7037e-01,4.3667e+00,1.7501e+01,8.8274e-01,4.6026e-02
1.7300e+03,5.6741e-01,4.3639e+00,1.7501e+01,8.8555e-01,4.6187e-02
1.7400e+03,5.6446e-01,4.3611e+00,1.7501e+01,8.8834e-01,4.6347e-02
1.7500e+03,5.6152e-01,4.3584e+00,1.7501e+01,8.9112e-01,4.6506e-02
1.7600e+03,5.5861e-01,4.3556e+00,1.7501e+01,8.9387e-01,4.6664e-02
1.7700e+03,5.5571e-01,4.3529e+00,1.7501e+01,8.9662e-01,4.6821e-02
1.7800e+03,5.5282e-01,4.3501e+00,1.7501e+01,8.9934e-01,4.6978e-02
1.7900e+03,5.4996e-01,4.3474e+00,1.7501e+01,9.0205e-01,4.7134e-02
1.8000e+03,5.4711e-01,4.3447e+00,1.7501e+01,9.0475e-01,4.7289e-02
1.8100e+03,5.4427e-01,4.3421e+00,1.7501e+01,9.0743e-01,4.7443e-02
1.8200e+03,5.4146e-01,4.3394e+00,1.7501e+01,9.1009e-01,4.7596e-02
1.8300e+03,5.3866e-01,4.3367e+00,1.7501e+01,9.1274e-01,4.7749e-02
1.8400e+03,5.3587e-01,4.3341e+00,1.7501e+01,9.1537e-01,4.7901e-02
1.8500e+03,5.3310e-01,4.3315e+00,1.7501e+01,9.1799e-01,4.8052e-02
1.8600e+03,5.3035e-01,4.3289e+00,1.7501e+01,9.2059e-01,4.8202e-02
1.8700e+03,5.2761e-01,4.3263e+00,1.7501e+01,9.2318e-01,4.8352e-02
1.8800e+03,5.2489e-01,4.3237e+00,1.7501e+01,9.2575e-01,4.8500e-02
1.8900e+03,5.2219e-01,4.3212e+00,1.7501e+01,9.2831e-01,4.8648e-02
1.9000e+03,5.1950e-01,4.3186e+00,1.7501e+01,9.3085e-01,4.8795e-02
1.9100e+03,5.1682e-01,4.3161e+00,1.7501e+01,9.3338e-01,4.8942e-02
1.9200e+03,5.1416e-01,4.3136e+00,1.7501e+01,9.3589e-01,4.9087e-02
1.9300e+03,5.1152e-01,4.3111e+00,1.7501e+01,9.3839e-01,4.9232e-02
1.9400e+03,5.0889e-01,4.3086e+00,1.7501e+01,9.4088e-01,4.9377e-02
1.9500e+03,5.0627e-01,4.3061e+00,1.7501e+01,9.4335e-01,4.9520e-02
1.9600e+03,5.0367e-01,4.3036e+00,1.7501e+01,9.4581e-01,4.9663e-02
1.9700e+03,5.0109e-01,4.3012e+00,1.7501e+01,9.4825e-01,4.9805e-02
1.9800e+03,4.9852e-01,4.2988e+00,1.7501e+01,9.5068e-01,4.9946e-02
1.9900e+03,4.9596e-01,4.2964e+00,1.7501e+01,9.5310e-01,5.0086e-02
2.0000e+03,4.9342e-01,4.2940e+00,1.7501e+01,9.5550e-01,5.0226e-02
2.0100e+03,4.9089e-01,4.2916e+00,1.7501e+01,9.5789e-01,5.0365e-02
2.0200e+03,4.8838e-01,4.2892e+00,1.7501e+01,9.6026e-01,5.0504e-02
2.0300e+03,4.8588e-01,4.2868e+00,1.7501e+01,9.6262e-01,5.0641e-02
2.0400e+03,4.8339e-01,4.2845e+00,1.7501e+01,9.6497e-01,5.0778e-02
2.0500e+03,4.8092e-01,4.2821e+00,1.7501e+01,9.6731e-01,5.0915e-02
2.0600e+03,4.7847e-01,4.2798e+00,1.7501e+01,9.6963e-01,5.1050e-02
2.0700e+03,4.7602e-01,4.2775e+00,1.7501e+01,9.7194e-01,5.1185e-02
2.0800e+03,4.7359e-01,4.2752e+00,1.7501e+01,9.7423e-01,5.1319e-02
2.0900e+03,4.7118e-01,4.2729e+00,1.7501e+01,9.7651e-01,5.1453e-02
2.1000e+03,4.6877e-01,4.2707e+00,1.7501e+01,9.7878e-01,5.1586e-02
2.1100e+03,4.6639e-01,4.2684e+00,1.7501e+01,9.8104e-01,5.1718e-02
2.1200e+03,4.6401e-01,4.2662e+00,1.7501e+01,9.8328e-01,5.1849e-02
2.1300e+03,4.6165e-01,4.2639e+00,1.7501e+01,9.8552e-01,5.1980e-02
2.1400e+03,4.5930e-01,4.2617e+00,1.7501e+01,9.8773e-01,5.2110e-02
2.1500e+03,4.5696e-01,4.2595e+00,1.7501e+01,9.8994e-01,5.2240e-02
2.1600e+03,4.5464e-01,4.2573e+00,1.7501e+01,9.9214e-01,5.2368e-02
2.1700e+03,4.5233e-01,4.2551e+00,1.7501e+01,9.9432e-01,5.2497e-02
2.1800e+03,4.5003e-01,4.2529e+00,1.7501e+01,9.9649e-01,5.2624e-02
2.1900e+03,4.4775e-01,4.2508e+00,1.7501e+01,9.9865e-01,5.2751e-02
2.2000e+03,4.4548e-01,4.2486e+00,1.7501e+01,1.0008e+00,5.2877e-02
2.2100e+03,4.4322e-01,4.2465e+00,1.7501e+01,1.0029e+00,5.3003e-02
2.2200e+03,4.4097e-01,4.2444e+00,1.7501e+01,1.0050e+00,5.3128e-02
2.2300e+03,4.3873e-01,4.2423e+00,1.7501e+01,1.0072e+00,5.3252e-02
2.2400e+03,4.3651e-01,4.2402e+00,1.7501e+01,1.0093e+00,5.3376e-02
2.2500e+03,4.3430e-01,4.2381e+00,1.7501e+01,1.0113e+00,5.3499e-02
2.2600e+03,4.3211e-01,4.2360e+00,1.7501e+01,1.0134e+00,5.3621e-02
2.2700e+03,4.2992e-01,4.2339e+00,1.7501e+01,1.0155e+00,5.3743e-02
2.2800e+03,4.2775e-01,4.2319e+00,1.7501e+01,1.0175e+00,5.3864e-02
2.2900e+03,4.2558e-01,4.2298e+00,1.7501e+01,1.0196e+00,5.3985e-02
2.3000e+03,4.2344e-01,4.2278e+00,1.7501e+01,1.0216e+00,5.4105e-02
2.3100e+03,4.2130e-01,4.2258e+00,1.7501e+01,1.0236e+00,5.4224e-02
2.3200e+03,4.1917e-01,4.2238e+00,1.7501e+01,1.0256e+00,5.4343e-02
2.3300e+03,4.1706e-01,4.2218e+00,1.7501e+01,1.0276e+00,5.4461e-02
2.3400e+03,4.1495e-01,4.2198e+00,1.7501e+01,1.0296e+00,5.4579e-02
2.3500e+03,4.1286e-01,4.2178e+00,1.7501e+01,1.0316e+00,5.4696e-02
2.3600e+03,4.1078e-01,4.2159e+00,1.7501e+01,1.0335e+00,5.4812e-02
2.3700e+03,4.0871e-01,4.2139e+00,1.7501e+01,1.0355e+00,5.4928e-02
2.3800e+03,4.0666e-01,4.2120e+00,1.7501e+01,1.0374e+00,5.5043e-02
2.3900e+03,4.0461e-01,4.2100e+00,1.7501e+01,1.0394e+00,5.5158e-02
2.4000e+03,4.0258e-01,4.2081e+00,1.7501e+01,1.0413e+00,5.5272e-02
2.4100e+03,4.0055e-01,4.2062e+00,1.7501e+01,1.0432e+00,5.5385e-02
2.4200e+03,3.9854e-01,4.2043e+00,1.7501e+01,1.0451e+00,5.5498e-02
2.4300e+03,3.9654e-01,4.2024e+00,1.7501e+01,1.0470e+00,5.5611e-02
2.4400e+03,3.9455e-01,4.2005e+00,1.7501e+01,1.0489e+00,5.5723e-02
2.4500e+03,3.9257e-01,4.1987e+00,1.7501e+01,1.0507e+00,5.5834e-02
2.4600e+03,3.9060e-01,4.1968e+00,1.7501e+01,1.0526e+00,5.5945e-02
2.4700e+03,3.8864e-01,4.1949e+00,1.7501e+01,1.0544e+00,5.6055e-02
2.4800e+03,3.8669e-01,4.1931e+00,1.7501e+01,1.0563e+00,5.6164e-02
2.4900e+03,3.8475e-01,4.1913e+00,1.7501e+01,1.0581e+00,5.6273e-02
2.5000e+03,3.8283e-01,4.1895e+00,1.7501e+01,1.0599e+00,5.6382e-02
2.5100e+03,3.8091e-01,4.1876e+00,1.7501e+01,1.0617e+00,5.6490e-02
2.5200e+03,3.7901e-01,4.1858e+00,1.7501e+01,1.0635e+00,5.6597e-02
2.5300e+03,3.7711e-01,4.1841e+00,1.7501e+01,1.0653e+00,5.6704e-02
2.5400e+03,3.7522e-01,4.1823e+00,1.7501e+01,1.0671e+00,5.6810e-02
2.5500e+03,3.7335e-01,4.1805e+00,1.7501e+01,1.0689e+00,5.6916e-02
2.5600e+03,3.7148e-01,4.1787e+00,1.7501e+01,1.0706e+00,5.7021e-02
2.5700e+03,3.6963e-01,4.1770e+00,1.7501e+01,1.0724e+00,5.7126e-02
2.5800e+03,3.6778e-01,4.1753e+00,1.7501e+01,1.0741e+00,5.7230e-02
2.5900e+03,3.6595e-01,4.1735e+00,1.7501e+01,1.0759e+00,5.7334e-02
2.6000e+03,3.6412e-01,4.1718e+00,1.7501e+01,1.0776e+00,5.7437e-02
2.6100e+03,3.6231e-01,4.1701e+00,1.7501e+01,1.0793e+00,5.7540e-02
2.6200e+03,3.6050e-01,4.1684e+00,1.7501e+01,1.0810e+00,5.7642e-02
2.6300e+03,3.5870e-01,4.1667e+00,1.7501e+01,1.0827e+00,5.7744e-02
2.6400e+03,3.5692e-01,4.1650e+00,1.7501e+01,1.0844e+00,5.7845e-02
2.6500e+03,3.5514e-01,4.1633e+00,1.7501e+01,1.0861e+00,5.7946e-02
2.6600e+03,3.5337e-01,4.1617e+00,1.7501e+01,1.0877e+00,5.8046e-02
2.6700e+03,3.5161e-01,4.1600e+00,1.7501e+01,1.0894e+00,5.8145e-02
2.6800e+03,3.4987e-01,4.1583e+00,1.7501e+01,1.0910e+00,5.8244e-02
2.6900e+03,3.4813e-01,4.1567e+00,1.7501e+01,1.0927e+00,5.8343e-02
2.7000e+03,3.4640e-01,4.1551e+00,1.7501e+01,1.0943e+00,5.8441e-02
2.7100e+03,3.4468e-01,4.1534e+00,1.7501e+01,1.0959e+00,5.8539e-02
2.7200e+03,3.4296e-01,4.1518e+00,1.7501e+01,1.0975e+00,5.8636e-02
2.7300e+03,3.4126e-01,4.1502e+00,1.7501e+01,1.0991e+00,5.8733e-02
2.7400e+03,3.3957e-01,4.1486e+00,1.7501e+01,1.1007e+00,5.8829e-02
2.7500e+03,3.3788e-01,4.1470e+00,1.7501e+01,1.1023e+00,5.8925e-02
2.7600e+03,3.3621e-01,4.1455e+00,1.7501e+01,1.1039e+00,5.9020e-02
2.7700e+03,3.3454e-01,4.1439e+00,1.7501e+01,1.1055e+00,5.9115e-02
2.7800e+03,3.3288e-01,4.1423e+00,1.7501e+01,1.1071e+00,5.9209e-02
2.7900e+03,3.3123e-01,4.1408e+00,1.7501e+01,1.1086e+00,5.9303e-02
2.8000e+03,3.2959e-01,4.1392e+00,1.7501e+01,1.1102e+00,5.9397e-02
2.8100e+03,3.2796e-01,4.1377e+00,1.7501e+01,1.1117e+00,5.9490e-02
2.8200e+03,3.2634e-01,4.1361e+00,1.7501e+01,1.1132e+00,5.9582e-02
2.8300e+03,3.2473e-01,4.1346e+00,1.7501e+01,1.1147e+00,5.9674e-02
2.8400e+03,3.2312e-01,4.1331e+00,1.7501e+01,1.1163e+00,5.9766e-02
2.8500e+03,3.2152e-01,4.1316e+00,1.7501e+01,1.1178e+00,5.9857e-02
2.8600e+03,3.1993e-01,4.1301e+00,1.7501e+01,1.1193e+00,5.9947e-02
2.8700e+03,3.1835e-01,4.1286e+00,1.7501e+01,1.1208e+00,6.0038e-02
2.8800e+03,3.1678e-01,4.1271e+00,1.7501e+01,1.1222e+00,6.0127e-02
2.8900e+03,3.1522e-01,4.1256e+00,1.7501e+01,1.1237e+00,6.0217e-02
2.9000e+03,3.1366e-01,4.1242e+00,1.7501e+01,1.1252e+00,6.0306e-02
2.9100e+03,3.1211e-01,4.1227e+00,1.7501e+01,1.1266e+00,6.0394e-02
2.9200e+03,3.1057e-01,4.1213e+00,1.7501e+01,1.1281e+00,6.0482e-02
2.9300e+03,3.0904e-01,4.1198e+00,1.7501e+01,1.1295e+00,6.0570e-02
2.9400e+03,3.0752e-01,4.1184e+00,1.7501e+01,1.1310e+00,6.0657e-02
2.9500e+03,3.0600e-01,4.1170e+00,1.7501e+01,1.1324e+00,6.0744e-02
2.9600e+03,3.0450e-01,4.1155e+00,1.7501e+01,1.1338e+00,6.0830e-02
2.9700e+03,3.0300e-01,4.1141e+00,1.7501e+01,1.1352e+00,6.0916e-02
2.9800e+03,3.0151e-01,4.1127e+00,1.7501e+01,1.1366e+00,6.1001e-02
2.9900e+03,3.0002e-01,4.1113e+00,1.7501e+01,1.1380e+00,6.1086e-02
3.0000e+03,2.9855e-01,4.1099e+00,1.7501e+01,1.1394e+00,6.1171e-02
3.0100e+03,2.9708e-01,4.1085e+00,1.7501e+01,1.1408e+00,6.1255e-02
3.0200e+03,2.9562e-01,4.1072e+00,1.7501e+01,1.1422e+00,6.1339e-02
3.0300e+03,2.9417e-01,4.1058e+00,1.7501e+01,1.1436e+00,6.1422e-02
3.0400e+03,2.9272e-01,4.1044e+00,1.7501e+01,1.1449e+00,6.1505e-02
3.0500e+03,2.9128e-01,4.1031e+00,1.7501e+01,1.1463e+00,6.1588e-02
3.0600e+03,2.8985e-01,4.1017e+00,1.7501e+01,1.1476e+00,6.1670e-02
3.0700e+03,2.8843e-01,4.1004e+00,1.7501e+01,1.1490e+00,6.1752e-02
3.0800e+03,2.8701e-01,4.0990e+00,1.7501e+01,1.1503e+00,6.1833e-02
3.0900e+03,2.8561e-01,4.0977e+00,1.7501e+01,1.1516e+00,6.1914e-02
3.1000e+03,2.8421e-01,4.0964e+00,1.7501e+01,1.1529e+00,6.1995e-02
3.1100e+03,2.8281e-01,4.0951e+00,1.7501e+01,1.1543e+00,6.2075e-02
3.1200e+03,2.8143e-01,4.0938e+00,1.7501e+01,1.1556e+00,6.2154e-02
3.1300e+03,2.8005e-01,4.0925e+00,1.7501e+01,1.1569e+00,6.2234e-02
3.1400e+03,2.7868e-01,4.0912e+00,1.7501e+01,1.1582e+00,6.2313e-02
3.1500e+03,2.7731e-01,4.0899e+00,1.7501e+01,1.1594e+00,6.2391e-02
3.1600e+03,2.7595e-01,4.0886e+00,1.7501e+01,1.1607e+00,6.2470e-02
3.1700e+03,2.7460e-01,4.0873e+00,1.7501e+01,1.1620e+00,6.2547e-02
3.1800e+03,2.7326e-01,4.0861e+00,1.7501e+01,1.1633e+00,6.2625e-02
3.1900e+03,2.7192e-01,4.0848e+00,1.7501e+01,1.1645e+00,6.2702e-02
3.2000e+03,2.7059e-01,4.0836e+00,1.7501e+01,1.1658e+00,6.2779e-02
3.2100e+03,2.6927e-01,4.0823e+00,1.7501e+01,1.1670e+00,6.2855e-02
3.2200e+03,2.6795e-01,4.0811e+00,1.7501e+01,1.1683e+00,6.2931e-02
3.2300e+03,2.6665e-01,4.0798e+00,1.7501e+01,1.1695e+00,6.3007e-02
3.2400e+03,2.6534e-01,4.0786e+00,1.7501e+01,1.1707e+00,6.3082e-02
3.2500e+03,2.6405e-01,4.0774e+00,1.7501e+01,1.1719e+00,6.3157e-02
3.2600e+03,2.6276e-01,4.0762e+00,1.7501e+01,1.1732e+00,6.3231e-02
3.2700e+03,2.6148e-01,4.0750e+00,1.7501e+01,1.1744e+00,6.3305e-02
3.2800e+03,2.6020e-01,4.0738e+00,1.7501e+01,1.1756e+00,6.3379e-02
3.2900e+03,2.5893e-01,4.0726e+00,1.7501e+01,1.1768e+00,6.3452e-02
3.3000e+03,2.5767e-01,4.0714e+00,1.7501e+01,1.1779e+00,6.3525e-02
3.3100e+03,2.5641e-01,4.0702e+00,1.7501e+01,1.1791e+00,6.3598e-02
3.3200e+03,2.5516e-01,4.0690e+00,1.7501e+01,1.1803e+00,6.3670e-02
3.3300e+03,2.5392e-01,4.0678e+00,1.7501e+01,1.1815e+00,6.3742e-02
3.3400e+03,2.5268e-01,4.0667e+00,1.7501e+01,1.1826e+00,6.3814e-02
3.3500e+03,2.5145e-01,4.0655e+00,1.7501e+01,1.1838e+00,6.3885e-02
3.3600e+03,2.5023e-01,4.0644e+00,1.7501e+01,1.1850e+00,6.3956e-02
3.3700e+03,2.4901e-01,4.0632e+00,1.7501e+01,1.1861e+00,6.4027e-02
3.3800e+03,2.4780e-01,4.0621e+00,1.7501e+01,1.1872e+00,6.4097e-02
3.3900e+03,2.4659e-01,4.0609e+00,1.7501e+01,1.1884e+00,6.4167e-02
3.4000e+03,2.4539e-01,4.0598e+00,1.7501e+01,1.1895e+00,6.4236e-02
3.4100e+03,2.4420e-01,4.0587e+00,1.7501e+01,1.1906e+00,6.4306e-02
3.4200e+03,2.4301e-01,4.0576e+00,1.7501e+01,1.1918e+00,6.4375e-02
3.4300e+03,2.4183e-01,4.0564e+00,1.7501e+01,1.1929e+00,6.4443e-02
3.4400e+03,2.4066e-01,4.0553e+00,1.7501e+01,1.1940e+00,6.4511e-02
3.4500e+03,2.3949e-01,4.0542e+00,1.7501e+01,1.1951e+00,6.4579e-02
3.4600e+03,2.3833e-01,4.0531e+00,1.7501e+01,1.1962e+00,6.4647e-02
3.4700e+03,2.3717e-01,4.0521e+00,1.7501e+01,1.1973e+00,6.4714e-02
3.4800e+03,2.3602e-01,4.0510e+00,1.7501e+01,1.1983e+00,6.4781e-02
3.4900e+03,2.3487e-01,4.0499e+00,1.7501e+01,1.1994e+00,6.4847e-02
3.5000e+03,2.3373e-01,4.0488e+00,1.7501e+01,1.2005e+00,6.4914e-02
3.5100e+03,2.3260e-01,4.0477e+00,1.7501e+01,1.2016e+00,6.4980e-02
3.5200e+03,2.3147e-01,4.0467e+00,1.7501e+01,1.2026e+00,6.5045e-02
3.5300e+03,2.3035e-01,4.0456e+00,1.7501e+01,1.2037e+00,6.5110e-02
3.5400e+03,2.2923e-01,4.0446e+00,1.7501e+01,1.2047e+00,6.5175e-02
3.5500e+03,2.2812e-01,4.0435e+00,1.7501e+01,1.2058e+00,6.5240e-02
3.5600e+03,2.2702e-01,4.0425e+00,1.7501e+01,1.2068e+00,6.5304e-02
3.5700e+03,2.2592e-01,4.0415e+00,1.7501e+01,1.2079e+00,6.5369e-02
3.5800e+03,2.2482e-01,4.0404e+00,1.7501e+01,1.2089e+00,6.5432e-02
3.5900e+03,2.2374e-01,4.0394e+00,1.7501e+01,1.2099e+00,6.5496e-02
3.6000e+03,2.2265e-01,4.0384e+00,1.7501e+01,1.2109e+00,6.5559e-02
3.6100e+03,2.2158e-01,4.0374e+00,1.7501e+01,1.2119e+00,6.5622e-02
3.6200e+03,2.2050e-01,4.0364e+00,1.7501e+01,1.2130e+00,6.5684e-02
3.6300e+03,2.1944e-01,4.0353e+00,1.7501e+01,1.2140e+00,6.5746e-02
3.6400e+03,2.1838e-01,4.0343e+00,1.7501e+01,1.2150e+00,6.5808e-02
3.6500e+03,2.1732e-01,4.0334e+00,1.7501e+01,1.2160e+00,6.5870e-02
3.6600e+03,2.1627e-01,4.0324e+00,1.7501e+01,1.2169e+00,6.5931e-02
3.6700e+03,2.1523e-01,4.0314e+00,1.7501e+01,1.2179e+00,6.5992e-02
3.6800e+03,2.1419e-01,4.0304e+00,1.7501e+01,1.2189e+00,6.6053e-02
3.6900e+03,2.1315e-01,4.0294e+00,1.7501e+01,1.2199e+00,6.6113e-02
3.7000e+03,2.1212e-01,4.0285e+00,1.7501e+01,1.2208e+00,6.6173e-02
3.7100e+03,2.1110e-01,4.0275e+00,1.7501e+01,1.2218e+00,6.6233e-02
3.7200e+03,2.1008e-01,4.0265e+00,1.7501e+01,1.2228e+00,6.6293e-02
3.7300e+03,2.0907e-01,4.0256e+00,1.7501e+01,1.2237e+00,6.6352e-02
3.7400e+03,2.0806e-01,4.0246e+00,1.7501e+01,1.2247e+00,6.6411e-02
3.7500e+03,2.0706e-01,4.0237e+00,1.7501e+01,1.2256e+00,6.6470e-02
3.7600e+03,2.0606e-01,4.0227e+00,1.7501e+01,1.2266e+00,6.6528e-02
3.7700e+03,2.0506e-01,4.0218e+00,1.7501e+01,1.2275e+00,6.6586e-02
3.7800e+03,2.0408e-01,4.0209e+00,1.7501e+01,1.2284e+00,6.6644e-02
3.7900e+03,2.0309e-01,4.0199e+00,1.7501e+01,1.2293e+00,6.6702e-02
3.8000e+03,2.0211e-01,4.0190e+00,1.7501e+01,1.2303e+00,6.6759e-02
3.8100e+03,2.0114e-01,4.0181e+00,1.7501e+01,1.2312e+00,6.6816e-02
3.8200e+03,2.0017e-01,4.0172e+00,1.7501e+01,1.2321e+00,6.6873e-02
3.8300e+03,1.9921e-01,4.0163e+00,1.7501e+01,1.2330e+00,6.6929e-02
3.8400e+03,1.9825e-01,4.0154e+00,1.7501e+01,1.2339e+00,6.6985e-02
3.8500e+03,1.9729e-01,4.0145e+00,1.7501e+01,1.2348e+00,6.7041e-02
3.8600e+03,1.9635e-01,4.0136e+00,1.7501e+01,1.2357e+00,6.7097e-02
3.8700e+03,1.9540e-01,4.0127e+00,1.7501e+01,1.2366e+00,6.7152e-02
3.8800e+03,1.9446e-01,4.0118e+00,1.7501e+01,1.2375e+00,6.7207e-02
3.8900e+03,1.9353e-01,4.0109e+00,1.7501e+01,1.2384e+00,6.7262e-02
3.9000e+03,1.9260e-01,4.0101e+00,1.7501e+01,1.2392e+00,6.7317e-02
3.9100e+03,1.9167e-01,4.0092e+00,1.7501e+01,1.2401e+00,6.7371e-02
3.9200e+03,1.9075e-01,4.0083e+00,1.7501e+01,1.2410e+00,6.7425e-02
3.9300e+03,1.8983e-01,4.0075e+00,1.7501e+01,1.2418e+00,6.7479e-02
3.9400e+03,1.8892e-01,4.0066e+00,1.7501e+01,1.2427e+00,6.7533e-02
3.9500e+03,1.8801e-01,4.0057e+00,1.7501e+01,1.2435e+00,6.7586e-02
3.9600e+03,1.8711e-01,4.0049e+00,1.7501e+01,1.2444e+00,6.7639e-02
3.9700e+03,1.8621e-01,4.0040e+00,1.7501e+01,1.2452e+00,6.7692e-02
3.9800e+03,1.8532e-01,4.0032e+00,1.7501e+01,1.2461e+00,6.7744e-02
3.9900e+03,1.8443e-01,4.0024e+00,1.7501e+01,1.2469e+00,6.7797e-02
4.0000e+03,1.8354e-01,4.0015e+00,1.7501e+01,1.2478e+00,6.7849e-02
4.0100e+03,1.8266e-01,4.0007e+00,1.7501e+01,1.2486e+00,6.7900e-02
4.0200e+03,1.8179e-01,3.9999e+00,1.7501e+01,1.2494e+00,6.7952e-02
4.0300e+03,1.8092e-01,3.9991e+00,1.7501e+01,1.2502e+00,6.8003e-02
4.0400e+03,1.8005e-01,3.9982e+00,1.7501e+01,1.2510e+00,6.8054e-02
4.0500e+03,1.7918e-01,3.9974e+00,1.7501e+01,1.2519e+00,6.8105e-02
4.0600e+03,1.7833e-01,3.9966e+00,1.7501e+01,1.2527e+00,6.8156e-02
4.0700e+03,1.7747e-01,3.9958e+00,1.7501e+01,1.2535e+00,6.8206e-02
4.0800e+03,1.7662e-01,3.9950e+00,1.7501e+01,1.2543e+00,6.8256e-02
4.0900e+03,1.7578e-01,3.9942e+00,1.7501e+01,1.2551e+00,6.8306e-02
4.1000e+03,1.7493e-01,3.9934e+00,1.7501e+01,1.2559e+00,6.8355e-02
4.1100e+03,1.7410e-01,3.9926e+00,1.7501e+01,1.2566e+00,6.8405e-02
4.1200e+03,1.7326e-01,3.9919e+00,1.7501e+01,1.2574e+00,6.8454e-02
4.1300e+03,1.7243e-01,3.9911e+00,1.7501e+01,1.2582e+00,6.8503e-02
4.1400e+03,1.7161e-01,3.9903e+00,1.7501e+01,1.2590e+00,6.8551e-02
4.1500e+03,1.7079e-01,3.9895e+00,1.7501e+01,1.2598e+00,6.8600e-02
4.1600e+03,1.6997e-01,3.9888e+00,1.7501e+01,1.2605e+00,6.8648e-02
4.1700e+03,1.6916e-01,3.9880e+00,1.7501e+01,1.2613e+00,6.8696e-02
4.1800e+03,1.6835e-01,3.9872e+00,1.7501e+01,1.2621e+00,6.8744e-02
4.1900e+03,1.6754e-01,3.9865e+00,1.7501e+01,1.2628e+00,6.8791e-02
4.2000e+03,1.6674e-01,3.9857e+00,1.7501e+01,1.2636e+00,6.8838e-02
4.2100e+03,1.6595e-01,3.9850e+00,1.7501e+01,1.2643e+00,6.8886e-02
4.2200e+03,1.6515e-01,3.9842e+00,1.7501e+01,1.2651e+00,6.8932e-02
4.2300e+03,1.6436e-01,3.9835e+00,1.7501e+01,1.2658e+00,6.8979e-02
4.2400e+03,1.6358e-01,3.9827e+00,1.7501e+01,1.2665e+00,6.9025e-02
4.2500e+03,1.6280e-01,3.9820e+00,1.7501e+01,1.2673e+00,6.9071e-02
4.2600e+03,1.6202e-01,3.9813e+00,1.7501e+01,1.2680e+00,6.9117e-02
4.2700e+03,1.6125e-01,3.9805e+00,1.7501e+01,1.2687e+00,6.9163e-02
4.2800e+03,1.6048e-01,3.9798e+00,1.7501e+01,1.2695e+00,6.9209e-02
4.2900e+03,1.5971e-01,3.9791e+00,1.7501e+01,1.2702e+00,6.9254e-02
4.3000e+03,1.5895e-01,3.9784e+00,1.7501e+01,1.2709e+00,6.9299e-02
4.3100e+03,1.5819e-01,3.9777e+00,1.7501e+01,1.2716e+00,6.9344e-02
4.3200e+03,1.5743e-01,3.9770e+00,1.7501e+01,1.2723e+00,6.9388e-02
4.3300e+03,1.5668e-01,3.9762e+00,1.7501e+01,1.2730e+00,6.9433e-02
4.3400e+03,1.5594e-01,3.9755e+00,1.7501e+01,1.2737e+00,6.9477e-02
4.3500e+03,1.5519e-01,3.9748e+00,1.7501e+01,1.2744e+00,6.9521e-02
4.3600e+03,1.5445e-01,3.9741e+00,1.7501e+01,1.2751e+00,6.9565e-02
4.3700e+03,1.5372e-01,3.9735e+00,1.7501e+01,1.2758e+00,6.9608e-02
4.3800e+03,1.5298e-01,3.9728e+00,1.7501e+01,1.2765e+00,6.9652e-02
4.3900e+03,1.5226e-01,3.9721e+00,1.7501e+01,1.2772e+00,6.9695e-02
4.4000e+03,1.5153e-01,3.9714e+00,1.7501e+01,1.2779e+00,6.9738e-02
4.4100e+03,1.5081e-01,3.9707e+00,1.7501e+01,1.2786e+00,6.9781e-02
4.4200e+03,1.5009e-01,3.9700e+00,1.7501e+01,1.2792e+00,6.9823e-02
4.4300e+03,1.4937e-01,3.9694e+00,1.7501e+01,1.2799e+00,6.9865e-02
4.4400e+03,1.4866e-01,3.9687e+00,1.7501e+01,1.2806e+00,6.9908e-02
4.4500e+03,1.4796e-01,3.9680e+00,1.7501e+01,1.2812e+00,6.9950e-02
4.4600e+03,1.4725e-01,3.9674e+00,1.7501e+01,1.2819e+00,6.9991e-02
4.4700e+03,1.4655e-01,3.9667e+00,1.7501e+01,1.2826e+00,7.0033e-02
4.4800e+03,1.4585e-01,3.9661e+00,1.7501e+01,1.2832e+00,7.0074e-02
4.4900e+03,1.4516e-01,3.9654e+00,1.7501e+01,1.2839e+00,7.0115e-02
4.5000e+03,1.4447e-01,3.9647e+00,1.7501e+01,1.2845e+00,7.0156e-02
4.5100e+03,1.4378e-01,3.9641e+00,1.7501e+01,1.2852e+00,7.0197e-02
4.5200e+03,1.4310e-01,3.9635e+00,1.7501e+01,1.2858e+00,7.0238e-02
4.5300e+03,1.4242e-01,3.9628e+00,1.7501e+01,1.2864e+00,7.0278e-02
4.5400e+03,1.4174e-01,3.9622e+00,1.7501e+01,1.2871e+00,7.0318e-02
4.5500e+03,1.4107e-01,3.9615e+00,1.7501e+01,1.2877e+00,7.0358e-02
4.5600e+03,1.4040e-01,3.9609e+00,1.7501e+01,1.2883e+00,7.0398e-02
4.5700e+03,1.3973e-01,3.9603e+00,1.7501e+01,1.2890e+00,7.0438e-02
4.5800e+03,1.3907e-01,3.9597e+00,1.7501e+01,1.2896e+00,7.0477e-02
4.5900e+03,1.3840e-01,3.9590e+00,1.7501e+01,1.2902e+00,7.0516e-02
4.6000e+03,1.3775e-01,3.9584e+00,1.7501e+01,1.2908e+00,7.0555e-02
4.6100e+03,1.3709e-01,3.9578e+00,1.7501e+01,1.2915e+00,7.0594e-02
4.6200e+03,1.3644e-01,3.9572e+00,1.7501e+01,1.2921e+00,7.0633e-02
4.6300e+03,1.3579e-01,3.9566e+00,1.7501e+01,1.2927e+00,7.0671e-02
4.6400e+03,1.3515e-01,3.9560e+00,1.7501e+01,1.2933e+00,7.0710e-02
4.6500e+03,1.3451e-01,3.9554e+00,1.7501e+01,1.2939e+00,7.0748e-02
4.6600e+03,1.3387e-01,3.9548e+00,1.7501e+01,1.2945e+00,7.0786e-02
4.6700e+03,1.3323e-01,3.9542e+00,1.7501e+01,1.2951e+00,7.0824e-02
4.6800e+03,1.3260e-01,3.9536e+00,1.7501e+01,1.2957e+00,7.0861e-02
4.6900e+03,1.3197e-01,3.9530e+00,1.7501e+01,1.2963e+00,7.0899e-02
4.7000e+03,1.3135e-01,3.9524e+00,1.7501e+01,1.2969e+00,7.0936e-02
4.7100e+03,1.3072e-01,3.9518e+00,1.7501e+01,1.2974e+00,7.0973e-02
4.7200e+03,1.3010e-01,3.9512e+00,1.7501e+01,1.2980e+00,7.1010e-02
4.7300e+03,1.2949e-01,3.9506e+00,1.7501e+01,1.2986e+00,7.1046e-02
4.7400e+03,1.2887e-01,3.9501e+00,1.7501e+01,1.2992e+00,7.1083e-02
4.7500e+03,1.2826e-01,3.9495e+00,1.7501e+01,1.2998e+00,7.1119e-02
4.7600e+03,1.2766e-01,3.9489e+00,1.7501e+01,1.3003e+00,7.1156e-02
4.7700e+03,1.2705e-01,3.9484e+00,1.7501e+01,1.3009e+00,7.1192e-02
4.7800e+03,1.2645e-01,3.9478e+00,1.7501e+01,1.3015e+00,7.1227e-02
4.7900e+03,1.2585e-01,3.9472e+00,1.7501e+01,1.3020e+00,7.1263e-02
4.8000e+03,1.2525e-01,3.9467e+00,1.7501e+01,1.3026e+00,7.1299e-02
4.8100e+03,1.2466e-01,3.9461e+00,1.7501e+01,1.3031e+00,7.1334e-02
4.8200e+03,1.2407e-01,3.9455e+00,1.7501e+01,1.3037e+00,7.1369e-02
4.8300e+03,1.2348e-01,3.9450e+00,1.7501e+01,1.3043e+00,7.1404e-02
4.8400e+03,1.2290e-01,3.9444e+00,1.7501e+01,1.3048e+00,7.1439e-02
4.8500e+03,1.2232e-01,3.9439e+00,1.7501e+01,1.3054e+00,7.1474e-02
4.8600e+03,1.2174e-01,3.9434e+00,1.7501e+01,1.3059e+00,7.1508e-02
4.8700e+03,1.2116e-01,3.9428e+00,1.7501e+01,1.3064e+00,7.1542e-02
4.8800e+03,1.2059e-01,3.9423e+00,1.7501e+01,1.3070e+00,7.1577e-02
4.8900e+03,1.2002e-01,3.9417e+00,1.7501e+01,1.3075e+00,7.1611e-02
4.9000e+03,1.1945e-01,3.9412e+00,1.7501e+01,1.3080e+00,7.1645e-02
4.9100e+03,1.1888e-01,3.9407e+00,1.7501e+01,1.3086e+00,7.1678e-02
4.9200e+03,1.1832e-01,3.9401e+00,1.7501e+01,1.3091e+00,7.1712e-02
4.9300e+03,1.1776e-01,3.9396e+00,1.7501e+01,1.3096e+00,7.1745e-02
4.9400e+03,1.1721e-01,3.9391e+00,1.7501e+01,1.3102e+00,7.1778e-02
4.9500e+03,1.1665e-01,3.9386e+00,1.7501e+01,1.3107e+00,7.1811e-02
4.9600e+03,1.1610e-01,3.9381e+00,1.7501e+01,1.3112e+00,7.1844e-02
4.9700e+03,1.1555e-01,3.9375e+00,1.7501e+01,1.3117e+00,7.1877e-02
4.9800e+03,1.1500e-01,3.9370e+00,1.7501e+01,1.3122e+00,7.1910e-02
4.9900e+03,1.1446e-01,3.9365e+00,1.7501e+01,1.3127e+00,7.1942e-02
5.0000e+03,1.1392e-01,3.9360e+00,1.7501e+01,1.3132e+00,7.1975e-02
5.0100e+03,1.1338e-01,3.9355e+00,1.7501e+01,1.3138e+00,7.2007e-02
5.0200e+03,1.1285e-01,3.9350e+00,1.7501e+01,1.3143e+00,7.2039e-02
5.0300e+03,1.1231e-01,3.9345e+00,1.7501e+01,1.3148e+00,7.2071e-02
5.0400e+03,1.1178e-01,3.9340e+00,1.7501e+01,1.3153e+00,7.2102e-02
5.0500e+03,1.1126e-01,3.9335e+00,1.7501e+01,1.3158e+00,7.2134e-02
5.0600e+03,1.1073e-01,3.9330e+00,1.7501e+01,1.3162e+00,7.2165e-02
5.0700e+03,1.1021e-01,3.9325e+00,1.7501e+01,1.3167e+00,7.2196e-02
5.0800e+03,1.0969e-01,3.9320e+00,1.7501e+01,1.3172e+00,7.2227e-02
5.0900e+03,1.0917e-01,3.9315e+00,1.7501e+01,1.3177e+00,7.2258e-02
5.1000e+03,1.0865e-01,3.9310e+00,1.7501e+01,1.3182e+00,7.2289e-02
5.1100e+03,1.0814e-01,3.9306e+00,1.7501e+01,1.3187e+00,7.2320e-02
5.1200e+03,1.0763e-01,3.9301e+00,1.7501e+01,1.3192e+00,7.2350e-02
5.1300e+03,1.0712e-01,3.9296e+00,1.7501e+01,1.3196e+00,7.2381e-02
5.1400e+03,1.0662e-01,3.9291e+00,1.7501e+01,1.3201e+00,7.2411e-02
5.1500e+03,1.0612e-01,3.9287e+00,1.7501e+01,1.3206e+00,7.2441e-02
5.1600e+03,1.0562e-01,3.9282e+00,1.7501e+01,1.3211e+00,7.2471e-02
5.1700e+03,1.0512e-01,3.9277e+00,1.7501e+01,1.3215e+00,7.2501e-02
5.1800e+03,1.0462e-01,3.9273e+00,1.7501e+01,1.3220e+00,7.2530e-02
5.1900e+03,1.0413e-01,3.9268e+00,1.7501e+01,1.3225e+00,7.2560e-02
5.2000e+03,1.0364e-01,3.9263e+00,1.7501e+01,1.3229e+00,7.2589e-02
5.2100e+03,1.0315e-01,3.9259e+00,1.7501e+01,1.3234e+00,7.2619e-02
5.2200e+03,1.0266e-01,3.9254e+00,1.7501e+01,1.3238e+00,7.2648e-02
5.2300e+03,1.0218e-01,3.9250e+00,1.7501e+01,1.3243e+00,7.2677e-02
5.2400e+03,1.0170e-01,3.9245e+00,1.7501e+01,1.3247e+00,7.2706e-02
5.2500e+03,1.0122e-01,3.9241e+00,1.7501e+01,1.3252e+00,7.2734e-02
5.2600e+03,1.0074e-01,3.9236e+00,1.7501e+01,1.3256e+00,7.2763e-02
5.2700e+03,1.0027e-01,3.9232e+00,1.7501e+01,1.3261e+00,7.2791e-02
5.2800e+03,9.9795e-02,3.9227e+00,1.7501e+01,1.3265e+00,7.2820e-02
5.2900e+03,9.9325e-02,3.9223e+00,1.7501e+01,1.3270e+00,7.2848e-02
5.3000e+03,9.8857e-02,3.9218e+00,1.7501e+01,1.3274e+00,7.2876e-02
5.3100e+03,9.8391e-02,3.9214e+00,1.7501e+01,1.3278e+00,7.2904e-02
5.3200e+03,9.7928e-02,3.9210e+00,1.7501e+01,1.3283e+00,7.2931e-02
5.3300e+03,9.7467e-02,3.9205e+00,1.7501e+01,1.3287e+00,7.2959e-02
5.3400e+03,9.7008e-02,3.9201e+00,1.7501e+01,1.3291e+00,7.2987e-02
5.3500e+03,9.6552e-02,3.9197e+00,1.7501e+01,1.3296e+00,7.3014e-02
5.3600e+03,9.6097e-02,3.9192e+00,1.7501e+01,1.3300e+00,7.3041e-02
5.3700e+03,9.5645e-02,3.9188e+00,1.7501e+01,1.3304e+00,7.3068e-02
5.3800e+03,9.5195e-02,3.9184e+00,1.7501e+01,1.3309e+00,7.3095e-02
5.3900e+03,9.4747e-02,3.9180e+00,1.7501e+01,1.3313e+00,7.3122e-02
5.4000e+03,9.4302e-02,3.9175e+00,1.7501e+01,1.3317e+00,7.3149e-02
5.4100e+03,9.3858e-02,3.9171e+00,1.7501e+01,1.3321e+00,7.3175e-02
5.4200e+03,9.3417e-02,3.9167e+00,1.7501e+01,1.3325e+00,7.3202e-02
5.4300e+03,9.2977e-02,3.9163e+00,1.7501e+01,1.3329e+00,7.3228e-02
5.4400e+03,9.2540e-02,3.9159e+00,1.7501e+01,1.3333e+00,7.3255e-02
5.4500e+03,9.2105e-02,3.9155e+00,1.7501e+01,1.3338e+00,7.3281e-02
5.4600e+03,9.1672e-02,3.9151e+00,1.7501e+01,1.3342e+00,7.3307e-02
5.4700e+03,9.1241e-02,3.9147e+00,1.7501e+01,1.3346e+00,7.3332e-02
5.4800e+03,9.0812e-02,3.9143e+00,1.7501e+01,1.3350e+00,7.3358e-02
5.4900e+03,9.0385e-02,3.9139e+00,1.7501e+01,1.3354e+00,7.3384e-02
5.5000e+03,8.9960e-02,3.9135e+00,1.7501e+01,1.3358e+00,7.3409e-02
5.5100e+03,8.9538e-02,3.9131e+00,1.7501e+01,1.3362e+00,7.3435e-02
5.5200e+03,8.9117e-02,3.9127e+00,1.7501e+01,1.3366e+00,7.3460e-02
5.5300e+03,8.8698e-02,3.9123e+00,1.7501e+01,1.3370e+00,7.3485e-02
5.5400e+03,8.8282e-02,3.9119e+00,1.7501e+01,1.3374e+00,7.3510e-02
5.5500e+03,8.7867e-02,3.9115e+00,1.7501e+01,1.3377e+00,7.3535e-02
5.5600e+03,8.7454e-02,3.9111e+00,1.7501e+01,1.3381e+00,7.3560e-02
5.5700e+03,8.7043e-02,3.9107e+00,1.7501e+01,1.3385e+00,7.3585e-02
5.5800e+03,8.6635e-02,3.9103e+00,1.7501e+01,1.3389e+00,7.3609e-02
5.5900e+03,8.6228e-02,3.9100e+00,1.7501e+01,1.3393e+00,7.3634e-02
5.6000e+03,8.5823e-02,3.9096e+00,1.7501e+01,1.3397e+00,7.3658e-02
5.6100e+03,8.5420e-02,3.9092e+00,1.7501e+01,1.3400e+00,7.3682e-02
5.6200e+03,8.5019e-02,3.9088e+00,1.7501e+01,1.3404e+00,7.3706e-02
5.6300e+03,8.4620e-02,3.9084e+00,1.7501e+01,1.3408e+00,7.3730e-02
5.6400e+03,8.4223e-02,3.9081e+00,1.7501e+01,1.3412e+00,7.3754e-02
5.6500e+03,8.3828e-02,3.9077e+00,1.7501e+01,1.3415e+00,7.3778e-02
5.6600e+03,8.3434e-02,3.9073e+00,1.7501e+01,1.3419e+00,7.3802e-02
5.6700e+03,8.3043e-02,3.9070e+00,1.7501e+01,1.3423e+00,7.3825e-02
5.6800e+03,8.2653e-02,3.9066e+00,1.7501e+01,1.3426e+00,7.3849e-02
5.6900e+03,8.2265e-02,3.9062e+00,1.7501e+01,1.3430e+00,7.3872e-02
5.7000e+03,8.1879e-02,3.9059e+00,1.7501e+01,1.3434e+00,7.3895e-02
5.7100e+03,8.1495e-02,3.9055e+00,1.7501e+01,1.3437e+00,7.3918e-02
5.7200e+03,8.1113e-02,3.9051e+00,1.7501e+01,1.3441e+00,7.3941e-02
5.7300e+03,8.0733e-02,3.9048e+00,1.7501e+01,1.3444e+00,7.3964e-02
5.7400e+03,8.0354e-02,3.9044e+00,1.7501e+01,1.3448e+00,7.3987e-02
5.7500e+03,7.9977e-02,3.9041e+00,1.7501e+01,1.3452e+00,7.4010e-02
5.7600e+03,7.9602e-02,3.9037e+00,1.7501e+01,1.3455e+00,7.4032e-02
5.7700e+03,7.9229e-02,3.9034e+00,1.7501e+01,1.3459e+00,7.4055e-02
5.7800e+03,7.8858e-02,3.9030e+00,1.7501e+01,1.3462e+00,7.4077e-02
5.7900e+03,7.8488e-02,3.9027e+00,1.7501e+01,1.3466e+00,7.4099e-02
5.8000e+03,7.8120e-02,3.9023e+00,1.7501e+01,1.3469e+00,7.4121e-02
5.8100e+03,7.7754e-02,3.9020e+00,1.7501e+01,1.3472e+00,7.4143e-02
5.8200e+03,7.7389e-02,3.9016e+00,1.7501e+01,1.3476e+00,7.4165e-02
5.8300e+03,7.7027e-02,3.9013e+00,1.7501e+01,1.3479e+00,7.4187e-02
5.8400e+03,7.6666e-02,3.9010e+00,1.7501e+01,1.3483e+00,7.4209e-02
5.8500e+03,7.6307e-02,3.9006e+00,1.7501e+01,1.3486e+00,7.4230e-02
5.8600e+03,7.5949e-02,3.9003e+00,1.7501e+01,1.3489e+00,7.4252e-02
5.8700e+03,7.5593e-02,3.9000e+00,1.7501e+01,1.3493e+00,7.4273e-02
5.8800e+03,7.5239e-02,3.8996e+00,1.7501e+01,1.3496e+00,7.4295e-02
5.8900e+03,7.4887e-02,3.8993e+00,1.7501e+01,1.3499e+00,7.4316e-02
5.9000e+03,7.4536e-02,3.8990e+00,1.7501e+01,1.3503e+00,7.4337e-02
5.9100e+03,7.4187e-02,3.8986e+00,1.7501e+01,1.3506e+00,7.4358e-02
5.9200e+03,7.3840e-02,3.8983e+00,1.7501e+01,1.3509e+00,7.4379e-02
5.9300e+03,7.3494e-02,3.8980e+00,1.7501e+01,1.3512e+00,7.4400e-02
5.9400e+03,7.3150e-02,3.8977e+00,1.7501e+01,1.3516e+00,7.4421e-02
5.9500e+03,7.2807e-02,3.8973e+00,1.7501e+01,1.3519e+00,7.4441e-02
5.9600e+03,7.2467e-02,3.8970e+00,1.7501e+01,1.3522e+00,7.4462e-02
5.9700e+03,7.2127e-02,3.8967e+00,1.7501e+01,1.3525e+00,7.4482e-02
5.9800e+03,7.1790e-02,3.8964e+00,1.7501e+01,1.3529e+00,7.4503e-02
5.9900e+03,7.1454e-02,3.8961e+00,1.7501e+01,1.3532e+00,7.4523e-02
6.0000e+03,7.1119e-02,3.8957e+00,1.7501e+01,1.3535e+00,7.4543e-02
6.0100e+03,7.0787e-02,3.8954e+00,1.7501e+01,1.3538e+00,7.4563e-02
6.0200e+03,7.0455e-02,3.8951e+00,1.7501e+01,1.3541e+00,7.4583e-02
6.0300e+03,7.0126e-02,3.8948e+00,1.7501e+01,1.3544e+00,7.4603e-02
6.0400e+03,6.9798e-02,3.8945e+00,1.7501e+01,1.3547e+00,7.4623e-02
6.0500e+03,6.9471e-02,3.8942e+00,1.7501e+01,1.3550e+00,7.4643e-02
6.0600e+03,6.9146e-02,3.8939e+00,1.7501e+01,1.3553e+00,7.4662e-02
6.0700e+03,6.8823e-02,3.8936e+00,1.7501e+01,1.3556e+00,7.4682e-02
6.0800e+03,6.8501e-02,3.8933e+00,1.7501e+01,1.3559e+00,7.4701e-02
6.0900e+03,6.8180e-02,3.8930e+00,1.7501e+01,1.3562e+00,7.4720e-02
6.1000e+03,6.7862e-02,3.8927e+00,1.7501e+01,1.3565e+00,7.4740e-02
6.1100e+03,6.7544e-02,3.8924e+00,1.7501e+01,1.3568e+00,7.4759e-02
6.1200e+03,6.7228e-02,3.8921e+00,1.7501e+01,1.3571e+00,7.4778e-02
6.1300e+03,6.6914e-02,3.8918e+00,1.7501e+01,1.3574e+00,7.4797e-02
6.1400e+03,6.6601e-02,3.8915e+00,1.7501e+01,1.3577e+00,7.4816e-02
6.1500e+03,6.6290e-02,3.8912e+00,1.7501e+01,1.3580e+00,7.4835e-02
6.1600e+03,6.5980e-02,3.8909e+00,1.7501e+01,1.3583e+00,7.4853e-02
6.1700e+03,6.5672e-02,3.8906e+00,1.7501e+01,1.3586e+00,7.4872e-02
6.1800e+03,6.5365e-02,3.8903e+00,1.7501e+01,1.3589e+00,7.4890e-02
6.1900e+03,6.5059e-02,3.8900e+00,1.7501e+01,1.3592e+00,7.4909e-02
6.2000e+03,6.4755e-02,3.8898e+00,1.7501e+01,1.3595e+00,7.4927e-02
6.2100e+03,6.4453e-02,3.8895e+00,1.7501e+01,1.3597e+00,7.4945e-02
6.2200e+03,6.4151e-02,3.8892e+00,1.7501e+01,1.3600e+00,7.4964e-02
6.2300e+03,6.3852e-02,3.8889e+00,1.7501e+01,1.3603e+00,7.4982e-02
6.2400e+03,6.3553e-02,3.8886e+00,1.7501e+01,1.3606e+00,7.5000e-02
6.2500e+03,6.3257e-02,3.8884e+00,1.7501e+01,1.3609e+00,7.5018e-02
6.2600e+03,6.2961e-02,3.8881e+00,1.7501e+01,1.3611e+00,7.5036e-02
6.2700e+03,6.2667e-02,3.8878e+00,1.7501e+01,1.3614e+00,7.5053e-02
6.2800e+03,6.2374e-02,3.8875e+00,1.7501e+01,1.3617e+00,7.5071e-02
6.2900e+03,6.2083e-02,3.8872e+00,1.7501e+01,1.3620e+00,7.5089e-02
6.3000e+03,6.1793e-02,3.8870e+00,1.7501e+01,1.3622e+00,7.5106e-02
6.3100e+03,6.1504e-02,3.8867e+00,1.7501e+01,1.3625e+00,7.5124e-02
6.3200e+03,6.1217e-02,3.8864e+00,1.7501e+01,1.3628e+00,7.5141e-02
6.3300e+03,6.0931e-02,3.8862e+00,1.7501e+01,1.3631e+00,7.5158e-02
6.3400e+03,6.0647e-02,3.8859e+00,1.7501e+01,1.3633e+00,7.5175e-02
6.3500e+03,6.0364e-02,3.8856e+00,1.7501e+01,1.3636e+00,7.5192e-02
6.3600e+03,6.0082e-02,3.8854e+00,1.7501e+01,1.3639e+00,7.5210e-02
6.3700e+03,5.9802e-02,3.8851e+00,1.7501e+01,1.3641e+00,7.5226e-02
6.3800e+03,5.9522e-02,3.8848e+00,1.7501e+01,1.3644e+00,7.5243e-02
6.3900e+03,5.9245e-02,3.8846e+00,1.7501e+01,1.3646e+00,7.5260e-02
6.4000e+03,5.8968e-02,3.8843e+00,1.7501e+01,1.3649e+00,7.5277e-02
6.4100e+03,5.8693e-02,3.8841e+00,1.7501e+01,1.3652e+00,7.5294e-02
6.4200e+03,5.8419e-02,3.8838e+00,1.7501e+01,1.3654e+00,7.5310e-02
6.4300e+03,5.8146e-02,3.8835e+00,1.7501e+01,1.3657e+00,7.5327e-02
6.4400e+03,5.7875e-02,3.8833e+00,1.7501e+01,1.3659e+00,7.5343e-02
6.4500e+03,5.7605e-02,3.8830e+00,1.7501e+01,1.3662e+00,7.5359e-02
6.4600e+03,5.7336e-02,3.8828e+00,1.7501e+01,1.3664e+00,7.5376e-02
6.4700e+03,5.7069e-02,3.8825e+00,1.7501e+01,1.3667e+00,7.5392e-02
6.4800e+03,5.6803e-02,3.8823e+00,1.7501e+01,1.3669e+00,7.5408e-02
6.4900e+03,5.6538e-02,3.8820e+00,1.7501e+01,1.3672e+00,7.5424e-02
6.5000e+03,5.6274e-02,3.8818e+00,1.7501e+01,1.3674e+00,7.5440e-02
6.5100e+03,5.6012e-02,3.8815e+00,1.7501e+01,1.3677e+00,7.5456e-02
6.5200e+03,5.5750e-02,3.8813e+00,1.7501e+01,1.3679e+00,7.5472e-02
6.5300e+03,5.5490e-02,3.8811e+00,1.7501e+01,1.3682e+00,7.5487e-02
6.5400e+03,5.5232e-02,3.8808e+00,1.7501e+01,1.3684e+00,7.5503e-02
6.5500e+03,5.4974e-02,3.8806e+00,1.7501e+01,1.3687e+00,7.5519e-02
6.5600e+03,5.4718e-02,3.8803e+00,1.7501e+01,1.3689e+00,7.5534e-02
6.5700e+03,5.4463e-02,3.8801e+00,1.7501e+01,1.3691e+00,7.5549e-02
6.5800e+03,5.4209e-02,3.8798e+00,1.7501e+01,1.3694e+00,7.5565e-02
6.5900e+03,5.3956e-02,3.8796e+00,1.7501e+01,1.3696e+00,7.5580e-02
6.6000e+03,5.3704e-02,3.8794e+00,1.7501e+01,1.3698e+00,7.5595e-02
6.6100e+03,5.3454e-02,3.8791e+00,1.7501e+01,1.3701e+00,7.5611e-02
6.6200e+03,5.3205e-02,3.8789e+00,1.7501e+01,1.3703e+00,7.5626e-02
6.6300e+03,5.2957e-02,3.8787e+00,1.7501e+01,1.3705e+00,7.5641e-02
6.6400e+03,5.2710e-02,3.8784e+00,1.7501e+01,1.3708e+00,7.5656e-02
6.6500e+03,5.2465e-02,3.8782e+00,1.7501e+01,1.3710e+00,7.5670e-02
6.6600e+03,5.2220e-02,3.8780e+00,1.7501e+01,1.3712e+00,7.5685e-02
6.6700e+03,5.1977e-02,3.8777e+00,1.7501e+01,1.3715e+00,7.5700e-02
6.6800e+03,5.1735e-02,3.8775e+00,1.7501e+01,1.3717e+00,7.5715e-02
6.6900e+03,5.1494e-02,3.8773e+00,1.7501e+01,1.3719e+00,7.5729e-02
6.7000e+03,5.1254e-02,3.8771e+00,1.7501e+01,1.3721e+00,7.5744e-02
6.7100e+03,5.1015e-02,3.8768e+00,1.7501e+01,1.3724e+00,7.5758e-02
6.7200e+03,5.0777e-02,3.8766e+00,1.7501e+01,1.3726e+00,7.5773e-02
6.7300e+03,5.0541e-02,3.8764e+00,1.7501e+01,1.3728e+00,7.5787e-02
6.7400e+03,5.0305e-02,3.8762e+00,1.7501e+01,1.3730e+00,7.5801e-02
6.7500e+03,5.0071e-02,3.8760e+00,1.7501e+01,1.3733e+00,7.5815e-02
6.7600e+03,4.9838e-02,3.8757e+00,1.7501e+01,1.3735e+00,7.5830e-02
6.7700e+03,4.9606e-02,3.8755e+00,1.7501e+01,1.3737e+00,7.5844e-02
6.7800e+03,4.9375e-02,3.8753e+00,1.7501e+01,1.3739e+00,7.5858e-02
6.7900e+03,4.9145e-02,3.8751e+00,1.7501e+01,1.3741e+00,7.5872e-02
6.8000e+03,4.8916e-02,3.8749e+00,1.7501e+01,1.3743e+00,7.5885e-02
6.8100e+03,4.8688e-02,3.8747e+00,1.7501e+01,1.3746e+00,7.5899e-02
6.8200e+03,4.8461e-02,3.8744e+00,1.7501e+01,1.3748e+00,7.5913e-02
6.8300e+03,4.8236e-02,3.8742e+00,1.7501e+01,1.3750e+00,7.5927e-02
6.8400e+03,4.8011e-02,3.8740e+00,1.7501e+01,1.3752e+00,7.5940e-02
6.8500e+03,4.7788e-02,3.8738e+00,1.7501e+01,1.3754e+00,7.5954e-02
6.8600e+03,4.7565e-02,3.8736e+00,1.7501e+01,1.3756e+00,7.5967e-02
6.8700e+03,4.7344e-02,3.8734e+00,1.7501e+01,1.3758e+00,7.5981e-02
6.8800e+03,4.7123e-02,3.8732e+00,1.7501e+01,1.3760e+00,7.5994e-02
6.8900e+03,4.6904e-02,3.8730e+00,1.7501e+01,1.3762e+00,7.6007e-02
6.9000e+03,4.6686e-02,3.8728e+00,1.7501e+01,1.3764e+00,7.6021e-02
6.9100e+03,4.6469e-02,3.8726e+00,1.7501e+01,1.3766e+00,7.6034e-02
6.9200e+03,4.6252e-02,3.8724e+00,1.7501e+01,1.3768e+00,7.6047e-02
6.9300e+03,4.6037e-02,3.8722e+00,1.7501e+01,1.3770e+00,7.6060e-02
6.9400e+03,4.5823e-02,3.8720e+00,1.7501e+01,1.3772e+00,7.6073e-02
6.9500e+03,4.5610e-02,3.8718e+00,1.7501e+01,1.3774e+00,7.6086e-02
6.9600e+03,4.5397e-02,3.8716e+00,1.7501e+01,1.3776e+00,7.6099e-02
6.9700e+03,4.5186e-02,3.8714e+00,1.7501e+01,1.3778e+00,7.6112e-02
6.9800e+03,4.4976e-02,3.8712e+00,1.7501e+01,1.3780e+00,7.6124e-02
6.9900e+03,4.4767e-02,3.8710e+00,1.7501e+01,1.3782e+00,7.6137e-02
7.0000e+03,4.4558e-02,3.8708e+00,1.7501e+01,1.3784e+00,7.6150e-02
7.0100e+03,4.4351e-02,3.8706e+00,1.7501e+01,1.3786e+00,7.6162e-02
7.0200e+03,4.4145e-02,3.8704e+00,1.7501e+01,1.3788e+00,7.6175e-02
7.0300e+03,4.3940e-02,3.8702e+00,1.7501e+01,1.3790e+00,7.6187e-02
7.0400e+03,4.3735e-02,3.8700e+00,1.7501e+01,1.3792e+00,7.6200e-02
7.0500e+03,4.3532e-02,3.8698e+00,1.7501e+01,1.3794e+00,7.6212e-02
7.0600e+03,4.3329e-02,3.8696e+00,1.7501e+01,1.3796e+00,7.6224e-02
7.0700e+03,4.3128e-02,3.8694e+00,1.7501e+01,1.3798e+00,7.6236e-02
7.0800e+03,4.2927e-02,3.8692e+00,1.7501e+01,1.3800e+00,7.6249e-02
7.0900e+03,4.2728e-02,3.8691e+00,1.7501e+01,1.3802e+00,7.6261e-02
7.1000e+03,4.2529e-02,3.8689e+00,1.7501e+01,1.3803e+00,7.6273e-02
7.1100e+03,4.2331e-02,3.8687e+00,1.7501e+01,1.3805e+00,7.6285e-02
7.1200e+03,4.2134e-02,3.8685e+00,1.7501e+01,1.3807e+00,7.6297e-02
7.1300e+03,4.1939e-02,3.8683e+00,1.7501e+01,1.3809e+00,7.6309e-02
7.1400e+03,4.1744e-02,3.8681e+00,1.7501e+01,1.3811e+00,7.6320e-02
7.1500e+03,4.1550e-02,3.8679e+00,1.7501e+01,1.3813e+00,7.6332e-02
7.1600e+03,4.1356e-02,3.8678e+00,1.7501e+01,1.3814e+00,7.6344e-02
7.1700e+03,4.1164e-02,3.8676e+00,1.7501e+01,1.3816e+00,7.6356e-02
7.1800e+03,4.0973e-02,3.8674e+00,1.7501e+01,1.3818e+00,7.6367e-02
7.1900e+03,4.0782e-02,3.8672e+00,1.7501e+01,1.3820e+00,7.6379e-02
7.2000e+03,4.0593e-02,3.8670e+00,1.7501e+01,1.3822e+00,7.6390e-02
7.2100e+03,4.0404e-02,3.8669e+00,1.7501e+01,1.3823e+00,7.6402e-02
7.2200e+03,4.0216e-02,3.8667e+00,1.7501e+01,1.3825e+00,7.6413e-02
7.2300e+03,4.0029e-02,3.8665e+00,1.7501e+01,1.3827e+00,7.6425e-02
7.2400e+03,3.9843e-02,3.8663e+00,1.7501e+01,1.3829e+00,7.6436e-02
7.2500e+03,3.9658e-02,3.8662e+00,1.7501e+01,1.3830e+00,7.6447e-02
7.2600e+03,3.9474e-02,3.8660e+00,1.7501e+01,1.3832e+00,7.6458e-02
7.2700e+03,3.9291e-02,3.8658e+00,1.7501e+01,1.3834e+00,7.6469e-02
7.2800e+03,3.9108e-02,3.8657e+00,1.7501e+01,1.3836e+00,7.6481e-02
7.2900e+03,3.8926e-02,3.8655e+00,1.7501e+01,1.3837e+00,7.6492e-02
7.3000e+03,3.8746e-02,3.8653e+00,1.7501e+01,1.3839e+00,7.6503e-02
7.3100e+03,3.8566e-02,3.8651e+00,1.7501e+01,1.3841e+00,7.6513e-02
7.3200e+03,3.8386e-02,3.8650e+00,1.7501e+01,1.3842e+00,7.6524e-02
7.3300e+03,3.8208e-02,3.8648e+00,1.7501e+01,1.3844e+00,7.6535e-02
7.3400e+03,3.8031e-02,3.8646e+00,1.7501e+01,1.3846e+00,7.6546e-02
7.3500e+03,3.7854e-02,3.8645e+00,1.7501e+01,1.3847e+00,7.6557e-02
7.3600e+03,3.7678e-02,3.8643e+00,1.7501e+01,1.3849e+00,7.6567e-02
7.3700e+03,3.7503e-02,3.8641e+00,1.7501e+01,1.3851e+00,7.6578e-02
7.3800e+03,3.7329e-02,3.8640e+00,1.7501e+01,1.3852e+00,7.6589e-02
7.3900e+03,3.7156e-02,3.8638e+00,1.7501e+01,1.3854e+00,7.6599e-02
7.4000e+03,3.6983e-02,3.8637e+00,1.7501e+01,1.3856e+00,7.6610e-02
7.4100e+03,3.6811e-02,3.8635e+00,1.7501e+01,1.3857e+00,7.6620e-02
7.4200e+03,3.6640e-02,3.8633e+00,1.7501e+01,1.3859e+00,7.6630e-02
7.4300e+03,3.6470e-02,3.8632e+00,1.7501e+01,1.3860e+00,7.6641e-02
7.4400e+03,3.6301e-02,3.8630e+00,1.7501e+01,1.3862e+00,7.6651e-02
7.4500e+03,3.6132e-02,3.8629e+00,1.7501e+01,1.3863e+00,7.6661e-02
7.4600e+03,3.5965e-02,3.8627e+00,1.7501e+01,1.3865e+00,7.6672e-02
7.4700e+03,3.5798e-02,3.8625e+00,1.7501e+01,1.3867e+00,7.6682e-02
7.4800e+03,3.5631e-02,3.8624e+00,1.7501e+01,1.3868e+00,7.6692e-02
7.4900e+03,3.5466e-02,3.8622e+00,1.7501e+01,1.3870e+00,7.6702e-02
7.5000e+03,3.5301e-02,3.8621e+00,1.7501e+01,1.3871e+00,7.6712e-02
7.5100e+03,3.5137e-02,3.8619e+00,1.7501e+01,1.3873e+00,7.6722e-02
7.5200e+03,3.4974e-02,3.8618e+00,1.7501e+01,1.3874e+00,7.6732e-02
7.5300e+03,3.4812e-02,3.8616e+00,1.7501e+01,1.3876e+00,7.6742e-02
7.5400e+03,3.4650e-02,3.8615e+00,1.7501e+01,1.3877e+00,7.6751e-02
7.5500e+03,3.4490e-02,3.8613e+00,1.7501e+01,1.3879e+00,7.6761e-02
7.5600e+03,3.4330e-02,3.8612e+00,1.7501e+01,1.3880e+00,7.6771e-02
7.5700e+03,3.4170e-02,3.8610e+00,1.7501e+01,1.3882e+00,7.6781e-02
7.5800e+03,3.4012e-02,3.8609e+00,1.7501e+01,1.3883e+00,7.6790e-02
7.5900e+03,3.3854e-02,3.8607e+00,1.7501e+01,1.3885e+00,7.6800e-02
7.6000e+03,3.3697e-02,3.8606e+00,1.7501e+01,1.3886e+00,7.6809e-02
7.6100e+03,3.3540e-02,3.8604e+00,1.7501e+01,1.3888e+00,7.6819e-02
7.6200e+03,3.3385e-02,3.8603e+00,1.7501e+01,1.3889e+00,7.6828e-02
7.6300e+03,3.3230e-02,3.8601e+00,1.7501e+01,1.3891e+00,7.6838e-02
7.6400e+03,3.3076e-02,3.8600e+00,1.7501e+01,1.3892e+00,7.6847e-02
7.6500e+03,3.2922e-02,3.8598e+00,1.7501e+01,1.3894e+00,7.6857e-02
7.6600e+03,3.2769e-02,3.8597e+00,1.7501e+01,1.3895e+00,7.6866e-02
7.6700e+03,3.2617e-02,3.8596e+00,1.7501e+01,1.3897e+00,7.6875e-02
7.6800e+03,3.2466e-02,3.8594e+00,1.7501e+01,1.3898e+00,7.6884e-02
7.6900e+03,3.2315e-02,3.8593e+00,1.7501e+01,1.3899e+00,7.6893e-02
7.7000e+03,3.2166e-02,3.8591e+00,1.7501e+01,1.3901e+00,7.6903e-02
7.7100e+03,3.2016e-02,3.8590e+00,1.7501e+01,1.3902e+00,7.6912e-02
7.7200e+03,3.1868e-02,3.8589e+00,1.7501e+01,1.3904e+00,7.6921e-02
7.7300e+03,3.1720e-02,3.8587e+00,1.7501e+01,1.3905e+00,7.6930e-02
7.7400e+03,3.1573e-02,3.8586e+00,1.7501e+01,1.3906e+00,7.6939e-02
7.7500e+03,3.1426e-02,3.8584e+00,1.7501e+01,1.3908e+00,7.6948e-02
7.7600e+03,3.1281e-02,3.8583e+00,1.7501e+01,1.3909e+00,7.6956e-02
7.7700e+03,3.1136e-02,3.8582e+00,1.7501e+01,1.3910e+00,7.6965e-02
7.7800e+03,3.0991e-02,3.8580e+00,1.7501e+01,1.3912e+00,7.6974e-02
7.7900e+03,3.0847e-02,3.8579e+00,1.7501e+01,1.3913e+00,7.6983e-02
7.8000e+03,3.0704e-02,3.8578e+00,1.7501e+01,1.3914e+00,7.6991e-02
7.8100e+03,3.0562e-02,3.8576e+00,1.7501e+01,1.3916e+00,7.7000e-02
7.8200e+03,3.0420e-02,3.8575e+00,1.7501e+01,1.3917e+00,7.7009e-02
7.8300e+03,3.0279e-02,3.8574e+00,1.7501e+01,1.3918e+00,7.7017e-02
7.8400e+03,3.0139e-02,3.8572e+00,1.7501e+01,1.3920e+00,7.7026e-02
7.8500e+03,2.9999e-02,3.8571e+00,1.7501e+01,1.3921e+00,7.7034e-02
7.8600e+03,2.9860e-02,3.8570e+00,1.7501e+01,1.3922e+00,7.7043e-02
7.8700e+03,2.9722e-02,3.8568e+00,1.7501e+01,1.3924e+00,7.7051e-02
7.8800e+03,2.9584e-02,3.8567e+00,1.7501e+01,1.3925e+00,7.7060e-02
7.8900e+03,2.9447e-02,3.8566e+00,1.7501e+01,1.3926e+00,7.7068e-02
7.9000e+03,2.9310e-02,3.8564e+00,1.7501e+01,1.3928e+00,7.7076e-02
7.9100e+03,2.9174e-02,3.8563e+00,1.7501e+01,1.3929e+00,7.7085e-02
7.9200e+03,2.9039e-02,3.8562e+00,1.7501e+01,1.3930e+00,7.7093e-02
7.9300e+03,2.8904e-02,3.8561e+00,1.7501e+01,1.3931e+00,7.7101e-02
7.9400e+03,2.8770e-02,3.8559e+00,1.7501e+01,1.3933e+00,7.7109e-02
7.9500e+03,2.8637e-02,3.8558e+00,1.7501e+01,1.3934e+00,7.7117e-02
7.9600e+03,2.8504e-02,3.8557e+00,1.7501e+01,1.3935e+00,7.7125e-02
7.9700e+03,2.8372e-02,3.8556e+00,1.7501e+01,1.3936e+00,7.7133e-02
7.9800e+03,2.8241e-02,3.8554e+00,1.7501e+01,1.3938e+00,7.7141e-02
7.9900e+03,2.8110e-02,3.8553e+00,1.7501e+01,1.3939e+00,7.7149e-02
8.0000e+03,2.7980e-02,3.8552e+00,1.7501e+01,1.3940e+00,7.7157e-02
8.0100e+03,2.7850e-02,3.8551e+00,1.7501e+01,1.3941e+00,7.7165e-02
8.0200e+03,2.7721e-02,3.8550e+00,1.7501e+01,1.3942e+00,7.7173e-02
8.0300e+03,2.7592e-02,3.8548e+00,1.7501e+01,1.3944e+00,7.7181e-02
8.0400e+03,2.7465e-02,3.8547e+00,1.7501e+01,1.3945e+00,7.7189e-02
8.0500e+03,2.7337e-02,3.8546e+00,1.7501e+01,1.3946e+00,7.7196e-02
8.0600e+03,2.7211e-02,3.8545e+00,1.7501e+01,1.3947e+00,7.7204e-02
8.0700e+03,2.7084e-02,3.8544e+00,1.7501e+01,1.3948e+00,7.7212e-02
8.0800e+03,2.6959e-02,3.8542e+00,1.7501e+01,1.3950e+00,7.7220e-02
8.0900e+03,2.6834e-02,3.8541e+00,1.7501e+01,1.3951e+00,7.7227e-02
8.1000e+03,2.6710e-02,3.8540e+00,1.7501e+01,1.3952e+00,7.7235e-02
8.1100e+03,2.6586e-02,3.8539e+00,1.7501e+01,1.3953e+00,7.7242e-02
8.1200e+03,2.6463e-02,3.8538e+00,1.7501e+01,1.3954e+00,7.7250e-02
8.1300e+03,2.6340e-02,3.8537e+00,1.7501e+01,1.3955e+00,7.7257e-02
8.1400e+03,2.6218e-02,3.8535e+00,1.7501e+01,1.3957e+00,7.7265e-02
8.1500e+03,2.6097e-02,3.8534e+00,1.7501e+01,1.3958e+00,7.7272e-02
8.1600e+03,2.5976e-02,3.8533e+00,1.7501e+01,1.3959e+00,7.7279e-02
8.1700e+03,2.5856e-02,3.8532e+00,1.7501e+01,1.3960e+00,7.7287e-02
8.1800e+03,2.5736e-02,3.8531e+00,1.7501e+01,1.3961e+00,7.7294e-02
8.1900e+03,2.5617e-02,3.8530e+00,1.7501e+01,1.3962e+00,7.7301e-02
8.2000e+03,2.5498e-02,3.8529e+00,1.7501e+01,1.3963e+00,7.7309e-02
8.2100e+03,2.5380e-02,3.8528e+00,1.7501e+01,1.3964e+00,7.7316e-02
8.2200e+03,2.5262e-02,3.8526e+00,1.7501e+01,1.3966e+00,7.7323e-02
8.2300e+03,2.5145e-02,3.8525e+00,1.7501e+01,1.3967e+00,7.7330e-02
8.2400e+03,2.5029e-02,3.8524e+00,1.7501e+01,1.3968e+00,7.7337e-02
8.2500e+03,2.4913e-02,3.8523e+00,1.7501e+01,1.3969e+00,7.7344e-02
8.2600e+03,2.4798e-02,3.8522e+00,1.7501e+01,1.3970e+00,7.7351e-02
8.2700e+03,2.4683e-02,3.8521e+00,1.7501e+01,1.3971e+00,7.7358e-02
8.2800e+03,2.4568e-02,3.8520e+00,1.7501e+01,1.3972e+00,7.7365e-02
8.2900e+03,2.4455e-02,3.8519e+00,1.7501e+01,1.3973e+00,7.7372e-02
8.3000e+03,2.4341e-02,3.8518e+00,1.7501e+01,1.3974e+00,7.7379e-02
8.3100e+03,2.4229e-02,3.8517e+00,1.7501e+01,1.3975e+00,7.7386e-02
8.3200e+03,2.4116e-02,3.8516e+00,1.7501e+01,1.3976e+00,7.7393e-02
8.3300e+03,2.4005e-02,3.8515e+00,1.7501e+01,1.3977e+00,7.7400e-02
8.3400e+03,2.3894e-02,3.8514e+00,1.7501e+01,1.3978e+00,7.7406e-02
8.3500e+03,2.3783e-02,3.8513e+00,1.7501e+01,1.3979e+00,7.7413e-02
8.3600e+03,2.3673e-02,3.8512e+00,1.7501e+01,1.3981e+00,7.7420e-02
8.3700e+03,2.3563e-02,3.8510e+00,1.7501e+01,1.3982e+00,7.7426e-02
8.3800e+03,2.3454e-02,3.8509e+00,1.7501e+01,1.3983e+00,7.7433e-02
8.3900e+03,2.3346e-02,3.8508e+00,1.7501e+01,1.3984e+00,7.7440e-02
8.4000e+03,2.3238e-02,3.8507e+00,1.7501e+01,1.3985e+00,7.7446e-02
8.4100e+03,2.3130e-02,3.8506e+00,1.7501e+01,1.3986e+00,7.7453e-02
8.4200e+03,2.3023e-02,3.8505e+00,1.7501e+01,1.3987e+00,7.7459e-02
8.4300e+03,2.2916e-02,3.8504e+00,1.7501e+01,1.3988e+00,7.7466e-02
8.4400e+03,2.2810e-02,3.8503e+00,1.7501e+01,1.3989e+00,7.7472e-02
8.4500e+03,2.2705e-02,3.8502e+00,1.7501e+01,1.3990e+00,7.7479e-02
8.4600e+03,2.2600e-02,3.8501e+00,1.7501e+01,1.3991e+00,7.7485e-02
8.4700e+03,2.2495e-02,3.8500e+00,1.7501e+01,1.3992e+00,7.7492e-02
8.4800e+03,2.2391e-02,3.8499e+00,1.7501e+01,1.3993e+00,7.7498e-02
8.4900e+03,2.2287e-02,3.8498e+00,1.7501e+01,1.3994e+00,7.7504e-02
8.5000e+03,2.2184e-02,3.8498e+00,1.7501e+01,1.3994e+00,7.7511e-02
8.5100e+03,2.2081e-02,3.8497e+00,1.7501e+01,1.3995e+00,7.7517e-02
8.5200e+03,2.1979e-02,3.8496e+00,1.7501e+01,1.3996e+00,7.7523e-02
8.5300e+03,2.1877e-02,3.8495e+00,1.7501e+01,1.3997e+00,7.7529e-02
8.5400e+03,2.1776e-02,3.8494e+00,1.7501e+01,1.3998e+00,7.7535e-02
8.5500e+03,2.1675e-02,3.8493e+00,1.7501e+01,1.3999e+00,7.7542e-02
8.5600e+03,2.1575e-02,3.8492e+00,1.7501e+01,1.4000e+00,7.7548e-02
8.5700e+03,2.1475e-02,3.8491e+00,1.7501e+01,1.4001e+00,7.7554e-02
8.5800e+03,2.1376e-02,3.8490e+00,1.7501e+01,1.4002e+00,7.7560e-02
8.5900e+03,2.1277e-02,3.8489e+00,1.7501e+01,1.4003e+00,7.7566e-02
8.6000e+03,2.1178e-02,3.8488e+00,1.7501e+01,1.4004e+00,7.7572e-02
8.6100e+03,2.1081e-02,3.8487e+00,1.7501e+01,1.4005e+00,7.7578e-02
8.6200e+03,2.0983e-02,3.8486e+00,1.7501e+01,1.4006e+00,7.7584e-02
8.6300e+03,2.0886e-02,3.8485e+00,1.7501e+01,1.4007e+00,7.7590e-02
8.6400e+03,2.0789e-02,3.8484e+00,1.7501e+01,1.4008e+00,7.7596e-02
8.6500e+03,2.0693e-02,3.8484e+00,1.7501e+01,1.4008e+00,7.7601e-02
8.6600e+03,2.0597e-02,3.8483e+00,1.7501e+01,1.4009e+00,7.7607e-02
8.6700e+03,2.0502e-02,3.8482e+00,1.7501e+01,1.4010e+00,7.7613e-02
8.6800e+03,2.0407e-02,3.8481e+00,1.7501e+01,1.4011e+00,7.7619e-02
8.6900e+03,2.0313e-02,3.8480e+00,1.7501e+01,1.4012e+00,7.7625e-02
8.7000e+03,2.0219e-02,3.8479e+00,1.7501e+01,1.4013e+00,7.7630e-02
8.7100e+03,2.0125e-02,3.8478e+00,1.7501e+01,1.4014e+00,7.7636e-02
8.7200e+03,2.0032e-02,3.8477e+00,1.7501e+01,1.4015e+00,7.7642e-02
8.7300e+03,1.9939e-02,3.8476e+00,1.7501e+01,1.4016e+00,7.7647e-02
8.7400e+03,1.9847e-02,3.8476e+00,1.7501e+01,1.4016e+00,7.7653e-02
8.7500e+03,1.9755e-02,3.8475e+00,1.7501e+01,1.4017e+00,7.7659e-02
8.7600e+03,1.9664e-02,3.8474e+00,1.7501e+01,1.4018e+00,7.7664e-02
8.7700e+03,1.9573e-02,3.8473e+00,1.7501e+01,1.4019e+00,7.7670e-02
8.7800e+03,1.9483e-02,3.8472e+00,1.7501e+01,1.4020e+00,7.7675e-02
8.7900e+03,1.9392e-02,3.8471e+00,1.7501e+01,1.4021e+00,7.7681e-02
8.8000e+03,1.9303e-02,3.8470e+00,1.7501e+01,1.4022e+00,7.7686e-02
8.8100e+03,1.9213e-02,3.8470e+00,1.7501e+01,1.4022e+00,7.7692e-02
8.8200e+03,1.9125e-02,3.8469e+00,1.7501e+01,1.4023e+00,7.7697e-02
8.8300e+03,1.9036e-02,3.8468e+00,1.7501e+01,1.4024e+00,7.7703e-02
8.8400e+03,1.8948e-02,3.8467e+00,1.7501e+01,1.4025e+00,7.7708e-02
8.8500e+03,1.8860e-02,3.8466e+00,1.7501e+01,1.4026e+00,7.7713e-02
8.8600e+03,1.8773e-02,3.8465e+00,1.7501e+01,1.4027e+00,7.7719e-02
8.8700e+03,1.8686e-02,3.8465e+00,1.7501e+01,1.4027e+00,7.7724e-02
8.8800e+03,1.8600e-02,3.8464e+00,1.7501e+01,1.4028e+00,7.7729e-02
8.8900e+03,1.8514e-02,3.8463e+00,1.7501e+01,1.4029e+00,7.7734e-02
8.9000e+03,1.8428e-02,3.8462e+00,1.7501e+01,1.4030e+00,7.7740e-02
8.9100e+03,1.8343e-02,3.8461e+00,1.7501e+01,1.4031e+00,7.7745e-02
8.9200e+03,1.8258e-02,3.8461e+00,1.7501e+01,1.4031e+00,7.7750e-02
8.9300e+03,1.8174e-02,3.8460e+00,1.7501e+01,1.4032e+00,7.7755e-02
8.9400e+03,1.8090e-02,3.8459e+00,1.7501e+01,1.4033e+00,7.7760e-02
8.9500e+03,1.8006e-02,3.8458e+00,1.7501e+01,1.4034e+00,7.7765e-02
8.9600e+03,1.7923e-02,3.8457e+00,1.7501e+01,1.4034e+00,7.7771e-02
8.9700e+03,1.7840e-02,3.8457e+00,1.7501e+01,1.4035e+00,7.7776e-02
8.9800e+03,1.7758e-02,3.8456e+00,1.7501e+01,1.4036e+00,7.7781e-02
8.9900e+03,1.7675e-02,3.8455e+00,1.7501e+01,1.4037e+00,7.7786e-02
9.0000e+03,1.7594e-02,3.8454e+00,1.7501e+01,1.4038e+00,7.7791e-02
9.0100e+03,1.7512e-02,3.8454e+00,1.7501e+01,1.4038e+00,7.7796e-02
9.0200e+03,1.7431e-02,3.8453e+00,1.7501e+01,1.4039e+00,7.7801e-02
9.0300e+03,1.7351e-02,3.8452e+00,1.7501e+01,1.4040e+00,7.7805e-02
9.0400e+03,1.7271e-02,3.8451e+00,1.7501e+01,1.4041e+00,7.7810e-02
9.0500e+03,1.7191e-02,3.8451e+00,1.7501e+01,1.4041e+00,7.7815e-02
9.0600e+03,1.7111e-02,3.8450e+00,1.7501e+01,1.4042e+00,7.7820e-02
9.0700e+03,1.7032e-02,3.8449e+00,1.7501e+01,1.4043e+00,7.7825e-02
9.0800e+03,1.6953e-02,3.8448e+00,1.7501e+01,1.4044e+00,7.7830e-02
9.0900e+03,1.6875e-02,3.8448e+00,1.7501e+01,1.4044e+00,7.7834e-02
9.1000e+03,1.6797e-02,3.8447e+00,1.7501e+01,1.4045e+00,7.7839e-02
9.1100e+03,1.6719e-02,3.8446e+00,1.7501e+01,1.4046e+00,7.7844e-02
9.1200e+03,1.6642e-02,3.8445e+00,1.7501e+01,1.4047e+00,7.7849e-02
9.1300e+03,1.6565e-02,3.8445e+00,1.7501e+01,1.4047e+00,7.7853e-02
9.1400e+03,1.6489e-02,3.8444e+00,1.7501e+01,1.4048e+00,7.7858e-02
9.1500e+03,1.6412e-02,3.8443e+00,1.7501e+01,1.4049e+00,7.7863e-02
9.1600e+03,1.6337e-02,3.8443e+00,1.7501e+01,1.4049e+00,7.7867e-02
9.1700e+03,1.6261e-02,3.8442e+00,1.7501e+01,1.4050e+00,7.7872e-02
9.1800e+03,1.6186e-02,3.8441e+00,1.7501e+01,1.4051e+00,7.7877e-02
9.1900e+03,1.6111e-02,3.8440e+00,1.7501e+01,1.4052e+00,7.7881e-02
9.2000e+03,1.6037e-02,3.8440e+00,1.7501e+01,1.4052e+00,7.7886e-02
9.2100e+03,1.5962e-02,3.8439e+00,1.7501e+01,1.4053e+00,7.7890e-02
9.2200e+03,1.5889e-02,3.8438e+00,1.7501e+01,1.4054e+00,7.7895e-02
9.2300e+03,1.5815e-02,3.8438e+00,1.7501e+01,1.4054e+00,7.7899e-02
9.2400e+03,1.5742e-02,3.8437e+00,1.7501e+01,1.4055e+00,7.7904e-02
9.2500e+03,1.5669e-02,3.8436e+00,1.7501e+01,1.4056e+00,7.7908e-02
9.2600e+03,1.5597e-02,3.8436e+00,1.7501e+01,1.4056e+00,7.7913e-02
9.2700e+03,1.5525e-02,3.8435e+00,1.7501e+01,1.4057e+00,7.7917e-02
9.2800e+03,1.5453e-02,3.8434e+00,1.7501e+01,1.4058e+00,7.7921e-02
9.2900e+03,1.5382e-02,3.8434e+00,1.7501e+01,1.4058e+00,7.7926e-02
9.3000e+03,1.5311e-02,3.8433e+00,1.7501e+01,1.4059e+00,7.7930e-02
9.3100e+03,1.5240e-02,3.8432e+00,1.7501e+01,1.4060e+00,7.7934e-02
9.3200e+03,1.5170e-02,3.8432e+00,1.7501e+01,1.4060e+00,7.7939e-02
9.3300e+03,1.5099e-02,3.8431e+00,1.7501e+01,1.4061e+00,7.7943e-02
9.3400e+03,1.5030e-02,3.8430e+00,1.7501e+01,1.4062e+00,7.7947e-02
9.3500e+03,1.4960e-02,3.8430e+00,1.7501e+01,1.4062e+00,7.7951e-02
9.3600e+03,1.4891e-02,3.8429e+00,1.7501e+01,1.4063e+00,7.7956e-02
9.3700e+03,1.4822e-02,3.8428e+00,1.7501e+01,1.4064e+00,7.7960e-02
9.3800e+03,1.4754e-02,3.8428e+00,1.7501e+01,1.4064e+00,7.7964e-02
9.3900e+03,1.4686e-02,3.8427e+00,1.7501e+01,1.4065e+00,7.7968e-02
9.4000e+03,1.4618e-02,3.8426e+00,1.7501e+01,1.4066e+00,7.7972e-02
9.4100e+03,1.4550e-02,3.8426e+00,1.7501e+01,1.4066e+00,7.7976e-02
9.4200e+03,1.4483e-02,3.8425e+00,1.7501e+01,1.4067e+00,7.7981e-02
9.4300e+03,1.4416e-02,3.8425e+00,1.7501e+01,1.4067e+00,7.7985e-02
9.4400e+03,1.4349e-02,3.8424e+00,1.7501e+01,1.4068e+00,7.7989e-02
9.4500e+03,1.4283e-02,3.8423e+00,1.7501e+01,1.4069e+00,7.7993e-02
9.4600e+03,1.4217e-02,3.8423e+00,1.7501e+01,1.4069e+00,7.7997e-02
9.4700e+03,1.4151e-02,3.8422e+00,1.7501e+01,1.4070e+00,7.8001e-02
9.4800e+03,1.4086e-02,3.8421e+00,1.7501e+01,1.4071e+00,7.8005e-02
9.4900e+03,1.4021e-02,3.8421e+00,1.7501e+01,1.4071e+00,7.8009e-02
9.5000e+03,1.3956e-02,3.8420e+00,1.7501e+01,1.4072e+00,7.8013e-02
9.5100e+03,1.3892e-02,3.8420e+00,1.7501e+01,1.4072e+00,7.8017e-02
9.5200e+03,1.3828e-02,3.8419e+00,1.7501e+01,1.4073e+00,7.8021e-02
9.5300e+03,1.3764e-02,3.8418e+00,1.7501e+01,1.4074e+00,7.8025e-02
9.5400e+03,1.3700e-02,3.8418e+00,1.7501e+01,1.4074e+00,7.8028e-02
9.5500e+03,1.3637e-02,3.8417e+00,1.7501e+01,1.4075e+00,7.8032e-02
9.5600e+03,1.3574e-02,3.8417e+00,1.7501e+01,1.4075e+00,7.8036e-02
9.5700e+03,1.3511e-02,3.8416e+00,1.7501e+01,1.4076e+00,7.8040e-02
9.5800e+03,1.3449e-02,3.8415e+00,1.7501e+01,1.4077e+00,7.8044e-02
9.5900e+03,1.3387e-02,3.8415e+00,1.7501e+01,1.4077e+00,7.8048e-02
9.6000e+03,1.3325e-02,3.8414e+00,1.7501e+01,1.4078e+00,7.8051e-02
9.6100e+03,1.3263e-02,3.8414e+00,1.7501e+01,1.4078e+00,7.8055e-02
9.6200e+03,1.3202e-02,3.8413e+00,1.7501e+01,1.4079e+00,7.8059e-02
9.6300e+03,1.3141e-02,3.8413e+00,1.7501e+01,1.4079e+00,7.8063e-02
9.6400e+03,1.3080e-02,3.8412e+00,1.7501e+01,1.4080e+00,7.8066e-02
9.6500e+03,1.3020e-02,3.8411e+00,1.7501e+01,1.4081e+00,7.8070e-02
9.6600e+03,1.2960e-02,3.8411e+00,1.7501e+01,1.4081e+00,7.8074e-02
9.6700e+03,1.2900e-02,3.8410e+00,1.7501e+01,1.4082e+00,7.8077e-02
9.6800e+03,1.2840e-02,3.8410e+00,1.7501e+01,1.4082e+00,7.8081e-02
9.6900e+03,1.2781e-02,3.8409e+00,1.7501e+01,1.4083e+00,7.8085e-02
9.7000e+03,1.2722e-02,3.8409e+00,1.7501e+01,1.4083e+00,7.8088e-02
9.7100e+03,1.2663e-02,3.8408e+00,1.7501e+01,1.4084e+00,7.8092e-02
9.7200e+03,1.2605e-02,3.8408e+00,1.7501e+01,1.4084e+00,7.8095e-02
9.7300e+03,1.2547e-02,3.8407e+00,1.7501e+01,1.4085e+00,7.8099e-02
9.7400e+03,1.2489e-02,3.8406e+00,1.7501e+01,1.4086e+00,7.8102e-02
9.7500e+03,1.2431e-02,3.8406e+00,1.7501e+01,1.4086e+00,7.8106e-02
9.7600e+03,1.2374e-02,3.8405e+00,1.7501e+01,1.4087e+00,7.8109e-02
9.7700e+03,1.2316e-02,3.8405e+00,1.7501e+01,1.4087e+00,7.8113e-02
9.7800e+03,1.2259e-02,3.8404e+00,1.7501e+01,1.4088e+00,7.8116e-02
9.7900e+03,1.2203e-02,3.8404e+00,1.7501e+01,1.4088e+00,7.8120e-02
9.8000e+03,1.2147e-02,3.8403e+00,1.7501e+01,1.4089e+00,7.8123e-02
9.8100e+03,1.2090e-02,3.8403e+00,1.7501e+01,1.4089e+00,7.8127e-02
9.8200e+03,1.2035e-02,3.8402e+00,1.7501e+01,1.4090e+00,7.8130e-02
9.8300e+03,1.1979e-02,3.8402e+00,1.7501e+01,1.4090e+00,7.8134e-02
9.8400e+03,1.1924e-02,3.8401e+00,1.7501e+01,1.4091e+00,7.8137e-02
9.8500e+03,1.1869e-02,3.8401e+00,1.7501e+01,1.4091e+00,7.8140e-02
9.8600e+03,1.1814e-02,3.8400e+00,1.7501e+01,1.4092e+00,7.8144e-02
9.8700e+03,1.1759e-02,3.8400e+00,1.7501e+01,1.4092e+00,7.8147e-02
9.8800e+03,1.1705e-02,3.8399e+00,1.7501e+01,1.4093e+00,7.8150e-02
9.8900e+03,1.1651e-02,3.8399e+00,1.7501e+01,1.4093e+00,7.8154e-02
9.9000e+03,1.1597e-02,3.8398e+00,1.7501e+01,1.4094e+00,7.8157e-02
9.9100e+03,1.1544e-02,3.8398e+00,1.7501e+01,1.4094e+00,7.8160e-02
