t,[L2M],[D],[L],[L2MD],[L2Ms]
0.0000e+00,1.5000e+00,5.2500e+00,1.2500e+01,0.0000e+00,0.0000e+00
1.0000e+01,1.4860e+00,5.2377e+00,1.2501e+01,1.2255e-02,5.8427e-04
2.0000e+01,1.4732e+00,5.2255e+00,1.2501e+01,2.4416e-02,1.1654e-03
3.0000e+01,1.4606e+00,5.2135e+00,1.2501e+01,3.6446e-02,1.7416e-03
4.0000e+01,1.4481e+00,5.2016e+00,1.2501e+01,4.8346e-02,2.3128e-03
5.0000e+01,1.4358e+00,5.1898e+00,1.2501e+01,6.0117e-02,2.8793e-03
6.0000e+01,1.4236e+00,5.1782e+00,1.2501e+01,7.1763e-02,3.4409e-03
7.0000e+01,1.4115e+00,5.1666e+00,1.2501e+01,8.3284e-02,3.9977e-03
8.0000e+01,1.3996e+00,5.1552e+00,1.2501e+01,9.4683e-02,4.5499e-03
9.0000e+01,1.3877e+00,5.1439e+00,1.2501e+01,1.0596e-01,5.0974e-03
1.0000e+02,1.3760e+00,5.1328e+00,1.2501e+01,1.1712e-01,5.6403e-03
1.1000e+02,1.3645e+00,5.1217e+00,1.2501e+01,1.2816e-01,6.1787e-03
1.2000e+02,1.3530e+00,5.1108e+00,1.2501e+01,1.3909e-01,6.7126e-03
1.3000e+02,1.3417e+00,5.1000e+00,1.2501e+01,1.4990e-01,7.2419e-03
1.4000e+02,1.3304e+00,5.0893e+00,1.2501e+01,1.6060e-01,7.7669e-03
1.5000e+02,1.3193e+00,5.0787e+00,1.2501e+01,1.7118e-01,8.2875e-03
1.6000e+02,1.3083e+00,5.0682e+00,1.2501e+01,1.8166e-01,8.8038e-03
1.7000e+02,1.2975e+00,5.0578e+00,1.2501e+01,1.9203e-01,9.3158e-03
1.8000e+02,1.2867e+00,5.0475e+00,1.2501e+01,2.0229e-01,9.8236e-03
1.9000e+02,1.2760e+00,5.0374e+00,1.2501e+01,2.1245e-01,1.0327e-02
2.0000e+02,1.2655e+00,5.0273e+00,1.2501e+01,2.2250e-01,1.0827e-02
2.1000e+02,1.2550e+00,5.0173e+00,1.2501e+01,2.3245e-01,1.1322e-02
2.2000e+02,1.2447e+00,5.0075e+00,1.2501e+01,2.4230e-01,1.1813e-02
2.3000e+02,1.2345e+00,4.9977e+00,1.2501e+01,2.5205e-01,1.2300e-02
2.4000e+02,1.2243e+00,4.9881e+00,1.2501e+01,2.6170e-01,1.2784e-02
2.5000e+02,1.2143e+00,4.9785e+00,1.2501e+01,2.7125e-01,1.3263e-02
2.6000e+02,1.2044e+00,4.9690e+00,1.2501e+01,2.8071e-01,1.3738e-02
2.7000e+02,1.1945e+00,4.9597e+00,1.2501e+01,2.9007e-01,1.4210e-02
2.8000e+02,1.1848e+00,4.9504e+00,1.2501e+01,2.9934e-01,1.4677e-02
2.9000e+02,1.1751e+00,4.9412e+00,1.2501e+01,3.0852e-01,1.5141e-02
3.0000e+02,1.1656e+00,4.9321e+00,1.2501e+01,3.1761e-01,1.5601e-02
3.1000e+02,1.1561e+00,4.9231e+00,1.2501e+01,3.2660e-01,1.6058e-02
3.2000e+02,1.1468e+00,4.9142e+00,1.2501e+01,3.3551e-01,1.6510e-02
3.3000e+02,1.1375e+00,4.9054e+00,1.2501e+01,3.4433e-01,1.6959e-02
3.4000e+02,1.1283e+00,4.8966e+00,1.2501e+01,3.5306e-01,1.7405e-02
3.5000e+02,1.1192e+00,4.8880e+00,1.2501e+01,3.6171e-01,1.7847e-02
3.6000e+02,1.1102e+00,4.8794e+00,1.2501e+01,3.7027e-01,1.8285e-02
3.7000e+02,1.1013e+00,4.8709e+00,1.2501e+01,3.7875e-01,1.8720e-02
3.8000e+02,1.0925e+00,4.8625e+00,1.2501e+01,3.8714e-01,1.9151e-02
3.9000e+02,1.0838e+00,4.8542e+00,1.2501e+01,3.9546e-01,1.9579e-02
4.0000e+02,1.0751e+00,4.8460e+00,1.2501e+01,4.0369e-01,2.0003e-02
4.1000e+02,1.0665e+00,4.8378e+00,1.2501e+01,4.1185e-01,2.0425e-02
4.2000e+02,1.0580e+00,4.8297e+00,1.2501e+01,4.1993e-01,2.0842e-02
4.3000e+02,1.0496e+00,4.8217e+00,1.2501e+01,4.2793e-01,2.1257e-02
4.4000e+02,1.0413e+00,4.8138e+00,1.2501e+01,4.3585e-01,2.1668e-02
4.5000e+02,1.0330e+00,4.8059e+00,1.2501e+01,4.4370e-01,2.2076e-02
4.6000e+02,1.0249e+00,4.7982e+00,1.2501e+01,4.5147e-01,2.2480e-02
4.7000e+02,1.0167e+00,4.7905e+00,1.2501e+01,4.5917e-01,2.2882e-02
4.8000e+02,1.0087e+00,4.7828e+00,1.2501e+01,4.6680e-01,2.3280e-02
4.9000e+02,1.0008e+00,4.7753e+00,1.2501e+01,4.7435e-01,2.3675e-02
5.0000e+02,9.9290e-01,4.7678e+00,1.2501e+01,4.8183e-01,2.4068e-02
5.1000e+02,9.8510e-01,4.7603e+00,1.2501e+01,4.8925e-01,2.4457e-02
5.2000e+02,9.7737e-01,4.7530e+00,1.2501e+01,4.9659e-01,2.4843e-02
5.3000e+02,9.6971e-01,4.7457e+00,1.2501e+01,5.0387e-01,2.5225e-02
5.4000e+02,9.6212e-01,4.7385e+00,1.2501e+01,5.1107e-01,2.5605e-02
5.5000e+02,9.5460e-01,4.7314e+00,1.2501e+01,5.1821e-01,2.5982e-02
5.6000e+02,9.4716e-01,4.7243e+00,1.2501e+01,5.2529e-01,2.6356e-02
5.7000e+02,9.3978e-01,4.7173e+00,1.2501e+01,5.3230e-01,2.6728e-02
5.8000e+02,9.3246e-01,4.7103e+00,1.2501e+01,5.3924e-01,2.7096e-02
5.9000e+02,9.2522e-01,4.7034e+00,1.2501e+01,5.4612e-01,2.7461e-02
6.0000e+02,9.1804e-01,4.6966e+00,1.2501e+01,5.5294e-01,2.7824e-02
6.1000e+02,9.1093e-01,4.6899e+00,1.2501e+01,5.5969e-01,2.8184e-02
6.2000e+02,9.0388e-01,4.6832e+00,1.2501e+01,5.6638e-01,2.8541e-02
6.3000e+02,8.9689e-01,4.6765e+00,1.2501e+01,5.7301e-01,2.8895e-02
6.4000e+02,8.8997e-01,4.6699e+00,1.2501e+01,5.7959e-01,2.9246e-02
6.5000e+02,8.8311e-01,4.6634e+00,1.2501e+01,5.8610e-01,2.9595e-02
6.6000e+02,8.7631e-01,4.6570e+00,1.2501e+01,5.9255e-01,2.9941e-02
6.7000e+02,8.6957e-01,4.6506e+00,1.2501e+01,5.9894e-01,3.0285e-02
6.8000e+02,8.6290e-01,4.6442e+00,1.2501e+01,6.0528e-01,3.0626e-02
6.9000e+02,8.5628e-01,4.6379e+00,1.2501e+01,6.1156e-01,3.0964e-02
7.0000e+02,8.4972e-01,4.6317e+00,1.2501e+01,6.1778e-01,3.1300e-02
7.1000e+02,8.4322e-01,4.6255e+00,1.2501e+01,6.2395e-01,3.1633e-02
7.2000e+02,8.3678e-01,4.6194e+00,1.2501e+01,6.3006e-01,3.1963e-02
7.3000e+02,8.3039e-01,4.6134e+00,1.2501e+01,6.3612e-01,3.2291e-02
7.4000e+02,8.2406e-01,4.6074e+00,1.2501e+01,6.4212e-01,3.2617e-02
7.5000e+02,8.1779e-01,4.6014e+00,1.2501e+01,6.4807e-01,3.2940e-02
7.6000e+02,8.1157e-01,4.5955e+00,1.2501e+01,6.5397e-01,3.3261e-02
7.7000e+02,8.0541e-01,4.5896e+00,1.2501e+01,6.5981e-01,3.3579e-02
7.8000e+02,7.9930e-01,4.5839e+00,1.2501e+01,6.6561e-01,3.3895e-02
7.9000e+02,7.9324e-01,4.5781e+00,1.2501e+01,6.7135e-01,3.4208e-02
8.0000e+02,7.8724e-01,4.5724e+00,1.2501e+01,6.7704e-01,3.4519e-02
8.1000e+02,7.8129e-01,4.5668e+00,1.2501e+01,6.8268e-01,3.4828e-02
8.2000e+02,7.7539e-01,4.5612e+00,1.2501e+01,6.8828e-01,3.5134e-02
8.3000e+02,7.6954e-01,4.5556e+00,1.2501e+01,6.9382e-01,3.5438e-02
8.4000e+02,7.6375e-01,4.5501e+00,1.2501e+01,6.9932e-01,3.5740e-02
8.5000e+02,7.5800e-01,4.5447e+00,1.2501e+01,7.0476e-01,3.6039e-02
8.6000e+02,7.5230e-01,4.5393e+00,1.2501e+01,7.1016e-01,3.6336e-02
8.7000e+02,7.4665e-01,4.5339e+00,1.2501e+01,7.1552e-01,3.6631e-02
8.8000e+02,7.4105e-01,4.5286e+00,1.2501e+01,7.2082e-01,3.6924e-02
8.9000e+02,7.3550e-01,4.5233e+00,1.2501e+01,7.2609e-01,3.7215e-02
9.0000e+02,7.3000e-01,4.5181e+00,1.2501e+01,7.3130e-01,3.7503e-02
9.1000e+02,7.2454e-01,4.5129e+00,1.2501e+01,7.3647e-01,3.7790e-02
9.2000e+02,7.1913e-01,4.5078e+00,1.2501e+01,7.4160e-01,3.8074e-02
9.3000e+02,7.1376e-01,4.5027e+00,1.2501e+01,7.4668e-01,3.8356e-02
9.4000e+02,7.0845e-01,4.4977e+00,1.2501e+01,7.5172e-01,3.8636e-02
9.5000e+02,7.0317e-01,4.4927e+00,1.2501e+01,7.5672e-01,3.8914e-02
9.6000e+02,6.9794e-01,4.4877e+00,1.2501e+01,7.6167e-01,3.9189e-02
9.7000e+02,6.9276e-01,4.4828e+00,1.2501e+01,7.6658e-01,3.9463e-02
9.8000e+02,6.8762e-01,4.4779e+00,1.2501e+01,7.7145e-01,3.9735e-02
9.9000e+02,6.8252e-01,4.4731e+00,1.2501e+01,7.7628e-01,4.0005e-02
1.0000e+03,6.7746e-01,4.4683e+00,1.2501e+01,7.8107e-01,4.0272e-02
1.0100e+03,6.7245e-01,4.4636e+00,1.2501e+01,7.8581e-01,4.0538e-02
1.0200e+03,6.6748e-01,4.4588e+00,1.2501e+01,7.9052e-01,4.0802e-02
1.0300e+03,6.6255e-01,4.4542e+00,1.2501e+01,7.9519e-01,4.1064e-02
1.0400e+03,6.5766e-01,4.4495e+00,1.2501e+01,7.9982e-01,4.1324e-02
1.0500e+03,6.5281e-01,4.4449e+00,1.2501e+01,8.0441e-01,4.1582e-02
1.0600e+03,6.4801e-01,4.4404e+00,1.2501e+01,8.0896e-01,4.1838e-02
1.0700e+03,6.4324e-01,4.4359e+00,1.2501e+01,8.1347e-01,4.2092e-02
1.0800e+03,6.3851e-01,4.4314e+00,1.2501e+01,8.1794e-01,4.2344e-02
1.0900e+03,6.3382e-01,4.4270e+00,1.2501e+01,8.2238e-01,4.2595e-02
1.1000e+03,6.2917e-01,4.4225e+00,1.2501e+01,8.2678e-01,4.2843e-02
1.1100e+03,6.2456e-01,4.4182e+00,1.2501e+01,8.3115e-01,4.3090e-02
1.1200e+03,6.1999e-01,4.4138e+00,1.2501e+01,8.3548e-01,4.3335e-02
1.1300e+03,6.1545e-01,4.4096e+00,1.2501e+01,8.3977e-01,4.3578e-02
1.1400e+03,6.1096e-01,4.4053e+00,1.2501e+01,8.4403e-01,4.3820e-02
1.1500e+03,6.0649e-01,4.4011e+00,1.2501e+01,8.4825e-01,4.4060e-02
1.1600e+03,6.0207e-01,4.3969e+00,1.2501e+01,8.5244e-01,4.4298e-02
1.1700e+03,5.9768e-01,4.3927e+00,1.2501e+01,8.5659e-01,4.4534e-02
1.1800e+03,5.9333e-01,4.3886e+00,1.2501e+01,8.6071e-01,4.4768e-02
1.1900e+03,5.8901e-01,4.3845e+00,1.2501e+01,8.6479e-01,4.5001e-02
1.2000e+03,5.8473e-01,4.3805e+00,1.2501e+01,8.6884e-01,4.5232e-02
1.2100e+03,5.8048e-01,4.3764e+00,1.2501e+01,8.7286e-01,4.5462e-02
1.2200e+03,5.7626e-01,4.3724e+00,1.2501e+01,8.7685e-01,4.5689e-02
1.2300e+03,5.7209e-01,4.3685e+00,1.2501e+01,8.8080e-01,4.5916e-02
1.2400e+03,5.6794e-01,4.3646e+00,1.2501e+01,8.8472e-01,4.6140e-02
1.2500e+03,5.6383e-01,4.3607e+00,1.2501e+01,8.8861e-01,4.6363e-02
1.2600e+03,5.5975e-01,4.3568e+00,1.2501e+01,8.9247e-01,4.6584e-02
1.2700e+03,5.5570e-01,4.3530e+00,1.2501e+01,8.9629e-01,4.6804e-02
1.2800e+03,5.5169e-01,4.3492e+00,1.2501e+01,9.0009e-01,4.7022e-02
1.2900e+03,5.4771e-01,4.3454e+00,1.2501e+01,9.0385e-01,4.7238e-02
1.3000e+03,5.4376e-01,4.3417e+00,1.2501e+01,9.0759e-01,4.7453e-02
1.3100e+03,5.3984e-01,4.3380e+00,1.2501e+01,9.1129e-01,4.7667e-02
1.3200e+03,5.3595e-01,4.3343e+00,1.2501e+01,9.1497e-01,4.7879e-02
1.3300e+03,5.3210e-01,4.3306e+00,1.2501e+01,9.1861e-01,4.8089e-02
1.3400e+03,5.2827e-01,4.3270e+00,1.2501e+01,9.2223e-01,4.8298e-02
1.3500e+03,5.2448e-01,4.3234e+00,1.2501e+01,9.2582e-01,4.8505e-02
1.3600e+03,5.2072e-01,4.3199e+00,1.2501e+01,9.2937e-01,4.8711e-02
1.3700e+03,5.1698e-01,4.3163e+00,1.2501e+01,9.3290e-01,4.8915e-02
1.3800e+03,5.1328e-01,4.3128e+00,1.2501e+01,9.3641e-01,4.9118e-02
1.3900e+03,5.0960e-01,4.3094e+00,1.2501e+01,9.3988e-01,4.9320e-02
1.4000e+03,5.0595e-01,4.3059e+00,1.2501e+01,9.4333e-01,4.9520e-02
1.4100e+03,5.0234e-01,4.3025e+00,1.2501e+01,9.4675e-01,4.9718e-02
1.4200e+03,4.9875e-01,4.2991e+00,1.2501e+01,9.5014e-01,4.9915e-02
1.4300e+03,4.9519e-01,4.2957e+00,1.2501e+01,9.5350e-01,5.0111e-02
1.4400e+03,4.9165e-01,4.2924e+00,1.2501e+01,9.5684e-01,5.0306e-02
1.4500e+03,4.8815e-01,4.2891e+00,1.2501e+01,9.6015e-01,5.0499e-02
1.4600e+03,4.8467e-01,4.2858e+00,1.2501e+01,9.6344e-01,5.0690e-02
1.4700e+03,4.8122e-01,4.2825e+00,1.2501e+01,9.6670e-01,5.0880e-02
1.4800e+03,4.7780e-01,4.2793e+00,1.2501e+01,9.6993e-01,5.1069e-02
1.4900e+03,4.7440e-01,4.2761e+00,1.2501e+01,9.7314e-01,5.1257e-02
1.5000e+03,4.7103e-01,4.2729e+00,1.2501e+01,9.7633e-01,5.1443e-02
1.5100e+03,4.6769e-01,4.2697e+00,1.2501e+01,9.7949e-01,5.1628e-02
1.5200e+03,4.6437e-01,4.2666e+00,1.2501e+01,9.8262e-01,5.1812e-02
1.5300e+03,4.6108e-01,4.2635e+00,1.2501e+01,9.8573e-01,5.1994e-02
1.5400e+03,4.5781e-01,4.2604e+00,1.2501e+01,9.8882e-01,5.2175e-02
1.5500e+03,4.5457e-01,4.2573e+00,1.2501e+01,9.9188e-01,5.2355e-02
1.5600e+03,4.5135e-01,4.2543e+00,1.2501e+01,9.9492e-01,5.2533e-02
1.5700e+03,4.4816e-01,4.2513e+00,1.2501e+01,9.9793e-01,5.2710e-02
1.5800e+03,4.4499e-01,4.2483e+00,1.2501e+01,1.0009e+00,5.2886e-02
1.5900e+03,4.4185e-01,4.2453e+00,1.2501e+01,1.0039e+00,5.3061e-02
1.6000e+03,4.3873e-01,4.2424e+00,1.2501e+01,1.0068e+00,5.3234e-02
1.6100e+03,4.3564e-01,4.2394e+00,1.2501e+01,1.0098e+00,5.3407e-02
1.6200e+03,4.3257e-01,4.2365e+00,1.2501e+01,1.0127e+00,5.3578e-02
1.6300e+03,4.2952e-01,4.2337e+00,1.2501e+01,1.0155e+00,5.3748e-02
1.6400e+03,4.2650e-01,4.2308e+00,1.2501e+01,1.0184e+00,5.3916e-02
1.6500e+03,4.2350e-01,4.2280e+00,1.2501e+01,1.0212e+00,5.4084e-02
1.6600e+03,4.2052e-01,4.2251e+00,1.2501e+01,1.0240e+00,5.4250e-02
1.6700e+03,4.1757e-01,4.2224e+00,1.2501e+01,1.0268e+00,5.4415e-02
1.6800e+03,4.1463e-01,4.2196e+00,1.2501e+01,1.0296e+00,5.4579e-02
1.6900e+03,4.1172e-01,4.2168e+00,1.2501e+01,1.0323e+00,5.4742e-02
1.7000e+03,4.0884e-01,4.2141e+00,1.2501e+01,1.0351e+00,5.4903e-02
1.7100e+03,4.0597e-01,4.2114e+00,1.2501e+01,1.0378e+00,5.5064e-02
1.7200e+03,4.0313e-01,4.2087e+00,1.2501e+01,1.0405e+00,5.5223e-02
1.7300e+03,4.0030e-01,4.2060e+00,1.2501e+01,1.0431e+00,5.5382e-02
1.7400e+03,3.9750e-01,4.2034e+00,1.2501e+01,1.0458e+00,5.5539e-02
1.7500e+03,3.9472e-01,4.2008e+00,1.2501e+01,1.0484e+00,5.5695e-02
1.7600e+03,3.9197e-01,4.1982e+00,1.2501e+01,1.0510e+00,5.5850e-02
1.7700e+03,3.8923e-01,4.1956e+00,1.2501e+01,1.0536e+00,5.6004e-02
1.7800e+03,3.8651e-01,4.1930e+00,1.2501e+01,1.0561e+00,5.6157e-02
1.7900e+03,3.8381e-01,4.1905e+00,1.2501e+01,1.0587e+00,5.6308e-02
1.8000e+03,3.8114e-01,4.1879e+00,1.2501e+01,1.0612e+00,5.6459e-02
1.8100e+03,3.7848e-01,4.1854e+00,1.2501e+01,1.0637e+00,5.6609e-02
1.8200e+03,3.7585e-01,4.1829e+00,1.2501e+01,1.0662e+00,5.6757e-02
1.8300e+03,3.7323e-01,4.1805e+00,1.2501e+01,1.0687e+00,5.6905e-02
1.8400e+03,3.7063e-01,4.1780e+00,1.2501e+01,1.0711e+00,5.7052e-02
1.8500e+03,3.6806e-01,4.1756e+00,1.2501e+01,1.0735e+00,5.7197e-02
1.8600e+03,3.6550e-01,4.1732e+00,1.2501e+01,1.0760e+00,5.7342e-02
1.8700e+03,3.6296e-01,4.1708e+00,1.2501e+01,1.0784e+00,5.7485e-02
1.8800e+03,3.6044e-01,4.1684e+00,1.2501e+01,1.0807e+00,5.7628e-02
1.8900e+03,3.5794e-01,4.1660e+00,1.2501e+01,1.0831e+00,5.7769e-02
1.9000e+03,3.5546e-01,4.1637e+00,1.2501e+01,1.0854e+00,5.7910e-02
1.9100e+03,3.5299e-01,4.1614e+00,1.2501e+01,1.0878e+00,5.8049e-02
1.9200e+03,3.5055e-01,4.1591e+00,1.2501e+01,1.0901e+00,5.8188e-02
1.9300e+03,3.4812e-01,4.1568e+00,1.2501e+01,1.0924e+00,5.8326e-02
1.9400e+03,3.4571e-01,4.1545e+00,1.2501e+01,1.0946e+00,5.8462e-02
1.9500e+03,3.4332e-01,4.1522e+00,1.2501e+01,1.0969e+00,5.8598e-02
1.9600e+03,3.4094e-01,4.1500e+00,1.2501e+01,1.0991e+00,5.8733e-02
1.9700e+03,3.3859e-01,4.1478e+00,1.2501e+01,1.1013e+00,5.8867e-02
1.9800e+03,3.3625e-01,4.1456e+00,1.2501e+01,1.1036e+00,5.9000e-02
1.9900e+03,3.3393e-01,4.1434e+00,1.2501e+01,1.1057e+00,5.9132e-02
2.0000e+03,3.3162e-01,4.1412e+00,1.2501e+01,1.1079e+00,5.9263e-02
2.0100e+03,3.2934e-01,4.1390e+00,1.2501e+01,1.1101e+00,5.9393e-02
2.0200e+03,3.2707e-01,4.1369e+00,1.2501e+01,1.1122e+00,5.9523e-02
2.0300e+03,3.2481e-01,4.1348e+00,1.2501e+01,1.1143e+00,5.9651e-02
2.0400e+03,3.2258e-01,4.1327e+00,1.2501e+01,1.1164e+00,5.9779e-02
2.0500e+03,3.2036e-01,4.1306e+00,1.2501e+01,1.1185e+00,5.9905e-02
2.0600e+03,3.1815e-01,4.1285e+00,1.2501e+01,1.1206e+00,6.0031e-02
2.0700e+03,3.1596e-01,4.1264e+00,1.2501e+01,1.1227e+00,6.0156e-02
2.0800e+03,3.1379e-01,4.1244e+00,1.2501e+01,1.1247e+00,6.0280e-02
2.0900e+03,3.1164e-01,4.1223e+00,1.2501e+01,1.1268e+00,6.0404e-02
2.1000e+03,3.0949e-01,4.1203e+00,1.2501e+01,1.1288e+00,6.0526e-02
2.1100e+03,3.0737e-01,4.1183e+00,1.2501e+01,1.1308e+00,6.0648e-02
2.1200e+03,3.0526e-01,4.1163e+00,1.2501e+01,1.1328e+00,6.0768e-02
2.1300e+03,3.0317e-01,4.1143e+00,1.2501e+01,1.1347e+00,6.0888e-02
2.1400e+03,3.0109e-01,4.1124e+00,1.2501e+01,1.1367e+00,6.1007e-02
2.1500e+03,2.9903e-01,4.1104e+00,1.2501e+01,1.1386e+00,6.1126e-02
2.1600e+03,2.9698e-01,4.1085e+00,1.2501e+01,1.1406e+00,6.1243e-02
2.1700e+03,2.9494e-01,4.1066e+00,1.2501e+01,1.1425e+00,6.1360e-02
2.1800e+03,2.9293e-01,4.1047e+00,1.2501e+01,1.1444e+00,6.1476e-02
2.1900e+03,2.9092e-01,4.1028e+00,1.2501e+01,1.1463e+00,6.1591e-02
2.2000e+03,2.8893e-01,4.1009e+00,1.2501e+01,1.1482e+00,6.1705e-02
2.2100e+03,2.8696e-01,4.0991e+00,1.2501e+01,1.1500e+00,6.1818e-02
2.2200e+03,2.8500e-01,4.0972e+00,1.2501e+01,1.1519e+00,6.1931e-02
2.2300e+03,2.8305e-01,4.0954e+00,1.2501e+01,1.1537e+00,6.2043e-02
2.2400e+03,2.8112e-01,4.0935e+00,1.2501e+01,1.1555e+00,6.2154e-02
2.2500e+03,2.7920e-01,4.0917e+00,1.2501e+01,1.1573e+00,6.2265e-02
2.2600e+03,2.7730e-01,4.0899e+00,1.2501e+01,1.1591e+00,6.2374e-02
2.2700e+03,2.7541e-01,4.0882e+00,1.2501e+01,1.1609e+00,6.2483e-02
2.2800e+03,2.7353e-01,4.0864e+00,1.2501e+01,1.1627e+00,6.2592e-02
2.2900e+03,2.7166e-01,4.0846e+00,1.2501e+01,1.1644e+00,6.2699e-02
2.3000e+03,2.6981e-01,4.0829e+00,1.2501e+01,1.1662e+00,6.2806e-02
2.3100e+03,2.6798e-01,4.0812e+00,1.2501e+01,1.1679e+00,6.2912e-02
2.3200e+03,2.6615e-01,4.0794e+00,1.2501e+01,1.1696e+00,6.3017e-02
2.3300e+03,2.6434e-01,4.0777e+00,1.2501e+01,1.1713e+00,6.3122e-02
2.3400e+03,2.6255e-01,4.0760e+00,1.2501e+01,1.1730e+00,6.3225e-02
2.3500e+03,2.6076e-01,4.0743e+00,1.2501e+01,1.1747e+00,6.3328e-02
2.3600e+03,2.5899e-01,4.0727e+00,1.2501e+01,1.1764e+00,6.3431e-02
2.3700e+03,2.5723e-01,4.0710e+00,1.2501e+01,1.1780e+00,6.3533e-02
2.3800e+03,2.5549e-01,4.0694e+00,1.2501e+01,1.1797e+00,6.3634e-02
2.3900e+03,2.5375e-01,4.0677e+00,1.2501e+01,1.1813e+00,6.3734e-02
2.4000e+03,2.5203e-01,4.0661e+00,1.2501e+01,1.1829e+00,6.3834e-02
2.4100e+03,2.5032e-01,4.0645e+00,1.2501e+01,1.1845e+00,6.3933e-02
2.4200e+03,2.4862e-01,4.0629e+00,1.2501e+01,1.1861e+00,6.4031e-02
2.4300e+03,2.4694e-01,4.0613e+00,1.2501e+01,1.1877e+00,6.4129e-02
2.4400e+03,2.4527e-01,4.0597e+00,1.2501e+01,1.1893e+00,6.4226e-02
2.4500e+03,2.4361e-01,4.0582e+00,1.2501e+01,1.1909e+00,6.4322e-02
2.4600e+03,2.4196e-01,4.0566e+00,1.2501e+01,1.1924e+00,6.4418e-02
2.4700e+03,2.4032e-01,4.0551e+00,1.2501e+01,1.1940e+00,6.4513e-02
2.4800e+03,2.3869e-01,4.0535e+00,1.2501e+01,1.1955e+00,6.4607e-02
2.4900e+03,2.3708e-01,4.0520e+00,1.2501e+01,1.1970e+00,6.4701e-02
2.5000e+03,2.3548e-01,4.0505e+00,1.2501e+01,1.1985e+00,6.4794e-02
2.5100e+03,2.3389e-01,4.0490e+00,1.2501e+01,1.2000e+00,6.4887e-02
2.5200e+03,2.3231e-01,4.0475e+00,1.2501e+01,1.2015e+00,6.4979e-02
2.5300e+03,2.3074e-01,4.0460e+00,1.2501e+01,1.2030e+00,6.5070e-02
2.5400e+03,2.2918e-01,4.0446e+00,1.2501e+01,1.2045e+00,6.5161e-02
2.5500e+03,2.2763e-01,4.0431e+00,1.2501e+01,1.2059e+00,6.5251e-02
2.5600e+03,2.2610e-01,4.0417e+00,1.2501e+01,1.2074e+00,6.5340e-02
2.5700e+03,2.2457e-01,4.0402e+00,1.2501e+01,1.2088e+00,6.5429e-02
2.5800e+03,2.2306e-01,4.0388e+00,1.2501e+01,1.2102e+00,6.5517e-02
2.5900e+03,2.2156e-01,4.0374e+00,1.2501e+01,1.2116e+00,6.5605e-02
2.6000e+03,2.2006e-01,4.0360e+00,1.2501e+01,1.2130e+00,6.5692e-02
2.6100e+03,2.1858e-01,4.0346e+00,1.2501e+01,1.2144e+00,6.5778e-02
2.6200e+03,2.1711e-01,4.0332e+00,1.2501e+01,1.2158e+00,6.5864e-02
2.6300e+03,2.1565e-01,4.0318e+00,1.2501e+01,1.2172e+00,6.5950e-02
2.6400e+03,2.1420e-01,4.0305e+00,1.2501e+01,1.2186e+00,6.6034e-02
2.6500e+03,2.1276e-01,4.0291e+00,1.2501e+01,1.2199e+00,6.6118e-02
2.6600e+03,2.1133e-01,4.0277e+00,1.2501e+01,1.2213e+00,6.6202e-02
2.6700e+03,2.0990e-01,4.0264e+00,1.2501e+01,1.2226e+00,6.6285e-02
2.6800e+03,2.0849e-01,4.0251e+00,1.2501e+01,1.2239e+00,6.6368e-02
2.6900e+03,2.0709e-01,4.0238e+00,1.2501e+01,1.2253e+00,6.6450e-02
2.7000e+03,2.0570e-01,4.0224e+00,1.2501e+01,1.2266e+00,6.6531e-02
2.7100e+03,2.0432e-01,4.0211e+00,1.2501e+01,1.2279e+00,6.6612e-02
2.7200e+03,2.0295e-01,4.0199e+00,1.2501e+01,1.2292e+00,6.6692e-02
2.7300e+03,2.0159e-01,4.0186e+00,1.2501e+01,1.2304e+00,6.6772e-02
2.7400e+03,2.0024e-01,4.0173e+00,1.2501e+01,1.2317e+00,6.6851e-02
2.7500e+03,1.9889e-01,4.0160e+00,1.2501e+01,1.2330e+00,6.6930e-02
2.7600e+03,1.9756e-01,4.0148e+00,1.2501e+01,1.2342e+00,6.7008e-02
2.7700e+03,1.9624e-01,4.0135e+00,1.2501e+01,1.2355e+00,6.7085e-02
2.7800e+03,1.9492e-01,4.0123e+00,1.2501e+01,1.2367e+00,6.7163e-02
2.7900e+03,1.9361e-01,4.0111e+00,1.2501e+01,1.2379e+00,6.7239e-02
2.8000e+03,1.9232e-01,4.0098e+00,1.2501e+01,1.2392e+00,6.7315e-02
2.8100e+03,1.9103e-01,4.0086e+00,1.2501e+01,1.2404e+00,6.7391e-02
2.8200e+03,1.8975e-01,4.0074e+00,1.2501e+01,1.2416e+00,6.7466e-02
2.8300e+03,1.8848e-01,4.0062e+00,1.2501e+01,1.2428e+00,6.7540e-02
2.8400e+03,1.8722e-01,4.0050e+00,1.2501e+01,1.2440e+00,6.7614e-02
2.8500e+03,1.8597e-01,4.0039e+00,1.2501e+01,1.2451e+00,6.7688e-02
2.8600e+03,1.8473e-01,4.0027e+00,1.2501e+01,1.2463e+00,6.7761e-02
2.8700e+03,1.8349e-01,4.0015e+00,1.2501e+01,1.2475e+00,6.7834e-02
2.8800e+03,1.8227e-01,4.0004e+00,1.2501e+01,1.2486e+00,6.7906e-02
2.8900e+03,1.8105e-01,3.9992e+00,1.2501e+01,1.2498e+00,6.7977e-02
2.9000e+03,1.7984e-01,3.9981e+00,1.2501e+01,1.2509e+00,6.8049e-02
2.9100e+03,1.7864e-01,3.9970e+00,1.2501e+01,1.2520e+00,6.8119e-02
2.9200e+03,1.7745e-01,3.9958e+00,1.2501e+01,1.2532e+00,6.8189e-02
2.9300e+03,1.7626e-01,3.9947e+00,1.2501e+01,1.2543e+00,6.8259e-02
2.9400e+03,1.7509e-01,3.9936e+00,1.2501e+01,1.2554e+00,6.8328e-02
2.9500e+03,1.7392e-01,3.9925e+00,1.2501e+01,1.2565e+00,6.8397e-02
2.9600e+03,1.7276e-01,3.9914e+00,1.2501e+01,1.2576e+00,6.8466e-02
2.9700e+03,1.7161e-01,3.9903e+00,1.2501e+01,1.2587e+00,6.8534e-02
2.9800e+03,1.7046e-01,3.9893e+00,1.2501e+01,1.2597e+00,6.8601e-02
2.9900e+03,1.6933e-01,3.9882e+00,1.2501e+01,1.2608e+00,6.8668e-02
3.0000e+03,1.6820e-01,3.9871e+00,1.2501e+01,1.2619e+00,6.8735e-02
3.0100e+03,1.6708e-01,3.9861e+00,1.2501e+01,1.2629e+00,6.8801e-02
3.0200e+03,1.6597e-01,3.9850e+00,1.2501e+01,1.2640e+00,6.8866e-02
3.0300e+03,1.6486e-01,3.9840e+00,1.2501e+01,1.2650e+00,6.8931e-02
3.0400e+03,1.6376e-01,3.9829e+00,1.2501e+01,1.2660e+00,6.8996e-02
3.0500e+03,1.6267e-01,3.9819e+00,1.2501e+01,1.2671e+00,6.9061e-02
3.0600e+03,1.6159e-01,3.9809e+00,1.2501e+01,1.2681e+00,6.9125e-02
3.0700e+03,1.6052e-01,3.9799e+00,1.2501e+01,1.2691e+00,6.9188e-02
3.0800e+03,1.5945e-01,3.9789e+00,1.2501e+01,1.2701e+00,6.9251e-02
3.0900e+03,1.5839e-01,3.9779e+00,1.2501e+01,1.2711e+00,6.9314e-02
3.1000e+03,1.5734e-01,3.9769e+00,1.2501e+01,1.2721e+00,6.9376e-02
3.1100e+03,1.5629e-01,3.9759e+00,1.2501e+01,1.2731e+00,6.9438e-02
3.1200e+03,1.5526e-01,3.9749e+00,1.2501e+01,1.2740e+00,6.9499e-02
3.1300e+03,1.5422e-01,3.9740e+00,1.2501e+01,1.2750e+00,6.9560e-02
3.1400e+03,1.5320e-01,3.9730e+00,1.2501e+01,1.2760e+00,6.9621e-02
3.1500e+03,1.5218e-01,3.9720e+00,1.2501e+01,1.2769e+00,6.9681e-02
3.1600e+03,1.5117e-01,3.9711e+00,1.2501e+01,1.2779e+00,6.9741e-02
3.1700e+03,1.5017e-01,3.9701e+00,1.2501e+01,1.2788e+00,6.9800e-02
3.1800e+03,1.4917e-01,3.9692e+00,1.2501e+01,1.2798e+00,6.9859e-02
3.1900e+03,1.4818e-01,3.9683e+00,1.2501e+01,1.2807e+00,6.9918e-02
3.2000e+03,1.4720e-01,3.9674e+00,1.2501e+01,1.2816e+00,6.9976e-02
3.2100e+03,1.4623e-01,3.9664e+00,1.2501e+01,1.2825e+00,7.0034e-02
3.2200e+03,1.4526e-01,3.9655e+00,1.2501e+01,1.2835e+00,7.0092e-02
3.2300e+03,1.4429e-01,3.9646e+00,1.2501e+01,1.2844e+00,7.0149e-02
3.2400e+03,1.4334e-01,3.9637e+00,1.2501e+01,1.2853e+00,7.0205e-02
3.2500e+03,1.4239e-01,3.9628e+00,1.2501e+01,1.2862e+00,7.0262e-02
3.2600e+03,1.4145e-01,3.9619e+00,1.2501e+01,1.2870e+00,7.0318e-02
3.2700e+03,1.4051e-01,3.9611e+00,1.2501e+01,1.2879e+00,7.0373e-02
3.2800e+03,1.3958e-01,3.9602e+00,1.2501e+01,1.2888e+00,7.0429e-02
3.2900e+03,1.3866e-01,3.9593e+00,1.2501e+01,1.2897e+00,7.0483e-02
3.3000e+03,1.3774e-01,3.9584e+00,1.2501e+01,1.2905e+00,7.0538e-02
3.3100e+03,1.3683e-01,3.9576e+00,1.2501e+01,1.2914e+00,7.0592e-02
3.3200e+03,1.3592e-01,3.9567e+00,1.2501e+01,1.2922e+00,7.0646e-02
3.3300e+03,1.3502e-01,3.9559e+00,1.2501e+01,1.2931e+00,7.0699e-02
3.3400e+03,1.3413e-01,3.9550e+00,1.2501e+01,1.2939e+00,7.0752e-02
3.3500e+03,1.3324e-01,3.9542e+00,1.2501e+01,1.2948e+00,7.0805e-02
3.3600e+03,1.3236e-01,3.9534e+00,1.2501e+01,1.2956e+00,7.0857e-02
3.3700e+03,1.3149e-01,3.9526e+00,1.2501e+01,1.2964e+00,7.0909e-02
3.3800e+03,1.3062e-01,3.9517e+00,1.2501e+01,1.2972e+00,7.0961e-02
3.3900e+03,1.2976e-01,3.9509e+00,1.2501e+01,1.2980e+00,7.1012e-02
3.4000e+03,1.2890e-01,3.9501e+00,1.2501e+01,1.2988e+00,7.1063e-02
3.4100e+03,1.2805e-01,3.9493e+00,1.2501e+01,1.2996e+00,7.1114e-02
3.4200e+03,1.2720e-01,3.9485e+00,1.2501e+01,1.3004e+00,7.1164e-02
3.4300e+03,1.2636e-01,3.9477e+00,1.2501e+01,1.3012e+00,7.1214e-02
3.4400e+03,1.2553e-01,3.9470e+00,1.2501e+01,1.3020e+00,7.1264e-02
3.4500e+03,1.2470e-01,3.9462e+00,1.2501e+01,1.3028e+00,7.1313e-02
3.4600e+03,1.2388e-01,3.9454e+00,1.2501e+01,1.3036e+00,7.1362e-02
3.4700e+03,1.2306e-01,3.9446e+00,1.2501e+01,1.3043e+00,7.1411e-02
3.4800e+03,1.2225e-01,3.9439e+00,1.2501e+01,1.3051e+00,7.1460e-02
3.4900e+03,1.2144e-01,3.9431e+00,1.2501e+01,1.3058e+00,7.1508e-02
3.5000e+03,1.2064e-01,3.9424e+00,1.2501e+01,1.3066e+00,7.1555e-02
3.5100e+03,1.1985e-01,3.9416e+00,1.2501e+01,1.3073e+00,7.1603e-02
3.5200e+03,1.1906e-01,3.9409e+00,1.2501e+01,1.3081e+00,7.1650e-02
3.5300e+03,1.1827e-01,3.9401e+00,1.2501e+01,1.3088e+00,7.1697e-02
3.5400e+03,1.1750e-01,3.9394e+00,1.2501e+01,1.3096e+00,7.1743e-02
3.5500e+03,1.1672e-01,3.9387e+00,1.2501e+01,1.3103e+00,7.1789e-02
3.5600e+03,1.1595e-01,3.9379e+00,1.2501e+01,1.3110e+00,7.1835e-02
3.5700e+03,1.1519e-01,3.9372e+00,1.2501e+01,1.3117e+00,7.1881e-02
3.5800e+03,1.1443e-01,3.9365e+00,1.2501e+01,1.3124e+00,7.1926e-02
3.5900e+03,1.1368e-01,3.9358e+00,1.2501e+01,1.3132e+00,7.1971e-02
3.6000e+03,1.1293e-01,3.9351e+00,1.2501e+01,1.3139e+00,7.2016e-02
3.6100e+03,1.1219e-01,3.9344e+00,1.2501e+01,1.3146e+00,7.2060e-02
3.6200e+03,1.1145e-01,3.9337e+00,1.2501e+01,1.3152e+00,7.2104e-02
3.6300e+03,1.1072e-01,3.9330e+00,1.2501e+01,1.3159e+00,7.2148e-02
3.6400e+03,1.0999e-01,3.9323e+00,1.2501e+01,1.3166e+00,7.2192e-02
3.6500e+03,1.0926e-01,3.9316e+00,1.2501e+01,1.3173e+00,7.2235e-02
3.6600e+03,1.0855e-01,3.9310e+00,1.2501e+01,1.3180e+00,7.2278e-02
3.6700e+03,1.0783e-01,3.9303e+00,1.2501e+01,1.3186e+00,7.2320e-02
3.6800e+03,1.0712e-01,3.9296e+00,1.2501e+01,1.3193e+00,7.2363e-02
3.6900e+03,1.0642e-01,3.9290e+00,1.2501e+01,1.3200e+00,7.2405e-02
3.7000e+03,1.0572e-01,3.9283e+00,1.2501e+01,1.3206e+00,7.2447e-02
3.7100e+03,1.0503e-01,3.9277e+00,1.2501e+01,1.3213e+00,7.2488e-02
3.7200e+03,1.0434e-01,3.9270e+00,1.2501e+01,1.3219e+00,7.2530e-02
3.7300e+03,1.0365e-01,3.9264e+00,1.2501e+01,1.3226e+00,7.2571e-02
3.7400e+03,1.0297e-01,3.9257e+00,1.2501e+01,1.3232e+00,7.2611e-02
3.7500e+03,1.0229e-01,3.9251e+00,1.2501e+01,1.3239e+00,7.2652e-02
3.7600e+03,1.0162e-01,3.9245e+00,1.2501e+01,1.3245e+00,7.2692e-02
3.7700e+03,1.0096e-01,3.9238e+00,1.2501e+01,1.3251e+00,7.2732e-02
3.7800e+03,1.0029e-01,3.9232e+00,1.2501e+01,1.3257e+00,7.2772e-02
3.7900e+03,9.9636e-02,3.9226e+00,1.2501e+01,1.3264e+00,7.2811e-02
3.8000e+03,9.8982e-02,3.9220e+00,1.2501e+01,1.3270e+00,7.2850e-02
3.8100e+03,9.8333e-02,3.9214e+00,1.2501e+01,1.3276e+00,7.2889e-02
3.8200e+03,9.7688e-02,3.9208e+00,1.2501e+01,1.3282e+00,7.2928e-02
3.8300e+03,9.7048e-02,3.9201e+00,1.2501e+01,1.3288e+00,7.2966e-02
3.8400e+03,9.6411e-02,3.9196e+00,1.2501e+01,1.3294e+00,7.3004e-02
3.8500e+03,9.5779e-02,3.9190e+00,1.2501e+01,1.3300e+00,7.3042e-02
3.8600e+03,9.5151e-02,3.9184e+00,1.2501e+01,1.3306e+00,7.3080e-02
3.8700e+03,9.4528e-02,3.9178e+00,1.2501e+01,1.3312e+00,7.3117e-02
3.8800e+03,9.3908e-02,3.9172e+00,1.2501e+01,1.3317e+00,7.3154e-02
3.8900e+03,9.3293e-02,3.9166e+00,1.2501e+01,1.3323e+00,7.3191e-02
3.9000e+03,9.2682e-02,3.9160e+00,1.2501e+01,1.3329e+00,7.3228e-02
3.9100e+03,9.2075e-02,3.9155e+00,1.2501e+01,1.3335e+00,7.3264e-02
3.9200e+03,9.1472e-02,3.9149e+00,1.2501e+01,1.3340e+00,7.3301e-02
3.9300e+03,9.0873e-02,3.9143e+00,1.2501e+01,1.3346e+00,7.3337e-02
3.9400e+03,9.0278e-02,3.9138e+00,1.2501e+01,1.3352e+00,7.3372e-02
3.9500e+03,8.9687e-02,3.9132e+00,1.2501e+01,1.3357e+00,7.3408e-02
3.9600e+03,8.9100e-02,3.9127e+00,1.2501e+01,1.3363e+00,7.3443e-02
3.9700e+03,8.8516e-02,3.9121e+00,1.2501e+01,1.3368e+00,7.3478e-02
3.9800e+03,8.7937e-02,3.9116e+00,1.2501e+01,1.3374e+00,7.3513e-02
3.9900e+03,8.7362e-02,3.9110e+00,1.2501e+01,1.3379e+00,7.3547e-02
4.0000e+03,8.6790e-02,3.9105e+00,1.2501e+01,1.3384e+00,7.3582e-02
4.0100e+03,8.6222e-02,3.9100e+00,1.2501e+01,1.3390e+00,7.3616e-02
4.0200e+03,8.5658e-02,3.9094e+00,1.2501e+01,1.3395e+00,7.3650e-02
4.0300e+03,8.5098e-02,3.9089e+00,1.2501e+01,1.3400e+00,7.3683e-02
4.0400e+03,8.4542e-02,3.9084e+00,1.2501e+01,1.3405e+00,7.3717e-02
4.0500e+03,8.3989e-02,3.9079e+00,1.2501e+01,1.3411e+00,7.3750e-02
4.0600e+03,8.3440e-02,3.9073e+00,1.2501e+01,1.3416e+00,7.3783e-02
4.0700e+03,8.2894e-02,3.9068e+00,1.2501e+01,1.3421e+00,7.3816e-02
4.0800e+03,8.2353e-02,3.9063e+00,1.2501e+01,1.3426e+00,7.3849e-02
4.0900e+03,8.1814e-02,3.9058e+00,1.2501e+01,1.3431e+00,7.3881e-02
4.1000e+03,8.1280e-02,3.9053e+00,1.2501e+01,1.3436e+00,7.3913e-02
4.1100e+03,8.0749e-02,3.9048e+00,1.2501e+01,1.3441e+00,7.3945e-02
4.1200e+03,8.0221e-02,3.9043e+00,1.2501e+01,1.3446e+00,7.3977e-02
4.1300e+03,7.9697e-02,3.9038e+00,1.2501e+01,1.3451e+00,7.4008e-02
4.1400e+03,7.9177e-02,3.9033e+00,1.2501e+01,1.3456e+00,7.4040e-02
4.1500e+03,7.8660e-02,3.9029e+00,1.2501e+01,1.3461e+00,7.4071e-02
4.1600e+03,7.8146e-02,3.9024e+00,1.2501e+01,1.3466e+00,7.4102e-02
4.1700e+03,7.7636e-02,3.9019e+00,1.2501e+01,1.3470e+00,7.4132e-02
4.1800e+03,7.7129e-02,3.9014e+00,1.2501e+01,1.3475e+00,7.4163e-02
4.1900e+03,7.6625e-02,3.9009e+00,1.2501e+01,1.3480e+00,7.4193e-02
4.2000e+03,7.6125e-02,3.9005e+00,1.2501e+01,1.3485e+00,7.4223e-02
4.2100e+03,7.5629e-02,3.9000e+00,1.2501e+01,1.3489e+00,7.4253e-02
4.2200e+03,7.5135e-02,3.8995e+00,1.2501e+01,1.3494e+00,7.4283e-02
4.2300e+03,7.4645e-02,3.8991e+00,1.2501e+01,1.3498e+00,7.4313e-02
4.2400e+03,7.4158e-02,3.8986e+00,1.2501e+01,1.3503e+00,7.4342e-02
4.2500e+03,7.3674e-02,3.8982e+00,1.2501e+01,1.3508e+00,7.4371e-02
4.2600e+03,7.3193e-02,3.8977e+00,1.2501e+01,1.3512e+00,7.4400e-02
4.2700e+03,7.2716e-02,3.8973e+00,1.2501e+01,1.3517e+00,7.4429e-02
4.2800e+03,7.2242e-02,3.8968e+00,1.2501e+01,1.3521e+00,7.4457e-02
4.2900e+03,7.1771e-02,3.8964e+00,1.2501e+01,1.3525e+00,7.4486e-02
4.3000e+03,7.1303e-02,3.8959e+00,1.2501e+01,1.3530e+00,7.4514e-02
4.3100e+03,7.0838e-02,3.8955e+00,1.2501e+01,1.3534e+00,7.4542e-02
4.3200e+03,7.0376e-02,3.8951e+00,1.2501e+01,1.3539e+00,7.4570e-02
4.3300e+03,6.9918e-02,3.8946e+00,1.2501e+01,1.3543e+00,7.4598e-02
4.3400e+03,6.9462e-02,3.8942e+00,1.2501e+01,1.3547e+00,7.4625e-02
4.3500e+03,6.9009e-02,3.8938e+00,1.2501e+01,1.3551e+00,7.4652e-02
4.3600e+03,6.8560e-02,3.8934e+00,1.2501e+01,1.3556e+00,7.4680e-02
4.3700e+03,6.8113e-02,3.8929e+00,1.2501e+01,1.3560e+00,7.4706e-02
4.3800e+03,6.7669e-02,3.8925e+00,1.2501e+01,1.3564e+00,7.4733e-02
4.3900e+03,6.7228e-02,3.8921e+00,1.2501e+01,1.3568e+00,7.4760e-02
4.4000e+03,6.6790e-02,3.8917e+00,1.2501e+01,1.3572e+00,7.4786e-02
4.4100e+03,6.6355e-02,3.8913e+00,1.2501e+01,1.3576e+00,7.4813e-02
4.4200e+03,6.5923e-02,3.8909e+00,1.2501e+01,1.3580e+00,7.4839e-02
4.4300e+03,6.5494e-02,3.8905e+00,1.2501e+01,1.3584e+00,7.4865e-02
4.4400e+03,6.5068e-02,3.8901e+00,1.2501e+01,1.3588e+00,7.4890e-02
4.4500e+03,6.4644e-02,3.8897e+00,1.2501e+01,1.3592e+00,7.4916e-02
4.4600e+03,6.4223e-02,3.8893e+00,1.2501e+01,1.3596e+00,7.4941e-02
4.4700e+03,6.3805e-02,3.8889e+00,1.2501e+01,1.3600e+00,7.4967e-02
4.4800e+03,6.3390e-02,3.8885e+00,1.2501e+01,1.3604e+00,7.4992e-02
4.4900e+03,6.2977e-02,3.8881e+00,1.2501e+01,1.3608e+00,7.5017e-02
4.5000e+03,6.2568e-02,3.8877e+00,1.2501e+01,1.3612e+00,7.5041e-02
4.5100e+03,6.2161e-02,3.8873e+00,1.2501e+01,1.3616e+00,7.5066e-02
4.5200e+03,6.1756e-02,3.8870e+00,1.2501e+01,1.3620e+00,7.5090e-02
4.5300e+03,6.1354e-02,3.8866e+00,1.2501e+01,1.3623e+00,7.5115e-02
4.5400e+03,6.0955e-02,3.8862e+00,1.2501e+01,1.3627e+00,7.5139e-02
4.5500e+03,6.0559e-02,3.8858e+00,1.2501e+01,1.3631e+00,7.5163e-02
4.5600e+03,6.0165e-02,3.8855e+00,1.2501e+01,1.3634e+00,7.5187e-02
4.5700e+03,5.9774e-02,3.8851e+00,1.2501e+01,1.3638e+00,7.5210e-02
4.5800e+03,5.9385e-02,3.8847e+00,1.2501e+01,1.3642e+00,7.5234e-02
4.5900e+03,5.8999e-02,3.8844e+00,1.2501e+01,1.3645e+00,7.5257e-02
4.6000e+03,5.8615e-02,3.8840e+00,1.2501e+01,1.3649e+00,7.5280e-02
4.6100e+03,5.8234e-02,3.8836e+00,1.2501e+01,1.3653e+00,7.5303e-02
4.6200e+03,5.7856e-02,3.8833e+00,1.2501e+01,1.3656e+00,7.5326e-02
4.6300e+03,5.7480e-02,3.8829e+00,1.2501e+01,1.3660e+00,7.5349e-02
4.6400e+03,5.7106e-02,3.8826e+00,1.2501e+01,1.3663e+00,7.5371e-02
4.6500e+03,5.6735e-02,3.8822e+00,1.2501e+01,1.3667e+00,7.5394e-02
4.6600e+03,5.6366e-02,3.8819e+00,1.2501e+01,1.3670e+00,7.5416e-02
4.6700e+03,5.6000e-02,3.8815e+00,1.2501e+01,1.3674e+00,7.5438e-02
4.6800e+03,5.5636e-02,3.8812e+00,1.2501e+01,1.3677e+00,7.5460e-02
4.6900e+03,5.5275e-02,3.8809e+00,1.2501e+01,1.3680e+00,7.5482e-02
4.7000e+03,5.4916e-02,3.8805e+00,1.2501e+01,1.3684e+00,7.5504e-02
4.7100e+03,5.4559e-02,3.8802e+00,1.2501e+01,1.3687e+00,7.5526e-02
4.7200e+03,5.4205e-02,3.8799e+00,1.2501e+01,1.3690e+00,7.5547e-02
4.7300e+03,5.3853e-02,3.8795e+00,1.2501e+01,1.3694e+00,7.5568e-02
4.7400e+03,5.3503e-02,3.8792e+00,1.2501e+01,1.3697e+00,7.5590e-02
4.7500e+03,5.3155e-02,3.8789e+00,1.2501e+01,1.3700e+00,7.5611e-02
4.7600e+03,5.2810e-02,3.8785e+00,1.2501e+01,1.3704e+00,7.5631e-02
4.7700e+03,5.2467e-02,3.8782e+00,1.2501e+01,1.3707e+00,7.5652e-02
4.7800e+03,5.2127e-02,3.8779e+00,1.2501e+01,1.3710e+00,7.5673e-02
4.7900e+03,5.1788e-02,3.8776e+00,1.2501e+01,1.3713e+00,7.5693e-02
4.8000e+03,5.1452e-02,3.8773e+00,1.2501e+01,1.3716e+00,7.5714e-02
4.8100e+03,5.1118e-02,3.8770e+00,1.2501e+01,1.3719e+00,7.5734e-02
4.8200e+03,5.0787e-02,3.8766e+00,1.2501e+01,1.3723e+00,7.5754e-02
4.8300e+03,5.0457e-02,3.8763e+00,1.2501e+01,1.3726e+00,7.5774e-02
4.8400e+03,5.0130e-02,3.8760e+00,1.2501e+01,1.3729e+00,7.5794e-02
4.8500e+03,4.9804e-02,3.8757e+00,1.2501e+01,1.3732e+00,7.5814e-02
4.8600e+03,4.9481e-02,3.8754e+00,1.2501e+01,1.3735e+00,7.5833e-02
4.8700e+03,4.9160e-02,3.8751e+00,1.2501e+01,1.3738e+00,7.5853e-02
4.8800e+03,4.8841e-02,3.8748e+00,1.2501e+01,1.3741e+00,7.5872e-02
4.8900e+03,4.8524e-02,3.8745e+00,1.2501e+01,1.3744e+00,7.5891e-02
4.9000e+03,4.8210e-02,3.8742e+00,1.2501e+01,1.3747e+00,7.5910e-02
4.9100e+03,4.7897e-02,3.8739e+00,1.2501e+01,1.3750e+00,7.5929e-02
4.9200e+03,4.7586e-02,3.8736e+00,1.2501e+01,1.3753e+00,7.5948e-02
4.9300e+03,4.7278e-02,3.8733e+00,1.2501e+01,1.3756e+00,7.5967e-02
4.9400e+03,4.6971e-02,3.8731e+00,1.2501e+01,1.3758e+00,7.5985e-02
4.9500e+03,4.6667e-02,3.8728e+00,1.2501e+01,1.3761e+00,7.6004e-02
4.9600e+03,4.6364e-02,3.8725e+00,1.2501e+01,1.3764e+00,7.6022e-02
4.9700e+03,4.6064e-02,3.8722e+00,1.2501e+01,1.3767e+00,7.6040e-02
4.9800e+03,4.5765e-02,3.8719e+00,1.2501e+01,1.3770e+00,7.6058e-02
4.9900e+03,4.5468e-02,3.8716e+00,1.2501e+01,1.3773e+00,7.6076e-02
5.0000e+03,4.5174e-02,3.8714e+00,1.2501e+01,1.3775e+00,7.6094e-02
5.0100e+03,4.4881e-02,3.8711e+00,1.2501e+01,1.3778e+00,7.6112e-02
5.0200e+03,4.4590e-02,3.8708e+00,1.2501e+01,1.3781e+00,7.6130e-02
5.0300e+03,4.4301e-02,3.8705e+00,1.2501e+01,1.3784e+00,7.6147e-02
5.0400e+03,4.4014e-02,3.8703e+00,1.2501e+01,1.3786e+00,7.6165e-02
5.0500e+03,4.3729e-02,3.8700e+00,1.2501e+01,1.3789e+00,7.6182e-02
5.0600e+03,4.3445e-02,3.8697e+00,1.2501e+01,1.3792e+00,7.6199e-02
5.0700e+03,4.3164e-02,3.8695e+00,1.2501e+01,1.3794e+00,7.6216e-02
5.0800e+03,4.2884e-02,3.8692e+00,1.2501e+01,1.3797e+00,7.6233e-02
5.0900e+03,4.2606e-02,3.8690e+00,1.2501e+01,1.3799e+00,7.6250e-02
5.1000e+03,4.2330e-02,3.8687e+00,1.2501e+01,1.3802e+00,7.6267e-02
5.1100e+03,4.2056e-02,3.8684e+00,1.2501e+01,1.3805e+00,7.6283e-02
5.1200e+03,4.1784e-02,3.8682e+00,1.2501e+01,1.3807e+00,7.6300e-02
5.1300e+03,4.1513e-02,3.8679e+00,1.2501e+01,1.3810e+00,7.6316e-02
5.1400e+03,4.1244e-02,3.8677e+00,1.2501e+01,1.3812e+00,7.6333e-02
5.1500e+03,4.0977e-02,3.8674e+00,1.2501e+01,1.3815e+00,7.6349e-02
5.1600e+03,4.0712e-02,3.8672e+00,1.2501e+01,1.3817e+00,7.6365e-02
5.1700e+03,4.0448e-02,3.8669e+00,1.2501e+01,1.3820e+00,7.6381e-02
5.1800e+03,4.0186e-02,3.8667e+00,1.2501e+01,1.3822e+00,7.6397e-02
5.1900e+03,3.9926e-02,3.8664e+00,1.2501e+01,1.3825e+00,7.6413e-02
5.2000e+03,3.9668e-02,3.8662e+00,1.2501e+01,1.3827e+00,7.6429e-02
5.2100e+03,3.9411e-02,3.8659e+00,1.2501e+01,1.3829e+00,7.6444e-02
5.2200e+03,3.9156e-02,3.8657e+00,1.2501e+01,1.3832e+00,7.6460e-02
5.2300e+03,3.8903e-02,3.8655e+00,1.2501e+01,1.3834e+00,7.6475e-02
5.2400e+03,3.8651e-02,3.8652e+00,1.2501e+01,1.3837e+00,7.6490e-02
5.2500e+03,3.8401e-02,3.8650e+00,1.2501e+01,1.3839e+00,7.6505e-02
5.2600e+03,3.8152e-02,3.8648e+00,1.2501e+01,1.3841e+00,7.6521e-02
5.2700e+03,3.7905e-02,3.8645e+00,1.2501e+01,1.3844e+00,7.6536e-02
5.2800e+03,3.7660e-02,3.8643e+00,1.2501e+01,1.3846e+00,7.6550e-02
5.2900e+03,3.7416e-02,3.8641e+00,1.2501e+01,1.3848e+00,7.6565e-02
5.3000e+03,3.7174e-02,3.8638e+00,1.2501e+01,1.3850e+00,7.6580e-02
5.3100e+03,3.6934e-02,3.8636e+00,1.2501e+01,1.3853e+00,7.6595e-02
5.3200e+03,3.6695e-02,3.8634e+00,1.2501e+01,1.3855e+00,7.6609e-02
5.3300e+03,3.6457e-02,3.8632e+00,1.2501e+01,1.3857e+00,7.6624e-02
5.3400e+03,3.6221e-02,3.8629e+00,1.2501e+01,1.3859e+00,7.6638e-02
5.3500e+03,3.5987e-02,3.8627e+00,1.2501e+01,1.3862e+00,7.6652e-02
5.3600e+03,3.5754e-02,3.8625e+00,1.2501e+01,1.3864e+00,7.6666e-02
5.3700e+03,3.5523e-02,3.8623e+00,1.2501e+01,1.3866e+00,7.6680e-02
5.3800e+03,3.5293e-02,3.8621e+00,1.2501e+01,1.3868e+00,7.6694e-02
5.3900e+03,3.5065e-02,3.8619e+00,1.2501e+01,1.3870e+00,7.6708e-02
5.4000e+03,3.4838e-02,3.8616e+00,1.2501e+01,1.3872e+00,7.6722e-02
5.4100e+03,3.4613e-02,3.8614e+00,1.2501e+01,1.3875e+00,7.6736e-02
5.4200e+03,3.4389e-02,3.8612e+00,1.2501e+01,1.3877e+00,7.6749e-02
5.4300e+03,3.4167e-02,3.8610e+00,1.2501e+01,1.3879e+00,7.6763e-02
5.4400e+03,3.3946e-02,3.8608e+00,1.2501e+01,1.3881e+00,7.6776e-02
5.4500e+03,3.3727e-02,3.8606e+00,1.2501e+01,1.3883e+00,7.6790e-02
5.4600e+03,3.3509e-02,3.8604e+00,1.2501e+01,1.3885e+00,7.6803e-02
5.4700e+03,3.3292e-02,3.8602e+00,1.2501e+01,1.3887e+00,7.6816e-02
5.4800e+03,3.3077e-02,3.8600e+00,1.2501e+01,1.3889e+00,7.6829e-02
5.4900e+03,3.2863e-02,3.8598e+00,1.2501e+01,1.3891e+00,7.6842e-02
5.5000e+03,3.2651e-02,3.8596e+00,1.2501e+01,1.3893e+00,7.6855e-02
5.5100e+03,3.2440e-02,3.8594e+00,1.2501e+01,1.3895e+00,7.6868e-02
5.5200e+03,3.2230e-02,3.8592e+00,1.2501e+01,1.3897e+00,7.6881e-02
5.5300e+03,3.2022e-02,3.8590e+00,1.2501e+01,1.3899e+00,7.6893e-02
5.5400e+03,3.1815e-02,3.8588e+00,1.2501e+01,1.3901e+00,7.6906e-02
5.5500e+03,3.1609e-02,3.8586e+00,1.2501e+01,1.3903e+00,7.6918e-02
5.5600e+03,3.1405e-02,3.8584e+00,1.2501e+01,1.3905e+00,7.6931e-02
5.5700e+03,3.1202e-02,3.8582e+00,1.2501e+01,1.3907e+00,7.6943e-02
5.5800e+03,3.1000e-02,3.8580e+00,1.2501e+01,1.3908e+00,7.6955e-02
5.5900e+03,3.0800e-02,3.8579e+00,1.2501e+01,1.3910e+00,7.6968e-02
5.6000e+03,3.0601e-02,3.8577e+00,1.2501e+01,1.3912e+00,7.6980e-02
5.6100e+03,3.0403e-02,3.8575e+00,1.2501e+01,1.3914e+00,7.6992e-02
5.6200e+03,3.0207e-02,3.8573e+00,1.2501e+01,1.3916e+00,7.7004e-02
5.6300e+03,3.0012e-02,3.8571e+00,1.2501e+01,1.3918e+00,7.7016e-02
5.6400e+03,2.9818e-02,3.8569e+00,1.2501e+01,1.3920e+00,7.7027e-02
5.6500e+03,2.9625e-02,3.8567e+00,1.2501e+01,1.3921e+00,7.7039e-02
5.6600e+03,2.9434e-02,3.8566e+00,1.2501e+01,1.3923e+00,7.7051e-02
5.6700e+03,2.9244e-02,3.8564e+00,1.2501e+01,1.3925e+00,7.7062e-02
5.6800e+03,2.9055e-02,3.8562e+00,1.2501e+01,1.3927e+00,7.7074e-02
5.6900e+03,2.8867e-02,3.8560e+00,1.2501e+01,1.3928e+00,7.7085e-02
5.7000e+03,2.8681e-02,3.8559e+00,1.2501e+01,1.3930e+00,7.7097e-02
5.7100e+03,2.8496e-02,3.8557e+00,1.2501e+01,1.3932e+00,7.7108e-02
5.7200e+03,2.8312e-02,3.8555e+00,1.2501e+01,1.3934e+00,7.7119e-02
5.7300e+03,2.8129e-02,3.8553e+00,1.2501e+01,1.3935e+00,7.7130e-02
5.7400e+03,2.7947e-02,3.8552e+00,1.2501e+01,1.3937e+00,7.7141e-02
5.7500e+03,2.7767e-02,3.8550e+00,1.2501e+01,1.3939e+00,7.7152e-02
5.7600e+03,2.7588e-02,3.8548e+00,1.2501e+01,1.3941e+00,7.7163e-02
5.7700e+03,2.7410e-02,3.8547e+00,1.2501e+01,1.3942e+00,7.7174e-02
5.7800e+03,2.7233e-02,3.8545e+00,1.2501e+01,1.3944e+00,7.7185e-02
5.7900e+03,2.7057e-02,3.8543e+00,1.2501e+01,1.3945e+00,7.7196e-02
5.8000e+03,2.6882e-02,3.8542e+00,1.2501e+01,1.3947e+00,7.7206e-02
5.8100e+03,2.6709e-02,3.8540e+00,1.2501e+01,1.3949e+00,7.7217e-02
5.8200e+03,2.6536e-02,3.8538e+00,1.2501e+01,1.3950e+00,7.7227e-02
5.8300e+03,2.6365e-02,3.8537e+00,1.2501e+01,1.3952e+00,7.7238e-02
5.8400e+03,2.6195e-02,3.8535e+00,1.2501e+01,1.3954e+00,7.7248e-02
5.8500e+03,2.6026e-02,3.8534e+00,1.2501e+01,1.3955e+00,7.7258e-02
5.8600e+03,2.5858e-02,3.8532e+00,1.2501e+01,1.3957e+00,7.7269e-02
5.8700e+03,2.5691e-02,3.8531e+00,1.2501e+01,1.3958e+00,7.7279e-02
5.8800e+03,2.5525e-02,3.8529e+00,1.2501e+01,1.3960e+00,7.7289e-02
5.8900e+03,2.5360e-02,3.8527e+00,1.2501e+01,1.3961e+00,7.7299e-02
5.9000e+03,2.5197e-02,3.8526e+00,1.2501e+01,1.3963e+00,7.7309e-02
5.9100e+03,2.5034e-02,3.8524e+00,1.2501e+01,1.3964e+00,7.7319e-02
5.9200e+03,2.4873e-02,3.8523e+00,1.2501e+01,1.3966e+00,7.7329e-02
5.9300e+03,2.4712e-02,3.8521e+00,1.2501e+01,1.3968e+00,7.7338e-02
5.9400e+03,2.4553e-02,3.8520e+00,1.2501e+01,1.3969e+00,7.7348e-02
5.9500e+03,2.4394e-02,3.8518e+00,1.2501e+01,1.3970e+00,7.7358e-02
5.9600e+03,2.4237e-02,3.8517e+00,1.2501e+01,1.3972e+00,7.7367e-02
5.9700e+03,2.4081e-02,3.8515e+00,1.2501e+01,1.3973e+00,7.7377e-02
5.9800e+03,2.3925e-02,3.8514e+00,1.2501e+01,1.3975e+00,7.7386e-02
5.9900e+03,2.3771e-02,3.8512e+00,1.2501e+01,1.3976e+00,7.7396e-02
6.0000e+03,2.3618e-02,3.8511e+00,1.2501e+01,1.3978e+00,7.7405e-02
6.0100e+03,2.3465e-02,3.8510e+00,1.2501e+01,1.3979e+00,7.7414e-02
6.0200e+03,2.3314e-02,3.8508e+00,1.2501e+01,1.3981e+00,7.7424e-02
6.0300e+03,2.3164e-02,3.8507e+00,1.2501e+01,1.3982e+00,7.7433e-02
6.0400e+03,2.3014e-02,3.8505e+00,1.2501e+01,1.3983e+00,7.7442e-02
6.0500e+03,2.2866e-02,3.8504e+00,1.2501e+01,1.3985e+00,7.7451e-02
6.0600e+03,2.2718e-02,3.8503e+00,1.2501e+01,1.3986e+00,7.7460e-02
6.0700e+03,2.2572e-02,3.8501e+00,1.2501e+01,1.3988e+00,7.7469e-02
6.0800e+03,2.2426e-02,3.8500e+00,1.2501e+01,1.3989e+00,7.7478e-02
6.0900e+03,2.2282e-02,3.8498e+00,1.2501e+01,1.3990e+00,7.7487e-02
6.1000e+03,2.2138e-02,3.8497e+00,1.2501e+01,1.3992e+00,7.7495e-02
6.1100e+03,2.1995e-02,3.8496e+00,1.2501e+01,1.3993e+00,7.7504e-02
6.1200e+03,2.1853e-02,3.8494e+00,1.2501e+01,1.3994e+00,7.7513e-02
6.1300e+03,2.1712e-02,3.8493e+00,1.2501e+01,1.3996e+00,7.7521e-02
6.1400e+03,2.1572e-02,3.8492e+00,1.2501e+01,1.3997e+00,7.7530e-02
6.1500e+03,2.1433e-02,3.8491e+00,1.2501e+01,1.3998e+00,7.7538e-02
6.1600e+03,2.1295e-02,3.8489e+00,1.2501e+01,1.4000e+00,7.7547e-02
6.1700e+03,2.1158e-02,3.8488e+00,1.2501e+01,1.4001e+00,7.7555e-02
6.1800e+03,2.1022e-02,3.8487e+00,1.2501e+01,1.4002e+00,7.7563e-02
6.1900e+03,2.0886e-02,3.8485e+00,1.2501e+01,1.4003e+00,7.7572e-02
6.2000e+03,2.0751e-02,3.8484e+00,1.2501e+01,1.4005e+00,7.7580e-02
6.2100e+03,2.0618e-02,3.8483e+00,1.2501e+01,1.4006e+00,7.7588e-02
6.2200e+03,2.0485e-02,3.8482e+00,1.2501e+01,1.4007e+00,7.7596e-02
6.2300e+03,2.0353e-02,3.8480e+00,1.2501e+01,1.4008e+00,7.7604e-02
6.2400e+03,2.0221e-02,3.8479e+00,1.2501e+01,1.4010e+00,7.7612e-02
6.2500e+03,2.0091e-02,3.8478e+00,1.2501e+01,1.4011e+00,7.7620e-02
6.2600e+03,1.9962e-02,3.8477e+00,1.2501e+01,1.4012e+00,7.7628e-02
6.2700e+03,1.9833e-02,3.8475e+00,1.2501e+01,1.4013e+00,7.7636e-02
6.2800e+03,1.9705e-02,3.8474e+00,1.2501e+01,1.4015e+00,7.7644e-02
6.2900e+03,1.9578e-02,3.8473e+00,1.2501e+01,1.4016e+00,7.7651e-02
6.3000e+03,1.9452e-02,3.8472e+00,1.2501e+01,1.4017e+00,7.7659e-02
6.3100e+03,1.9327e-02,3.8471e+00,1.2501e+01,1.4018e+00,7.7667e-02
6.3200e+03,1.9202e-02,3.8470e+00,1.2501e+01,1.4019e+00,7.7674e-02
6.3300e+03,1.9078e-02,3.8468e+00,1.2501e+01,1.4020e+00,7.7682e-02
6.3400e+03,1.8955e-02,3.8467e+00,1.2501e+01,1.4022e+00,7.7689e-02
6.3500e+03,1.8833e-02,3.8466e+00,1.2501e+01,1.4023e+00,7.7697e-02
6.3600e+03,1.8712e-02,3.8465e+00,1.2501e+01,1.4024e+00,7.7704e-02
6.3700e+03,1.8591e-02,3.8464e+00,1.2501e+01,1.4025e+00,7.7712e-02
6.3800e+03,1.8472e-02,3.8463e+00,1.2501e+01,1.4026e+00,7.7719e-02
6.3900e+03,1.8353e-02,3.8462e+00,1.2501e+01,1.4027e+00,7.7726e-02
6.4000e+03,1.8234e-02,3.8460e+00,1.2501e+01,1.4028e+00,7.7733e-02
6.4100e+03,1.8117e-02,3.8459e+00,1.2501e+01,1.4029e+00,7.7741e-02
6.4200e+03,1.8000e-02,3.8458e+00,1.2501e+01,1.4031e+00,7.7748e-02
6.4300e+03,1.7884e-02,3.8457e+00,1.2501e+01,1.4032e+00,7.7755e-02
6.4400e+03,1.7769e-02,3.8456e+00,1.2501e+01,1.4033e+00,7.7762e-02
6.4500e+03,1.7655e-02,3.8455e+00,1.2501e+01,1.4034e+00,7.7769e-02
6.4600e+03,1.7541e-02,3.8454e+00,1.2501e+01,1.4035e+00,7.7776e-02
6.4700e+03,1.7428e-02,3.8453e+00,1.2501e+01,1.4036e+00,7.7783e-02
6.4800e+03,1.7316e-02,3.8452e+00,1.2501e+01,1.4037e+00,7.7790e-02
6.4900e+03,1.7204e-02,3.8451e+00,1.2501e+01,1.4038e+00,7.7796e-02
6.5000e+03,1.7093e-02,3.8450e+00,1.2501e+01,1.4039e+00,7.7803e-02
6.5100e+03,1.6983e-02,3.8449e+00,1.2501e+01,1.4040e+00,7.7810e-02
6.5200e+03,1.6874e-02,3.8448e+00,1.2501e+01,1.4041e+00,7.7817e-02
6.5300e+03,1.6765e-02,3.8447e+00,1.2501e+01,1.4042e+00,7.7823e-02
6.5400e+03,1.6657e-02,3.8446e+00,1.2501e+01,1.4043e+00,7.7830e-02
6.5500e+03,1.6550e-02,3.8445e+00,1.2501e+01,1.4044e+00,7.7836e-02
6.5600e+03,1.6443e-02,3.8444e+00,1.2501e+01,1.4045e+00,7.7843e-02
6.5700e+03,1.6337e-02,3.8443e+00,1.2501e+01,1.4046e+00,7.7849e-02
6.5800e+03,1.6232e-02,3.8442e+00,1.2501e+01,1.4047e+00,7.7856e-02
6.5900e+03,1.6128e-02,3.8441e+00,1.2501e+01,1.4048e+00,7.7862e-02
6.6000e+03,1.6024e-02,3.8440e+00,1.2501e+01,1.4049e+00,7.7868e-02
6.6100e+03,1.5921e-02,3.8439e+00,1.2501e+01,1.4050e+00,7.7875e-02
6.6200e+03,1.5818e-02,3.8438e+00,1.2501e+01,1.4051e+00,7.7881e-02
6.6300e+03,1.5716e-02,3.8437e+00,1.2501e+01,1.4052e+00,7.7887e-02
6.6400e+03,1.5615e-02,3.8436e+00,1.2501e+01,1.4053e+00,7.7893e-02
6.6500e+03,1.5515e-02,3.8435e+00,1.2501e+01,1.4054e+00,7.7900e-02
6.6600e+03,1.5415e-02,3.8434e+00,1.2501e+01,1.4055e+00,7.7906e-02
6.6700e+03,1.5315e-02,3.8433e+00,1.2501e+01,1.4056e+00,7.7912e-02
6.6800e+03,1.5217e-02,3.8432e+00,1.2501e+01,1.4057e+00,7.7918e-02
6.6900e+03,1.5119e-02,3.8431e+00,1.2501e+01,1.4058e+00,7.7924e-02
6.7000e+03,1.5022e-02,3.8430e+00,1.2501e+01,1.4058e+00,7.7930e-02
6.7100e+03,1.4925e-02,3.8429e+00,1.2501e+01,1.4059e+00,7.7936e-02
6.7200e+03,1.4829e-02,3.8428e+00,1.2501e+01,1.4060e+00,7.7941e-02
6.7300e+03,1.4733e-02,3.8428e+00,1.2501e+01,1.4061e+00,7.7947e-02
6.7400e+03,1.4638e-02,3.8427e+00,1.2501e+01,1.4062e+00,7.7953e-02
6.7500e+03,1.4544e-02,3.8426e+00,1.2501e+01,1.4063e+00,7.7959e-02
6.7600e+03,1.4451e-02,3.8425e+00,1.2501e+01,1.4064e+00,7.7965e-02
6.7700e+03,1.4358e-02,3.8424e+00,1.2501e+01,1.4065e+00,7.7970e-02
6.7800e+03,1.4265e-02,3.8423e+00,1.2501e+01,1.4066e+00,7.7976e-02
6.7900e+03,1.4173e-02,3.8422e+00,1.2501e+01,1.4066e+00,7.7981e-02
6.8000e+03,1.4082e-02,3.8421e+00,1.2501e+01,1.4067e+00,7.7987e-02
6.8100e+03,1.3992e-02,3.8421e+00,1.2501e+01,1.4068e+00,7.7993e-02
6.8200e+03,1.3901e-02,3.8420e+00,1.2501e+01,1.4069e+00,7.7998e-02
6.8300e+03,1.3812e-02,3.8419e+00,1.2501e+01,1.4070e+00,7.8004e-02
6.8400e+03,1.3723e-02,3.8418e+00,1.2501e+01,1.4071e+00,7.8009e-02
6.8500e+03,1.3635e-02,3.8417e+00,1.2501e+01,1.4072e+00,7.8014e-02
6.8600e+03,1.3547e-02,3.8416e+00,1.2501e+01,1.4072e+00,7.8020e-02
6.8700e+03,1.3460e-02,3.8416e+00,1.2501e+01,1.4073e+00,7.8025e-02
6.8800e+03,1.3373e-02,3.8415e+00,1.2501e+01,1.4074e+00,7.8030e-02
6.8900e+03,1.3287e-02,3.8414e+00,1.2501e+01,1.4075e+00,7.8036e-02
6.9000e+03,1.3202e-02,3.8413e+00,1.2501e+01,1.4076e+00,7.8041e-02
6.9100e+03,1.3117e-02,3.8412e+00,1.2501e+01,1.4076e+00,7.8046e-02
6.9200e+03,1.3032e-02,3.8412e+00,1.2501e+01,1.4077e+00,7.8051e-02
6.9300e+03,1.2948e-02,3.8411e+00,1.2501e+01,1.4078e+00,7.8056e-02
6.9400e+03,1.2865e-02,3.8410e+00,1.2501e+01,1.4079e+00,7.8061e-02
6.9500e+03,1.2782e-02,3.8409e+00,1.2501e+01,1.4080e+00,7.8066e-02
6.9600e+03,1.2700e-02,3.8408e+00,1.2501e+01,1.4080e+00,7.8071e-02
6.9700e+03,1.2618e-02,3.8408e+00,1.2501e+01,1.4081e+00,7.8076e-02
6.9800e+03,1.2537e-02,3.8407e+00,1.2501e+01,1.4082e+00,7.8081e-02
6.9900e+03,1.2457e-02,3.8406e+00,1.2501e+01,1.4083e+00,7.8086e-02
7.0000e+03,1.2376e-02,3.8405e+00,1.2501e+01,1.4083e+00,7.8091e-02
7.0100e+03,1.2297e-02,3.8405e+00,1.2501e+01,1.4084e+00,7.8096e-02
7.0200e+03,1.2218e-02,3.8404e+00,1.2501e+01,1.4085e+00,7.8101e-02
7.0300e+03,1.2139e-02,3.8403e+00,1.2501e+01,1.4086e+00,7.8106e-02
7.0400e+03,1.2061e-02,3.8402e+00,1.2501e+01,1.4086e+00,7.8111e-02
7.0500e+03,1.1983e-02,3.8402e+00,1.2501e+01,1.4087e+00,7.8115e-02
7.0600e+03,1.1906e-02,3.8401e+00,1.2501e+01,1.4088e+00,7.8120e-02
7.0700e+03,1.1830e-02,3.8400e+00,1.2501e+01,1.4088e+00,7.8125e-02
7.0800e+03,1.1754e-02,3.8400e+00,1.2501e+01,1.4089e+00,7.8129e-02
7.0900e+03,1.1678e-02,3.8399e+00,1.2501e+01,1.4090e+00,7.8134e-02
7.1000e+03,1.1603e-02,3.8398e+00,1.2501e+01,1.4091e+00,7.8139e-02
7.1100e+03,1.1528e-02,3.8397e+00,1.2501e+01,1.4091e+00,7.8143e-02
7.1200e+03,1.1454e-02,3.8397e+00,1.2501e+01,1.4092e+00,7.8148e-02
7.1300e+03,1.1380e-02,3.8396e+00,1.2501e+01,1.4093e+00,7.8152e-02
7.1400e+03,1.1307e-02,3.8395e+00,1.2501e+01,1.4093e+00,7.8157e-02
7.1500e+03,1.1234e-02,3.8395e+00,1.2501e+01,1.4094e+00,7.8161e-02
7.1600e+03,1.1162e-02,3.8394e+00,1.2501e+01,1.4095e+00,7.8165e-02
7.1700e+03,1.1090e-02,3.8393e+00,1.2501e+01,1.4095e+00,7.8170e-02
7.1800e+03,1.1019e-02,3.8393e+00,1.2501e+01,1.4096e+00,7.8174e-02
7.1900e+03,1.0948e-02,3.8392e+00,1.2501e+01,1.4097e+00,7.8179e-02
7.2000e+03,1.0878e-02,3.8391e+00,1.2501e+01,1.4097e+00,7.8183e-02
7.2100e+03,1.0808e-02,3.8391e+00,1.2501e+01,1.4098e+00,7.8187e-02
7.2200e+03,1.0738e-02,3.8390e+00,1.2501e+01,1.4099e+00,7.8191e-02
7.2300e+03,1.0669e-02,3.8389e+00,1.2501e+01,1.4099e+00,7.8196e-02
7.2400e+03,1.0601e-02,3.8389e+00,1.2501e+01,1.4100e+00,7.8200e-02
7.2500e+03,1.0532e-02,3.8388e+00,1.2501e+01,1.4101e+00,7.8204e-02
7.2600e+03,1.0465e-02,3.8387e+00,1.2501e+01,1.4101e+00,7.8208e-02
7.2700e+03,1.0397e-02,3.8387e+00,1.2501e+01,1.4102e+00,7.8212e-02
7.2800e+03,1.0331e-02,3.8386e+00,1.2501e+01,1.4103e+00,7.8216e-02
7.2900e+03,1.0264e-02,3.8386e+00,1.2501e+01,1.4103e+00,7.8220e-02
7.3000e+03,1.0198e-02,3.8385e+00,1.2501e+01,1.4104e+00,7.8224e-02
7.3100e+03,1.0132e-02,3.8384e+00,1.2501e+01,1.4104e+00,7.8228e-02
7.3200e+03,1.0067e-02,3.8384e+00,1.2501e+01,1.4105e+00,7.8232e-02
7.3300e+03,1.0003e-02,3.8383e+00,1.2501e+01,1.4106e+00,7.8236e-02
7.3400e+03,9.9383e-03,3.8382e+00,1.2501e+01,1.4106e+00,7.8240e-02
7.3500e+03,9.8744e-03,3.8382e+00,1.2501e+01,1.4107e+00,7.8244e-02
7.3600e+03,9.8109e-03,3.8381e+00,1.2501e+01,1.4107e+00,7.8248e-02
7.3700e+03,9.7478e-03,3.8381e+00,1.2501e+01,1.4108e+00,7.8252e-02
7.3800e+03,9.6851e-03,3.8380e+00,1.2501e+01,1.4109e+00,7.8256e-02
7.3900e+03,9.6228e-03,3.8380e+00,1.2501e+01,1.4109e+00,7.8260e-02
7.4000e+03,9.5610e-03,3.8379e+00,1.2501e+01,1.4110e+00,7.8263e-02
7.4100e+03,9.4995e-03,3.8378e+00,1.2501e+01,1.4110e+00,7.8267e-02
7.4200e+03,9.4384e-03,3.8378e+00,1.2501e+01,1.4111e+00,7.8271e-02
7.4300e+03,9.3777e-03,3.8377e+00,1.2501e+01,1.4111e+00,7.8275e-02
7.4400e+03,9.3174e-03,3.8377e+00,1.2501e+01,1.4112e+00,7.8278e-02
7.4500e+03,9.2575e-03,3.8376e+00,1.2501e+01,1.4113e+00,7.8282e-02
7.4600e+03,9.1980e-03,3.8376e+00,1.2501e+01,1.4113e+00,7.8286e-02
7.4700e+03,9.1389e-03,3.8375e+00,1.2501e+01,1.4114e+00,7.8289e-02
7.4800e+03,9.0801e-03,3.8374e+00,1.2501e+01,1.4114e+00,7.8293e-02
7.4900e+03,9.0217e-03,3.8374e+00,1.2501e+01,1.4115e+00,7.8296e-02
7.5000e+03,8.9637e-03,3.8373e+00,1.2501e+01,1.4115e+00,7.8300e-02
7.5100e+03,8.9061e-03,3.8373e+00,1.2501e+01,1.4116e+00,7.8303e-02
7.5200e+03,8.8489e-03,3.8372e+00,1.2501e+01,1.4116e+00,7.8307e-02
7.5300e+03,8.7920e-03,3.8372e+00,1.2501e+01,1.4117e+00,7.8310e-02
7.5400e+03,8.7354e-03,3.8371e+00,1.2501e+01,1.4118e+00,7.8314e-02
7.5500e+03,8.6793e-03,3.8371e+00,1.2501e+01,1.4118e+00,7.8317e-02
7.5600e+03,8.6235e-03,3.8370e+00,1.2501e+01,1.4119e+00,7.8321e-02
7.5700e+03,8.5681e-03,3.8370e+00,1.2501e+01,1.4119e+00,7.8324e-02
7.5800e+03,8.5130e-03,3.8369e+00,1.2501e+01,1.4120e+00,7.8327e-02
7.5900e+03,8.4583e-03,3.8369e+00,1.2501e+01,1.4120e+00,7.8331e-02
7.6000e+03,8.4039e-03,3.8368e+00,1.2501e+01,1.4121e+00,7.8334e-02
7.6100e+03,8.3499e-03,3.8368e+00,1.2501e+01,1.4121e+00,7.8337e-02
7.6200e+03,8.2962e-03,3.8367e+00,1.2501e+01,1.4122e+00,7.8341e-02
