t,[L2M],[D],[L],[L2MD],[L2Ms]
0.0000e+00,1.0000e+00,2.0000e+00,2.0000e+01,0.0000e+00,0.0000e+00
1.0000e+01,9.9727e-01,1.9980e+00,2.0000e+01,1.9819e-03,2.4785e-04
2.0000e+01,9.9504e-01,1.9960e+00,2.0000e+01,3.9613e-03,4.9565e-04
3.0000e+01,9.9282e-01,1.9941e+00,2.0000e+01,5.9343e-03,7.4289e-04
4.0000e+01,9.9061e-01,1.9921e+00,2.0000e+01,7.9011e-03,9.8959e-04
5.0000e+01,9.8840e-01,1.9901e+00,2.0000e+01,9.8615e-03,1.2357e-03
6.0000e+01,9.8620e-01,1.9882e+00,2.0000e+01,1.1816e-02,1.4813e-03
7.0000e+01,9.8401e-01,1.9862e+00,2.0000e+01,1.3763e-02,1.7264e-03
8.0000e+01,9.8182e-01,1.9843e+00,2.0000e+01,1.5705e-02,1.9709e-03
9.0000e+01,9.7964e-01,1.9823e+00,2.0000e+01,1.7641e-02,2.2149e-03
1.0000e+02,9.7747e-01,1.9804e+00,2.0000e+01,1.9570e-02,2.4583e-03
1.1000e+02,9.7531e-01,1.9785e+00,2.0000e+01,2.1493e-02,2.7012e-03
1.2000e+02,9.7315e-01,1.9766e+00,2.0000e+01,2.3410e-02,2.9435e-03
1.3000e+02,9.7099e-01,1.9747e+00,2.0000e+01,2.5321e-02,3.1853e-03
1.4000e+02,9.6885e-01,1.9728e+00,2.0000e+01,2.7226e-02,3.4266e-03
1.5000e+02,9.6671e-01,1.9709e+00,2.0000e+01,2.9125e-02,3.6674e-03
1.6000e+02,9.6458e-01,1.9690e+00,2.0000e+01,3.1018e-02,3.9076e-03
1.7000e+02,9.6245e-01,1.9671e+00,2.0000e+01,3.2904e-02,4.1473e-03
1.8000e+02,9.6033e-01,1.9652e+00,2.0000e+01,3.4785e-02,4.3864e-03
1.9000e+02,9.5821e-01,1.9633e+00,2.0000e+01,3.6660e-02,4.6251e-03
2.0000e+02,9.5611e-01,1.9614e+00,2.0000e+01,3.8529e-02,4.8632e-03
2.1000e+02,9.5401e-01,1.9596e+00,2.0000e+01,4.0393e-02,5.1008e-03
2.2000e+02,9.5191e-01,1.9577e+00,2.0000e+01,4.2250e-02,5.3378e-03
2.3000e+02,9.4982e-01,1.9559e+00,2.0000e+01,4.4101e-02,5.5744e-03
2.4000e+02,9.4774e-01,1.9540e+00,2.0000e+01,4.5947e-02,5.8104e-03
2.5000e+02,9.4567e-01,1.9522e+00,2.0000e+01,4.7787e-02,6.0459e-03
2.6000e+02,9.4360e-01,1.9504e+00,2.0000e+01,4.9621e-02,6.2809e-03
2.7000e+02,9.4154e-01,1.9485e+00,2.0000e+01,5.1450e-02,6.5154e-03
2.8000e+02,9.3948e-01,1.9467e+00,2.0000e+01,5.3273e-02,6.7494e-03
2.9000e+02,9.3743e-01,1.9449e+00,2.0000e+01,5.5090e-02,6.9829e-03
3.0000e+02,9.3538e-01,1.9431e+00,2.0000e+01,5.6901e-02,7.2158e-03
3.1000e+02,9.3335e-01,1.9413e+00,2.0000e+01,5.8707e-02,7.4483e-03
3.2000e+02,9.3131e-01,1.9395e+00,2.0000e+01,6.0507e-02,7.6802e-03
3.3000e+02,9.2929e-01,1.9377e+00,2.0000e+01,6.2302e-02,7.9117e-03
3.4000e+02,9.2727e-01,1.9359e+00,2.0000e+01,6.4091e-02,8.1426e-03
3.5000e+02,9.2525e-01,1.9341e+00,2.0000e+01,6.5875e-02,8.3730e-03
3.6000e+02,9.2324e-01,1.9323e+00,2.0000e+01,6.7653e-02,8.6030e-03
3.7000e+02,9.2124e-01,1.9305e+00,2.0000e+01,6.9425e-02,8.8324e-03
3.8000e+02,9.1925e-01,1.9288e+00,2.0000e+01,7.1192e-02,9.0614e-03
3.9000e+02,9.1726e-01,1.9270e+00,2.0000e+01,7.2954e-02,9.2898e-03
4.0000e+02,9.1527e-01,1.9253e+00,2.0000e+01,7.4710e-02,9.5178e-03
4.1000e+02,9.1329e-01,1.9235e+00,2.0000e+01,7.6461e-02,9.7452e-03
4.2000e+02,9.1132e-01,1.9218e+00,2.0000e+01,7.8207e-02,9.9722e-03
4.3000e+02,9.0935e-01,1.9200e+00,2.0000e+01,7.9947e-02,1.0199e-02
4.4000e+02,9.0739e-01,1.9183e+00,2.0000e+01,8.1682e-02,1.0425e-02
4.5000e+02,9.0544e-01,1.9165e+00,2.0000e+01,8.3411e-02,1.0650e-02
4.6000e+02,9.0349e-01,1.9148e+00,2.0000e+01,8.5136e-02,1.0875e-02
4.7000e+02,9.0155e-01,1.9131e+00,2.0000e+01,8.6855e-02,1.1100e-02
4.8000e+02,8.9961e-01,1.9114e+00,2.0000e+01,8.8569e-02,1.1324e-02
4.9000e+02,8.9768e-01,1.9097e+00,2.0000e+01,9.0277e-02,1.1547e-02
5.0000e+02,8.9575e-01,1.9080e+00,2.0000e+01,9.1981e-02,1.1770e-02
5.1000e+02,8.9383e-01,1.9063e+00,2.0000e+01,9.3679e-02,1.1993e-02
5.2000e+02,8.9191e-01,1.9046e+00,2.0000e+01,9.5372e-02,1.2215e-02
5.3000e+02,8.9000e-01,1.9029e+00,2.0000e+01,9.7060e-02,1.2437e-02
5.4000e+02,8.8810e-01,1.9012e+00,2.0000e+01,9.8743e-02,1.2658e-02
5.5000e+02,8.8620e-01,1.8995e+00,2.0000e+01,1.0042e-01,1.2879e-02
5.6000e+02,8.8431e-01,1.8979e+00,2.0000e+01,1.0209e-01,1.3099e-02
5.7000e+02,8.8242e-01,1.8962e+00,2.0000e+01,1.0376e-01,1.3319e-02
5.8000e+02,8.8054e-01,1.8945e+00,2.0000e+01,1.0542e-01,1.3538e-02
5.9000e+02,8.7866e-01,1.8929e+00,2.0000e+01,1.0708e-01,1.3757e-02
6.0000e+02,8.7679e-01,1.8912e+00,2.0000e+01,1.0873e-01,1.3975e-02
6.1000e+02,8.7492e-01,1.8896e+00,2.0000e+01,1.1038e-01,1.4193e-02
6.2000e+02,8.7306e-01,1.8879e+00,2.0000e+01,1.1202e-01,1.4411e-02
6.3000e+02,8.7121e-01,1.8863e+00,2.0000e+01,1.1366e-01,1.4628e-02
6.4000e+02,8.6936e-01,1.8846e+00,2.0000e+01,1.1530e-01,1.4844e-02
6.5000e+02,8.6752e-01,1.8830e+00,2.0000e+01,1.1692e-01,1.5060e-02
6.6000e+02,8.6568e-01,1.8814e+00,2.0000e+01,1.1855e-01,1.5276e-02
6.7000e+02,8.6384e-01,1.8798e+00,2.0000e+01,1.2017e-01,1.5491e-02
6.8000e+02,8.6201e-01,1.8782e+00,2.0000e+01,1.2178e-01,1.5706e-02
6.9000e+02,8.6019e-01,1.8765e+00,2.0000e+01,1.2339e-01,1.5920e-02
7.0000e+02,8.5837e-01,1.8749e+00,2.0000e+01,1.2499e-01,1.6134e-02
7.1000e+02,8.5656e-01,1.8733e+00,2.0000e+01,1.2659e-01,1.6347e-02
7.2000e+02,8.5475e-01,1.8717e+00,2.0000e+01,1.2819e-01,1.6560e-02
7.3000e+02,8.5295e-01,1.8702e+00,2.0000e+01,1.2978e-01,1.6773e-02
7.4000e+02,8.5115e-01,1.8686e+00,2.0000e+01,1.3136e-01,1.6985e-02
7.5000e+02,8.4936e-01,1.8670e+00,2.0000e+01,1.3294e-01,1.7196e-02
7.6000e+02,8.4757e-01,1.8654e+00,2.0000e+01,1.3452e-01,1.7407e-02
7.7000e+02,8.4579e-01,1.8638e+00,2.0000e+01,1.3609e-01,1.7618e-02
7.8000e+02,8.4402e-01,1.8623e+00,2.0000e+01,1.3766e-01,1.7828e-02
7.9000e+02,8.4224e-01,1.8607e+00,2.0000e+01,1.3922e-01,1.8038e-02
8.0000e+02,8.4048e-01,1.8592e+00,2.0000e+01,1.4078e-01,1.8247e-02
8.1000e+02,8.3872e-01,1.8576e+00,2.0000e+01,1.4233e-01,1.8456e-02
8.2000e+02,8.3696e-01,1.8560e+00,2.0000e+01,1.4388e-01,1.8665e-02
8.3000e+02,8.3521e-01,1.8545e+00,2.0000e+01,1.4542e-01,1.8873e-02
8.4000e+02,8.3346e-01,1.8530e+00,2.0000e+01,1.4696e-01,1.9080e-02
8.5000e+02,8.3172e-01,1.8514e+00,2.0000e+01,1.4850e-01,1.9288e-02
8.6000e+02,8.2998e-01,1.8499e+00,2.0000e+01,1.5003e-01,1.9494e-02
8.7000e+02,8.2825e-01,1.8484e+00,2.0000e+01,1.5155e-01,1.9701e-02
8.8000e+02,8.2652e-01,1.8468e+00,2.0000e+01,1.5307e-01,1.9906e-02
8.9000e+02,8.2480e-01,1.8453e+00,2.0000e+01,1.5459e-01,2.0112e-02
9.0000e+02,8.2308e-01,1.8438e+00,2.0000e+01,1.5610e-01,2.0317e-02
9.1000e+02,8.2137e-01,1.8423e+00,2.0000e+01,1.5761e-01,2.0521e-02
9.2000e+02,8.1966e-01,1.8408e+00,2.0000e+01,1.5912e-01,2.0726e-02
9.3000e+02,8.1796e-01,1.8393e+00,2.0000e+01,1.6061e-01,2.0929e-02
9.4000e+02,8.1626e-01,1.8378e+00,2.0000e+01,1.6211e-01,2.1133e-02
9.5000e+02,8.1456e-01,1.8363e+00,2.0000e+01,1.6360e-01,2.1336e-02
9.6000e+02,8.1287e-01,1.8348e+00,2.0000e+01,1.6509e-01,2.1538e-02
9.7000e+02,8.1119e-01,1.8333e+00,2.0000e+01,1.6657e-01,2.1740e-02
9.8000e+02,8.0951e-01,1.8319e+00,2.0000e+01,1.6805e-01,2.1942e-02
9.9000e+02,8.0784e-01,1.8304e+00,2.0000e+01,1.6952e-01,2.2143e-02
1.0000e+03,8.0616e-01,1.8289e+00,2.0000e+01,1.7099e-01,2.2344e-02
1.0100e+03,8.0450e-01,1.8275e+00,2.0000e+01,1.7246e-01,2.2544e-02
1.0200e+03,8.0284e-01,1.8260e+00,2.0000e+01,1.7392e-01,2.2744e-02
1.0300e+03,8.0118e-01,1.8245e+00,2.0000e+01,1.7538e-01,2.2944e-02
1.0400e+03,7.9953e-01,1.8231e+00,2.0000e+01,1.7683e-01,2.3143e-02
1.0500e+03,7.9788e-01,1.8216e+00,2.0000e+01,1.7828e-01,2.3342e-02
1.0600e+03,7.9624e-01,1.8202e+00,2.0000e+01,1.7972e-01,2.3540e-02
1.0700e+03,7.9460e-01,1.8187e+00,2.0000e+01,1.8116e-01,2.3738e-02
1.0800e+03,7.9297e-01,1.8173e+00,2.0000e+01,1.8260e-01,2.3935e-02
1.0900e+03,7.9134e-01,1.8159e+00,2.0000e+01,1.8403e-01,2.4133e-02
1.1000e+03,7.8971e-01,1.8144e+00,2.0000e+01,1.8546e-01,2.4329e-02
1.1100e+03,7.8809e-01,1.8130e+00,2.0000e+01,1.8688e-01,2.4526e-02
1.1200e+03,7.8647e-01,1.8116e+00,2.0000e+01,1.8830e-01,2.4722e-02
1.1300e+03,7.8486e-01,1.8102e+00,2.0000e+01,1.8972e-01,2.4917e-02
1.1400e+03,7.8326e-01,1.8088e+00,2.0000e+01,1.9113e-01,2.5112e-02
1.1500e+03,7.8165e-01,1.8074e+00,2.0000e+01,1.9254e-01,2.5307e-02
1.1600e+03,7.8005e-01,1.8060e+00,2.0000e+01,1.9394e-01,2.5501e-02
1.1700e+03,7.7846e-01,1.8046e+00,2.0000e+01,1.9535e-01,2.5695e-02
1.1800e+03,7.7687e-01,1.8032e+00,2.0000e+01,1.9674e-01,2.5889e-02
1.1900e+03,7.7528e-01,1.8018e+00,2.0000e+01,1.9813e-01,2.6082e-02
1.2000e+03,7.7370e-01,1.8004e+00,2.0000e+01,1.9952e-01,2.6274e-02
1.2100e+03,7.7213e-01,1.7990e+00,2.0000e+01,2.0091e-01,2.6467e-02
1.2200e+03,7.7055e-01,1.7976e+00,2.0000e+01,2.0229e-01,2.6659e-02
1.2300e+03,7.6899e-01,1.7962e+00,2.0000e+01,2.0366e-01,2.6850e-02
1.2400e+03,7.6742e-01,1.7949e+00,2.0000e+01,2.0504e-01,2.7042e-02
1.2500e+03,7.6586e-01,1.7935e+00,2.0000e+01,2.0641e-01,2.7232e-02
1.2600e+03,7.6431e-01,1.7921e+00,2.0000e+01,2.0777e-01,2.7423e-02
1.2700e+03,7.6275e-01,1.7908e+00,2.0000e+01,2.0913e-01,2.7613e-02
1.2800e+03,7.6121e-01,1.7894e+00,2.0000e+01,2.1049e-01,2.7802e-02
1.2900e+03,7.5966e-01,1.7880e+00,2.0000e+01,2.1185e-01,2.7992e-02
1.3000e+03,7.5812e-01,1.7867e+00,2.0000e+01,2.1320e-01,2.8180e-02
1.3100e+03,7.5659e-01,1.7853e+00,2.0000e+01,2.1454e-01,2.8369e-02
1.3200e+03,7.5506e-01,1.7840e+00,2.0000e+01,2.1588e-01,2.8557e-02
1.3300e+03,7.5353e-01,1.7827e+00,2.0000e+01,2.1722e-01,2.8745e-02
1.3400e+03,7.5201e-01,1.7813e+00,2.0000e+01,2.1856e-01,2.8932e-02
1.3500e+03,7.5049e-01,1.7800e+00,2.0000e+01,2.1989e-01,2.9119e-02
1.3600e+03,7.4898e-01,1.7787e+00,2.0000e+01,2.2122e-01,2.9306e-02
1.3700e+03,7.4747e-01,1.7773e+00,2.0000e+01,2.2254e-01,2.9492e-02
1.3800e+03,7.4596e-01,1.7760e+00,2.0000e+01,2.2386e-01,2.9678e-02
1.3900e+03,7.4446e-01,1.7747e+00,2.0000e+01,2.2518e-01,2.9863e-02
1.4000e+03,7.4296e-01,1.7734e+00,2.0000e+01,2.2649e-01,3.0048e-02
1.4100e+03,7.4146e-01,1.7721e+00,2.0000e+01,2.2780e-01,3.0233e-02
1.4200e+03,7.3997e-01,1.7708e+00,2.0000e+01,2.2911e-01,3.0417e-02
1.4300e+03,7.3849e-01,1.7695e+00,2.0000e+01,2.3041e-01,3.0601e-02
1.4400e+03,7.3700e-01,1.7682e+00,2.0000e+01,2.3171e-01,3.0785e-02
1.4500e+03,7.3553e-01,1.7669e+00,2.0000e+01,2.3301e-01,3.0968e-02
1.4600e+03,7.3405e-01,1.7656e+00,2.0000e+01,2.3430e-01,3.1151e-02
1.4700e+03,7.3258e-01,1.7643e+00,2.0000e+01,2.3559e-01,3.1333e-02
1.4800e+03,7.3111e-01,1.7630e+00,2.0000e+01,2.3687e-01,3.1515e-02
1.4900e+03,7.2965e-01,1.7617e+00,2.0000e+01,2.3815e-01,3.1697e-02
1.5000e+03,7.2819e-01,1.7604e+00,2.0000e+01,2.3943e-01,3.1879e-02
1.5100e+03,7.2673e-01,1.7592e+00,2.0000e+01,2.4071e-01,3.2060e-02
1.5200e+03,7.2528e-01,1.7579e+00,2.0000e+01,2.4198e-01,3.2240e-02
1.5300e+03,7.2384e-01,1.7566e+00,2.0000e+01,2.4324e-01,3.2421e-02
1.5400e+03,7.2239e-01,1.7554e+00,2.0000e+01,2.4451e-01,3.2601e-02
1.5500e+03,7.2095e-01,1.7541e+00,2.0000e+01,2.4577e-01,3.2780e-02
1.5600e+03,7.1951e-01,1.7528e+00,2.0000e+01,2.4703e-01,3.2959e-02
1.5700e+03,7.1808e-01,1.7516e+00,2.0000e+01,2.4828e-01,3.3138e-02
1.5800e+03,7.1665e-01,1.7503e+00,2.0000e+01,2.4953e-01,3.3317e-02
1.5900e+03,7.1523e-01,1.7491e+00,2.0000e+01,2.5078e-01,3.3495e-02
1.6000e+03,7.1381e-01,1.7479e+00,2.0000e+01,2.5202e-01,3.3673e-02
1.6100e+03,7.1239e-01,1.7466e+00,2.0000e+01,2.5326e-01,3.3850e-02
1.6200e+03,7.1097e-01,1.7454e+00,2.0000e+01,2.5450e-01,3.4028e-02
1.6300e+03,7.0956e-01,1.7441e+00,2.0000e+01,2.5573e-01,3.4204e-02
1.6400e+03,7.0816e-01,1.7429e+00,2.0000e+01,2.5696e-01,3.4381e-02
1.6500e+03,7.0675e-01,1.7417e+00,2.0000e+01,2.5819e-01,3.4557e-02
1.6600e+03,7.0535e-01,1.7405e+00,2.0000e+01,2.5941e-01,3.4732e-02
1.6700e+03,7.0396e-01,1.7392e+00,2.0000e+01,2.6063e-01,3.4908e-02
1.6800e+03,7.0257e-01,1.7380e+00,2.0000e+01,2.6185e-01,3.5083e-02
1.6900e+03,7.0118e-01,1.7368e+00,2.0000e+01,2.6307e-01,3.5258e-02
1.7000e+03,6.9979e-01,1.7356e+00,2.0000e+01,2.6428e-01,3.5432e-02
1.7100e+03,6.9841e-01,1.7344e+00,2.0000e+01,2.6548e-01,3.5606e-02
1.7200e+03,6.9703e-01,1.7332e+00,2.0000e+01,2.6669e-01,3.5780e-02
1.7300e+03,6.9566e-01,1.7320e+00,2.0000e+01,2.6789e-01,3.5953e-02
1.7400e+03,6.9429e-01,1.7308e+00,2.0000e+01,2.6909e-01,3.6126e-02
1.7500e+03,6.9292e-01,1.7296e+00,2.0000e+01,2.7028e-01,3.6298e-02
1.7600e+03,6.9156e-01,1.7284e+00,2.0000e+01,2.7147e-01,3.6471e-02
1.7700e+03,6.9020e-01,1.7272e+00,2.0000e+01,2.7266e-01,3.6643e-02
1.7800e+03,6.8884e-01,1.7260e+00,2.0000e+01,2.7385e-01,3.6814e-02
1.7900e+03,6.8749e-01,1.7248e+00,2.0000e+01,2.7503e-01,3.6986e-02
1.8000e+03,6.8614e-01,1.7237e+00,2.0000e+01,2.7621e-01,3.7157e-02
1.8100e+03,6.8479e-01,1.7225e+00,2.0000e+01,2.7738e-01,3.7327e-02
1.8200e+03,6.8345e-01,1.7213e+00,2.0000e+01,2.7856e-01,3.7497e-02
1.8300e+03,6.8211e-01,1.7201e+00,2.0000e+01,2.7973e-01,3.7667e-02
1.8400e+03,6.8077e-01,1.7190e+00,2.0000e+01,2.8089e-01,3.7837e-02
1.8500e+03,6.7944e-01,1.7178e+00,2.0000e+01,2.8206e-01,3.8006e-02
1.8600e+03,6.7811e-01,1.7166e+00,2.0000e+01,2.8322e-01,3.8175e-02
1.8700e+03,6.7678e-01,1.7155e+00,2.0000e+01,2.8437e-01,3.8344e-02
1.8800e+03,6.7546e-01,1.7143e+00,2.0000e+01,2.8553e-01,3.8512e-02
1.8900e+03,6.7414e-01,1.7132e+00,2.0000e+01,2.8668e-01,3.8680e-02
1.9000e+03,6.7283e-01,1.7120e+00,2.0000e+01,2.8783e-01,3.8848e-02
1.9100e+03,6.7151e-01,1.7109e+00,2.0000e+01,2.8897e-01,3.9015e-02
1.9200e+03,6.7020e-01,1.7097e+00,2.0000e+01,2.9012e-01,3.9182e-02
1.9300e+03,6.6890e-01,1.7086e+00,2.0000e+01,2.9125e-01,3.9349e-02
1.9400e+03,6.6759e-01,1.7075e+00,2.0000e+01,2.9239e-01,3.9515e-02
1.9500e+03,6.6630e-01,1.7063e+00,2.0000e+01,2.9352e-01,3.9681e-02
1.9600e+03,6.6500e-01,1.7052e+00,2.0000e+01,2.9465e-01,3.9847e-02
1.9700e+03,6.6371e-01,1.7041e+00,2.0000e+01,2.9578e-01,4.0012e-02
1.9800e+03,6.6242e-01,1.7029e+00,2.0000e+01,2.9691e-01,4.0177e-02
1.9900e+03,6.6113e-01,1.7018e+00,2.0000e+01,2.9803e-01,4.0342e-02
2.0000e+03,6.5985e-01,1.7007e+00,2.0000e+01,2.9915e-01,4.0506e-02
2.0100e+03,6.5857e-01,1.6996e+00,2.0000e+01,3.0026e-01,4.0670e-02
2.0200e+03,6.5729e-01,1.6985e+00,2.0000e+01,3.0138e-01,4.0834e-02
2.0300e+03,6.5602e-01,1.6974e+00,2.0000e+01,3.0249e-01,4.0997e-02
2.0400e+03,6.5475e-01,1.6963e+00,2.0000e+01,3.0359e-01,4.1160e-02
2.0500e+03,6.5348e-01,1.6951e+00,2.0000e+01,3.0470e-01,4.1323e-02
2.0600e+03,6.5222e-01,1.6940e+00,2.0000e+01,3.0580e-01,4.1486e-02
2.0700e+03,6.5096e-01,1.6929e+00,2.0000e+01,3.0690e-01,4.1648e-02
2.0800e+03,6.4970e-01,1.6919e+00,2.0000e+01,3.0799e-01,4.1810e-02
2.0900e+03,6.4844e-01,1.6908e+00,2.0000e+01,3.0909e-01,4.1971e-02
2.1000e+03,6.4719e-01,1.6897e+00,2.0000e+01,3.1018e-01,4.2133e-02
2.1100e+03,6.4594e-01,1.6886e+00,2.0000e+01,3.1126e-01,4.2294e-02
2.1200e+03,6.4470e-01,1.6875e+00,2.0000e+01,3.1235e-01,4.2454e-02
2.1300e+03,6.4346e-01,1.6864e+00,2.0000e+01,3.1343e-01,4.2614e-02
2.1400e+03,6.4222e-01,1.6853e+00,2.0000e+01,3.1451e-01,4.2774e-02
2.1500e+03,6.4098e-01,1.6843e+00,2.0000e+01,3.1559e-01,4.2934e-02
2.1600e+03,6.3975e-01,1.6832e+00,2.0000e+01,3.1666e-01,4.3094e-02
2.1700e+03,6.3852e-01,1.6821e+00,2.0000e+01,3.1773e-01,4.3253e-02
2.1800e+03,6.3729e-01,1.6810e+00,2.0000e+01,3.1880e-01,4.3411e-02
2.1900e+03,6.3607e-01,1.6800e+00,2.0000e+01,3.1986e-01,4.3570e-02
2.2000e+03,6.3485e-01,1.6789e+00,2.0000e+01,3.2093e-01,4.3728e-02
2.2100e+03,6.3363e-01,1.6779e+00,2.0000e+01,3.2199e-01,4.3886e-02
2.2200e+03,6.3241e-01,1.6768e+00,2.0000e+01,3.2304e-01,4.4044e-02
2.2300e+03,6.3120e-01,1.6757e+00,2.0000e+01,3.2410e-01,4.4201e-02
2.2400e+03,6.2999e-01,1.6747e+00,2.0000e+01,3.2515e-01,4.4358e-02
2.2500e+03,6.2879e-01,1.6736e+00,2.0000e+01,3.2620e-01,4.4514e-02
2.2600e+03,6.2759e-01,1.6726e+00,2.0000e+01,3.2724e-01,4.4671e-02
2.2700e+03,6.2639e-01,1.6715e+00,2.0000e+01,3.2829e-01,4.4827e-02
2.2800e+03,6.2519e-01,1.6705e+00,2.0000e+01,3.2933e-01,4.4983e-02
2.2900e+03,6.2399e-01,1.6695e+00,2.0000e+01,3.3037e-01,4.5138e-02
2.3000e+03,6.2280e-01,1.6684e+00,2.0000e+01,3.3140e-01,4.5293e-02
2.3100e+03,6.2162e-01,1.6674e+00,2.0000e+01,3.3244e-01,4.5448e-02
2.3200e+03,6.2043e-01,1.6664e+00,2.0000e+01,3.3347e-01,4.5603e-02
2.3300e+03,6.1925e-01,1.6653e+00,2.0000e+01,3.3450e-01,4.5757e-02
2.3400e+03,6.1807e-01,1.6643e+00,2.0000e+01,3.3552e-01,4.5911e-02
2.3500e+03,6.1689e-01,1.6633e+00,2.0000e+01,3.3654e-01,4.6065e-02
2.3600e+03,6.1572e-01,1.6623e+00,2.0000e+01,3.3756e-01,4.6218e-02
2.3700e+03,6.1455e-01,1.6612e+00,2.0000e+01,3.3858e-01,4.6371e-02
2.3800e+03,6.1338e-01,1.6602e+00,2.0000e+01,3.3960e-01,4.6524e-02
2.3900e+03,6.1221e-01,1.6592e+00,2.0000e+01,3.4061e-01,4.6677e-02
2.4000e+03,6.1105e-01,1.6582e+00,2.0000e+01,3.4162e-01,4.6829e-02
2.4100e+03,6.0989e-01,1.6572e+00,2.0000e+01,3.4263e-01,4.6981e-02
2.4200e+03,6.0874e-01,1.6562e+00,2.0000e+01,3.4363e-01,4.7132e-02
2.4300e+03,6.0758e-01,1.6552e+00,2.0000e+01,3.4464e-01,4.7284e-02
2.4400e+03,6.0643e-01,1.6542e+00,2.0000e+01,3.4564e-01,4.7435e-02
2.4500e+03,6.0528e-01,1.6532e+00,2.0000e+01,3.4663e-01,4.7586e-02
2.4600e+03,6.0414e-01,1.6522e+00,2.0000e+01,3.4763e-01,4.7736e-02
2.4700e+03,6.0299e-01,1.6512e+00,2.0000e+01,3.4862e-01,4.7886e-02
2.4800e+03,6.0185e-01,1.6502e+00,2.0000e+01,3.4961e-01,4.8036e-02
2.4900e+03,6.0072e-01,1.6492e+00,2.0000e+01,3.5060e-01,4.8186e-02
2.5000e+03,5.9958e-01,1.6482e+00,2.0000e+01,3.5158e-01,4.8336e-02
2.5100e+03,5.9845e-01,1.6473e+00,2.0000e+01,3.5257e-01,4.8485e-02
2.5200e+03,5.9732e-01,1.6463e+00,2.0000e+01,3.5355e-01,4.8633e-02
2.5300e+03,5.9619e-01,1.6453e+00,2.0000e+01,3.5452e-01,4.8782e-02
2.5400e+03,5.9507e-01,1.6443e+00,2.0000e+01,3.5550e-01,4.8930e-02
2.5500e+03,5.9395e-01,1.6433e+00,2.0000e+01,3.5647e-01,4.9078e-02
2.5600e+03,5.9283e-01,1.6424e+00,2.0000e+01,3.5744e-01,4.9226e-02
2.5700e+03,5.9171e-01,1.6414e+00,2.0000e+01,3.5841e-01,4.9373e-02
2.5800e+03,5.9060e-01,1.6404e+00,2.0000e+01,3.5938e-01,4.9521e-02
2.5900e+03,5.8949e-01,1.6395e+00,2.0000e+01,3.6034e-01,4.9667e-02
2.6000e+03,5.8838e-01,1.6385e+00,2.0000e+01,3.6130e-01,4.9814e-02
2.6100e+03,5.8728e-01,1.6376e+00,2.0000e+01,3.6226e-01,4.9960e-02
2.6200e+03,5.8618e-01,1.6366e+00,2.0000e+01,3.6322e-01,5.0106e-02
2.6300e+03,5.8508e-01,1.6356e+00,2.0000e+01,3.6417e-01,5.0252e-02
2.6400e+03,5.8398e-01,1.6347e+00,2.0000e+01,3.6512e-01,5.0398e-02
2.6500e+03,5.8288e-01,1.6337e+00,2.0000e+01,3.6607e-01,5.0543e-02
2.6600e+03,5.8179e-01,1.6328e+00,2.0000e+01,3.6702e-01,5.0688e-02
2.6700e+03,5.8070e-01,1.6319e+00,2.0000e+01,3.6796e-01,5.0833e-02
2.6800e+03,5.7962e-01,1.6309e+00,2.0000e+01,3.6891e-01,5.0977e-02
2.6900e+03,5.7853e-01,1.6300e+00,2.0000e+01,3.6985e-01,5.1121e-02
2.7000e+03,5.7745e-01,1.6290e+00,2.0000e+01,3.7079e-01,5.1265e-02
2.7100e+03,5.7637e-01,1.6281e+00,2.0000e+01,3.7172e-01,5.1409e-02
2.7200e+03,5.7529e-01,1.6272e+00,2.0000e+01,3.7265e-01,5.1552e-02
2.7300e+03,5.7422e-01,1.6262e+00,2.0000e+01,3.7359e-01,5.1695e-02
2.7400e+03,5.7315e-01,1.6253e+00,2.0000e+01,3.7451e-01,5.1838e-02
2.7500e+03,5.7208e-01,1.6244e+00,2.0000e+01,3.7544e-01,5.1980e-02
2.7600e+03,5.7101e-01,1.6234e+00,2.0000e+01,3.7636e-01,5.2123e-02
2.7700e+03,5.6995e-01,1.6225e+00,2.0000e+01,3.7729e-01,5.2265e-02
2.7800e+03,5.6889e-01,1.6216e+00,2.0000e+01,3.7821e-01,5.2406e-02
2.7900e+03,5.6783e-01,1.6207e+00,2.0000e+01,3.7912e-01,5.2548e-02
2.8000e+03,5.6677e-01,1.6198e+00,2.0000e+01,3.8004e-01,5.2689e-02
2.8100e+03,5.6572e-01,1.6189e+00,2.0000e+01,3.8095e-01,5.2830e-02
2.8200e+03,5.6467e-01,1.6179e+00,2.0000e+01,3.8186e-01,5.2971e-02
2.8300e+03,5.6362e-01,1.6170e+00,2.0000e+01,3.8277e-01,5.3111e-02
2.8400e+03,5.6257e-01,1.6161e+00,2.0000e+01,3.8368e-01,5.3251e-02
2.8500e+03,5.6153e-01,1.6152e+00,2.0000e+01,3.8458e-01,5.3391e-02
2.8600e+03,5.6049e-01,1.6143e+00,2.0000e+01,3.8548e-01,5.3531e-02
2.8700e+03,5.5945e-01,1.6134e+00,2.0000e+01,3.8638e-01,5.3670e-02
2.8800e+03,5.5841e-01,1.6125e+00,2.0000e+01,3.8728e-01,5.3810e-02
2.8900e+03,5.5737e-01,1.6116e+00,2.0000e+01,3.8818e-01,5.3948e-02
2.9000e+03,5.5634e-01,1.6107e+00,2.0000e+01,3.8907e-01,5.4087e-02
2.9100e+03,5.5531e-01,1.6098e+00,2.0000e+01,3.8996e-01,5.4225e-02
2.9200e+03,5.5429e-01,1.6090e+00,2.0000e+01,3.9085e-01,5.4364e-02
2.9300e+03,5.5326e-01,1.6081e+00,2.0000e+01,3.9174e-01,5.4501e-02
2.9400e+03,5.5224e-01,1.6072e+00,2.0000e+01,3.9262e-01,5.4639e-02
2.9500e+03,5.5122e-01,1.6063e+00,2.0000e+01,3.9351e-01,5.4776e-02
2.9600e+03,5.5020e-01,1.6054e+00,2.0000e+01,3.9439e-01,5.4913e-02
2.9700e+03,5.4919e-01,1.6045e+00,2.0000e+01,3.9526e-01,5.5050e-02
2.9800e+03,5.4817e-01,1.6037e+00,2.0000e+01,3.9614e-01,5.5187e-02
2.9900e+03,5.4716e-01,1.6028e+00,2.0000e+01,3.9702e-01,5.5323e-02
3.0000e+03,5.4615e-01,1.6019e+00,2.0000e+01,3.9789e-01,5.5459e-02
3.0100e+03,5.4515e-01,1.6010e+00,2.0000e+01,3.9876e-01,5.5595e-02
3.0200e+03,5.4414e-01,1.6002e+00,2.0000e+01,3.9963e-01,5.5731e-02
3.0300e+03,5.4314e-01,1.5993e+00,2.0000e+01,4.0049e-01,5.5866e-02
3.0400e+03,5.4214e-01,1.5984e+00,2.0000e+01,4.0136e-01,5.6001e-02
3.0500e+03,5.4115e-01,1.5976e+00,2.0000e+01,4.0222e-01,5.6136e-02
3.0600e+03,5.4015e-01,1.5967e+00,2.0000e+01,4.0308e-01,5.6271e-02
3.0700e+03,5.3916e-01,1.5959e+00,2.0000e+01,4.0394e-01,5.6405e-02
3.0800e+03,5.3817e-01,1.5950e+00,2.0000e+01,4.0479e-01,5.6539e-02
3.0900e+03,5.3718e-01,1.5942e+00,2.0000e+01,4.0565e-01,5.6673e-02
3.1000e+03,5.3620e-01,1.5933e+00,2.0000e+01,4.0650e-01,5.6807e-02
3.1100e+03,5.3521e-01,1.5924e+00,2.0000e+01,4.0735e-01,5.6940e-02
3.1200e+03,5.3423e-01,1.5916e+00,2.0000e+01,4.0819e-01,5.7073e-02
3.1300e+03,5.3325e-01,1.5908e+00,2.0000e+01,4.0904e-01,5.7206e-02
3.1400e+03,5.3228e-01,1.5899e+00,2.0000e+01,4.0988e-01,5.7339e-02
3.1500e+03,5.3130e-01,1.5891e+00,2.0000e+01,4.1073e-01,5.7471e-02
3.1600e+03,5.3033e-01,1.5882e+00,2.0000e+01,4.1157e-01,5.7603e-02
3.1700e+03,5.2936e-01,1.5874e+00,2.0000e+01,4.1240e-01,5.7735e-02
3.1800e+03,5.2839e-01,1.5866e+00,2.0000e+01,4.1324e-01,5.7867e-02
3.1900e+03,5.2743e-01,1.5857e+00,2.0000e+01,4.1407e-01,5.7998e-02
3.2000e+03,5.2647e-01,1.5849e+00,2.0000e+01,4.1490e-01,5.8129e-02
3.2100e+03,5.2551e-01,1.5841e+00,2.0000e+01,4.1573e-01,5.8260e-02
3.2200e+03,5.2455e-01,1.5832e+00,2.0000e+01,4.1656e-01,5.8391e-02
3.2300e+03,5.2359e-01,1.5824e+00,2.0000e+01,4.1739e-01,5.8521e-02
3.2400e+03,5.2264e-01,1.5816e+00,2.0000e+01,4.1821e-01,5.8652e-02
3.2500e+03,5.2168e-01,1.5808e+00,2.0000e+01,4.1903e-01,5.8782e-02
3.2600e+03,5.2073e-01,1.5799e+00,2.0000e+01,4.1986e-01,5.8911e-02
3.2700e+03,5.1979e-01,1.5791e+00,2.0000e+01,4.2067e-01,5.9041e-02
3.2800e+03,5.1884e-01,1.5783e+00,2.0000e+01,4.2149e-01,5.9170e-02
3.2900e+03,5.1790e-01,1.5775e+00,2.0000e+01,4.2230e-01,5.9299e-02
3.3000e+03,5.1696e-01,1.5767e+00,2.0000e+01,4.2312e-01,5.9428e-02
3.3100e+03,5.1602e-01,1.5759e+00,2.0000e+01,4.2393e-01,5.9557e-02
3.3200e+03,5.1508e-01,1.5751e+00,2.0000e+01,4.2474e-01,5.9685e-02
3.3300e+03,5.1414e-01,1.5742e+00,2.0000e+01,4.2554e-01,5.9813e-02
3.3400e+03,5.1321e-01,1.5734e+00,2.0000e+01,4.2635e-01,5.9941e-02
3.3500e+03,5.1228e-01,1.5726e+00,2.0000e+01,4.2715e-01,6.0069e-02
3.3600e+03,5.1135e-01,1.5718e+00,2.0000e+01,4.2795e-01,6.0196e-02
3.3700e+03,5.1042e-01,1.5710e+00,2.0000e+01,4.2875e-01,6.0323e-02
3.3800e+03,5.0950e-01,1.5702e+00,2.0000e+01,4.2955e-01,6.0450e-02
3.3900e+03,5.0858e-01,1.5694e+00,2.0000e+01,4.3035e-01,6.0577e-02
3.4000e+03,5.0766e-01,1.5686e+00,2.0000e+01,4.3114e-01,6.0703e-02
3.4100e+03,5.0674e-01,1.5679e+00,2.0000e+01,4.3193e-01,6.0830e-02
3.4200e+03,5.0582e-01,1.5671e+00,2.0000e+01,4.3272e-01,6.0956e-02
3.4300e+03,5.0491e-01,1.5663e+00,2.0000e+01,4.3351e-01,6.1082e-02
3.4400e+03,5.0400e-01,1.5655e+00,2.0000e+01,4.3430e-01,6.1207e-02
3.4500e+03,5.0309e-01,1.5647e+00,2.0000e+01,4.3508e-01,6.1333e-02
3.4600e+03,5.0218e-01,1.5639e+00,2.0000e+01,4.3587e-01,6.1458e-02
3.4700e+03,5.0127e-01,1.5631e+00,2.0000e+01,4.3665e-01,6.1583e-02
3.4800e+03,5.0037e-01,1.5624e+00,2.0000e+01,4.3743e-01,6.1707e-02
3.4900e+03,4.9946e-01,1.5616e+00,2.0000e+01,4.3820e-01,6.1832e-02
3.5000e+03,4.9856e-01,1.5608e+00,2.0000e+01,4.3898e-01,6.1956e-02
3.5100e+03,4.9767e-01,1.5600e+00,2.0000e+01,4.3975e-01,6.2080e-02
3.5200e+03,4.9677e-01,1.5593e+00,2.0000e+01,4.4053e-01,6.2204e-02
3.5300e+03,4.9588e-01,1.5585e+00,2.0000e+01,4.4130e-01,6.2327e-02
3.5400e+03,4.9498e-01,1.5577e+00,2.0000e+01,4.4207e-01,6.2451e-02
3.5500e+03,4.9409e-01,1.5569e+00,2.0000e+01,4.4283e-01,6.2574e-02
3.5600e+03,4.9321e-01,1.5562e+00,2.0000e+01,4.4360e-01,6.2697e-02
3.5700e+03,4.9232e-01,1.5554e+00,2.0000e+01,4.4436e-01,6.2819e-02
3.5800e+03,4.9144e-01,1.5547e+00,2.0000e+01,4.4512e-01,6.2942e-02
3.5900e+03,4.9055e-01,1.5539e+00,2.0000e+01,4.4588e-01,6.3064e-02
3.6000e+03,4.8967e-01,1.5531e+00,2.0000e+01,4.4664e-01,6.3186e-02
3.6100e+03,4.8879e-01,1.5524e+00,2.0000e+01,4.4740e-01,6.3308e-02
3.6200e+03,4.8792e-01,1.5516e+00,2.0000e+01,4.4815e-01,6.3430e-02
3.6300e+03,4.8704e-01,1.5509e+00,2.0000e+01,4.4891e-01,6.3551e-02
3.6400e+03,4.8617e-01,1.5501e+00,2.0000e+01,4.4966e-01,6.3672e-02
3.6500e+03,4.8530e-01,1.5494e+00,2.0000e+01,4.5041e-01,6.3793e-02
3.6600e+03,4.8443e-01,1.5486e+00,2.0000e+01,4.5115e-01,6.3914e-02
3.6700e+03,4.8357e-01,1.5479e+00,2.0000e+01,4.5190e-01,6.4034e-02
3.6800e+03,4.8270e-01,1.5471e+00,2.0000e+01,4.5265e-01,6.4155e-02
3.6900e+03,4.8184e-01,1.5464e+00,2.0000e+01,4.5339e-01,6.4275e-02
3.7000e+03,4.8098e-01,1.5456e+00,2.0000e+01,4.5413e-01,6.4394e-02
3.7100e+03,4.8012e-01,1.5449e+00,2.0000e+01,4.5487e-01,6.4514e-02
3.7200e+03,4.7926e-01,1.5442e+00,2.0000e+01,4.5561e-01,6.4634e-02
3.7300e+03,4.7840e-01,1.5434e+00,2.0000e+01,4.5634e-01,6.4753e-02
3.7400e+03,4.7755e-01,1.5427e+00,2.0000e+01,4.5708e-01,6.4872e-02
3.7500e+03,4.7670e-01,1.5420e+00,2.0000e+01,4.5781e-01,6.4991e-02
3.7600e+03,4.7585e-01,1.5412e+00,2.0000e+01,4.5854e-01,6.5109e-02
3.7700e+03,4.7500e-01,1.5405e+00,2.0000e+01,4.5927e-01,6.5228e-02
3.7800e+03,4.7416e-01,1.5398e+00,2.0000e+01,4.6000e-01,6.5346e-02
3.7900e+03,4.7331e-01,1.5390e+00,2.0000e+01,4.6073e-01,6.5464e-02
3.8000e+03,4.7247e-01,1.5383e+00,2.0000e+01,4.6145e-01,6.5581e-02
3.8100e+03,4.7163e-01,1.5376e+00,2.0000e+01,4.6217e-01,6.5699e-02
3.8200e+03,4.7079e-01,1.5369e+00,2.0000e+01,4.6289e-01,6.5816e-02
3.8300e+03,4.6995e-01,1.5362e+00,2.0000e+01,4.6361e-01,6.5933e-02
3.8400e+03,4.6912e-01,1.5354e+00,2.0000e+01,4.6433e-01,6.6050e-02
3.8500e+03,4.6828e-01,1.5347e+00,2.0000e+01,4.6505e-01,6.6167e-02
3.8600e+03,4.6745e-01,1.5340e+00,2.0000e+01,4.6576e-01,6.6283e-02
3.8700e+03,4.6662e-01,1.5333e+00,2.0000e+01,4.6648e-01,6.6400e-02
3.8800e+03,4.6580e-01,1.5326e+00,2.0000e+01,4.6719e-01,6.6516e-02
3.8900e+03,4.6497e-01,1.5319e+00,2.0000e+01,4.6790e-01,6.6632e-02
3.9000e+03,4.6415e-01,1.5312e+00,2.0000e+01,4.6861e-01,6.6747e-02
3.9100e+03,4.6332e-01,1.5304e+00,2.0000e+01,4.6931e-01,6.6863e-02
3.9200e+03,4.6250e-01,1.5297e+00,2.0000e+01,4.7002e-01,6.6978e-02
3.9300e+03,4.6168e-01,1.5290e+00,2.0000e+01,4.7072e-01,6.7093e-02
3.9400e+03,4.6087e-01,1.5283e+00,2.0000e+01,4.7143e-01,6.7208e-02
3.9500e+03,4.6005e-01,1.5276e+00,2.0000e+01,4.7213e-01,6.7323e-02
3.9600e+03,4.5924e-01,1.5269e+00,2.0000e+01,4.7283e-01,6.7437e-02
3.9700e+03,4.5843e-01,1.5262e+00,2.0000e+01,4.7352e-01,6.7551e-02
3.9800e+03,4.5761e-01,1.5255e+00,2.0000e+01,4.7422e-01,6.7665e-02
3.9900e+03,4.5681e-01,1.5248e+00,2.0000e+01,4.7491e-01,6.7779e-02
4.0000e+03,4.5600e-01,1.5242e+00,2.0000e+01,4.7561e-01,6.7893e-02
4.0100e+03,4.5520e-01,1.5235e+00,2.0000e+01,4.7630e-01,6.8006e-02
4.0200e+03,4.5439e-01,1.5228e+00,2.0000e+01,4.7699e-01,6.8119e-02
4.0300e+03,4.5359e-01,1.5221e+00,2.0000e+01,4.7768e-01,6.8233e-02
4.0400e+03,4.5279e-01,1.5214e+00,2.0000e+01,4.7836e-01,6.8345e-02
4.0500e+03,4.5199e-01,1.5207e+00,2.0000e+01,4.7905e-01,6.8458e-02
4.0600e+03,4.5120e-01,1.5200e+00,2.0000e+01,4.7973e-01,6.8570e-02
4.0700e+03,4.5040e-01,1.5193e+00,2.0000e+01,4.8042e-01,6.8683e-02
4.0800e+03,4.4961e-01,1.5187e+00,2.0000e+01,4.8110e-01,6.8795e-02
4.0900e+03,4.4882e-01,1.5180e+00,2.0000e+01,4.8178e-01,6.8907e-02
4.1000e+03,4.4803e-01,1.5173e+00,2.0000e+01,4.8245e-01,6.9018e-02
4.1100e+03,4.4724e-01,1.5166e+00,2.0000e+01,4.8313e-01,6.9130e-02
4.1200e+03,4.4645e-01,1.5160e+00,2.0000e+01,4.8380e-01,6.9241e-02
4.1300e+03,4.4567e-01,1.5153e+00,2.0000e+01,4.8448e-01,6.9352e-02
4.1400e+03,4.4489e-01,1.5146e+00,2.0000e+01,4.8515e-01,6.9463e-02
4.1500e+03,4.4411e-01,1.5139e+00,2.0000e+01,4.8582e-01,6.9574e-02
4.1600e+03,4.4333e-01,1.5133e+00,2.0000e+01,4.8649e-01,6.9684e-02
4.1700e+03,4.4255e-01,1.5126e+00,2.0000e+01,4.8716e-01,6.9794e-02
4.1800e+03,4.4177e-01,1.5119e+00,2.0000e+01,4.8782e-01,6.9904e-02
4.1900e+03,4.4100e-01,1.5113e+00,2.0000e+01,4.8849e-01,7.0014e-02
4.2000e+03,4.4023e-01,1.5106e+00,2.0000e+01,4.8915e-01,7.0124e-02
4.2100e+03,4.3946e-01,1.5099e+00,2.0000e+01,4.8981e-01,7.0234e-02
4.2200e+03,4.3869e-01,1.5093e+00,2.0000e+01,4.9047e-01,7.0343e-02
4.2300e+03,4.3792e-01,1.5086e+00,2.0000e+01,4.9113e-01,7.0452e-02
4.2400e+03,4.3715e-01,1.5080e+00,2.0000e+01,4.9179e-01,7.0561e-02
4.2500e+03,4.3639e-01,1.5073e+00,2.0000e+01,4.9244e-01,7.0670e-02
4.2600e+03,4.3562e-01,1.5067e+00,2.0000e+01,4.9310e-01,7.0778e-02
4.2700e+03,4.3486e-01,1.5060e+00,2.0000e+01,4.9375e-01,7.0887e-02
4.2800e+03,4.3410e-01,1.5053e+00,2.0000e+01,4.9440e-01,7.0995e-02
4.2900e+03,4.3334e-01,1.5047e+00,2.0000e+01,4.9505e-01,7.1103e-02
4.3000e+03,4.3259e-01,1.5041e+00,2.0000e+01,4.9570e-01,7.1211e-02
4.3100e+03,4.3183e-01,1.5034e+00,2.0000e+01,4.9635e-01,7.1318e-02
4.3200e+03,4.3108e-01,1.5028e+00,2.0000e+01,4.9699e-01,7.1426e-02
4.3300e+03,4.3033e-01,1.5021e+00,2.0000e+01,4.9764e-01,7.1533e-02
4.3400e+03,4.2958e-01,1.5015e+00,2.0000e+01,4.9828e-01,7.1640e-02
4.3500e+03,4.2883e-01,1.5008e+00,2.0000e+01,4.9892e-01,7.1747e-02
4.3600e+03,4.2808e-01,1.5002e+00,2.0000e+01,4.9956e-01,7.1854e-02
4.3700e+03,4.2734e-01,1.4995e+00,2.0000e+01,5.0020e-01,7.1960e-02
4.3800e+03,4.2659e-01,1.4989e+00,2.0000e+01,5.0084e-01,7.2066e-02
4.3900e+03,4.2585e-01,1.4983e+00,2.0000e+01,5.0148e-01,7.2172e-02
4.4000e+03,4.2511e-01,1.4976e+00,2.0000e+01,5.0211e-01,7.2278e-02
4.4100e+03,4.2437e-01,1.4970e+00,2.0000e+01,5.0275e-01,7.2384e-02
4.4200e+03,4.2363e-01,1.4964e+00,2.0000e+01,5.0338e-01,7.2490e-02
4.4300e+03,4.2290e-01,1.4957e+00,2.0000e+01,5.0401e-01,7.2595e-02
4.4400e+03,4.2216e-01,1.4951e+00,2.0000e+01,5.0464e-01,7.2700e-02
4.4500e+03,4.2143e-01,1.4945e+00,2.0000e+01,5.0527e-01,7.2805e-02
4.4600e+03,4.2070e-01,1.4939e+00,2.0000e+01,5.0589e-01,7.2910e-02
4.4700e+03,4.1997e-01,1.4932e+00,2.0000e+01,5.0652e-01,7.3015e-02
4.4800e+03,4.1924e-01,1.4926e+00,2.0000e+01,5.0714e-01,7.3119e-02
4.4900e+03,4.1851e-01,1.4920e+00,2.0000e+01,5.0776e-01,7.3224e-02
4.5000e+03,4.1779e-01,1.4914e+00,2.0000e+01,5.0838e-01,7.3328e-02
4.5100e+03,4.1706e-01,1.4907e+00,2.0000e+01,5.0900e-01,7.3432e-02
4.5200e+03,4.1634e-01,1.4901e+00,2.0000e+01,5.0962e-01,7.3536e-02
4.5300e+03,4.1562e-01,1.4895e+00,2.0000e+01,5.1024e-01,7.3639e-02
4.5400e+03,4.1490e-01,1.4889e+00,2.0000e+01,5.1086e-01,7.3743e-02
4.5500e+03,4.1418e-01,1.4883e+00,2.0000e+01,5.1147e-01,7.3846e-02
4.5600e+03,4.1347e-01,1.4877e+00,2.0000e+01,5.1208e-01,7.3949e-02
4.5700e+03,4.1275e-01,1.4870e+00,2.0000e+01,5.1270e-01,7.4052e-02
4.5800e+03,4.1204e-01,1.4864e+00,2.0000e+01,5.1331e-01,7.4154e-02
4.5900e+03,4.1133e-01,1.4858e+00,2.0000e+01,5.1392e-01,7.4257e-02
4.6000e+03,4.1062e-01,1.4852e+00,2.0000e+01,5.1452e-01,7.4359e-02
4.6100e+03,4.0991e-01,1.4846e+00,2.0000e+01,5.1513e-01,7.4461e-02
4.6200e+03,4.0920e-01,1.4840e+00,2.0000e+01,5.1574e-01,7.4563e-02
4.6300e+03,4.0849e-01,1.4834e+00,2.0000e+01,5.1634e-01,7.4665e-02
4.6400e+03,4.0779e-01,1.4828e+00,2.0000e+01,5.1694e-01,7.4767e-02
4.6500e+03,4.0709e-01,1.4822e+00,2.0000e+01,5.1755e-01,7.4868e-02
4.6600e+03,4.0638e-01,1.4816e+00,2.0000e+01,5.1815e-01,7.4969e-02
4.6700e+03,4.0568e-01,1.4810e+00,2.0000e+01,5.1875e-01,7.5071e-02
4.6800e+03,4.0499e-01,1.4804e+00,2.0000e+01,5.1934e-01,7.5172e-02
4.6900e+03,4.0429e-01,1.4798e+00,2.0000e+01,5.1994e-01,7.5272e-02
4.7000e+03,4.0359e-01,1.4792e+00,2.0000e+01,5.2053e-01,7.5373e-02
4.7100e+03,4.0290e-01,1.4786e+00,2.0000e+01,5.2113e-01,7.5473e-02
4.7200e+03,4.0221e-01,1.4780e+00,2.0000e+01,5.2172e-01,7.5574e-02
4.7300e+03,4.0151e-01,1.4774e+00,2.0000e+01,5.2231e-01,7.5674e-02
4.7400e+03,4.0082e-01,1.4768e+00,2.0000e+01,5.2290e-01,7.5773e-02
4.7500e+03,4.0014e-01,1.4762e+00,2.0000e+01,5.2349e-01,7.5873e-02
4.7600e+03,3.9945e-01,1.4757e+00,2.0000e+01,5.2408e-01,7.5973e-02
4.7700e+03,3.9876e-01,1.4751e+00,2.0000e+01,5.2467e-01,7.6072e-02
4.7800e+03,3.9808e-01,1.4745e+00,2.0000e+01,5.2525e-01,7.6171e-02
4.7900e+03,3.9739e-01,1.4739e+00,2.0000e+01,5.2584e-01,7.6270e-02
4.8000e+03,3.9671e-01,1.4733e+00,2.0000e+01,5.2642e-01,7.6369e-02
4.8100e+03,3.9603e-01,1.4727e+00,2.0000e+01,5.2700e-01,7.6468e-02
4.8200e+03,3.9535e-01,1.4722e+00,2.0000e+01,5.2758e-01,7.6566e-02
4.8300e+03,3.9468e-01,1.4716e+00,2.0000e+01,5.2816e-01,7.6665e-02
4.8400e+03,3.9400e-01,1.4710e+00,2.0000e+01,5.2874e-01,7.6763e-02
4.8500e+03,3.9333e-01,1.4704e+00,2.0000e+01,5.2931e-01,7.6861e-02
4.8600e+03,3.9265e-01,1.4698e+00,2.0000e+01,5.2989e-01,7.6959e-02
4.8700e+03,3.9198e-01,1.4693e+00,2.0000e+01,5.3046e-01,7.7057e-02
4.8800e+03,3.9131e-01,1.4687e+00,2.0000e+01,5.3104e-01,7.7154e-02
4.8900e+03,3.9064e-01,1.4681e+00,2.0000e+01,5.3161e-01,7.7252e-02
4.9000e+03,3.8997e-01,1.4676e+00,2.0000e+01,5.3218e-01,7.7349e-02
4.9100e+03,3.8931e-01,1.4670e+00,2.0000e+01,5.3275e-01,7.7446e-02
4.9200e+03,3.8864e-01,1.4664e+00,2.0000e+01,5.3332e-01,7.7543e-02
4.9300e+03,3.8798e-01,1.4658e+00,2.0000e+01,5.3388e-01,7.7639e-02
4.9400e+03,3.8731e-01,1.4653e+00,2.0000e+01,5.3445e-01,7.7736e-02
4.9500e+03,3.8665e-01,1.4647e+00,2.0000e+01,5.3501e-01,7.7832e-02
4.9600e+03,3.8599e-01,1.4642e+00,2.0000e+01,5.3558e-01,7.7928e-02
4.9700e+03,3.8534e-01,1.4636e+00,2.0000e+01,5.3614e-01,7.8024e-02
4.9800e+03,3.8468e-01,1.4630e+00,2.0000e+01,5.3670e-01,7.8120e-02
4.9900e+03,3.8402e-01,1.4625e+00,2.0000e+01,5.3726e-01,7.8216e-02
5.0000e+03,3.8337e-01,1.4619e+00,2.0000e+01,5.3782e-01,7.8312e-02
5.0100e+03,3.8272e-01,1.4614e+00,2.0000e+01,5.3838e-01,7.8407e-02
5.0200e+03,3.8206e-01,1.4608e+00,2.0000e+01,5.3893e-01,7.8502e-02
5.0300e+03,3.8141e-01,1.4602e+00,2.0000e+01,5.3949e-01,7.8597e-02
5.0400e+03,3.8076e-01,1.4597e+00,2.0000e+01,5.4004e-01,7.8692e-02
5.0500e+03,3.8012e-01,1.4591e+00,2.0000e+01,5.4060e-01,7.8787e-02
5.0600e+03,3.7947e-01,1.4586e+00,2.0000e+01,5.4115e-01,7.8881e-02
5.0700e+03,3.7882e-01,1.4580e+00,2.0000e+01,5.4170e-01,7.8976e-02
5.0800e+03,3.7818e-01,1.4575e+00,2.0000e+01,5.4225e-01,7.9070e-02
5.0900e+03,3.7754e-01,1.4569e+00,2.0000e+01,5.4280e-01,7.9164e-02
5.1000e+03,3.7690e-01,1.4564e+00,2.0000e+01,5.4335e-01,7.9258e-02
5.1100e+03,3.7626e-01,1.4558e+00,2.0000e+01,5.4389e-01,7.9352e-02
5.1200e+03,3.7562e-01,1.4553e+00,2.0000e+01,5.4444e-01,7.9446e-02
5.1300e+03,3.7498e-01,1.4547e+00,2.0000e+01,5.4498e-01,7.9539e-02
5.1400e+03,3.7434e-01,1.4542e+00,2.0000e+01,5.4552e-01,7.9632e-02
5.1500e+03,3.7371e-01,1.4537e+00,2.0000e+01,5.4606e-01,7.9725e-02
5.1600e+03,3.7308e-01,1.4531e+00,2.0000e+01,5.4661e-01,7.9818e-02
5.1700e+03,3.7244e-01,1.4526e+00,2.0000e+01,5.4714e-01,7.9911e-02
5.1800e+03,3.7181e-01,1.4520e+00,2.0000e+01,5.4768e-01,8.0004e-02
5.1900e+03,3.7118e-01,1.4515e+00,2.0000e+01,5.4822e-01,8.0096e-02
5.2000e+03,3.7056e-01,1.4510e+00,2.0000e+01,5.4876e-01,8.0189e-02
5.2100e+03,3.6993e-01,1.4504e+00,2.0000e+01,5.4929e-01,8.0281e-02
5.2200e+03,3.6930e-01,1.4499e+00,2.0000e+01,5.4983e-01,8.0373e-02
5.2300e+03,3.6868e-01,1.4494e+00,2.0000e+01,5.5036e-01,8.0465e-02
5.2400e+03,3.6805e-01,1.4488e+00,2.0000e+01,5.5089e-01,8.0557e-02
5.2500e+03,3.6743e-01,1.4483e+00,2.0000e+01,5.5142e-01,8.0648e-02
5.2600e+03,3.6681e-01,1.4478e+00,2.0000e+01,5.5195e-01,8.0740e-02
5.2700e+03,3.6619e-01,1.4472e+00,2.0000e+01,5.5248e-01,8.0831e-02
5.2800e+03,3.6557e-01,1.4467e+00,2.0000e+01,5.5301e-01,8.0922e-02
5.2900e+03,3.6496e-01,1.4462e+00,2.0000e+01,5.5353e-01,8.1013e-02
5.3000e+03,3.6434e-01,1.4457e+00,2.0000e+01,5.5406e-01,8.1104e-02
5.3100e+03,3.6372e-01,1.4451e+00,2.0000e+01,5.5458e-01,8.1194e-02
5.3200e+03,3.6311e-01,1.4446e+00,2.0000e+01,5.5510e-01,8.1285e-02
5.3300e+03,3.6250e-01,1.4441e+00,2.0000e+01,5.5563e-01,8.1375e-02
5.3400e+03,3.6189e-01,1.4436e+00,2.0000e+01,5.5615e-01,8.1465e-02
5.3500e+03,3.6128e-01,1.4431e+00,2.0000e+01,5.5667e-01,8.1555e-02
5.3600e+03,3.6067e-01,1.4425e+00,2.0000e+01,5.5719e-01,8.1645e-02
5.3700e+03,3.6006e-01,1.4420e+00,2.0000e+01,5.5770e-01,8.1735e-02
5.3800e+03,3.5946e-01,1.4415e+00,2.0000e+01,5.5822e-01,8.1825e-02
5.3900e+03,3.5885e-01,1.4410e+00,2.0000e+01,5.5874e-01,8.1914e-02
5.4000e+03,3.5825e-01,1.4405e+00,2.0000e+01,5.5925e-01,8.2003e-02
5.4100e+03,3.5764e-01,1.4400e+00,2.0000e+01,5.5976e-01,8.2093e-02
5.4200e+03,3.5704e-01,1.4394e+00,2.0000e+01,5.6028e-01,8.2182e-02
5.4300e+03,3.5644e-01,1.4389e+00,2.0000e+01,5.6079e-01,8.2270e-02
5.4400e+03,3.5584e-01,1.4384e+00,2.0000e+01,5.6130e-01,8.2359e-02
5.4500e+03,3.5524e-01,1.4379e+00,2.0000e+01,5.6181e-01,8.2448e-02
5.4600e+03,3.5465e-01,1.4374e+00,2.0000e+01,5.6232e-01,8.2536e-02
5.4700e+03,3.5405e-01,1.4369e+00,2.0000e+01,5.6282e-01,8.2624e-02
5.4800e+03,3.5346e-01,1.4364e+00,2.0000e+01,5.6333e-01,8.2712e-02
5.4900e+03,3.5287e-01,1.4359e+00,2.0000e+01,5.6383e-01,8.2800e-02
5.5000e+03,3.5227e-01,1.4354e+00,2.0000e+01,5.6434e-01,8.2888e-02
5.5100e+03,3.5168e-01,1.4349e+00,2.0000e+01,5.6484e-01,8.2976e-02
5.5200e+03,3.5109e-01,1.4344e+00,2.0000e+01,5.6534e-01,8.3063e-02
5.5300e+03,3.5050e-01,1.4339e+00,2.0000e+01,5.6585e-01,8.3151e-02
5.5400e+03,3.4992e-01,1.4334e+00,2.0000e+01,5.6635e-01,8.3238e-02
5.5500e+03,3.4933e-01,1.4329e+00,2.0000e+01,5.6684e-01,8.3325e-02
5.5600e+03,3.4875e-01,1.4324e+00,2.0000e+01,5.6734e-01,8.3412e-02
5.5700e+03,3.4816e-01,1.4319e+00,2.0000e+01,5.6784e-01,8.3499e-02
5.5800e+03,3.4758e-01,1.4314e+00,2.0000e+01,5.6834e-01,8.3585e-02
5.5900e+03,3.4700e-01,1.4309e+00,2.0000e+01,5.6883e-01,8.3672e-02
5.6000e+03,3.4642e-01,1.4304e+00,2.0000e+01,5.6933e-01,8.3758e-02
5.6100e+03,3.4584e-01,1.4299e+00,2.0000e+01,5.6982e-01,8.3844e-02
5.6200e+03,3.4526e-01,1.4294e+00,2.0000e+01,5.7031e-01,8.3930e-02
5.6300e+03,3.4468e-01,1.4289e+00,2.0000e+01,5.7080e-01,8.4016e-02
5.6400e+03,3.4411e-01,1.4284e+00,2.0000e+01,5.7129e-01,8.4102e-02
5.6500e+03,3.4353e-01,1.4279e+00,2.0000e+01,5.7178e-01,8.4188e-02
5.6600e+03,3.4296e-01,1.4274e+00,2.0000e+01,5.7227e-01,8.4273e-02
5.6700e+03,3.4239e-01,1.4270e+00,2.0000e+01,5.7276e-01,8.4358e-02
5.6800e+03,3.4181e-01,1.4265e+00,2.0000e+01,5.7324e-01,8.4444e-02
5.6900e+03,3.4124e-01,1.4260e+00,2.0000e+01,5.7373e-01,8.4529e-02
5.7000e+03,3.4067e-01,1.4255e+00,2.0000e+01,5.7421e-01,8.4614e-02
5.7100e+03,3.4011e-01,1.4250e+00,2.0000e+01,5.7470e-01,8.4698e-02
5.7200e+03,3.3954e-01,1.4245e+00,2.0000e+01,5.7518e-01,8.4783e-02
5.7300e+03,3.3897e-01,1.4241e+00,2.0000e+01,5.7566e-01,8.4867e-02
5.7400e+03,3.3841e-01,1.4236e+00,2.0000e+01,5.7614e-01,8.4952e-02
5.7500e+03,3.3785e-01,1.4231e+00,2.0000e+01,5.7662e-01,8.5036e-02
5.7600e+03,3.3728e-01,1.4226e+00,2.0000e+01,5.7710e-01,8.5120e-02
5.7700e+03,3.3672e-01,1.4221e+00,2.0000e+01,5.7757e-01,8.5204e-02
5.7800e+03,3.3616e-01,1.4217e+00,2.0000e+01,5.7805e-01,8.5288e-02
5.7900e+03,3.3560e-01,1.4212e+00,2.0000e+01,5.7853e-01,8.5371e-02
5.8000e+03,3.3504e-01,1.4207e+00,2.0000e+01,5.7900e-01,8.5455e-02
5.8100e+03,3.3449e-01,1.4202e+00,2.0000e+01,5.7947e-01,8.5538e-02
5.8200e+03,3.3393e-01,1.4198e+00,2.0000e+01,5.7995e-01,8.5622e-02
5.8300e+03,3.3338e-01,1.4193e+00,2.0000e+01,5.8042e-01,8.5705e-02
5.8400e+03,3.3282e-01,1.4188e+00,2.0000e+01,5.8089e-01,8.5788e-02
5.8500e+03,3.3227e-01,1.4183e+00,2.0000e+01,5.8136e-01,8.5870e-02
5.8600e+03,3.3172e-01,1.4179e+00,2.0000e+01,5.8183e-01,8.5953e-02
5.8700e+03,3.3117e-01,1.4174e+00,2.0000e+01,5.8230e-01,8.6036e-02
5.8800e+03,3.3062e-01,1.4169e+00,2.0000e+01,5.8276e-01,8.6118e-02
5.8900e+03,3.3007e-01,1.4165e+00,2.0000e+01,5.8323e-01,8.6200e-02
5.9000e+03,3.2952e-01,1.4160e+00,2.0000e+01,5.8370e-01,8.6282e-02
5.9100e+03,3.2898e-01,1.4155e+00,2.0000e+01,5.8416e-01,8.6364e-02
5.9200e+03,3.2843e-01,1.4151e+00,2.0000e+01,5.8462e-01,8.6446e-02
5.9300e+03,3.2789e-01,1.4146e+00,2.0000e+01,5.8509e-01,8.6528e-02
5.9400e+03,3.2734e-01,1.4142e+00,2.0000e+01,5.8555e-01,8.6610e-02
5.9500e+03,3.2680e-01,1.4137e+00,2.0000e+01,5.8601e-01,8.6691e-02
5.9600e+03,3.2626e-01,1.4132e+00,2.0000e+01,5.8647e-01,8.6772e-02
5.9700e+03,3.2572e-01,1.4128e+00,2.0000e+01,5.8693e-01,8.6854e-02
5.9800e+03,3.2518e-01,1.4123e+00,2.0000e+01,5.8739e-01,8.6935e-02
5.9900e+03,3.2464e-01,1.4119e+00,2.0000e+01,5.8784e-01,8.7016e-02
6.0000e+03,3.2411e-01,1.4114e+00,2.0000e+01,5.8830e-01,8.7096e-02
6.0100e+03,3.2357e-01,1.4110e+00,2.0000e+01,5.8875e-01,8.7177e-02
6.0200e+03,3.2303e-01,1.4105e+00,2.0000e+01,5.8921e-01,8.7258e-02
6.0300e+03,3.2250e-01,1.4100e+00,2.0000e+01,5.8966e-01,8.7338e-02
6.0400e+03,3.2197e-01,1.4096e+00,2.0000e+01,5.9011e-01,8.7418e-02
6.0500e+03,3.2144e-01,1.4091e+00,2.0000e+01,5.9057e-01,8.7498e-02
6.0600e+03,3.2091e-01,1.4087e+00,2.0000e+01,5.9102e-01,8.7578e-02
6.0700e+03,3.2038e-01,1.4082e+00,2.0000e+01,5.9147e-01,8.7658e-02
6.0800e+03,3.1985e-01,1.4078e+00,2.0000e+01,5.9192e-01,8.7738e-02
6.0900e+03,3.1932e-01,1.4073e+00,2.0000e+01,5.9236e-01,8.7817e-02
6.1000e+03,3.1879e-01,1.4069e+00,2.0000e+01,5.9281e-01,8.7897e-02
6.1100e+03,3.1827e-01,1.4064e+00,2.0000e+01,5.9326e-01,8.7976e-02
6.1200e+03,3.1774e-01,1.4060e+00,2.0000e+01,5.9370e-01,8.8055e-02
6.1300e+03,3.1722e-01,1.4056e+00,2.0000e+01,5.9415e-01,8.8134e-02
6.1400e+03,3.1670e-01,1.4051e+00,2.0000e+01,5.9459e-01,8.8213e-02
6.1500e+03,3.1617e-01,1.4047e+00,2.0000e+01,5.9503e-01,8.8292e-02
6.1600e+03,3.1565e-01,1.4042e+00,2.0000e+01,5.9548e-01,8.8371e-02
6.1700e+03,3.1513e-01,1.4038e+00,2.0000e+01,5.9592e-01,8.8449e-02
6.1800e+03,3.1462e-01,1.4033e+00,2.0000e+01,5.9636e-01,8.8528e-02
6.1900e+03,3.1410e-01,1.4029e+00,2.0000e+01,5.9680e-01,8.8606e-02
6.2000e+03,3.1358e-01,1.4025e+00,2.0000e+01,5.9723e-01,8.8684e-02
6.2100e+03,3.1307e-01,1.4020e+00,2.0000e+01,5.9767e-01,8.8762e-02
6.2200e+03,3.1255e-01,1.4016e+00,2.0000e+01,5.9811e-01,8.8840e-02
6.2300e+03,3.1204e-01,1.4012e+00,2.0000e+01,5.9855e-01,8.8918e-02
6.2400e+03,3.1152e-01,1.4007e+00,2.0000e+01,5.9898e-01,8.8996e-02
6.2500e+03,3.1101e-01,1.4003e+00,2.0000e+01,5.9941e-01,8.9073e-02
6.2600e+03,3.1050e-01,1.3999e+00,2.0000e+01,5.9985e-01,8.9151e-02
6.2700e+03,3.0999e-01,1.3994e+00,2.0000e+01,6.0028e-01,8.9228e-02
6.2800e+03,3.0948e-01,1.3990e+00,2.0000e+01,6.0071e-01,8.9305e-02
6.2900e+03,3.0897e-01,1.3986e+00,2.0000e+01,6.0114e-01,8.9382e-02
6.3000e+03,3.0847e-01,1.3981e+00,2.0000e+01,6.0157e-01,8.9459e-02
6.3100e+03,3.0796e-01,1.3977e+00,2.0000e+01,6.0200e-01,8.9536e-02
6.3200e+03,3.0746e-01,1.3973e+00,2.0000e+01,6.0243e-01,8.9612e-02
6.3300e+03,3.0695e-01,1.3968e+00,2.0000e+01,6.0286e-01,8.9689e-02
6.3400e+03,3.0645e-01,1.3964e+00,2.0000e+01,6.0329e-01,8.9765e-02
6.3500e+03,3.0595e-01,1.3960e+00,2.0000e+01,6.0371e-01,8.9841e-02
6.3600e+03,3.0545e-01,1.3956e+00,2.0000e+01,6.0414e-01,8.9918e-02
6.3700e+03,3.0495e-01,1.3951e+00,2.0000e+01,6.0456e-01,8.9994e-02
6.3800e+03,3.0445e-01,1.3947e+00,2.0000e+01,6.0498e-01,9.0069e-02
6.3900e+03,3.0395e-01,1.3943e+00,2.0000e+01,6.0541e-01,9.0145e-02
6.4000e+03,3.0345e-01,1.3939e+00,2.0000e+01,6.0583e-01,9.0221e-02
6.4100e+03,3.0295e-01,1.3934e+00,2.0000e+01,6.0625e-01,9.0296e-02
6.4200e+03,3.0246e-01,1.3930e+00,2.0000e+01,6.0667e-01,9.0372e-02
6.4300e+03,3.0196e-01,1.3926e+00,2.0000e+01,6.0709e-01,9.0447e-02
6.4400e+03,3.0147e-01,1.3922e+00,2.0000e+01,6.0751e-01,9.0522e-02
6.4500e+03,3.0098e-01,1.3918e+00,2.0000e+01,6.0792e-01,9.0597e-02
6.4600e+03,3.0049e-01,1.3914e+00,2.0000e+01,6.0834e-01,9.0672e-02
6.4700e+03,3.0000e-01,1.3909e+00,2.0000e+01,6.0876e-01,9.0747e-02
6.4800e+03,2.9951e-01,1.3905e+00,2.0000e+01,6.0917e-01,9.0822e-02
6.4900e+03,2.9902e-01,1.3901e+00,2.0000e+01,6.0959e-01,9.0896e-02
6.5000e+03,2.9853e-01,1.3897e+00,2.0000e+01,6.1000e-01,9.0970e-02
6.5100e+03,2.9804e-01,1.3893e+00,2.0000e+01,6.1041e-01,9.1045e-02
6.5200e+03,2.9755e-01,1.3889e+00,2.0000e+01,6.1083e-01,9.1119e-02
6.5300e+03,2.9707e-01,1.3885e+00,2.0000e+01,6.1124e-01,9.1193e-02
6.5400e+03,2.9659e-01,1.3880e+00,2.0000e+01,6.1165e-01,9.1267e-02
6.5500e+03,2.9610e-01,1.3876e+00,2.0000e+01,6.1206e-01,9.1341e-02
6.5600e+03,2.9562e-01,1.3872e+00,2.0000e+01,6.1247e-01,9.1414e-02
6.5700e+03,2.9514e-01,1.3868e+00,2.0000e+01,6.1287e-01,9.1488e-02
6.5800e+03,2.9466e-01,1.3864e+00,2.0000e+01,6.1328e-01,9.1561e-02
6.5900e+03,2.9418e-01,1.3860e+00,2.0000e+01,6.1369e-01,9.1635e-02
6.6000e+03,2.9370e-01,1.3856e+00,2.0000e+01,6.1409e-01,9.1708e-02
6.6100e+03,2.9322e-01,1.3852e+00,2.0000e+01,6.1450e-01,9.1781e-02
6.6200e+03,2.9274e-01,1.3848e+00,2.0000e+01,6.1490e-01,9.1854e-02
6.6300e+03,2.9227e-01,1.3844e+00,2.0000e+01,6.1531e-01,9.1927e-02
6.6400e+03,2.9179e-01,1.3840e+00,2.0000e+01,6.1571e-01,9.2000e-02
6.6500e+03,2.9132e-01,1.3836e+00,2.0000e+01,6.1611e-01,9.2072e-02
6.6600e+03,2.9084e-01,1.3832e+00,2.0000e+01,6.1651e-01,9.2145e-02
6.6700e+03,2.9037e-01,1.3828e+00,2.0000e+01,6.1691e-01,9.2217e-02
6.6800e+03,2.8990e-01,1.3824e+00,2.0000e+01,6.1731e-01,9.2289e-02
6.6900e+03,2.8943e-01,1.3820e+00,2.0000e+01,6.1771e-01,9.2361e-02
6.7000e+03,2.8896e-01,1.3816e+00,2.0000e+01,6.1811e-01,9.2433e-02
6.7100e+03,2.8849e-01,1.3812e+00,2.0000e+01,6.1851e-01,9.2505e-02
6.7200e+03,2.8802e-01,1.3808e+00,2.0000e+01,6.1890e-01,9.2577e-02
6.7300e+03,2.8755e-01,1.3804e+00,2.0000e+01,6.1930e-01,9.2649e-02
6.7400e+03,2.8708e-01,1.3800e+00,2.0000e+01,6.1969e-01,9.2720e-02
6.7500e+03,2.8662e-01,1.3796e+00,2.0000e+01,6.2009e-01,9.2792e-02
6.7600e+03,2.8615e-01,1.3792e+00,2.0000e+01,6.2048e-01,9.2863e-02
6.7700e+03,2.8569e-01,1.3788e+00,2.0000e+01,6.2088e-01,9.2934e-02
6.7800e+03,2.8523e-01,1.3784e+00,2.0000e+01,6.2127e-01,9.3005e-02
6.7900e+03,2.8476e-01,1.3780e+00,2.0000e+01,6.2166e-01,9.3076e-02
6.8000e+03,2.8430e-01,1.3776e+00,2.0000e+01,6.2205e-01,9.3147e-02
6.8100e+03,2.8384e-01,1.3772e+00,2.0000e+01,6.2244e-01,9.3218e-02
6.8200e+03,2.8338e-01,1.3769e+00,2.0000e+01,6.2283e-01,9.3289e-02
6.8300e+03,2.8292e-01,1.3765e+00,2.0000e+01,6.2322e-01,9.3359e-02
6.8400e+03,2.8247e-01,1.3761e+00,2.0000e+01,6.2360e-01,9.3430e-02
6.8500e+03,2.8201e-01,1.3757e+00,2.0000e+01,6.2399e-01,9.3500e-02
6.8600e+03,2.8155e-01,1.3753e+00,2.0000e+01,6.2438e-01,9.3570e-02
6.8700e+03,2.8110e-01,1.3749e+00,2.0000e+01,6.2476e-01,9.3640e-02
6.8800e+03,2.8064e-01,1.3745e+00,2.0000e+01,6.2515e-01,9.3710e-02
6.8900e+03,2.8019e-01,1.3742e+00,2.0000e+01,6.2553e-01,9.3780e-02
6.9000e+03,2.7974e-01,1.3738e+00,2.0000e+01,6.2591e-01,9.3850e-02
6.9100e+03,2.7928e-01,1.3734e+00,2.0000e+01,6.2630e-01,9.3919e-02
6.9200e+03,2.7883e-01,1.3730e+00,2.0000e+01,6.2668e-01,9.3989e-02
6.9300e+03,2.7838e-01,1.3726e+00,2.0000e+01,6.2706e-01,9.4058e-02
6.9400e+03,2.7793e-01,1.3722e+00,2.0000e+01,6.2744e-01,9.4127e-02
6.9500e+03,2.7748e-01,1.3719e+00,2.0000e+01,6.2782e-01,9.4197e-02
6.9600e+03,2.7704e-01,1.3715e+00,2.0000e+01,6.2820e-01,9.4266e-02
6.9700e+03,2.7659e-01,1.3711e+00,2.0000e+01,6.2858e-01,9.4335e-02
6.9800e+03,2.7614e-01,1.3707e+00,2.0000e+01,6.2895e-01,9.4403e-02
6.9900e+03,2.7570e-01,1.3704e+00,2.0000e+01,6.2933e-01,9.4472e-02
7.0000e+03,2.7525e-01,1.3700e+00,2.0000e+01,6.2971e-01,9.4541e-02
7.0100e+03,2.7481e-01,1.3696e+00,2.0000e+01,6.3008e-01,9.4609e-02
7.0200e+03,2.7437e-01,1.3692e+00,2.0000e+01,6.3046e-01,9.4678e-02
7.0300e+03,2.7392e-01,1.3689e+00,2.0000e+01,6.3083e-01,9.4746e-02
7.0400e+03,2.7348e-01,1.3685e+00,2.0000e+01,6.3120e-01,9.4814e-02
7.0500e+03,2.7304e-01,1.3681e+00,2.0000e+01,6.3158e-01,9.4882e-02
7.0600e+03,2.7260e-01,1.3677e+00,2.0000e+01,6.3195e-01,9.4950e-02
7.0700e+03,2.7216e-01,1.3674e+00,2.0000e+01,6.3232e-01,9.5018e-02
7.0800e+03,2.7172e-01,1.3670e+00,2.0000e+01,6.3269e-01,9.5086e-02
7.0900e+03,2.7129e-01,1.3666e+00,2.0000e+01,6.3306e-01,9.5153e-02
7.1000e+03,2.7085e-01,1.3663e+00,2.0000e+01,6.3343e-01,9.5221e-02
7.1100e+03,2.7041e-01,1.3659e+00,2.0000e+01,6.3380e-01,9.5288e-02
7.1200e+03,2.6998e-01,1.3655e+00,2.0000e+01,6.3416e-01,9.5356e-02
7.1300e+03,2.6955e-01,1.3652e+00,2.0000e+01,6.3453e-01,9.5423e-02
7.1400e+03,2.6911e-01,1.3648e+00,2.0000e+01,6.3490e-01,9.5490e-02
7.1500e+03,2.6868e-01,1.3644e+00,2.0000e+01,6.3526e-01,9.5557e-02
7.1600e+03,2.6825e-01,1.3641e+00,2.0000e+01,6.3563e-01,9.5624e-02
7.1700e+03,2.6782e-01,1.3637e+00,2.0000e+01,6.3599e-01,9.5690e-02
7.1800e+03,2.6739e-01,1.3633e+00,2.0000e+01,6.3636e-01,9.5757e-02
7.1900e+03,2.6696e-01,1.3630e+00,2.0000e+01,6.3672e-01,9.5824e-02
7.2000e+03,2.6653e-01,1.3626e+00,2.0000e+01,6.3708e-01,9.5890e-02
7.2100e+03,2.6610e-01,1.3622e+00,2.0000e+01,6.3744e-01,9.5956e-02
7.2200e+03,2.6567e-01,1.3619e+00,2.0000e+01,6.3780e-01,9.6023e-02
7.2300e+03,2.6525e-01,1.3615e+00,2.0000e+01,6.3816e-01,9.6089e-02
7.2400e+03,2.6482e-01,1.3612e+00,2.0000e+01,6.3852e-01,9.6155e-02
7.2500e+03,2.6440e-01,1.3608e+00,2.0000e+01,6.3888e-01,9.6221e-02
7.2600e+03,2.6397e-01,1.3604e+00,2.0000e+01,6.3924e-01,9.6286e-02
7.2700e+03,2.6355e-01,1.3601e+00,2.0000e+01,6.3960e-01,9.6352e-02
7.2800e+03,2.6313e-01,1.3597e+00,2.0000e+01,6.3995e-01,9.6418e-02
7.2900e+03,2.6271e-01,1.3594e+00,2.0000e+01,6.4031e-01,9.6483e-02
7.3000e+03,2.6229e-01,1.3590e+00,2.0000e+01,6.4067e-01,9.6549e-02
7.3100e+03,2.6187e-01,1.3587e+00,2.0000e+01,6.4102e-01,9.6614e-02
7.3200e+03,2.6145e-01,1.3583e+00,2.0000e+01,6.4137e-01,9.6679e-02
7.3300e+03,2.6103e-01,1.3580e+00,2.0000e+01,6.4173e-01,9.6744e-02
7.3400e+03,2.6061e-01,1.3576e+00,2.0000e+01,6.4208e-01,9.6809e-02
7.3500e+03,2.6019e-01,1.3572e+00,2.0000e+01,6.4243e-01,9.6874e-02
7.3600e+03,2.5978e-01,1.3569e+00,2.0000e+01,6.4278e-01,9.6939e-02
7.3700e+03,2.5936e-01,1.3565e+00,2.0000e+01,6.4314e-01,9.7003e-02
7.3800e+03,2.5895e-01,1.3562e+00,2.0000e+01,6.4349e-01,9.7068e-02
7.3900e+03,2.5853e-01,1.3558e+00,2.0000e+01,6.4384e-01,9.7132e-02
7.4000e+03,2.5812e-01,1.3555e+00,2.0000e+01,6.4418e-01,9.7197e-02
7.4100e+03,2.5771e-01,1.3551e+00,2.0000e+01,6.4453e-01,9.7261e-02
7.4200e+03,2.5730e-01,1.3548e+00,2.0000e+01,6.4488e-01,9.7325e-02
7.4300e+03,2.5688e-01,1.3545e+00,2.0000e+01,6.4523e-01,9.7389e-02
7.4400e+03,2.5647e-01,1.3541e+00,2.0000e+01,6.4557e-01,9.7453e-02
7.4500e+03,2.5606e-01,1.3538e+00,2.0000e+01,6.4592e-01,9.7517e-02
7.4600e+03,2.5566e-01,1.3534e+00,2.0000e+01,6.4626e-01,9.7581e-02
7.4700e+03,2.5525e-01,1.3531e+00,2.0000e+01,6.4661e-01,9.7644e-02
7.4800e+03,2.5484e-01,1.3527e+00,2.0000e+01,6.4695e-01,9.7708e-02
7.4900e+03,2.5443e-01,1.3524e+00,2.0000e+01,6.4730e-01,9.7771e-02
7.5000e+03,2.5403e-01,1.3520e+00,2.0000e+01,6.4764e-01,9.7834e-02
7.5100e+03,2.5362e-01,1.3517e+00,2.0000e+01,6.4798e-01,9.7898e-02
7.5200e+03,2.5322e-01,1.3514e+00,2.0000e+01,6.4832e-01,9.7961e-02
7.5300e+03,2.5282e-01,1.3510e+00,2.0000e+01,6.4866e-01,9.8024e-02
7.5400e+03,2.5241e-01,1.3507e+00,2.0000e+01,6.4900e-01,9.8087e-02
7.5500e+03,2.5201e-01,1.3503e+00,2.0000e+01,6.4934e-01,9.8150e-02
7.5600e+03,2.5161e-01,1.3500e+00,2.0000e+01,6.4968e-01,9.8212e-02
7.5700e+03,2.5121e-01,1.3497e+00,2.0000e+01,6.5002e-01,9.8275e-02
7.5800e+03,2.5081e-01,1.3493e+00,2.0000e+01,6.5035e-01,9.8337e-02
7.5900e+03,2.5041e-01,1.3490e+00,2.0000e+01,6.5069e-01,9.8400e-02
7.6000e+03,2.5001e-01,1.3486e+00,2.0000e+01,6.5103e-01,9.8462e-02
7.6100e+03,2.4961e-01,1.3483e+00,2.0000e+01,6.5136e-01,9.8524e-02
7.6200e+03,2.4922e-01,1.3480e+00,2.0000e+01,6.5170e-01,9.8587e-02
7.6300e+03,2.4882e-01,1.3476e+00,2.0000e+01,6.5203e-01,9.8649e-02
7.6400e+03,2.4842e-01,1.3473e+00,2.0000e+01,6.5237e-01,9.8710e-02
7.6500e+03,2.4803e-01,1.3470e+00,2.0000e+01,6.5270e-01,9.8772e-02
7.6600e+03,2.4763e-01,1.3466e+00,2.0000e+01,6.5303e-01,9.8834e-02
7.6700e+03,2.4724e-01,1.3463e+00,2.0000e+01,6.5336e-01,9.8896e-02
7.6800e+03,2.4685e-01,1.3460e+00,2.0000e+01,6.5370e-01,9.8957e-02
7.6900e+03,2.4646e-01,1.3456e+00,2.0000e+01,6.5403e-01,9.9019e-02
7.7000e+03,2.4606e-01,1.3453e+00,2.0000e+01,6.5436e-01,9.9080e-02
7.7100e+03,2.4567e-01,1.3450e+00,2.0000e+01,6.5469e-01,9.9141e-02
7.7200e+03,2.4528e-01,1.3447e+00,2.0000e+01,6.5501e-01,9.9202e-02
7.7300e+03,2.4489e-01,1.3443e+00,2.0000e+01,6.5534e-01,9.9263e-02
7.7400e+03,2.4450e-01,1.3440e+00,2.0000e+01,6.5567e-01,9.9324e-02
7.7500e+03,2.4412e-01,1.3437e+00,2.0000e+01,6.5600e-01,9.9385e-02
7.7600e+03,2.4373e-01,1.3433e+00,2.0000e+01,6.5632e-01,9.9446e-02
7.7700e+03,2.4334e-01,1.3430e+00,2.0000e+01,6.5665e-01,9.9507e-02
7.7800e+03,2.4296e-01,1.3427e+00,2.0000e+01,6.5698e-01,9.9567e-02
7.7900e+03,2.4257e-01,1.3424e+00,2.0000e+01,6.5730e-01,9.9628e-02
7.8000e+03,2.4219e-01,1.3420e+00,2.0000e+01,6.5762e-01,9.9688e-02
7.8100e+03,2.4180e-01,1.3417e+00,2.0000e+01,6.5795e-01,9.9748e-02
7.8200e+03,2.4142e-01,1.3414e+00,2.0000e+01,6.5827e-01,9.9808e-02
7.8300e+03,2.4104e-01,1.3411e+00,2.0000e+01,6.5859e-01,9.9869e-02
7.8400e+03,2.4066e-01,1.3408e+00,2.0000e+01,6.5892e-01,9.9929e-02
7.8500e+03,2.4028e-01,1.3404e+00,2.0000e+01,6.5924e-01,9.9988e-02
7.8600e+03,2.3990e-01,1.3401e+00,2.0000e+01,6.5956e-01,1.0005e-01
7.8700e+03,2.3952e-01,1.3398e+00,2.0000e+01,6.5988e-01,1.0011e-01
7.8800e+03,2.3914e-01,1.3395e+00,2.0000e+01,6.6020e-01,1.0017e-01
7.8900e+03,2.3876e-01,1.3392e+00,2.0000e+01,6.6052e-01,1.0023e-01
7.9000e+03,2.3838e-01,1.3388e+00,2.0000e+01,6.6083e-01,1.0029e-01
7.9100e+03,2.3800e-01,1.3385e+00,2.0000e+01,6.6115e-01,1.0035e-01
7.9200e+03,2.3763e-01,1.3382e+00,2.0000e+01,6.6147e-01,1.0041e-01
7.9300e+03,2.3725e-01,1.3379e+00,2.0000e+01,6.6178e-01,1.0046e-01
7.9400e+03,2.3688e-01,1.3376e+00,2.0000e+01,6.6210e-01,1.0052e-01
7.9500e+03,2.3650e-01,1.3373e+00,2.0000e+01,6.6242e-01,1.0058e-01
7.9600e+03,2.3613e-01,1.3369e+00,2.0000e+01,6.6273e-01,1.0064e-01
7.9700e+03,2.3576e-01,1.3366e+00,2.0000e+01,6.6305e-01,1.0070e-01
7.9800e+03,2.3538e-01,1.3363e+00,2.0000e+01,6.6336e-01,1.0076e-01
7.9900e+03,2.3501e-01,1.3360e+00,2.0000e+01,6.6367e-01,1.0082e-01
8.0000e+03,2.3464e-01,1.3357e+00,2.0000e+01,6.6398e-01,1.0088e-01
8.0100e+03,2.3427e-01,1.3354e+00,2.0000e+01,6.6430e-01,1.0093e-01
8.0200e+03,2.3390e-01,1.3351e+00,2.0000e+01,6.6461e-01,1.0099e-01
8.0300e+03,2.3353e-01,1.3347e+00,2.0000e+01,6.6492e-01,1.0105e-01
8.0400e+03,2.3316e-01,1.3344e+00,2.0000e+01,6.6523e-01,1.0111e-01
8.0500e+03,2.3279e-01,1.3341e+00,2.0000e+01,6.6554e-01,1.0117e-01
8.0600e+03,2.3243e-01,1.3338e+00,2.0000e+01,6.6585e-01,1.0122e-01
8.0700e+03,2.3206e-01,1.3335e+00,2.0000e+01,6.6616e-01,1.0128e-01
8.0800e+03,2.3170e-01,1.3332e+00,2.0000e+01,6.6646e-01,1.0134e-01
8.0900e+03,2.3133e-01,1.3329e+00,2.0000e+01,6.6677e-01,1.0140e-01
8.1000e+03,2.3097e-01,1.3326e+00,2.0000e+01,6.6708e-01,1.0146e-01
8.1100e+03,2.3060e-01,1.3323e+00,2.0000e+01,6.6739e-01,1.0151e-01
8.1200e+03,2.3024e-01,1.3320e+00,2.0000e+01,6.6769e-01,1.0157e-01
8.1300e+03,2.2988e-01,1.3317e+00,2.0000e+01,6.6800e-01,1.0163e-01
8.1400e+03,2.2951e-01,1.3314e+00,2.0000e+01,6.6830e-01,1.0168e-01
8.1500e+03,2.2915e-01,1.3311e+00,2.0000e+01,6.6861e-01,1.0174e-01
8.1600e+03,2.2879e-01,1.3308e+00,2.0000e+01,6.6891e-01,1.0180e-01
8.1700e+03,2.2843e-01,1.3305e+00,2.0000e+01,6.6921e-01,1.0186e-01
8.1800e+03,2.2807e-01,1.3302e+00,2.0000e+01,6.6951e-01,1.0191e-01
8.1900e+03,2.2771e-01,1.3298e+00,2.0000e+01,6.6982e-01,1.0197e-01
8.2000e+03,2.2736e-01,1.3295e+00,2.0000e+01,6.7012e-01,1.0203e-01
8.2100e+03,2.2700e-01,1.3292e+00,2.0000e+01,6.7042e-01,1.0208e-01
8.2200e+03,2.2664e-01,1.3289e+00,2.0000e+01,6.7072e-01,1.0214e-01
8.2300e+03,2.2629e-01,1.3286e+00,2.0000e+01,6.7102e-01,1.0220e-01
8.2400e+03,2.2593e-01,1.3283e+00,2.0000e+01,6.7132e-01,1.0225e-01
8.2500e+03,2.2557e-01,1.3280e+00,2.0000e+01,6.7162e-01,1.0231e-01
8.2600e+03,2.2522e-01,1.3277e+00,2.0000e+01,6.7192e-01,1.0236e-01
8.2700e+03,2.2487e-01,1.3275e+00,2.0000e+01,6.7221e-01,1.0242e-01
8.2800e+03,2.2451e-01,1.3272e+00,2.0000e+01,6.7251e-01,1.0248e-01
8.2900e+03,2.2416e-01,1.3269e+00,2.0000e+01,6.7281e-01,1.0253e-01
8.3000e+03,2.2381e-01,1.3266e+00,2.0000e+01,6.7310e-01,1.0259e-01
8.3100e+03,2.2346e-01,1.3263e+00,2.0000e+01,6.7340e-01,1.0264e-01
8.3200e+03,2.2311e-01,1.3260e+00,2.0000e+01,6.7369e-01,1.0270e-01
8.3300e+03,2.2276e-01,1.3257e+00,2.0000e+01,6.7399e-01,1.0275e-01
8.3400e+03,2.2241e-01,1.3254e+00,2.0000e+01,6.7428e-01,1.0281e-01
8.3500e+03,2.2206e-01,1.3251e+00,2.0000e+01,6.7458e-01,1.0287e-01
8.3600e+03,2.2171e-01,1.3248e+00,2.0000e+01,6.7487e-01,1.0292e-01
8.3700e+03,2.2136e-01,1.3245e+00,2.0000e+01,6.7516e-01,1.0298e-01
8.3800e+03,2.2102e-01,1.3242e+00,2.0000e+01,6.7545e-01,1.0303e-01
8.3900e+03,2.2067e-01,1.3239e+00,2.0000e+01,6.7574e-01,1.0309e-01
8.4000e+03,2.2032e-01,1.3236e+00,2.0000e+01,6.7603e-01,1.0314e-01
8.4100e+03,2.1998e-01,1.3233e+00,2.0000e+01,6.7632e-01,1.0320e-01
8.4200e+03,2.1963e-01,1.3230e+00,2.0000e+01,6.7661e-01,1.0325e-01
8.4300e+03,2.1929e-01,1.3228e+00,2.0000e+01,6.7690e-01,1.0331e-01
8.4400e+03,2.1895e-01,1.3225e+00,2.0000e+01,6.7719e-01,1.0336e-01
8.4500e+03,2.1860e-01,1.3222e+00,2.0000e+01,6.7748e-01,1.0341e-01
8.4600e+03,2.1826e-01,1.3219e+00,2.0000e+01,6.7777e-01,1.0347e-01
8.4700e+03,2.1792e-01,1.3216e+00,2.0000e+01,6.7806e-01,1.0352e-01
8.4800e+03,2.1758e-01,1.3213e+00,2.0000e+01,6.7834e-01,1.0358e-01
8.4900e+03,2.1724e-01,1.3210e+00,2.0000e+01,6.7863e-01,1.0363e-01
8.5000e+03,2.1690e-01,1.3207e+00,2.0000e+01,6.7891e-01,1.0369e-01
8.5100e+03,2.1656e-01,1.3205e+00,2.0000e+01,6.7920e-01,1.0374e-01
8.5200e+03,2.1622e-01,1.3202e+00,2.0000e+01,6.7948e-01,1.0379e-01
8.5300e+03,2.1588e-01,1.3199e+00,2.0000e+01,6.7977e-01,1.0385e-01
8.5400e+03,2.1555e-01,1.3196e+00,2.0000e+01,6.8005e-01,1.0390e-01
8.5500e+03,2.1521e-01,1.3193e+00,2.0000e+01,6.8034e-01,1.0395e-01
8.5600e+03,2.1487e-01,1.3190e+00,2.0000e+01,6.8062e-01,1.0401e-01
8.5700e+03,2.1454e-01,1.3188e+00,2.0000e+01,6.8090e-01,1.0406e-01
8.5800e+03,2.1420e-01,1.3185e+00,2.0000e+01,6.8118e-01,1.0412e-01
8.5900e+03,2.1387e-01,1.3182e+00,2.0000e+01,6.8146e-01,1.0417e-01
8.6000e+03,2.1354e-01,1.3179e+00,2.0000e+01,6.8174e-01,1.0422e-01
8.6100e+03,2.1320e-01,1.3176e+00,2.0000e+01,6.8202e-01,1.0427e-01
8.6200e+03,2.1287e-01,1.3174e+00,2.0000e+01,6.8230e-01,1.0433e-01
8.6300e+03,2.1254e-01,1.3171e+00,2.0000e+01,6.8258e-01,1.0438e-01
8.6400e+03,2.1221e-01,1.3168e+00,2.0000e+01,6.8286e-01,1.0443e-01
8.6500e+03,2.1187e-01,1.3165e+00,2.0000e+01,6.8314e-01,1.0449e-01
8.6600e+03,2.1154e-01,1.3162e+00,2.0000e+01,6.8342e-01,1.0454e-01
8.6700e+03,2.1121e-01,1.3160e+00,2.0000e+01,6.8369e-01,1.0459e-01
8.6800e+03,2.1088e-01,1.3157e+00,2.0000e+01,6.8397e-01,1.0464e-01
8.6900e+03,2.1056e-01,1.3154e+00,2.0000e+01,6.8425e-01,1.0470e-01
8.7000e+03,2.1023e-01,1.3151e+00,2.0000e+01,6.8452e-01,1.0475e-01
8.7100e+03,2.0990e-01,1.3149e+00,2.0000e+01,6.8480e-01,1.0480e-01
8.7200e+03,2.0957e-01,1.3146e+00,2.0000e+01,6.8507e-01,1.0485e-01
8.7300e+03,2.0925e-01,1.3143e+00,2.0000e+01,6.8535e-01,1.0491e-01
8.7400e+03,2.0892e-01,1.3140e+00,2.0000e+01,6.8562e-01,1.0496e-01
8.7500e+03,2.0860e-01,1.3138e+00,2.0000e+01,6.8589e-01,1.0501e-01
8.7600e+03,2.0827e-01,1.3135e+00,2.0000e+01,6.8617e-01,1.0506e-01
8.7700e+03,2.0795e-01,1.3132e+00,2.0000e+01,6.8644e-01,1.0511e-01
8.7800e+03,2.0762e-01,1.3129e+00,2.0000e+01,6.8671e-01,1.0517e-01
8.7900e+03,2.0730e-01,1.3127e+00,2.0000e+01,6.8698e-01,1.0522e-01
8.8000e+03,2.0698e-01,1.3124e+00,2.0000e+01,6.8725e-01,1.0527e-01
8.8100e+03,2.0666e-01,1.3121e+00,2.0000e+01,6.8752e-01,1.0532e-01
8.8200e+03,2.0633e-01,1.3119e+00,2.0000e+01,6.8779e-01,1.0537e-01
8.8300e+03,2.0601e-01,1.3116e+00,2.0000e+01,6.8806e-01,1.0542e-01
8.8400e+03,2.0569e-01,1.3113e+00,2.0000e+01,6.8833e-01,1.0547e-01
8.8500e+03,2.0537e-01,1.3111e+00,2.0000e+01,6.8860e-01,1.0553e-01
8.8600e+03,2.0505e-01,1.3108e+00,2.0000e+01,6.8887e-01,1.0558e-01
8.8700e+03,2.0474e-01,1.3105e+00,2.0000e+01,6.8914e-01,1.0563e-01
8.8800e+03,2.0442e-01,1.3103e+00,2.0000e+01,6.8940e-01,1.0568e-01
8.8900e+03,2.0410e-01,1.3100e+00,2.0000e+01,6.8967e-01,1.0573e-01
8.9000e+03,2.0378e-01,1.3097e+00,2.0000e+01,6.8994e-01,1.0578e-01
8.9100e+03,2.0347e-01,1.3095e+00,2.0000e+01,6.9020e-01,1.0583e-01
8.9200e+03,2.0315e-01,1.3092e+00,2.0000e+01,6.9047e-01,1.0588e-01
8.9300e+03,2.0284e-01,1.3089e+00,2.0000e+01,6.9073e-01,1.0593e-01
8.9400e+03,2.0252e-01,1.3087e+00,2.0000e+01,6.9100e-01,1.0598e-01
8.9500e+03,2.0221e-01,1.3084e+00,2.0000e+01,6.9126e-01,1.0603e-01
8.9600e+03,2.0189e-01,1.3081e+00,2.0000e+01,6.9152e-01,1.0608e-01
8.9700e+03,2.0158e-01,1.3079e+00,2.0000e+01,6.9179e-01,1.0613e-01
8.9800e+03,2.0127e-01,1.3076e+00,2.0000e+01,6.9205e-01,1.0618e-01
8.9900e+03,2.0096e-01,1.3073e+00,2.0000e+01,6.9231e-01,1.0623e-01
9.0000e+03,2.0064e-01,1.3071e+00,2.0000e+01,6.9257e-01,1.0628e-01
9.0100e+03,2.0033e-01,1.3068e+00,2.0000e+01,6.9283e-01,1.0633e-01
9.0200e+03,2.0002e-01,1.3066e+00,2.0000e+01,6.9309e-01,1.0638e-01
9.0300e+03,1.9971e-01,1.3063e+00,2.0000e+01,6.9335e-01,1.0643e-01
9.0400e+03,1.9940e-01,1.3060e+00,2.0000e+01,6.9361e-01,1.0648e-01
9.0500e+03,1.9909e-01,1.3058e+00,2.0000e+01,6.9387e-01,1.0653e-01
9.0600e+03,1.9879e-01,1.3055e+00,2.0000e+01,6.9413e-01,1.0658e-01
9.0700e+03,1.9848e-01,1.3053e+00,2.0000e+01,6.9439e-01,1.0663e-01
9.0800e+03,1.9817e-01,1.3050e+00,2.0000e+01,6.9465e-01,1.0668e-01
9.0900e+03,1.9786e-01,1.3047e+00,2.0000e+01,6.9491e-01,1.0673e-01
9.1000e+03,1.9756e-01,1.3045e+00,2.0000e+01,6.9516e-01,1.0678e-01
9.1100e+03,1.9725e-01,1.3042e+00,2.0000e+01,6.9542e-01,1.0683e-01
9.1200e+03,1.9695e-01,1.3040e+00,2.0000e+01,6.9568e-01,1.0688e-01
9.1300e+03,1.9664e-01,1.3037e+00,2.0000e+01,6.9593e-01,1.0693e-01
9.1400e+03,1.9634e-01,1.3035e+00,2.0000e+01,6.9619e-01,1.0698e-01
9.1500e+03,1.9603e-01,1.3032e+00,2.0000e+01,6.9644e-01,1.0703e-01
9.1600e+03,1.9573e-01,1.3030e+00,2.0000e+01,6.9670e-01,1.0707e-01
9.1700e+03,1.9543e-01,1.3027e+00,2.0000e+01,6.9695e-01,1.0712e-01
9.1800e+03,1.9513e-01,1.3024e+00,2.0000e+01,6.9720e-01,1.0717e-01
9.1900e+03,1.9482e-01,1.3022e+00,2.0000e+01,6.9746e-01,1.0722e-01
9.2000e+03,1.9452e-01,1.3019e+00,2.0000e+01,6.9771e-01,1.0727e-01
9.2100e+03,1.9422e-01,1.3017e+00,2.0000e+01,6.9796e-01,1.0732e-01
9.2200e+03,1.9392e-01,1.3014e+00,2.0000e+01,6.9821e-01,1.0737e-01
9.2300e+03,1.9362e-01,1.3012e+00,2.0000e+01,6.9846e-01,1.0741e-01
9.2400e+03,1.9332e-01,1.3009e+00,2.0000e+01,6.9871e-01,1.0746e-01
9.2500e+03,1.9303e-01,1.3007e+00,2.0000e+01,6.9896e-01,1.0751e-01
9.2600e+03,1.9273e-01,1.3004e+00,2.0000e+01,6.9921e-01,1.0756e-01
9.2700e+03,1.9243e-01,1.3002e+00,2.0000e+01,6.9946e-01,1.0761e-01
9.2800e+03,1.9213e-01,1.2999e+00,2.0000e+01,6.9971e-01,1.0765e-01
9.2900e+03,1.9184e-01,1.2997e+00,2.0000e+01,6.9996e-01,1.0770e-01
9.3000e+03,1.9154e-01,1.2994e+00,2.0000e+01,7.0021e-01,1.0775e-01
9.3100e+03,1.9125e-01,1.2992e+00,2.0000e+01,7.0046e-01,1.0780e-01
9.3200e+03,1.9095e-01,1.2989e+00,2.0000e+01,7.0070e-01,1.0784e-01
9.3300e+03,1.9066e-01,1.2987e+00,2.0000e+01,7.0095e-01,1.0789e-01
9.3400e+03,1.9036e-01,1.2985e+00,2.0000e+01,7.0120e-01,1.0794e-01
9.3500e+03,1.9007e-01,1.2982e+00,2.0000e+01,7.0144e-01,1.0799e-01
9.3600e+03,1.8978e-01,1.2980e+00,2.0000e+01,7.0169e-01,1.0803e-01
9.3700e+03,1.8948e-01,1.2977e+00,2.0000e+01,7.0194e-01,1.0808e-01
9.3800e+03,1.8919e-01,1.2975e+00,2.0000e+01,7.0218e-01,1.0813e-01
9.3900e+03,1.8890e-01,1.2972e+00,2.0000e+01,7.0242e-01,1.0818e-01
9.4000e+03,1.8861e-01,1.2970e+00,2.0000e+01,7.0267e-01,1.0822e-01
9.4100e+03,1.8832e-01,1.2967e+00,2.0000e+01,7.0291e-01,1.0827e-01
9.4200e+03,1.8803e-01,1.2965e+00,2.0000e+01,7.0315e-01,1.0832e-01
9.4300e+03,1.8774e-01,1.2963e+00,2.0000e+01,7.0340e-01,1.0836e-01
9.4400e+03,1.8745e-01,1.2960e+00,2.0000e+01,7.0364e-01,1.0841e-01
9.4500e+03,1.8716e-01,1.2958e+00,2.0000e+01,7.0388e-01,1.0846e-01
9.4600e+03,1.8687e-01,1.2955e+00,2.0000e+01,7.0412e-01,1.0850e-01
9.4700e+03,1.8659e-01,1.2953e+00,2.0000e+01,7.0436e-01,1.0855e-01
9.4800e+03,1.8630e-01,1.2950e+00,2.0000e+01,7.0460e-01,1.0860e-01
9.4900e+03,1.8601e-01,1.2948e+00,2.0000e+01,7.0484e-01,1.0864e-01
9.5000e+03,1.8573e-01,1.2946e+00,2.0000e+01,7.0508e-01,1.0869e-01
9.5100e+03,1.8544e-01,1.2943e+00,2.0000e+01,7.0532e-01,1.0874e-01
9.5200e+03,1.8516e-01,1.2941e+00,2.0000e+01,7.0556e-01,1.0878e-01
9.5300e+03,1.8487e-01,1.2938e+00,2.0000e+01,7.0580e-01,1.0883e-01
9.5400e+03,1.8459e-01,1.2936e+00,2.0000e+01,7.0604e-01,1.0887e-01
9.5500e+03,1.8430e-01,1.2934e+00,2.0000e+01,7.0628e-01,1.0892e-01
9.5600e+03,1.8402e-01,1.2931e+00,2.0000e+01,7.0651e-01,1.0897e-01
9.5700e+03,1.8374e-01,1.2929e+00,2.0000e+01,7.0675e-01,1.0901e-01
9.5800e+03,1.8346e-01,1.2927e+00,2.0000e+01,7.0699e-01,1.0906e-01
9.5900e+03,1.8317e-01,1.2924e+00,2.0000e+01,7.0722e-01,1.0910e-01
9.6000e+03,1.8289e-01,1.2922e+00,2.0000e+01,7.0746e-01,1.0915e-01
9.6100e+03,1.8261e-01,1.2920e+00,2.0000e+01,7.0770e-01,1.0919e-01
9.6200e+03,1.8233e-01,1.2917e+00,2.0000e+01,7.0793e-01,1.0924e-01
9.6300e+03,1.8205e-01,1.2915e+00,2.0000e+01,7.0816e-01,1.0928e-01
9.6400e+03,1.8177e-01,1.2912e+00,2.0000e+01,7.0840e-01,1.0933e-01
9.6500e+03,1.8149e-01,1.2910e+00,2.0000e+01,7.0863e-01,1.0938e-01
9.6600e+03,1.8121e-01,1.2908e+00,2.0000e+01,7.0887e-01,1.0942e-01
9.6700e+03,1.8094e-01,1.2905e+00,2.0000e+01,7.0910e-01,1.0947e-01
9.6800e+03,1.8066e-01,1.2903e+00,2.0000e+01,7.0933e-01,1.0951e-01
9.6900e+03,1.8038e-01,1.2901e+00,2.0000e+01,7.0956e-01,1.0956e-01
9.7000e+03,1.8011e-01,1.2899e+00,2.0000e+01,7.0979e-01,1.0960e-01
9.7100e+03,1.7983e-01,1.2896e+00,2.0000e+01,7.1003e-01,1.0965e-01
9.7200e+03,1.7955e-01,1.2894e+00,2.0000e+01,7.1026e-01,1.0969e-01
9.7300e+03,1.7928e-01,1.2892e+00,2.0000e+01,7.1049e-01,1.0973e-01
9.7400e+03,1.7900e-01,1.2889e+00,2.0000e+01,7.1072e-01,1.0978e-01
9.7500e+03,1.7873e-01,1.2887e+00,2.0000e+01,7.1095e-01,1.0982e-01
9.7600e+03,1.7846e-01,1.2885e+00,2.0000e+01,7.1118e-01,1.0987e-01
9.7700e+03,1.7818e-01,1.2882e+00,2.0000e+01,7.1141e-01,1.0991e-01
9.7800e+03,1.7791e-01,1.2880e+00,2.0000e+01,7.1163e-01,1.0996e-01
9.7900e+03,1.7764e-01,1.2878e+00,2.0000e+01,7.1186e-01,1.1000e-01
9.8000e+03,1.7736e-01,1.2876e+00,2.0000e+01,7.1209e-01,1.1005e-01
9.8100e+03,1.7709e-01,1.2873e+00,2.0000e+01,7.1232e-01,1.1009e-01
9.8200e+03,1.7682e-01,1.2871e+00,2.0000e+01,7.1254e-01,1.1013e-01
9.8300e+03,1.7655e-01,1.2869e+00,2.0000e+01,7.1277e-01,1.1018e-01
9.8400e+03,1.7628e-01,1.2866e+00,2.0000e+01,7.1300e-01,1.1022e-01
9.8500e+03,1.7601e-01,1.2864e+00,2.0000e+01,7.1322e-01,1.1027e-01
9.8600e+03,1.7574e-01,1.2862e+00,2.0000e+01,7.1345e-01,1.1031e-01
9.8700e+03,1.7547e-01,1.2860e+00,2.0000e+01,7.1367e-01,1.1035e-01
9.8800e+03,1.7521e-01,1.2857e+00,2.0000e+01,7.1390e-01,1.1040e-01
9.8900e+03,1.7494e-01,1.2855e+00,2.0000e+01,7.1412e-01,1.1044e-01
9.9000e+03,1.7467e-01,1.2853e+00,2.0000e+01,7.1435e-01,1.1048e-01
9.9100e+03,1.7440e-01,1.2851e+00,2.0000e+01,7.1457e-01,1.1053e-01
9.9200e+03,1.7414e-01,1.2848e+00,2.0000e+01,7.1479e-01,1.1057e-01
9.9300e+03,1.7387e-01,1.2846e+00,2.0000e+01,7.1502e-01,1.1061e-01
9.9400e+03,1.7361e-01,1.2844e+00,2.0000e+01,7.1524e-01,1.1066e-01
9.9500e+03,1.7334e-01,1.2842e+00,2.0000e+01,7.1546e-01,1.1070e-01
9.9600e+03,1.7308e-01,1.2840e+00,2.0000e+01,7.1568e-01,1.1074e-01
9.9700e+03,1.7281e-01,1.2837e+00,2.0000e+01,7.1590e-01,1.1079e-01
9.9800e+03,1.7255e-01,1.2835e+00,2.0000e+01,7.1612e-01,1.1083e-01
9.9900e+03,1.7228e-01,1.2833e+00,2.0000e+01,7.1634e-01,1.1087e-01
1.0000e+04,1.7202e-01,1.2831e+00,2.0000e+01,7.1656e-01,1.1092e-01
1.0010e+04,1.7176e-01,1.2829e+00,2.0000e+01,7.1678e-01,1.1096e-01
1.0020e+04,1.7150e-01,1.2826e+00,2.0000e+01,7.1700e-01,1.1100e-01
1.0030e+04,1.7123e-01,1.2824e+00,2.0000e+01,7.1722e-01,1.1104e-01
1.0040e+04,1.7097e-01,1.2822e+00,2.0000e+01,7.1744e-01,1.1109e-01
1.0050e+04,1.7071e-01,1.2820e+00,2.0000e+01,7.1766e-01,1.1113e-01
1.0060e+04,1.7045e-01,1.2818e+00,2.0000e+01,7.1788e-01,1.1117e-01
1.0070e+04,1.7019e-01,1.2815e+00,2.0000e+01,7.1809e-01,1.1121e-01
1.0080e+04,1.6993e-01,1.2813e+00,2.0000e+01,7.1831e-01,1.1126e-01
1.0090e+04,1.6967e-01,1.2811e+00,2.0000e+01,7.1853e-01,1.1130e-01
1.0100e+04,1.6941e-01,1.2809e+00,2.0000e+01,7.1874e-01,1.1134e-01
1.0110e+04,1.6916e-01,1.2807e+00,2.0000e+01,7.1896e-01,1.1138e-01
1.0120e+04,1.6890e-01,1.2805e+00,2.0000e+01,7.1918e-01,1.1143e-01
1.0130e+04,1.6864e-01,1.2802e+00,2.0000e+01,7.1939e-01,1.1147e-01
1.0140e+04,1.6838e-01,1.2800e+00,2.0000e+01,7.1961e-01,1.1151e-01
1.0150e+04,1.6813e-01,1.2798e+00,2.0000e+01,7.1982e-01,1.1155e-01
1.0160e+04,1.6787e-01,1.2796e+00,2.0000e+01,7.2004e-01,1.1159e-01
1.0170e+04,1.6762e-01,1.2794e+00,2.0000e+01,7.2025e-01,1.1163e-01
1.0180e+04,1.6736e-01,1.2792e+00,2.0000e+01,7.2046e-01,1.1168e-01
1.0190e+04,1.6711e-01,1.2790e+00,2.0000e+01,7.2068e-01,1.1172e-01
1.0200e+04,1.6685e-01,1.2788e+00,2.0000e+01,7.2089e-01,1.1176e-01
1.0210e+04,1.6660e-01,1.2785e+00,2.0000e+01,7.2110e-01,1.1180e-01
1.0220e+04,1.6634e-01,1.2783e+00,2.0000e+01,7.2131e-01,1.1184e-01
1.0230e+04,1.6609e-01,1.2781e+00,2.0000e+01,7.2152e-01,1.1188e-01
1.0240e+04,1.6584e-01,1.2779e+00,2.0000e+01,7.2174e-01,1.1193e-01
1.0250e+04,1.6559e-01,1.2777e+00,2.0000e+01,7.2195e-01,1.1197e-01
1.0260e+04,1.6533e-01,1.2775e+00,2.0000e+01,7.2216e-01,1.1201e-01
1.0270e+04,1.6508e-01,1.2773e+00,2.0000e+01,7.2237e-01,1.1205e-01
1.0280e+04,1.6483e-01,1.2771e+00,2.0000e+01,7.2258e-01,1.1209e-01
1.0290e+04,1.6458e-01,1.2769e+00,2.0000e+01,7.2279e-01,1.1213e-01
1.0300e+04,1.6433e-01,1.2766e+00,2.0000e+01,7.2300e-01,1.1217e-01
1.0310e+04,1.6408e-01,1.2764e+00,2.0000e+01,7.2321e-01,1.1221e-01
1.0320e+04,1.6383e-01,1.2762e+00,2.0000e+01,7.2341e-01,1.1225e-01
1.0330e+04,1.6358e-01,1.2760e+00,2.0000e+01,7.2362e-01,1.1229e-01
1.0340e+04,1.6333e-01,1.2758e+00,2.0000e+01,7.2383e-01,1.1234e-01
1.0350e+04,1.6309e-01,1.2756e+00,2.0000e+01,7.2404e-01,1.1238e-01
1.0360e+04,1.6284e-01,1.2754e+00,2.0000e+01,7.2424e-01,1.1242e-01
1.0370e+04,1.6259e-01,1.2752e+00,2.0000e+01,7.2445e-01,1.1246e-01
1.0380e+04,1.6234e-01,1.2750e+00,2.0000e+01,7.2466e-01,1.1250e-01
1.0390e+04,1.6210e-01,1.2748e+00,2.0000e+01,7.2486e-01,1.1254e-01
1.0400e+04,1.6185e-01,1.2746e+00,2.0000e+01,7.2507e-01,1.1258e-01
1.0410e+04,1.6161e-01,1.2744e+00,2.0000e+01,7.2528e-01,1.1262e-01
1.0420e+04,1.6136e-01,1.2742e+00,2.0000e+01,7.2548e-01,1.1266e-01
1.0430e+04,1.6112e-01,1.2740e+00,2.0000e+01,7.2568e-01,1.1270e-01
1.0440e+04,1.6087e-01,1.2737e+00,2.0000e+01,7.2589e-01,1.1274e-01
1.0450e+04,1.6063e-01,1.2735e+00,2.0000e+01,7.2609e-01,1.1278e-01
1.0460e+04,1.6038e-01,1.2733e+00,2.0000e+01,7.2630e-01,1.1282e-01
1.0470e+04,1.6014e-01,1.2731e+00,2.0000e+01,7.2650e-01,1.1286e-01
1.0480e+04,1.5990e-01,1.2729e+00,2.0000e+01,7.2670e-01,1.1290e-01
1.0490e+04,1.5966e-01,1.2727e+00,2.0000e+01,7.2691e-01,1.1294e-01
1.0500e+04,1.5941e-01,1.2725e+00,2.0000e+01,7.2711e-01,1.1298e-01
1.0510e+04,1.5917e-01,1.2723e+00,2.0000e+01,7.2731e-01,1.1302e-01
1.0520e+04,1.5893e-01,1.2721e+00,2.0000e+01,7.2751e-01,1.1306e-01
1.0530e+04,1.5869e-01,1.2719e+00,2.0000e+01,7.2771e-01,1.1310e-01
1.0540e+04,1.5845e-01,1.2717e+00,2.0000e+01,7.2791e-01,1.1314e-01
1.0550e+04,1.5821e-01,1.2715e+00,2.0000e+01,7.2811e-01,1.1318e-01
1.0560e+04,1.5797e-01,1.2713e+00,2.0000e+01,7.2832e-01,1.1322e-01
1.0570e+04,1.5773e-01,1.2711e+00,2.0000e+01,7.2851e-01,1.1326e-01
1.0580e+04,1.5749e-01,1.2709e+00,2.0000e+01,7.2871e-01,1.1329e-01
1.0590e+04,1.5725e-01,1.2707e+00,2.0000e+01,7.2891e-01,1.1333e-01
1.0600e+04,1.5701e-01,1.2705e+00,2.0000e+01,7.2911e-01,1.1337e-01
1.0610e+04,1.5678e-01,1.2703e+00,2.0000e+01,7.2931e-01,1.1341e-01
1.0620e+04,1.5654e-01,1.2701e+00,2.0000e+01,7.2951e-01,1.1345e-01
1.0630e+04,1.5630e-01,1.2699e+00,2.0000e+01,7.2971e-01,1.1349e-01
1.0640e+04,1.5607e-01,1.2697e+00,2.0000e+01,7.2991e-01,1.1353e-01
1.0650e+04,1.5583e-01,1.2695e+00,2.0000e+01,7.3010e-01,1.1357e-01
1.0660e+04,1.5559e-01,1.2693e+00,2.0000e+01,7.3030e-01,1.1361e-01
1.0670e+04,1.5536e-01,1.2691e+00,2.0000e+01,7.3050e-01,1.1365e-01
1.0680e+04,1.5512e-01,1.2689e+00,2.0000e+01,7.3069e-01,1.1368e-01
1.0690e+04,1.5489e-01,1.2687e+00,2.0000e+01,7.3089e-01,1.1372e-01
1.0700e+04,1.5465e-01,1.2686e+00,2.0000e+01,7.3108e-01,1.1376e-01
1.0710e+04,1.5442e-01,1.2684e+00,2.0000e+01,7.3128e-01,1.1380e-01
1.0720e+04,1.5419e-01,1.2682e+00,2.0000e+01,7.3147e-01,1.1384e-01
1.0730e+04,1.5395e-01,1.2680e+00,2.0000e+01,7.3167e-01,1.1388e-01
1.0740e+04,1.5372e-01,1.2678e+00,2.0000e+01,7.3186e-01,1.1391e-01
1.0750e+04,1.5349e-01,1.2676e+00,2.0000e+01,7.3206e-01,1.1395e-01
1.0760e+04,1.5326e-01,1.2674e+00,2.0000e+01,7.3225e-01,1.1399e-01
1.0770e+04,1.5303e-01,1.2672e+00,2.0000e+01,7.3244e-01,1.1403e-01
1.0780e+04,1.5280e-01,1.2670e+00,2.0000e+01,7.3264e-01,1.1407e-01
1.0790e+04,1.5256e-01,1.2668e+00,2.0000e+01,7.3283e-01,1.1411e-01
1.0800e+04,1.5233e-01,1.2666e+00,2.0000e+01,7.3302e-01,1.1414e-01
1.0810e+04,1.5210e-01,1.2664e+00,2.0000e+01,7.3321e-01,1.1418e-01
1.0820e+04,1.5187e-01,1.2662e+00,2.0000e+01,7.3341e-01,1.1422e-01
1.0830e+04,1.5164e-01,1.2660e+00,2.0000e+01,7.3360e-01,1.1426e-01
1.0840e+04,1.5142e-01,1.2658e+00,2.0000e+01,7.3379e-01,1.1429e-01
1.0850e+04,1.5119e-01,1.2657e+00,2.0000e+01,7.3398e-01,1.1433e-01
1.0860e+04,1.5096e-01,1.2655e+00,2.0000e+01,7.3417e-01,1.1437e-01
1.0870e+04,1.5073e-01,1.2653e+00,2.0000e+01,7.3436e-01,1.1441e-01
1.0880e+04,1.5050e-01,1.2651e+00,2.0000e+01,7.3455e-01,1.1445e-01
1.0890e+04,1.5028e-01,1.2649e+00,2.0000e+01,7.3474e-01,1.1448e-01
1.0900e+04,1.5005e-01,1.2647e+00,2.0000e+01,7.3493e-01,1.1452e-01
1.0910e+04,1.4982e-01,1.2645e+00,2.0000e+01,7.3512e-01,1.1456e-01
1.0920e+04,1.4960e-01,1.2643e+00,2.0000e+01,7.3531e-01,1.1459e-01
1.0930e+04,1.4937e-01,1.2641e+00,2.0000e+01,7.3550e-01,1.1463e-01
1.0940e+04,1.4915e-01,1.2639e+00,2.0000e+01,7.3568e-01,1.1467e-01
1.0950e+04,1.4892e-01,1.2638e+00,2.0000e+01,7.3587e-01,1.1471e-01
1.0960e+04,1.4870e-01,1.2636e+00,2.0000e+01,7.3606e-01,1.1474e-01
1.0970e+04,1.4847e-01,1.2634e+00,2.0000e+01,7.3625e-01,1.1478e-01
1.0980e+04,1.4825e-01,1.2632e+00,2.0000e+01,7.3643e-01,1.1482e-01
1.0990e+04,1.4803e-01,1.2630e+00,2.0000e+01,7.3662e-01,1.1485e-01
1.1000e+04,1.4780e-01,1.2628e+00,2.0000e+01,7.3680e-01,1.1489e-01
1.1010e+04,1.4758e-01,1.2626e+00,2.0000e+01,7.3699e-01,1.1493e-01
1.1020e+04,1.4736e-01,1.2625e+00,2.0000e+01,7.3718e-01,1.1496e-01
1.1030e+04,1.4714e-01,1.2623e+00,2.0000e+01,7.3736e-01,1.1500e-01
1.1040e+04,1.4692e-01,1.2621e+00,2.0000e+01,7.3755e-01,1.1504e-01
1.1050e+04,1.4669e-01,1.2619e+00,2.0000e+01,7.3773e-01,1.1507e-01
1.1060e+04,1.4647e-01,1.2617e+00,2.0000e+01,7.3792e-01,1.1511e-01
1.1070e+04,1.4625e-01,1.2615e+00,2.0000e+01,7.3810e-01,1.1515e-01
1.1080e+04,1.4603e-01,1.2613e+00,2.0000e+01,7.3828e-01,1.1518e-01
1.1090e+04,1.4581e-01,1.2612e+00,2.0000e+01,7.3847e-01,1.1522e-01
1.1100e+04,1.4559e-01,1.2610e+00,2.0000e+01,7.3865e-01,1.1526e-01
1.1110e+04,1.4537e-01,1.2608e+00,2.0000e+01,7.3883e-01,1.1529e-01
1.1120e+04,1.4516e-01,1.2606e+00,2.0000e+01,7.3901e-01,1.1533e-01
1.1130e+04,1.4494e-01,1.2604e+00,2.0000e+01,7.3920e-01,1.1537e-01
1.1140e+04,1.4472e-01,1.2603e+00,2.0000e+01,7.3938e-01,1.1540e-01
1.1150e+04,1.4450e-01,1.2601e+00,2.0000e+01,7.3956e-01,1.1544e-01
1.1160e+04,1.4429e-01,1.2599e+00,2.0000e+01,7.3974e-01,1.1547e-01
1.1170e+04,1.4407e-01,1.2597e+00,2.0000e+01,7.3992e-01,1.1551e-01
1.1180e+04,1.4385e-01,1.2595e+00,2.0000e+01,7.4010e-01,1.1555e-01
1.1190e+04,1.4364e-01,1.2593e+00,2.0000e+01,7.4028e-01,1.1558e-01
1.1200e+04,1.4342e-01,1.2592e+00,2.0000e+01,7.4046e-01,1.1562e-01
1.1210e+04,1.4320e-01,1.2590e+00,2.0000e+01,7.4064e-01,1.1565e-01
1.1220e+04,1.4299e-01,1.2588e+00,2.0000e+01,7.4082e-01,1.1569e-01
1.1230e+04,1.4277e-01,1.2586e+00,2.0000e+01,7.4100e-01,1.1572e-01
1.1240e+04,1.4256e-01,1.2584e+00,2.0000e+01,7.4118e-01,1.1576e-01
1.1250e+04,1.4235e-01,1.2583e+00,2.0000e+01,7.4136e-01,1.1579e-01
1.1260e+04,1.4213e-01,1.2581e+00,2.0000e+01,7.4154e-01,1.1583e-01
1.1270e+04,1.4192e-01,1.2579e+00,2.0000e+01,7.4172e-01,1.1587e-01
1.1280e+04,1.4171e-01,1.2577e+00,2.0000e+01,7.4189e-01,1.1590e-01
1.1290e+04,1.4149e-01,1.2576e+00,2.0000e+01,7.4207e-01,1.1594e-01
1.1300e+04,1.4128e-01,1.2574e+00,2.0000e+01,7.4225e-01,1.1597e-01
1.1310e+04,1.4107e-01,1.2572e+00,2.0000e+01,7.4243e-01,1.1601e-01
1.1320e+04,1.4086e-01,1.2570e+00,2.0000e+01,7.4260e-01,1.1604e-01
1.1330e+04,1.4065e-01,1.2568e+00,2.0000e+01,7.4278e-01,1.1608e-01
1.1340e+04,1.4043e-01,1.2567e+00,2.0000e+01,7.4295e-01,1.1611e-01
1.1350e+04,1.4022e-01,1.2565e+00,2.0000e+01,7.4313e-01,1.1615e-01
1.1360e+04,1.4001e-01,1.2563e+00,2.0000e+01,7.4331e-01,1.1618e-01
1.1370e+04,1.3980e-01,1.2561e+00,2.0000e+01,7.4348e-01,1.1622e-01
1.1380e+04,1.3959e-01,1.2560e+00,2.0000e+01,7.4366e-01,1.1625e-01
1.1390e+04,1.3938e-01,1.2558e+00,2.0000e+01,7.4383e-01,1.1629e-01
1.1400e+04,1.3918e-01,1.2556e+00,2.0000e+01,7.4400e-01,1.1632e-01
1.1410e+04,1.3897e-01,1.2554e+00,2.0000e+01,7.4418e-01,1.1636e-01
1.1420e+04,1.3876e-01,1.2553e+00,2.0000e+01,7.4435e-01,1.1639e-01
1.1430e+04,1.3855e-01,1.2551e+00,2.0000e+01,7.4453e-01,1.1642e-01
1.1440e+04,1.3834e-01,1.2549e+00,2.0000e+01,7.4470e-01,1.1646e-01
1.1450e+04,1.3814e-01,1.2548e+00,2.0000e+01,7.4487e-01,1.1649e-01
1.1460e+04,1.3793e-01,1.2546e+00,2.0000e+01,7.4504e-01,1.1653e-01
1.1470e+04,1.3772e-01,1.2544e+00,2.0000e+01,7.4522e-01,1.1656e-01
1.1480e+04,1.3752e-01,1.2542e+00,2.0000e+01,7.4539e-01,1.1660e-01
1.1490e+04,1.3731e-01,1.2541e+00,2.0000e+01,7.4556e-01,1.1663e-01
1.1500e+04,1.3710e-01,1.2539e+00,2.0000e+01,7.4573e-01,1.1666e-01
1.1510e+04,1.3690e-01,1.2537e+00,2.0000e+01,7.4590e-01,1.1670e-01
1.1520e+04,1.3669e-01,1.2536e+00,2.0000e+01,7.4607e-01,1.1673e-01
1.1530e+04,1.3649e-01,1.2534e+00,2.0000e+01,7.4624e-01,1.1677e-01
1.1540e+04,1.3628e-01,1.2532e+00,2.0000e+01,7.4641e-01,1.1680e-01
1.1550e+04,1.3608e-01,1.2530e+00,2.0000e+01,7.4658e-01,1.1683e-01
1.1560e+04,1.3588e-01,1.2529e+00,2.0000e+01,7.4675e-01,1.1687e-01
1.1570e+04,1.3567e-01,1.2527e+00,2.0000e+01,7.4692e-01,1.1690e-01
1.1580e+04,1.3547e-01,1.2525e+00,2.0000e+01,7.4709e-01,1.1694e-01
1.1590e+04,1.3527e-01,1.2524e+00,2.0000e+01,7.4726e-01,1.1697e-01
1.1600e+04,1.3507e-01,1.2522e+00,2.0000e+01,7.4743e-01,1.1700e-01
1.1610e+04,1.3486e-01,1.2520e+00,2.0000e+01,7.4760e-01,1.1704e-01
1.1620e+04,1.3466e-01,1.2519e+00,2.0000e+01,7.4777e-01,1.1707e-01
1.1630e+04,1.3446e-01,1.2517e+00,2.0000e+01,7.4794e-01,1.1710e-01
1.1640e+04,1.3426e-01,1.2515e+00,2.0000e+01,7.4810e-01,1.1714e-01
1.1650e+04,1.3406e-01,1.2514e+00,2.0000e+01,7.4827e-01,1.1717e-01
1.1660e+04,1.3386e-01,1.2512e+00,2.0000e+01,7.4844e-01,1.1720e-01
1.1670e+04,1.3366e-01,1.2510e+00,2.0000e+01,7.4860e-01,1.1724e-01
1.1680e+04,1.3346e-01,1.2509e+00,2.0000e+01,7.4877e-01,1.1727e-01
1.1690e+04,1.3326e-01,1.2507e+00,2.0000e+01,7.4894e-01,1.1730e-01
1.1700e+04,1.3306e-01,1.2505e+00,2.0000e+01,7.4910e-01,1.1734e-01
1.1710e+04,1.3286e-01,1.2504e+00,2.0000e+01,7.4927e-01,1.1737e-01
1.1720e+04,1.3266e-01,1.2502e+00,2.0000e+01,7.4943e-01,1.1740e-01
1.1730e+04,1.3246e-01,1.2500e+00,2.0000e+01,7.4960e-01,1.1744e-01
1.1740e+04,1.3227e-01,1.2499e+00,2.0000e+01,7.4976e-01,1.1747e-01
1.1750e+04,1.3207e-01,1.2497e+00,2.0000e+01,7.4993e-01,1.1750e-01
1.1760e+04,1.3187e-01,1.2495e+00,2.0000e+01,7.5009e-01,1.1754e-01
1.1770e+04,1.3168e-01,1.2494e+00,2.0000e+01,7.5026e-01,1.1757e-01
1.1780e+04,1.3148e-01,1.2492e+00,2.0000e+01,7.5042e-01,1.1760e-01
1.1790e+04,1.3128e-01,1.2490e+00,2.0000e+01,7.5058e-01,1.1763e-01
1.1800e+04,1.3109e-01,1.2489e+00,2.0000e+01,7.5075e-01,1.1767e-01
1.1810e+04,1.3089e-01,1.2487e+00,2.0000e+01,7.5091e-01,1.1770e-01
1.1820e+04,1.3070e-01,1.2486e+00,2.0000e+01,7.5107e-01,1.1773e-01
1.1830e+04,1.3050e-01,1.2484e+00,2.0000e+01,7.5124e-01,1.1776e-01
1.1840e+04,1.3031e-01,1.2482e+00,2.0000e+01,7.5140e-01,1.1780e-01
1.1850e+04,1.3011e-01,1.2481e+00,2.0000e+01,7.5156e-01,1.1783e-01
1.1860e+04,1.2992e-01,1.2479e+00,2.0000e+01,7.5172e-01,1.1786e-01
1.1870e+04,1.2972e-01,1.2477e+00,2.0000e+01,7.5188e-01,1.1789e-01
1.1880e+04,1.2953e-01,1.2476e+00,2.0000e+01,7.5204e-01,1.1793e-01
1.1890e+04,1.2934e-01,1.2474e+00,2.0000e+01,7.5220e-01,1.1796e-01
1.1900e+04,1.2914e-01,1.2473e+00,2.0000e+01,7.5237e-01,1.1799e-01
1.1910e+04,1.2895e-01,1.2471e+00,2.0000e+01,7.5253e-01,1.1802e-01
1.1920e+04,1.2876e-01,1.2469e+00,2.0000e+01,7.5269e-01,1.1806e-01
1.1930e+04,1.2857e-01,1.2468e+00,2.0000e+01,7.5285e-01,1.1809e-01
1.1940e+04,1.2838e-01,1.2466e+00,2.0000e+01,7.5301e-01,1.1812e-01
1.1950e+04,1.2818e-01,1.2465e+00,2.0000e+01,7.5316e-01,1.1815e-01
1.1960e+04,1.2799e-01,1.2463e+00,2.0000e+01,7.5332e-01,1.1818e-01
1.1970e+04,1.2780e-01,1.2461e+00,2.0000e+01,7.5348e-01,1.1821e-01
1.1980e+04,1.2761e-01,1.2460e+00,2.0000e+01,7.5364e-01,1.1825e-01
1.1990e+04,1.2742e-01,1.2458e+00,2.0000e+01,7.5380e-01,1.1828e-01
1.2000e+04,1.2723e-01,1.2457e+00,2.0000e+01,7.5396e-01,1.1831e-01
1.2010e+04,1.2704e-01,1.2455e+00,2.0000e+01,7.5412e-01,1.1834e-01
1.2020e+04,1.2685e-01,1.2453e+00,2.0000e+01,7.5427e-01,1.1837e-01
1.2030e+04,1.2666e-01,1.2452e+00,2.0000e+01,7.5443e-01,1.1841e-01
1.2040e+04,1.2648e-01,1.2450e+00,2.0000e+01,7.5459e-01,1.1844e-01
1.2050e+04,1.2629e-01,1.2449e+00,2.0000e+01,7.5474e-01,1.1847e-01
1.2060e+04,1.2610e-01,1.2447e+00,2.0000e+01,7.5490e-01,1.1850e-01
1.2070e+04,1.2591e-01,1.2446e+00,2.0000e+01,7.5506e-01,1.1853e-01
1.2080e+04,1.2573e-01,1.2444e+00,2.0000e+01,7.5521e-01,1.1856e-01
1.2090e+04,1.2554e-01,1.2443e+00,2.0000e+01,7.5537e-01,1.1859e-01
1.2100e+04,1.2535e-01,1.2441e+00,2.0000e+01,7.5552e-01,1.1862e-01
1.2110e+04,1.2516e-01,1.2439e+00,2.0000e+01,7.5568e-01,1.1866e-01
1.2120e+04,1.2498e-01,1.2438e+00,2.0000e+01,7.5583e-01,1.1869e-01
1.2130e+04,1.2479e-01,1.2436e+00,2.0000e+01,7.5599e-01,1.1872e-01
1.2140e+04,1.2461e-01,1.2435e+00,2.0000e+01,7.5614e-01,1.1875e-01
1.2150e+04,1.2442e-01,1.2433e+00,2.0000e+01,7.5630e-01,1.1878e-01
1.2160e+04,1.2424e-01,1.2432e+00,2.0000e+01,7.5645e-01,1.1881e-01
1.2170e+04,1.2405e-01,1.2430e+00,2.0000e+01,7.5661e-01,1.1884e-01
1.2180e+04,1.2387e-01,1.2429e+00,2.0000e+01,7.5676e-01,1.1887e-01
1.2190e+04,1.2368e-01,1.2427e+00,2.0000e+01,7.5691e-01,1.1890e-01
1.2200e+04,1.2350e-01,1.2426e+00,2.0000e+01,7.5707e-01,1.1893e-01
1.2210e+04,1.2332e-01,1.2424e+00,2.0000e+01,7.5722e-01,1.1897e-01
1.2220e+04,1.2313e-01,1.2422e+00,2.0000e+01,7.5737e-01,1.1900e-01
1.2230e+04,1.2295e-01,1.2421e+00,2.0000e+01,7.5752e-01,1.1903e-01
1.2240e+04,1.2277e-01,1.2419e+00,2.0000e+01,7.5768e-01,1.1906e-01
1.2250e+04,1.2258e-01,1.2418e+00,2.0000e+01,7.5783e-01,1.1909e-01
1.2260e+04,1.2240e-01,1.2416e+00,2.0000e+01,7.5798e-01,1.1912e-01
1.2270e+04,1.2222e-01,1.2415e+00,2.0000e+01,7.5813e-01,1.1915e-01
1.2280e+04,1.2204e-01,1.2413e+00,2.0000e+01,7.5828e-01,1.1918e-01
1.2290e+04,1.2186e-01,1.2412e+00,2.0000e+01,7.5843e-01,1.1921e-01
1.2300e+04,1.2168e-01,1.2410e+00,2.0000e+01,7.5858e-01,1.1924e-01
1.2310e+04,1.2150e-01,1.2409e+00,2.0000e+01,7.5873e-01,1.1927e-01
1.2320e+04,1.2132e-01,1.2407e+00,2.0000e+01,7.5888e-01,1.1930e-01
1.2330e+04,1.2114e-01,1.2406e+00,2.0000e+01,7.5903e-01,1.1933e-01
1.2340e+04,1.2096e-01,1.2404e+00,2.0000e+01,7.5918e-01,1.1936e-01
1.2350e+04,1.2078e-01,1.2403e+00,2.0000e+01,7.5933e-01,1.1939e-01
1.2360e+04,1.2060e-01,1.2401e+00,2.0000e+01,7.5948e-01,1.1942e-01
1.2370e+04,1.2042e-01,1.2400e+00,2.0000e+01,7.5963e-01,1.1945e-01
1.2380e+04,1.2024e-01,1.2398e+00,2.0000e+01,7.5978e-01,1.1948e-01
1.2390e+04,1.2006e-01,1.2397e+00,2.0000e+01,7.5993e-01,1.1951e-01
1.2400e+04,1.1988e-01,1.2395e+00,2.0000e+01,7.6008e-01,1.1954e-01
1.2410e+04,1.1971e-01,1.2394e+00,2.0000e+01,7.6022e-01,1.1957e-01
1.2420e+04,1.1953e-01,1.2392e+00,2.0000e+01,7.6037e-01,1.1960e-01
1.2430e+04,1.1935e-01,1.2391e+00,2.0000e+01,7.6052e-01,1.1963e-01
1.2440e+04,1.1917e-01,1.2390e+00,2.0000e+01,7.6067e-01,1.1966e-01
1.2450e+04,1.1900e-01,1.2388e+00,2.0000e+01,7.6081e-01,1.1969e-01
1.2460e+04,1.1882e-01,1.2387e+00,2.0000e+01,7.6096e-01,1.1972e-01
1.2470e+04,1.1864e-01,1.2385e+00,2.0000e+01,7.6111e-01,1.1975e-01
1.2480e+04,1.1847e-01,1.2384e+00,2.0000e+01,7.6125e-01,1.1978e-01
1.2490e+04,1.1829e-01,1.2382e+00,2.0000e+01,7.6140e-01,1.1981e-01
1.2500e+04,1.1812e-01,1.2381e+00,2.0000e+01,7.6154e-01,1.1984e-01
1.2510e+04,1.1794e-01,1.2379e+00,2.0000e+01,7.6169e-01,1.1987e-01
1.2520e+04,1.1777e-01,1.2378e+00,2.0000e+01,7.6184e-01,1.1990e-01
1.2530e+04,1.1759e-01,1.2376e+00,2.0000e+01,7.6198e-01,1.1993e-01
1.2540e+04,1.1742e-01,1.2375e+00,2.0000e+01,7.6213e-01,1.1995e-01
1.2550e+04,1.1725e-01,1.2373e+00,2.0000e+01,7.6227e-01,1.1998e-01
1.2560e+04,1.1707e-01,1.2372e+00,2.0000e+01,7.6241e-01,1.2001e-01
1.2570e+04,1.1690e-01,1.2371e+00,2.0000e+01,7.6256e-01,1.2004e-01
1.2580e+04,1.1673e-01,1.2369e+00,2.0000e+01,7.6270e-01,1.2007e-01
1.2590e+04,1.1655e-01,1.2368e+00,2.0000e+01,7.6285e-01,1.2010e-01
1.2600e+04,1.1638e-01,1.2366e+00,2.0000e+01,7.6299e-01,1.2013e-01
1.2610e+04,1.1621e-01,1.2365e+00,2.0000e+01,7.6313e-01,1.2016e-01
1.2620e+04,1.1604e-01,1.2363e+00,2.0000e+01,7.6328e-01,1.2019e-01
1.2630e+04,1.1586e-01,1.2362e+00,2.0000e+01,7.6342e-01,1.2022e-01
1.2640e+04,1.1569e-01,1.2361e+00,2.0000e+01,7.6356e-01,1.2025e-01
1.2650e+04,1.1552e-01,1.2359e+00,2.0000e+01,7.6370e-01,1.2027e-01
1.2660e+04,1.1535e-01,1.2358e+00,2.0000e+01,7.6385e-01,1.2030e-01
1.2670e+04,1.1518e-01,1.2356e+00,2.0000e+01,7.6399e-01,1.2033e-01
1.2680e+04,1.1501e-01,1.2355e+00,2.0000e+01,7.6413e-01,1.2036e-01
1.2690e+04,1.1484e-01,1.2353e+00,2.0000e+01,7.6427e-01,1.2039e-01
1.2700e+04,1.1467e-01,1.2352e+00,2.0000e+01,7.6441e-01,1.2042e-01
1.2710e+04,1.1450e-01,1.2351e+00,2.0000e+01,7.6455e-01,1.2045e-01
1.2720e+04,1.1433e-01,1.2349e+00,2.0000e+01,7.6469e-01,1.2047e-01
1.2730e+04,1.1416e-01,1.2348e+00,2.0000e+01,7.6484e-01,1.2050e-01
1.2740e+04,1.1399e-01,1.2346e+00,2.0000e+01,7.6498e-01,1.2053e-01
1.2750e+04,1.1382e-01,1.2345e+00,2.0000e+01,7.6512e-01,1.2056e-01
1.2760e+04,1.1366e-01,1.2344e+00,2.0000e+01,7.6526e-01,1.2059e-01
1.2770e+04,1.1349e-01,1.2342e+00,2.0000e+01,7.6540e-01,1.2062e-01
1.2780e+04,1.1332e-01,1.2341e+00,2.0000e+01,7.6554e-01,1.2064e-01
1.2790e+04,1.1315e-01,1.2339e+00,2.0000e+01,7.6567e-01,1.2067e-01
1.2800e+04,1.1299e-01,1.2338e+00,2.0000e+01,7.6581e-01,1.2070e-01
1.2810e+04,1.1282e-01,1.2337e+00,2.0000e+01,7.6595e-01,1.2073e-01
1.2820e+04,1.1265e-01,1.2335e+00,2.0000e+01,7.6609e-01,1.2076e-01
1.2830e+04,1.1249e-01,1.2334e+00,2.0000e+01,7.6623e-01,1.2079e-01
1.2840e+04,1.1232e-01,1.2332e+00,2.0000e+01,7.6637e-01,1.2081e-01
1.2850e+04,1.1215e-01,1.2331e+00,2.0000e+01,7.6651e-01,1.2084e-01
1.2860e+04,1.1199e-01,1.2330e+00,2.0000e+01,7.6664e-01,1.2087e-01
1.2870e+04,1.1182e-01,1.2328e+00,2.0000e+01,7.6678e-01,1.2090e-01
1.2880e+04,1.1166e-01,1.2327e+00,2.0000e+01,7.6692e-01,1.2092e-01
1.2890e+04,1.1149e-01,1.2326e+00,2.0000e+01,7.6705e-01,1.2095e-01
1.2900e+04,1.1133e-01,1.2324e+00,2.0000e+01,7.6719e-01,1.2098e-01
1.2910e+04,1.1116e-01,1.2323e+00,2.0000e+01,7.6733e-01,1.2101e-01
1.2920e+04,1.1100e-01,1.2322e+00,2.0000e+01,7.6746e-01,1.2104e-01
1.2930e+04,1.1084e-01,1.2320e+00,2.0000e+01,7.6760e-01,1.2106e-01
1.2940e+04,1.1067e-01,1.2319e+00,2.0000e+01,7.6774e-01,1.2109e-01
1.2950e+04,1.1051e-01,1.2317e+00,2.0000e+01,7.6787e-01,1.2112e-01
1.2960e+04,1.1035e-01,1.2316e+00,2.0000e+01,7.6801e-01,1.2115e-01
1.2970e+04,1.1018e-01,1.2315e+00,2.0000e+01,7.6814e-01,1.2117e-01
1.2980e+04,1.1002e-01,1.2313e+00,2.0000e+01,7.6828e-01,1.2120e-01
1.2990e+04,1.0986e-01,1.2312e+00,2.0000e+01,7.6841e-01,1.2123e-01
1.3000e+04,1.0970e-01,1.2311e+00,2.0000e+01,7.6855e-01,1.2126e-01
1.3010e+04,1.0953e-01,1.2309e+00,2.0000e+01,7.6868e-01,1.2128e-01
1.3020e+04,1.0937e-01,1.2308e+00,2.0000e+01,7.6882e-01,1.2131e-01
1.3030e+04,1.0921e-01,1.2307e+00,2.0000e+01,7.6895e-01,1.2134e-01
1.3040e+04,1.0905e-01,1.2305e+00,2.0000e+01,7.6908e-01,1.2136e-01
1.3050e+04,1.0889e-01,1.2304e+00,2.0000e+01,7.6922e-01,1.2139e-01
1.3060e+04,1.0873e-01,1.2303e+00,2.0000e+01,7.6935e-01,1.2142e-01
1.3070e+04,1.0857e-01,1.2301e+00,2.0000e+01,7.6948e-01,1.2145e-01
1.3080e+04,1.0841e-01,1.2300e+00,2.0000e+01,7.6962e-01,1.2147e-01
1.3090e+04,1.0825e-01,1.2299e+00,2.0000e+01,7.6975e-01,1.2150e-01
1.3100e+04,1.0809e-01,1.2297e+00,2.0000e+01,7.6988e-01,1.2153e-01
1.3110e+04,1.0793e-01,1.2296e+00,2.0000e+01,7.7002e-01,1.2155e-01
1.3120e+04,1.0777e-01,1.2295e+00,2.0000e+01,7.7015e-01,1.2158e-01
1.3130e+04,1.0761e-01,1.2293e+00,2.0000e+01,7.7028e-01,1.2161e-01
1.3140e+04,1.0745e-01,1.2292e+00,2.0000e+01,7.7041e-01,1.2163e-01
1.3150e+04,1.0730e-01,1.2291e+00,2.0000e+01,7.7054e-01,1.2166e-01
1.3160e+04,1.0714e-01,1.2289e+00,2.0000e+01,7.7067e-01,1.2169e-01
1.3170e+04,1.0698e-01,1.2288e+00,2.0000e+01,7.7081e-01,1.2171e-01
1.3180e+04,1.0682e-01,1.2287e+00,2.0000e+01,7.7094e-01,1.2174e-01
1.3190e+04,1.0667e-01,1.2285e+00,2.0000e+01,7.7107e-01,1.2177e-01
1.3200e+04,1.0651e-01,1.2284e+00,2.0000e+01,7.7120e-01,1.2179e-01
1.3210e+04,1.0635e-01,1.2283e+00,2.0000e+01,7.7133e-01,1.2182e-01
1.3220e+04,1.0620e-01,1.2282e+00,2.0000e+01,7.7146e-01,1.2185e-01
1.3230e+04,1.0604e-01,1.2280e+00,2.0000e+01,7.7159e-01,1.2187e-01
1.3240e+04,1.0588e-01,1.2279e+00,2.0000e+01,7.7172e-01,1.2190e-01
1.3250e+04,1.0573e-01,1.2278e+00,2.0000e+01,7.7185e-01,1.2193e-01
1.3260e+04,1.0557e-01,1.2276e+00,2.0000e+01,7.7198e-01,1.2195e-01
1.3270e+04,1.0542e-01,1.2275e+00,2.0000e+01,7.7211e-01,1.2198e-01
1.3280e+04,1.0526e-01,1.2274e+00,2.0000e+01,7.7223e-01,1.2201e-01
1.3290e+04,1.0511e-01,1.2273e+00,2.0000e+01,7.7236e-01,1.2203e-01
1.3300e+04,1.0495e-01,1.2271e+00,2.0000e+01,7.7249e-01,1.2206e-01
1.3310e+04,1.0480e-01,1.2270e+00,2.0000e+01,7.7262e-01,1.2208e-01
1.3320e+04,1.0464e-01,1.2269e+00,2.0000e+01,7.7275e-01,1.2211e-01
1.3330e+04,1.0449e-01,1.2267e+00,2.0000e+01,7.7288e-01,1.2214e-01
1.3340e+04,1.0434e-01,1.2266e+00,2.0000e+01,7.7300e-01,1.2216e-01
1.3350e+04,1.0418e-01,1.2265e+00,2.0000e+01,7.7313e-01,1.2219e-01
1.3360e+04,1.0403e-01,1.2264e+00,2.0000e+01,7.7326e-01,1.2221e-01
1.3370e+04,1.0388e-01,1.2262e+00,2.0000e+01,7.7338e-01,1.2224e-01
1.3380e+04,1.0372e-01,1.2261e+00,2.0000e+01,7.7351e-01,1.2227e-01
1.3390e+04,1.0357e-01,1.2260e+00,2.0000e+01,7.7364e-01,1.2229e-01
1.3400e+04,1.0342e-01,1.2258e+00,2.0000e+01,7.7376e-01,1.2232e-01
1.3410e+04,1.0327e-01,1.2257e+00,2.0000e+01,7.7389e-01,1.2234e-01
1.3420e+04,1.0311e-01,1.2256e+00,2.0000e+01,7.7402e-01,1.2237e-01
1.3430e+04,1.0296e-01,1.2255e+00,2.0000e+01,7.7414e-01,1.2239e-01
1.3440e+04,1.0281e-01,1.2253e+00,2.0000e+01,7.7427e-01,1.2242e-01
1.3450e+04,1.0266e-01,1.2252e+00,2.0000e+01,7.7439e-01,1.2245e-01
1.3460e+04,1.0251e-01,1.2251e+00,2.0000e+01,7.7452e-01,1.2247e-01
1.3470e+04,1.0236e-01,1.2250e+00,2.0000e+01,7.7464e-01,1.2250e-01
1.3480e+04,1.0221e-01,1.2248e+00,2.0000e+01,7.7477e-01,1.2252e-01
1.3490e+04,1.0206e-01,1.2247e+00,2.0000e+01,7.7489e-01,1.2255e-01
1.3500e+04,1.0191e-01,1.2246e+00,2.0000e+01,7.7502e-01,1.2257e-01
1.3510e+04,1.0176e-01,1.2245e+00,2.0000e+01,7.7514e-01,1.2260e-01
1.3520e+04,1.0161e-01,1.2243e+00,2.0000e+01,7.7527e-01,1.2262e-01
1.3530e+04,1.0146e-01,1.2242e+00,2.0000e+01,7.7539e-01,1.2265e-01
1.3540e+04,1.0131e-01,1.2241e+00,2.0000e+01,7.7551e-01,1.2267e-01
1.3550e+04,1.0116e-01,1.2240e+00,2.0000e+01,7.7564e-01,1.2270e-01
1.3560e+04,1.0102e-01,1.2239e+00,2.0000e+01,7.7576e-01,1.2272e-01
1.3570e+04,1.0087e-01,1.2237e+00,2.0000e+01,7.7588e-01,1.2275e-01
1.3580e+04,1.0072e-01,1.2236e+00,2.0000e+01,7.7601e-01,1.2277e-01
1.3590e+04,1.0057e-01,1.2235e+00,2.0000e+01,7.7613e-01,1.2280e-01
1.3600e+04,1.0042e-01,1.2234e+00,2.0000e+01,7.7625e-01,1.2283e-01
1.3610e+04,1.0028e-01,1.2232e+00,2.0000e+01,7.7637e-01,1.2285e-01
1.3620e+04,1.0013e-01,1.2231e+00,2.0000e+01,7.7650e-01,1.2288e-01
1.3630e+04,9.9982e-02,1.2230e+00,2.0000e+01,7.7662e-01,1.2290e-01
1.3640e+04,9.9835e-02,1.2229e+00,2.0000e+01,7.7674e-01,1.2292e-01
1.3650e+04,9.9689e-02,1.2227e+00,2.0000e+01,7.7686e-01,1.2295e-01
1.3660e+04,9.9543e-02,1.2226e+00,2.0000e+01,7.7698e-01,1.2297e-01
1.3670e+04,9.9397e-02,1.2225e+00,2.0000e+01,7.7710e-01,1.2300e-01
1.3680e+04,9.9251e-02,1.2224e+00,2.0000e+01,7.7723e-01,1.2302e-01
1.3690e+04,9.9106e-02,1.2223e+00,2.0000e+01,7.7735e-01,1.2305e-01
1.3700e+04,9.8960e-02,1.2221e+00,2.0000e+01,7.7747e-01,1.2307e-01
1.3710e+04,9.8815e-02,1.2220e+00,2.0000e+01,7.7759e-01,1.2310e-01
1.3720e+04,9.8670e-02,1.2219e+00,2.0000e+01,7.7771e-01,1.2312e-01
1.3730e+04,9.8526e-02,1.2218e+00,2.0000e+01,7.7783e-01,1.2315e-01
1.3740e+04,9.8381e-02,1.2217e+00,2.0000e+01,7.7795e-01,1.2317e-01
1.3750e+04,9.8237e-02,1.2215e+00,2.0000e+01,7.7807e-01,1.2320e-01
1.3760e+04,9.8093e-02,1.2214e+00,2.0000e+01,7.7819e-01,1.2322e-01
1.3770e+04,9.7950e-02,1.2213e+00,2.0000e+01,7.7831e-01,1.2325e-01
1.3780e+04,9.7806e-02,1.2212e+00,2.0000e+01,7.7842e-01,1.2327e-01
1.3790e+04,9.7663e-02,1.2211e+00,2.0000e+01,7.7854e-01,1.2329e-01
1.3800e+04,9.7520e-02,1.2209e+00,2.0000e+01,7.7866e-01,1.2332e-01
1.3810e+04,9.7377e-02,1.2208e+00,2.0000e+01,7.7878e-01,1.2334e-01
1.3820e+04,9.7234e-02,1.2207e+00,2.0000e+01,7.7890e-01,1.2337e-01
1.3830e+04,9.7092e-02,1.2206e+00,2.0000e+01,7.7902e-01,1.2339e-01
1.3840e+04,9.6950e-02,1.2205e+00,2.0000e+01,7.7914e-01,1.2342e-01
1.3850e+04,9.6808e-02,1.2204e+00,2.0000e+01,7.7925e-01,1.2344e-01
1.3860e+04,9.6666e-02,1.2202e+00,2.0000e+01,7.7937e-01,1.2346e-01
1.3870e+04,9.6524e-02,1.2201e+00,2.0000e+01,7.7949e-01,1.2349e-01
1.3880e+04,9.6383e-02,1.2200e+00,2.0000e+01,7.7961e-01,1.2351e-01
1.3890e+04,9.6242e-02,1.2199e+00,2.0000e+01,7.7972e-01,1.2354e-01
1.3900e+04,9.6101e-02,1.2198e+00,2.0000e+01,7.7984e-01,1.2356e-01
1.3910e+04,9.5960e-02,1.2197e+00,2.0000e+01,7.7996e-01,1.2358e-01
1.3920e+04,9.5820e-02,1.2195e+00,2.0000e+01,7.8007e-01,1.2361e-01
1.3930e+04,9.5680e-02,1.2194e+00,2.0000e+01,7.8019e-01,1.2363e-01
1.3940e+04,9.5540e-02,1.2193e+00,2.0000e+01,7.8031e-01,1.2365e-01
1.3950e+04,9.5400e-02,1.2192e+00,2.0000e+01,7.8042e-01,1.2368e-01
1.3960e+04,9.5260e-02,1.2191e+00,2.0000e+01,7.8054e-01,1.2370e-01
1.3970e+04,9.5121e-02,1.2190e+00,2.0000e+01,7.8065e-01,1.2373e-01
1.3980e+04,9.4982e-02,1.2188e+00,2.0000e+01,7.8077e-01,1.2375e-01
1.3990e+04,9.4843e-02,1.2187e+00,2.0000e+01,7.8088e-01,1.2377e-01
1.4000e+04,9.4704e-02,1.2186e+00,2.0000e+01,7.8100e-01,1.2380e-01
1.4010e+04,9.4566e-02,1.2185e+00,2.0000e+01,7.8111e-01,1.2382e-01
1.4020e+04,9.4428e-02,1.2184e+00,2.0000e+01,7.8123e-01,1.2384e-01
1.4030e+04,9.4289e-02,1.2183e+00,2.0000e+01,7.8134e-01,1.2387e-01
1.4040e+04,9.4152e-02,1.2182e+00,2.0000e+01,7.8146e-01,1.2389e-01
1.4050e+04,9.4014e-02,1.2180e+00,2.0000e+01,7.8157e-01,1.2391e-01
1.4060e+04,9.3877e-02,1.2179e+00,2.0000e+01,7.8169e-01,1.2394e-01
1.4070e+04,9.3739e-02,1.2178e+00,2.0000e+01,7.8180e-01,1.2396e-01
1.4080e+04,9.3602e-02,1.2177e+00,2.0000e+01,7.8191e-01,1.2398e-01
1.4090e+04,9.3466e-02,1.2176e+00,2.0000e+01,7.8203e-01,1.2401e-01
1.4100e+04,9.3329e-02,1.2175e+00,2.0000e+01,7.8214e-01,1.2403e-01
1.4110e+04,9.3193e-02,1.2174e+00,2.0000e+01,7.8225e-01,1.2405e-01
1.4120e+04,9.3056e-02,1.2172e+00,2.0000e+01,7.8237e-01,1.2408e-01
1.4130e+04,9.2920e-02,1.2171e+00,2.0000e+01,7.8248e-01,1.2410e-01
1.4140e+04,9.2785e-02,1.2170e+00,2.0000e+01,7.8259e-01,1.2412e-01
1.4150e+04,9.2649e-02,1.2169e+00,2.0000e+01,7.8270e-01,1.2415e-01
1.4160e+04,9.2514e-02,1.2168e+00,2.0000e+01,7.8282e-01,1.2417e-01
1.4170e+04,9.2379e-02,1.2167e+00,2.0000e+01,7.8293e-01,1.2419e-01
1.4180e+04,9.2244e-02,1.2166e+00,2.0000e+01,7.8304e-01,1.2422e-01
1.4190e+04,9.2109e-02,1.2165e+00,2.0000e+01,7.8315e-01,1.2424e-01
1.4200e+04,9.1975e-02,1.2163e+00,2.0000e+01,7.8326e-01,1.2426e-01
1.4210e+04,9.1840e-02,1.2162e+00,2.0000e+01,7.8338e-01,1.2428e-01
1.4220e+04,9.1706e-02,1.2161e+00,2.0000e+01,7.8349e-01,1.2431e-01
1.4230e+04,9.1572e-02,1.2160e+00,2.0000e+01,7.8360e-01,1.2433e-01
1.4240e+04,9.1439e-02,1.2159e+00,2.0000e+01,7.8371e-01,1.2435e-01
1.4250e+04,9.1305e-02,1.2158e+00,2.0000e+01,7.8382e-01,1.2438e-01
1.4260e+04,9.1172e-02,1.2157e+00,2.0000e+01,7.8393e-01,1.2440e-01
1.4270e+04,9.1039e-02,1.2156e+00,2.0000e+01,7.8404e-01,1.2442e-01
1.4280e+04,9.0906e-02,1.2155e+00,2.0000e+01,7.8415e-01,1.2444e-01
1.4290e+04,9.0773e-02,1.2153e+00,2.0000e+01,7.8426e-01,1.2447e-01
1.4300e+04,9.0641e-02,1.2152e+00,2.0000e+01,7.8437e-01,1.2449e-01
1.4310e+04,9.0509e-02,1.2151e+00,2.0000e+01,7.8448e-01,1.2451e-01
1.4320e+04,9.0376e-02,1.2150e+00,2.0000e+01,7.8459e-01,1.2453e-01
1.4330e+04,9.0245e-02,1.2149e+00,2.0000e+01,7.8470e-01,1.2456e-01
1.4340e+04,9.0113e-02,1.2148e+00,2.0000e+01,7.8481e-01,1.2458e-01
1.4350e+04,8.9982e-02,1.2147e+00,2.0000e+01,7.8492e-01,1.2460e-01
1.4360e+04,8.9850e-02,1.2146e+00,2.0000e+01,7.8503e-01,1.2462e-01
1.4370e+04,8.9719e-02,1.2145e+00,2.0000e+01,7.8513e-01,1.2465e-01
1.4380e+04,8.9588e-02,1.2144e+00,2.0000e+01,7.8524e-01,1.2467e-01
1.4390e+04,8.9458e-02,1.2143e+00,2.0000e+01,7.8535e-01,1.2469e-01
