t,[L2M],[D],[L],[L2MD],[L2Ms]
0.0000e+00,1.0000e+00,1.0000e+00,5.0000e+00,0.0000e+00,0.0000e+00
1.0000e+01,9.9313e-01,9.9608e-01,5.0020e+00,3.8948e-03,9.7560e-04
2.0000e+01,9.8826e-01,9.9218e-01,5.0020e+00,7.7864e-03,1.9542e-03
3.0000e+01,9.8343e-01,9.8832e-01,5.0020e+00,1.1644e-02,2.9281e-03
4.0000e+01,9.7864e-01,9.8449e-01,5.0020e+00,1.5468e-02,3.8972e-03
5.0000e+01,9.7388e-01,9.8069e-01,5.0020e+00,1.9259e-02,4.8617e-03
6.0000e+01,9.6917e-01,9.7692e-01,5.0020e+00,2.3016e-02,5.8215e-03
7.0000e+01,9.6449e-01,9.7319e-01,5.0020e+00,2.6742e-02,6.7767e-03
8.0000e+01,9.5984e-01,9.6949e-01,5.0020e+00,3.0436e-02,7.7273e-03
9.0000e+01,9.5523e-01,9.6582e-01,5.0020e+00,3.4097e-02,8.6734e-03
1.0000e+02,9.5066e-01,9.6218e-01,5.0020e+00,3.7728e-02,9.6149e-03
1.1000e+02,9.4612e-01,9.5857e-01,5.0020e+00,4.1328e-02,1.0552e-02
1.2000e+02,9.4162e-01,9.5500e-01,5.0020e+00,4.4898e-02,1.1485e-02
1.3000e+02,9.3715e-01,9.5145e-01,5.0020e+00,4.8437e-02,1.2413e-02
1.4000e+02,9.3272e-01,9.4794e-01,5.0020e+00,5.1947e-02,1.3337e-02
1.5000e+02,9.2832e-01,9.4445e-01,5.0020e+00,5.5427e-02,1.4256e-02
1.6000e+02,9.2396e-01,9.4099e-01,5.0020e+00,5.8878e-02,1.5172e-02
1.7000e+02,9.1962e-01,9.3756e-01,5.0020e+00,6.2301e-02,1.6083e-02
1.8000e+02,9.1532e-01,9.3416e-01,5.0020e+00,6.5695e-02,1.6989e-02
1.9000e+02,9.1105e-01,9.3079e-01,5.0020e+00,6.9061e-02,1.7892e-02
2.0000e+02,9.0681e-01,9.2744e-01,5.0020e+00,7.2400e-02,1.8790e-02
2.1000e+02,9.0261e-01,9.2412e-01,5.0020e+00,7.5711e-02,1.9684e-02
2.2000e+02,8.9844e-01,9.2083e-01,5.0020e+00,7.8995e-02,2.0574e-02
2.3000e+02,8.9429e-01,9.1757e-01,5.0020e+00,8.2253e-02,2.1460e-02
2.4000e+02,8.9018e-01,9.1433e-01,5.0020e+00,8.5484e-02,2.2342e-02
2.5000e+02,8.8610e-01,9.1112e-01,5.0020e+00,8.8689e-02,2.3220e-02
2.6000e+02,8.8204e-01,9.0794e-01,5.0020e+00,9.1869e-02,2.4094e-02
2.7000e+02,8.7802e-01,9.0478e-01,5.0020e+00,9.5022e-02,2.4964e-02
2.8000e+02,8.7402e-01,9.0164e-01,5.0020e+00,9.8151e-02,2.5830e-02
2.9000e+02,8.7006e-01,8.9853e-01,5.0020e+00,1.0125e-01,2.6692e-02
3.0000e+02,8.6612e-01,8.9545e-01,5.0020e+00,1.0433e-01,2.7550e-02
3.1000e+02,8.6221e-01,8.9238e-01,5.0020e+00,1.0739e-01,2.8404e-02
3.2000e+02,8.5833e-01,8.8935e-01,5.0020e+00,1.1042e-01,2.9255e-02
3.3000e+02,8.5448e-01,8.8633e-01,5.0020e+00,1.1343e-01,3.0101e-02
3.4000e+02,8.5065e-01,8.8335e-01,5.0020e+00,1.1641e-01,3.0944e-02
3.5000e+02,8.4685e-01,8.8038e-01,5.0020e+00,1.1937e-01,3.1784e-02
3.6000e+02,8.4308e-01,8.7744e-01,5.0020e+00,1.2231e-01,3.2619e-02
3.7000e+02,8.3933e-01,8.7452e-01,5.0020e+00,1.2522e-01,3.3451e-02
3.8000e+02,8.3561e-01,8.7162e-01,5.0020e+00,1.2811e-01,3.4279e-02
3.9000e+02,8.3192e-01,8.6874e-01,5.0020e+00,1.3098e-01,3.5103e-02
4.0000e+02,8.2825e-01,8.6589e-01,5.0020e+00,1.3383e-01,3.5924e-02
4.1000e+02,8.2461e-01,8.6306e-01,5.0020e+00,1.3666e-01,3.6741e-02
4.2000e+02,8.2099e-01,8.6025e-01,5.0020e+00,1.3946e-01,3.7555e-02
4.3000e+02,8.1740e-01,8.5746e-01,5.0020e+00,1.4224e-01,3.8365e-02
4.4000e+02,8.1383e-01,8.5469e-01,5.0020e+00,1.4501e-01,3.9171e-02
4.5000e+02,8.1028e-01,8.5195e-01,5.0020e+00,1.4775e-01,3.9974e-02
4.6000e+02,8.0676e-01,8.4922e-01,5.0020e+00,1.5047e-01,4.0774e-02
4.7000e+02,8.0327e-01,8.4652e-01,5.0020e+00,1.5317e-01,4.1570e-02
4.8000e+02,7.9979e-01,8.4383e-01,5.0020e+00,1.5585e-01,4.2363e-02
4.9000e+02,7.9635e-01,8.4117e-01,5.0020e+00,1.5851e-01,4.3152e-02
5.0000e+02,7.9292e-01,8.3852e-01,5.0020e+00,1.6115e-01,4.3938e-02
5.1000e+02,7.8952e-01,8.3589e-01,5.0020e+00,1.6377e-01,4.4721e-02
5.2000e+02,7.8614e-01,8.3329e-01,5.0020e+00,1.6637e-01,4.5500e-02
5.3000e+02,7.8278e-01,8.3070e-01,5.0020e+00,1.6895e-01,4.6276e-02
5.4000e+02,7.7944e-01,8.2813e-01,5.0020e+00,1.7151e-01,4.7048e-02
5.5000e+02,7.7613e-01,8.2558e-01,5.0020e+00,1.7406e-01,4.7818e-02
5.6000e+02,7.7284e-01,8.2305e-01,5.0020e+00,1.7658e-01,4.8584e-02
5.7000e+02,7.6957e-01,8.2054e-01,5.0020e+00,1.7909e-01,4.9347e-02
5.8000e+02,7.6632e-01,8.1804e-01,5.0020e+00,1.8158e-01,5.0106e-02
5.9000e+02,7.6309e-01,8.1557e-01,5.0020e+00,1.8405e-01,5.0863e-02
6.0000e+02,7.5988e-01,8.1311e-01,5.0020e+00,1.8651e-01,5.1616e-02
6.1000e+02,7.5670e-01,8.1067e-01,5.0020e+00,1.8894e-01,5.2366e-02
6.2000e+02,7.5353e-01,8.0825e-01,5.0020e+00,1.9136e-01,5.3113e-02
6.3000e+02,7.5038e-01,8.0584e-01,5.0020e+00,1.9376e-01,5.3857e-02
6.4000e+02,7.4726e-01,8.0345e-01,5.0020e+00,1.9615e-01,5.4598e-02
6.5000e+02,7.4415e-01,8.0108e-01,5.0020e+00,1.9852e-01,5.5335e-02
6.6000e+02,7.4107e-01,7.9872e-01,5.0020e+00,2.0087e-01,5.6070e-02
6.7000e+02,7.3800e-01,7.9638e-01,5.0020e+00,2.0320e-01,5.6802e-02
6.8000e+02,7.3496e-01,7.9406e-01,5.0020e+00,2.0552e-01,5.7530e-02
6.9000e+02,7.3193e-01,7.9176e-01,5.0020e+00,2.0782e-01,5.8256e-02
7.0000e+02,7.2892e-01,7.8947e-01,5.0020e+00,2.1011e-01,5.8979e-02
7.1000e+02,7.2593e-01,7.8719e-01,5.0020e+00,2.1237e-01,5.9699e-02
7.2000e+02,7.2296e-01,7.8493e-01,5.0020e+00,2.1463e-01,6.0415e-02
7.3000e+02,7.2001e-01,7.8269e-01,5.0020e+00,2.1687e-01,6.1129e-02
7.4000e+02,7.1708e-01,7.8046e-01,5.0020e+00,2.1909e-01,6.1840e-02
7.5000e+02,7.1416e-01,7.7825e-01,5.0020e+00,2.2130e-01,6.2548e-02
7.6000e+02,7.1126e-01,7.7606e-01,5.0020e+00,2.2349e-01,6.3254e-02
7.7000e+02,7.0838e-01,7.7387e-01,5.0020e+00,2.2567e-01,6.3956e-02
7.8000e+02,7.0552e-01,7.7171e-01,5.0020e+00,2.2783e-01,6.4656e-02
7.9000e+02,7.0268e-01,7.6955e-01,5.0020e+00,2.2998e-01,6.5352e-02
8.0000e+02,6.9985e-01,7.6742e-01,5.0020e+00,2.3211e-01,6.6046e-02
8.1000e+02,6.9704e-01,7.6529e-01,5.0020e+00,2.3423e-01,6.6737e-02
8.2000e+02,6.9425e-01,7.6319e-01,5.0020e+00,2.3633e-01,6.7426e-02
8.3000e+02,6.9147e-01,7.6109e-01,5.0020e+00,2.3842e-01,6.8111e-02
8.4000e+02,6.8871e-01,7.5901e-01,5.0020e+00,2.4050e-01,6.8794e-02
8.5000e+02,6.8597e-01,7.5694e-01,5.0020e+00,2.4256e-01,6.9475e-02
8.6000e+02,6.8324e-01,7.5489e-01,5.0020e+00,2.4461e-01,7.0152e-02
8.7000e+02,6.8053e-01,7.5285e-01,5.0020e+00,2.4665e-01,7.0827e-02
8.8000e+02,6.7784e-01,7.5083e-01,5.0020e+00,2.4867e-01,7.1499e-02
8.9000e+02,6.7516e-01,7.4881e-01,5.0020e+00,2.5068e-01,7.2169e-02
9.0000e+02,6.7250e-01,7.4682e-01,5.0020e+00,2.5267e-01,7.2836e-02
9.1000e+02,6.6985e-01,7.4483e-01,5.0020e+00,2.5465e-01,7.3500e-02
9.2000e+02,6.6722e-01,7.4286e-01,5.0020e+00,2.5662e-01,7.4162e-02
9.3000e+02,6.6461e-01,7.4090e-01,5.0020e+00,2.5858e-01,7.4821e-02
9.4000e+02,6.6201e-01,7.3895e-01,5.0020e+00,2.6052e-01,7.5477e-02
9.5000e+02,6.5942e-01,7.3702e-01,5.0020e+00,2.6245e-01,7.6131e-02
9.6000e+02,6.5685e-01,7.3509e-01,5.0020e+00,2.6437e-01,7.6783e-02
9.7000e+02,6.5430e-01,7.3319e-01,5.0020e+00,2.6627e-01,7.7432e-02
9.8000e+02,6.5176e-01,7.3129e-01,5.0020e+00,2.6817e-01,7.8078e-02
9.9000e+02,6.4923e-01,7.2940e-01,5.0020e+00,2.7005e-01,7.8722e-02
1.0000e+03,6.4672e-01,7.2753e-01,5.0020e+00,2.7192e-01,7.9363e-02
1.0100e+03,6.4423e-01,7.2567e-01,5.0020e+00,2.7378e-01,8.0002e-02
1.0200e+03,6.4175e-01,7.2382e-01,5.0020e+00,2.7562e-01,8.0639e-02
1.0300e+03,6.3928e-01,7.2198e-01,5.0020e+00,2.7745e-01,8.1273e-02
1.0400e+03,6.3682e-01,7.2016e-01,5.0020e+00,2.7928e-01,8.1905e-02
1.0500e+03,6.3438e-01,7.1834e-01,5.0020e+00,2.8109e-01,8.2534e-02
1.0600e+03,6.3196e-01,7.1654e-01,5.0020e+00,2.8289e-01,8.3161e-02
1.0700e+03,6.2955e-01,7.1475e-01,5.0020e+00,2.8467e-01,8.3785e-02
1.0800e+03,6.2715e-01,7.1297e-01,5.0020e+00,2.8645e-01,8.4407e-02
1.0900e+03,6.2476e-01,7.1120e-01,5.0020e+00,2.8821e-01,8.5027e-02
1.1000e+03,6.2239e-01,7.0944e-01,5.0020e+00,2.8997e-01,8.5644e-02
1.1100e+03,6.2003e-01,7.0770e-01,5.0020e+00,2.9171e-01,8.6259e-02
1.1200e+03,6.1769e-01,7.0596e-01,5.0020e+00,2.9344e-01,8.6872e-02
1.1300e+03,6.1536e-01,7.0424e-01,5.0020e+00,2.9517e-01,8.7482e-02
1.1400e+03,6.1304e-01,7.0252e-01,5.0020e+00,2.9688e-01,8.8091e-02
1.1500e+03,6.1073e-01,7.0082e-01,5.0020e+00,2.9858e-01,8.8696e-02
1.1600e+03,6.0844e-01,6.9913e-01,5.0020e+00,3.0027e-01,8.9300e-02
1.1700e+03,6.0616e-01,6.9744e-01,5.0020e+00,3.0195e-01,8.9901e-02
1.1800e+03,6.0389e-01,6.9577e-01,5.0020e+00,3.0362e-01,9.0500e-02
1.1900e+03,6.0163e-01,6.9411e-01,5.0020e+00,3.0527e-01,9.1097e-02
1.2000e+03,5.9939e-01,6.9246e-01,5.0020e+00,3.0692e-01,9.1692e-02
1.2100e+03,5.9716e-01,6.9081e-01,5.0020e+00,3.0856e-01,9.2284e-02
1.2200e+03,5.9494e-01,6.8918e-01,5.0020e+00,3.1019e-01,9.2874e-02
1.2300e+03,5.9273e-01,6.8756e-01,5.0020e+00,3.1181e-01,9.3462e-02
1.2400e+03,5.9054e-01,6.8595e-01,5.0020e+00,3.1342e-01,9.4048e-02
1.2500e+03,5.8835e-01,6.8434e-01,5.0020e+00,3.1502e-01,9.4632e-02
1.2600e+03,5.8618e-01,6.8275e-01,5.0020e+00,3.1661e-01,9.5213e-02
1.2700e+03,5.8402e-01,6.8117e-01,5.0020e+00,3.1819e-01,9.5793e-02
1.2800e+03,5.8187e-01,6.7959e-01,5.0020e+00,3.1976e-01,9.6370e-02
1.2900e+03,5.7974e-01,6.7803e-01,5.0020e+00,3.2132e-01,9.6945e-02
1.3000e+03,5.7761e-01,6.7647e-01,5.0020e+00,3.2288e-01,9.7518e-02
1.3100e+03,5.7550e-01,6.7493e-01,5.0020e+00,3.2442e-01,9.8089e-02
1.3200e+03,5.7339e-01,6.7339e-01,5.0020e+00,3.2595e-01,9.8658e-02
1.3300e+03,5.7130e-01,6.7186e-01,5.0020e+00,3.2748e-01,9.9225e-02
1.3400e+03,5.6922e-01,6.7034e-01,5.0020e+00,3.2899e-01,9.9790e-02
1.3500e+03,5.6715e-01,6.6883e-01,5.0020e+00,3.3050e-01,1.0035e-01
1.3600e+03,5.6509e-01,6.6733e-01,5.0020e+00,3.3200e-01,1.0091e-01
1.3700e+03,5.6304e-01,6.6584e-01,5.0020e+00,3.3349e-01,1.0147e-01
1.3800e+03,5.6101e-01,6.6435e-01,5.0020e+00,3.3497e-01,1.0203e-01
1.3900e+03,5.5898e-01,6.6288e-01,5.0020e+00,3.3644e-01,1.0258e-01
1.4000e+03,5.5696e-01,6.6141e-01,5.0020e+00,3.3791e-01,1.0314e-01
1.4100e+03,5.5496e-01,6.5996e-01,5.0020e+00,3.3936e-01,1.0369e-01
1.4200e+03,5.5296e-01,6.5851e-01,5.0020e+00,3.4081e-01,1.0423e-01
1.4300e+03,5.5098e-01,6.5706e-01,5.0020e+00,3.4225e-01,1.0478e-01
1.4400e+03,5.4900e-01,6.5563e-01,5.0020e+00,3.4368e-01,1.0533e-01
1.4500e+03,5.4704e-01,6.5421e-01,5.0020e+00,3.4510e-01,1.0587e-01
1.4600e+03,5.4508e-01,6.5279e-01,5.0020e+00,3.4651e-01,1.0641e-01
1.4700e+03,5.4314e-01,6.5138e-01,5.0020e+00,3.4792e-01,1.0695e-01
1.4800e+03,5.4120e-01,6.4998e-01,5.0020e+00,3.4932e-01,1.0749e-01
1.4900e+03,5.3928e-01,6.4859e-01,5.0020e+00,3.5071e-01,1.0802e-01
1.5000e+03,5.3736e-01,6.4720e-01,5.0020e+00,3.5209e-01,1.0855e-01
1.5100e+03,5.3546e-01,6.4583e-01,5.0020e+00,3.5346e-01,1.0909e-01
1.5200e+03,5.3356e-01,6.4446e-01,5.0020e+00,3.5483e-01,1.0962e-01
1.5300e+03,5.3168e-01,6.4310e-01,5.0020e+00,3.5619e-01,1.1014e-01
1.5400e+03,5.2980e-01,6.4174e-01,5.0020e+00,3.5754e-01,1.1067e-01
1.5500e+03,5.2793e-01,6.4040e-01,5.0020e+00,3.5888e-01,1.1119e-01
1.5600e+03,5.2607e-01,6.3906e-01,5.0020e+00,3.6022e-01,1.1171e-01
1.5700e+03,5.2423e-01,6.3773e-01,5.0020e+00,3.6154e-01,1.1223e-01
1.5800e+03,5.2239e-01,6.3640e-01,5.0020e+00,3.6287e-01,1.1275e-01
1.5900e+03,5.2056e-01,6.3509e-01,5.0020e+00,3.6418e-01,1.1327e-01
1.6000e+03,5.1873e-01,6.3378e-01,5.0020e+00,3.6549e-01,1.1378e-01
1.6100e+03,5.1692e-01,6.3248e-01,5.0020e+00,3.6678e-01,1.1430e-01
1.6200e+03,5.1512e-01,6.3118e-01,5.0020e+00,3.6808e-01,1.1481e-01
1.6300e+03,5.1333e-01,6.2989e-01,5.0020e+00,3.6936e-01,1.1532e-01
1.6400e+03,5.1154e-01,6.2861e-01,5.0020e+00,3.7064e-01,1.1583e-01
1.6500e+03,5.0976e-01,6.2734e-01,5.0020e+00,3.7191e-01,1.1633e-01
1.6600e+03,5.0800e-01,6.2607e-01,5.0020e+00,3.7317e-01,1.1684e-01
1.6700e+03,5.0624e-01,6.2482e-01,5.0020e+00,3.7443e-01,1.1734e-01
1.6800e+03,5.0449e-01,6.2356e-01,5.0020e+00,3.7568e-01,1.1784e-01
1.6900e+03,5.0274e-01,6.2232e-01,5.0020e+00,3.7692e-01,1.1834e-01
1.7000e+03,5.0101e-01,6.2108e-01,5.0020e+00,3.7816e-01,1.1883e-01
1.7100e+03,4.9928e-01,6.1985e-01,5.0020e+00,3.7939e-01,1.1933e-01
1.7200e+03,4.9757e-01,6.1862e-01,5.0020e+00,3.8061e-01,1.1982e-01
1.7300e+03,4.9586e-01,6.1740e-01,5.0020e+00,3.8183e-01,1.2032e-01
1.7400e+03,4.9416e-01,6.1619e-01,5.0020e+00,3.8304e-01,1.2081e-01
1.7500e+03,4.9247e-01,6.1498e-01,5.0020e+00,3.8424e-01,1.2130e-01
1.7600e+03,4.9078e-01,6.1378e-01,5.0020e+00,3.8544e-01,1.2178e-01
1.7700e+03,4.8911e-01,6.1259e-01,5.0020e+00,3.8663e-01,1.2227e-01
1.7800e+03,4.8744e-01,6.1140e-01,5.0020e+00,3.8782e-01,1.2275e-01
1.7900e+03,4.8578e-01,6.1022e-01,5.0020e+00,3.8899e-01,1.2323e-01
1.8000e+03,4.8413e-01,6.0905e-01,5.0020e+00,3.9017e-01,1.2371e-01
1.8100e+03,4.8248e-01,6.0788e-01,5.0020e+00,3.9133e-01,1.2419e-01
1.8200e+03,4.8084e-01,6.0672e-01,5.0020e+00,3.9249e-01,1.2467e-01
1.8300e+03,4.7922e-01,6.0556e-01,5.0020e+00,3.9364e-01,1.2515e-01
1.8400e+03,4.7759e-01,6.0442e-01,5.0020e+00,3.9479e-01,1.2562e-01
1.8500e+03,4.7598e-01,6.0327e-01,5.0020e+00,3.9593e-01,1.2609e-01
1.8600e+03,4.7437e-01,6.0213e-01,5.0020e+00,3.9707e-01,1.2656e-01
1.8700e+03,4.7278e-01,6.0100e-01,5.0020e+00,3.9820e-01,1.2703e-01
1.8800e+03,4.7119e-01,5.9988e-01,5.0020e+00,3.9932e-01,1.2750e-01
1.8900e+03,4.6960e-01,5.9876e-01,5.0020e+00,4.0044e-01,1.2797e-01
1.9000e+03,4.6803e-01,5.9764e-01,5.0020e+00,4.0155e-01,1.2843e-01
1.9100e+03,4.6646e-01,5.9654e-01,5.0020e+00,4.0265e-01,1.2889e-01
1.9200e+03,4.6490e-01,5.9543e-01,5.0020e+00,4.0375e-01,1.2936e-01
1.9300e+03,4.6334e-01,5.9434e-01,5.0020e+00,4.0485e-01,1.2982e-01
1.9400e+03,4.6179e-01,5.9325e-01,5.0020e+00,4.0594e-01,1.3027e-01
1.9500e+03,4.6025e-01,5.9216e-01,5.0020e+00,4.0702e-01,1.3073e-01
1.9600e+03,4.5872e-01,5.9108e-01,5.0020e+00,4.0810e-01,1.3119e-01
1.9700e+03,4.5719e-01,5.9001e-01,5.0020e+00,4.0917e-01,1.3164e-01
1.9800e+03,4.5568e-01,5.8894e-01,5.0020e+00,4.1024e-01,1.3209e-01
1.9900e+03,4.5416e-01,5.8788e-01,5.0020e+00,4.1130e-01,1.3254e-01
2.0000e+03,4.5266e-01,5.8682e-01,5.0020e+00,4.1235e-01,1.3299e-01
2.0100e+03,4.5116e-01,5.8577e-01,5.0020e+00,4.1340e-01,1.3344e-01
2.0200e+03,4.4967e-01,5.8472e-01,5.0020e+00,4.1445e-01,1.3389e-01
2.0300e+03,4.4819e-01,5.8368e-01,5.0020e+00,4.1549e-01,1.3433e-01
2.0400e+03,4.4671e-01,5.8264e-01,5.0020e+00,4.1652e-01,1.3477e-01
2.0500e+03,4.4524e-01,5.8161e-01,5.0020e+00,4.1755e-01,1.3522e-01
2.0600e+03,4.4377e-01,5.8058e-01,5.0020e+00,4.1858e-01,1.3566e-01
2.0700e+03,4.4231e-01,5.7956e-01,5.0020e+00,4.1959e-01,1.3610e-01
2.0800e+03,4.4086e-01,5.7855e-01,5.0020e+00,4.2061e-01,1.3653e-01
2.0900e+03,4.3942e-01,5.7754e-01,5.0020e+00,4.2162e-01,1.3697e-01
2.1000e+03,4.3798e-01,5.7653e-01,5.0020e+00,4.2262e-01,1.3741e-01
2.1100e+03,4.3655e-01,5.7553e-01,5.0020e+00,4.2362e-01,1.3784e-01
2.1200e+03,4.3512e-01,5.7453e-01,5.0020e+00,4.2461e-01,1.3827e-01
2.1300e+03,4.3370e-01,5.7354e-01,5.0020e+00,4.2560e-01,1.3870e-01
2.1400e+03,4.3229e-01,5.7256e-01,5.0020e+00,4.2658e-01,1.3913e-01
2.1500e+03,4.3088e-01,5.7158e-01,5.0020e+00,4.2756e-01,1.3956e-01
2.1600e+03,4.2948e-01,5.7060e-01,5.0020e+00,4.2854e-01,1.3998e-01
2.1700e+03,4.2809e-01,5.6963e-01,5.0020e+00,4.2951e-01,1.4041e-01
2.1800e+03,4.2670e-01,5.6866e-01,5.0020e+00,4.3047e-01,1.4083e-01
2.1900e+03,4.2532e-01,5.6770e-01,5.0020e+00,4.3143e-01,1.4125e-01
2.2000e+03,4.2394e-01,5.6675e-01,5.0020e+00,4.3239e-01,1.4168e-01
2.2100e+03,4.2257e-01,5.6579e-01,5.0020e+00,4.3334e-01,1.4210e-01
2.2200e+03,4.2121e-01,5.6485e-01,5.0020e+00,4.3428e-01,1.4251e-01
2.2300e+03,4.1985e-01,5.6390e-01,5.0020e+00,4.3522e-01,1.4293e-01
2.2400e+03,4.1850e-01,5.6297e-01,5.0020e+00,4.3616e-01,1.4335e-01
2.2500e+03,4.1715e-01,5.6203e-01,5.0020e+00,4.3709e-01,1.4376e-01
2.2600e+03,4.1581e-01,5.6110e-01,5.0020e+00,4.3802e-01,1.4417e-01
2.2700e+03,4.1448e-01,5.6018e-01,5.0020e+00,4.3894e-01,1.4458e-01
2.2800e+03,4.1315e-01,5.5926e-01,5.0020e+00,4.3986e-01,1.4499e-01
2.2900e+03,4.1183e-01,5.5834e-01,5.0020e+00,4.4077e-01,1.4540e-01
2.3000e+03,4.1051e-01,5.5743e-01,5.0020e+00,4.4168e-01,1.4581e-01
2.3100e+03,4.0920e-01,5.5652e-01,5.0020e+00,4.4259e-01,1.4622e-01
2.3200e+03,4.0789e-01,5.5562e-01,5.0020e+00,4.4349e-01,1.4662e-01
2.3300e+03,4.0659e-01,5.5472e-01,5.0020e+00,4.4438e-01,1.4703e-01
2.3400e+03,4.0530e-01,5.5383e-01,5.0020e+00,4.4528e-01,1.4743e-01
2.3500e+03,4.0401e-01,5.5294e-01,5.0020e+00,4.4617e-01,1.4783e-01
2.3600e+03,4.0273e-01,5.5205e-01,5.0020e+00,4.4705e-01,1.4823e-01
2.3700e+03,4.0145e-01,5.5117e-01,5.0020e+00,4.4793e-01,1.4863e-01
2.3800e+03,4.0018e-01,5.5030e-01,5.0020e+00,4.4880e-01,1.4903e-01
2.3900e+03,3.9891e-01,5.4942e-01,5.0020e+00,4.4967e-01,1.4942e-01
2.4000e+03,3.9765e-01,5.4855e-01,5.0020e+00,4.5054e-01,1.4982e-01
2.4100e+03,3.9639e-01,5.4769e-01,5.0020e+00,4.5140e-01,1.5021e-01
2.4200e+03,3.9514e-01,5.4683e-01,5.0020e+00,4.5226e-01,1.5060e-01
2.4300e+03,3.9389e-01,5.4597e-01,5.0020e+00,4.5312e-01,1.5099e-01
2.4400e+03,3.9265e-01,5.4512e-01,5.0020e+00,4.5397e-01,1.5138e-01
2.4500e+03,3.9142e-01,5.4427e-01,5.0020e+00,4.5482e-01,1.5177e-01
2.4600e+03,3.9019e-01,5.4343e-01,5.0020e+00,4.5566e-01,1.5216e-01
2.4700e+03,3.8896e-01,5.4259e-01,5.0020e+00,4.5650e-01,1.5255e-01
2.4800e+03,3.8774e-01,5.4175e-01,5.0020e+00,4.5733e-01,1.5293e-01
2.4900e+03,3.8653e-01,5.4092e-01,5.0020e+00,4.5816e-01,1.5331e-01
2.5000e+03,3.8532e-01,5.4009e-01,5.0020e+00,4.5899e-01,1.5370e-01
2.5100e+03,3.8411e-01,5.3926e-01,5.0020e+00,4.5981e-01,1.5408e-01
2.5200e+03,3.8291e-01,5.3844e-01,5.0020e+00,4.6063e-01,1.5446e-01
2.5300e+03,3.8172e-01,5.3763e-01,5.0020e+00,4.6145e-01,1.5484e-01
2.5400e+03,3.8053e-01,5.3681e-01,5.0020e+00,4.6226e-01,1.5521e-01
2.5500e+03,3.7934e-01,5.3600e-01,5.0020e+00,4.6307e-01,1.5559e-01
2.5600e+03,3.7816e-01,5.3520e-01,5.0020e+00,4.6387e-01,1.5597e-01
2.5700e+03,3.7699e-01,5.3439e-01,5.0020e+00,4.6467e-01,1.5634e-01
2.5800e+03,3.7582e-01,5.3359e-01,5.0020e+00,4.6547e-01,1.5671e-01
2.5900e+03,3.7465e-01,5.3280e-01,5.0020e+00,4.6626e-01,1.5709e-01
2.6000e+03,3.7349e-01,5.3201e-01,5.0020e+00,4.6705e-01,1.5746e-01
2.6100e+03,3.7234e-01,5.3122e-01,5.0020e+00,4.6784e-01,1.5783e-01
2.6200e+03,3.7119e-01,5.3044e-01,5.0020e+00,4.6862e-01,1.5820e-01
2.6300e+03,3.7004e-01,5.2966e-01,5.0020e+00,4.6940e-01,1.5856e-01
2.6400e+03,3.6890e-01,5.2888e-01,5.0020e+00,4.7018e-01,1.5893e-01
2.6500e+03,3.6776e-01,5.2811e-01,5.0020e+00,4.7095e-01,1.5929e-01
2.6600e+03,3.6663e-01,5.2734e-01,5.0020e+00,4.7172e-01,1.5966e-01
2.6700e+03,3.6550e-01,5.2657e-01,5.0020e+00,4.7248e-01,1.6002e-01
2.6800e+03,3.6438e-01,5.2581e-01,5.0020e+00,4.7325e-01,1.6038e-01
2.6900e+03,3.6326e-01,5.2505e-01,5.0020e+00,4.7400e-01,1.6074e-01
2.7000e+03,3.6214e-01,5.2429e-01,5.0020e+00,4.7476e-01,1.6110e-01
2.7100e+03,3.6103e-01,5.2354e-01,5.0020e+00,4.7551e-01,1.6146e-01
2.7200e+03,3.5993e-01,5.2279e-01,5.0020e+00,4.7626e-01,1.6182e-01
2.7300e+03,3.5883e-01,5.2204e-01,5.0020e+00,4.7700e-01,1.6218e-01
2.7400e+03,3.5773e-01,5.2130e-01,5.0020e+00,4.7774e-01,1.6253e-01
2.7500e+03,3.5664e-01,5.2056e-01,5.0020e+00,4.7848e-01,1.6289e-01
2.7600e+03,3.5555e-01,5.1982e-01,5.0020e+00,4.7922e-01,1.6324e-01
2.7700e+03,3.5447e-01,5.1909e-01,5.0020e+00,4.7995e-01,1.6359e-01
2.7800e+03,3.5339e-01,5.1836e-01,5.0020e+00,4.8068e-01,1.6394e-01
2.7900e+03,3.5231e-01,5.1763e-01,5.0020e+00,4.8140e-01,1.6429e-01
2.8000e+03,3.5124e-01,5.1691e-01,5.0020e+00,4.8212e-01,1.6464e-01
2.8100e+03,3.5018e-01,5.1619e-01,5.0020e+00,4.8284e-01,1.6499e-01
2.8200e+03,3.4911e-01,5.1547e-01,5.0020e+00,4.8356e-01,1.6533e-01
2.8300e+03,3.4806e-01,5.1476e-01,5.0020e+00,4.8427e-01,1.6568e-01
2.8400e+03,3.4700e-01,5.1405e-01,5.0020e+00,4.8498e-01,1.6602e-01
2.8500e+03,3.4595e-01,5.1334e-01,5.0020e+00,4.8568e-01,1.6637e-01
2.8600e+03,3.4491e-01,5.1264e-01,5.0020e+00,4.8639e-01,1.6671e-01
2.8700e+03,3.4387e-01,5.1194e-01,5.0020e+00,4.8709e-01,1.6705e-01
2.8800e+03,3.4283e-01,5.1124e-01,5.0020e+00,4.8778e-01,1.6739e-01
2.8900e+03,3.4180e-01,5.1054e-01,5.0020e+00,4.8848e-01,1.6773e-01
2.9000e+03,3.4077e-01,5.0985e-01,5.0020e+00,4.8917e-01,1.6807e-01
2.9100e+03,3.3974e-01,5.0916e-01,5.0020e+00,4.8985e-01,1.6841e-01
2.9200e+03,3.3872e-01,5.0848e-01,5.0020e+00,4.9054e-01,1.6874e-01
2.9300e+03,3.3770e-01,5.0779e-01,5.0020e+00,4.9122e-01,1.6908e-01
2.9400e+03,3.3669e-01,5.0711e-01,5.0020e+00,4.9190e-01,1.6941e-01
2.9500e+03,3.3568e-01,5.0644e-01,5.0020e+00,4.9258e-01,1.6975e-01
2.9600e+03,3.3468e-01,5.0576e-01,5.0020e+00,4.9325e-01,1.7008e-01
2.9700e+03,3.3368e-01,5.0509e-01,5.0020e+00,4.9392e-01,1.7041e-01
2.9800e+03,3.3268e-01,5.0442e-01,5.0020e+00,4.9458e-01,1.7074e-01
2.9900e+03,3.3168e-01,5.0376e-01,5.0020e+00,4.9525e-01,1.7107e-01
3.0000e+03,3.3069e-01,5.0310e-01,5.0020e+00,4.9591e-01,1.7140e-01
3.0100e+03,3.2971e-01,5.0244e-01,5.0020e+00,4.9657e-01,1.7173e-01
3.0200e+03,3.2873e-01,5.0178e-01,5.0020e+00,4.9722e-01,1.7205e-01
3.0300e+03,3.2775e-01,5.0112e-01,5.0020e+00,4.9788e-01,1.7238e-01
3.0400e+03,3.2677e-01,5.0047e-01,5.0020e+00,4.9853e-01,1.7270e-01
3.0500e+03,3.2580e-01,4.9982e-01,5.0020e+00,4.9918e-01,1.7303e-01
3.0600e+03,3.2484e-01,4.9918e-01,5.0020e+00,4.9982e-01,1.7335e-01
3.0700e+03,3.2387e-01,4.9854e-01,5.0020e+00,5.0046e-01,1.7367e-01
3.0800e+03,3.2291e-01,4.9789e-01,5.0020e+00,5.0110e-01,1.7399e-01
3.0900e+03,3.2196e-01,4.9726e-01,5.0020e+00,5.0174e-01,1.7431e-01
3.1000e+03,3.2100e-01,4.9662e-01,5.0020e+00,5.0237e-01,1.7463e-01
3.1100e+03,3.2005e-01,4.9599e-01,5.0020e+00,5.0300e-01,1.7495e-01
3.1200e+03,3.1911e-01,4.9536e-01,5.0020e+00,5.0363e-01,1.7527e-01
3.1300e+03,3.1817e-01,4.9473e-01,5.0020e+00,5.0426e-01,1.7558e-01
3.1400e+03,3.1723e-01,4.9411e-01,5.0020e+00,5.0488e-01,1.7590e-01
3.1500e+03,3.1629e-01,4.9349e-01,5.0020e+00,5.0550e-01,1.7621e-01
3.1600e+03,3.1536e-01,4.9287e-01,5.0020e+00,5.0612e-01,1.7652e-01
3.1700e+03,3.1444e-01,4.9225e-01,5.0020e+00,5.0673e-01,1.7684e-01
3.1800e+03,3.1351e-01,4.9164e-01,5.0020e+00,5.0735e-01,1.7715e-01
3.1900e+03,3.1259e-01,4.9103e-01,5.0020e+00,5.0796e-01,1.7746e-01
3.2000e+03,3.1167e-01,4.9042e-01,5.0020e+00,5.0856e-01,1.7777e-01
3.2100e+03,3.1076e-01,4.8981e-01,5.0020e+00,5.0917e-01,1.7808e-01
3.2200e+03,3.0985e-01,4.8921e-01,5.0020e+00,5.0977e-01,1.7838e-01
3.2300e+03,3.0894e-01,4.8861e-01,5.0020e+00,5.1037e-01,1.7869e-01
3.2400e+03,3.0804e-01,4.8801e-01,5.0020e+00,5.1097e-01,1.7900e-01
3.2500e+03,3.0714e-01,4.8741e-01,5.0020e+00,5.1156e-01,1.7930e-01
3.2600e+03,3.0624e-01,4.8682e-01,5.0020e+00,5.1216e-01,1.7961e-01
3.2700e+03,3.0535e-01,4.8623e-01,5.0020e+00,5.1275e-01,1.7991e-01
3.2800e+03,3.0446e-01,4.8564e-01,5.0020e+00,5.1333e-01,1.8021e-01
3.2900e+03,3.0357e-01,4.8505e-01,5.0020e+00,5.1392e-01,1.8051e-01
3.3000e+03,3.0269e-01,4.8447e-01,5.0020e+00,5.1450e-01,1.8081e-01
3.3100e+03,3.0181e-01,4.8388e-01,5.0020e+00,5.1508e-01,1.8111e-01
3.3200e+03,3.0093e-01,4.8331e-01,5.0020e+00,5.1566e-01,1.8141e-01
3.3300e+03,3.0006e-01,4.8273e-01,5.0020e+00,5.1624e-01,1.8171e-01
3.3400e+03,2.9919e-01,4.8215e-01,5.0020e+00,5.1681e-01,1.8201e-01
3.3500e+03,2.9832e-01,4.8158e-01,5.0020e+00,5.1738e-01,1.8230e-01
3.3600e+03,2.9745e-01,4.8101e-01,5.0020e+00,5.1795e-01,1.8260e-01
3.3700e+03,2.9659e-01,4.8044e-01,5.0020e+00,5.1852e-01,1.8289e-01
3.3800e+03,2.9574e-01,4.7988e-01,5.0020e+00,5.1908e-01,1.8319e-01
3.3900e+03,2.9488e-01,4.7932e-01,5.0020e+00,5.1964e-01,1.8348e-01
3.4000e+03,2.9403e-01,4.7875e-01,5.0020e+00,5.2020e-01,1.8377e-01
3.4100e+03,2.9318e-01,4.7820e-01,5.0020e+00,5.2076e-01,1.8406e-01
3.4200e+03,2.9233e-01,4.7764e-01,5.0020e+00,5.2132e-01,1.8435e-01
3.4300e+03,2.9149e-01,4.7709e-01,5.0020e+00,5.2187e-01,1.8464e-01
3.4400e+03,2.9065e-01,4.7653e-01,5.0020e+00,5.2242e-01,1.8493e-01
3.4500e+03,2.8982e-01,4.7598e-01,5.0020e+00,5.2297e-01,1.8522e-01
3.4600e+03,2.8898e-01,4.7544e-01,5.0020e+00,5.2351e-01,1.8551e-01
3.4700e+03,2.8815e-01,4.7489e-01,5.0020e+00,5.2406e-01,1.8579e-01
3.4800e+03,2.8733e-01,4.7435e-01,5.0020e+00,5.2460e-01,1.8608e-01
3.4900e+03,2.8650e-01,4.7381e-01,5.0020e+00,5.2514e-01,1.8636e-01
3.5000e+03,2.8568e-01,4.7327e-01,5.0020e+00,5.2568e-01,1.8665e-01
3.5100e+03,2.8486e-01,4.7273e-01,5.0020e+00,5.2621e-01,1.8693e-01
3.5200e+03,2.8405e-01,4.7220e-01,5.0020e+00,5.2675e-01,1.8721e-01
3.5300e+03,2.8323e-01,4.7167e-01,5.0020e+00,5.2728e-01,1.8749e-01
3.5400e+03,2.8242e-01,4.7114e-01,5.0020e+00,5.2781e-01,1.8777e-01
3.5500e+03,2.8162e-01,4.7061e-01,5.0020e+00,5.2833e-01,1.8805e-01
3.5600e+03,2.8081e-01,4.7008e-01,5.0020e+00,5.2886e-01,1.8833e-01
3.5700e+03,2.8001e-01,4.6956e-01,5.0020e+00,5.2938e-01,1.8861e-01
3.5800e+03,2.7922e-01,4.6904e-01,5.0020e+00,5.2990e-01,1.8889e-01
3.5900e+03,2.7842e-01,4.6852e-01,5.0020e+00,5.3042e-01,1.8917e-01
3.6000e+03,2.7763e-01,4.6800e-01,5.0020e+00,5.3094e-01,1.8944e-01
3.6100e+03,2.7684e-01,4.6749e-01,5.0020e+00,5.3145e-01,1.8972e-01
3.6200e+03,2.7605e-01,4.6697e-01,5.0020e+00,5.3196e-01,1.8999e-01
3.6300e+03,2.7527e-01,4.6646e-01,5.0020e+00,5.3247e-01,1.9026e-01
3.6400e+03,2.7449e-01,4.6595e-01,5.0020e+00,5.3298e-01,1.9054e-01
3.6500e+03,2.7371e-01,4.6544e-01,5.0020e+00,5.3349e-01,1.9081e-01
3.6600e+03,2.7293e-01,4.6494e-01,5.0020e+00,5.3399e-01,1.9108e-01
3.6700e+03,2.7216e-01,4.6443e-01,5.0020e+00,5.3450e-01,1.9135e-01
3.6800e+03,2.7139e-01,4.6393e-01,5.0020e+00,5.3500e-01,1.9162e-01
3.6900e+03,2.7062e-01,4.6343e-01,5.0020e+00,5.3549e-01,1.9189e-01
3.7000e+03,2.6986e-01,4.6294e-01,5.0020e+00,5.3599e-01,1.9216e-01
3.7100e+03,2.6910e-01,4.6244e-01,5.0020e+00,5.3649e-01,1.9242e-01
3.7200e+03,2.6834e-01,4.6195e-01,5.0020e+00,5.3698e-01,1.9269e-01
3.7300e+03,2.6758e-01,4.6145e-01,5.0020e+00,5.3747e-01,1.9296e-01
3.7400e+03,2.6683e-01,4.6096e-01,5.0020e+00,5.3796e-01,1.9322e-01
3.7500e+03,2.6607e-01,4.6048e-01,5.0020e+00,5.3845e-01,1.9349e-01
3.7600e+03,2.6533e-01,4.5999e-01,5.0020e+00,5.3893e-01,1.9375e-01
3.7700e+03,2.6458e-01,4.5951e-01,5.0020e+00,5.3941e-01,1.9401e-01
3.7800e+03,2.6384e-01,4.5902e-01,5.0020e+00,5.3990e-01,1.9427e-01
3.7900e+03,2.6309e-01,4.5854e-01,5.0020e+00,5.4038e-01,1.9454e-01
3.8000e+03,2.6236e-01,4.5806e-01,5.0020e+00,5.4085e-01,1.9480e-01
3.8100e+03,2.6162e-01,4.5759e-01,5.0020e+00,5.4133e-01,1.9506e-01
3.8200e+03,2.6089e-01,4.5711e-01,5.0020e+00,5.4180e-01,1.9531e-01
3.8300e+03,2.6016e-01,4.5664e-01,5.0020e+00,5.4228e-01,1.9557e-01
3.8400e+03,2.5943e-01,4.5617e-01,5.0020e+00,5.4275e-01,1.9583e-01
3.8500e+03,2.5870e-01,4.5570e-01,5.0020e+00,5.4321e-01,1.9609e-01
3.8600e+03,2.5798e-01,4.5523e-01,5.0020e+00,5.4368e-01,1.9634e-01
3.8700e+03,2.5726e-01,4.5476e-01,5.0020e+00,5.4415e-01,1.9660e-01
3.8800e+03,2.5654e-01,4.5430e-01,5.0020e+00,5.4461e-01,1.9685e-01
3.8900e+03,2.5582e-01,4.5384e-01,5.0020e+00,5.4507e-01,1.9711e-01
3.9000e+03,2.5511e-01,4.5338e-01,5.0020e+00,5.4553e-01,1.9736e-01
3.9100e+03,2.5440e-01,4.5292e-01,5.0020e+00,5.4599e-01,1.9762e-01
3.9200e+03,2.5369e-01,4.5246e-01,5.0020e+00,5.4645e-01,1.9787e-01
3.9300e+03,2.5299e-01,4.5200e-01,5.0020e+00,5.4690e-01,1.9812e-01
3.9400e+03,2.5228e-01,4.5155e-01,5.0020e+00,5.4735e-01,1.9837e-01
3.9500e+03,2.5158e-01,4.5110e-01,5.0020e+00,5.4780e-01,1.9862e-01
3.9600e+03,2.5088e-01,4.5065e-01,5.0020e+00,5.4825e-01,1.9887e-01
3.9700e+03,2.5019e-01,4.5020e-01,5.0020e+00,5.4870e-01,1.9912e-01
3.9800e+03,2.4949e-01,4.4975e-01,5.0020e+00,5.4915e-01,1.9936e-01
3.9900e+03,2.4880e-01,4.4931e-01,5.0020e+00,5.4959e-01,1.9961e-01
4.0000e+03,2.4811e-01,4.4886e-01,5.0020e+00,5.5004e-01,1.9986e-01
4.0100e+03,2.4742e-01,4.4842e-01,5.0020e+00,5.5048e-01,2.0010e-01
4.0200e+03,2.4674e-01,4.4798e-01,5.0020e+00,5.5092e-01,2.0035e-01
4.0300e+03,2.4606e-01,4.4754e-01,5.0020e+00,5.5135e-01,2.0059e-01
4.0400e+03,2.4538e-01,4.4711e-01,5.0020e+00,5.5179e-01,2.0084e-01
4.0500e+03,2.4470e-01,4.4667e-01,5.0020e+00,5.5222e-01,2.0108e-01
4.0600e+03,2.4402e-01,4.4624e-01,5.0020e+00,5.5266e-01,2.0132e-01
4.0700e+03,2.4335e-01,4.4580e-01,5.0020e+00,5.5309e-01,2.0156e-01
4.0800e+03,2.4268e-01,4.4537e-01,5.0020e+00,5.5352e-01,2.0181e-01
4.0900e+03,2.4201e-01,4.4494e-01,5.0020e+00,5.5395e-01,2.0205e-01
4.1000e+03,2.4135e-01,4.4452e-01,5.0020e+00,5.5437e-01,2.0229e-01
4.1100e+03,2.4068e-01,4.4409e-01,5.0020e+00,5.5480e-01,2.0253e-01
4.1200e+03,2.4002e-01,4.4367e-01,5.0020e+00,5.5522e-01,2.0276e-01
4.1300e+03,2.3936e-01,4.4324e-01,5.0020e+00,5.5564e-01,2.0300e-01
4.1400e+03,2.3870e-01,4.4282e-01,5.0020e+00,5.5606e-01,2.0324e-01
4.1500e+03,2.3805e-01,4.4240e-01,5.0020e+00,5.5648e-01,2.0348e-01
4.1600e+03,2.3739e-01,4.4199e-01,5.0020e+00,5.5690e-01,2.0371e-01
4.1700e+03,2.3674e-01,4.4157e-01,5.0020e+00,5.5731e-01,2.0395e-01
4.1800e+03,2.3609e-01,4.4115e-01,5.0020e+00,5.5773e-01,2.0418e-01
4.1900e+03,2.3545e-01,4.4074e-01,5.0020e+00,5.5814e-01,2.0441e-01
4.2000e+03,2.3480e-01,4.4033e-01,5.0020e+00,5.5855e-01,2.0465e-01
4.2100e+03,2.3416e-01,4.3992e-01,5.0020e+00,5.5896e-01,2.0488e-01
4.2200e+03,2.3352e-01,4.3951e-01,5.0020e+00,5.5937e-01,2.0511e-01
4.2300e+03,2.3288e-01,4.3910e-01,5.0020e+00,5.5978e-01,2.0534e-01
4.2400e+03,2.3225e-01,4.3870e-01,5.0020e+00,5.6018e-01,2.0557e-01
4.2500e+03,2.3161e-01,4.3829e-01,5.0020e+00,5.6059e-01,2.0580e-01
4.2600e+03,2.3098e-01,4.3789e-01,5.0020e+00,5.6099e-01,2.0603e-01
4.2700e+03,2.3035e-01,4.3749e-01,5.0020e+00,5.6139e-01,2.0626e-01
4.2800e+03,2.2973e-01,4.3709e-01,5.0020e+00,5.6179e-01,2.0649e-01
4.2900e+03,2.2910e-01,4.3669e-01,5.0020e+00,5.6219e-01,2.0672e-01
4.3000e+03,2.2848e-01,4.3629e-01,5.0020e+00,5.6258e-01,2.0695e-01
4.3100e+03,2.2786e-01,4.3590e-01,5.0020e+00,5.6298e-01,2.0717e-01
4.3200e+03,2.2724e-01,4.3550e-01,5.0020e+00,5.6337e-01,2.0740e-01
4.3300e+03,2.2662e-01,4.3511e-01,5.0020e+00,5.6376e-01,2.0762e-01
4.3400e+03,2.2600e-01,4.3472e-01,5.0020e+00,5.6415e-01,2.0785e-01
4.3500e+03,2.2539e-01,4.3433e-01,5.0020e+00,5.6454e-01,2.0807e-01
4.3600e+03,2.2478e-01,4.3394e-01,5.0020e+00,5.6493e-01,2.0830e-01
4.3700e+03,2.2417e-01,4.3355e-01,5.0020e+00,5.6532e-01,2.0852e-01
4.3800e+03,2.2356e-01,4.3317e-01,5.0020e+00,5.6570e-01,2.0874e-01
4.3900e+03,2.2296e-01,4.3278e-01,5.0020e+00,5.6609e-01,2.0896e-01
4.4000e+03,2.2235e-01,4.3240e-01,5.0020e+00,5.6647e-01,2.0918e-01
4.4100e+03,2.2175e-01,4.3202e-01,5.0020e+00,5.6685e-01,2.0940e-01
4.4200e+03,2.2115e-01,4.3164e-01,5.0020e+00,5.6723e-01,2.0962e-01
4.4300e+03,2.2056e-01,4.3126e-01,5.0020e+00,5.6761e-01,2.0984e-01
4.4400e+03,2.1996e-01,4.3088e-01,5.0020e+00,5.6798e-01,2.1006e-01
4.4500e+03,2.1937e-01,4.3050e-01,5.0020e+00,5.6836e-01,2.1028e-01
4.4600e+03,2.1878e-01,4.3013e-01,5.0020e+00,5.6873e-01,2.1050e-01
4.4700e+03,2.1819e-01,4.2976e-01,5.0020e+00,5.6911e-01,2.1071e-01
4.4800e+03,2.1760e-01,4.2938e-01,5.0020e+00,5.6948e-01,2.1093e-01
4.4900e+03,2.1701e-01,4.2901e-01,5.0020e+00,5.6985e-01,2.1114e-01
4.5000e+03,2.1643e-01,4.2864e-01,5.0020e+00,5.7022e-01,2.1136e-01
4.5100e+03,2.1585e-01,4.2827e-01,5.0020e+00,5.7058e-01,2.1157e-01
4.5200e+03,2.1527e-01,4.2791e-01,5.0020e+00,5.7095e-01,2.1179e-01
4.5300e+03,2.1469e-01,4.2754e-01,5.0020e+00,5.7131e-01,2.1200e-01
4.5400e+03,2.1411e-01,4.2718e-01,5.0020e+00,5.7168e-01,2.1221e-01
4.5500e+03,2.1354e-01,4.2681e-01,5.0020e+00,5.7204e-01,2.1243e-01
4.5600e+03,2.1297e-01,4.2645e-01,5.0020e+00,5.7240e-01,2.1264e-01
4.5700e+03,2.1239e-01,4.2609e-01,5.0020e+00,5.7276e-01,2.1285e-01
4.5800e+03,2.1183e-01,4.2573e-01,5.0020e+00,5.7312e-01,2.1306e-01
4.5900e+03,2.1126e-01,4.2537e-01,5.0020e+00,5.7348e-01,2.1327e-01
4.6000e+03,2.1069e-01,4.2502e-01,5.0020e+00,5.7383e-01,2.1348e-01
4.6100e+03,2.1013e-01,4.2466e-01,5.0020e+00,5.7419e-01,2.1369e-01
4.6200e+03,2.0957e-01,4.2431e-01,5.0020e+00,5.7454e-01,2.1390e-01
4.6300e+03,2.0901e-01,4.2396e-01,5.0020e+00,5.7489e-01,2.1410e-01
4.6400e+03,2.0845e-01,4.2360e-01,5.0020e+00,5.7525e-01,2.1431e-01
4.6500e+03,2.0789e-01,4.2325e-01,5.0020e+00,5.7560e-01,2.1452e-01
4.6600e+03,2.0734e-01,4.2290e-01,5.0020e+00,5.7594e-01,2.1472e-01
4.6700e+03,2.0679e-01,4.2256e-01,5.0020e+00,5.7629e-01,2.1493e-01
4.6800e+03,2.0623e-01,4.2221e-01,5.0020e+00,5.7664e-01,2.1513e-01
4.6900e+03,2.0569e-01,4.2186e-01,5.0020e+00,5.7698e-01,2.1534e-01
4.7000e+03,2.0514e-01,4.2152e-01,5.0020e+00,5.7733e-01,2.1554e-01
4.7100e+03,2.0459e-01,4.2117e-01,5.0020e+00,5.7767e-01,2.1574e-01
4.7200e+03,2.0405e-01,4.2083e-01,5.0020e+00,5.7801e-01,2.1595e-01
4.7300e+03,2.0350e-01,4.2049e-01,5.0020e+00,5.7835e-01,2.1615e-01
4.7400e+03,2.0296e-01,4.2015e-01,5.0020e+00,5.7869e-01,2.1635e-01
4.7500e+03,2.0243e-01,4.1981e-01,5.0020e+00,5.7903e-01,2.1655e-01
4.7600e+03,2.0189e-01,4.1948e-01,5.0020e+00,5.7936e-01,2.1675e-01
4.7700e+03,2.0135e-01,4.1914e-01,5.0020e+00,5.7970e-01,2.1695e-01
4.7800e+03,2.0082e-01,4.1880e-01,5.0020e+00,5.8003e-01,2.1715e-01
4.7900e+03,2.0029e-01,4.1847e-01,5.0020e+00,5.8037e-01,2.1735e-01
4.8000e+03,1.9976e-01,4.1814e-01,5.0020e+00,5.8070e-01,2.1755e-01
4.8100e+03,1.9923e-01,4.1781e-01,5.0020e+00,5.8103e-01,2.1775e-01
4.8200e+03,1.9870e-01,4.1748e-01,5.0020e+00,5.8136e-01,2.1795e-01
4.8300e+03,1.9817e-01,4.1715e-01,5.0020e+00,5.8169e-01,2.1814e-01
4.8400e+03,1.9765e-01,4.1682e-01,5.0020e+00,5.8202e-01,2.1834e-01
4.8500e+03,1.9713e-01,4.1649e-01,5.0020e+00,5.8234e-01,2.1853e-01
4.8600e+03,1.9661e-01,4.1617e-01,5.0020e+00,5.8267e-01,2.1873e-01
4.8700e+03,1.9609e-01,4.1584e-01,5.0020e+00,5.8299e-01,2.1892e-01
4.8800e+03,1.9557e-01,4.1552e-01,5.0020e+00,5.8332e-01,2.1912e-01
4.8900e+03,1.9505e-01,4.1519e-01,5.0020e+00,5.8364e-01,2.1931e-01
4.9000e+03,1.9454e-01,4.1487e-01,5.0020e+00,5.8396e-01,2.1951e-01
4.9100e+03,1.9403e-01,4.1455e-01,5.0020e+00,5.8428e-01,2.1970e-01
4.9200e+03,1.9352e-01,4.1423e-01,5.0020e+00,5.8460e-01,2.1989e-01
4.9300e+03,1.9301e-01,4.1391e-01,5.0020e+00,5.8491e-01,2.2008e-01
4.9400e+03,1.9250e-01,4.1360e-01,5.0020e+00,5.8523e-01,2.2027e-01
4.9500e+03,1.9199e-01,4.1328e-01,5.0020e+00,5.8555e-01,2.2047e-01
4.9600e+03,1.9149e-01,4.1297e-01,5.0020e+00,5.8586e-01,2.2066e-01
4.9700e+03,1.9098e-01,4.1265e-01,5.0020e+00,5.8617e-01,2.2085e-01
4.9800e+03,1.9048e-01,4.1234e-01,5.0020e+00,5.8649e-01,2.2103e-01
4.9900e+03,1.8998e-01,4.1203e-01,5.0020e+00,5.8680e-01,2.2122e-01
5.0000e+03,1.8948e-01,4.1172e-01,5.0020e+00,5.8711e-01,2.2141e-01
5.0100e+03,1.8899e-01,4.1141e-01,5.0020e+00,5.8742e-01,2.2160e-01
5.0200e+03,1.8849e-01,4.1110e-01,5.0020e+00,5.8773e-01,2.2179e-01
5.0300e+03,1.8800e-01,4.1079e-01,5.0020e+00,5.8803e-01,2.2197e-01
5.0400e+03,1.8751e-01,4.1048e-01,5.0020e+00,5.8834e-01,2.2216e-01
5.0500e+03,1.8702e-01,4.1018e-01,5.0020e+00,5.8864e-01,2.2235e-01
5.0600e+03,1.8653e-01,4.0987e-01,5.0020e+00,5.8895e-01,2.2253e-01
5.0700e+03,1.8604e-01,4.0957e-01,5.0020e+00,5.8925e-01,2.2272e-01
5.0800e+03,1.8555e-01,4.0927e-01,5.0020e+00,5.8955e-01,2.2290e-01
5.0900e+03,1.8507e-01,4.0897e-01,5.0020e+00,5.8985e-01,2.2308e-01
5.1000e+03,1.8458e-01,4.0867e-01,5.0020e+00,5.9015e-01,2.2327e-01
5.1100e+03,1.8410e-01,4.0837e-01,5.0020e+00,5.9045e-01,2.2345e-01
5.1200e+03,1.8362e-01,4.0807e-01,5.0020e+00,5.9075e-01,2.2363e-01
5.1300e+03,1.8314e-01,4.0777e-01,5.0020e+00,5.9105e-01,2.2381e-01
5.1400e+03,1.8266e-01,4.0747e-01,5.0020e+00,5.9134e-01,2.2400e-01
5.1500e+03,1.8219e-01,4.0718e-01,5.0020e+00,5.9164e-01,2.2418e-01
5.1600e+03,1.8171e-01,4.0688e-01,5.0020e+00,5.9193e-01,2.2436e-01
5.1700e+03,1.8124e-01,4.0659e-01,5.0020e+00,5.9223e-01,2.2454e-01
5.1800e+03,1.8077e-01,4.0630e-01,5.0020e+00,5.9252e-01,2.2472e-01
5.1900e+03,1.8030e-01,4.0601e-01,5.0020e+00,5.9281e-01,2.2490e-01
5.2000e+03,1.7983e-01,4.0571e-01,5.0020e+00,5.9310e-01,2.2508e-01
5.2100e+03,1.7936e-01,4.0542e-01,5.0020e+00,5.9339e-01,2.2525e-01
5.2200e+03,1.7890e-01,4.0514e-01,5.0020e+00,5.9368e-01,2.2543e-01
5.2300e+03,1.7843e-01,4.0485e-01,5.0020e+00,5.9396e-01,2.2561e-01
5.2400e+03,1.7797e-01,4.0456e-01,5.0020e+00,5.9425e-01,2.2579e-01
5.2500e+03,1.7751e-01,4.0428e-01,5.0020e+00,5.9454e-01,2.2596e-01
5.2600e+03,1.7705e-01,4.0399e-01,5.0020e+00,5.9482e-01,2.2614e-01
5.2700e+03,1.7659e-01,4.0371e-01,5.0020e+00,5.9510e-01,2.2631e-01
5.2800e+03,1.7613e-01,4.0342e-01,5.0020e+00,5.9539e-01,2.2649e-01
5.2900e+03,1.7567e-01,4.0314e-01,5.0020e+00,5.9567e-01,2.2666e-01
5.3000e+03,1.7522e-01,4.0286e-01,5.0020e+00,5.9595e-01,2.2684e-01
5.3100e+03,1.7477e-01,4.0258e-01,5.0020e+00,5.9623e-01,2.2701e-01
5.3200e+03,1.7431e-01,4.0230e-01,5.0020e+00,5.9651e-01,2.2718e-01
5.3300e+03,1.7386e-01,4.0202e-01,5.0020e+00,5.9678e-01,2.2736e-01
5.3400e+03,1.7341e-01,4.0174e-01,5.0020e+00,5.9706e-01,2.2753e-01
5.3500e+03,1.7297e-01,4.0147e-01,5.0020e+00,5.9734e-01,2.2770e-01
5.3600e+03,1.7252e-01,4.0119e-01,5.0020e+00,5.9761e-01,2.2787e-01
5.3700e+03,1.7207e-01,4.0092e-01,5.0020e+00,5.9789e-01,2.2804e-01
5.3800e+03,1.7163e-01,4.0064e-01,5.0020e+00,5.9816e-01,2.2821e-01
5.3900e+03,1.7119e-01,4.0037e-01,5.0020e+00,5.9843e-01,2.2838e-01
5.4000e+03,1.7075e-01,4.0010e-01,5.0020e+00,5.9870e-01,2.2855e-01
5.4100e+03,1.7031e-01,3.9983e-01,5.0020e+00,5.9898e-01,2.2872e-01
5.4200e+03,1.6987e-01,3.9956e-01,5.0020e+00,5.9925e-01,2.2889e-01
5.4300e+03,1.6943e-01,3.9929e-01,5.0020e+00,5.9951e-01,2.2906e-01
5.4400e+03,1.6899e-01,3.9902e-01,5.0020e+00,5.9978e-01,2.2923e-01
5.4500e+03,1.6856e-01,3.9875e-01,5.0020e+00,6.0005e-01,2.2940e-01
5.4600e+03,1.6813e-01,3.9848e-01,5.0020e+00,6.0032e-01,2.2956e-01
5.4700e+03,1.6769e-01,3.9822e-01,5.0020e+00,6.0058e-01,2.2973e-01
5.4800e+03,1.6726e-01,3.9795e-01,5.0020e+00,6.0085e-01,2.2990e-01
5.4900e+03,1.6683e-01,3.9769e-01,5.0020e+00,6.0111e-01,2.3006e-01
5.5000e+03,1.6640e-01,3.9742e-01,5.0020e+00,6.0137e-01,2.3023e-01
5.5100e+03,1.6598e-01,3.9716e-01,5.0020e+00,6.0164e-01,2.3039e-01
5.5200e+03,1.6555e-01,3.9690e-01,5.0020e+00,6.0190e-01,2.3056e-01
5.5300e+03,1.6513e-01,3.9664e-01,5.0020e+00,6.0216e-01,2.3072e-01
5.5400e+03,1.6470e-01,3.9638e-01,5.0020e+00,6.0242e-01,2.3088e-01
5.5500e+03,1.6428e-01,3.9612e-01,5.0020e+00,6.0268e-01,2.3105e-01
5.5600e+03,1.6386e-01,3.9586e-01,5.0020e+00,6.0293e-01,2.3121e-01
5.5700e+03,1.6344e-01,3.9560e-01,5.0020e+00,6.0319e-01,2.3137e-01
5.5800e+03,1.6302e-01,3.9535e-01,5.0020e+00,6.0345e-01,2.3153e-01
5.5900e+03,1.6261e-01,3.9509e-01,5.0020e+00,6.0370e-01,2.3170e-01
5.6000e+03,1.6219e-01,3.9483e-01,5.0020e+00,6.0396e-01,2.3186e-01
5.6100e+03,1.6178e-01,3.9458e-01,5.0020e+00,6.0421e-01,2.3202e-01
5.6200e+03,1.6136e-01,3.9433e-01,5.0020e+00,6.0446e-01,2.3218e-01
5.6300e+03,1.6095e-01,3.9407e-01,5.0020e+00,6.0472e-01,2.3234e-01
5.6400e+03,1.6054e-01,3.9382e-01,5.0020e+00,6.0497e-01,2.3250e-01
5.6500e+03,1.6013e-01,3.9357e-01,5.0020e+00,6.0522e-01,2.3266e-01
5.6600e+03,1.5972e-01,3.9332e-01,5.0020e+00,6.0547e-01,2.3282e-01
5.6700e+03,1.5931e-01,3.9307e-01,5.0020e+00,6.0572e-01,2.3297e-01
5.6800e+03,1.5891e-01,3.9282e-01,5.0020e+00,6.0596e-01,2.3313e-01
5.6900e+03,1.5850e-01,3.9257e-01,5.0020e+00,6.0621e-01,2.3329e-01
5.7000e+03,1.5810e-01,3.9233e-01,5.0020e+00,6.0646e-01,2.3345e-01
5.7100e+03,1.5770e-01,3.9208e-01,5.0020e+00,6.0670e-01,2.3360e-01
5.7200e+03,1.5730e-01,3.9184e-01,5.0020e+00,6.0695e-01,2.3376e-01
5.7300e+03,1.5689e-01,3.9159e-01,5.0020e+00,6.0719e-01,2.3392e-01
5.7400e+03,1.5650e-01,3.9135e-01,5.0020e+00,6.0744e-01,2.3407e-01
5.7500e+03,1.5610e-01,3.9110e-01,5.0020e+00,6.0768e-01,2.3423e-01
5.7600e+03,1.5570e-01,3.9086e-01,5.0020e+00,6.0792e-01,2.3438e-01
5.7700e+03,1.5531e-01,3.9062e-01,5.0020e+00,6.0816e-01,2.3454e-01
5.7800e+03,1.5491e-01,3.9038e-01,5.0020e+00,6.0840e-01,2.3469e-01
5.7900e+03,1.5452e-01,3.9014e-01,5.0020e+00,6.0864e-01,2.3484e-01
5.8000e+03,1.5413e-01,3.8990e-01,5.0020e+00,6.0888e-01,2.3500e-01
5.8100e+03,1.5373e-01,3.8966e-01,5.0020e+00,6.0912e-01,2.3515e-01
5.8200e+03,1.5334e-01,3.8942e-01,5.0020e+00,6.0936e-01,2.3530e-01
5.8300e+03,1.5296e-01,3.8919e-01,5.0020e+00,6.0960e-01,2.3545e-01
5.8400e+03,1.5257e-01,3.8895e-01,5.0020e+00,6.0983e-01,2.3561e-01
5.8500e+03,1.5218e-01,3.8871e-01,5.0020e+00,6.1007e-01,2.3576e-01
5.8600e+03,1.5180e-01,3.8848e-01,5.0020e+00,6.1030e-01,2.3591e-01
5.8700e+03,1.5141e-01,3.8824e-01,5.0020e+00,6.1053e-01,2.3606e-01
5.8800e+03,1.5103e-01,3.8801e-01,5.0020e+00,6.1077e-01,2.3621e-01
5.8900e+03,1.5065e-01,3.8778e-01,5.0020e+00,6.1100e-01,2.3636e-01
5.9000e+03,1.5027e-01,3.8755e-01,5.0020e+00,6.1123e-01,2.3651e-01
5.9100e+03,1.4989e-01,3.8731e-01,5.0020e+00,6.1146e-01,2.3666e-01
5.9200e+03,1.4951e-01,3.8708e-01,5.0020e+00,6.1169e-01,2.3680e-01
5.9300e+03,1.4913e-01,3.8685e-01,5.0020e+00,6.1192e-01,2.3695e-01
5.9400e+03,1.4875e-01,3.8662e-01,5.0020e+00,6.1215e-01,2.3710e-01
5.9500e+03,1.4838e-01,3.8640e-01,5.0020e+00,6.1238e-01,2.3725e-01
5.9600e+03,1.4800e-01,3.8617e-01,5.0020e+00,6.1261e-01,2.3739e-01
5.9700e+03,1.4763e-01,3.8594e-01,5.0020e+00,6.1283e-01,2.3754e-01
5.9800e+03,1.4726e-01,3.8572e-01,5.0020e+00,6.1306e-01,2.3769e-01
5.9900e+03,1.4689e-01,3.8549e-01,5.0020e+00,6.1328e-01,2.3783e-01
6.0000e+03,1.4652e-01,3.8526e-01,5.0020e+00,6.1351e-01,2.3798e-01
6.0100e+03,1.4615e-01,3.8504e-01,5.0020e+00,6.1373e-01,2.3812e-01
6.0200e+03,1.4578e-01,3.8482e-01,5.0020e+00,6.1395e-01,2.3827e-01
6.0300e+03,1.4541e-01,3.8459e-01,5.0020e+00,6.1418e-01,2.3841e-01
6.0400e+03,1.4505e-01,3.8437e-01,5.0020e+00,6.1440e-01,2.3856e-01
6.0500e+03,1.4468e-01,3.8415e-01,5.0020e+00,6.1462e-01,2.3870e-01
6.0600e+03,1.4432e-01,3.8393e-01,5.0020e+00,6.1484e-01,2.3885e-01
6.0700e+03,1.4396e-01,3.8371e-01,5.0020e+00,6.1506e-01,2.3899e-01
6.0800e+03,1.4359e-01,3.8349e-01,5.0020e+00,6.1528e-01,2.3913e-01
6.0900e+03,1.4323e-01,3.8327e-01,5.0020e+00,6.1550e-01,2.3927e-01
6.1000e+03,1.4287e-01,3.8305e-01,5.0020e+00,6.1571e-01,2.3942e-01
6.1100e+03,1.4252e-01,3.8284e-01,5.0020e+00,6.1593e-01,2.3956e-01
6.1200e+03,1.4216e-01,3.8262e-01,5.0020e+00,6.1615e-01,2.3970e-01
6.1300e+03,1.4180e-01,3.8240e-01,5.0020e+00,6.1636e-01,2.3984e-01
6.1400e+03,1.4145e-01,3.8219e-01,5.0020e+00,6.1658e-01,2.3998e-01
6.1500e+03,1.4109e-01,3.8197e-01,5.0020e+00,6.1679e-01,2.4012e-01
6.1600e+03,1.4074e-01,3.8176e-01,5.0020e+00,6.1701e-01,2.4026e-01
6.1700e+03,1.4039e-01,3.8155e-01,5.0020e+00,6.1722e-01,2.4040e-01
6.1800e+03,1.4003e-01,3.8133e-01,5.0020e+00,6.1743e-01,2.4054e-01
6.1900e+03,1.3968e-01,3.8112e-01,5.0020e+00,6.1764e-01,2.4068e-01
6.2000e+03,1.3933e-01,3.8091e-01,5.0020e+00,6.1785e-01,2.4082e-01
6.2100e+03,1.3899e-01,3.8070e-01,5.0020e+00,6.1807e-01,2.4095e-01
6.2200e+03,1.3864e-01,3.8049e-01,5.0020e+00,6.1827e-01,2.4109e-01
6.2300e+03,1.3829e-01,3.8028e-01,5.0020e+00,6.1848e-01,2.4123e-01
6.2400e+03,1.3795e-01,3.8007e-01,5.0020e+00,6.1869e-01,2.4137e-01
6.2500e+03,1.3760e-01,3.7986e-01,5.0020e+00,6.1890e-01,2.4150e-01
6.2600e+03,1.3726e-01,3.7965e-01,5.0020e+00,6.1911e-01,2.4164e-01
6.2700e+03,1.3691e-01,3.7945e-01,5.0020e+00,6.1931e-01,2.4178e-01
6.2800e+03,1.3657e-01,3.7924e-01,5.0020e+00,6.1952e-01,2.4191e-01
6.2900e+03,1.3623e-01,3.7903e-01,5.0020e+00,6.1973e-01,2.4205e-01
6.3000e+03,1.3589e-01,3.7883e-01,5.0020e+00,6.1993e-01,2.4218e-01
6.3100e+03,1.3555e-01,3.7863e-01,5.0020e+00,6.2013e-01,2.4232e-01
6.3200e+03,1.3522e-01,3.7842e-01,5.0020e+00,6.2034e-01,2.4245e-01
6.3300e+03,1.3488e-01,3.7822e-01,5.0020e+00,6.2054e-01,2.4259e-01
6.3400e+03,1.3454e-01,3.7802e-01,5.0020e+00,6.2074e-01,2.4272e-01
6.3500e+03,1.3421e-01,3.7781e-01,5.0020e+00,6.2094e-01,2.4285e-01
6.3600e+03,1.3387e-01,3.7761e-01,5.0020e+00,6.2115e-01,2.4299e-01
6.3700e+03,1.3354e-01,3.7741e-01,5.0020e+00,6.2135e-01,2.4312e-01
6.3800e+03,1.3321e-01,3.7721e-01,5.0020e+00,6.2155e-01,2.4325e-01
6.3900e+03,1.3288e-01,3.7701e-01,5.0020e+00,6.2174e-01,2.4338e-01
6.4000e+03,1.3255e-01,3.7681e-01,5.0020e+00,6.2194e-01,2.4351e-01
6.4100e+03,1.3222e-01,3.7661e-01,5.0020e+00,6.2214e-01,2.4365e-01
6.4200e+03,1.3189e-01,3.7642e-01,5.0020e+00,6.2234e-01,2.4378e-01
6.4300e+03,1.3156e-01,3.7622e-01,5.0020e+00,6.2254e-01,2.4391e-01
6.4400e+03,1.3123e-01,3.7602e-01,5.0020e+00,6.2273e-01,2.4404e-01
6.4500e+03,1.3091e-01,3.7583e-01,5.0020e+00,6.2293e-01,2.4417e-01
6.4600e+03,1.3058e-01,3.7563e-01,5.0020e+00,6.2312e-01,2.4430e-01
6.4700e+03,1.3026e-01,3.7544e-01,5.0020e+00,6.2332e-01,2.4443e-01
6.4800e+03,1.2994e-01,3.7524e-01,5.0020e+00,6.2351e-01,2.4456e-01
6.4900e+03,1.2961e-01,3.7505e-01,5.0020e+00,6.2370e-01,2.4469e-01
6.5000e+03,1.2929e-01,3.7485e-01,5.0020e+00,6.2390e-01,2.4481e-01
6.5100e+03,1.2897e-01,3.7466e-01,5.0020e+00,6.2409e-01,2.4494e-01
6.5200e+03,1.2865e-01,3.7447e-01,5.0020e+00,6.2428e-01,2.4507e-01
6.5300e+03,1.2834e-01,3.7428e-01,5.0020e+00,6.2447e-01,2.4520e-01
6.5400e+03,1.2802e-01,3.7409e-01,5.0020e+00,6.2466e-01,2.4532e-01
6.5500e+03,1.2770e-01,3.7390e-01,5.0020e+00,6.2485e-01,2.4545e-01
6.5600e+03,1.2738e-01,3.7371e-01,5.0020e+00,6.2504e-01,2.4558e-01
6.5700e+03,1.2707e-01,3.7352e-01,5.0020e+00,6.2523e-01,2.4570e-01
6.5800e+03,1.2676e-01,3.7333e-01,5.0020e+00,6.2542e-01,2.4583e-01
6.5900e+03,1.2644e-01,3.7314e-01,5.0020e+00,6.2561e-01,2.4596e-01
6.6000e+03,1.2613e-01,3.7296e-01,5.0020e+00,6.2579e-01,2.4608e-01
6.6100e+03,1.2582e-01,3.7277e-01,5.0020e+00,6.2598e-01,2.4621e-01
6.6200e+03,1.2551e-01,3.7258e-01,5.0020e+00,6.2617e-01,2.4633e-01
6.6300e+03,1.2520e-01,3.7240e-01,5.0020e+00,6.2635e-01,2.4646e-01
6.6400e+03,1.2489e-01,3.7221e-01,5.0020e+00,6.2654e-01,2.4658e-01
6.6500e+03,1.2458e-01,3.7203e-01,5.0020e+00,6.2672e-01,2.4670e-01
6.6600e+03,1.2427e-01,3.7184e-01,5.0020e+00,6.2690e-01,2.4683e-01
6.6700e+03,1.2397e-01,3.7166e-01,5.0020e+00,6.2709e-01,2.4695e-01
6.6800e+03,1.2366e-01,3.7148e-01,5.0020e+00,6.2727e-01,2.4707e-01
6.6900e+03,1.2336e-01,3.7129e-01,5.0020e+00,6.2745e-01,2.4720e-01
6.7000e+03,1.2305e-01,3.7111e-01,5.0020e+00,6.2763e-01,2.4732e-01
6.7100e+03,1.2275e-01,3.7093e-01,5.0020e+00,6.2781e-01,2.4744e-01
6.7200e+03,1.2245e-01,3.7075e-01,5.0020e+00,6.2800e-01,2.4756e-01
6.7300e+03,1.2215e-01,3.7057e-01,5.0020e+00,6.2818e-01,2.4768e-01
6.7400e+03,1.2185e-01,3.7039e-01,5.0020e+00,6.2835e-01,2.4780e-01
6.7500e+03,1.2155e-01,3.7021e-01,5.0020e+00,6.2853e-01,2.4793e-01
6.7600e+03,1.2125e-01,3.7003e-01,5.0020e+00,6.2871e-01,2.4805e-01
6.7700e+03,1.2095e-01,3.6985e-01,5.0020e+00,6.2889e-01,2.4817e-01
6.7800e+03,1.2065e-01,3.6967e-01,5.0020e+00,6.2907e-01,2.4829e-01
6.7900e+03,1.2036e-01,3.6950e-01,5.0020e+00,6.2924e-01,2.4841e-01
6.8000e+03,1.2006e-01,3.6932e-01,5.0020e+00,6.2942e-01,2.4852e-01
6.8100e+03,1.1976e-01,3.6914e-01,5.0020e+00,6.2960e-01,2.4864e-01
6.8200e+03,1.1947e-01,3.6897e-01,5.0020e+00,6.2977e-01,2.4876e-01
6.8300e+03,1.1918e-01,3.6879e-01,5.0020e+00,6.2995e-01,2.4888e-01
6.8400e+03,1.1888e-01,3.6862e-01,5.0020e+00,6.3012e-01,2.4900e-01
6.8500e+03,1.1859e-01,3.6844e-01,5.0020e+00,6.3029e-01,2.4912e-01
6.8600e+03,1.1830e-01,3.6827e-01,5.0020e+00,6.3047e-01,2.4923e-01
6.8700e+03,1.1801e-01,3.6810e-01,5.0020e+00,6.3064e-01,2.4935e-01
6.8800e+03,1.1772e-01,3.6793e-01,5.0020e+00,6.3081e-01,2.4947e-01
6.8900e+03,1.1743e-01,3.6775e-01,5.0020e+00,6.3098e-01,2.4959e-01
6.9000e+03,1.1715e-01,3.6758e-01,5.0020e+00,6.3116e-01,2.4970e-01
6.9100e+03,1.1686e-01,3.6741e-01,5.0020e+00,6.3133e-01,2.4982e-01
6.9200e+03,1.1657e-01,3.6724e-01,5.0020e+00,6.3150e-01,2.4993e-01
6.9300e+03,1.1629e-01,3.6707e-01,5.0020e+00,6.3167e-01,2.5005e-01
6.9400e+03,1.1600e-01,3.6690e-01,5.0020e+00,6.3184e-01,2.5017e-01
6.9500e+03,1.1572e-01,3.6673e-01,5.0020e+00,6.3200e-01,2.5028e-01
6.9600e+03,1.1544e-01,3.6656e-01,5.0020e+00,6.3217e-01,2.5039e-01
6.9700e+03,1.1515e-01,3.6639e-01,5.0020e+00,6.3234e-01,2.5051e-01
6.9800e+03,1.1487e-01,3.6623e-01,5.0020e+00,6.3251e-01,2.5062e-01
6.9900e+03,1.1459e-01,3.6606e-01,5.0020e+00,6.3267e-01,2.5074e-01
7.0000e+03,1.1431e-01,3.6589e-01,5.0020e+00,6.3284e-01,2.5085e-01
7.0100e+03,1.1403e-01,3.6573e-01,5.0020e+00,6.3301e-01,2.5096e-01
7.0200e+03,1.1376e-01,3.6556e-01,5.0020e+00,6.3317e-01,2.5108e-01
7.0300e+03,1.1348e-01,3.6540e-01,5.0020e+00,6.3334e-01,2.5119e-01
7.0400e+03,1.1320e-01,3.6523e-01,5.0020e+00,6.3350e-01,2.5130e-01
7.0500e+03,1.1292e-01,3.6507e-01,5.0020e+00,6.3367e-01,2.5142e-01
7.0600e+03,1.1265e-01,3.6490e-01,5.0020e+00,6.3383e-01,2.5153e-01
7.0700e+03,1.1237e-01,3.6474e-01,5.0020e+00,6.3399e-01,2.5164e-01
7.0800e+03,1.1210e-01,3.6458e-01,5.0020e+00,6.3415e-01,2.5175e-01
7.0900e+03,1.1183e-01,3.6441e-01,5.0020e+00,6.3432e-01,2.5186e-01
7.1000e+03,1.1155e-01,3.6425e-01,5.0020e+00,6.3448e-01,2.5197e-01
7.1100e+03,1.1128e-01,3.6409e-01,5.0020e+00,6.3464e-01,2.5208e-01
7.1200e+03,1.1101e-01,3.6393e-01,5.0020e+00,6.3480e-01,2.5219e-01
7.1300e+03,1.1074e-01,3.6377e-01,5.0020e+00,6.3496e-01,2.5230e-01
7.1400e+03,1.1047e-01,3.6361e-01,5.0020e+00,6.3512e-01,2.5241e-01
7.1500e+03,1.1020e-01,3.6345e-01,5.0020e+00,6.3528e-01,2.5252e-01
7.1600e+03,1.0994e-01,3.6329e-01,5.0020e+00,6.3544e-01,2.5263e-01
7.1700e+03,1.0967e-01,3.6313e-01,5.0020e+00,6.3560e-01,2.5274e-01
7.1800e+03,1.0940e-01,3.6297e-01,5.0020e+00,6.3575e-01,2.5285e-01
7.1900e+03,1.0914e-01,3.6282e-01,5.0020e+00,6.3591e-01,2.5296e-01
7.2000e+03,1.0887e-01,3.6266e-01,5.0020e+00,6.3607e-01,2.5307e-01
7.2100e+03,1.0861e-01,3.6250e-01,5.0020e+00,6.3623e-01,2.5317e-01
7.2200e+03,1.0834e-01,3.6235e-01,5.0020e+00,6.3638e-01,2.5328e-01
7.2300e+03,1.0808e-01,3.6219e-01,5.0020e+00,6.3654e-01,2.5339e-01
7.2400e+03,1.0782e-01,3.6203e-01,5.0020e+00,6.3669e-01,2.5350e-01
7.2500e+03,1.0755e-01,3.6188e-01,5.0020e+00,6.3685e-01,2.5360e-01
7.2600e+03,1.0729e-01,3.6172e-01,5.0020e+00,6.3700e-01,2.5371e-01
7.2700e+03,1.0703e-01,3.6157e-01,5.0020e+00,6.3716e-01,2.5382e-01
7.2800e+03,1.0677e-01,3.6142e-01,5.0020e+00,6.3731e-01,2.5392e-01
7.2900e+03,1.0651e-01,3.6126e-01,5.0020e+00,6.3746e-01,2.5403e-01
7.3000e+03,1.0626e-01,3.6111e-01,5.0020e+00,6.3761e-01,2.5413e-01
7.3100e+03,1.0600e-01,3.6096e-01,5.0020e+00,6.3777e-01,2.5424e-01
7.3200e+03,1.0574e-01,3.6081e-01,5.0020e+00,6.3792e-01,2.5434e-01
7.3300e+03,1.0549e-01,3.6065e-01,5.0020e+00,6.3807e-01,2.5445e-01
7.3400e+03,1.0523e-01,3.6050e-01,5.0020e+00,6.3822e-01,2.5455e-01
7.3500e+03,1.0498e-01,3.6035e-01,5.0020e+00,6.3837e-01,2.5466e-01
7.3600e+03,1.0472e-01,3.6020e-01,5.0020e+00,6.3852e-01,2.5476e-01
7.3700e+03,1.0447e-01,3.6005e-01,5.0020e+00,6.3867e-01,2.5487e-01
7.3800e+03,1.0422e-01,3.5990e-01,5.0020e+00,6.3882e-01,2.5497e-01
7.3900e+03,1.0396e-01,3.5975e-01,5.0020e+00,6.3897e-01,2.5507e-01
7.4000e+03,1.0371e-01,3.5961e-01,5.0020e+00,6.3912e-01,2.5518e-01
7.4100e+03,1.0346e-01,3.5946e-01,5.0020e+00,6.3926e-01,2.5528e-01
7.4200e+03,1.0321e-01,3.5931e-01,5.0020e+00,6.3941e-01,2.5538e-01
7.4300e+03,1.0296e-01,3.5916e-01,5.0020e+00,6.3956e-01,2.5548e-01
7.4400e+03,1.0271e-01,3.5901e-01,5.0020e+00,6.3971e-01,2.5559e-01
7.4500e+03,1.0246e-01,3.5887e-01,5.0020e+00,6.3985e-01,2.5569e-01
7.4600e+03,1.0222e-01,3.5872e-01,5.0020e+00,6.4000e-01,2.5579e-01
7.4700e+03,1.0197e-01,3.5858e-01,5.0020e+00,6.4014e-01,2.5589e-01
7.4800e+03,1.0172e-01,3.5843e-01,5.0020e+00,6.4029e-01,2.5599e-01
7.4900e+03,1.0148e-01,3.5829e-01,5.0020e+00,6.4043e-01,2.5609e-01
7.5000e+03,1.0123e-01,3.5814e-01,5.0020e+00,6.4058e-01,2.5619e-01
7.5100e+03,1.0099e-01,3.5800e-01,5.0020e+00,6.4072e-01,2.5629e-01
7.5200e+03,1.0075e-01,3.5785e-01,5.0020e+00,6.4086e-01,2.5639e-01
7.5300e+03,1.0050e-01,3.5771e-01,5.0020e+00,6.4101e-01,2.5649e-01
7.5400e+03,1.0026e-01,3.5757e-01,5.0020e+00,6.4115e-01,2.5659e-01
7.5500e+03,1.0002e-01,3.5743e-01,5.0020e+00,6.4129e-01,2.5669e-01
7.5600e+03,9.9779e-02,3.5728e-01,5.0020e+00,6.4143e-01,2.5679e-01
7.5700e+03,9.9539e-02,3.5714e-01,5.0020e+00,6.4157e-01,2.5689e-01
7.5800e+03,9.9299e-02,3.5700e-01,5.0020e+00,6.4172e-01,2.5699e-01
7.5900e+03,9.9060e-02,3.5686e-01,5.0020e+00,6.4186e-01,2.5709e-01
7.6000e+03,9.8822e-02,3.5672e-01,5.0020e+00,6.4200e-01,2.5719e-01
7.6100e+03,9.8584e-02,3.5658e-01,5.0020e+00,6.4214e-01,2.5728e-01
7.6200e+03,9.8347e-02,3.5644e-01,5.0020e+00,6.4228e-01,2.5738e-01
7.6300e+03,9.8110e-02,3.5630e-01,5.0020e+00,6.4241e-01,2.5748e-01
7.6400e+03,9.7874e-02,3.5616e-01,5.0020e+00,6.4255e-01,2.5758e-01
7.6500e+03,9.7639e-02,3.5602e-01,5.0020e+00,6.4269e-01,2.5767e-01
7.6600e+03,9.7404e-02,3.5588e-01,5.0020e+00,6.4283e-01,2.5777e-01
7.6700e+03,9.7170e-02,3.5575e-01,5.0020e+00,6.4297e-01,2.5787e-01
7.6800e+03,9.6937e-02,3.5561e-01,5.0020e+00,6.4310e-01,2.5796e-01
7.6900e+03,9.6704e-02,3.5547e-01,5.0020e+00,6.4324e-01,2.5806e-01
7.7000e+03,9.6472e-02,3.5534e-01,5.0020e+00,6.4338e-01,2.5816e-01
7.7100e+03,9.6240e-02,3.5520e-01,5.0020e+00,6.4351e-01,2.5825e-01
7.7200e+03,9.6009e-02,3.5506e-01,5.0020e+00,6.4365e-01,2.5835e-01
7.7300e+03,9.5779e-02,3.5493e-01,5.0020e+00,6.4378e-01,2.5844e-01
7.7400e+03,9.5549e-02,3.5479e-01,5.0020e+00,6.4392e-01,2.5854e-01
7.7500e+03,9.5320e-02,3.5466e-01,5.0020e+00,6.4405e-01,2.5863e-01
7.7600e+03,9.5091e-02,3.5452e-01,5.0020e+00,6.4419e-01,2.5873e-01
7.7700e+03,9.4863e-02,3.5439e-01,5.0020e+00,6.4432e-01,2.5882e-01
7.7800e+03,9.4636e-02,3.5426e-01,5.0020e+00,6.4445e-01,2.5891e-01
7.7900e+03,9.4409e-02,3.5412e-01,5.0020e+00,6.4459e-01,2.5901e-01
7.8000e+03,9.4183e-02,3.5399e-01,5.0020e+00,6.4472e-01,2.5910e-01
7.8100e+03,9.3957e-02,3.5386e-01,5.0020e+00,6.4485e-01,2.5920e-01
7.8200e+03,9.3732e-02,3.5373e-01,5.0020e+00,6.4498e-01,2.5929e-01
7.8300e+03,9.3508e-02,3.5359e-01,5.0020e+00,6.4512e-01,2.5938e-01
7.8400e+03,9.3284e-02,3.5346e-01,5.0020e+00,6.4525e-01,2.5947e-01
7.8500e+03,9.3060e-02,3.5333e-01,5.0020e+00,6.4538e-01,2.5957e-01
7.8600e+03,9.2838e-02,3.5320e-01,5.0020e+00,6.4551e-01,2.5966e-01
7.8700e+03,9.2616e-02,3.5307e-01,5.0020e+00,6.4564e-01,2.5975e-01
7.8800e+03,9.2394e-02,3.5294e-01,5.0020e+00,6.4577e-01,2.5984e-01
7.8900e+03,9.2173e-02,3.5281e-01,5.0020e+00,6.4590e-01,2.5993e-01
7.9000e+03,9.1953e-02,3.5268e-01,5.0020e+00,6.4603e-01,2.6003e-01
7.9100e+03,9.1733e-02,3.5255e-01,5.0020e+00,6.4615e-01,2.6012e-01
7.9200e+03,9.1514e-02,3.5243e-01,5.0020e+00,6.4628e-01,2.6021e-01
7.9300e+03,9.1295e-02,3.5230e-01,5.0020e+00,6.4641e-01,2.6030e-01
7.9400e+03,9.1077e-02,3.5217e-01,5.0020e+00,6.4654e-01,2.6039e-01
7.9500e+03,9.0860e-02,3.5204e-01,5.0020e+00,6.4667e-01,2.6048e-01
7.9600e+03,9.0643e-02,3.5191e-01,5.0020e+00,6.4679e-01,2.6057e-01
7.9700e+03,9.0426e-02,3.5179e-01,5.0020e+00,6.4692e-01,2.6066e-01
7.9800e+03,9.0210e-02,3.5166e-01,5.0020e+00,6.4704e-01,2.6075e-01
7.9900e+03,8.9995e-02,3.5154e-01,5.0020e+00,6.4717e-01,2.6084e-01
8.0000e+03,8.9780e-02,3.5141e-01,5.0020e+00,6.4730e-01,2.6093e-01
8.0100e+03,8.9566e-02,3.5128e-01,5.0020e+00,6.4742e-01,2.6102e-01
8.0200e+03,8.9353e-02,3.5116e-01,5.0020e+00,6.4755e-01,2.6111e-01
8.0300e+03,8.9140e-02,3.5103e-01,5.0020e+00,6.4767e-01,2.6119e-01
8.0400e+03,8.8927e-02,3.5091e-01,5.0020e+00,6.4779e-01,2.6128e-01
8.0500e+03,8.8715e-02,3.5079e-01,5.0020e+00,6.4792e-01,2.6137e-01
8.0600e+03,8.8504e-02,3.5066e-01,5.0020e+00,6.4804e-01,2.6146e-01
8.0700e+03,8.8293e-02,3.5054e-01,5.0020e+00,6.4816e-01,2.6155e-01
8.0800e+03,8.8083e-02,3.5042e-01,5.0020e+00,6.4829e-01,2.6163e-01
8.0900e+03,8.7873e-02,3.5029e-01,5.0020e+00,6.4841e-01,2.6172e-01
8.1000e+03,8.7664e-02,3.5017e-01,5.0020e+00,6.4853e-01,2.6181e-01
8.1100e+03,8.7455e-02,3.5005e-01,5.0020e+00,6.4865e-01,2.6190e-01
8.1200e+03,8.7247e-02,3.4993e-01,5.0020e+00,6.4878e-01,2.6198e-01
8.1300e+03,8.7039e-02,3.4981e-01,5.0020e+00,6.4890e-01,2.6207e-01
8.1400e+03,8.6832e-02,3.4969e-01,5.0020e+00,6.4902e-01,2.6216e-01
8.1500e+03,8.6626e-02,3.4956e-01,5.0020e+00,6.4914e-01,2.6224e-01
8.1600e+03,8.6420e-02,3.4944e-01,5.0020e+00,6.4926e-01,2.6233e-01
8.1700e+03,8.6214e-02,3.4932e-01,5.0020e+00,6.4938e-01,2.6241e-01
8.1800e+03,8.6009e-02,3.4920e-01,5.0020e+00,6.4950e-01,2.6250e-01
8.1900e+03,8.5805e-02,3.4909e-01,5.0020e+00,6.4962e-01,2.6258e-01
8.2000e+03,8.5601e-02,3.4897e-01,5.0020e+00,6.4973e-01,2.6267e-01
8.2100e+03,8.5397e-02,3.4885e-01,5.0020e+00,6.4985e-01,2.6275e-01
8.2200e+03,8.5195e-02,3.4873e-01,5.0020e+00,6.4997e-01,2.6284e-01
8.2300e+03,8.4992e-02,3.4861e-01,5.0020e+00,6.5009e-01,2.6292e-01
8.2400e+03,8.4791e-02,3.4849e-01,5.0020e+00,6.5021e-01,2.6301e-01
8.2500e+03,8.4589e-02,3.4838e-01,5.0020e+00,6.5032e-01,2.6309e-01
8.2600e+03,8.4388e-02,3.4826e-01,5.0020e+00,6.5044e-01,2.6318e-01
8.2700e+03,8.4188e-02,3.4814e-01,5.0020e+00,6.5056e-01,2.6326e-01
8.2800e+03,8.3988e-02,3.4803e-01,5.0020e+00,6.5067e-01,2.6334e-01
8.2900e+03,8.3789e-02,3.4791e-01,5.0020e+00,6.5079e-01,2.6343e-01
8.3000e+03,8.3591e-02,3.4779e-01,5.0020e+00,6.5090e-01,2.6351e-01
8.3100e+03,8.3392e-02,3.4768e-01,5.0020e+00,6.5102e-01,2.6359e-01
8.3200e+03,8.3195e-02,3.4756e-01,5.0020e+00,6.5114e-01,2.6367e-01
8.3300e+03,8.2997e-02,3.4745e-01,5.0020e+00,6.5125e-01,2.6376e-01
8.3400e+03,8.2801e-02,3.4733e-01,5.0020e+00,6.5136e-01,2.6384e-01
8.3500e+03,8.2605e-02,3.4722e-01,5.0020e+00,6.5148e-01,2.6392e-01
8.3600e+03,8.2409e-02,3.4710e-01,5.0020e+00,6.5159e-01,2.6400e-01
8.3700e+03,8.2214e-02,3.4699e-01,5.0020e+00,6.5171e-01,2.6409e-01
8.3800e+03,8.2019e-02,3.4688e-01,5.0020e+00,6.5182e-01,2.6417e-01
8.3900e+03,8.1825e-02,3.4676e-01,5.0020e+00,6.5193e-01,2.6425e-01
8.4000e+03,8.1631e-02,3.4665e-01,5.0020e+00,6.5204e-01,2.6433e-01
8.4100e+03,8.1438e-02,3.4654e-01,5.0020e+00,6.5216e-01,2.6441e-01
8.4200e+03,8.1245e-02,3.4643e-01,5.0020e+00,6.5227e-01,2.6449e-01
8.4300e+03,8.1053e-02,3.4632e-01,5.0020e+00,6.5238e-01,2.6457e-01
8.4400e+03,8.0861e-02,3.4620e-01,5.0020e+00,6.5249e-01,2.6465e-01
8.4500e+03,8.0670e-02,3.4609e-01,5.0020e+00,6.5260e-01,2.6473e-01
8.4600e+03,8.0479e-02,3.4598e-01,5.0020e+00,6.5271e-01,2.6481e-01
8.4700e+03,8.0289e-02,3.4587e-01,5.0020e+00,6.5282e-01,2.6489e-01
8.4800e+03,8.0099e-02,3.4576e-01,5.0020e+00,6.5293e-01,2.6497e-01
8.4900e+03,7.9910e-02,3.4565e-01,5.0020e+00,6.5304e-01,2.6505e-01
8.5000e+03,7.9721e-02,3.4554e-01,5.0020e+00,6.5315e-01,2.6513e-01
8.5100e+03,7.9533e-02,3.4543e-01,5.0020e+00,6.5326e-01,2.6521e-01
8.5200e+03,7.9345e-02,3.4532e-01,5.0020e+00,6.5337e-01,2.6529e-01
8.5300e+03,7.9158e-02,3.4521e-01,5.0020e+00,6.5348e-01,2.6537e-01
8.5400e+03,7.8971e-02,3.4510e-01,5.0020e+00,6.5359e-01,2.6545e-01
8.5500e+03,7.8785e-02,3.4500e-01,5.0020e+00,6.5370e-01,2.6552e-01
8.5600e+03,7.8599e-02,3.4489e-01,5.0020e+00,6.5380e-01,2.6560e-01
8.5700e+03,7.8413e-02,3.4478e-01,5.0020e+00,6.5391e-01,2.6568e-01
8.5800e+03,7.8228e-02,3.4467e-01,5.0020e+00,6.5402e-01,2.6576e-01
8.5900e+03,7.8044e-02,3.4457e-01,5.0020e+00,6.5413e-01,2.6584e-01
8.6000e+03,7.7860e-02,3.4446e-01,5.0020e+00,6.5423e-01,2.6591e-01
8.6100e+03,7.7676e-02,3.4435e-01,5.0020e+00,6.5434e-01,2.6599e-01
8.6200e+03,7.7493e-02,3.4425e-01,5.0020e+00,6.5444e-01,2.6607e-01
8.6300e+03,7.7310e-02,3.4414e-01,5.0020e+00,6.5455e-01,2.6614e-01
8.6400e+03,7.7128e-02,3.4403e-01,5.0020e+00,6.5466e-01,2.6622e-01
8.6500e+03,7.6946e-02,3.4393e-01,5.0020e+00,6.5476e-01,2.6630e-01
8.6600e+03,7.6765e-02,3.4382e-01,5.0020e+00,6.5487e-01,2.6637e-01
8.6700e+03,7.6584e-02,3.4372e-01,5.0020e+00,6.5497e-01,2.6645e-01
8.6800e+03,7.6404e-02,3.4361e-01,5.0020e+00,6.5508e-01,2.6653e-01
8.6900e+03,7.6224e-02,3.4351e-01,5.0020e+00,6.5518e-01,2.6660e-01
8.7000e+03,7.6044e-02,3.4341e-01,5.0020e+00,6.5528e-01,2.6668e-01
8.7100e+03,7.5865e-02,3.4330e-01,5.0020e+00,6.5539e-01,2.6675e-01
8.7200e+03,7.5687e-02,3.4320e-01,5.0020e+00,6.5549e-01,2.6683e-01
8.7300e+03,7.5509e-02,3.4310e-01,5.0020e+00,6.5559e-01,2.6690e-01
8.7400e+03,7.5331e-02,3.4299e-01,5.0020e+00,6.5570e-01,2.6698e-01
8.7500e+03,7.5154e-02,3.4289e-01,5.0020e+00,6.5580e-01,2.6705e-01
8.7600e+03,7.4977e-02,3.4279e-01,5.0020e+00,6.5590e-01,2.6713e-01
8.7700e+03,7.4801e-02,3.4269e-01,5.0020e+00,6.5600e-01,2.6720e-01
8.7800e+03,7.4625e-02,3.4258e-01,5.0020e+00,6.5610e-01,2.6728e-01
8.7900e+03,7.4450e-02,3.4248e-01,5.0020e+00,6.5621e-01,2.6735e-01
8.8000e+03,7.4275e-02,3.4238e-01,5.0020e+00,6.5631e-01,2.6742e-01
8.8100e+03,7.4100e-02,3.4228e-01,5.0020e+00,6.5641e-01,2.6750e-01
8.8200e+03,7.3926e-02,3.4218e-01,5.0020e+00,6.5651e-01,2.6757e-01
8.8300e+03,7.3752e-02,3.4208e-01,5.0020e+00,6.5661e-01,2.6764e-01
8.8400e+03,7.3579e-02,3.4198e-01,5.0020e+00,6.5671e-01,2.6772e-01
8.8500e+03,7.3406e-02,3.4188e-01,5.0020e+00,6.5681e-01,2.6779e-01
8.8600e+03,7.3234e-02,3.4178e-01,5.0020e+00,6.5691e-01,2.6786e-01
8.8700e+03,7.3062e-02,3.4168e-01,5.0020e+00,6.5701e-01,2.6794e-01
8.8800e+03,7.2891e-02,3.4158e-01,5.0020e+00,6.5711e-01,2.6801e-01
8.8900e+03,7.2720e-02,3.4148e-01,5.0020e+00,6.5721e-01,2.6808e-01
8.9000e+03,7.2549e-02,3.4138e-01,5.0020e+00,6.5730e-01,2.6815e-01
8.9100e+03,7.2379e-02,3.4128e-01,5.0020e+00,6.5740e-01,2.6822e-01
8.9200e+03,7.2209e-02,3.4119e-01,5.0020e+00,6.5750e-01,2.6830e-01
8.9300e+03,7.2040e-02,3.4109e-01,5.0020e+00,6.5760e-01,2.6837e-01
8.9400e+03,7.1871e-02,3.4099e-01,5.0020e+00,6.5770e-01,2.6844e-01
8.9500e+03,7.1702e-02,3.4089e-01,5.0020e+00,6.5779e-01,2.6851e-01
8.9600e+03,7.1534e-02,3.4079e-01,5.0020e+00,6.5789e-01,2.6858e-01
8.9700e+03,7.1367e-02,3.4070e-01,5.0020e+00,6.5799e-01,2.6865e-01
8.9800e+03,7.1199e-02,3.4060e-01,5.0020e+00,6.5808e-01,2.6872e-01
8.9900e+03,7.1033e-02,3.4051e-01,5.0020e+00,6.5818e-01,2.6879e-01
9.0000e+03,7.0866e-02,3.4041e-01,5.0020e+00,6.5827e-01,2.6886e-01
9.0100e+03,7.0700e-02,3.4031e-01,5.0020e+00,6.5837e-01,2.6893e-01
9.0200e+03,7.0535e-02,3.4022e-01,5.0020e+00,6.5847e-01,2.6900e-01
9.0300e+03,7.0370e-02,3.4012e-01,5.0020e+00,6.5856e-01,2.6907e-01
9.0400e+03,7.0205e-02,3.4003e-01,5.0020e+00,6.5866e-01,2.6914e-01
9.0500e+03,7.0040e-02,3.3993e-01,5.0020e+00,6.5875e-01,2.6921e-01
9.0600e+03,6.9877e-02,3.3984e-01,5.0020e+00,6.5885e-01,2.6928e-01
9.0700e+03,6.9713e-02,3.3974e-01,5.0020e+00,6.5894e-01,2.6935e-01
9.0800e+03,6.9550e-02,3.3965e-01,5.0020e+00,6.5903e-01,2.6942e-01
9.0900e+03,6.9387e-02,3.3955e-01,5.0020e+00,6.5913e-01,2.6949e-01
9.1000e+03,6.9225e-02,3.3946e-01,5.0020e+00,6.5922e-01,2.6956e-01
9.1100e+03,6.9063e-02,3.3937e-01,5.0020e+00,6.5931e-01,2.6963e-01
9.1200e+03,6.8902e-02,3.3927e-01,5.0020e+00,6.5941e-01,2.6970e-01
9.1300e+03,6.8741e-02,3.3918e-01,5.0020e+00,6.5950e-01,2.6976e-01
9.1400e+03,6.8580e-02,3.3909e-01,5.0020e+00,6.5959e-01,2.6983e-01
9.1500e+03,6.8420e-02,3.3900e-01,5.0020e+00,6.5968e-01,2.6990e-01
9.1600e+03,6.8260e-02,3.3890e-01,5.0020e+00,6.5978e-01,2.6997e-01
9.1700e+03,6.8100e-02,3.3881e-01,5.0020e+00,6.5987e-01,2.7004e-01
9.1800e+03,6.7941e-02,3.3872e-01,5.0020e+00,6.5996e-01,2.7010e-01
9.1900e+03,6.7783e-02,3.3863e-01,5.0020e+00,6.6005e-01,2.7017e-01
9.2000e+03,6.7624e-02,3.3854e-01,5.0020e+00,6.6014e-01,2.7024e-01
9.2100e+03,6.7467e-02,3.3845e-01,5.0020e+00,6.6023e-01,2.7031e-01
9.2200e+03,6.7309e-02,3.3836e-01,5.0020e+00,6.6032e-01,2.7037e-01
9.2300e+03,6.7152e-02,3.3827e-01,5.0020e+00,6.6041e-01,2.7044e-01
9.2400e+03,6.6995e-02,3.3818e-01,5.0020e+00,6.6050e-01,2.7051e-01
9.2500e+03,6.6839e-02,3.3809e-01,5.0020e+00,6.6059e-01,2.7057e-01
9.2600e+03,6.6683e-02,3.3800e-01,5.0020e+00,6.6068e-01,2.7064e-01
9.2700e+03,6.6527e-02,3.3791e-01,5.0020e+00,6.6077e-01,2.7070e-01
9.2800e+03,6.6372e-02,3.3782e-01,5.0020e+00,6.6086e-01,2.7077e-01
9.2900e+03,6.6218e-02,3.3773e-01,5.0020e+00,6.6095e-01,2.7084e-01
9.3000e+03,6.6063e-02,3.3764e-01,5.0020e+00,6.6104e-01,2.7090e-01
9.3100e+03,6.5909e-02,3.3755e-01,5.0020e+00,6.6113e-01,2.7097e-01
9.3200e+03,6.5756e-02,3.3746e-01,5.0020e+00,6.6122e-01,2.7103e-01
9.3300e+03,6.5602e-02,3.3737e-01,5.0020e+00,6.6130e-01,2.7110e-01
9.3400e+03,6.5449e-02,3.3729e-01,5.0020e+00,6.6139e-01,2.7116e-01
9.3500e+03,6.5297e-02,3.3720e-01,5.0020e+00,6.6148e-01,2.7123e-01
9.3600e+03,6.5145e-02,3.3711e-01,5.0020e+00,6.6157e-01,2.7129e-01
9.3700e+03,6.4993e-02,3.3702e-01,5.0020e+00,6.6165e-01,2.7136e-01
9.3800e+03,6.4842e-02,3.3694e-01,5.0020e+00,6.6174e-01,2.7142e-01
9.3900e+03,6.4691e-02,3.3685e-01,5.0020e+00,6.6183e-01,2.7149e-01
9.4000e+03,6.4540e-02,3.3676e-01,5.0020e+00,6.6191e-01,2.7155e-01
9.4100e+03,6.4390e-02,3.3668e-01,5.0020e+00,6.6200e-01,2.7161e-01
9.4200e+03,6.4240e-02,3.3659e-01,5.0020e+00,6.6209e-01,2.7168e-01
9.4300e+03,6.4091e-02,3.3650e-01,5.0020e+00,6.6217e-01,2.7174e-01
9.4400e+03,6.3942e-02,3.3642e-01,5.0020e+00,6.6226e-01,2.7181e-01
9.4500e+03,6.3793e-02,3.3633e-01,5.0020e+00,6.6234e-01,2.7187e-01
9.4600e+03,6.3644e-02,3.3625e-01,5.0020e+00,6.6243e-01,2.7193e-01
9.4700e+03,6.3496e-02,3.3616e-01,5.0020e+00,6.6251e-01,2.7200e-01
9.4800e+03,6.3349e-02,3.3608e-01,5.0020e+00,6.6260e-01,2.7206e-01
9.4900e+03,6.3201e-02,3.3599e-01,5.0020e+00,6.6268e-01,2.7212e-01
9.5000e+03,6.3055e-02,3.3591e-01,5.0020e+00,6.6277e-01,2.7218e-01
9.5100e+03,6.2908e-02,3.3582e-01,5.0020e+00,6.6285e-01,2.7225e-01
9.5200e+03,6.2762e-02,3.3574e-01,5.0020e+00,6.6293e-01,2.7231e-01
9.5300e+03,6.2616e-02,3.3566e-01,5.0020e+00,6.6302e-01,2.7237e-01
9.5400e+03,6.2470e-02,3.3557e-01,5.0020e+00,6.6310e-01,2.7243e-01
9.5500e+03,6.2325e-02,3.3549e-01,5.0020e+00,6.6318e-01,2.7250e-01
9.5600e+03,6.2181e-02,3.3541e-01,5.0020e+00,6.6327e-01,2.7256e-01
9.5700e+03,6.2036e-02,3.3532e-01,5.0020e+00,6.6335e-01,2.7262e-01
9.5800e+03,6.1892e-02,3.3524e-01,5.0020e+00,6.6343e-01,2.7268e-01
9.5900e+03,6.1748e-02,3.3516e-01,5.0020e+00,6.6351e-01,2.7274e-01
9.6000e+03,6.1605e-02,3.3508e-01,5.0020e+00,6.6360e-01,2.7280e-01
9.6100e+03,6.1462e-02,3.3499e-01,5.0020e+00,6.6368e-01,2.7286e-01
9.6200e+03,6.1319e-02,3.3491e-01,5.0020e+00,6.6376e-01,2.7293e-01
9.6300e+03,6.1177e-02,3.3483e-01,5.0020e+00,6.6384e-01,2.7299e-01
9.6400e+03,6.1035e-02,3.3475e-01,5.0020e+00,6.6392e-01,2.7305e-01
9.6500e+03,6.0894e-02,3.3467e-01,5.0020e+00,6.6400e-01,2.7311e-01
9.6600e+03,6.0752e-02,3.3459e-01,5.0020e+00,6.6408e-01,2.7317e-01
9.6700e+03,6.0612e-02,3.3451e-01,5.0020e+00,6.6417e-01,2.7323e-01
9.6800e+03,6.0471e-02,3.3443e-01,5.0020e+00,6.6425e-01,2.7329e-01
9.6900e+03,6.0331e-02,3.3435e-01,5.0020e+00,6.6433e-01,2.7335e-01
9.7000e+03,6.0191e-02,3.3427e-01,5.0020e+00,6.6441e-01,2.7341e-01
9.7100e+03,6.0051e-02,3.3419e-01,5.0020e+00,6.6449e-01,2.7347e-01
9.7200e+03,5.9912e-02,3.3411e-01,5.0020e+00,6.6457e-01,2.7353e-01
9.7300e+03,5.9773e-02,3.3403e-01,5.0020e+00,6.6464e-01,2.7359e-01
9.7400e+03,5.9635e-02,3.3395e-01,5.0020e+00,6.6472e-01,2.7365e-01
9.7500e+03,5.9497e-02,3.3387e-01,5.0020e+00,6.6480e-01,2.7370e-01
9.7600e+03,5.9359e-02,3.3379e-01,5.0020e+00,6.6488e-01,2.7376e-01
9.7700e+03,5.9222e-02,3.3371e-01,5.0020e+00,6.6496e-01,2.7382e-01
9.7800e+03,5.9084e-02,3.3363e-01,5.0020e+00,6.6504e-01,2.7388e-01
9.7900e+03,5.8948e-02,3.3355e-01,5.0020e+00,6.6512e-01,2.7394e-01
9.8000e+03,5.8811e-02,3.3347e-01,5.0020e+00,6.6519e-01,2.7400e-01
9.8100e+03,5.8675e-02,3.3340e-01,5.0020e+00,6.6527e-01,2.7406e-01
9.8200e+03,5.8539e-02,3.3332e-01,5.0020e+00,6.6535e-01,2.7412e-01
9.8300e+03,5.8404e-02,3.3324e-01,5.0020e+00,6.6543e-01,2.7417e-01
9.8400e+03,5.8269e-02,3.3316e-01,5.0020e+00,6.6550e-01,2.7423e-01
9.8500e+03,5.8134e-02,3.3309e-01,5.0020e+00,6.6558e-01,2.7429e-01
9.8600e+03,5.7999e-02,3.3301e-01,5.0020e+00,6.6566e-01,2.7435e-01
9.8700e+03,5.7865e-02,3.3293e-01,5.0020e+00,6.6574e-01,2.7440e-01
9.8800e+03,5.7731e-02,3.3286e-01,5.0020e+00,6.6581e-01,2.7446e-01
9.8900e+03,5.7598e-02,3.3278e-01,5.0020e+00,6.6589e-01,2.7452e-01
9.9000e+03,5.7465e-02,3.3270e-01,5.0020e+00,6.6596e-01,2.7458e-01
9.9100e+03,5.7332e-02,3.3263e-01,5.0020e+00,6.6604e-01,2.7463e-01
9.9200e+03,5.7199e-02,3.3255e-01,5.0020e+00,6.6612e-01,2.7469e-01
9.9300e+03,5.7067e-02,3.3248e-01,5.0020e+00,6.6619e-01,2.7475e-01
9.9400e+03,5.6935e-02,3.3240e-01,5.0020e+00,6.6627e-01,2.7480e-01
9.9500e+03,5.6804e-02,3.3233e-01,5.0020e+00,6.6634e-01,2.7486e-01
9.9600e+03,5.6672e-02,3.3225e-01,5.0020e+00,6.6642e-01,2.7492e-01
9.9700e+03,5.6542e-02,3.3218e-01,5.0020e+00,6.6649e-01,2.7497e-01
9.9800e+03,5.6411e-02,3.3210e-01,5.0020e+00,6.6657e-01,2.7503e-01
9.9900e+03,5.6281e-02,3.3203e-01,5.0020e+00,6.6664e-01,2.7508e-01
1.0000e+04,5.6151e-02,3.3195e-01,5.0020e+00,6.6671e-01,2.7514e-01
1.0010e+04,5.6021e-02,3.3188e-01,5.0020e+00,6.6679e-01,2.7520e-01
1.0020e+04,5.5892e-02,3.3180e-01,5.0020e+00,6.6686e-01,2.7525e-01
1.0030e+04,5.5763e-02,3.3173e-01,5.0020e+00,6.6694e-01,2.7531e-01
1.0040e+04,5.5634e-02,3.3166e-01,5.0020e+00,6.6701e-01,2.7536e-01
1.0050e+04,5.5506e-02,3.3158e-01,5.0020e+00,6.6708e-01,2.7542e-01
1.0060e+04,5.5378e-02,3.3151e-01,5.0020e+00,6.6715e-01,2.7547e-01
1.0070e+04,5.5250e-02,3.3144e-01,5.0020e+00,6.6723e-01,2.7553e-01
1.0080e+04,5.5122e-02,3.3137e-01,5.0020e+00,6.6730e-01,2.7558e-01
1.0090e+04,5.4995e-02,3.3129e-01,5.0020e+00,6.6737e-01,2.7564e-01
1.0100e+04,5.4869e-02,3.3122e-01,5.0020e+00,6.6745e-01,2.7569e-01
1.0110e+04,5.4742e-02,3.3115e-01,5.0020e+00,6.6752e-01,2.7575e-01
1.0120e+04,5.4616e-02,3.3108e-01,5.0020e+00,6.6759e-01,2.7580e-01
1.0130e+04,5.4490e-02,3.3100e-01,5.0020e+00,6.6766e-01,2.7585e-01
1.0140e+04,5.4364e-02,3.3093e-01,5.0020e+00,6.6773e-01,2.7591e-01
1.0150e+04,5.4239e-02,3.3086e-01,5.0020e+00,6.6780e-01,2.7596e-01
1.0160e+04,5.4114e-02,3.3079e-01,5.0020e+00,6.6787e-01,2.7602e-01
1.0170e+04,5.3989e-02,3.3072e-01,5.0020e+00,6.6795e-01,2.7607e-01
1.0180e+04,5.3865e-02,3.3065e-01,5.0020e+00,6.6802e-01,2.7612e-01
1.0190e+04,5.3741e-02,3.3058e-01,5.0020e+00,6.6809e-01,2.7618e-01
1.0200e+04,5.3617e-02,3.3051e-01,5.0020e+00,6.6816e-01,2.7623e-01
1.0210e+04,5.3494e-02,3.3044e-01,5.0020e+00,6.6823e-01,2.7628e-01
1.0220e+04,5.3370e-02,3.3037e-01,5.0020e+00,6.6830e-01,2.7634e-01
1.0230e+04,5.3248e-02,3.3030e-01,5.0020e+00,6.6837e-01,2.7639e-01
1.0240e+04,5.3125e-02,3.3023e-01,5.0020e+00,6.6844e-01,2.7644e-01
1.0250e+04,5.3003e-02,3.3016e-01,5.0020e+00,6.6851e-01,2.7649e-01
1.0260e+04,5.2881e-02,3.3009e-01,5.0020e+00,6.6858e-01,2.7655e-01
1.0270e+04,5.2759e-02,3.3002e-01,5.0020e+00,6.6865e-01,2.7660e-01
1.0280e+04,5.2638e-02,3.2995e-01,5.0020e+00,6.6872e-01,2.7665e-01
1.0290e+04,5.2516e-02,3.2988e-01,5.0020e+00,6.6878e-01,2.7670e-01
1.0300e+04,5.2396e-02,3.2981e-01,5.0020e+00,6.6885e-01,2.7676e-01
1.0310e+04,5.2275e-02,3.2974e-01,5.0020e+00,6.6892e-01,2.7681e-01
1.0320e+04,5.2155e-02,3.2967e-01,5.0020e+00,6.6899e-01,2.7686e-01
1.0330e+04,5.2035e-02,3.2960e-01,5.0020e+00,6.6906e-01,2.7691e-01
1.0340e+04,5.1915e-02,3.2954e-01,5.0020e+00,6.6913e-01,2.7696e-01
1.0350e+04,5.1796e-02,3.2947e-01,5.0020e+00,6.6919e-01,2.7701e-01
1.0360e+04,5.1677e-02,3.2940e-01,5.0020e+00,6.6926e-01,2.7707e-01
1.0370e+04,5.1558e-02,3.2933e-01,5.0020e+00,6.6933e-01,2.7712e-01
1.0380e+04,5.1440e-02,3.2926e-01,5.0020e+00,6.6940e-01,2.7717e-01
1.0390e+04,5.1321e-02,3.2920e-01,5.0020e+00,6.6946e-01,2.7722e-01
1.0400e+04,5.1203e-02,3.2913e-01,5.0020e+00,6.6953e-01,2.7727e-01
1.0410e+04,5.1086e-02,3.2906e-01,5.0020e+00,6.6960e-01,2.7732e-01
1.0420e+04,5.0968e-02,3.2900e-01,5.0020e+00,6.6966e-01,2.7737e-01
1.0430e+04,5.0851e-02,3.2893e-01,5.0020e+00,6.6973e-01,2.7742e-01
1.0440e+04,5.0735e-02,3.2886e-01,5.0020e+00,6.6980e-01,2.7747e-01
1.0450e+04,5.0618e-02,3.2880e-01,5.0020e+00,6.6986e-01,2.7752e-01
1.0460e+04,5.0502e-02,3.2873e-01,5.0020e+00,6.6993e-01,2.7757e-01
1.0470e+04,5.0386e-02,3.2866e-01,5.0020e+00,6.7000e-01,2.7762e-01
1.0480e+04,5.0270e-02,3.2860e-01,5.0020e+00,6.7006e-01,2.7767e-01
1.0490e+04,5.0155e-02,3.2853e-01,5.0020e+00,6.7013e-01,2.7772e-01
1.0500e+04,5.0040e-02,3.2847e-01,5.0020e+00,6.7019e-01,2.7777e-01
1.0510e+04,4.9925e-02,3.2840e-01,5.0020e+00,6.7026e-01,2.7782e-01
1.0520e+04,4.9810e-02,3.2834e-01,5.0020e+00,6.7032e-01,2.7787e-01
1.0530e+04,4.9696e-02,3.2827e-01,5.0020e+00,6.7039e-01,2.7792e-01
1.0540e+04,4.9582e-02,3.2821e-01,5.0020e+00,6.7045e-01,2.7797e-01
1.0550e+04,4.9468e-02,3.2814e-01,5.0020e+00,6.7052e-01,2.7802e-01
1.0560e+04,4.9355e-02,3.2808e-01,5.0020e+00,6.7058e-01,2.7807e-01
1.0570e+04,4.9242e-02,3.2801e-01,5.0020e+00,6.7064e-01,2.7812e-01
1.0580e+04,4.9129e-02,3.2795e-01,5.0020e+00,6.7071e-01,2.7817e-01
1.0590e+04,4.9016e-02,3.2789e-01,5.0020e+00,6.7077e-01,2.7822e-01
1.0600e+04,4.8904e-02,3.2782e-01,5.0020e+00,6.7084e-01,2.7826e-01
1.0610e+04,4.8791e-02,3.2776e-01,5.0020e+00,6.7090e-01,2.7831e-01
1.0620e+04,4.8680e-02,3.2769e-01,5.0020e+00,6.7096e-01,2.7836e-01
1.0630e+04,4.8568e-02,3.2763e-01,5.0020e+00,6.7103e-01,2.7841e-01
1.0640e+04,4.8457e-02,3.2757e-01,5.0020e+00,6.7109e-01,2.7846e-01
1.0650e+04,4.8346e-02,3.2750e-01,5.0020e+00,6.7115e-01,2.7851e-01
1.0660e+04,4.8235e-02,3.2744e-01,5.0020e+00,6.7122e-01,2.7855e-01
1.0670e+04,4.8124e-02,3.2738e-01,5.0020e+00,6.7128e-01,2.7860e-01
1.0680e+04,4.8014e-02,3.2732e-01,5.0020e+00,6.7134e-01,2.7865e-01
1.0690e+04,4.7904e-02,3.2725e-01,5.0020e+00,6.7140e-01,2.7870e-01
1.0700e+04,4.7795e-02,3.2719e-01,5.0020e+00,6.7147e-01,2.7874e-01
1.0710e+04,4.7685e-02,3.2713e-01,5.0020e+00,6.7153e-01,2.7879e-01
1.0720e+04,4.7576e-02,3.2707e-01,5.0020e+00,6.7159e-01,2.7884e-01
1.0730e+04,4.7467e-02,3.2701e-01,5.0020e+00,6.7165e-01,2.7889e-01
1.0740e+04,4.7358e-02,3.2694e-01,5.0020e+00,6.7171e-01,2.7893e-01
1.0750e+04,4.7250e-02,3.2688e-01,5.0020e+00,6.7177e-01,2.7898e-01
1.0760e+04,4.7142e-02,3.2682e-01,5.0020e+00,6.7184e-01,2.7903e-01
1.0770e+04,4.7034e-02,3.2676e-01,5.0020e+00,6.7190e-01,2.7907e-01
1.0780e+04,4.6926e-02,3.2670e-01,5.0020e+00,6.7196e-01,2.7912e-01
1.0790e+04,4.6819e-02,3.2664e-01,5.0020e+00,6.7202e-01,2.7917e-01
1.0800e+04,4.6712e-02,3.2658e-01,5.0020e+00,6.7208e-01,2.7921e-01
1.0810e+04,4.6605e-02,3.2652e-01,5.0020e+00,6.7214e-01,2.7926e-01
1.0820e+04,4.6498e-02,3.2646e-01,5.0020e+00,6.7220e-01,2.7931e-01
1.0830e+04,4.6392e-02,3.2640e-01,5.0020e+00,6.7226e-01,2.7935e-01
1.0840e+04,4.6286e-02,3.2634e-01,5.0020e+00,6.7232e-01,2.7940e-01
1.0850e+04,4.6180e-02,3.2628e-01,5.0020e+00,6.7238e-01,2.7944e-01
1.0860e+04,4.6074e-02,3.2622e-01,5.0020e+00,6.7244e-01,2.7949e-01
1.0870e+04,4.5969e-02,3.2616e-01,5.0020e+00,6.7250e-01,2.7954e-01
1.0880e+04,4.5864e-02,3.2610e-01,5.0020e+00,6.7256e-01,2.7958e-01
1.0890e+04,4.5759e-02,3.2604e-01,5.0020e+00,6.7262e-01,2.7963e-01
1.0900e+04,4.5655e-02,3.2598e-01,5.0020e+00,6.7268e-01,2.7967e-01
1.0910e+04,4.5550e-02,3.2592e-01,5.0020e+00,6.7274e-01,2.7972e-01
1.0920e+04,4.5446e-02,3.2586e-01,5.0020e+00,6.7280e-01,2.7976e-01
1.0930e+04,4.5342e-02,3.2580e-01,5.0020e+00,6.7285e-01,2.7981e-01
1.0940e+04,4.5239e-02,3.2574e-01,5.0020e+00,6.7291e-01,2.7985e-01
1.0950e+04,4.5136e-02,3.2568e-01,5.0020e+00,6.7297e-01,2.7990e-01
1.0960e+04,4.5032e-02,3.2562e-01,5.0020e+00,6.7303e-01,2.7994e-01
1.0970e+04,4.4930e-02,3.2557e-01,5.0020e+00,6.7309e-01,2.7999e-01
1.0980e+04,4.4827e-02,3.2551e-01,5.0020e+00,6.7315e-01,2.8003e-01
1.0990e+04,4.4725e-02,3.2545e-01,5.0020e+00,6.7320e-01,2.8008e-01
1.1000e+04,4.4623e-02,3.2539e-01,5.0020e+00,6.7326e-01,2.8012e-01
1.1010e+04,4.4521e-02,3.2533e-01,5.0020e+00,6.7332e-01,2.8016e-01
1.1020e+04,4.4419e-02,3.2528e-01,5.0020e+00,6.7338e-01,2.8021e-01
1.1030e+04,4.4318e-02,3.2522e-01,5.0020e+00,6.7343e-01,2.8025e-01
1.1040e+04,4.4216e-02,3.2516e-01,5.0020e+00,6.7349e-01,2.8030e-01
1.1050e+04,4.4116e-02,3.2510e-01,5.0020e+00,6.7355e-01,2.8034e-01
1.1060e+04,4.4015e-02,3.2505e-01,5.0020e+00,6.7361e-01,2.8038e-01
1.1070e+04,4.3915e-02,3.2499e-01,5.0020e+00,6.7366e-01,2.8043e-01
1.1080e+04,4.3814e-02,3.2493e-01,5.0020e+00,6.7372e-01,2.8047e-01
1.1090e+04,4.3714e-02,3.2488e-01,5.0020e+00,6.7378e-01,2.8052e-01
1.1100e+04,4.3615e-02,3.2482e-01,5.0020e+00,6.7383e-01,2.8056e-01
1.1110e+04,4.3515e-02,3.2476e-01,5.0020e+00,6.7389e-01,2.8060e-01
1.1120e+04,4.3416e-02,3.2471e-01,5.0020e+00,6.7394e-01,2.8065e-01
1.1130e+04,4.3317e-02,3.2465e-01,5.0020e+00,6.7400e-01,2.8069e-01
1.1140e+04,4.3218e-02,3.2460e-01,5.0020e+00,6.7406e-01,2.8073e-01
1.1150e+04,4.3120e-02,3.2454e-01,5.0020e+00,6.7411e-01,2.8077e-01
1.1160e+04,4.3021e-02,3.2449e-01,5.0020e+00,6.7417e-01,2.8082e-01
1.1170e+04,4.2923e-02,3.2443e-01,5.0020e+00,6.7422e-01,2.8086e-01
1.1180e+04,4.2826e-02,3.2437e-01,5.0020e+00,6.7428e-01,2.8090e-01
1.1190e+04,4.2728e-02,3.2432e-01,5.0020e+00,6.7433e-01,2.8094e-01
1.1200e+04,4.2631e-02,3.2426e-01,5.0020e+00,6.7439e-01,2.8099e-01
1.1210e+04,4.2533e-02,3.2421e-01,5.0020e+00,6.7444e-01,2.8103e-01
1.1220e+04,4.2437e-02,3.2415e-01,5.0020e+00,6.7450e-01,2.8107e-01
1.1230e+04,4.2340e-02,3.2410e-01,5.0020e+00,6.7455e-01,2.8111e-01
1.1240e+04,4.2243e-02,3.2405e-01,5.0020e+00,6.7461e-01,2.8116e-01
1.1250e+04,4.2147e-02,3.2399e-01,5.0020e+00,6.7466e-01,2.8120e-01
1.1260e+04,4.2051e-02,3.2394e-01,5.0020e+00,6.7471e-01,2.8124e-01
1.1270e+04,4.1955e-02,3.2388e-01,5.0020e+00,6.7477e-01,2.8128e-01
1.1280e+04,4.1860e-02,3.2383e-01,5.0020e+00,6.7482e-01,2.8132e-01
1.1290e+04,4.1765e-02,3.2377e-01,5.0020e+00,6.7488e-01,2.8136e-01
1.1300e+04,4.1670e-02,3.2372e-01,5.0020e+00,6.7493e-01,2.8141e-01
1.1310e+04,4.1575e-02,3.2367e-01,5.0020e+00,6.7498e-01,2.8145e-01
1.1320e+04,4.1480e-02,3.2361e-01,5.0020e+00,6.7504e-01,2.8149e-01
1.1330e+04,4.1386e-02,3.2356e-01,5.0020e+00,6.7509e-01,2.8153e-01
1.1340e+04,4.1292e-02,3.2351e-01,5.0020e+00,6.7514e-01,2.8157e-01
1.1350e+04,4.1198e-02,3.2345e-01,5.0020e+00,6.7520e-01,2.8161e-01
1.1360e+04,4.1104e-02,3.2340e-01,5.0020e+00,6.7525e-01,2.8165e-01
1.1370e+04,4.1010e-02,3.2335e-01,5.0020e+00,6.7530e-01,2.8169e-01
1.1380e+04,4.0917e-02,3.2330e-01,5.0020e+00,6.7535e-01,2.8173e-01
1.1390e+04,4.0824e-02,3.2324e-01,5.0020e+00,6.7541e-01,2.8177e-01
1.1400e+04,4.0731e-02,3.2319e-01,5.0020e+00,6.7546e-01,2.8181e-01
1.1410e+04,4.0638e-02,3.2314e-01,5.0020e+00,6.7551e-01,2.8186e-01
1.1420e+04,4.0546e-02,3.2309e-01,5.0020e+00,6.7556e-01,2.8190e-01
1.1430e+04,4.0454e-02,3.2303e-01,5.0020e+00,6.7562e-01,2.8194e-01
1.1440e+04,4.0362e-02,3.2298e-01,5.0020e+00,6.7567e-01,2.8198e-01
1.1450e+04,4.0270e-02,3.2293e-01,5.0020e+00,6.7572e-01,2.8202e-01
1.1460e+04,4.0179e-02,3.2288e-01,5.0020e+00,6.7577e-01,2.8206e-01
1.1470e+04,4.0087e-02,3.2283e-01,5.0020e+00,6.7582e-01,2.8210e-01
1.1480e+04,3.9996e-02,3.2278e-01,5.0020e+00,6.7587e-01,2.8214e-01
1.1490e+04,3.9905e-02,3.2272e-01,5.0020e+00,6.7592e-01,2.8217e-01
1.1500e+04,3.9815e-02,3.2267e-01,5.0020e+00,6.7598e-01,2.8221e-01
1.1510e+04,3.9724e-02,3.2262e-01,5.0020e+00,6.7603e-01,2.8225e-01
1.1520e+04,3.9634e-02,3.2257e-01,5.0020e+00,6.7608e-01,2.8229e-01
1.1530e+04,3.9544e-02,3.2252e-01,5.0020e+00,6.7613e-01,2.8233e-01
1.1540e+04,3.9454e-02,3.2247e-01,5.0020e+00,6.7618e-01,2.8237e-01
1.1550e+04,3.9364e-02,3.2242e-01,5.0020e+00,6.7623e-01,2.8241e-01
1.1560e+04,3.9275e-02,3.2237e-01,5.0020e+00,6.7628e-01,2.8245e-01
1.1570e+04,3.9186e-02,3.2232e-01,5.0020e+00,6.7633e-01,2.8249e-01
1.1580e+04,3.9097e-02,3.2227e-01,5.0020e+00,6.7638e-01,2.8253e-01
