t,[L2M],[D],[L],[L2MD],[L2Ms]
0.0000e+00,2.0000e+00,9.0000e+00,1.2500e+01,0.0000e+00,0.0000e+00
1.0000e+01,1.9700e+00,8.9723e+00,1.2502e+01,2.7598e-02,7.6779e-04
2.0000e+01,1.9421e+00,8.9451e+00,1.2502e+01,5.4809e-02,1.5271e-03
3.0000e+01,1.9146e+00,8.9183e+00,1.2502e+01,8.1556e-02,2.2758e-03
4.0000e+01,1.8875e+00,8.8920e+00,1.2502e+01,1.0785e-01,3.0139e-03
5.0000e+01,1.8610e+00,8.8662e+00,1.2502e+01,1.3370e-01,3.7417e-03
6.0000e+01,1.8348e+00,8.8407e+00,1.2502e+01,1.5911e-01,4.4593e-03
7.0000e+01,1.8091e+00,8.8157e+00,1.2502e+01,1.8410e-01,5.1669e-03
8.0000e+01,1.7839e+00,8.7911e+00,1.2502e+01,2.0867e-01,5.8646e-03
9.0000e+01,1.7590e+00,8.7669e+00,1.2502e+01,2.3283e-01,6.5527e-03
1.0000e+02,1.7346e+00,8.7432e+00,1.2502e+01,2.5659e-01,7.2312e-03
1.1000e+02,1.7105e+00,8.7198e+00,1.2502e+01,2.7996e-01,7.9004e-03
1.2000e+02,1.6869e+00,8.6968e+00,1.2502e+01,3.0295e-01,8.5603e-03
1.3000e+02,1.6636e+00,8.6741e+00,1.2502e+01,3.2557e-01,9.2112e-03
1.4000e+02,1.6407e+00,8.6519e+00,1.2502e+01,3.4781e-01,9.8532e-03
1.5000e+02,1.6182e+00,8.6300e+00,1.2502e+01,3.6970e-01,1.0486e-02
1.6000e+02,1.5961e+00,8.6084e+00,1.2502e+01,3.9123e-01,1.1111e-02
1.7000e+02,1.5743e+00,8.5872e+00,1.2502e+01,4.1242e-01,1.1727e-02
1.8000e+02,1.5528e+00,8.5664e+00,1.2502e+01,4.3327e-01,1.2335e-02
1.9000e+02,1.5317e+00,8.5458e+00,1.2502e+01,4.5378e-01,1.2934e-02
2.0000e+02,1.5109e+00,8.5256e+00,1.2502e+01,4.7397e-01,1.3526e-02
2.1000e+02,1.4904e+00,8.5057e+00,1.2502e+01,4.9384e-01,1.4109e-02
2.2000e+02,1.4703e+00,8.4862e+00,1.2502e+01,5.1340e-01,1.4684e-02
2.3000e+02,1.4505e+00,8.4669e+00,1.2502e+01,5.3265e-01,1.5252e-02
2.4000e+02,1.4310e+00,8.4479e+00,1.2502e+01,5.5160e-01,1.5812e-02
2.5000e+02,1.4118e+00,8.4293e+00,1.2502e+01,5.7026e-01,1.6365e-02
2.6000e+02,1.3929e+00,8.4109e+00,1.2502e+01,5.8862e-01,1.6910e-02
2.7000e+02,1.3742e+00,8.3928e+00,1.2502e+01,6.0671e-01,1.7448e-02
2.8000e+02,1.3559e+00,8.3750e+00,1.2502e+01,6.2451e-01,1.7979e-02
2.9000e+02,1.3379e+00,8.3574e+00,1.2502e+01,6.4204e-01,1.8503e-02
3.0000e+02,1.3201e+00,8.3401e+00,1.2502e+01,6.5930e-01,1.9020e-02
3.1000e+02,1.3026e+00,8.3231e+00,1.2502e+01,6.7630e-01,1.9530e-02
3.2000e+02,1.2853e+00,8.3064e+00,1.2502e+01,6.9304e-01,2.0033e-02
3.3000e+02,1.2683e+00,8.2899e+00,1.2502e+01,7.0953e-01,2.0530e-02
3.4000e+02,1.2516e+00,8.2736e+00,1.2502e+01,7.2576e-01,2.1020e-02
3.5000e+02,1.2351e+00,8.2576e+00,1.2502e+01,7.4176e-01,2.1504e-02
3.6000e+02,1.2189e+00,8.2419e+00,1.2502e+01,7.5751e-01,2.1981e-02
3.7000e+02,1.2029e+00,8.2263e+00,1.2502e+01,7.7303e-01,2.2452e-02
3.8000e+02,1.1872e+00,8.2110e+00,1.2502e+01,7.8832e-01,2.2917e-02
3.9000e+02,1.1717e+00,8.1960e+00,1.2502e+01,8.0337e-01,2.3376e-02
4.0000e+02,1.1564e+00,8.1811e+00,1.2502e+01,8.1821e-01,2.3829e-02
4.1000e+02,1.1413e+00,8.1665e+00,1.2502e+01,8.3283e-01,2.4276e-02
4.2000e+02,1.1265e+00,8.1521e+00,1.2502e+01,8.4723e-01,2.4718e-02
4.3000e+02,1.1118e+00,8.1379e+00,1.2502e+01,8.6142e-01,2.5153e-02
4.4000e+02,1.0974e+00,8.1239e+00,1.2502e+01,8.7540e-01,2.5583e-02
4.5000e+02,1.0832e+00,8.1101e+00,1.2502e+01,8.8918e-01,2.6008e-02
4.6000e+02,1.0692e+00,8.0965e+00,1.2502e+01,9.0276e-01,2.6426e-02
4.7000e+02,1.0554e+00,8.0831e+00,1.2502e+01,9.1614e-01,2.6840e-02
4.8000e+02,1.0418e+00,8.0699e+00,1.2502e+01,9.2933e-01,2.7248e-02
4.9000e+02,1.0284e+00,8.0569e+00,1.2502e+01,9.4232e-01,2.7651e-02
5.0000e+02,1.0152e+00,8.0441e+00,1.2502e+01,9.5513e-01,2.8049e-02
5.1000e+02,1.0022e+00,8.0314e+00,1.2502e+01,9.6776e-01,2.8442e-02
5.2000e+02,9.8937e-01,8.0190e+00,1.2502e+01,9.8021e-01,2.8829e-02
5.3000e+02,9.7672e-01,8.0067e+00,1.2502e+01,9.9247e-01,2.9212e-02
5.4000e+02,9.6425e-01,7.9946e+00,1.2502e+01,1.0046e+00,2.9590e-02
5.5000e+02,9.5195e-01,7.9827e+00,1.2502e+01,1.0165e+00,2.9963e-02
5.6000e+02,9.3983e-01,7.9709e+00,1.2502e+01,1.0282e+00,3.0331e-02
5.7000e+02,9.2788e-01,7.9593e+00,1.2502e+01,1.0398e+00,3.0695e-02
5.8000e+02,9.1610e-01,7.9479e+00,1.2502e+01,1.0512e+00,3.1054e-02
5.9000e+02,9.0448e-01,7.9366e+00,1.2502e+01,1.0625e+00,3.1408e-02
6.0000e+02,8.9303e-01,7.9255e+00,1.2502e+01,1.0736e+00,3.1759e-02
6.1000e+02,8.8173e-01,7.9146e+00,1.2502e+01,1.0846e+00,3.2104e-02
6.2000e+02,8.7060e-01,7.9037e+00,1.2502e+01,1.0954e+00,3.2445e-02
6.3000e+02,8.5961e-01,7.8931e+00,1.2502e+01,1.1060e+00,3.2782e-02
6.4000e+02,8.4878e-01,7.8826e+00,1.2502e+01,1.1165e+00,3.3115e-02
6.5000e+02,8.3810e-01,7.8722e+00,1.2502e+01,1.1269e+00,3.3444e-02
6.6000e+02,8.2757e-01,7.8620e+00,1.2502e+01,1.1371e+00,3.3768e-02
6.7000e+02,8.1718e-01,7.8519e+00,1.2502e+01,1.1471e+00,3.4088e-02
6.8000e+02,8.0694e-01,7.8420e+00,1.2502e+01,1.1571e+00,3.4405e-02
6.9000e+02,7.9683e-01,7.8322e+00,1.2502e+01,1.1669e+00,3.4717e-02
7.0000e+02,7.8686e-01,7.8225e+00,1.2502e+01,1.1765e+00,3.5026e-02
7.1000e+02,7.7703e-01,7.8130e+00,1.2502e+01,1.1860e+00,3.5330e-02
7.2000e+02,7.6734e-01,7.8036e+00,1.2502e+01,1.1954e+00,3.5631e-02
7.3000e+02,7.5777e-01,7.7943e+00,1.2502e+01,1.2047e+00,3.5928e-02
7.4000e+02,7.4834e-01,7.7852e+00,1.2502e+01,1.2138e+00,3.6221e-02
7.5000e+02,7.3903e-01,7.7761e+00,1.2502e+01,1.2229e+00,3.6511e-02
7.6000e+02,7.2985e-01,7.7672e+00,1.2502e+01,1.2318e+00,3.6797e-02
7.7000e+02,7.2079e-01,7.7585e+00,1.2502e+01,1.2405e+00,3.7080e-02
7.8000e+02,7.1185e-01,7.7498e+00,1.2502e+01,1.2492e+00,3.7359e-02
7.9000e+02,7.0303e-01,7.7412e+00,1.2502e+01,1.2577e+00,3.7635e-02
8.0000e+02,6.9434e-01,7.7328e+00,1.2502e+01,1.2662e+00,3.7907e-02
8.1000e+02,6.8575e-01,7.7245e+00,1.2502e+01,1.2745e+00,3.8176e-02
8.2000e+02,6.7729e-01,7.7163e+00,1.2502e+01,1.2827e+00,3.8442e-02
8.3000e+02,6.6893e-01,7.7082e+00,1.2502e+01,1.2908e+00,3.8704e-02
8.4000e+02,6.6069e-01,7.7002e+00,1.2502e+01,1.2988e+00,3.8963e-02
8.5000e+02,6.5255e-01,7.6923e+00,1.2502e+01,1.3066e+00,3.9219e-02
8.6000e+02,6.4453e-01,7.6845e+00,1.2502e+01,1.3144e+00,3.9472e-02
8.7000e+02,6.3661e-01,7.6769e+00,1.2502e+01,1.3221e+00,3.9721e-02
8.8000e+02,6.2879e-01,7.6693e+00,1.2502e+01,1.3296e+00,3.9968e-02
8.9000e+02,6.2108e-01,7.6618e+00,1.2502e+01,1.3371e+00,4.0212e-02
9.0000e+02,6.1347e-01,7.6544e+00,1.2502e+01,1.3445e+00,4.0452e-02
9.1000e+02,6.0596e-01,7.6472e+00,1.2502e+01,1.3518e+00,4.0690e-02
9.2000e+02,5.9855e-01,7.6400e+00,1.2502e+01,1.3589e+00,4.0925e-02
9.3000e+02,5.9123e-01,7.6329e+00,1.2502e+01,1.3660e+00,4.1156e-02
9.4000e+02,5.8401e-01,7.6259e+00,1.2502e+01,1.3730e+00,4.1385e-02
9.5000e+02,5.7689e-01,7.6190e+00,1.2502e+01,1.3799e+00,4.1612e-02
9.6000e+02,5.6985e-01,7.6122e+00,1.2502e+01,1.3867e+00,4.1835e-02
9.7000e+02,5.6291e-01,7.6054e+00,1.2502e+01,1.3934e+00,4.2056e-02
9.8000e+02,5.5606e-01,7.5988e+00,1.2502e+01,1.4001e+00,4.2274e-02
9.9000e+02,5.4930e-01,7.5923e+00,1.2502e+01,1.4066e+00,4.2490e-02
1.0000e+03,5.4263e-01,7.5858e+00,1.2502e+01,1.4131e+00,4.2703e-02
1.0100e+03,5.3604e-01,7.5794e+00,1.2502e+01,1.4194e+00,4.2913e-02
1.0200e+03,5.2954e-01,7.5731e+00,1.2502e+01,1.4257e+00,4.3121e-02
1.0300e+03,5.2312e-01,7.5669e+00,1.2502e+01,1.4320e+00,4.3326e-02
1.0400e+03,5.1678e-01,7.5607e+00,1.2502e+01,1.4381e+00,4.3528e-02
1.0500e+03,5.1053e-01,7.5547e+00,1.2502e+01,1.4441e+00,4.3729e-02
1.0600e+03,5.0435e-01,7.5487e+00,1.2502e+01,1.4501e+00,4.3927e-02
1.0700e+03,4.9826e-01,7.5428e+00,1.2502e+01,1.4560e+00,4.4122e-02
1.0800e+03,4.9224e-01,7.5370e+00,1.2502e+01,1.4618e+00,4.4315e-02
1.0900e+03,4.8630e-01,7.5312e+00,1.2502e+01,1.4676e+00,4.4506e-02
1.1000e+03,4.8043e-01,7.5255e+00,1.2502e+01,1.4733e+00,4.4694e-02
1.1100e+03,4.7465e-01,7.5199e+00,1.2502e+01,1.4789e+00,4.4881e-02
1.1200e+03,4.6893e-01,7.5144e+00,1.2502e+01,1.4844e+00,4.5065e-02
1.1300e+03,4.6329e-01,7.5089e+00,1.2502e+01,1.4899e+00,4.5246e-02
1.1400e+03,4.5771e-01,7.5035e+00,1.2502e+01,1.4953e+00,4.5426e-02
1.1500e+03,4.5221e-01,7.4982e+00,1.2502e+01,1.5006e+00,4.5603e-02
1.1600e+03,4.4678e-01,7.4929e+00,1.2502e+01,1.5058e+00,4.5779e-02
1.1700e+03,4.4142e-01,7.4878e+00,1.2502e+01,1.5110e+00,4.5952e-02
1.1800e+03,4.3613e-01,7.4826e+00,1.2502e+01,1.5162e+00,4.6123e-02
1.1900e+03,4.3090e-01,7.4776e+00,1.2502e+01,1.5212e+00,4.6292e-02
1.2000e+03,4.2574e-01,7.4726e+00,1.2502e+01,1.5262e+00,4.6459e-02
1.2100e+03,4.2064e-01,7.4676e+00,1.2502e+01,1.5311e+00,4.6624e-02
1.2200e+03,4.1561e-01,7.4628e+00,1.2502e+01,1.5360e+00,4.6787e-02
1.2300e+03,4.1064e-01,7.4579e+00,1.2502e+01,1.5408e+00,4.6948e-02
1.2400e+03,4.0573e-01,7.4532e+00,1.2502e+01,1.5456e+00,4.7108e-02
1.2500e+03,4.0089e-01,7.4485e+00,1.2502e+01,1.5503e+00,4.7265e-02
1.2600e+03,3.9610e-01,7.4439e+00,1.2502e+01,1.5549e+00,4.7420e-02
1.2700e+03,3.9138e-01,7.4393e+00,1.2502e+01,1.5595e+00,4.7574e-02
1.2800e+03,3.8671e-01,7.4348e+00,1.2502e+01,1.5640e+00,4.7726e-02
1.2900e+03,3.8210e-01,7.4303e+00,1.2502e+01,1.5684e+00,4.7876e-02
1.3000e+03,3.7755e-01,7.4259e+00,1.2502e+01,1.5728e+00,4.8024e-02
1.3100e+03,3.7306e-01,7.4216e+00,1.2502e+01,1.5772e+00,4.8170e-02
1.3200e+03,3.6862e-01,7.4173e+00,1.2502e+01,1.5815e+00,4.8315e-02
1.3300e+03,3.6424e-01,7.4130e+00,1.2502e+01,1.5857e+00,4.8458e-02
1.3400e+03,3.5991e-01,7.4088e+00,1.2502e+01,1.5899e+00,4.8599e-02
1.3500e+03,3.5564e-01,7.4047e+00,1.2502e+01,1.5940e+00,4.8738e-02
1.3600e+03,3.5141e-01,7.4006e+00,1.2502e+01,1.5981e+00,4.8876e-02
1.3700e+03,3.4725e-01,7.3966e+00,1.2502e+01,1.6021e+00,4.9013e-02
1.3800e+03,3.4313e-01,7.3926e+00,1.2502e+01,1.6061e+00,4.9147e-02
1.3900e+03,3.3906e-01,7.3886e+00,1.2502e+01,1.6101e+00,4.9280e-02
1.4000e+03,3.3504e-01,7.3848e+00,1.2502e+01,1.6139e+00,4.9412e-02
1.4100e+03,3.3108e-01,7.3809e+00,1.2502e+01,1.6178e+00,4.9542e-02
1.4200e+03,3.2716e-01,7.3771e+00,1.2502e+01,1.6216e+00,4.9670e-02
1.4300e+03,3.2329e-01,7.3734e+00,1.2502e+01,1.6253e+00,4.9797e-02
1.4400e+03,3.1947e-01,7.3697e+00,1.2502e+01,1.6290e+00,4.9922e-02
1.4500e+03,3.1569e-01,7.3660e+00,1.2502e+01,1.6327e+00,5.0046e-02
1.4600e+03,3.1196e-01,7.3624e+00,1.2502e+01,1.6363e+00,5.0169e-02
1.4700e+03,3.0828e-01,7.3589e+00,1.2502e+01,1.6398e+00,5.0290e-02
1.4800e+03,3.0464e-01,7.3553e+00,1.2502e+01,1.6434e+00,5.0409e-02
1.4900e+03,3.0105e-01,7.3519e+00,1.2502e+01,1.6468e+00,5.0527e-02
1.5000e+03,2.9750e-01,7.3484e+00,1.2502e+01,1.6503e+00,5.0644e-02
1.5100e+03,2.9399e-01,7.3450e+00,1.2502e+01,1.6536e+00,5.0760e-02
1.5200e+03,2.9053e-01,7.3417e+00,1.2502e+01,1.6570e+00,5.0874e-02
1.5300e+03,2.8711e-01,7.3384e+00,1.2502e+01,1.6603e+00,5.0986e-02
1.5400e+03,2.8373e-01,7.3351e+00,1.2502e+01,1.6636e+00,5.1098e-02
1.5500e+03,2.8039e-01,7.3319e+00,1.2502e+01,1.6668e+00,5.1208e-02
1.5600e+03,2.7709e-01,7.3287e+00,1.2502e+01,1.6700e+00,5.1317e-02
1.5700e+03,2.7383e-01,7.3255e+00,1.2502e+01,1.6731e+00,5.1424e-02
1.5800e+03,2.7062e-01,7.3224e+00,1.2502e+01,1.6763e+00,5.1530e-02
1.5900e+03,2.6744e-01,7.3193e+00,1.2502e+01,1.6793e+00,5.1635e-02
1.6000e+03,2.6430e-01,7.3163e+00,1.2502e+01,1.6824e+00,5.1739e-02
1.6100e+03,2.6119e-01,7.3133e+00,1.2502e+01,1.6854e+00,5.1841e-02
1.6200e+03,2.5813e-01,7.3103e+00,1.2502e+01,1.6883e+00,5.1943e-02
1.6300e+03,2.5510e-01,7.3074e+00,1.2502e+01,1.6913e+00,5.2043e-02
1.6400e+03,2.5211e-01,7.3045e+00,1.2502e+01,1.6941e+00,5.2142e-02
1.6500e+03,2.4916e-01,7.3016e+00,1.2502e+01,1.6970e+00,5.2240e-02
1.6600e+03,2.4624e-01,7.2988e+00,1.2502e+01,1.6998e+00,5.2336e-02
1.6700e+03,2.4335e-01,7.2960e+00,1.2502e+01,1.7026e+00,5.2432e-02
1.6800e+03,2.4050e-01,7.2933e+00,1.2502e+01,1.7054e+00,5.2526e-02
1.6900e+03,2.3769e-01,7.2905e+00,1.2502e+01,1.7081e+00,5.2620e-02
1.7000e+03,2.3491e-01,7.2878e+00,1.2502e+01,1.7108e+00,5.2712e-02
1.7100e+03,2.3216e-01,7.2852e+00,1.2502e+01,1.7134e+00,5.2803e-02
1.7200e+03,2.2945e-01,7.2826e+00,1.2502e+01,1.7161e+00,5.2893e-02
1.7300e+03,2.2677e-01,7.2800e+00,1.2502e+01,1.7187e+00,5.2982e-02
1.7400e+03,2.2412e-01,7.2774e+00,1.2502e+01,1.7212e+00,5.3070e-02
1.7500e+03,2.2150e-01,7.2749e+00,1.2502e+01,1.7237e+00,5.3157e-02
1.7600e+03,2.1891e-01,7.2724e+00,1.2502e+01,1.7262e+00,5.3243e-02
1.7700e+03,2.1636e-01,7.2699e+00,1.2502e+01,1.7287e+00,5.3328e-02
1.7800e+03,2.1383e-01,7.2675e+00,1.2502e+01,1.7312e+00,5.3412e-02
1.7900e+03,2.1134e-01,7.2650e+00,1.2502e+01,1.7336e+00,5.3495e-02
1.8000e+03,2.0887e-01,7.2627e+00,1.2502e+01,1.7360e+00,5.3577e-02
1.8100e+03,2.0644e-01,7.2603e+00,1.2502e+01,1.7383e+00,5.3658e-02
1.8200e+03,2.0403e-01,7.2580e+00,1.2502e+01,1.7406e+00,5.3738e-02
1.8300e+03,2.0166e-01,7.2557e+00,1.2502e+01,1.7429e+00,5.3817e-02
1.8400e+03,1.9931e-01,7.2534e+00,1.2502e+01,1.7452e+00,5.3895e-02
1.8500e+03,1.9699e-01,7.2512e+00,1.2502e+01,1.7474e+00,5.3973e-02
1.8600e+03,1.9469e-01,7.2489e+00,1.2502e+01,1.7497e+00,5.4049e-02
1.8700e+03,1.9243e-01,7.2467e+00,1.2502e+01,1.7518e+00,5.4125e-02
1.8800e+03,1.9019e-01,7.2446e+00,1.2502e+01,1.7540e+00,5.4199e-02
1.8900e+03,1.8798e-01,7.2424e+00,1.2502e+01,1.7562e+00,5.4273e-02
1.9000e+03,1.8579e-01,7.2403e+00,1.2502e+01,1.7583e+00,5.4346e-02
1.9100e+03,1.8363e-01,7.2382e+00,1.2502e+01,1.7604e+00,5.4418e-02
1.9200e+03,1.8150e-01,7.2362e+00,1.2502e+01,1.7624e+00,5.4489e-02
1.9300e+03,1.7939e-01,7.2341e+00,1.2502e+01,1.7645e+00,5.4560e-02
1.9400e+03,1.7731e-01,7.2321e+00,1.2502e+01,1.7665e+00,5.4629e-02
1.9500e+03,1.7525e-01,7.2301e+00,1.2502e+01,1.7685e+00,5.4698e-02
1.9600e+03,1.7321e-01,7.2282e+00,1.2502e+01,1.7704e+00,5.4766e-02
1.9700e+03,1.7120e-01,7.2262e+00,1.2502e+01,1.7724e+00,5.4833e-02
1.9800e+03,1.6922e-01,7.2243e+00,1.2502e+01,1.7743e+00,5.4900e-02
1.9900e+03,1.6725e-01,7.2224e+00,1.2502e+01,1.7762e+00,5.4965e-02
2.0000e+03,1.6531e-01,7.2205e+00,1.2502e+01,1.7781e+00,5.5030e-02
2.0100e+03,1.6340e-01,7.2187e+00,1.2502e+01,1.7799e+00,5.5094e-02
2.0200e+03,1.6150e-01,7.2168e+00,1.2502e+01,1.7817e+00,5.5158e-02
2.0300e+03,1.5963e-01,7.2150e+00,1.2502e+01,1.7835e+00,5.5221e-02
2.0400e+03,1.5778e-01,7.2132e+00,1.2502e+01,1.7853e+00,5.5282e-02
2.0500e+03,1.5595e-01,7.2115e+00,1.2502e+01,1.7871e+00,5.5344e-02
2.0600e+03,1.5415e-01,7.2097e+00,1.2502e+01,1.7888e+00,5.5404e-02
2.0700e+03,1.5236e-01,7.2080e+00,1.2502e+01,1.7906e+00,5.5464e-02
2.0800e+03,1.5060e-01,7.2063e+00,1.2502e+01,1.7923e+00,5.5523e-02
2.0900e+03,1.4886e-01,7.2046e+00,1.2502e+01,1.7940e+00,5.5582e-02
2.1000e+03,1.4713e-01,7.2029e+00,1.2502e+01,1.7956e+00,5.5639e-02
2.1100e+03,1.4543e-01,7.2013e+00,1.2502e+01,1.7973e+00,5.5696e-02
2.1200e+03,1.4375e-01,7.1997e+00,1.2502e+01,1.7989e+00,5.5753e-02
2.1300e+03,1.4209e-01,7.1981e+00,1.2502e+01,1.8005e+00,5.5809e-02
2.1400e+03,1.4045e-01,7.1965e+00,1.2502e+01,1.8021e+00,5.5864e-02
2.1500e+03,1.3882e-01,7.1949e+00,1.2502e+01,1.8037e+00,5.5918e-02
2.1600e+03,1.3722e-01,7.1933e+00,1.2502e+01,1.8052e+00,5.5972e-02
2.1700e+03,1.3563e-01,7.1918e+00,1.2502e+01,1.8067e+00,5.6025e-02
2.1800e+03,1.3407e-01,7.1903e+00,1.2502e+01,1.8083e+00,5.6078e-02
2.1900e+03,1.3252e-01,7.1888e+00,1.2502e+01,1.8098e+00,5.6130e-02
2.2000e+03,1.3099e-01,7.1873e+00,1.2502e+01,1.8112e+00,5.6182e-02
2.2100e+03,1.2948e-01,7.1859e+00,1.2502e+01,1.8127e+00,5.6232e-02
2.2200e+03,1.2798e-01,7.1844e+00,1.2502e+01,1.8141e+00,5.6283e-02
2.2300e+03,1.2650e-01,7.1830e+00,1.2502e+01,1.8156e+00,5.6332e-02
2.2400e+03,1.2504e-01,7.1816e+00,1.2502e+01,1.8170e+00,5.6381e-02
2.2500e+03,1.2360e-01,7.1802e+00,1.2502e+01,1.8184e+00,5.6430e-02
2.2600e+03,1.2218e-01,7.1788e+00,1.2502e+01,1.8197e+00,5.6478e-02
2.2700e+03,1.2077e-01,7.1774e+00,1.2502e+01,1.8211e+00,5.6525e-02
2.2800e+03,1.1938e-01,7.1761e+00,1.2502e+01,1.8225e+00,5.6572e-02
2.2900e+03,1.1800e-01,7.1748e+00,1.2502e+01,1.8238e+00,5.6619e-02
2.3000e+03,1.1664e-01,7.1734e+00,1.2502e+01,1.8251e+00,5.6664e-02
2.3100e+03,1.1529e-01,7.1721e+00,1.2502e+01,1.8264e+00,5.6710e-02
2.3200e+03,1.1397e-01,7.1709e+00,1.2502e+01,1.8277e+00,5.6754e-02
2.3300e+03,1.1265e-01,7.1696e+00,1.2502e+01,1.8289e+00,5.6799e-02
2.3400e+03,1.1136e-01,7.1683e+00,1.2502e+01,1.8302e+00,5.6842e-02
2.3500e+03,1.1007e-01,7.1671e+00,1.2502e+01,1.8314e+00,5.6886e-02
2.3600e+03,1.0881e-01,7.1659e+00,1.2502e+01,1.8327e+00,5.6928e-02
2.3700e+03,1.0755e-01,7.1647e+00,1.2502e+01,1.8339e+00,5.6971e-02
2.3800e+03,1.0632e-01,7.1635e+00,1.2502e+01,1.8351e+00,5.7012e-02
2.3900e+03,1.0509e-01,7.1623e+00,1.2502e+01,1.8363e+00,5.7054e-02
2.4000e+03,1.0388e-01,7.1611e+00,1.2502e+01,1.8374e+00,5.7094e-02
2.4100e+03,1.0269e-01,7.1599e+00,1.2502e+01,1.8386e+00,5.7135e-02
2.4200e+03,1.0151e-01,7.1588e+00,1.2502e+01,1.8397e+00,5.7175e-02
2.4300e+03,1.0034e-01,7.1577e+00,1.2502e+01,1.8408e+00,5.7214e-02
2.4400e+03,9.9185e-02,7.1566e+00,1.2502e+01,1.8420e+00,5.7253e-02
2.4500e+03,9.8044e-02,7.1555e+00,1.2502e+01,1.8431e+00,5.7291e-02
2.4600e+03,9.6917e-02,7.1544e+00,1.2502e+01,1.8442e+00,5.7329e-02
2.4700e+03,9.5803e-02,7.1533e+00,1.2502e+01,1.8452e+00,5.7367e-02
2.4800e+03,9.4702e-02,7.1522e+00,1.2502e+01,1.8463e+00,5.7404e-02
2.4900e+03,9.3614e-02,7.1512e+00,1.2502e+01,1.8473e+00,5.7441e-02
2.5000e+03,9.2538e-02,7.1501e+00,1.2502e+01,1.8484e+00,5.7477e-02
2.5100e+03,9.1475e-02,7.1491e+00,1.2502e+01,1.8494e+00,5.7513e-02
2.5200e+03,9.0424e-02,7.1481e+00,1.2502e+01,1.8504e+00,5.7549e-02
2.5300e+03,8.9386e-02,7.1471e+00,1.2502e+01,1.8514e+00,5.7584e-02
2.5400e+03,8.8359e-02,7.1461e+00,1.2502e+01,1.8524e+00,5.7619e-02
2.5500e+03,8.7344e-02,7.1451e+00,1.2502e+01,1.8534e+00,5.7653e-02
2.5600e+03,8.6342e-02,7.1441e+00,1.2502e+01,1.8544e+00,5.7687e-02
2.5700e+03,8.5350e-02,7.1432e+00,1.2502e+01,1.8553e+00,5.7720e-02
2.5800e+03,8.4371e-02,7.1422e+00,1.2502e+01,1.8563e+00,5.7753e-02
2.5900e+03,8.3402e-02,7.1413e+00,1.2502e+01,1.8572e+00,5.7786e-02
2.6000e+03,8.2445e-02,7.1404e+00,1.2502e+01,1.8581e+00,5.7818e-02
2.6100e+03,8.1499e-02,7.1395e+00,1.2502e+01,1.8591e+00,5.7850e-02
2.6200e+03,8.0564e-02,7.1386e+00,1.2502e+01,1.8600e+00,5.7882e-02
2.6300e+03,7.9640e-02,7.1377e+00,1.2502e+01,1.8608e+00,5.7913e-02
2.6400e+03,7.8727e-02,7.1368e+00,1.2502e+01,1.8617e+00,5.7944e-02
2.6500e+03,7.7824e-02,7.1359e+00,1.2502e+01,1.8626e+00,5.7975e-02
2.6600e+03,7.6931e-02,7.1350e+00,1.2502e+01,1.8635e+00,5.8005e-02
2.6700e+03,7.6049e-02,7.1342e+00,1.2502e+01,1.8643e+00,5.8035e-02
2.6800e+03,7.5177e-02,7.1333e+00,1.2502e+01,1.8652e+00,5.8064e-02
2.6900e+03,7.4315e-02,7.1325e+00,1.2502e+01,1.8660e+00,5.8094e-02
2.7000e+03,7.3464e-02,7.1317e+00,1.2502e+01,1.8668e+00,5.8123e-02
2.7100e+03,7.2622e-02,7.1309e+00,1.2502e+01,1.8676e+00,5.8151e-02
2.7200e+03,7.1789e-02,7.1301e+00,1.2502e+01,1.8684e+00,5.8179e-02
2.7300e+03,7.0967e-02,7.1293e+00,1.2502e+01,1.8692e+00,5.8207e-02
2.7400e+03,7.0154e-02,7.1285e+00,1.2502e+01,1.8700e+00,5.8235e-02
2.7500e+03,6.9350e-02,7.1277e+00,1.2502e+01,1.8708e+00,5.8262e-02
2.7600e+03,6.8556e-02,7.1269e+00,1.2502e+01,1.8716e+00,5.8289e-02
2.7700e+03,6.7770e-02,7.1262e+00,1.2502e+01,1.8723e+00,5.8315e-02
2.7800e+03,6.6994e-02,7.1254e+00,1.2502e+01,1.8731e+00,5.8342e-02
2.7900e+03,6.6227e-02,7.1247e+00,1.2502e+01,1.8738e+00,5.8368e-02
2.8000e+03,6.5469e-02,7.1240e+00,1.2502e+01,1.8745e+00,5.8393e-02
2.8100e+03,6.4719e-02,7.1232e+00,1.2502e+01,1.8753e+00,5.8419e-02
2.8200e+03,6.3978e-02,7.1225e+00,1.2502e+01,1.8760e+00,5.8444e-02
2.8300e+03,6.3246e-02,7.1218e+00,1.2502e+01,1.8767e+00,5.8469e-02
2.8400e+03,6.2522e-02,7.1211e+00,1.2502e+01,1.8774e+00,5.8493e-02
2.8500e+03,6.1806e-02,7.1204e+00,1.2502e+01,1.8781e+00,5.8518e-02
2.8600e+03,6.1099e-02,7.1197e+00,1.2502e+01,1.8788e+00,5.8542e-02
2.8700e+03,6.0400e-02,7.1191e+00,1.2502e+01,1.8794e+00,5.8565e-02
2.8800e+03,5.9709e-02,7.1184e+00,1.2502e+01,1.8801e+00,5.8589e-02
2.8900e+03,5.9025e-02,7.1177e+00,1.2502e+01,1.8808e+00,5.8612e-02
2.9000e+03,5.8350e-02,7.1171e+00,1.2502e+01,1.8814e+00,5.8635e-02
2.9100e+03,5.7683e-02,7.1164e+00,1.2502e+01,1.8821e+00,5.8658e-02
2.9200e+03,5.7023e-02,7.1158e+00,1.2502e+01,1.8827e+00,5.8680e-02
2.9300e+03,5.6371e-02,7.1152e+00,1.2502e+01,1.8833e+00,5.8702e-02
2.9400e+03,5.5726e-02,7.1145e+00,1.2502e+01,1.8840e+00,5.8724e-02
2.9500e+03,5.5089e-02,7.1139e+00,1.2502e+01,1.8846e+00,5.8746e-02
2.9600e+03,5.4459e-02,7.1133e+00,1.2502e+01,1.8852e+00,5.8767e-02
2.9700e+03,5.3836e-02,7.1127e+00,1.2502e+01,1.8858e+00,5.8788e-02
2.9800e+03,5.3221e-02,7.1121e+00,1.2502e+01,1.8864e+00,5.8809e-02
2.9900e+03,5.2612e-02,7.1115e+00,1.2502e+01,1.8870e+00,5.8830e-02
3.0000e+03,5.2011e-02,7.1109e+00,1.2502e+01,1.8875e+00,5.8850e-02
3.0100e+03,5.1416e-02,7.1104e+00,1.2502e+01,1.8881e+00,5.8870e-02
3.0200e+03,5.0829e-02,7.1098e+00,1.2502e+01,1.8887e+00,5.8890e-02
3.0300e+03,5.0248e-02,7.1092e+00,1.2502e+01,1.8892e+00,5.8910e-02
3.0400e+03,4.9674e-02,7.1087e+00,1.2502e+01,1.8898e+00,5.8929e-02
3.0500e+03,4.9106e-02,7.1081e+00,1.2502e+01,1.8903e+00,5.8949e-02
3.0600e+03,4.8545e-02,7.1076e+00,1.2502e+01,1.8909e+00,5.8968e-02
3.0700e+03,4.7990e-02,7.1071e+00,1.2502e+01,1.8914e+00,5.8987e-02
3.0800e+03,4.7442e-02,7.1065e+00,1.2502e+01,1.8920e+00,5.9005e-02
3.0900e+03,4.6900e-02,7.1060e+00,1.2502e+01,1.8925e+00,5.9024e-02
3.1000e+03,4.6364e-02,7.1055e+00,1.2502e+01,1.8930e+00,5.9042e-02
3.1100e+03,4.5835e-02,7.1050e+00,1.2502e+01,1.8935e+00,5.9060e-02
3.1200e+03,4.5311e-02,7.1045e+00,1.2502e+01,1.8940e+00,5.9078e-02
3.1300e+03,4.4794e-02,7.1040e+00,1.2502e+01,1.8945e+00,5.9095e-02
3.1400e+03,4.4282e-02,7.1035e+00,1.2502e+01,1.8950e+00,5.9113e-02
3.1500e+03,4.3777e-02,7.1030e+00,1.2502e+01,1.8955e+00,5.9130e-02
3.1600e+03,4.3277e-02,7.1025e+00,1.2502e+01,1.8960e+00,5.9147e-02
3.1700e+03,4.2783e-02,7.1020e+00,1.2502e+01,1.8965e+00,5.9164e-02
3.1800e+03,4.2294e-02,7.1016e+00,1.2502e+01,1.8969e+00,5.9180e-02
3.1900e+03,4.1811e-02,7.1011e+00,1.2502e+01,1.8974e+00,5.9197e-02
3.2000e+03,4.1334e-02,7.1006e+00,1.2502e+01,1.8979e+00,5.9213e-02
3.2100e+03,4.0862e-02,7.1002e+00,1.2502e+01,1.8983e+00,5.9229e-02
3.2200e+03,4.0396e-02,7.0997e+00,1.2502e+01,1.8988e+00,5.9245e-02
3.2300e+03,3.9935e-02,7.0993e+00,1.2502e+01,1.8992e+00,5.9261e-02
3.2400e+03,3.9479e-02,7.0988e+00,1.2502e+01,1.8996e+00,5.9276e-02
3.2500e+03,3.9029e-02,7.0984e+00,1.2502e+01,1.9001e+00,5.9291e-02
3.2600e+03,3.8583e-02,7.0980e+00,1.2502e+01,1.9005e+00,5.9307e-02
3.2700e+03,3.8143e-02,7.0975e+00,1.2502e+01,1.9009e+00,5.9321e-02
3.2800e+03,3.7708e-02,7.0971e+00,1.2502e+01,1.9014e+00,5.9336e-02
3.2900e+03,3.7278e-02,7.0967e+00,1.2502e+01,1.9018e+00,5.9351e-02
3.3000e+03,3.6852e-02,7.0963e+00,1.2502e+01,1.9022e+00,5.9365e-02
3.3100e+03,3.6432e-02,7.0959e+00,1.2502e+01,1.9026e+00,5.9380e-02
3.3200e+03,3.6016e-02,7.0955e+00,1.2502e+01,1.9030e+00,5.9394e-02
3.3300e+03,3.5605e-02,7.0951e+00,1.2502e+01,1.9034e+00,5.9408e-02
3.3400e+03,3.5199e-02,7.0947e+00,1.2502e+01,1.9038e+00,5.9422e-02
3.3500e+03,3.4798e-02,7.0943e+00,1.2502e+01,1.9042e+00,5.9435e-02
3.3600e+03,3.4401e-02,7.0939e+00,1.2502e+01,1.9046e+00,5.9449e-02
3.3700e+03,3.4009e-02,7.0935e+00,1.2502e+01,1.9049e+00,5.9462e-02
3.3800e+03,3.3621e-02,7.0932e+00,1.2502e+01,1.9053e+00,5.9475e-02
3.3900e+03,3.3237e-02,7.0928e+00,1.2502e+01,1.9057e+00,5.9488e-02
3.4000e+03,3.2858e-02,7.0924e+00,1.2502e+01,1.9060e+00,5.9501e-02
3.4100e+03,3.2484e-02,7.0921e+00,1.2502e+01,1.9064e+00,5.9514e-02
3.4200e+03,3.2113e-02,7.0917e+00,1.2502e+01,1.9068e+00,5.9527e-02
3.4300e+03,3.1747e-02,7.0914e+00,1.2502e+01,1.9071e+00,5.9539e-02
3.4400e+03,3.1385e-02,7.0910e+00,1.2502e+01,1.9075e+00,5.9552e-02
3.4500e+03,3.1028e-02,7.0907e+00,1.2502e+01,1.9078e+00,5.9564e-02
3.4600e+03,3.0674e-02,7.0903e+00,1.2502e+01,1.9082e+00,5.9576e-02
3.4700e+03,3.0324e-02,7.0900e+00,1.2502e+01,1.9085e+00,5.9588e-02
3.4800e+03,2.9979e-02,7.0896e+00,1.2502e+01,1.9088e+00,5.9599e-02
3.4900e+03,2.9637e-02,7.0893e+00,1.2502e+01,1.9092e+00,5.9611e-02
3.5000e+03,2.9299e-02,7.0890e+00,1.2502e+01,1.9095e+00,5.9623e-02
3.5100e+03,2.8965e-02,7.0887e+00,1.2502e+01,1.9098e+00,5.9634e-02
3.5200e+03,2.8635e-02,7.0884e+00,1.2502e+01,1.9101e+00,5.9645e-02
3.5300e+03,2.8309e-02,7.0880e+00,1.2502e+01,1.9104e+00,5.9656e-02
3.5400e+03,2.7986e-02,7.0877e+00,1.2502e+01,1.9107e+00,5.9667e-02
3.5500e+03,2.7667e-02,7.0874e+00,1.2502e+01,1.9111e+00,5.9678e-02
3.5600e+03,2.7352e-02,7.0871e+00,1.2502e+01,1.9114e+00,5.9689e-02
3.5700e+03,2.7040e-02,7.0868e+00,1.2502e+01,1.9117e+00,5.9700e-02
3.5800e+03,2.6732e-02,7.0865e+00,1.2502e+01,1.9120e+00,5.9710e-02
3.5900e+03,2.6428e-02,7.0862e+00,1.2502e+01,1.9123e+00,5.9720e-02
3.6000e+03,2.6126e-02,7.0859e+00,1.2502e+01,1.9125e+00,5.9731e-02
3.6100e+03,2.5829e-02,7.0856e+00,1.2502e+01,1.9128e+00,5.9741e-02
3.6200e+03,2.5535e-02,7.0854e+00,1.2502e+01,1.9131e+00,5.9751e-02
3.6300e+03,2.5244e-02,7.0851e+00,1.2502e+01,1.9134e+00,5.9761e-02
3.6400e+03,2.4956e-02,7.0848e+00,1.2502e+01,1.9137e+00,5.9771e-02
3.6500e+03,2.4672e-02,7.0845e+00,1.2502e+01,1.9139e+00,5.9780e-02
3.6600e+03,2.4391e-02,7.0842e+00,1.2502e+01,1.9142e+00,5.9790e-02
3.6700e+03,2.4113e-02,7.0840e+00,1.2502e+01,1.9145e+00,5.9799e-02
3.6800e+03,2.3838e-02,7.0837e+00,1.2502e+01,1.9148e+00,5.9809e-02
3.6900e+03,2.3567e-02,7.0835e+00,1.2502e+01,1.9150e+00,5.9818e-02
3.7000e+03,2.3299e-02,7.0832e+00,1.2502e+01,1.9153e+00,5.9827e-02
3.7100e+03,2.3033e-02,7.0829e+00,1.2502e+01,1.9155e+00,5.9836e-02
3.7200e+03,2.2771e-02,7.0827e+00,1.2502e+01,1.9158e+00,5.9845e-02
3.7300e+03,2.2512e-02,7.0824e+00,1.2502e+01,1.9160e+00,5.9854e-02
3.7400e+03,2.2255e-02,7.0822e+00,1.2502e+01,1.9163e+00,5.9863e-02
3.7500e+03,2.2002e-02,7.0819e+00,1.2502e+01,1.9165e+00,5.9871e-02
3.7600e+03,2.1751e-02,7.0817e+00,1.2502e+01,1.9168e+00,5.9880e-02
3.7700e+03,2.1504e-02,7.0815e+00,1.2502e+01,1.9170e+00,5.9888e-02
3.7800e+03,2.1259e-02,7.0812e+00,1.2502e+01,1.9172e+00,5.9897e-02
3.7900e+03,2.1017e-02,7.0810e+00,1.2502e+01,1.9175e+00,5.9905e-02
3.8000e+03,2.0777e-02,7.0808e+00,1.2502e+01,1.9177e+00,5.9913e-02
3.8100e+03,2.0541e-02,7.0805e+00,1.2502e+01,1.9179e+00,5.9921e-02
3.8200e+03,2.0307e-02,7.0803e+00,1.2502e+01,1.9182e+00,5.9929e-02
3.8300e+03,2.0076e-02,7.0801e+00,1.2502e+01,1.9184e+00,5.9937e-02
3.8400e+03,1.9847e-02,7.0799e+00,1.2502e+01,1.9186e+00,5.9945e-02
3.8500e+03,1.9621e-02,7.0796e+00,1.2502e+01,1.9188e+00,5.9952e-02
3.8600e+03,1.9398e-02,7.0794e+00,1.2502e+01,1.9190e+00,5.9960e-02
3.8700e+03,1.9177e-02,7.0792e+00,1.2502e+01,1.9193e+00,5.9968e-02
3.8800e+03,1.8959e-02,7.0790e+00,1.2502e+01,1.9195e+00,5.9975e-02
3.8900e+03,1.8743e-02,7.0788e+00,1.2502e+01,1.9197e+00,5.9982e-02
3.9000e+03,1.8530e-02,7.0786e+00,1.2502e+01,1.9199e+00,5.9990e-02
3.9100e+03,1.8319e-02,7.0784e+00,1.2502e+01,1.9201e+00,5.9997e-02
3.9200e+03,1.8110e-02,7.0782e+00,1.2502e+01,1.9203e+00,6.0004e-02
3.9300e+03,1.7904e-02,7.0780e+00,1.2502e+01,1.9205e+00,6.0011e-02
3.9400e+03,1.7701e-02,7.0778e+00,1.2502e+01,1.9207e+00,6.0018e-02
3.9500e+03,1.7499e-02,7.0776e+00,1.2502e+01,1.9209e+00,6.0025e-02
3.9600e+03,1.7300e-02,7.0774e+00,1.2502e+01,1.9211e+00,6.0032e-02
3.9700e+03,1.7103e-02,7.0772e+00,1.2502e+01,1.9213e+00,6.0038e-02
3.9800e+03,1.6909e-02,7.0770e+00,1.2502e+01,1.9214e+00,6.0045e-02
3.9900e+03,1.6716e-02,7.0768e+00,1.2502e+01,1.9216e+00,6.0052e-02
4.0000e+03,1.6526e-02,7.0766e+00,1.2502e+01,1.9218e+00,6.0058e-02
4.0100e+03,1.6338e-02,7.0765e+00,1.2502e+01,1.9220e+00,6.0064e-02
4.0200e+03,1.6152e-02,7.0763e+00,1.2502e+01,1.9222e+00,6.0071e-02
4.0300e+03,1.5968e-02,7.0761e+00,1.2502e+01,1.9224e+00,6.0077e-02
4.0400e+03,1.5786e-02,7.0759e+00,1.2502e+01,1.9225e+00,6.0083e-02
4.0500e+03,1.5607e-02,7.0758e+00,1.2502e+01,1.9227e+00,6.0089e-02
4.0600e+03,1.5429e-02,7.0756e+00,1.2502e+01,1.9229e+00,6.0095e-02
4.0700e+03,1.5254e-02,7.0754e+00,1.2502e+01,1.9230e+00,6.0101e-02
4.0800e+03,1.5080e-02,7.0752e+00,1.2502e+01,1.9232e+00,6.0107e-02
4.0900e+03,1.4909e-02,7.0751e+00,1.2502e+01,1.9234e+00,6.0113e-02
4.1000e+03,1.4739e-02,7.0749e+00,1.2502e+01,1.9235e+00,6.0119e-02
4.1100e+03,1.4571e-02,7.0748e+00,1.2502e+01,1.9237e+00,6.0125e-02
4.1200e+03,1.4406e-02,7.0746e+00,1.2502e+01,1.9239e+00,6.0130e-02
4.1300e+03,1.4242e-02,7.0744e+00,1.2502e+01,1.9240e+00,6.0136e-02
4.1400e+03,1.4080e-02,7.0743e+00,1.2502e+01,1.9242e+00,6.0142e-02
4.1500e+03,1.3920e-02,7.0741e+00,1.2502e+01,1.9243e+00,6.0147e-02
4.1600e+03,1.3761e-02,7.0740e+00,1.2502e+01,1.9245e+00,6.0152e-02
4.1700e+03,1.3605e-02,7.0738e+00,1.2502e+01,1.9246e+00,6.0158e-02
4.1800e+03,1.3450e-02,7.0737e+00,1.2502e+01,1.9248e+00,6.0163e-02
4.1900e+03,1.3297e-02,7.0735e+00,1.2502e+01,1.9249e+00,6.0168e-02
4.2000e+03,1.3146e-02,7.0734e+00,1.2502e+01,1.9251e+00,6.0173e-02
4.2100e+03,1.2996e-02,7.0732e+00,1.2502e+01,1.9252e+00,6.0179e-02
4.2200e+03,1.2848e-02,7.0731e+00,1.2502e+01,1.9254e+00,6.0184e-02
4.2300e+03,1.2702e-02,7.0729e+00,1.2502e+01,1.9255e+00,6.0189e-02
4.2400e+03,1.2558e-02,7.0728e+00,1.2502e+01,1.9257e+00,6.0194e-02
4.2500e+03,1.2415e-02,7.0727e+00,1.2502e+01,1.9258e+00,6.0198e-02
4.2600e+03,1.2274e-02,7.0725e+00,1.2502e+01,1.9259e+00,6.0203e-02
4.2700e+03,1.2134e-02,7.0724e+00,1.2502e+01,1.9261e+00,6.0208e-02
4.2800e+03,1.1996e-02,7.0723e+00,1.2502e+01,1.9262e+00,6.0213e-02
4.2900e+03,1.1860e-02,7.0721e+00,1.2502e+01,1.9263e+00,6.0217e-02
4.3000e+03,1.1725e-02,7.0720e+00,1.2502e+01,1.9265e+00,6.0222e-02
4.3100e+03,1.1592e-02,7.0719e+00,1.2502e+01,1.9266e+00,6.0226e-02
4.3200e+03,1.1460e-02,7.0717e+00,1.2502e+01,1.9267e+00,6.0231e-02
4.3300e+03,1.1330e-02,7.0716e+00,1.2502e+01,1.9268e+00,6.0235e-02
4.3400e+03,1.1201e-02,7.0715e+00,1.2502e+01,1.9270e+00,6.0240e-02
4.3500e+03,1.1073e-02,7.0714e+00,1.2502e+01,1.9271e+00,6.0244e-02
4.3600e+03,1.0947e-02,7.0713e+00,1.2502e+01,1.9272e+00,6.0248e-02
4.3700e+03,1.0823e-02,7.0711e+00,1.2502e+01,1.9273e+00,6.0253e-02
4.3800e+03,1.0700e-02,7.0710e+00,1.2502e+01,1.9274e+00,6.0257e-02
4.3900e+03,1.0578e-02,7.0709e+00,1.2502e+01,1.9276e+00,6.0261e-02
4.4000e+03,1.0458e-02,7.0708e+00,1.2502e+01,1.9277e+00,6.0265e-02
4.4100e+03,1.0339e-02,7.0707e+00,1.2502e+01,1.9278e+00,6.0269e-02
4.4200e+03,1.0221e-02,7.0706e+00,1.2502e+01,1.9279e+00,6.0273e-02
4.4300e+03,1.0105e-02,7.0704e+00,1.2502e+01,1.9280e+00,6.0277e-02
4.4400e+03,9.9904e-03,7.0703e+00,1.2502e+01,1.9281e+00,6.0281e-02
4.4500e+03,9.8768e-03,7.0702e+00,1.2502e+01,1.9282e+00,6.0285e-02
4.4600e+03,9.7645e-03,7.0701e+00,1.2502e+01,1.9283e+00,6.0289e-02
4.4700e+03,9.6535e-03,7.0700e+00,1.2502e+01,1.9285e+00,6.0293e-02
4.4800e+03,9.5438e-03,7.0699e+00,1.2502e+01,1.9286e+00,6.0296e-02
4.4900e+03,9.4353e-03,7.0698e+00,1.2502e+01,1.9287e+00,6.0300e-02
4.5000e+03,9.3280e-03,7.0697e+00,1.2502e+01,1.9288e+00,6.0304e-02
4.5100e+03,9.2220e-03,7.0696e+00,1.2502e+01,1.9289e+00,6.0307e-02
4.5200e+03,9.1171e-03,7.0695e+00,1.2502e+01,1.9290e+00,6.0311e-02
4.5300e+03,9.0135e-03,7.0694e+00,1.2502e+01,1.9291e+00,6.0315e-02
4.5400e+03,8.9110e-03,7.0693e+00,1.2502e+01,1.9292e+00,6.0318e-02
4.5500e+03,8.8097e-03,7.0692e+00,1.2502e+01,1.9293e+00,6.0321e-02
4.5600e+03,8.7096e-03,7.0691e+00,1.2502e+01,1.9294e+00,6.0325e-02
4.5700e+03,8.6106e-03,7.0690e+00,1.2502e+01,1.9295e+00,6.0328e-02
4.5800e+03,8.5127e-03,7.0689e+00,1.2502e+01,1.9296e+00,6.0332e-02
4.5900e+03,8.4159e-03,7.0688e+00,1.2502e+01,1.9297e+00,6.0335e-02
4.6000e+03,8.3203e-03,7.0687e+00,1.2502e+01,1.9297e+00,6.0338e-02
4.6100e+03,8.2257e-03,7.0686e+00,1.2502e+01,1.9298e+00,6.0341e-02
4.6200e+03,8.1322e-03,7.0685e+00,1.2502e+01,1.9299e+00,6.0345e-02
4.6300e+03,8.0398e-03,7.0684e+00,1.2502e+01,1.9300e+00,6.0348e-02
4.6400e+03,7.9484e-03,7.0684e+00,1.2502e+01,1.9301e+00,6.0351e-02
4.6500e+03,7.8580e-03,7.0683e+00,1.2502e+01,1.9302e+00,6.0354e-02
4.6600e+03,7.7687e-03,7.0682e+00,1.2502e+01,1.9303e+00,6.0357e-02
4.6700e+03,7.6804e-03,7.0681e+00,1.2502e+01,1.9304e+00,6.0360e-02
4.6800e+03,7.5931e-03,7.0680e+00,1.2502e+01,1.9304e+00,6.0363e-02
4.6900e+03,7.5068e-03,7.0679e+00,1.2502e+01,1.9305e+00,6.0366e-02
4.7000e+03,7.4215e-03,7.0678e+00,1.2502e+01,1.9306e+00,6.0369e-02
4.7100e+03,7.3372e-03,7.0678e+00,1.2502e+01,1.9307e+00,6.0372e-02
4.7200e+03,7.2538e-03,7.0677e+00,1.2502e+01,1.9308e+00,6.0375e-02
4.7300e+03,7.1713e-03,7.0676e+00,1.2502e+01,1.9309e+00,6.0377e-02
4.7400e+03,7.0898e-03,7.0675e+00,1.2502e+01,1.9309e+00,6.0380e-02
4.7500e+03,7.0093e-03,7.0674e+00,1.2502e+01,1.9310e+00,6.0383e-02
4.7600e+03,6.9296e-03,7.0674e+00,1.2502e+01,1.9311e+00,6.0386e-02
4.7700e+03,6.8508e-03,7.0673e+00,1.2502e+01,1.9312e+00,6.0388e-02
4.7800e+03,6.7730e-03,7.0672e+00,1.2502e+01,1.9312e+00,6.0391e-02
4.7900e+03,6.6960e-03,7.0671e+00,1.2502e+01,1.9313e+00,6.0394e-02
4.8000e+03,6.6199e-03,7.0671e+00,1.2502e+01,1.9314e+00,6.0396e-02
4.8100e+03,6.5447e-03,7.0670e+00,1.2502e+01,1.9315e+00,6.0399e-02
4.8200e+03,6.4703e-03,7.0669e+00,1.2502e+01,1.9315e+00,6.0401e-02
4.8300e+03,6.3968e-03,7.0669e+00,1.2502e+01,1.9316e+00,6.0404e-02
4.8400e+03,6.3241e-03,7.0668e+00,1.2502e+01,1.9317e+00,6.0406e-02
4.8500e+03,6.2522e-03,7.0667e+00,1.2502e+01,1.9317e+00,6.0409e-02
4.8600e+03,6.1812e-03,7.0666e+00,1.2502e+01,1.9318e+00,6.0411e-02
4.8700e+03,6.1109e-03,7.0666e+00,1.2502e+01,1.9319e+00,6.0414e-02
4.8800e+03,6.0415e-03,7.0665e+00,1.2502e+01,1.9319e+00,6.0416e-02
4.8900e+03,5.9728e-03,7.0664e+00,1.2502e+01,1.9320e+00,6.0418e-02
4.9000e+03,5.9050e-03,7.0664e+00,1.2502e+01,1.9321e+00,6.0421e-02
4.9100e+03,5.8379e-03,7.0663e+00,1.2502e+01,1.9321e+00,6.0423e-02
4.9200e+03,5.7715e-03,7.0662e+00,1.2502e+01,1.9322e+00,6.0425e-02
4.9300e+03,5.7060e-03,7.0662e+00,1.2502e+01,1.9323e+00,6.0428e-02
4.9400e+03,5.6411e-03,7.0661e+00,1.2502e+01,1.9323e+00,6.0430e-02
4.9500e+03,5.5770e-03,7.0661e+00,1.2502e+01,1.9324e+00,6.0432e-02
4.9600e+03,5.5136e-03,7.0660e+00,1.2502e+01,1.9325e+00,6.0434e-02
4.9700e+03,5.4510e-03,7.0659e+00,1.2502e+01,1.9325e+00,6.0436e-02
4.9800e+03,5.3891e-03,7.0659e+00,1.2502e+01,1.9326e+00,6.0438e-02
4.9900e+03,5.3278e-03,7.0658e+00,1.2502e+01,1.9326e+00,6.0440e-02
5.0000e+03,5.2673e-03,7.0658e+00,1.2502e+01,1.9327e+00,6.0443e-02
5.0100e+03,5.2074e-03,7.0657e+00,1.2502e+01,1.9327e+00,6.0445e-02
5.0200e+03,5.1483e-03,7.0656e+00,1.2502e+01,1.9328e+00,6.0447e-02
5.0300e+03,5.0898e-03,7.0656e+00,1.2502e+01,1.9329e+00,6.0449e-02
5.0400e+03,5.0319e-03,7.0655e+00,1.2502e+01,1.9329e+00,6.0451e-02
5.0500e+03,4.9748e-03,7.0655e+00,1.2502e+01,1.9330e+00,6.0453e-02
5.0600e+03,4.9183e-03,7.0654e+00,1.2502e+01,1.9330e+00,6.0454e-02
5.0700e+03,4.8624e-03,7.0654e+00,1.2502e+01,1.9331e+00,6.0456e-02
5.0800e+03,4.8071e-03,7.0653e+00,1.2502e+01,1.9331e+00,6.0458e-02
5.0900e+03,4.7525e-03,7.0653e+00,1.2502e+01,1.9332e+00,6.0460e-02
5.1000e+03,4.6985e-03,7.0652e+00,1.2502e+01,1.9332e+00,6.0462e-02
5.1100e+03,4.6451e-03,7.0652e+00,1.2502e+01,1.9333e+00,6.0464e-02
5.1200e+03,4.5924e-03,7.0651e+00,1.2502e+01,1.9333e+00,6.0466e-02
5.1300e+03,4.5402e-03,7.0651e+00,1.2502e+01,1.9334e+00,6.0467e-02
