t,[L2M],[D],[L],[L2MD],[L2Ms]
0.0000e+00,2.0000e+00,3.0000e+00,1.2500e+01,0.0000e+00,0.0000e+00
1.0000e+01,1.9882e+00,2.9906e+00,1.2502e+01,9.4160e-03,7.8590e-04
2.0000e+01,1.9780e+00,2.9812e+00,1.2502e+01,1.8785e-02,1.5703e-03
3.0000e+01,1.9680e+00,2.9719e+00,1.2502e+01,2.8077e-02,2.3507e-03
4.0000e+01,1.9580e+00,2.9627e+00,1.2502e+01,3.7293e-02,3.1272e-03
5.0000e+01,1.9481e+00,2.9535e+00,1.2502e+01,4.6434e-02,3.8998e-03
6.0000e+01,1.9382e+00,2.9444e+00,1.2502e+01,5.5501e-02,4.6685e-03
7.0000e+01,1.9285e+00,2.9354e+00,1.2502e+01,6.4496e-02,5.4333e-03
8.0000e+01,1.9188e+00,2.9265e+00,1.2502e+01,7.3418e-02,6.1943e-03
9.0000e+01,1.9092e+00,2.9177e+00,1.2502e+01,8.2268e-02,6.9515e-03
1.0000e+02,1.8996e+00,2.9089e+00,1.2502e+01,9.1048e-02,7.7050e-03
1.1000e+02,1.8902e+00,2.9001e+00,1.2502e+01,9.9758e-02,8.4547e-03
1.2000e+02,1.8808e+00,2.8915e+00,1.2502e+01,1.0840e-01,9.2007e-03
1.3000e+02,1.8715e+00,2.8829e+00,1.2502e+01,1.1697e-01,9.9430e-03
1.4000e+02,1.8622e+00,2.8744e+00,1.2502e+01,1.2548e-01,1.0682e-02
1.5000e+02,1.8531e+00,2.8660e+00,1.2502e+01,1.3392e-01,1.1417e-02
1.6000e+02,1.8440e+00,2.8576e+00,1.2502e+01,1.4229e-01,1.2148e-02
1.7000e+02,1.8349e+00,2.8493e+00,1.2502e+01,1.5060e-01,1.2876e-02
1.8000e+02,1.8260e+00,2.8410e+00,1.2502e+01,1.5884e-01,1.3600e-02
1.9000e+02,1.8171e+00,2.8328e+00,1.2502e+01,1.6702e-01,1.4321e-02
2.0000e+02,1.8082e+00,2.8247e+00,1.2502e+01,1.7514e-01,1.5039e-02
2.1000e+02,1.7995e+00,2.8166e+00,1.2502e+01,1.8319e-01,1.5752e-02
2.2000e+02,1.7908e+00,2.8086e+00,1.2502e+01,1.9118e-01,1.6463e-02
2.3000e+02,1.7821e+00,2.8007e+00,1.2502e+01,1.9912e-01,1.7170e-02
2.4000e+02,1.7735e+00,2.7928e+00,1.2502e+01,2.0699e-01,1.7873e-02
2.5000e+02,1.7650e+00,2.7850e+00,1.2502e+01,2.1480e-01,1.8574e-02
2.6000e+02,1.7566e+00,2.7773e+00,1.2502e+01,2.2255e-01,1.9271e-02
2.7000e+02,1.7482e+00,2.7696e+00,1.2502e+01,2.3025e-01,1.9964e-02
2.8000e+02,1.7399e+00,2.7619e+00,1.2502e+01,2.3788e-01,2.0655e-02
2.9000e+02,1.7316e+00,2.7543e+00,1.2502e+01,2.4546e-01,2.1342e-02
3.0000e+02,1.7234e+00,2.7468e+00,1.2502e+01,2.5299e-01,2.2025e-02
3.1000e+02,1.7152e+00,2.7393e+00,1.2502e+01,2.6046e-01,2.2706e-02
3.2000e+02,1.7072e+00,2.7319e+00,1.2502e+01,2.6787e-01,2.3383e-02
3.3000e+02,1.6991e+00,2.7245e+00,1.2502e+01,2.7523e-01,2.4058e-02
3.4000e+02,1.6911e+00,2.7172e+00,1.2502e+01,2.8253e-01,2.4729e-02
3.5000e+02,1.6832e+00,2.7100e+00,1.2502e+01,2.8978e-01,2.5397e-02
3.6000e+02,1.6754e+00,2.7028e+00,1.2502e+01,2.9698e-01,2.6061e-02
3.7000e+02,1.6676e+00,2.6956e+00,1.2502e+01,3.0412e-01,2.6723e-02
3.8000e+02,1.6598e+00,2.6885e+00,1.2502e+01,3.1121e-01,2.7382e-02
3.9000e+02,1.6521e+00,2.6815e+00,1.2502e+01,3.1825e-01,2.8037e-02
4.0000e+02,1.6445e+00,2.6745e+00,1.2502e+01,3.2525e-01,2.8690e-02
4.1000e+02,1.6369e+00,2.6675e+00,1.2502e+01,3.3219e-01,2.9340e-02
4.2000e+02,1.6293e+00,2.6606e+00,1.2502e+01,3.3908e-01,2.9986e-02
4.3000e+02,1.6219e+00,2.6538e+00,1.2502e+01,3.4592e-01,3.0630e-02
4.4000e+02,1.6144e+00,2.6470e+00,1.2502e+01,3.5271e-01,3.1271e-02
4.5000e+02,1.6070e+00,2.6402e+00,1.2502e+01,3.5945e-01,3.1908e-02
4.6000e+02,1.5997e+00,2.6335e+00,1.2502e+01,3.6615e-01,3.2543e-02
4.7000e+02,1.5924e+00,2.6269e+00,1.2502e+01,3.7280e-01,3.3175e-02
4.8000e+02,1.5852e+00,2.6203e+00,1.2502e+01,3.7940e-01,3.3804e-02
4.9000e+02,1.5780e+00,2.6137e+00,1.2502e+01,3.8596e-01,3.4431e-02
5.0000e+02,1.5709e+00,2.6072e+00,1.2502e+01,3.9247e-01,3.5054e-02
5.1000e+02,1.5638e+00,2.6007e+00,1.2502e+01,3.9894e-01,3.5675e-02
5.2000e+02,1.5568e+00,2.5943e+00,1.2502e+01,4.0536e-01,3.6293e-02
5.3000e+02,1.5498e+00,2.5879e+00,1.2502e+01,4.1173e-01,3.6908e-02
5.4000e+02,1.5428e+00,2.5816e+00,1.2502e+01,4.1806e-01,3.7520e-02
5.5000e+02,1.5359e+00,2.5753e+00,1.2502e+01,4.2435e-01,3.8130e-02
5.6000e+02,1.5291e+00,2.5690e+00,1.2502e+01,4.3060e-01,3.8737e-02
5.7000e+02,1.5223e+00,2.5628e+00,1.2502e+01,4.3680e-01,3.9341e-02
5.8000e+02,1.5155e+00,2.5567e+00,1.2502e+01,4.4296e-01,3.9943e-02
5.9000e+02,1.5088e+00,2.5506e+00,1.2502e+01,4.4908e-01,4.0542e-02
6.0000e+02,1.5021e+00,2.5445e+00,1.2502e+01,4.5515e-01,4.1138e-02
6.1000e+02,1.4955e+00,2.5384e+00,1.2502e+01,4.6119e-01,4.1732e-02
6.2000e+02,1.4889e+00,2.5324e+00,1.2502e+01,4.6718e-01,4.2323e-02
6.3000e+02,1.4824e+00,2.5265e+00,1.2502e+01,4.7314e-01,4.2911e-02
6.4000e+02,1.4759e+00,2.5206e+00,1.2502e+01,4.7905e-01,4.3497e-02
6.5000e+02,1.4694e+00,2.5147e+00,1.2502e+01,4.8492e-01,4.4081e-02
6.6000e+02,1.4630e+00,2.5088e+00,1.2502e+01,4.9076e-01,4.4661e-02
6.7000e+02,1.4566e+00,2.5030e+00,1.2502e+01,4.9656e-01,4.5240e-02
6.8000e+02,1.4503e+00,2.4973e+00,1.2502e+01,5.0231e-01,4.5815e-02
6.9000e+02,1.4440e+00,2.4916e+00,1.2502e+01,5.0803e-01,4.6389e-02
7.0000e+02,1.4377e+00,2.4859e+00,1.2502e+01,5.1372e-01,4.6960e-02
7.1000e+02,1.4315e+00,2.4802e+00,1.2502e+01,5.1936e-01,4.7528e-02
7.2000e+02,1.4253e+00,2.4746e+00,1.2502e+01,5.2497e-01,4.8094e-02
7.3000e+02,1.4192e+00,2.4690e+00,1.2502e+01,5.3054e-01,4.8657e-02
7.4000e+02,1.4131e+00,2.4635e+00,1.2502e+01,5.3608e-01,4.9218e-02
7.5000e+02,1.4070e+00,2.4580e+00,1.2502e+01,5.4157e-01,4.9777e-02
7.6000e+02,1.4010e+00,2.4525e+00,1.2502e+01,5.4704e-01,5.0333e-02
7.7000e+02,1.3950e+00,2.4471e+00,1.2502e+01,5.5247e-01,5.0887e-02
7.8000e+02,1.3891e+00,2.4417e+00,1.2502e+01,5.5786e-01,5.1439e-02
7.9000e+02,1.3832e+00,2.4363e+00,1.2502e+01,5.6322e-01,5.1988e-02
8.0000e+02,1.3773e+00,2.4310e+00,1.2502e+01,5.6854e-01,5.2535e-02
8.1000e+02,1.3715e+00,2.4257e+00,1.2502e+01,5.7383e-01,5.3080e-02
8.2000e+02,1.3657e+00,2.4204e+00,1.2502e+01,5.7909e-01,5.3622e-02
8.3000e+02,1.3599e+00,2.4152e+00,1.2502e+01,5.8431e-01,5.4162e-02
8.4000e+02,1.3542e+00,2.4100e+00,1.2502e+01,5.8950e-01,5.4700e-02
8.5000e+02,1.3485e+00,2.4049e+00,1.2502e+01,5.9466e-01,5.5235e-02
8.6000e+02,1.3429e+00,2.3997e+00,1.2502e+01,5.9978e-01,5.5768e-02
8.7000e+02,1.3372e+00,2.3946e+00,1.2502e+01,6.0487e-01,5.6299e-02
8.8000e+02,1.3316e+00,2.3896e+00,1.2502e+01,6.0993e-01,5.6828e-02
8.9000e+02,1.3261e+00,2.3845e+00,1.2502e+01,6.1496e-01,5.7355e-02
9.0000e+02,1.3206e+00,2.3795e+00,1.2502e+01,6.1996e-01,5.7879e-02
9.1000e+02,1.3151e+00,2.3746e+00,1.2502e+01,6.2492e-01,5.8401e-02
9.2000e+02,1.3096e+00,2.3696e+00,1.2502e+01,6.2986e-01,5.8922e-02
9.3000e+02,1.3042e+00,2.3647e+00,1.2502e+01,6.3476e-01,5.9440e-02
9.4000e+02,1.2988e+00,2.3598e+00,1.2502e+01,6.3964e-01,5.9955e-02
9.5000e+02,1.2935e+00,2.3550e+00,1.2502e+01,6.4448e-01,6.0469e-02
9.6000e+02,1.2881e+00,2.3502e+00,1.2502e+01,6.4929e-01,6.0981e-02
9.7000e+02,1.2828e+00,2.3454e+00,1.2502e+01,6.5408e-01,6.1490e-02
9.8000e+02,1.2776e+00,2.3406e+00,1.2502e+01,6.5883e-01,6.1997e-02
9.9000e+02,1.2723e+00,2.3359e+00,1.2502e+01,6.6356e-01,6.2503e-02
1.0000e+03,1.2671e+00,2.3312e+00,1.2502e+01,6.6826e-01,6.3006e-02
1.0100e+03,1.2620e+00,2.3265e+00,1.2502e+01,6.7293e-01,6.3507e-02
1.0200e+03,1.2568e+00,2.3219e+00,1.2502e+01,6.7757e-01,6.4007e-02
1.0300e+03,1.2517e+00,2.3173e+00,1.2502e+01,6.8218e-01,6.4504e-02
1.0400e+03,1.2466e+00,2.3127e+00,1.2502e+01,6.8677e-01,6.4999e-02
1.0500e+03,1.2416e+00,2.3081e+00,1.2502e+01,6.9132e-01,6.5492e-02
1.0600e+03,1.2366e+00,2.3036e+00,1.2502e+01,6.9585e-01,6.5983e-02
1.0700e+03,1.2316e+00,2.2991e+00,1.2502e+01,7.0036e-01,6.6472e-02
1.0800e+03,1.2266e+00,2.2946e+00,1.2502e+01,7.0483e-01,6.6960e-02
1.0900e+03,1.2217e+00,2.2901e+00,1.2502e+01,7.0928e-01,6.7445e-02
1.1000e+03,1.2168e+00,2.2857e+00,1.2502e+01,7.1371e-01,6.7928e-02
1.1100e+03,1.2119e+00,2.2813e+00,1.2502e+01,7.1810e-01,6.8409e-02
1.1200e+03,1.2070e+00,2.2769e+00,1.2502e+01,7.2247e-01,6.8889e-02
1.1300e+03,1.2022e+00,2.2726e+00,1.2502e+01,7.2682e-01,6.9367e-02
1.1400e+03,1.1974e+00,2.2683e+00,1.2502e+01,7.3114e-01,6.9842e-02
1.1500e+03,1.1927e+00,2.2640e+00,1.2502e+01,7.3543e-01,7.0316e-02
1.1600e+03,1.1879e+00,2.2597e+00,1.2502e+01,7.3970e-01,7.0788e-02
1.1700e+03,1.1832e+00,2.2555e+00,1.2502e+01,7.4395e-01,7.1258e-02
1.1800e+03,1.1785e+00,2.2512e+00,1.2502e+01,7.4817e-01,7.1726e-02
1.1900e+03,1.1738e+00,2.2470e+00,1.2502e+01,7.5236e-01,7.2192e-02
1.2000e+03,1.1692e+00,2.2429e+00,1.2502e+01,7.5653e-01,7.2657e-02
1.2100e+03,1.1646e+00,2.2387e+00,1.2502e+01,7.6068e-01,7.3119e-02
1.2200e+03,1.1600e+00,2.2346e+00,1.2502e+01,7.6480e-01,7.3580e-02
1.2300e+03,1.1555e+00,2.2305e+00,1.2502e+01,7.6890e-01,7.4039e-02
1.2400e+03,1.1509e+00,2.2264e+00,1.2502e+01,7.7298e-01,7.4497e-02
1.2500e+03,1.1464e+00,2.2223e+00,1.2502e+01,7.7703e-01,7.4952e-02
1.2600e+03,1.1419e+00,2.2183e+00,1.2502e+01,7.8106e-01,7.5406e-02
1.2700e+03,1.1375e+00,2.2143e+00,1.2502e+01,7.8507e-01,7.5858e-02
1.2800e+03,1.1330e+00,2.2103e+00,1.2502e+01,7.8905e-01,7.6308e-02
1.2900e+03,1.1286e+00,2.2063e+00,1.2502e+01,7.9301e-01,7.6756e-02
1.3000e+03,1.1243e+00,2.2024e+00,1.2502e+01,7.9695e-01,7.7203e-02
1.3100e+03,1.1199e+00,2.1985e+00,1.2502e+01,8.0086e-01,7.7648e-02
1.3200e+03,1.1156e+00,2.1946e+00,1.2502e+01,8.0476e-01,7.8091e-02
1.3300e+03,1.1112e+00,2.1907e+00,1.2502e+01,8.0863e-01,7.8532e-02
1.3400e+03,1.1069e+00,2.1869e+00,1.2502e+01,8.1248e-01,7.8972e-02
1.3500e+03,1.1027e+00,2.1830e+00,1.2502e+01,8.1631e-01,7.9410e-02
1.3600e+03,1.0984e+00,2.1792e+00,1.2502e+01,8.2012e-01,7.9847e-02
1.3700e+03,1.0942e+00,2.1754e+00,1.2502e+01,8.2390e-01,8.0281e-02
1.3800e+03,1.0900e+00,2.1717e+00,1.2502e+01,8.2767e-01,8.0715e-02
1.3900e+03,1.0858e+00,2.1679e+00,1.2502e+01,8.3141e-01,8.1146e-02
1.4000e+03,1.0817e+00,2.1642e+00,1.2502e+01,8.3514e-01,8.1576e-02
1.4100e+03,1.0776e+00,2.1605e+00,1.2502e+01,8.3884e-01,8.2004e-02
1.4200e+03,1.0734e+00,2.1568e+00,1.2502e+01,8.4252e-01,8.2430e-02
1.4300e+03,1.0694e+00,2.1531e+00,1.2502e+01,8.4619e-01,8.2855e-02
1.4400e+03,1.0653e+00,2.1495e+00,1.2502e+01,8.4983e-01,8.3279e-02
1.4500e+03,1.0612e+00,2.1459e+00,1.2502e+01,8.5345e-01,8.3700e-02
1.4600e+03,1.0572e+00,2.1423e+00,1.2502e+01,8.5705e-01,8.4120e-02
1.4700e+03,1.0532e+00,2.1387e+00,1.2502e+01,8.6064e-01,8.4539e-02
1.4800e+03,1.0492e+00,2.1351e+00,1.2502e+01,8.6420e-01,8.4956e-02
1.4900e+03,1.0453e+00,2.1316e+00,1.2502e+01,8.6775e-01,8.5371e-02
1.5000e+03,1.0413e+00,2.1280e+00,1.2502e+01,8.7127e-01,8.5785e-02
1.5100e+03,1.0374e+00,2.1245e+00,1.2502e+01,8.7478e-01,8.6197e-02
1.5200e+03,1.0335e+00,2.1210e+00,1.2502e+01,8.7826e-01,8.6608e-02
1.5300e+03,1.0297e+00,2.1176e+00,1.2502e+01,8.8173e-01,8.7017e-02
1.5400e+03,1.0258e+00,2.1141e+00,1.2502e+01,8.8518e-01,8.7425e-02
1.5500e+03,1.0220e+00,2.1107e+00,1.2502e+01,8.8861e-01,8.7831e-02
1.5600e+03,1.0181e+00,2.1073e+00,1.2502e+01,8.9203e-01,8.8235e-02
1.5700e+03,1.0143e+00,2.1039e+00,1.2502e+01,8.9542e-01,8.8638e-02
1.5800e+03,1.0106e+00,2.1005e+00,1.2502e+01,8.9880e-01,8.9040e-02
1.5900e+03,1.0068e+00,2.0971e+00,1.2502e+01,9.0216e-01,8.9440e-02
1.6000e+03,1.0031e+00,2.0938e+00,1.2502e+01,9.0550e-01,8.9839e-02
1.6100e+03,9.9934e-01,2.0904e+00,1.2502e+01,9.0882e-01,9.0236e-02
1.6200e+03,9.9564e-01,2.0871e+00,1.2502e+01,9.1213e-01,9.0632e-02
1.6300e+03,9.9196e-01,2.0838e+00,1.2502e+01,9.1542e-01,9.1026e-02
1.6400e+03,9.8829e-01,2.0806e+00,1.2502e+01,9.1869e-01,9.1419e-02
1.6500e+03,9.8465e-01,2.0773e+00,1.2502e+01,9.2194e-01,9.1810e-02
1.6600e+03,9.8102e-01,2.0741e+00,1.2502e+01,9.2518e-01,9.2200e-02
1.6700e+03,9.7741e-01,2.0709e+00,1.2502e+01,9.2840e-01,9.2588e-02
1.6800e+03,9.7382e-01,2.0676e+00,1.2502e+01,9.3160e-01,9.2975e-02
1.6900e+03,9.7025e-01,2.0645e+00,1.2502e+01,9.3479e-01,9.3361e-02
1.7000e+03,9.6670e-01,2.0613e+00,1.2502e+01,9.3796e-01,9.3745e-02
1.7100e+03,9.6316e-01,2.0581e+00,1.2502e+01,9.4111e-01,9.4128e-02
1.7200e+03,9.5964e-01,2.0550e+00,1.2502e+01,9.4425e-01,9.4509e-02
1.7300e+03,9.5614e-01,2.0519e+00,1.2502e+01,9.4737e-01,9.4889e-02
1.7400e+03,9.5266e-01,2.0488e+00,1.2502e+01,9.5048e-01,9.5268e-02
1.7500e+03,9.4919e-01,2.0457e+00,1.2502e+01,9.5357e-01,9.5645e-02
1.7600e+03,9.4574e-01,2.0426e+00,1.2502e+01,9.5664e-01,9.6021e-02
1.7700e+03,9.4231e-01,2.0395e+00,1.2502e+01,9.5970e-01,9.6395e-02
1.7800e+03,9.3889e-01,2.0365e+00,1.2502e+01,9.6274e-01,9.6769e-02
1.7900e+03,9.3549e-01,2.0335e+00,1.2502e+01,9.6577e-01,9.7140e-02
1.8000e+03,9.3211e-01,2.0304e+00,1.2502e+01,9.6878e-01,9.7511e-02
1.8100e+03,9.2875e-01,2.0274e+00,1.2502e+01,9.7177e-01,9.7880e-02
1.8200e+03,9.2540e-01,2.0245e+00,1.2502e+01,9.7475e-01,9.8248e-02
1.8300e+03,9.2207e-01,2.0215e+00,1.2502e+01,9.7772e-01,9.8614e-02
1.8400e+03,9.1875e-01,2.0185e+00,1.2502e+01,9.8067e-01,9.8980e-02
1.8500e+03,9.1545e-01,2.0156e+00,1.2502e+01,9.8361e-01,9.9343e-02
1.8600e+03,9.1217e-01,2.0127e+00,1.2502e+01,9.8653e-01,9.9706e-02
1.8700e+03,9.0890e-01,2.0098e+00,1.2502e+01,9.8943e-01,1.0007e-01
1.8800e+03,9.0565e-01,2.0069e+00,1.2502e+01,9.9233e-01,1.0043e-01
1.8900e+03,9.0241e-01,2.0040e+00,1.2502e+01,9.9520e-01,1.0079e-01
1.9000e+03,8.9919e-01,2.0011e+00,1.2502e+01,9.9807e-01,1.0114e-01
1.9100e+03,8.9599e-01,1.9983e+00,1.2502e+01,1.0009e+00,1.0150e-01
1.9200e+03,8.9280e-01,1.9954e+00,1.2502e+01,1.0037e+00,1.0185e-01
1.9300e+03,8.8962e-01,1.9926e+00,1.2502e+01,1.0066e+00,1.0221e-01
1.9400e+03,8.8647e-01,1.9898e+00,1.2502e+01,1.0094e+00,1.0256e-01
1.9500e+03,8.8332e-01,1.9870e+00,1.2502e+01,1.0122e+00,1.0291e-01
1.9600e+03,8.8019e-01,1.9842e+00,1.2502e+01,1.0149e+00,1.0326e-01
1.9700e+03,8.7708e-01,1.9815e+00,1.2502e+01,1.0177e+00,1.0361e-01
1.9800e+03,8.7398e-01,1.9787e+00,1.2502e+01,1.0205e+00,1.0396e-01
1.9900e+03,8.7090e-01,1.9760e+00,1.2502e+01,1.0232e+00,1.0430e-01
2.0000e+03,8.6783e-01,1.9732e+00,1.2502e+01,1.0259e+00,1.0465e-01
2.0100e+03,8.6477e-01,1.9705e+00,1.2502e+01,1.0286e+00,1.0499e-01
2.0200e+03,8.6173e-01,1.9678e+00,1.2502e+01,1.0313e+00,1.0533e-01
2.0300e+03,8.5870e-01,1.9651e+00,1.2502e+01,1.0340e+00,1.0568e-01
2.0400e+03,8.5569e-01,1.9625e+00,1.2502e+01,1.0367e+00,1.0602e-01
2.0500e+03,8.5269e-01,1.9598e+00,1.2502e+01,1.0394e+00,1.0636e-01
2.0600e+03,8.4971e-01,1.9572e+00,1.2502e+01,1.0420e+00,1.0669e-01
2.0700e+03,8.4674e-01,1.9545e+00,1.2502e+01,1.0446e+00,1.0703e-01
2.0800e+03,8.4378e-01,1.9519e+00,1.2502e+01,1.0473e+00,1.0737e-01
2.0900e+03,8.4084e-01,1.9493e+00,1.2502e+01,1.0499e+00,1.0770e-01
2.1000e+03,8.3791e-01,1.9467e+00,1.2502e+01,1.0525e+00,1.0803e-01
2.1100e+03,8.3500e-01,1.9441e+00,1.2502e+01,1.0550e+00,1.0836e-01
2.1200e+03,8.3210e-01,1.9415e+00,1.2502e+01,1.0576e+00,1.0870e-01
2.1300e+03,8.2921e-01,1.9390e+00,1.2502e+01,1.0602e+00,1.0902e-01
2.1400e+03,8.2633e-01,1.9364e+00,1.2502e+01,1.0627e+00,1.0935e-01
2.1500e+03,8.2347e-01,1.9339e+00,1.2502e+01,1.0652e+00,1.0968e-01
2.1600e+03,8.2062e-01,1.9314e+00,1.2502e+01,1.0678e+00,1.1001e-01
2.1700e+03,8.1779e-01,1.9289e+00,1.2502e+01,1.0703e+00,1.1033e-01
2.1800e+03,8.1497e-01,1.9264e+00,1.2502e+01,1.0728e+00,1.1066e-01
2.1900e+03,8.1216e-01,1.9239e+00,1.2502e+01,1.0753e+00,1.1098e-01
2.2000e+03,8.0936e-01,1.9214e+00,1.2502e+01,1.0777e+00,1.1130e-01
2.2100e+03,8.0658e-01,1.9189e+00,1.2502e+01,1.0802e+00,1.1162e-01
2.2200e+03,8.0381e-01,1.9165e+00,1.2502e+01,1.0827e+00,1.1194e-01
2.2300e+03,8.0105e-01,1.9140e+00,1.2502e+01,1.0851e+00,1.1226e-01
2.2400e+03,7.9830e-01,1.9116e+00,1.2502e+01,1.0875e+00,1.1258e-01
2.2500e+03,7.9557e-01,1.9092e+00,1.2502e+01,1.0899e+00,1.1289e-01
2.2600e+03,7.9285e-01,1.9068e+00,1.2502e+01,1.0923e+00,1.1321e-01
2.2700e+03,7.9014e-01,1.9044e+00,1.2502e+01,1.0947e+00,1.1352e-01
2.2800e+03,7.8744e-01,1.9020e+00,1.2502e+01,1.0971e+00,1.1384e-01
2.2900e+03,7.8476e-01,1.8996e+00,1.2502e+01,1.0995e+00,1.1415e-01
2.3000e+03,7.8209e-01,1.8973e+00,1.2502e+01,1.1019e+00,1.1446e-01
2.3100e+03,7.7943e-01,1.8949e+00,1.2502e+01,1.1042e+00,1.1477e-01
2.3200e+03,7.7678e-01,1.8926e+00,1.2502e+01,1.1065e+00,1.1508e-01
2.3300e+03,7.7414e-01,1.8902e+00,1.2502e+01,1.1089e+00,1.1538e-01
2.3400e+03,7.7152e-01,1.8879e+00,1.2502e+01,1.1112e+00,1.1569e-01
2.3500e+03,7.6890e-01,1.8856e+00,1.2502e+01,1.1135e+00,1.1600e-01
2.3600e+03,7.6630e-01,1.8833e+00,1.2502e+01,1.1158e+00,1.1630e-01
2.3700e+03,7.6371e-01,1.8810e+00,1.2502e+01,1.1181e+00,1.1661e-01
2.3800e+03,7.6113e-01,1.8787e+00,1.2502e+01,1.1204e+00,1.1691e-01
2.3900e+03,7.5857e-01,1.8765e+00,1.2502e+01,1.1226e+00,1.1721e-01
2.4000e+03,7.5601e-01,1.8742e+00,1.2502e+01,1.1249e+00,1.1751e-01
2.4100e+03,7.5347e-01,1.8720e+00,1.2502e+01,1.1271e+00,1.1781e-01
2.4200e+03,7.5093e-01,1.8697e+00,1.2502e+01,1.1294e+00,1.1811e-01
2.4300e+03,7.4841e-01,1.8675e+00,1.2502e+01,1.1316e+00,1.1841e-01
2.4400e+03,7.4590e-01,1.8653e+00,1.2502e+01,1.1338e+00,1.1870e-01
2.4500e+03,7.4340e-01,1.8631e+00,1.2502e+01,1.1360e+00,1.1900e-01
2.4600e+03,7.4091e-01,1.8609e+00,1.2502e+01,1.1382e+00,1.1929e-01
2.4700e+03,7.3844e-01,1.8587e+00,1.2502e+01,1.1404e+00,1.1959e-01
2.4800e+03,7.3597e-01,1.8565e+00,1.2502e+01,1.1426e+00,1.1988e-01
2.4900e+03,7.3351e-01,1.8544e+00,1.2502e+01,1.1447e+00,1.2017e-01
2.5000e+03,7.3107e-01,1.8522e+00,1.2502e+01,1.1469e+00,1.2046e-01
2.5100e+03,7.2863e-01,1.8501e+00,1.2502e+01,1.1490e+00,1.2075e-01
2.5200e+03,7.2621e-01,1.8479e+00,1.2502e+01,1.1512e+00,1.2104e-01
2.5300e+03,7.2379e-01,1.8458e+00,1.2502e+01,1.1533e+00,1.2133e-01
2.5400e+03,7.2139e-01,1.8437e+00,1.2502e+01,1.1554e+00,1.2161e-01
2.5500e+03,7.1900e-01,1.8416e+00,1.2502e+01,1.1575e+00,1.2190e-01
2.5600e+03,7.1661e-01,1.8395e+00,1.2502e+01,1.1596e+00,1.2219e-01
2.5700e+03,7.1424e-01,1.8374e+00,1.2502e+01,1.1617e+00,1.2247e-01
2.5800e+03,7.1188e-01,1.8353e+00,1.2502e+01,1.1638e+00,1.2275e-01
2.5900e+03,7.0953e-01,1.8332e+00,1.2502e+01,1.1658e+00,1.2303e-01
2.6000e+03,7.0718e-01,1.8312e+00,1.2502e+01,1.1679e+00,1.2332e-01
2.6100e+03,7.0485e-01,1.8291e+00,1.2502e+01,1.1700e+00,1.2360e-01
2.6200e+03,7.0253e-01,1.8271e+00,1.2502e+01,1.1720e+00,1.2388e-01
2.6300e+03,7.0022e-01,1.8250e+00,1.2502e+01,1.1740e+00,1.2415e-01
2.6400e+03,6.9792e-01,1.8230e+00,1.2502e+01,1.1761e+00,1.2443e-01
2.6500e+03,6.9562e-01,1.8210e+00,1.2502e+01,1.1781e+00,1.2471e-01
2.6600e+03,6.9334e-01,1.8190e+00,1.2502e+01,1.1801e+00,1.2498e-01
2.6700e+03,6.9107e-01,1.8170e+00,1.2502e+01,1.1821e+00,1.2526e-01
2.6800e+03,6.8880e-01,1.8150e+00,1.2502e+01,1.1841e+00,1.2553e-01
2.6900e+03,6.8655e-01,1.8130e+00,1.2502e+01,1.1860e+00,1.2581e-01
2.7000e+03,6.8431e-01,1.8110e+00,1.2502e+01,1.1880e+00,1.2608e-01
2.7100e+03,6.8207e-01,1.8091e+00,1.2502e+01,1.1900e+00,1.2635e-01
2.7200e+03,6.7984e-01,1.8071e+00,1.2502e+01,1.1919e+00,1.2662e-01
2.7300e+03,6.7763e-01,1.8052e+00,1.2502e+01,1.1939e+00,1.2689e-01
2.7400e+03,6.7542e-01,1.8032e+00,1.2502e+01,1.1958e+00,1.2716e-01
2.7500e+03,6.7322e-01,1.8013e+00,1.2502e+01,1.1978e+00,1.2743e-01
2.7600e+03,6.7103e-01,1.7994e+00,1.2502e+01,1.1997e+00,1.2769e-01
2.7700e+03,6.6886e-01,1.7974e+00,1.2502e+01,1.2016e+00,1.2796e-01
2.7800e+03,6.6669e-01,1.7955e+00,1.2502e+01,1.2035e+00,1.2822e-01
2.7900e+03,6.6452e-01,1.7936e+00,1.2502e+01,1.2054e+00,1.2849e-01
2.8000e+03,6.6237e-01,1.7918e+00,1.2502e+01,1.2073e+00,1.2875e-01
2.8100e+03,6.6023e-01,1.7899e+00,1.2502e+01,1.2092e+00,1.2901e-01
2.8200e+03,6.5809e-01,1.7880e+00,1.2502e+01,1.2110e+00,1.2928e-01
2.8300e+03,6.5597e-01,1.7861e+00,1.2502e+01,1.2129e+00,1.2954e-01
2.8400e+03,6.5385e-01,1.7843e+00,1.2502e+01,1.2148e+00,1.2980e-01
2.8500e+03,6.5174e-01,1.7824e+00,1.2502e+01,1.2166e+00,1.3006e-01
2.8600e+03,6.4964e-01,1.7806e+00,1.2502e+01,1.2184e+00,1.3031e-01
2.8700e+03,6.4755e-01,1.7787e+00,1.2502e+01,1.2203e+00,1.3057e-01
2.8800e+03,6.4547e-01,1.7769e+00,1.2502e+01,1.2221e+00,1.3083e-01
2.8900e+03,6.4340e-01,1.7751e+00,1.2502e+01,1.2239e+00,1.3108e-01
2.9000e+03,6.4133e-01,1.7733e+00,1.2502e+01,1.2257e+00,1.3134e-01
2.9100e+03,6.3928e-01,1.7715e+00,1.2502e+01,1.2275e+00,1.3159e-01
2.9200e+03,6.3723e-01,1.7697e+00,1.2502e+01,1.2293e+00,1.3185e-01
2.9300e+03,6.3519e-01,1.7679e+00,1.2502e+01,1.2311e+00,1.3210e-01
2.9400e+03,6.3316e-01,1.7661e+00,1.2502e+01,1.2329e+00,1.3235e-01
2.9500e+03,6.3113e-01,1.7643e+00,1.2502e+01,1.2347e+00,1.3260e-01
2.9600e+03,6.2912e-01,1.7626e+00,1.2502e+01,1.2364e+00,1.3285e-01
2.9700e+03,6.2711e-01,1.7608e+00,1.2502e+01,1.2382e+00,1.3310e-01
2.9800e+03,6.2511e-01,1.7591e+00,1.2502e+01,1.2399e+00,1.3335e-01
2.9900e+03,6.2312e-01,1.7573e+00,1.2502e+01,1.2417e+00,1.3360e-01
3.0000e+03,6.2114e-01,1.7556e+00,1.2502e+01,1.2434e+00,1.3385e-01
3.0100e+03,6.1916e-01,1.7539e+00,1.2502e+01,1.2451e+00,1.3409e-01
3.0200e+03,6.1720e-01,1.7521e+00,1.2502e+01,1.2469e+00,1.3434e-01
3.0300e+03,6.1524e-01,1.7504e+00,1.2502e+01,1.2486e+00,1.3458e-01
3.0400e+03,6.1329e-01,1.7487e+00,1.2502e+01,1.2503e+00,1.3483e-01
3.0500e+03,6.1134e-01,1.7470e+00,1.2502e+01,1.2520e+00,1.3507e-01
3.0600e+03,6.0941e-01,1.7453e+00,1.2502e+01,1.2537e+00,1.3531e-01
3.0700e+03,6.0748e-01,1.7436e+00,1.2502e+01,1.2554e+00,1.3555e-01
3.0800e+03,6.0556e-01,1.7419e+00,1.2502e+01,1.2570e+00,1.3579e-01
3.0900e+03,6.0365e-01,1.7403e+00,1.2502e+01,1.2587e+00,1.3603e-01
3.1000e+03,6.0174e-01,1.7386e+00,1.2502e+01,1.2604e+00,1.3627e-01
3.1100e+03,5.9985e-01,1.7369e+00,1.2502e+01,1.2620e+00,1.3651e-01
3.1200e+03,5.9796e-01,1.7353e+00,1.2502e+01,1.2637e+00,1.3675e-01
3.1300e+03,5.9608e-01,1.7336e+00,1.2502e+01,1.2653e+00,1.3699e-01
3.1400e+03,5.9420e-01,1.7320e+00,1.2502e+01,1.2670e+00,1.3722e-01
3.1500e+03,5.9233e-01,1.7304e+00,1.2502e+01,1.2686e+00,1.3746e-01
3.1600e+03,5.9047e-01,1.7287e+00,1.2502e+01,1.2702e+00,1.3769e-01
3.1700e+03,5.8862e-01,1.7271e+00,1.2502e+01,1.2719e+00,1.3793e-01
3.1800e+03,5.8678e-01,1.7255e+00,1.2502e+01,1.2735e+00,1.3816e-01
3.1900e+03,5.8494e-01,1.7239e+00,1.2502e+01,1.2751e+00,1.3839e-01
3.2000e+03,5.8311e-01,1.7223e+00,1.2502e+01,1.2767e+00,1.3863e-01
3.2100e+03,5.8129e-01,1.7207e+00,1.2502e+01,1.2783e+00,1.3886e-01
3.2200e+03,5.7947e-01,1.7191e+00,1.2502e+01,1.2798e+00,1.3909e-01
3.2300e+03,5.7766e-01,1.7175e+00,1.2502e+01,1.2814e+00,1.3932e-01
3.2400e+03,5.7586e-01,1.7160e+00,1.2502e+01,1.2830e+00,1.3955e-01
3.2500e+03,5.7406e-01,1.7144e+00,1.2502e+01,1.2846e+00,1.3977e-01
3.2600e+03,5.7228e-01,1.7128e+00,1.2502e+01,1.2861e+00,1.4000e-01
3.2700e+03,5.7049e-01,1.7113e+00,1.2502e+01,1.2877e+00,1.4023e-01
3.2800e+03,5.6872e-01,1.7097e+00,1.2502e+01,1.2892e+00,1.4045e-01
3.2900e+03,5.6695e-01,1.7082e+00,1.2502e+01,1.2908e+00,1.4068e-01
3.3000e+03,5.6519e-01,1.7067e+00,1.2502e+01,1.2923e+00,1.4091e-01
3.3100e+03,5.6344e-01,1.7051e+00,1.2502e+01,1.2938e+00,1.4113e-01
3.3200e+03,5.6169e-01,1.7036e+00,1.2502e+01,1.2954e+00,1.4135e-01
3.3300e+03,5.5995e-01,1.7021e+00,1.2502e+01,1.2969e+00,1.4158e-01
3.3400e+03,5.5822e-01,1.7006e+00,1.2502e+01,1.2984e+00,1.4180e-01
3.3500e+03,5.5649e-01,1.6991e+00,1.2502e+01,1.2999e+00,1.4202e-01
3.3600e+03,5.5477e-01,1.6976e+00,1.2502e+01,1.3014e+00,1.4224e-01
3.3700e+03,5.5306e-01,1.6961e+00,1.2502e+01,1.3029e+00,1.4246e-01
3.3800e+03,5.5135e-01,1.6946e+00,1.2502e+01,1.3044e+00,1.4268e-01
3.3900e+03,5.4965e-01,1.6931e+00,1.2502e+01,1.3058e+00,1.4290e-01
3.4000e+03,5.4796e-01,1.6916e+00,1.2502e+01,1.3073e+00,1.4312e-01
3.4100e+03,5.4627e-01,1.6902e+00,1.2502e+01,1.3088e+00,1.4333e-01
3.4200e+03,5.4459e-01,1.6887e+00,1.2502e+01,1.3103e+00,1.4355e-01
3.4300e+03,5.4292e-01,1.6872e+00,1.2502e+01,1.3117e+00,1.4377e-01
3.4400e+03,5.4125e-01,1.6858e+00,1.2502e+01,1.3132e+00,1.4398e-01
3.4500e+03,5.3959e-01,1.6843e+00,1.2502e+01,1.3146e+00,1.4420e-01
3.4600e+03,5.3794e-01,1.6829e+00,1.2502e+01,1.3161e+00,1.4441e-01
3.4700e+03,5.3629e-01,1.6815e+00,1.2502e+01,1.3175e+00,1.4462e-01
3.4800e+03,5.3464e-01,1.6800e+00,1.2502e+01,1.3189e+00,1.4484e-01
3.4900e+03,5.3301e-01,1.6786e+00,1.2502e+01,1.3203e+00,1.4505e-01
3.5000e+03,5.3138e-01,1.6772e+00,1.2502e+01,1.3218e+00,1.4526e-01
3.5100e+03,5.2975e-01,1.6758e+00,1.2502e+01,1.3232e+00,1.4547e-01
3.5200e+03,5.2814e-01,1.6744e+00,1.2502e+01,1.3246e+00,1.4568e-01
3.5300e+03,5.2652e-01,1.6729e+00,1.2502e+01,1.3260e+00,1.4589e-01
3.5400e+03,5.2492e-01,1.6716e+00,1.2502e+01,1.3274e+00,1.4610e-01
3.5500e+03,5.2332e-01,1.6702e+00,1.2502e+01,1.3288e+00,1.4631e-01
3.5600e+03,5.2173e-01,1.6688e+00,1.2502e+01,1.3302e+00,1.4651e-01
3.5700e+03,5.2014e-01,1.6674e+00,1.2502e+01,1.3315e+00,1.4672e-01
3.5800e+03,5.1856e-01,1.6660e+00,1.2502e+01,1.3329e+00,1.4693e-01
3.5900e+03,5.1698e-01,1.6646e+00,1.2502e+01,1.3343e+00,1.4713e-01
3.6000e+03,5.1541e-01,1.6633e+00,1.2502e+01,1.3357e+00,1.4734e-01
3.6100e+03,5.1385e-01,1.6619e+00,1.2502e+01,1.3370e+00,1.4754e-01
3.6200e+03,5.1229e-01,1.6606e+00,1.2502e+01,1.3384e+00,1.4775e-01
3.6300e+03,5.1074e-01,1.6592e+00,1.2502e+01,1.3397e+00,1.4795e-01
3.6400e+03,5.0919e-01,1.6579e+00,1.2502e+01,1.3411e+00,1.4815e-01
3.6500e+03,5.0765e-01,1.6565e+00,1.2502e+01,1.3424e+00,1.4835e-01
3.6600e+03,5.0612e-01,1.6552e+00,1.2502e+01,1.3437e+00,1.4855e-01
3.6700e+03,5.0459e-01,1.6539e+00,1.2502e+01,1.3451e+00,1.4876e-01
3.6800e+03,5.0306e-01,1.6525e+00,1.2502e+01,1.3464e+00,1.4896e-01
3.6900e+03,5.0154e-01,1.6512e+00,1.2502e+01,1.3477e+00,1.4915e-01
3.7000e+03,5.0003e-01,1.6499e+00,1.2502e+01,1.3490e+00,1.4935e-01
3.7100e+03,4.9853e-01,1.6486e+00,1.2502e+01,1.3503e+00,1.4955e-01
3.7200e+03,4.9702e-01,1.6473e+00,1.2502e+01,1.3516e+00,1.4975e-01
3.7300e+03,4.9553e-01,1.6460e+00,1.2502e+01,1.3529e+00,1.4995e-01
3.7400e+03,4.9404e-01,1.6447e+00,1.2502e+01,1.3542e+00,1.5014e-01
3.7500e+03,4.9255e-01,1.6434e+00,1.2502e+01,1.3555e+00,1.5034e-01
3.7600e+03,4.9108e-01,1.6421e+00,1.2502e+01,1.3568e+00,1.5053e-01
3.7700e+03,4.8960e-01,1.6408e+00,1.2502e+01,1.3581e+00,1.5073e-01
3.7800e+03,4.8813e-01,1.6396e+00,1.2502e+01,1.3593e+00,1.5092e-01
3.7900e+03,4.8667e-01,1.6383e+00,1.2502e+01,1.3606e+00,1.5112e-01
3.8000e+03,4.8521e-01,1.6370e+00,1.2502e+01,1.3619e+00,1.5131e-01
3.8100e+03,4.8376e-01,1.6358e+00,1.2502e+01,1.3631e+00,1.5150e-01
3.8200e+03,4.8231e-01,1.6345e+00,1.2502e+01,1.3644e+00,1.5169e-01
3.8300e+03,4.8087e-01,1.6333e+00,1.2502e+01,1.3656e+00,1.5189e-01
3.8400e+03,4.7944e-01,1.6320e+00,1.2502e+01,1.3669e+00,1.5208e-01
3.8500e+03,4.7801e-01,1.6308e+00,1.2502e+01,1.3681e+00,1.5227e-01
3.8600e+03,4.7658e-01,1.6295e+00,1.2502e+01,1.3694e+00,1.5246e-01
3.8700e+03,4.7516e-01,1.6283e+00,1.2502e+01,1.3706e+00,1.5265e-01
3.8800e+03,4.7374e-01,1.6271e+00,1.2502e+01,1.3718e+00,1.5283e-01
3.8900e+03,4.7233e-01,1.6259e+00,1.2502e+01,1.3730e+00,1.5302e-01
3.9000e+03,4.7093e-01,1.6246e+00,1.2502e+01,1.3743e+00,1.5321e-01
3.9100e+03,4.6953e-01,1.6234e+00,1.2502e+01,1.3755e+00,1.5340e-01
3.9200e+03,4.6813e-01,1.6222e+00,1.2502e+01,1.3767e+00,1.5358e-01
3.9300e+03,4.6674e-01,1.6210e+00,1.2502e+01,1.3779e+00,1.5377e-01
3.9400e+03,4.6536e-01,1.6198e+00,1.2502e+01,1.3791e+00,1.5395e-01
3.9500e+03,4.6398e-01,1.6186e+00,1.2502e+01,1.3803e+00,1.5414e-01
3.9600e+03,4.6260e-01,1.6174e+00,1.2502e+01,1.3815e+00,1.5432e-01
3.9700e+03,4.6123e-01,1.6162e+00,1.2502e+01,1.3827e+00,1.5451e-01
3.9800e+03,4.5987e-01,1.6150e+00,1.2502e+01,1.3838e+00,1.5469e-01
3.9900e+03,4.5850e-01,1.6139e+00,1.2502e+01,1.3850e+00,1.5487e-01
4.0000e+03,4.5715e-01,1.6127e+00,1.2502e+01,1.3862e+00,1.5505e-01
4.0100e+03,4.5580e-01,1.6115e+00,1.2502e+01,1.3874e+00,1.5523e-01
4.0200e+03,4.5445e-01,1.6104e+00,1.2502e+01,1.3885e+00,1.5541e-01
4.0300e+03,4.5311e-01,1.6092e+00,1.2502e+01,1.3897e+00,1.5560e-01
4.0400e+03,4.5178e-01,1.6080e+00,1.2502e+01,1.3909e+00,1.5577e-01
4.0500e+03,4.5044e-01,1.6069e+00,1.2502e+01,1.3920e+00,1.5595e-01
4.0600e+03,4.4912e-01,1.6057e+00,1.2502e+01,1.3932e+00,1.5613e-01
4.0700e+03,4.4779e-01,1.6046e+00,1.2502e+01,1.3943e+00,1.5631e-01
4.0800e+03,4.4648e-01,1.6034e+00,1.2502e+01,1.3954e+00,1.5649e-01
4.0900e+03,4.4516e-01,1.6023e+00,1.2502e+01,1.3966e+00,1.5667e-01
4.1000e+03,4.4386e-01,1.6012e+00,1.2502e+01,1.3977e+00,1.5684e-01
4.1100e+03,4.4255e-01,1.6000e+00,1.2502e+01,1.3988e+00,1.5702e-01
4.1200e+03,4.4125e-01,1.5989e+00,1.2502e+01,1.4000e+00,1.5719e-01
4.1300e+03,4.3996e-01,1.5978e+00,1.2502e+01,1.4011e+00,1.5737e-01
4.1400e+03,4.3867e-01,1.5967e+00,1.2502e+01,1.4022e+00,1.5754e-01
4.1500e+03,4.3739e-01,1.5956e+00,1.2502e+01,1.4033e+00,1.5772e-01
4.1600e+03,4.3611e-01,1.5945e+00,1.2502e+01,1.4044e+00,1.5789e-01
4.1700e+03,4.3483e-01,1.5934e+00,1.2502e+01,1.4055e+00,1.5806e-01
4.1800e+03,4.3356e-01,1.5923e+00,1.2502e+01,1.4066e+00,1.5824e-01
4.1900e+03,4.3229e-01,1.5912e+00,1.2502e+01,1.4077e+00,1.5841e-01
4.2000e+03,4.3103e-01,1.5901e+00,1.2502e+01,1.4088e+00,1.5858e-01
4.2100e+03,4.2977e-01,1.5890e+00,1.2502e+01,1.4099e+00,1.5875e-01
4.2200e+03,4.2852e-01,1.5879e+00,1.2502e+01,1.4110e+00,1.5892e-01
4.2300e+03,4.2727e-01,1.5868e+00,1.2502e+01,1.4120e+00,1.5909e-01
4.2400e+03,4.2602e-01,1.5857e+00,1.2502e+01,1.4131e+00,1.5926e-01
4.2500e+03,4.2478e-01,1.5847e+00,1.2502e+01,1.4142e+00,1.5943e-01
4.2600e+03,4.2354e-01,1.5836e+00,1.2502e+01,1.4153e+00,1.5960e-01
4.2700e+03,4.2231e-01,1.5825e+00,1.2502e+01,1.4163e+00,1.5977e-01
4.2800e+03,4.2108e-01,1.5815e+00,1.2502e+01,1.4174e+00,1.5993e-01
4.2900e+03,4.1986e-01,1.5804e+00,1.2502e+01,1.4184e+00,1.6010e-01
4.3000e+03,4.1864e-01,1.5794e+00,1.2502e+01,1.4195e+00,1.6027e-01
4.3100e+03,4.1743e-01,1.5783e+00,1.2502e+01,1.4205e+00,1.6043e-01
4.3200e+03,4.1622e-01,1.5773e+00,1.2502e+01,1.4216e+00,1.6060e-01
4.3300e+03,4.1501e-01,1.5762e+00,1.2502e+01,1.4226e+00,1.6076e-01
4.3400e+03,4.1381e-01,1.5752e+00,1.2502e+01,1.4237e+00,1.6093e-01
4.3500e+03,4.1261e-01,1.5742e+00,1.2502e+01,1.4247e+00,1.6109e-01
4.3600e+03,4.1141e-01,1.5731e+00,1.2502e+01,1.4257e+00,1.6126e-01
4.3700e+03,4.1022e-01,1.5721e+00,1.2502e+01,1.4268e+00,1.6142e-01
4.3800e+03,4.0904e-01,1.5711e+00,1.2502e+01,1.4278e+00,1.6158e-01
4.3900e+03,4.0786e-01,1.5701e+00,1.2502e+01,1.4288e+00,1.6175e-01
4.4000e+03,4.0668e-01,1.5690e+00,1.2502e+01,1.4298e+00,1.6191e-01
4.4100e+03,4.0551e-01,1.5680e+00,1.2502e+01,1.4308e+00,1.6207e-01
4.4200e+03,4.0434e-01,1.5670e+00,1.2502e+01,1.4318e+00,1.6223e-01
4.4300e+03,4.0317e-01,1.5660e+00,1.2502e+01,1.4328e+00,1.6239e-01
4.4400e+03,4.0201e-01,1.5650e+00,1.2502e+01,1.4338e+00,1.6255e-01
4.4500e+03,4.0085e-01,1.5640e+00,1.2502e+01,1.4348e+00,1.6271e-01
4.4600e+03,3.9970e-01,1.5630e+00,1.2502e+01,1.4358e+00,1.6287e-01
4.4700e+03,3.9855e-01,1.5620e+00,1.2502e+01,1.4368e+00,1.6303e-01
4.4800e+03,3.9740e-01,1.5610e+00,1.2502e+01,1.4378e+00,1.6319e-01
4.4900e+03,3.9626e-01,1.5600e+00,1.2502e+01,1.4388e+00,1.6334e-01
4.5000e+03,3.9512e-01,1.5591e+00,1.2502e+01,1.4398e+00,1.6350e-01
4.5100e+03,3.9399e-01,1.5581e+00,1.2502e+01,1.4408e+00,1.6366e-01
4.5200e+03,3.9286e-01,1.5571e+00,1.2502e+01,1.4417e+00,1.6381e-01
4.5300e+03,3.9173e-01,1.5561e+00,1.2502e+01,1.4427e+00,1.6397e-01
4.5400e+03,3.9061e-01,1.5552e+00,1.2502e+01,1.4437e+00,1.6412e-01
4.5500e+03,3.8949e-01,1.5542e+00,1.2502e+01,1.4446e+00,1.6428e-01
4.5600e+03,3.8837e-01,1.5532e+00,1.2502e+01,1.4456e+00,1.6443e-01
4.5700e+03,3.8726e-01,1.5523e+00,1.2502e+01,1.4465e+00,1.6459e-01
4.5800e+03,3.8616e-01,1.5513e+00,1.2502e+01,1.4475e+00,1.6474e-01
4.5900e+03,3.8505e-01,1.5504e+00,1.2502e+01,1.4485e+00,1.6489e-01
4.6000e+03,3.8395e-01,1.5494e+00,1.2502e+01,1.4494e+00,1.6505e-01
4.6100e+03,3.8286e-01,1.5485e+00,1.2502e+01,1.4503e+00,1.6520e-01
4.6200e+03,3.8176e-01,1.5476e+00,1.2502e+01,1.4513e+00,1.6535e-01
4.6300e+03,3.8067e-01,1.5466e+00,1.2502e+01,1.4522e+00,1.6550e-01
4.6400e+03,3.7959e-01,1.5457e+00,1.2502e+01,1.4532e+00,1.6565e-01
4.6500e+03,3.7851e-01,1.5447e+00,1.2502e+01,1.4541e+00,1.6581e-01
4.6600e+03,3.7743e-01,1.5438e+00,1.2502e+01,1.4550e+00,1.6596e-01
4.6700e+03,3.7636e-01,1.5429e+00,1.2502e+01,1.4559e+00,1.6610e-01
4.6800e+03,3.7529e-01,1.5420e+00,1.2502e+01,1.4569e+00,1.6625e-01
4.6900e+03,3.7422e-01,1.5411e+00,1.2502e+01,1.4578e+00,1.6640e-01
4.7000e+03,3.7315e-01,1.5401e+00,1.2502e+01,1.4587e+00,1.6655e-01
4.7100e+03,3.7209e-01,1.5392e+00,1.2502e+01,1.4596e+00,1.6670e-01
4.7200e+03,3.7104e-01,1.5383e+00,1.2502e+01,1.4605e+00,1.6685e-01
4.7300e+03,3.6999e-01,1.5374e+00,1.2502e+01,1.4614e+00,1.6699e-01
4.7400e+03,3.6894e-01,1.5365e+00,1.2502e+01,1.4623e+00,1.6714e-01
4.7500e+03,3.6789e-01,1.5356e+00,1.2502e+01,1.4632e+00,1.6729e-01
4.7600e+03,3.6685e-01,1.5347e+00,1.2502e+01,1.4641e+00,1.6743e-01
4.7700e+03,3.6581e-01,1.5338e+00,1.2502e+01,1.4650e+00,1.6758e-01
4.7800e+03,3.6477e-01,1.5329e+00,1.2502e+01,1.4659e+00,1.6772e-01
4.7900e+03,3.6374e-01,1.5320e+00,1.2502e+01,1.4668e+00,1.6787e-01
4.8000e+03,3.6271e-01,1.5311e+00,1.2502e+01,1.4677e+00,1.6801e-01
4.8100e+03,3.6169e-01,1.5303e+00,1.2502e+01,1.4686e+00,1.6816e-01
4.8200e+03,3.6067e-01,1.5294e+00,1.2502e+01,1.4694e+00,1.6830e-01
4.8300e+03,3.5965e-01,1.5285e+00,1.2502e+01,1.4703e+00,1.6844e-01
4.8400e+03,3.5863e-01,1.5276e+00,1.2502e+01,1.4712e+00,1.6859e-01
4.8500e+03,3.5762e-01,1.5268e+00,1.2502e+01,1.4721e+00,1.6873e-01
4.8600e+03,3.5661e-01,1.5259e+00,1.2502e+01,1.4729e+00,1.6887e-01
4.8700e+03,3.5561e-01,1.5250e+00,1.2502e+01,1.4738e+00,1.6901e-01
4.8800e+03,3.5461e-01,1.5242e+00,1.2502e+01,1.4746e+00,1.6915e-01
4.8900e+03,3.5361e-01,1.5233e+00,1.2502e+01,1.4755e+00,1.6929e-01
4.9000e+03,3.5261e-01,1.5225e+00,1.2502e+01,1.4764e+00,1.6943e-01
4.9100e+03,3.5162e-01,1.5216e+00,1.2502e+01,1.4772e+00,1.6957e-01
4.9200e+03,3.5063e-01,1.5208e+00,1.2502e+01,1.4781e+00,1.6971e-01
4.9300e+03,3.4965e-01,1.5199e+00,1.2502e+01,1.4789e+00,1.6985e-01
4.9400e+03,3.4866e-01,1.5191e+00,1.2502e+01,1.4797e+00,1.6999e-01
4.9500e+03,3.4769e-01,1.5182e+00,1.2502e+01,1.4806e+00,1.7013e-01
4.9600e+03,3.4671e-01,1.5174e+00,1.2502e+01,1.4814e+00,1.7027e-01
4.9700e+03,3.4574e-01,1.5166e+00,1.2502e+01,1.4823e+00,1.7041e-01
4.9800e+03,3.4477e-01,1.5157e+00,1.2502e+01,1.4831e+00,1.7054e-01
4.9900e+03,3.4380e-01,1.5149e+00,1.2502e+01,1.4839e+00,1.7068e-01
5.0000e+03,3.4284e-01,1.5141e+00,1.2502e+01,1.4847e+00,1.7082e-01
5.0100e+03,3.4188e-01,1.5132e+00,1.2502e+01,1.4856e+00,1.7095e-01
5.0200e+03,3.4092e-01,1.5124e+00,1.2502e+01,1.4864e+00,1.7109e-01
5.0300e+03,3.3997e-01,1.5116e+00,1.2502e+01,1.4872e+00,1.7122e-01
5.0400e+03,3.3902e-01,1.5108e+00,1.2502e+01,1.4880e+00,1.7136e-01
5.0500e+03,3.3807e-01,1.5100e+00,1.2502e+01,1.4888e+00,1.7149e-01
5.0600e+03,3.3713e-01,1.5092e+00,1.2502e+01,1.4896e+00,1.7163e-01
5.0700e+03,3.3619e-01,1.5084e+00,1.2502e+01,1.4905e+00,1.7176e-01
5.0800e+03,3.3525e-01,1.5075e+00,1.2502e+01,1.4913e+00,1.7189e-01
5.0900e+03,3.3431e-01,1.5067e+00,1.2502e+01,1.4921e+00,1.7203e-01
5.1000e+03,3.3338e-01,1.5059e+00,1.2502e+01,1.4929e+00,1.7216e-01
5.1100e+03,3.3245e-01,1.5051e+00,1.2502e+01,1.4937e+00,1.7229e-01
5.1200e+03,3.3153e-01,1.5044e+00,1.2502e+01,1.4945e+00,1.7242e-01
5.1300e+03,3.3060e-01,1.5036e+00,1.2502e+01,1.4952e+00,1.7256e-01
5.1400e+03,3.2968e-01,1.5028e+00,1.2502e+01,1.4960e+00,1.7269e-01
5.1500e+03,3.2877e-01,1.5020e+00,1.2502e+01,1.4968e+00,1.7282e-01
5.1600e+03,3.2785e-01,1.5012e+00,1.2502e+01,1.4976e+00,1.7295e-01
5.1700e+03,3.2694e-01,1.5004e+00,1.2502e+01,1.4984e+00,1.7308e-01
5.1800e+03,3.2603e-01,1.4996e+00,1.2502e+01,1.4992e+00,1.7321e-01
5.1900e+03,3.2513e-01,1.4989e+00,1.2502e+01,1.4999e+00,1.7334e-01
5.2000e+03,3.2422e-01,1.4981e+00,1.2502e+01,1.5007e+00,1.7347e-01
5.2100e+03,3.2332e-01,1.4973e+00,1.2502e+01,1.5015e+00,1.7360e-01
5.2200e+03,3.2243e-01,1.4965e+00,1.2502e+01,1.5022e+00,1.7372e-01
5.2300e+03,3.2153e-01,1.4958e+00,1.2502e+01,1.5030e+00,1.7385e-01
5.2400e+03,3.2064e-01,1.4950e+00,1.2502e+01,1.5038e+00,1.7398e-01
5.2500e+03,3.1976e-01,1.4943e+00,1.2502e+01,1.5045e+00,1.7411e-01
5.2600e+03,3.1887e-01,1.4935e+00,1.2502e+01,1.5053e+00,1.7423e-01
5.2700e+03,3.1799e-01,1.4927e+00,1.2502e+01,1.5061e+00,1.7436e-01
5.2800e+03,3.1711e-01,1.4920e+00,1.2502e+01,1.5068e+00,1.7449e-01
5.2900e+03,3.1623e-01,1.4912e+00,1.2502e+01,1.5076e+00,1.7461e-01
5.3000e+03,3.1536e-01,1.4905e+00,1.2502e+01,1.5083e+00,1.7474e-01
5.3100e+03,3.1449e-01,1.4897e+00,1.2502e+01,1.5091e+00,1.7486e-01
5.3200e+03,3.1362e-01,1.4890e+00,1.2502e+01,1.5098e+00,1.7499e-01
5.3300e+03,3.1275e-01,1.4883e+00,1.2502e+01,1.5105e+00,1.7511e-01
5.3400e+03,3.1189e-01,1.4875e+00,1.2502e+01,1.5113e+00,1.7524e-01
5.3500e+03,3.1103e-01,1.4868e+00,1.2502e+01,1.5120e+00,1.7536e-01
5.3600e+03,3.1017e-01,1.4860e+00,1.2502e+01,1.5127e+00,1.7548e-01
5.3700e+03,3.0932e-01,1.4853e+00,1.2502e+01,1.5135e+00,1.7561e-01
5.3800e+03,3.0847e-01,1.4846e+00,1.2502e+01,1.5142e+00,1.7573e-01
5.3900e+03,3.0762e-01,1.4839e+00,1.2502e+01,1.5149e+00,1.7585e-01
5.4000e+03,3.0677e-01,1.4831e+00,1.2502e+01,1.5157e+00,1.7597e-01
5.4100e+03,3.0593e-01,1.4824e+00,1.2502e+01,1.5164e+00,1.7610e-01
5.4200e+03,3.0508e-01,1.4817e+00,1.2502e+01,1.5171e+00,1.7622e-01
5.4300e+03,3.0425e-01,1.4810e+00,1.2502e+01,1.5178e+00,1.7634e-01
5.4400e+03,3.0341e-01,1.4803e+00,1.2502e+01,1.5185e+00,1.7646e-01
5.4500e+03,3.0258e-01,1.4795e+00,1.2502e+01,1.5192e+00,1.7658e-01
5.4600e+03,3.0175e-01,1.4788e+00,1.2502e+01,1.5200e+00,1.7670e-01
5.4700e+03,3.0092e-01,1.4781e+00,1.2502e+01,1.5207e+00,1.7682e-01
5.4800e+03,3.0009e-01,1.4774e+00,1.2502e+01,1.5214e+00,1.7694e-01
5.4900e+03,2.9927e-01,1.4767e+00,1.2502e+01,1.5221e+00,1.7706e-01
5.5000e+03,2.9845e-01,1.4760e+00,1.2502e+01,1.5228e+00,1.7718e-01
5.5100e+03,2.9763e-01,1.4753e+00,1.2502e+01,1.5235e+00,1.7729e-01
5.5200e+03,2.9682e-01,1.4746e+00,1.2502e+01,1.5242e+00,1.7741e-01
5.5300e+03,2.9600e-01,1.4739e+00,1.2502e+01,1.5249e+00,1.7753e-01
5.5400e+03,2.9519e-01,1.4732e+00,1.2502e+01,1.5256e+00,1.7765e-01
5.5500e+03,2.9439e-01,1.4725e+00,1.2502e+01,1.5262e+00,1.7777e-01
5.5600e+03,2.9358e-01,1.4718e+00,1.2502e+01,1.5269e+00,1.7788e-01
5.5700e+03,2.9278e-01,1.4712e+00,1.2502e+01,1.5276e+00,1.7800e-01
5.5800e+03,2.9198e-01,1.4705e+00,1.2502e+01,1.5283e+00,1.7811e-01
5.5900e+03,2.9118e-01,1.4698e+00,1.2502e+01,1.5290e+00,1.7823e-01
5.6000e+03,2.9039e-01,1.4691e+00,1.2502e+01,1.5297e+00,1.7835e-01
5.6100e+03,2.8960e-01,1.4684e+00,1.2502e+01,1.5303e+00,1.7846e-01
5.6200e+03,2.8881e-01,1.4678e+00,1.2502e+01,1.5310e+00,1.7858e-01
5.6300e+03,2.8802e-01,1.4671e+00,1.2502e+01,1.5317e+00,1.7869e-01
5.6400e+03,2.8723e-01,1.4664e+00,1.2502e+01,1.5324e+00,1.7881e-01
5.6500e+03,2.8645e-01,1.4657e+00,1.2502e+01,1.5330e+00,1.7892e-01
5.6600e+03,2.8567e-01,1.4651e+00,1.2502e+01,1.5337e+00,1.7903e-01
5.6700e+03,2.8489e-01,1.4644e+00,1.2502e+01,1.5344e+00,1.7915e-01
5.6800e+03,2.8412e-01,1.4637e+00,1.2502e+01,1.5350e+00,1.7926e-01
5.6900e+03,2.8334e-01,1.4631e+00,1.2502e+01,1.5357e+00,1.7937e-01
5.7000e+03,2.8257e-01,1.4624e+00,1.2502e+01,1.5363e+00,1.7948e-01
5.7100e+03,2.8181e-01,1.4618e+00,1.2502e+01,1.5370e+00,1.7960e-01
5.7200e+03,2.8104e-01,1.4611e+00,1.2502e+01,1.5377e+00,1.7971e-01
5.7300e+03,2.8028e-01,1.4605e+00,1.2502e+01,1.5383e+00,1.7982e-01
5.7400e+03,2.7952e-01,1.4598e+00,1.2502e+01,1.5390e+00,1.7993e-01
5.7500e+03,2.7876e-01,1.4592e+00,1.2502e+01,1.5396e+00,1.8004e-01
5.7600e+03,2.7800e-01,1.4585e+00,1.2502e+01,1.5402e+00,1.8015e-01
5.7700e+03,2.7725e-01,1.4579e+00,1.2502e+01,1.5409e+00,1.8026e-01
5.7800e+03,2.7650e-01,1.4572e+00,1.2502e+01,1.5415e+00,1.8037e-01
5.7900e+03,2.7575e-01,1.4566e+00,1.2502e+01,1.5422e+00,1.8048e-01
5.8000e+03,2.7500e-01,1.4560e+00,1.2502e+01,1.5428e+00,1.8059e-01
5.8100e+03,2.7425e-01,1.4553e+00,1.2502e+01,1.5434e+00,1.8070e-01
5.8200e+03,2.7351e-01,1.4547e+00,1.2502e+01,1.5441e+00,1.8081e-01
5.8300e+03,2.7277e-01,1.4541e+00,1.2502e+01,1.5447e+00,1.8092e-01
5.8400e+03,2.7203e-01,1.4534e+00,1.2502e+01,1.5453e+00,1.8103e-01
5.8500e+03,2.7130e-01,1.4528e+00,1.2502e+01,1.5460e+00,1.8114e-01
5.8600e+03,2.7057e-01,1.4522e+00,1.2502e+01,1.5466e+00,1.8124e-01
5.8700e+03,2.6983e-01,1.4515e+00,1.2502e+01,1.5472e+00,1.8135e-01
5.8800e+03,2.6911e-01,1.4509e+00,1.2502e+01,1.5478e+00,1.8146e-01
5.8900e+03,2.6838e-01,1.4503e+00,1.2502e+01,1.5485e+00,1.8156e-01
5.9000e+03,2.6765e-01,1.4497e+00,1.2502e+01,1.5491e+00,1.8167e-01
5.9100e+03,2.6693e-01,1.4491e+00,1.2502e+01,1.5497e+00,1.8178e-01
5.9200e+03,2.6621e-01,1.4485e+00,1.2502e+01,1.5503e+00,1.8188e-01
5.9300e+03,2.6549e-01,1.4478e+00,1.2502e+01,1.5509e+00,1.8199e-01
5.9400e+03,2.6478e-01,1.4472e+00,1.2502e+01,1.5515e+00,1.8209e-01
5.9500e+03,2.6407e-01,1.4466e+00,1.2502e+01,1.5521e+00,1.8220e-01
5.9600e+03,2.6335e-01,1.4460e+00,1.2502e+01,1.5527e+00,1.8230e-01
5.9700e+03,2.6265e-01,1.4454e+00,1.2502e+01,1.5533e+00,1.8241e-01
5.9800e+03,2.6194e-01,1.4448e+00,1.2502e+01,1.5540e+00,1.8251e-01
5.9900e+03,2.6123e-01,1.4442e+00,1.2502e+01,1.5546e+00,1.8262e-01
6.0000e+03,2.6053e-01,1.4436e+00,1.2502e+01,1.5551e+00,1.8272e-01
6.0100e+03,2.5983e-01,1.4430e+00,1.2502e+01,1.5557e+00,1.8282e-01
6.0200e+03,2.5913e-01,1.4424e+00,1.2502e+01,1.5563e+00,1.8293e-01
6.0300e+03,2.5844e-01,1.4418e+00,1.2502e+01,1.5569e+00,1.8303e-01
6.0400e+03,2.5774e-01,1.4412e+00,1.2502e+01,1.5575e+00,1.8313e-01
6.0500e+03,2.5705e-01,1.4406e+00,1.2502e+01,1.5581e+00,1.8324e-01
6.0600e+03,2.5636e-01,1.4400e+00,1.2502e+01,1.5587e+00,1.8334e-01
6.0700e+03,2.5567e-01,1.4395e+00,1.2502e+01,1.5593e+00,1.8344e-01
6.0800e+03,2.5499e-01,1.4389e+00,1.2502e+01,1.5599e+00,1.8354e-01
6.0900e+03,2.5430e-01,1.4383e+00,1.2502e+01,1.5605e+00,1.8364e-01
6.1000e+03,2.5362e-01,1.4377e+00,1.2502e+01,1.5610e+00,1.8374e-01
6.1100e+03,2.5294e-01,1.4371e+00,1.2502e+01,1.5616e+00,1.8384e-01
6.1200e+03,2.5226e-01,1.4366e+00,1.2502e+01,1.5622e+00,1.8394e-01
6.1300e+03,2.5159e-01,1.4360e+00,1.2502e+01,1.5628e+00,1.8404e-01
6.1400e+03,2.5092e-01,1.4354e+00,1.2502e+01,1.5633e+00,1.8414e-01
6.1500e+03,2.5024e-01,1.4348e+00,1.2502e+01,1.5639e+00,1.8424e-01
6.1600e+03,2.4957e-01,1.4343e+00,1.2502e+01,1.5645e+00,1.8434e-01
6.1700e+03,2.4891e-01,1.4337e+00,1.2502e+01,1.5651e+00,1.8444e-01
6.1800e+03,2.4824e-01,1.4331e+00,1.2502e+01,1.5656e+00,1.8454e-01
6.1900e+03,2.4758e-01,1.4326e+00,1.2502e+01,1.5662e+00,1.8464e-01
6.2000e+03,2.4692e-01,1.4320e+00,1.2502e+01,1.5667e+00,1.8474e-01
6.2100e+03,2.4626e-01,1.4314e+00,1.2502e+01,1.5673e+00,1.8484e-01
6.2200e+03,2.4560e-01,1.4309e+00,1.2502e+01,1.5679e+00,1.8493e-01
6.2300e+03,2.4494e-01,1.4303e+00,1.2502e+01,1.5684e+00,1.8503e-01
6.2400e+03,2.4429e-01,1.4298e+00,1.2502e+01,1.5690e+00,1.8513e-01
6.2500e+03,2.4364e-01,1.4292e+00,1.2502e+01,1.5695e+00,1.8522e-01
6.2600e+03,2.4299e-01,1.4287e+00,1.2502e+01,1.5701e+00,1.8532e-01
6.2700e+03,2.4234e-01,1.4281e+00,1.2502e+01,1.5706e+00,1.8542e-01
6.2800e+03,2.4170e-01,1.4276e+00,1.2502e+01,1.5712e+00,1.8551e-01
6.2900e+03,2.4105e-01,1.4270e+00,1.2502e+01,1.5717e+00,1.8561e-01
6.3000e+03,2.4041e-01,1.4265e+00,1.2502e+01,1.5723e+00,1.8571e-01
6.3100e+03,2.3977e-01,1.4259e+00,1.2502e+01,1.5728e+00,1.8580e-01
6.3200e+03,2.3913e-01,1.4254e+00,1.2502e+01,1.5734e+00,1.8590e-01
6.3300e+03,2.3850e-01,1.4248e+00,1.2502e+01,1.5739e+00,1.8599e-01
6.3400e+03,2.3786e-01,1.4243e+00,1.2502e+01,1.5745e+00,1.8609e-01
6.3500e+03,2.3723e-01,1.4237e+00,1.2502e+01,1.5750e+00,1.8618e-01
6.3600e+03,2.3660e-01,1.4232e+00,1.2502e+01,1.5755e+00,1.8627e-01
6.3700e+03,2.3597e-01,1.4227e+00,1.2502e+01,1.5761e+00,1.8637e-01
6.3800e+03,2.3535e-01,1.4221e+00,1.2502e+01,1.5766e+00,1.8646e-01
6.3900e+03,2.3472e-01,1.4216e+00,1.2502e+01,1.5771e+00,1.8656e-01
6.4000e+03,2.3410e-01,1.4211e+00,1.2502e+01,1.5777e+00,1.8665e-01
6.4100e+03,2.3348e-01,1.4206e+00,1.2502e+01,1.5782e+00,1.8674e-01
6.4200e+03,2.3286e-01,1.4200e+00,1.2502e+01,1.5787e+00,1.8683e-01
6.4300e+03,2.3224e-01,1.4195e+00,1.2502e+01,1.5792e+00,1.8693e-01
6.4400e+03,2.3162e-01,1.4190e+00,1.2502e+01,1.5798e+00,1.8702e-01
6.4500e+03,2.3101e-01,1.4185e+00,1.2502e+01,1.5803e+00,1.8711e-01
6.4600e+03,2.3040e-01,1.4179e+00,1.2502e+01,1.5808e+00,1.8720e-01
6.4700e+03,2.2979e-01,1.4174e+00,1.2502e+01,1.5813e+00,1.8729e-01
6.4800e+03,2.2918e-01,1.4169e+00,1.2502e+01,1.5818e+00,1.8739e-01
6.4900e+03,2.2857e-01,1.4164e+00,1.2502e+01,1.5824e+00,1.8748e-01
6.5000e+03,2.2797e-01,1.4159e+00,1.2502e+01,1.5829e+00,1.8757e-01
6.5100e+03,2.2737e-01,1.4154e+00,1.2502e+01,1.5834e+00,1.8766e-01
6.5200e+03,2.2677e-01,1.4148e+00,1.2502e+01,1.5839e+00,1.8775e-01
6.5300e+03,2.2617e-01,1.4143e+00,1.2502e+01,1.5844e+00,1.8784e-01
6.5400e+03,2.2557e-01,1.4138e+00,1.2502e+01,1.5849e+00,1.8793e-01
6.5500e+03,2.2497e-01,1.4133e+00,1.2502e+01,1.5854e+00,1.8802e-01
6.5600e+03,2.2438e-01,1.4128e+00,1.2502e+01,1.5859e+00,1.8811e-01
6.5700e+03,2.2379e-01,1.4123e+00,1.2502e+01,1.5864e+00,1.8820e-01
6.5800e+03,2.2320e-01,1.4118e+00,1.2502e+01,1.5869e+00,1.8828e-01
6.5900e+03,2.2261e-01,1.4113e+00,1.2502e+01,1.5874e+00,1.8837e-01
6.6000e+03,2.2202e-01,1.4108e+00,1.2502e+01,1.5879e+00,1.8846e-01
6.6100e+03,2.2143e-01,1.4103e+00,1.2502e+01,1.5884e+00,1.8855e-01
6.6200e+03,2.2085e-01,1.4098e+00,1.2502e+01,1.5889e+00,1.8864e-01
6.6300e+03,2.2027e-01,1.4093e+00,1.2502e+01,1.5894e+00,1.8873e-01
6.6400e+03,2.1969e-01,1.4088e+00,1.2502e+01,1.5899e+00,1.8881e-01
6.6500e+03,2.1911e-01,1.4083e+00,1.2502e+01,1.5904e+00,1.8890e-01
6.6600e+03,2.1853e-01,1.4078e+00,1.2502e+01,1.5909e+00,1.8899e-01
6.6700e+03,2.1796e-01,1.4074e+00,1.2502e+01,1.5914e+00,1.8907e-01
6.6800e+03,2.1738e-01,1.4069e+00,1.2502e+01,1.5919e+00,1.8916e-01
6.6900e+03,2.1681e-01,1.4064e+00,1.2502e+01,1.5923e+00,1.8925e-01
6.7000e+03,2.1624e-01,1.4059e+00,1.2502e+01,1.5928e+00,1.8933e-01
6.7100e+03,2.1567e-01,1.4054e+00,1.2502e+01,1.5933e+00,1.8942e-01
6.7200e+03,2.1511e-01,1.4049e+00,1.2502e+01,1.5938e+00,1.8950e-01
6.7300e+03,2.1454e-01,1.4045e+00,1.2502e+01,1.5943e+00,1.8959e-01
6.7400e+03,2.1398e-01,1.4040e+00,1.2502e+01,1.5948e+00,1.8967e-01
6.7500e+03,2.1341e-01,1.4035e+00,1.2502e+01,1.5952e+00,1.8976e-01
6.7600e+03,2.1285e-01,1.4030e+00,1.2502e+01,1.5957e+00,1.8984e-01
6.7700e+03,2.1230e-01,1.4025e+00,1.2502e+01,1.5962e+00,1.8993e-01
6.7800e+03,2.1174e-01,1.4021e+00,1.2502e+01,1.5966e+00,1.9001e-01
6.7900e+03,2.1118e-01,1.4016e+00,1.2502e+01,1.5971e+00,1.9010e-01
6.8000e+03,2.1063e-01,1.4011e+00,1.2502e+01,1.5976e+00,1.9018e-01
6.8100e+03,2.1008e-01,1.4007e+00,1.2502e+01,1.5981e+00,1.9026e-01
6.8200e+03,2.0953e-01,1.4002e+00,1.2502e+01,1.5985e+00,1.9035e-01
6.8300e+03,2.0898e-01,1.3997e+00,1.2502e+01,1.5990e+00,1.9043e-01
6.8400e+03,2.0843e-01,1.3993e+00,1.2502e+01,1.5995e+00,1.9051e-01
6.8500e+03,2.0788e-01,1.3988e+00,1.2502e+01,1.5999e+00,1.9060e-01
6.8600e+03,2.0734e-01,1.3983e+00,1.2502e+01,1.6004e+00,1.9068e-01
6.8700e+03,2.0680e-01,1.3979e+00,1.2502e+01,1.6008e+00,1.9076e-01
6.8800e+03,2.0626e-01,1.3974e+00,1.2502e+01,1.6013e+00,1.9084e-01
6.8900e+03,2.0572e-01,1.3970e+00,1.2502e+01,1.6018e+00,1.9093e-01
6.9000e+03,2.0518e-01,1.3965e+00,1.2502e+01,1.6022e+00,1.9101e-01
6.9100e+03,2.0464e-01,1.3960e+00,1.2502e+01,1.6027e+00,1.9109e-01
6.9200e+03,2.0411e-01,1.3956e+00,1.2502e+01,1.6031e+00,1.9117e-01
6.9300e+03,2.0357e-01,1.3951e+00,1.2502e+01,1.6036e+00,1.9125e-01
6.9400e+03,2.0304e-01,1.3947e+00,1.2502e+01,1.6040e+00,1.9133e-01
6.9500e+03,2.0251e-01,1.3942e+00,1.2502e+01,1.6045e+00,1.9141e-01
6.9600e+03,2.0198e-01,1.3938e+00,1.2502e+01,1.6049e+00,1.9149e-01
6.9700e+03,2.0146e-01,1.3933e+00,1.2502e+01,1.6054e+00,1.9157e-01
6.9800e+03,2.0093e-01,1.3929e+00,1.2502e+01,1.6058e+00,1.9165e-01
6.9900e+03,2.0041e-01,1.3925e+00,1.2502e+01,1.6063e+00,1.9173e-01
7.0000e+03,1.9988e-01,1.3920e+00,1.2502e+01,1.6067e+00,1.9181e-01
7.0100e+03,1.9936e-01,1.3916e+00,1.2502e+01,1.6071e+00,1.9189e-01
7.0200e+03,1.9884e-01,1.3911e+00,1.2502e+01,1.6076e+00,1.9197e-01
7.0300e+03,1.9832e-01,1.3907e+00,1.2502e+01,1.6080e+00,1.9205e-01
7.0400e+03,1.9781e-01,1.3902e+00,1.2502e+01,1.6085e+00,1.9213e-01
7.0500e+03,1.9729e-01,1.3898e+00,1.2502e+01,1.6089e+00,1.9221e-01
7.0600e+03,1.9678e-01,1.3894e+00,1.2502e+01,1.6093e+00,1.9229e-01
7.0700e+03,1.9627e-01,1.3889e+00,1.2502e+01,1.6098e+00,1.9236e-01
7.0800e+03,1.9576e-01,1.3885e+00,1.2502e+01,1.6102e+00,1.9244e-01
7.0900e+03,1.9525e-01,1.3881e+00,1.2502e+01,1.6106e+00,1.9252e-01
7.1000e+03,1.9474e-01,1.3876e+00,1.2502e+01,1.6111e+00,1.9260e-01
7.1100e+03,1.9423e-01,1.3872e+00,1.2502e+01,1.6115e+00,1.9267e-01
7.1200e+03,1.9373e-01,1.3868e+00,1.2502e+01,1.6119e+00,1.9275e-01
7.1300e+03,1.9322e-01,1.3864e+00,1.2502e+01,1.6123e+00,1.9283e-01
7.1400e+03,1.9272e-01,1.3859e+00,1.2502e+01,1.6128e+00,1.9290e-01
7.1500e+03,1.9222e-01,1.3855e+00,1.2502e+01,1.6132e+00,1.9298e-01
7.1600e+03,1.9172e-01,1.3851e+00,1.2502e+01,1.6136e+00,1.9306e-01
7.1700e+03,1.9122e-01,1.3847e+00,1.2502e+01,1.6140e+00,1.9313e-01
7.1800e+03,1.9073e-01,1.3842e+00,1.2502e+01,1.6145e+00,1.9321e-01
7.1900e+03,1.9023e-01,1.3838e+00,1.2502e+01,1.6149e+00,1.9329e-01
7.2000e+03,1.8974e-01,1.3834e+00,1.2502e+01,1.6153e+00,1.9336e-01
7.2100e+03,1.8925e-01,1.3830e+00,1.2502e+01,1.6157e+00,1.9344e-01
7.2200e+03,1.8876e-01,1.3826e+00,1.2502e+01,1.6161e+00,1.9351e-01
7.2300e+03,1.8827e-01,1.3822e+00,1.2502e+01,1.6165e+00,1.9359e-01
7.2400e+03,1.8778e-01,1.3817e+00,1.2502e+01,1.6170e+00,1.9366e-01
7.2500e+03,1.8729e-01,1.3813e+00,1.2502e+01,1.6174e+00,1.9374e-01
7.2600e+03,1.8681e-01,1.3809e+00,1.2502e+01,1.6178e+00,1.9381e-01
7.2700e+03,1.8632e-01,1.3805e+00,1.2502e+01,1.6182e+00,1.9388e-01
7.2800e+03,1.8584e-01,1.3801e+00,1.2502e+01,1.6186e+00,1.9396e-01
7.2900e+03,1.8536e-01,1.3797e+00,1.2502e+01,1.6190e+00,1.9403e-01
7.3000e+03,1.8488e-01,1.3793e+00,1.2502e+01,1.6194e+00,1.9411e-01
7.3100e+03,1.8440e-01,1.3789e+00,1.2502e+01,1.6198e+00,1.9418e-01
7.3200e+03,1.8393e-01,1.3785e+00,1.2502e+01,1.6202e+00,1.9425e-01
7.3300e+03,1.8345e-01,1.3781e+00,1.2502e+01,1.6206e+00,1.9433e-01
7.3400e+03,1.8298e-01,1.3777e+00,1.2502e+01,1.6210e+00,1.9440e-01
7.3500e+03,1.8250e-01,1.3773e+00,1.2502e+01,1.6214e+00,1.9447e-01
7.3600e+03,1.8203e-01,1.3769e+00,1.2502e+01,1.6218e+00,1.9454e-01
7.3700e+03,1.8156e-01,1.3765e+00,1.2502e+01,1.6222e+00,1.9462e-01
7.3800e+03,1.8109e-01,1.3761e+00,1.2502e+01,1.6226e+00,1.9469e-01
7.3900e+03,1.8062e-01,1.3757e+00,1.2502e+01,1.6230e+00,1.9476e-01
7.4000e+03,1.8016e-01,1.3753e+00,1.2502e+01,1.6234e+00,1.9483e-01
7.4100e+03,1.7969e-01,1.3749e+00,1.2502e+01,1.6238e+00,1.9490e-01
7.4200e+03,1.7923e-01,1.3745e+00,1.2502e+01,1.6242e+00,1.9497e-01
7.4300e+03,1.7877e-01,1.3741e+00,1.2502e+01,1.6246e+00,1.9505e-01
7.4400e+03,1.7831e-01,1.3737e+00,1.2502e+01,1.6250e+00,1.9512e-01
7.4500e+03,1.7785e-01,1.3733e+00,1.2502e+01,1.6254e+00,1.9519e-01
7.4600e+03,1.7739e-01,1.3729e+00,1.2502e+01,1.6258e+00,1.9526e-01
7.4700e+03,1.7693e-01,1.3726e+00,1.2502e+01,1.6261e+00,1.9533e-01
7.4800e+03,1.7647e-01,1.3722e+00,1.2502e+01,1.6265e+00,1.9540e-01
7.4900e+03,1.7602e-01,1.3718e+00,1.2502e+01,1.6269e+00,1.9547e-01
7.5000e+03,1.7557e-01,1.3714e+00,1.2502e+01,1.6273e+00,1.9554e-01
7.5100e+03,1.7511e-01,1.3710e+00,1.2502e+01,1.6277e+00,1.9561e-01
7.5200e+03,1.7466e-01,1.3706e+00,1.2502e+01,1.6281e+00,1.9568e-01
7.5300e+03,1.7421e-01,1.3703e+00,1.2502e+01,1.6284e+00,1.9575e-01
7.5400e+03,1.7377e-01,1.3699e+00,1.2502e+01,1.6288e+00,1.9582e-01
7.5500e+03,1.7332e-01,1.3695e+00,1.2502e+01,1.6292e+00,1.9588e-01
7.5600e+03,1.7287e-01,1.3691e+00,1.2502e+01,1.6296e+00,1.9595e-01
7.5700e+03,1.7243e-01,1.3687e+00,1.2502e+01,1.6300e+00,1.9602e-01
7.5800e+03,1.7199e-01,1.3684e+00,1.2502e+01,1.6303e+00,1.9609e-01
7.5900e+03,1.7154e-01,1.3680e+00,1.2502e+01,1.6307e+00,1.9616e-01
7.6000e+03,1.7110e-01,1.3676e+00,1.2502e+01,1.6311e+00,1.9623e-01
7.6100e+03,1.7066e-01,1.3673e+00,1.2502e+01,1.6314e+00,1.9630e-01
7.6200e+03,1.7022e-01,1.3669e+00,1.2502e+01,1.6318e+00,1.9636e-01
7.6300e+03,1.6979e-01,1.3665e+00,1.2502e+01,1.6322e+00,1.9643e-01
7.6400e+03,1.6935e-01,1.3661e+00,1.2502e+01,1.6326e+00,1.9650e-01
7.6500e+03,1.6892e-01,1.3658e+00,1.2502e+01,1.6329e+00,1.9657e-01
7.6600e+03,1.6848e-01,1.3654e+00,1.2502e+01,1.6333e+00,1.9663e-01
7.6700e+03,1.6805e-01,1.3650e+00,1.2502e+01,1.6337e+00,1.9670e-01
7.6800e+03,1.6762e-01,1.3647e+00,1.2502e+01,1.6340e+00,1.9677e-01
7.6900e+03,1.6719e-01,1.3643e+00,1.2502e+01,1.6344e+00,1.9683e-01
7.7000e+03,1.6676e-01,1.3640e+00,1.2502e+01,1.6347e+00,1.9690e-01
7.7100e+03,1.6633e-01,1.3636e+00,1.2502e+01,1.6351e+00,1.9697e-01
7.7200e+03,1.6591e-01,1.3632e+00,1.2502e+01,1.6355e+00,1.9703e-01
7.7300e+03,1.6548e-01,1.3629e+00,1.2502e+01,1.6358e+00,1.9710e-01
7.7400e+03,1.6506e-01,1.3625e+00,1.2502e+01,1.6362e+00,1.9716e-01
7.7500e+03,1.6464e-01,1.3622e+00,1.2502e+01,1.6365e+00,1.9723e-01
7.7600e+03,1.6421e-01,1.3618e+00,1.2502e+01,1.6369e+00,1.9729e-01
7.7700e+03,1.6379e-01,1.3614e+00,1.2502e+01,1.6372e+00,1.9736e-01
7.7800e+03,1.6338e-01,1.3611e+00,1.2502e+01,1.6376e+00,1.9742e-01
7.7900e+03,1.6296e-01,1.3607e+00,1.2502e+01,1.6380e+00,1.9749e-01
7.8000e+03,1.6254e-01,1.3604e+00,1.2502e+01,1.6383e+00,1.9755e-01
7.8100e+03,1.6212e-01,1.3600e+00,1.2502e+01,1.6387e+00,1.9762e-01
7.8200e+03,1.6171e-01,1.3597e+00,1.2502e+01,1.6390e+00,1.9768e-01
7.8300e+03,1.6130e-01,1.3593e+00,1.2502e+01,1.6394e+00,1.9775e-01
7.8400e+03,1.6088e-01,1.3590e+00,1.2502e+01,1.6397e+00,1.9781e-01
7.8500e+03,1.6047e-01,1.3586e+00,1.2502e+01,1.6401e+00,1.9787e-01
7.8600e+03,1.6006e-01,1.3583e+00,1.2502e+01,1.6404e+00,1.9794e-01
7.8700e+03,1.5965e-01,1.3579e+00,1.2502e+01,1.6407e+00,1.9800e-01
7.8800e+03,1.5925e-01,1.3576e+00,1.2502e+01,1.6411e+00,1.9807e-01
7.8900e+03,1.5884e-01,1.3573e+00,1.2502e+01,1.6414e+00,1.9813e-01
7.9000e+03,1.5843e-01,1.3569e+00,1.2502e+01,1.6418e+00,1.9819e-01
7.9100e+03,1.5803e-01,1.3566e+00,1.2502e+01,1.6421e+00,1.9825e-01
7.9200e+03,1.5763e-01,1.3562e+00,1.2502e+01,1.6425e+00,1.9832e-01
7.9300e+03,1.5723e-01,1.3559e+00,1.2502e+01,1.6428e+00,1.9838e-01
7.9400e+03,1.5682e-01,1.3556e+00,1.2502e+01,1.6431e+00,1.9844e-01
7.9500e+03,1.5642e-01,1.3552e+00,1.2502e+01,1.6435e+00,1.9850e-01
7.9600e+03,1.5603e-01,1.3549e+00,1.2502e+01,1.6438e+00,1.9857e-01
7.9700e+03,1.5563e-01,1.3545e+00,1.2502e+01,1.6441e+00,1.9863e-01
7.9800e+03,1.5523e-01,1.3542e+00,1.2502e+01,1.6445e+00,1.9869e-01
7.9900e+03,1.5484e-01,1.3539e+00,1.2502e+01,1.6448e+00,1.9875e-01
8.0000e+03,1.5444e-01,1.3535e+00,1.2502e+01,1.6451e+00,1.9881e-01
8.0100e+03,1.5405e-01,1.3532e+00,1.2502e+01,1.6455e+00,1.9887e-01
8.0200e+03,1.5366e-01,1.3529e+00,1.2502e+01,1.6458e+00,1.9894e-01
8.0300e+03,1.5326e-01,1.3525e+00,1.2502e+01,1.6461e+00,1.9900e-01
8.0400e+03,1.5287e-01,1.3522e+00,1.2502e+01,1.6465e+00,1.9906e-01
8.0500e+03,1.5249e-01,1.3519e+00,1.2502e+01,1.6468e+00,1.9912e-01
8.0600e+03,1.5210e-01,1.3516e+00,1.2502e+01,1.6471e+00,1.9918e-01
8.0700e+03,1.5171e-01,1.3512e+00,1.2502e+01,1.6475e+00,1.9924e-01
8.0800e+03,1.5133e-01,1.3509e+00,1.2502e+01,1.6478e+00,1.9930e-01
8.0900e+03,1.5094e-01,1.3506e+00,1.2502e+01,1.6481e+00,1.9936e-01
8.1000e+03,1.5056e-01,1.3503e+00,1.2502e+01,1.6484e+00,1.9942e-01
8.1100e+03,1.5017e-01,1.3499e+00,1.2502e+01,1.6487e+00,1.9948e-01
8.1200e+03,1.4979e-01,1.3496e+00,1.2502e+01,1.6491e+00,1.9954e-01
8.1300e+03,1.4941e-01,1.3493e+00,1.2502e+01,1.6494e+00,1.9960e-01
8.1400e+03,1.4903e-01,1.3490e+00,1.2502e+01,1.6497e+00,1.9966e-01
8.1500e+03,1.4865e-01,1.3486e+00,1.2502e+01,1.6500e+00,1.9972e-01
8.1600e+03,1.4828e-01,1.3483e+00,1.2502e+01,1.6503e+00,1.9978e-01
8.1700e+03,1.4790e-01,1.3480e+00,1.2502e+01,1.6507e+00,1.9984e-01
8.1800e+03,1.4752e-01,1.3477e+00,1.2502e+01,1.6510e+00,1.9989e-01
8.1900e+03,1.4715e-01,1.3474e+00,1.2502e+01,1.6513e+00,1.9995e-01
8.2000e+03,1.4678e-01,1.3471e+00,1.2502e+01,1.6516e+00,2.0001e-01
8.2100e+03,1.4640e-01,1.3468e+00,1.2502e+01,1.6519e+00,2.0007e-01
8.2200e+03,1.4603e-01,1.3464e+00,1.2502e+01,1.6522e+00,2.0013e-01
8.2300e+03,1.4566e-01,1.3461e+00,1.2502e+01,1.6526e+00,2.0019e-01
8.2400e+03,1.4529e-01,1.3458e+00,1.2502e+01,1.6529e+00,2.0024e-01
8.2500e+03,1.4493e-01,1.3455e+00,1.2502e+01,1.6532e+00,2.0030e-01
8.2600e+03,1.4456e-01,1.3452e+00,1.2502e+01,1.6535e+00,2.0036e-01
8.2700e+03,1.4419e-01,1.3449e+00,1.2502e+01,1.6538e+00,2.0042e-01
8.2800e+03,1.4383e-01,1.3446e+00,1.2502e+01,1.6541e+00,2.0047e-01
8.2900e+03,1.4346e-01,1.3443e+00,1.2502e+01,1.6544e+00,2.0053e-01
8.3000e+03,1.4310e-01,1.3440e+00,1.2502e+01,1.6547e+00,2.0059e-01
8.3100e+03,1.4274e-01,1.3437e+00,1.2502e+01,1.6550e+00,2.0064e-01
8.3200e+03,1.4238e-01,1.3434e+00,1.2502e+01,1.6553e+00,2.0070e-01
8.3300e+03,1.4202e-01,1.3430e+00,1.2502e+01,1.6556e+00,2.0076e-01
8.3400e+03,1.4166e-01,1.3427e+00,1.2502e+01,1.6559e+00,2.0081e-01
8.3500e+03,1.4130e-01,1.3424e+00,1.2502e+01,1.6562e+00,2.0087e-01
8.3600e+03,1.4094e-01,1.3421e+00,1.2502e+01,1.6565e+00,2.0093e-01
8.3700e+03,1.4058e-01,1.3418e+00,1.2502e+01,1.6568e+00,2.0098e-01
8.3800e+03,1.4023e-01,1.3415e+00,1.2502e+01,1.6571e+00,2.0104e-01
8.3900e+03,1.3987e-01,1.3412e+00,1.2502e+01,1.6574e+00,2.0109e-01
8.4000e+03,1.3952e-01,1.3409e+00,1.2502e+01,1.6577e+00,2.0115e-01
8.4100e+03,1.3917e-01,1.3406e+00,1.2502e+01,1.6580e+00,2.0120e-01
8.4200e+03,1.3882e-01,1.3403e+00,1.2502e+01,1.6583e+00,2.0126e-01
8.4300e+03,1.3847e-01,1.3401e+00,1.2502e+01,1.6586e+00,2.0131e-01
8.4400e+03,1.3812e-01,1.3398e+00,1.2502e+01,1.6589e+00,2.0137e-01
8.4500e+03,1.3777e-01,1.3395e+00,1.2502e+01,1.6592e+00,2.0142e-01
8.4600e+03,1.3742e-01,1.3392e+00,1.2502e+01,1.6595e+00,2.0148e-01
8.4700e+03,1.3707e-01,1.3389e+00,1.2502e+01,1.6598e+00,2.0153e-01
8.4800e+03,1.3673e-01,1.3386e+00,1.2502e+01,1.6601e+00,2.0159e-01
8.4900e+03,1.3638e-01,1.3383e+00,1.2502e+01,1.6604e+00,2.0164e-01
8.5000e+03,1.3604e-01,1.3380e+00,1.2502e+01,1.6607e+00,2.0170e-01
8.5100e+03,1.3569e-01,1.3377e+00,1.2502e+01,1.6610e+00,2.0175e-01
8.5200e+03,1.3535e-01,1.3374e+00,1.2502e+01,1.6612e+00,2.0180e-01
8.5300e+03,1.3501e-01,1.3371e+00,1.2502e+01,1.6615e+00,2.0186e-01
8.5400e+03,1.3467e-01,1.3369e+00,1.2502e+01,1.6618e+00,2.0191e-01
8.5500e+03,1.3433e-01,1.3366e+00,1.2502e+01,1.6621e+00,2.0197e-01
8.5600e+03,1.3399e-01,1.3363e+00,1.2502e+01,1.6624e+00,2.0202e-01
8.5700e+03,1.3366e-01,1.3360e+00,1.2502e+01,1.6627e+00,2.0207e-01
8.5800e+03,1.3332e-01,1.3357e+00,1.2502e+01,1.6630e+00,2.0213e-01
8.5900e+03,1.3298e-01,1.3354e+00,1.2502e+01,1.6632e+00,2.0218e-01
8.6000e+03,1.3265e-01,1.3351e+00,1.2502e+01,1.6635e+00,2.0223e-01
8.6100e+03,1.3231e-01,1.3349e+00,1.2502e+01,1.6638e+00,2.0228e-01
8.6200e+03,1.3198e-01,1.3346e+00,1.2502e+01,1.6641e+00,2.0234e-01
8.6300e+03,1.3165e-01,1.3343e+00,1.2502e+01,1.6644e+00,2.0239e-01
8.6400e+03,1.3132e-01,1.3340e+00,1.2502e+01,1.6646e+00,2.0244e-01
8.6500e+03,1.3099e-01,1.3337e+00,1.2502e+01,1.6649e+00,2.0249e-01
8.6600e+03,1.3066e-01,1.3335e+00,1.2502e+01,1.6652e+00,2.0254e-01
8.6700e+03,1.3033e-01,1.3332e+00,1.2502e+01,1.6655e+00,2.0260e-01
8.6800e+03,1.3000e-01,1.3329e+00,1.2502e+01,1.6658e+00,2.0265e-01
8.6900e+03,1.2967e-01,1.3326e+00,1.2502e+01,1.6660e+00,2.0270e-01
8.7000e+03,1.2935e-01,1.3324e+00,1.2502e+01,1.6663e+00,2.0275e-01
8.7100e+03,1.2902e-01,1.3321e+00,1.2502e+01,1.6666e+00,2.0280e-01
8.7200e+03,1.2870e-01,1.3318e+00,1.2502e+01,1.6668e+00,2.0285e-01
8.7300e+03,1.2838e-01,1.3315e+00,1.2502e+01,1.6671e+00,2.0291e-01
8.7400e+03,1.2805e-01,1.3313e+00,1.2502e+01,1.6674e+00,2.0296e-01
8.7500e+03,1.2773e-01,1.3310e+00,1.2502e+01,1.6677e+00,2.0301e-01
8.7600e+03,1.2741e-01,1.3307e+00,1.2502e+01,1.6679e+00,2.0306e-01
8.7700e+03,1.2709e-01,1.3305e+00,1.2502e+01,1.6682e+00,2.0311e-01
8.7800e+03,1.2677e-01,1.3302e+00,1.2502e+01,1.6685e+00,2.0316e-01
8.7900e+03,1.2645e-01,1.3299e+00,1.2502e+01,1.6687e+00,2.0321e-01
8.8000e+03,1.2614e-01,1.3297e+00,1.2502e+01,1.6690e+00,2.0326e-01
8.8100e+03,1.2582e-01,1.3294e+00,1.2502e+01,1.6693e+00,2.0331e-01
8.8200e+03,1.2550e-01,1.3291e+00,1.2502e+01,1.6695e+00,2.0336e-01
8.8300e+03,1.2519e-01,1.3289e+00,1.2502e+01,1.6698e+00,2.0341e-01
8.8400e+03,1.2488e-01,1.3286e+00,1.2502e+01,1.6701e+00,2.0346e-01
8.8500e+03,1.2456e-01,1.3283e+00,1.2502e+01,1.6703e+00,2.0351e-01
8.8600e+03,1.2425e-01,1.3281e+00,1.2502e+01,1.6706e+00,2.0356e-01
8.8700e+03,1.2394e-01,1.3278e+00,1.2502e+01,1.6709e+00,2.0361e-01
8.8800e+03,1.2363e-01,1.3275e+00,1.2502e+01,1.6711e+00,2.0366e-01
8.8900e+03,1.2332e-01,1.3273e+00,1.2502e+01,1.6714e+00,2.0371e-01
8.9000e+03,1.2301e-01,1.3270e+00,1.2502e+01,1.6716e+00,2.0375e-01
8.9100e+03,1.2270e-01,1.3268e+00,1.2502e+01,1.6719e+00,2.0380e-01
8.9200e+03,1.2239e-01,1.3265e+00,1.2502e+01,1.6722e+00,2.0385e-01
8.9300e+03,1.2209e-01,1.3262e+00,1.2502e+01,1.6724e+00,2.0390e-01
8.9400e+03,1.2178e-01,1.3260e+00,1.2502e+01,1.6727e+00,2.0395e-01
8.9500e+03,1.2148e-01,1.3257e+00,1.2502e+01,1.6729e+00,2.0400e-01
8.9600e+03,1.2117e-01,1.3255e+00,1.2502e+01,1.6732e+00,2.0405e-01
8.9700e+03,1.2087e-01,1.3252e+00,1.2502e+01,1.6734e+00,2.0409e-01
8.9800e+03,1.2057e-01,1.3250e+00,1.2502e+01,1.6737e+00,2.0414e-01
8.9900e+03,1.2027e-01,1.3247e+00,1.2502e+01,1.6739e+00,2.0419e-01
9.0000e+03,1.1996e-01,1.3245e+00,1.2502e+01,1.6742e+00,2.0424e-01
9.0100e+03,1.1966e-01,1.3242e+00,1.2502e+01,1.6745e+00,2.0429e-01
9.0200e+03,1.1937e-01,1.3240e+00,1.2502e+01,1.6747e+00,2.0433e-01
9.0300e+03,1.1907e-01,1.3237e+00,1.2502e+01,1.6750e+00,2.0438e-01
9.0400e+03,1.1877e-01,1.3235e+00,1.2502e+01,1.6752e+00,2.0443e-01
9.0500e+03,1.1847e-01,1.3232e+00,1.2502e+01,1.6755e+00,2.0447e-01
9.0600e+03,1.1818e-01,1.3230e+00,1.2502e+01,1.6757e+00,2.0452e-01
9.0700e+03,1.1788e-01,1.3227e+00,1.2502e+01,1.6760e+00,2.0457e-01
9.0800e+03,1.1759e-01,1.3225e+00,1.2502e+01,1.6762e+00,2.0462e-01
9.0900e+03,1.1729e-01,1.3222e+00,1.2502e+01,1.6764e+00,2.0466e-01
9.1000e+03,1.1700e-01,1.3220e+00,1.2502e+01,1.6767e+00,2.0471e-01
9.1100e+03,1.1671e-01,1.3217e+00,1.2502e+01,1.6769e+00,2.0476e-01
9.1200e+03,1.1642e-01,1.3215e+00,1.2502e+01,1.6772e+00,2.0480e-01
9.1300e+03,1.1613e-01,1.3212e+00,1.2502e+01,1.6774e+00,2.0485e-01
9.1400e+03,1.1584e-01,1.3210e+00,1.2502e+01,1.6777e+00,2.0489e-01
9.1500e+03,1.1555e-01,1.3207e+00,1.2502e+01,1.6779e+00,2.0494e-01
9.1600e+03,1.1526e-01,1.3205e+00,1.2502e+01,1.6782e+00,2.0499e-01
9.1700e+03,1.1497e-01,1.3203e+00,1.2502e+01,1.6784e+00,2.0503e-01
9.1800e+03,1.1468e-01,1.3200e+00,1.2502e+01,1.6786e+00,2.0508e-01
9.1900e+03,1.1440e-01,1.3198e+00,1.2502e+01,1.6789e+00,2.0512e-01
9.2000e+03,1.1411e-01,1.3195e+00,1.2502e+01,1.6791e+00,2.0517e-01
9.2100e+03,1.1383e-01,1.3193e+00,1.2502e+01,1.6794e+00,2.0521e-01
9.2200e+03,1.1355e-01,1.3191e+00,1.2502e+01,1.6796e+00,2.0526e-01
9.2300e+03,1.1326e-01,1.3188e+00,1.2502e+01,1.6798e+00,2.0530e-01
9.2400e+03,1.1298e-01,1.3186e+00,1.2502e+01,1.6801e+00,2.0535e-01
9.2500e+03,1.1270e-01,1.3183e+00,1.2502e+01,1.6803e+00,2.0539e-01
9.2600e+03,1.1242e-01,1.3181e+00,1.2502e+01,1.6805e+00,2.0544e-01
9.2700e+03,1.1214e-01,1.3179e+00,1.2502e+01,1.6808e+00,2.0548e-01
9.2800e+03,1.1186e-01,1.3176e+00,1.2502e+01,1.6810e+00,2.0553e-01
9.2900e+03,1.1158e-01,1.3174e+00,1.2502e+01,1.6812e+00,2.0557e-01
9.3000e+03,1.1130e-01,1.3172e+00,1.2502e+01,1.6815e+00,2.0562e-01
9.3100e+03,1.1102e-01,1.3169e+00,1.2502e+01,1.6817e+00,2.0566e-01
9.3200e+03,1.1075e-01,1.3167e+00,1.2502e+01,1.6819e+00,2.0570e-01
9.3300e+03,1.1047e-01,1.3165e+00,1.2502e+01,1.6822e+00,2.0575e-01
9.3400e+03,1.1020e-01,1.3162e+00,1.2502e+01,1.6824e+00,2.0579e-01
9.3500e+03,1.0992e-01,1.3160e+00,1.2502e+01,1.6826e+00,2.0584e-01
9.3600e+03,1.0965e-01,1.3158e+00,1.2502e+01,1.6829e+00,2.0588e-01
9.3700e+03,1.0938e-01,1.3156e+00,1.2502e+01,1.6831e+00,2.0592e-01
9.3800e+03,1.0911e-01,1.3153e+00,1.2502e+01,1.6833e+00,2.0597e-01
9.3900e+03,1.0883e-01,1.3151e+00,1.2502e+01,1.6836e+00,2.0601e-01
9.4000e+03,1.0856e-01,1.3149e+00,1.2502e+01,1.6838e+00,2.0605e-01
9.4100e+03,1.0829e-01,1.3146e+00,1.2502e+01,1.6840e+00,2.0610e-01
9.4200e+03,1.0802e-01,1.3144e+00,1.2502e+01,1.6842e+00,2.0614e-01
9.4300e+03,1.0776e-01,1.3142e+00,1.2502e+01,1.6845e+00,2.0618e-01
9.4400e+03,1.0749e-01,1.3140e+00,1.2502e+01,1.6847e+00,2.0623e-01
9.4500e+03,1.0722e-01,1.3137e+00,1.2502e+01,1.6849e+00,2.0627e-01
9.4600e+03,1.0696e-01,1.3135e+00,1.2502e+01,1.6851e+00,2.0631e-01
9.4700e+03,1.0669e-01,1.3133e+00,1.2502e+01,1.6854e+00,2.0635e-01
9.4800e+03,1.0642e-01,1.3131e+00,1.2502e+01,1.6856e+00,2.0640e-01
9.4900e+03,1.0616e-01,1.3128e+00,1.2502e+01,1.6858e+00,2.0644e-01
9.5000e+03,1.0590e-01,1.3126e+00,1.2502e+01,1.6860e+00,2.0648e-01
9.5100e+03,1.0563e-01,1.3124e+00,1.2502e+01,1.6862e+00,2.0652e-01
9.5200e+03,1.0537e-01,1.3122e+00,1.2502e+01,1.6865e+00,2.0656e-01
9.5300e+03,1.0511e-01,1.3120e+00,1.2502e+01,1.6867e+00,2.0661e-01
9.5400e+03,1.0485e-01,1.3117e+00,1.2502e+01,1.6869e+00,2.0665e-01
9.5500e+03,1.0459e-01,1.3115e+00,1.2502e+01,1.6871e+00,2.0669e-01
9.5600e+03,1.0433e-01,1.3113e+00,1.2502e+01,1.6873e+00,2.0673e-01
9.5700e+03,1.0407e-01,1.3111e+00,1.2502e+01,1.6876e+00,2.0677e-01
9.5800e+03,1.0381e-01,1.3109e+00,1.2502e+01,1.6878e+00,2.0681e-01
9.5900e+03,1.0356e-01,1.3107e+00,1.2502e+01,1.6880e+00,2.0685e-01
9.6000e+03,1.0330e-01,1.3104e+00,1.2502e+01,1.6882e+00,2.0690e-01
9.6100e+03,1.0304e-01,1.3102e+00,1.2502e+01,1.6884e+00,2.0694e-01
9.6200e+03,1.0279e-01,1.3100e+00,1.2502e+01,1.6886e+00,2.0698e-01
9.6300e+03,1.0253e-01,1.3098e+00,1.2502e+01,1.6888e+00,2.0702e-01
9.6400e+03,1.0228e-01,1.3096e+00,1.2502e+01,1.6891e+00,2.0706e-01
9.6500e+03,1.0203e-01,1.3094e+00,1.2502e+01,1.6893e+00,2.0710e-01
9.6600e+03,1.0177e-01,1.3092e+00,1.2502e+01,1.6895e+00,2.0714e-01
9.6700e+03,1.0152e-01,1.3089e+00,1.2502e+01,1.6897e+00,2.0718e-01
9.6800e+03,1.0127e-01,1.3087e+00,1.2502e+01,1.6899e+00,2.0722e-01
9.6900e+03,1.0102e-01,1.3085e+00,1.2502e+01,1.6901e+00,2.0726e-01
9.7000e+03,1.0077e-01,1.3083e+00,1.2502e+01,1.6903e+00,2.0730e-01
9.7100e+03,1.0052e-01,1.3081e+00,1.2502e+01,1.6905e+00,2.0734e-01
9.7200e+03,1.0027e-01,1.3079e+00,1.2502e+01,1.6907e+00,2.0738e-01
9.7300e+03,1.0002e-01,1.3077e+00,1.2502e+01,1.6910e+00,2.0742e-01
9.7400e+03,9.9775e-02,1.3075e+00,1.2502e+01,1.6912e+00,2.0746e-01
9.7500e+03,9.9528e-02,1.3073e+00,1.2502e+01,1.6914e+00,2.0750e-01
9.7600e+03,9.9282e-02,1.3071e+00,1.2502e+01,1.6916e+00,2.0754e-01
9.7700e+03,9.9036e-02,1.3069e+00,1.2502e+01,1.6918e+00,2.0758e-01
9.7800e+03,9.8791e-02,1.3067e+00,1.2502e+01,1.6920e+00,2.0762e-01
9.7900e+03,9.8547e-02,1.3064e+00,1.2502e+01,1.6922e+00,2.0766e-01
9.8000e+03,9.8303e-02,1.3062e+00,1.2502e+01,1.6924e+00,2.0770e-01
9.8100e+03,9.8060e-02,1.3060e+00,1.2502e+01,1.6926e+00,2.0774e-01
9.8200e+03,9.7818e-02,1.3058e+00,1.2502e+01,1.6928e+00,2.0778e-01
9.8300e+03,9.7576e-02,1.3056e+00,1.2502e+01,1.6930e+00,2.0781e-01
9.8400e+03,9.7335e-02,1.3054e+00,1.2502e+01,1.6932e+00,2.0785e-01
9.8500e+03,9.7094e-02,1.3052e+00,1.2502e+01,1.6934e+00,2.0789e-01
9.8600e+03,9.6854e-02,1.3050e+00,1.2502e+01,1.6936e+00,2.0793e-01
9.8700e+03,9.6615e-02,1.3048e+00,1.2502e+01,1.6938e+00,2.0797e-01
9.8800e+03,9.6377e-02,1.3046e+00,1.2502e+01,1.6940e+00,2.0801e-01
9.8900e+03,9.6139e-02,1.3044e+00,1.2502e+01,1.6942e+00,2.0805e-01
9.9000e+03,9.5901e-02,1.3042e+00,1.2502e+01,1.6944e+00,2.0808e-01
9.9100e+03,9.5664e-02,1.3040e+00,1.2502e+01,1.6946e+00,2.0812e-01
9.9200e+03,9.5428e-02,1.3038e+00,1.2502e+01,1.6948e+00,2.0816e-01
9.9300e+03,9.5193e-02,1.3036e+00,1.2502e+01,1.6950e+00,2.0820e-01
9.9400e+03,9.4958e-02,1.3034e+00,1.2502e+01,1.6952e+00,2.0824e-01
9.9500e+03,9.4723e-02,1.3032e+00,1.2502e+01,1.6954e+00,2.0827e-01
9.9600e+03,9.4490e-02,1.3030e+00,1.2502e+01,1.6956e+00,2.0831e-01
9.9700e+03,9.4257e-02,1.3028e+00,1.2502e+01,1.6958e+00,2.0835e-01
9.9800e+03,9.4024e-02,1.3027e+00,1.2502e+01,1.6960e+00,2.0839e-01
9.9900e+03,9.3792e-02,1.3025e+00,1.2502e+01,1.6962e+00,2.0842e-01
1.0000e+04,9.3561e-02,1.3023e+00,1.2502e+01,1.6964e+00,2.0846e-01
1.0010e+04,9.3330e-02,1.3021e+00,1.2502e+01,1.6966e+00,2.0850e-01
1.0020e+04,9.3100e-02,1.3019e+00,1.2502e+01,1.6968e+00,2.0853e-01
1.0030e+04,9.2871e-02,1.3017e+00,1.2502e+01,1.6970e+00,2.0857e-01
1.0040e+04,9.2642e-02,1.3015e+00,1.2502e+01,1.6972e+00,2.0861e-01
1.0050e+04,9.2413e-02,1.3013e+00,1.2502e+01,1.6973e+00,2.0865e-01
1.0060e+04,9.2186e-02,1.3011e+00,1.2502e+01,1.6975e+00,2.0868e-01
1.0070e+04,9.1958e-02,1.3009e+00,1.2502e+01,1.6977e+00,2.0872e-01
1.0080e+04,9.1732e-02,1.3007e+00,1.2502e+01,1.6979e+00,2.0876e-01
1.0090e+04,9.1506e-02,1.3005e+00,1.2502e+01,1.6981e+00,2.0879e-01
1.0100e+04,9.1280e-02,1.3003e+00,1.2502e+01,1.6983e+00,2.0883e-01
1.0110e+04,9.1056e-02,1.3002e+00,1.2502e+01,1.6985e+00,2.0886e-01
1.0120e+04,9.0831e-02,1.3000e+00,1.2502e+01,1.6987e+00,2.0890e-01
1.0130e+04,9.0608e-02,1.2998e+00,1.2502e+01,1.6989e+00,2.0894e-01
1.0140e+04,9.0385e-02,1.2996e+00,1.2502e+01,1.6990e+00,2.0897e-01
1.0150e+04,9.0162e-02,1.2994e+00,1.2502e+01,1.6992e+00,2.0901e-01
1.0160e+04,8.9940e-02,1.2992e+00,1.2502e+01,1.6994e+00,2.0904e-01
1.0170e+04,8.9719e-02,1.2990e+00,1.2502e+01,1.6996e+00,2.0908e-01
1.0180e+04,8.9498e-02,1.2989e+00,1.2502e+01,1.6998e+00,2.0912e-01
1.0190e+04,8.9278e-02,1.2987e+00,1.2502e+01,1.7000e+00,2.0915e-01
1.0200e+04,8.9058e-02,1.2985e+00,1.2502e+01,1.7002e+00,2.0919e-01
1.0210e+04,8.8839e-02,1.2983e+00,1.2502e+01,1.7003e+00,2.0922e-01
1.0220e+04,8.8621e-02,1.2981e+00,1.2502e+01,1.7005e+00,2.0926e-01
1.0230e+04,8.8403e-02,1.2979e+00,1.2502e+01,1.7007e+00,2.0929e-01
1.0240e+04,8.8185e-02,1.2978e+00,1.2502e+01,1.7009e+00,2.0933e-01
1.0250e+04,8.7969e-02,1.2976e+00,1.2502e+01,1.7011e+00,2.0936e-01
1.0260e+04,8.7752e-02,1.2974e+00,1.2502e+01,1.7013e+00,2.0940e-01
1.0270e+04,8.7537e-02,1.2972e+00,1.2502e+01,1.7014e+00,2.0943e-01
1.0280e+04,8.7321e-02,1.2970e+00,1.2502e+01,1.7016e+00,2.0947e-01
1.0290e+04,8.7107e-02,1.2968e+00,1.2502e+01,1.7018e+00,2.0950e-01
1.0300e+04,8.6893e-02,1.2967e+00,1.2502e+01,1.7020e+00,2.0954e-01
1.0310e+04,8.6679e-02,1.2965e+00,1.2502e+01,1.7022e+00,2.0957e-01
1.0320e+04,8.6466e-02,1.2963e+00,1.2502e+01,1.7023e+00,2.0961e-01
1.0330e+04,8.6254e-02,1.2961e+00,1.2502e+01,1.7025e+00,2.0964e-01
1.0340e+04,8.6042e-02,1.2960e+00,1.2502e+01,1.7027e+00,2.0967e-01
1.0350e+04,8.5831e-02,1.2958e+00,1.2502e+01,1.7029e+00,2.0971e-01
1.0360e+04,8.5620e-02,1.2956e+00,1.2502e+01,1.7030e+00,2.0974e-01
1.0370e+04,8.5410e-02,1.2954e+00,1.2502e+01,1.7032e+00,2.0978e-01
1.0380e+04,8.5200e-02,1.2952e+00,1.2502e+01,1.7034e+00,2.0981e-01
1.0390e+04,8.4991e-02,1.2951e+00,1.2502e+01,1.7036e+00,2.0984e-01
1.0400e+04,8.4782e-02,1.2949e+00,1.2502e+01,1.7037e+00,2.0988e-01
1.0410e+04,8.4574e-02,1.2947e+00,1.2502e+01,1.7039e+00,2.0991e-01
1.0420e+04,8.4367e-02,1.2945e+00,1.2502e+01,1.7041e+00,2.0994e-01
1.0430e+04,8.4160e-02,1.2944e+00,1.2502e+01,1.7043e+00,2.0998e-01
1.0440e+04,8.3953e-02,1.2942e+00,1.2502e+01,1.7044e+00,2.1001e-01
1.0450e+04,8.3747e-02,1.2940e+00,1.2502e+01,1.7046e+00,2.1005e-01
1.0460e+04,8.3542e-02,1.2939e+00,1.2502e+01,1.7048e+00,2.1008e-01
1.0470e+04,8.3337e-02,1.2937e+00,1.2502e+01,1.7050e+00,2.1011e-01
1.0480e+04,8.3132e-02,1.2935e+00,1.2502e+01,1.7051e+00,2.1014e-01
1.0490e+04,8.2929e-02,1.2933e+00,1.2502e+01,1.7053e+00,2.1018e-01
1.0500e+04,8.2725e-02,1.2932e+00,1.2502e+01,1.7055e+00,2.1021e-01
1.0510e+04,8.2523e-02,1.2930e+00,1.2502e+01,1.7056e+00,2.1024e-01
1.0520e+04,8.2320e-02,1.2928e+00,1.2502e+01,1.7058e+00,2.1028e-01
1.0530e+04,8.2118e-02,1.2927e+00,1.2502e+01,1.7060e+00,2.1031e-01
1.0540e+04,8.1917e-02,1.2925e+00,1.2502e+01,1.7061e+00,2.1034e-01
1.0550e+04,8.1716e-02,1.2923e+00,1.2502e+01,1.7063e+00,2.1037e-01
1.0560e+04,8.1516e-02,1.2922e+00,1.2502e+01,1.7065e+00,2.1041e-01
1.0570e+04,8.1317e-02,1.2920e+00,1.2502e+01,1.7066e+00,2.1044e-01
1.0580e+04,8.1117e-02,1.2918e+00,1.2502e+01,1.7068e+00,2.1047e-01
1.0590e+04,8.0919e-02,1.2917e+00,1.2502e+01,1.7070e+00,2.1050e-01
1.0600e+04,8.0720e-02,1.2915e+00,1.2502e+01,1.7071e+00,2.1054e-01
1.0610e+04,8.0523e-02,1.2913e+00,1.2502e+01,1.7073e+00,2.1057e-01
1.0620e+04,8.0326e-02,1.2912e+00,1.2502e+01,1.7075e+00,2.1060e-01
1.0630e+04,8.0129e-02,1.2910e+00,1.2502e+01,1.7076e+00,2.1063e-01
1.0640e+04,7.9933e-02,1.2908e+00,1.2502e+01,1.7078e+00,2.1066e-01
1.0650e+04,7.9737e-02,1.2907e+00,1.2502e+01,1.7080e+00,2.1070e-01
1.0660e+04,7.9542e-02,1.2905e+00,1.2502e+01,1.7081e+00,2.1073e-01
1.0670e+04,7.9347e-02,1.2903e+00,1.2502e+01,1.7083e+00,2.1076e-01
1.0680e+04,7.9153e-02,1.2902e+00,1.2502e+01,1.7085e+00,2.1079e-01
1.0690e+04,7.8959e-02,1.2900e+00,1.2502e+01,1.7086e+00,2.1082e-01
1.0700e+04,7.8766e-02,1.2899e+00,1.2502e+01,1.7088e+00,2.1085e-01
1.0710e+04,7.8574e-02,1.2897e+00,1.2502e+01,1.7089e+00,2.1088e-01
1.0720e+04,7.8381e-02,1.2895e+00,1.2502e+01,1.7091e+00,2.1092e-01
1.0730e+04,7.8190e-02,1.2894e+00,1.2502e+01,1.7093e+00,2.1095e-01
1.0740e+04,7.7998e-02,1.2892e+00,1.2502e+01,1.7094e+00,2.1098e-01
1.0750e+04,7.7808e-02,1.2890e+00,1.2502e+01,1.7096e+00,2.1101e-01
1.0760e+04,7.7617e-02,1.2889e+00,1.2502e+01,1.7097e+00,2.1104e-01
1.0770e+04,7.7428e-02,1.2887e+00,1.2502e+01,1.7099e+00,2.1107e-01
1.0780e+04,7.7238e-02,1.2886e+00,1.2502e+01,1.7101e+00,2.1110e-01
1.0790e+04,7.7050e-02,1.2884e+00,1.2502e+01,1.7102e+00,2.1113e-01
1.0800e+04,7.6861e-02,1.2883e+00,1.2502e+01,1.7104e+00,2.1116e-01
1.0810e+04,7.6674e-02,1.2881e+00,1.2502e+01,1.7105e+00,2.1119e-01
1.0820e+04,7.6486e-02,1.2879e+00,1.2502e+01,1.7107e+00,2.1122e-01
1.0830e+04,7.6299e-02,1.2878e+00,1.2502e+01,1.7108e+00,2.1125e-01
1.0840e+04,7.6113e-02,1.2876e+00,1.2502e+01,1.7110e+00,2.1128e-01
1.0850e+04,7.5927e-02,1.2875e+00,1.2502e+01,1.7112e+00,2.1131e-01
1.0860e+04,7.5742e-02,1.2873e+00,1.2502e+01,1.7113e+00,2.1134e-01
1.0870e+04,7.5557e-02,1.2872e+00,1.2502e+01,1.7115e+00,2.1137e-01
1.0880e+04,7.5372e-02,1.2870e+00,1.2502e+01,1.7116e+00,2.1140e-01
1.0890e+04,7.5188e-02,1.2869e+00,1.2502e+01,1.7118e+00,2.1143e-01
1.0900e+04,7.5004e-02,1.2867e+00,1.2502e+01,1.7119e+00,2.1146e-01
1.0910e+04,7.4821e-02,1.2865e+00,1.2502e+01,1.7121e+00,2.1149e-01
1.0920e+04,7.4639e-02,1.2864e+00,1.2502e+01,1.7122e+00,2.1152e-01
1.0930e+04,7.4456e-02,1.2862e+00,1.2502e+01,1.7124e+00,2.1155e-01
1.0940e+04,7.4275e-02,1.2861e+00,1.2502e+01,1.7125e+00,2.1158e-01
1.0950e+04,7.4093e-02,1.2859e+00,1.2502e+01,1.7127e+00,2.1161e-01
1.0960e+04,7.3913e-02,1.2858e+00,1.2502e+01,1.7128e+00,2.1164e-01
1.0970e+04,7.3732e-02,1.2856e+00,1.2502e+01,1.7130e+00,2.1167e-01
1.0980e+04,7.3552e-02,1.2855e+00,1.2502e+01,1.7131e+00,2.1170e-01
1.0990e+04,7.3373e-02,1.2853e+00,1.2502e+01,1.7133e+00,2.1173e-01
1.1000e+04,7.3194e-02,1.2852e+00,1.2502e+01,1.7134e+00,2.1176e-01
1.1010e+04,7.3016e-02,1.2850e+00,1.2502e+01,1.7136e+00,2.1179e-01
1.1020e+04,7.2837e-02,1.2849e+00,1.2502e+01,1.7137e+00,2.1182e-01
1.1030e+04,7.2660e-02,1.2847e+00,1.2502e+01,1.7139e+00,2.1185e-01
1.1040e+04,7.2483e-02,1.2846e+00,1.2502e+01,1.7140e+00,2.1187e-01
1.1050e+04,7.2306e-02,1.2844e+00,1.2502e+01,1.7142e+00,2.1190e-01
1.1060e+04,7.2130e-02,1.2843e+00,1.2502e+01,1.7143e+00,2.1193e-01
1.1070e+04,7.1954e-02,1.2841e+00,1.2502e+01,1.7145e+00,2.1196e-01
1.1080e+04,7.1779e-02,1.2840e+00,1.2502e+01,1.7146e+00,2.1199e-01
1.1090e+04,7.1604e-02,1.2838e+00,1.2502e+01,1.7148e+00,2.1202e-01
1.1100e+04,7.1429e-02,1.2837e+00,1.2502e+01,1.7149e+00,2.1205e-01
1.1110e+04,7.1255e-02,1.2836e+00,1.2502e+01,1.7151e+00,2.1207e-01
1.1120e+04,7.1081e-02,1.2834e+00,1.2502e+01,1.7152e+00,2.1210e-01
1.1130e+04,7.0908e-02,1.2833e+00,1.2502e+01,1.7154e+00,2.1213e-01
1.1140e+04,7.0736e-02,1.2831e+00,1.2502e+01,1.7155e+00,2.1216e-01
1.1150e+04,7.0563e-02,1.2830e+00,1.2502e+01,1.7157e+00,2.1219e-01
1.1160e+04,7.0391e-02,1.2828e+00,1.2502e+01,1.7158e+00,2.1222e-01
1.1170e+04,7.0220e-02,1.2827e+00,1.2502e+01,1.7159e+00,2.1224e-01
1.1180e+04,7.0049e-02,1.2825e+00,1.2502e+01,1.7161e+00,2.1227e-01
1.1190e+04,6.9878e-02,1.2824e+00,1.2502e+01,1.7162e+00,2.1230e-01
1.1200e+04,6.9708e-02,1.2823e+00,1.2502e+01,1.7164e+00,2.1233e-01
1.1210e+04,6.9539e-02,1.2821e+00,1.2502e+01,1.7165e+00,2.1235e-01
1.1220e+04,6.9369e-02,1.2820e+00,1.2502e+01,1.7166e+00,2.1238e-01
1.1230e+04,6.9201e-02,1.2818e+00,1.2502e+01,1.7168e+00,2.1241e-01
1.1240e+04,6.9032e-02,1.2817e+00,1.2502e+01,1.7169e+00,2.1244e-01
1.1250e+04,6.8864e-02,1.2816e+00,1.2502e+01,1.7171e+00,2.1246e-01
1.1260e+04,6.8697e-02,1.2814e+00,1.2502e+01,1.7172e+00,2.1249e-01
1.1270e+04,6.8529e-02,1.2813e+00,1.2502e+01,1.7174e+00,2.1252e-01
1.1280e+04,6.8363e-02,1.2811e+00,1.2502e+01,1.7175e+00,2.1255e-01
1.1290e+04,6.8196e-02,1.2810e+00,1.2502e+01,1.7176e+00,2.1257e-01
1.1300e+04,6.8031e-02,1.2809e+00,1.2502e+01,1.7178e+00,2.1260e-01
1.1310e+04,6.7865e-02,1.2807e+00,1.2502e+01,1.7179e+00,2.1263e-01
1.1320e+04,6.7700e-02,1.2806e+00,1.2502e+01,1.7180e+00,2.1265e-01
1.1330e+04,6.7535e-02,1.2804e+00,1.2502e+01,1.7182e+00,2.1268e-01
1.1340e+04,6.7371e-02,1.2803e+00,1.2502e+01,1.7183e+00,2.1271e-01
1.1350e+04,6.7207e-02,1.2802e+00,1.2502e+01,1.7185e+00,2.1274e-01
1.1360e+04,6.7044e-02,1.2800e+00,1.2502e+01,1.7186e+00,2.1276e-01
1.1370e+04,6.6881e-02,1.2799e+00,1.2502e+01,1.7187e+00,2.1279e-01
1.1380e+04,6.6719e-02,1.2798e+00,1.2502e+01,1.7189e+00,2.1282e-01
1.1390e+04,6.6556e-02,1.2796e+00,1.2502e+01,1.7190e+00,2.1284e-01
1.1400e+04,6.6395e-02,1.2795e+00,1.2502e+01,1.7191e+00,2.1287e-01
1.1410e+04,6.6233e-02,1.2794e+00,1.2502e+01,1.7193e+00,2.1289e-01
1.1420e+04,6.6072e-02,1.2792e+00,1.2502e+01,1.7194e+00,2.1292e-01
1.1430e+04,6.5912e-02,1.2791e+00,1.2502e+01,1.7195e+00,2.1295e-01
1.1440e+04,6.5752e-02,1.2789e+00,1.2502e+01,1.7197e+00,2.1297e-01
1.1450e+04,6.5592e-02,1.2788e+00,1.2502e+01,1.7198e+00,2.1300e-01
1.1460e+04,6.5433e-02,1.2787e+00,1.2502e+01,1.7199e+00,2.1303e-01
1.1470e+04,6.5274e-02,1.2785e+00,1.2502e+01,1.7201e+00,2.1305e-01
1.1480e+04,6.5115e-02,1.2784e+00,1.2502e+01,1.7202e+00,2.1308e-01
1.1490e+04,6.4957e-02,1.2783e+00,1.2502e+01,1.7203e+00,2.1310e-01
1.1500e+04,6.4799e-02,1.2782e+00,1.2502e+01,1.7205e+00,2.1313e-01
1.1510e+04,6.4642e-02,1.2780e+00,1.2502e+01,1.7206e+00,2.1315e-01
1.1520e+04,6.4485e-02,1.2779e+00,1.2502e+01,1.7207e+00,2.1318e-01
1.1530e+04,6.4329e-02,1.2778e+00,1.2502e+01,1.7209e+00,2.1321e-01
1.1540e+04,6.4172e-02,1.2776e+00,1.2502e+01,1.7210e+00,2.1323e-01
1.1550e+04,6.4017e-02,1.2775e+00,1.2502e+01,1.7211e+00,2.1326e-01
1.1560e+04,6.3861e-02,1.2774e+00,1.2502e+01,1.7213e+00,2.1328e-01
1.1570e+04,6.3706e-02,1.2772e+00,1.2502e+01,1.7214e+00,2.1331e-01
1.1580e+04,6.3552e-02,1.2771e+00,1.2502e+01,1.7215e+00,2.1333e-01
1.1590e+04,6.3398e-02,1.2770e+00,1.2502e+01,1.7216e+00,2.1336e-01
1.1600e+04,6.3244e-02,1.2768e+00,1.2502e+01,1.7218e+00,2.1338e-01
1.1610e+04,6.3090e-02,1.2767e+00,1.2502e+01,1.7219e+00,2.1341e-01
1.1620e+04,6.2937e-02,1.2766e+00,1.2502e+01,1.7220e+00,2.1343e-01
1.1630e+04,6.2785e-02,1.2765e+00,1.2502e+01,1.7222e+00,2.1346e-01
1.1640e+04,6.2632e-02,1.2763e+00,1.2502e+01,1.7223e+00,2.1348e-01
1.1650e+04,6.2481e-02,1.2762e+00,1.2502e+01,1.7224e+00,2.1351e-01
1.1660e+04,6.2329e-02,1.2761e+00,1.2502e+01,1.7225e+00,2.1353e-01
1.1670e+04,6.2178e-02,1.2760e+00,1.2502e+01,1.7227e+00,2.1356e-01
1.1680e+04,6.2027e-02,1.2758e+00,1.2502e+01,1.7228e+00,2.1358e-01
1.1690e+04,6.1877e-02,1.2757e+00,1.2502e+01,1.7229e+00,2.1361e-01
1.1700e+04,6.1727e-02,1.2756e+00,1.2502e+01,1.7230e+00,2.1363e-01
1.1710e+04,6.1577e-02,1.2755e+00,1.2502e+01,1.7232e+00,2.1366e-01
1.1720e+04,6.1428e-02,1.2753e+00,1.2502e+01,1.7233e+00,2.1368e-01
1.1730e+04,6.1279e-02,1.2752e+00,1.2502e+01,1.7234e+00,2.1371e-01
1.1740e+04,6.1131e-02,1.2751e+00,1.2502e+01,1.7235e+00,2.1373e-01
1.1750e+04,6.0983e-02,1.2750e+00,1.2502e+01,1.7237e+00,2.1375e-01
1.1760e+04,6.0835e-02,1.2748e+00,1.2502e+01,1.7238e+00,2.1378e-01
1.1770e+04,6.0687e-02,1.2747e+00,1.2502e+01,1.7239e+00,2.1380e-01
1.1780e+04,6.0540e-02,1.2746e+00,1.2502e+01,1.7240e+00,2.1383e-01
1.1790e+04,6.0394e-02,1.2745e+00,1.2502e+01,1.7242e+00,2.1385e-01
1.1800e+04,6.0247e-02,1.2743e+00,1.2502e+01,1.7243e+00,2.1387e-01
1.1810e+04,6.0102e-02,1.2742e+00,1.2502e+01,1.7244e+00,2.1390e-01
1.1820e+04,5.9956e-02,1.2741e+00,1.2502e+01,1.7245e+00,2.1392e-01
1.1830e+04,5.9811e-02,1.2740e+00,1.2502e+01,1.7246e+00,2.1395e-01
1.1840e+04,5.9666e-02,1.2739e+00,1.2502e+01,1.7248e+00,2.1397e-01
1.1850e+04,5.9522e-02,1.2737e+00,1.2502e+01,1.7249e+00,2.1399e-01
1.1860e+04,5.9377e-02,1.2736e+00,1.2502e+01,1.7250e+00,2.1402e-01
1.1870e+04,5.9234e-02,1.2735e+00,1.2502e+01,1.7251e+00,2.1404e-01
1.1880e+04,5.9090e-02,1.2734e+00,1.2502e+01,1.7252e+00,2.1406e-01
1.1890e+04,5.8947e-02,1.2733e+00,1.2502e+01,1.7254e+00,2.1409e-01
1.1900e+04,5.8805e-02,1.2731e+00,1.2502e+01,1.7255e+00,2.1411e-01
1.1910e+04,5.8662e-02,1.2730e+00,1.2502e+01,1.7256e+00,2.1413e-01
1.1920e+04,5.8520e-02,1.2729e+00,1.2502e+01,1.7257e+00,2.1416e-01
1.1930e+04,5.8379e-02,1.2728e+00,1.2502e+01,1.7258e+00,2.1418e-01
1.1940e+04,5.8238e-02,1.2727e+00,1.2502e+01,1.7260e+00,2.1420e-01
1.1950e+04,5.8097e-02,1.2725e+00,1.2502e+01,1.7261e+00,2.1423e-01
1.1960e+04,5.7956e-02,1.2724e+00,1.2502e+01,1.7262e+00,2.1425e-01
1.1970e+04,5.7816e-02,1.2723e+00,1.2502e+01,1.7263e+00,2.1427e-01
1.1980e+04,5.7676e-02,1.2722e+00,1.2502e+01,1.7264e+00,2.1430e-01
1.1990e+04,5.7537e-02,1.2721e+00,1.2502e+01,1.7265e+00,2.1432e-01
1.2000e+04,5.7398e-02,1.2720e+00,1.2502e+01,1.7267e+00,2.1434e-01
1.2010e+04,5.7259e-02,1.2718e+00,1.2502e+01,1.7268e+00,2.1437e-01
1.2020e+04,5.7120e-02,1.2717e+00,1.2502e+01,1.7269e+00,2.1439e-01
1.2030e+04,5.6982e-02,1.2716e+00,1.2502e+01,1.7270e+00,2.1441e-01
1.2040e+04,5.6844e-02,1.2715e+00,1.2502e+01,1.7271e+00,2.1443e-01
1.2050e+04,5.6707e-02,1.2714e+00,1.2502e+01,1.7272e+00,2.1446e-01
1.2060e+04,5.6570e-02,1.2713e+00,1.2502e+01,1.7274e+00,2.1448e-01
1.2070e+04,5.6433e-02,1.2712e+00,1.2502e+01,1.7275e+00,2.1450e-01
1.2080e+04,5.6297e-02,1.2710e+00,1.2502e+01,1.7276e+00,2.1452e-01
1.2090e+04,5.6161e-02,1.2709e+00,1.2502e+01,1.7277e+00,2.1455e-01
1.2100e+04,5.6025e-02,1.2708e+00,1.2502e+01,1.7278e+00,2.1457e-01
1.2110e+04,5.5890e-02,1.2707e+00,1.2502e+01,1.7279e+00,2.1459e-01
1.2120e+04,5.5755e-02,1.2706e+00,1.2502e+01,1.7280e+00,2.1461e-01
1.2130e+04,5.5620e-02,1.2705e+00,1.2502e+01,1.7281e+00,2.1463e-01
1.2140e+04,5.5486e-02,1.2704e+00,1.2502e+01,1.7283e+00,2.1466e-01
1.2150e+04,5.5352e-02,1.2702e+00,1.2502e+01,1.7284e+00,2.1468e-01
1.2160e+04,5.5218e-02,1.2701e+00,1.2502e+01,1.7285e+00,2.1470e-01
1.2170e+04,5.5085e-02,1.2700e+00,1.2502e+01,1.7286e+00,2.1472e-01
1.2180e+04,5.4951e-02,1.2699e+00,1.2502e+01,1.7287e+00,2.1474e-01
1.2190e+04,5.4819e-02,1.2698e+00,1.2502e+01,1.7288e+00,2.1477e-01
1.2200e+04,5.4686e-02,1.2697e+00,1.2502e+01,1.7289e+00,2.1479e-01
1.2210e+04,5.4554e-02,1.2696e+00,1.2502e+01,1.7290e+00,2.1481e-01
1.2220e+04,5.4423e-02,1.2695e+00,1.2502e+01,1.7291e+00,2.1483e-01
1.2230e+04,5.4291e-02,1.2694e+00,1.2502e+01,1.7293e+00,2.1485e-01
1.2240e+04,5.4160e-02,1.2692e+00,1.2502e+01,1.7294e+00,2.1487e-01
1.2250e+04,5.4029e-02,1.2691e+00,1.2502e+01,1.7295e+00,2.1490e-01
1.2260e+04,5.3899e-02,1.2690e+00,1.2502e+01,1.7296e+00,2.1492e-01
1.2270e+04,5.3769e-02,1.2689e+00,1.2502e+01,1.7297e+00,2.1494e-01
1.2280e+04,5.3639e-02,1.2688e+00,1.2502e+01,1.7298e+00,2.1496e-01
1.2290e+04,5.3510e-02,1.2687e+00,1.2502e+01,1.7299e+00,2.1498e-01
1.2300e+04,5.3381e-02,1.2686e+00,1.2502e+01,1.7300e+00,2.1500e-01
1.2310e+04,5.3252e-02,1.2685e+00,1.2502e+01,1.7301e+00,2.1502e-01
1.2320e+04,5.3123e-02,1.2684e+00,1.2502e+01,1.7302e+00,2.1505e-01
1.2330e+04,5.2995e-02,1.2683e+00,1.2502e+01,1.7303e+00,2.1507e-01
1.2340e+04,5.2867e-02,1.2682e+00,1.2502e+01,1.7304e+00,2.1509e-01
1.2350e+04,5.2740e-02,1.2681e+00,1.2502e+01,1.7306e+00,2.1511e-01
1.2360e+04,5.2613e-02,1.2680e+00,1.2502e+01,1.7307e+00,2.1513e-01
1.2370e+04,5.2486e-02,1.2678e+00,1.2502e+01,1.7308e+00,2.1515e-01
1.2380e+04,5.2359e-02,1.2677e+00,1.2502e+01,1.7309e+00,2.1517e-01
1.2390e+04,5.2233e-02,1.2676e+00,1.2502e+01,1.7310e+00,2.1519e-01
1.2400e+04,5.2107e-02,1.2675e+00,1.2502e+01,1.7311e+00,2.1521e-01
1.2410e+04,5.1981e-02,1.2674e+00,1.2502e+01,1.7312e+00,2.1523e-01
1.2420e+04,5.1856e-02,1.2673e+00,1.2502e+01,1.7313e+00,2.1525e-01
1.2430e+04,5.1731e-02,1.2672e+00,1.2502e+01,1.7314e+00,2.1527e-01
1.2440e+04,5.1606e-02,1.2671e+00,1.2502e+01,1.7315e+00,2.1530e-01
1.2450e+04,5.1482e-02,1.2670e+00,1.2502e+01,1.7316e+00,2.1532e-01
1.2460e+04,5.1358e-02,1.2669e+00,1.2502e+01,1.7317e+00,2.1534e-01
1.2470e+04,5.1234e-02,1.2668e+00,1.2502e+01,1.7318e+00,2.1536e-01
1.2480e+04,5.1111e-02,1.2667e+00,1.2502e+01,1.7319e+00,2.1538e-01
1.2490e+04,5.0987e-02,1.2666e+00,1.2502e+01,1.7320e+00,2.1540e-01
1.2500e+04,5.0865e-02,1.2665e+00,1.2502e+01,1.7321e+00,2.1542e-01
1.2510e+04,5.0742e-02,1.2664e+00,1.2502e+01,1.7322e+00,2.1544e-01
1.2520e+04,5.0620e-02,1.2663e+00,1.2502e+01,1.7323e+00,2.1546e-01
1.2530e+04,5.0498e-02,1.2662e+00,1.2502e+01,1.7324e+00,2.1548e-01
1.2540e+04,5.0376e-02,1.2661e+00,1.2502e+01,1.7325e+00,2.1550e-01
1.2550e+04,5.0255e-02,1.2660e+00,1.2502e+01,1.7326e+00,2.1552e-01
1.2560e+04,5.0134e-02,1.2659e+00,1.2502e+01,1.7327e+00,2.1554e-01
1.2570e+04,5.0013e-02,1.2658e+00,1.2502e+01,1.7328e+00,2.1556e-01
1.2580e+04,4.9893e-02,1.2657e+00,1.2502e+01,1.7329e+00,2.1558e-01
1.2590e+04,4.9772e-02,1.2656e+00,1.2502e+01,1.7330e+00,2.1560e-01
1.2600e+04,4.9653e-02,1.2655e+00,1.2502e+01,1.7331e+00,2.1562e-01
1.2610e+04,4.9533e-02,1.2654e+00,1.2502e+01,1.7332e+00,2.1564e-01
1.2620e+04,4.9414e-02,1.2653e+00,1.2502e+01,1.7333e+00,2.1566e-01
1.2630e+04,4.9295e-02,1.2652e+00,1.2502e+01,1.7334e+00,2.1568e-01
1.2640e+04,4.9176e-02,1.2651e+00,1.2502e+01,1.7335e+00,2.1570e-01
1.2650e+04,4.9058e-02,1.2650e+00,1.2502e+01,1.7336e+00,2.1572e-01
1.2660e+04,4.8940e-02,1.2649e+00,1.2502e+01,1.7337e+00,2.1573e-01
1.2670e+04,4.8822e-02,1.2648e+00,1.2502e+01,1.7338e+00,2.1575e-01
1.2680e+04,4.8704e-02,1.2647e+00,1.2502e+01,1.7339e+00,2.1577e-01
1.2690e+04,4.8587e-02,1.2646e+00,1.2502e+01,1.7340e+00,2.1579e-01
1.2700e+04,4.8470e-02,1.2645e+00,1.2502e+01,1.7341e+00,2.1581e-01
1.2710e+04,4.8354e-02,1.2644e+00,1.2502e+01,1.7342e+00,2.1583e-01
1.2720e+04,4.8237e-02,1.2643e+00,1.2502e+01,1.7343e+00,2.1585e-01
1.2730e+04,4.8121e-02,1.2642e+00,1.2502e+01,1.7344e+00,2.1587e-01
1.2740e+04,4.8005e-02,1.2641e+00,1.2502e+01,1.7345e+00,2.1589e-01
1.2750e+04,4.7890e-02,1.2640e+00,1.2502e+01,1.7346e+00,2.1591e-01
1.2760e+04,4.7775e-02,1.2639e+00,1.2502e+01,1.7347e+00,2.1593e-01
1.2770e+04,4.7660e-02,1.2638e+00,1.2502e+01,1.7348e+00,2.1595e-01
1.2780e+04,4.7545e-02,1.2637e+00,1.2502e+01,1.7349e+00,2.1597e-01
1.2790e+04,4.7431e-02,1.2636e+00,1.2502e+01,1.7350e+00,2.1598e-01
1.2800e+04,4.7317e-02,1.2635e+00,1.2502e+01,1.7351e+00,2.1600e-01
1.2810e+04,4.7203e-02,1.2634e+00,1.2502e+01,1.7352e+00,2.1602e-01
1.2820e+04,4.7089e-02,1.2633e+00,1.2502e+01,1.7353e+00,2.1604e-01
1.2830e+04,4.6976e-02,1.2632e+00,1.2502e+01,1.7354e+00,2.1606e-01
1.2840e+04,4.6863e-02,1.2632e+00,1.2502e+01,1.7355e+00,2.1608e-01
1.2850e+04,4.6751e-02,1.2631e+00,1.2502e+01,1.7356e+00,2.1610e-01
1.2860e+04,4.6638e-02,1.2630e+00,1.2502e+01,1.7356e+00,2.1611e-01
1.2870e+04,4.6526e-02,1.2629e+00,1.2502e+01,1.7357e+00,2.1613e-01
1.2880e+04,4.6414e-02,1.2628e+00,1.2502e+01,1.7358e+00,2.1615e-01
1.2890e+04,4.6303e-02,1.2627e+00,1.2502e+01,1.7359e+00,2.1617e-01
1.2900e+04,4.6191e-02,1.2626e+00,1.2502e+01,1.7360e+00,2.1619e-01
1.2910e+04,4.6080e-02,1.2625e+00,1.2502e+01,1.7361e+00,2.1621e-01
1.2920e+04,4.5970e-02,1.2624e+00,1.2502e+01,1.7362e+00,2.1623e-01
1.2930e+04,4.5859e-02,1.2623e+00,1.2502e+01,1.7363e+00,2.1624e-01
1.2940e+04,4.5749e-02,1.2622e+00,1.2502e+01,1.7364e+00,2.1626e-01
1.2950e+04,4.5639e-02,1.2621e+00,1.2502e+01,1.7365e+00,2.1628e-01
1.2960e+04,4.5529e-02,1.2620e+00,1.2502e+01,1.7366e+00,2.1630e-01
1.2970e+04,4.5420e-02,1.2619e+00,1.2502e+01,1.7367e+00,2.1632e-01
1.2980e+04,4.5311e-02,1.2619e+00,1.2502e+01,1.7368e+00,2.1633e-01
1.2990e+04,4.5202e-02,1.2618e+00,1.2502e+01,1.7368e+00,2.1635e-01
1.3000e+04,4.5094e-02,1.2617e+00,1.2502e+01,1.7369e+00,2.1637e-01
1.3010e+04,4.4985e-02,1.2616e+00,1.2502e+01,1.7370e+00,2.1639e-01
1.3020e+04,4.4877e-02,1.2615e+00,1.2502e+01,1.7371e+00,2.1641e-01
1.3030e+04,4.4769e-02,1.2614e+00,1.2502e+01,1.7372e+00,2.1642e-01
1.3040e+04,4.4662e-02,1.2613e+00,1.2502e+01,1.7373e+00,2.1644e-01
1.3050e+04,4.4555e-02,1.2612e+00,1.2502e+01,1.7374e+00,2.1646e-01
1.3060e+04,4.4448e-02,1.2611e+00,1.2502e+01,1.7375e+00,2.1648e-01
1.3070e+04,4.4341e-02,1.2610e+00,1.2502e+01,1.7376e+00,2.1649e-01
1.3080e+04,4.4234e-02,1.2610e+00,1.2502e+01,1.7377e+00,2.1651e-01
1.3090e+04,4.4128e-02,1.2609e+00,1.2502e+01,1.7377e+00,2.1653e-01
1.3100e+04,4.4022e-02,1.2608e+00,1.2502e+01,1.7378e+00,2.1655e-01
1.3110e+04,4.3917e-02,1.2607e+00,1.2502e+01,1.7379e+00,2.1656e-01
1.3120e+04,4.3811e-02,1.2606e+00,1.2502e+01,1.7380e+00,2.1658e-01
1.3130e+04,4.3706e-02,1.2605e+00,1.2502e+01,1.7381e+00,2.1660e-01
1.3140e+04,4.3601e-02,1.2604e+00,1.2502e+01,1.7382e+00,2.1662e-01
1.3150e+04,4.3497e-02,1.2603e+00,1.2502e+01,1.7383e+00,2.1663e-01
1.3160e+04,4.3392e-02,1.2603e+00,1.2502e+01,1.7384e+00,2.1665e-01
1.3170e+04,4.3288e-02,1.2602e+00,1.2502e+01,1.7384e+00,2.1667e-01
1.3180e+04,4.3184e-02,1.2601e+00,1.2502e+01,1.7385e+00,2.1669e-01
1.3190e+04,4.3081e-02,1.2600e+00,1.2502e+01,1.7386e+00,2.1670e-01
1.3200e+04,4.2977e-02,1.2599e+00,1.2502e+01,1.7387e+00,2.1672e-01
1.3210e+04,4.2874e-02,1.2598e+00,1.2502e+01,1.7388e+00,2.1674e-01
1.3220e+04,4.2771e-02,1.2597e+00,1.2502e+01,1.7389e+00,2.1675e-01
1.3230e+04,4.2669e-02,1.2596e+00,1.2502e+01,1.7390e+00,2.1677e-01
1.3240e+04,4.2566e-02,1.2596e+00,1.2502e+01,1.7390e+00,2.1679e-01
1.3250e+04,4.2464e-02,1.2595e+00,1.2502e+01,1.7391e+00,2.1681e-01
1.3260e+04,4.2362e-02,1.2594e+00,1.2502e+01,1.7392e+00,2.1682e-01
1.3270e+04,4.2261e-02,1.2593e+00,1.2502e+01,1.7393e+00,2.1684e-01
1.3280e+04,4.2159e-02,1.2592e+00,1.2502e+01,1.7394e+00,2.1686e-01
1.3290e+04,4.2058e-02,1.2591e+00,1.2502e+01,1.7395e+00,2.1687e-01
1.3300e+04,4.1957e-02,1.2591e+00,1.2502e+01,1.7396e+00,2.1689e-01
1.3310e+04,4.1857e-02,1.2590e+00,1.2502e+01,1.7396e+00,2.1691e-01
1.3320e+04,4.1757e-02,1.2589e+00,1.2502e+01,1.7397e+00,2.1692e-01
1.3330e+04,4.1656e-02,1.2588e+00,1.2502e+01,1.7398e+00,2.1694e-01
1.3340e+04,4.1557e-02,1.2587e+00,1.2502e+01,1.7399e+00,2.1696e-01
1.3350e+04,4.1457e-02,1.2586e+00,1.2502e+01,1.7400e+00,2.1697e-01
1.3360e+04,4.1358e-02,1.2586e+00,1.2502e+01,1.7401e+00,2.1699e-01
1.3370e+04,4.1258e-02,1.2585e+00,1.2502e+01,1.7401e+00,2.1701e-01
1.3380e+04,4.1160e-02,1.2584e+00,1.2502e+01,1.7402e+00,2.1702e-01
1.3390e+04,4.1061e-02,1.2583e+00,1.2502e+01,1.7403e+00,2.1704e-01
1.3400e+04,4.0962e-02,1.2582e+00,1.2502e+01,1.7404e+00,2.1705e-01
1.3410e+04,4.0864e-02,1.2581e+00,1.2502e+01,1.7405e+00,2.1707e-01
1.3420e+04,4.0766e-02,1.2581e+00,1.2502e+01,1.7405e+00,2.1709e-01
1.3430e+04,4.0669e-02,1.2580e+00,1.2502e+01,1.7406e+00,2.1710e-01
1.3440e+04,4.0571e-02,1.2579e+00,1.2502e+01,1.7407e+00,2.1712e-01
1.3450e+04,4.0474e-02,1.2578e+00,1.2502e+01,1.7408e+00,2.1714e-01
1.3460e+04,4.0377e-02,1.2577e+00,1.2502e+01,1.7409e+00,2.1715e-01
1.3470e+04,4.0280e-02,1.2577e+00,1.2502e+01,1.7410e+00,2.1717e-01
1.3480e+04,4.0184e-02,1.2576e+00,1.2502e+01,1.7410e+00,2.1718e-01
1.3490e+04,4.0088e-02,1.2575e+00,1.2502e+01,1.7411e+00,2.1720e-01
1.3500e+04,3.9992e-02,1.2574e+00,1.2502e+01,1.7412e+00,2.1722e-01
1.3510e+04,3.9896e-02,1.2573e+00,1.2502e+01,1.7413e+00,2.1723e-01
1.3520e+04,3.9800e-02,1.2573e+00,1.2502e+01,1.7414e+00,2.1725e-01
1.3530e+04,3.9705e-02,1.2572e+00,1.2502e+01,1.7414e+00,2.1726e-01
1.3540e+04,3.9610e-02,1.2571e+00,1.2502e+01,1.7415e+00,2.1728e-01
1.3550e+04,3.9515e-02,1.2570e+00,1.2502e+01,1.7416e+00,2.1729e-01
1.3560e+04,3.9420e-02,1.2569e+00,1.2502e+01,1.7417e+00,2.1731e-01
1.3570e+04,3.9326e-02,1.2569e+00,1.2502e+01,1.7417e+00,2.1733e-01
1.3580e+04,3.9232e-02,1.2568e+00,1.2502e+01,1.7418e+00,2.1734e-01
1.3590e+04,3.9138e-02,1.2567e+00,1.2502e+01,1.7419e+00,2.1736e-01
1.3600e+04,3.9044e-02,1.2566e+00,1.2502e+01,1.7420e+00,2.1737e-01
1.3610e+04,3.8951e-02,1.2565e+00,1.2502e+01,1.7421e+00,2.1739e-01
1.3620e+04,3.8858e-02,1.2565e+00,1.2502e+01,1.7421e+00,2.1740e-01
1.3630e+04,3.8764e-02,1.2564e+00,1.2502e+01,1.7422e+00,2.1742e-01
1.3640e+04,3.8672e-02,1.2563e+00,1.2502e+01,1.7423e+00,2.1743e-01
1.3650e+04,3.8579e-02,1.2562e+00,1.2502e+01,1.7424e+00,2.1745e-01
1.3660e+04,3.8487e-02,1.2562e+00,1.2502e+01,1.7424e+00,2.1746e-01
1.3670e+04,3.8395e-02,1.2561e+00,1.2502e+01,1.7425e+00,2.1748e-01
1.3680e+04,3.8303e-02,1.2560e+00,1.2502e+01,1.7426e+00,2.1750e-01
1.3690e+04,3.8211e-02,1.2559e+00,1.2502e+01,1.7427e+00,2.1751e-01
1.3700e+04,3.8120e-02,1.2558e+00,1.2502e+01,1.7428e+00,2.1753e-01
1.3710e+04,3.8029e-02,1.2558e+00,1.2502e+01,1.7428e+00,2.1754e-01
1.3720e+04,3.7938e-02,1.2557e+00,1.2502e+01,1.7429e+00,2.1756e-01
1.3730e+04,3.7847e-02,1.2556e+00,1.2502e+01,1.7430e+00,2.1757e-01
1.3740e+04,3.7756e-02,1.2555e+00,1.2502e+01,1.7431e+00,2.1759e-01
1.3750e+04,3.7666e-02,1.2555e+00,1.2502e+01,1.7431e+00,2.1760e-01
1.3760e+04,3.7576e-02,1.2554e+00,1.2502e+01,1.7432e+00,2.1762e-01
1.3770e+04,3.7486e-02,1.2553e+00,1.2502e+01,1.7433e+00,2.1763e-01
1.3780e+04,3.7396e-02,1.2552e+00,1.2502e+01,1.7434e+00,2.1765e-01
1.3790e+04,3.7307e-02,1.2552e+00,1.2502e+01,1.7434e+00,2.1766e-01
1.3800e+04,3.7218e-02,1.2551e+00,1.2502e+01,1.7435e+00,2.1768e-01
1.3810e+04,3.7129e-02,1.2550e+00,1.2502e+01,1.7436e+00,2.1769e-01
1.3820e+04,3.7040e-02,1.2549e+00,1.2502e+01,1.7437e+00,2.1771e-01
1.3830e+04,3.6951e-02,1.2549e+00,1.2502e+01,1.7437e+00,2.1772e-01
1.3840e+04,3.6863e-02,1.2548e+00,1.2502e+01,1.7438e+00,2.1773e-01
1.3850e+04,3.6775e-02,1.2547e+00,1.2502e+01,1.7439e+00,2.1775e-01
1.3860e+04,3.6687e-02,1.2547e+00,1.2502e+01,1.7440e+00,2.1776e-01
1.3870e+04,3.6599e-02,1.2546e+00,1.2502e+01,1.7440e+00,2.1778e-01
1.3880e+04,3.6512e-02,1.2545e+00,1.2502e+01,1.7441e+00,2.1779e-01
1.3890e+04,3.6424e-02,1.2544e+00,1.2502e+01,1.7442e+00,2.1781e-01
1.3900e+04,3.6337e-02,1.2544e+00,1.2502e+01,1.7442e+00,2.1782e-01
1.3910e+04,3.6250e-02,1.2543e+00,1.2502e+01,1.7443e+00,2.1784e-01
1.3920e+04,3.6164e-02,1.2542e+00,1.2502e+01,1.7444e+00,2.1785e-01
1.3930e+04,3.6077e-02,1.2541e+00,1.2502e+01,1.7445e+00,2.1787e-01
1.3940e+04,3.5991e-02,1.2541e+00,1.2502e+01,1.7445e+00,2.1788e-01
1.3950e+04,3.5905e-02,1.2540e+00,1.2502e+01,1.7446e+00,2.1789e-01
1.3960e+04,3.5819e-02,1.2539e+00,1.2502e+01,1.7447e+00,2.1791e-01
1.3970e+04,3.5734e-02,1.2539e+00,1.2502e+01,1.7447e+00,2.1792e-01
1.3980e+04,3.5648e-02,1.2538e+00,1.2502e+01,1.7448e+00,2.1794e-01
1.3990e+04,3.5563e-02,1.2537e+00,1.2502e+01,1.7449e+00,2.1795e-01
1.4000e+04,3.5478e-02,1.2536e+00,1.2502e+01,1.7450e+00,2.1796e-01
1.4010e+04,3.5393e-02,1.2536e+00,1.2502e+01,1.7450e+00,2.1798e-01
1.4020e+04,3.5309e-02,1.2535e+00,1.2502e+01,1.7451e+00,2.1799e-01
1.4030e+04,3.5224e-02,1.2534e+00,1.2502e+01,1.7452e+00,2.1801e-01
1.4040e+04,3.5140e-02,1.2534e+00,1.2502e+01,1.7452e+00,2.1802e-01
1.4050e+04,3.5056e-02,1.2533e+00,1.2502e+01,1.7453e+00,2.1803e-01
1.4060e+04,3.4973e-02,1.2532e+00,1.2502e+01,1.7454e+00,2.1805e-01
1.4070e+04,3.4889e-02,1.2532e+00,1.2502e+01,1.7454e+00,2.1806e-01
1.4080e+04,3.4806e-02,1.2531e+00,1.2502e+01,1.7455e+00,2.1808e-01
1.4090e+04,3.4723e-02,1.2530e+00,1.2502e+01,1.7456e+00,2.1809e-01
1.4100e+04,3.4640e-02,1.2529e+00,1.2502e+01,1.7457e+00,2.1810e-01
1.4110e+04,3.4557e-02,1.2529e+00,1.2502e+01,1.7457e+00,2.1812e-01
1.4120e+04,3.4475e-02,1.2528e+00,1.2502e+01,1.7458e+00,2.1813e-01
1.4130e+04,3.4392e-02,1.2527e+00,1.2502e+01,1.7459e+00,2.1815e-01
1.4140e+04,3.4310e-02,1.2527e+00,1.2502e+01,1.7459e+00,2.1816e-01
1.4150e+04,3.4228e-02,1.2526e+00,1.2502e+01,1.7460e+00,2.1817e-01
1.4160e+04,3.4146e-02,1.2525e+00,1.2502e+01,1.7461e+00,2.1819e-01
1.4170e+04,3.4065e-02,1.2525e+00,1.2502e+01,1.7461e+00,2.1820e-01
1.4180e+04,3.3984e-02,1.2524e+00,1.2502e+01,1.7462e+00,2.1821e-01
1.4190e+04,3.3902e-02,1.2523e+00,1.2502e+01,1.7463e+00,2.1823e-01
1.4200e+04,3.3822e-02,1.2523e+00,1.2502e+01,1.7463e+00,2.1824e-01
1.4210e+04,3.3741e-02,1.2522e+00,1.2502e+01,1.7464e+00,2.1825e-01
1.4220e+04,3.3660e-02,1.2521e+00,1.2502e+01,1.7465e+00,2.1827e-01
1.4230e+04,3.3580e-02,1.2521e+00,1.2502e+01,1.7465e+00,2.1828e-01
1.4240e+04,3.3500e-02,1.2520e+00,1.2502e+01,1.7466e+00,2.1829e-01
1.4250e+04,3.3420e-02,1.2519e+00,1.2502e+01,1.7467e+00,2.1831e-01
1.4260e+04,3.3340e-02,1.2519e+00,1.2502e+01,1.7467e+00,2.1832e-01
1.4270e+04,3.3260e-02,1.2518e+00,1.2502e+01,1.7468e+00,2.1833e-01
1.4280e+04,3.3181e-02,1.2517e+00,1.2502e+01,1.7469e+00,2.1835e-01
1.4290e+04,3.3102e-02,1.2517e+00,1.2502e+01,1.7469e+00,2.1836e-01
1.4300e+04,3.3023e-02,1.2516e+00,1.2502e+01,1.7470e+00,2.1837e-01
1.4310e+04,3.2944e-02,1.2515e+00,1.2502e+01,1.7471e+00,2.1839e-01
1.4320e+04,3.2866e-02,1.2515e+00,1.2502e+01,1.7471e+00,2.1840e-01
1.4330e+04,3.2787e-02,1.2514e+00,1.2502e+01,1.7472e+00,2.1841e-01
1.4340e+04,3.2709e-02,1.2513e+00,1.2502e+01,1.7473e+00,2.1843e-01
1.4350e+04,3.2631e-02,1.2513e+00,1.2502e+01,1.7473e+00,2.1844e-01
1.4360e+04,3.2553e-02,1.2512e+00,1.2502e+01,1.7474e+00,2.1845e-01
1.4370e+04,3.2475e-02,1.2511e+00,1.2502e+01,1.7475e+00,2.1846e-01
1.4380e+04,3.2398e-02,1.2511e+00,1.2502e+01,1.7475e+00,2.1848e-01
1.4390e+04,3.2321e-02,1.2510e+00,1.2502e+01,1.7476e+00,2.1849e-01
