t,[L2M],[D],[L],[L2MD],[L2Ms]
0.0000e+00,2.0000e+00,2.0000e+00,7.5000e+00,0.0000e+00,0.0000e+00
1.0000e+01,1.9856e+00,1.9896e+00,7.5027e+00,1.0396e-02,1.3029e-03
2.0000e+01,1.9740e+00,1.9792e+00,7.5027e+00,2.0732e-02,2.6050e-03
3.0000e+01,1.9625e+00,1.9690e+00,7.5027e+00,3.0955e-02,3.8997e-03
4.0000e+01,1.9511e+00,1.9589e+00,7.5027e+00,4.1067e-02,5.1868e-03
5.0000e+01,1.9398e+00,1.9488e+00,7.5027e+00,5.1069e-02,6.4666e-03
6.0000e+01,1.9286e+00,1.9389e+00,7.5027e+00,6.0963e-02,7.7391e-03
7.0000e+01,1.9176e+00,1.9291e+00,7.5027e+00,7.0751e-02,9.0043e-03
8.0000e+01,1.9066e+00,1.9194e+00,7.5027e+00,8.0434e-02,1.0262e-02
9.0000e+01,1.8958e+00,1.9098e+00,7.5027e+00,9.0015e-02,1.1513e-02
1.0000e+02,1.8851e+00,1.9003e+00,7.5027e+00,9.9494e-02,1.2757e-02
1.1000e+02,1.8745e+00,1.8910e+00,7.5027e+00,1.0887e-01,1.3994e-02
1.2000e+02,1.8640e+00,1.8817e+00,7.5027e+00,1.1816e-01,1.5224e-02
1.3000e+02,1.8536e+00,1.8725e+00,7.5027e+00,1.2734e-01,1.6447e-02
1.4000e+02,1.8432e+00,1.8634e+00,7.5027e+00,1.3643e-01,1.7664e-02
1.5000e+02,1.8330e+00,1.8544e+00,7.5027e+00,1.4542e-01,1.8874e-02
1.6000e+02,1.8229e+00,1.8454e+00,7.5027e+00,1.5433e-01,2.0077e-02
1.7000e+02,1.8129e+00,1.8366e+00,7.5027e+00,1.6314e-01,2.1274e-02
1.8000e+02,1.8030e+00,1.8279e+00,7.5027e+00,1.7186e-01,2.2464e-02
1.9000e+02,1.7932e+00,1.8192e+00,7.5027e+00,1.8050e-01,2.3647e-02
2.0000e+02,1.7835e+00,1.8107e+00,7.5027e+00,1.8904e-01,2.4825e-02
2.1000e+02,1.7738e+00,1.8022e+00,7.5027e+00,1.9750e-01,2.5996e-02
2.2000e+02,1.7643e+00,1.7938e+00,7.5027e+00,2.0588e-01,2.7160e-02
2.3000e+02,1.7548e+00,1.7855e+00,7.5027e+00,2.1417e-01,2.8319e-02
2.4000e+02,1.7455e+00,1.7773e+00,7.5027e+00,2.2239e-01,2.9471e-02
2.5000e+02,1.7362e+00,1.7692e+00,7.5027e+00,2.3052e-01,3.0617e-02
2.6000e+02,1.7270e+00,1.7611e+00,7.5027e+00,2.3857e-01,3.1758e-02
2.7000e+02,1.7179e+00,1.7531e+00,7.5027e+00,2.4654e-01,3.2892e-02
2.8000e+02,1.7089e+00,1.7452e+00,7.5027e+00,2.5443e-01,3.4020e-02
2.9000e+02,1.6999e+00,1.7374e+00,7.5027e+00,2.6225e-01,3.5143e-02
3.0000e+02,1.6911e+00,1.7296e+00,7.5027e+00,2.7000e-01,3.6259e-02
3.1000e+02,1.6823e+00,1.7219e+00,7.5027e+00,2.7766e-01,3.7370e-02
3.2000e+02,1.6736e+00,1.7143e+00,7.5027e+00,2.8526e-01,3.8475e-02
3.3000e+02,1.6650e+00,1.7068e+00,7.5027e+00,2.9278e-01,3.9575e-02
3.4000e+02,1.6564e+00,1.6993e+00,7.5027e+00,3.0023e-01,4.0669e-02
3.5000e+02,1.6480e+00,1.6920e+00,7.5027e+00,3.0762e-01,4.1757e-02
3.6000e+02,1.6396e+00,1.6846e+00,7.5027e+00,3.1493e-01,4.2840e-02
3.7000e+02,1.6312e+00,1.6774e+00,7.5027e+00,3.2217e-01,4.3917e-02
3.8000e+02,1.6230e+00,1.6702e+00,7.5027e+00,3.2935e-01,4.4989e-02
3.9000e+02,1.6148e+00,1.6631e+00,7.5027e+00,3.3646e-01,4.6056e-02
4.0000e+02,1.6067e+00,1.6560e+00,7.5027e+00,3.4351e-01,4.7117e-02
4.1000e+02,1.5987e+00,1.6490e+00,7.5027e+00,3.5049e-01,4.8173e-02
4.2000e+02,1.5907e+00,1.6421e+00,7.5027e+00,3.5740e-01,4.9224e-02
4.3000e+02,1.5828e+00,1.6352e+00,7.5027e+00,3.6426e-01,5.0269e-02
4.4000e+02,1.5750e+00,1.6284e+00,7.5027e+00,3.7105e-01,5.1310e-02
4.5000e+02,1.5672e+00,1.6217e+00,7.5027e+00,3.7778e-01,5.2345e-02
4.6000e+02,1.5595e+00,1.6150e+00,7.5027e+00,3.8445e-01,5.3375e-02
4.7000e+02,1.5519e+00,1.6084e+00,7.5027e+00,3.9106e-01,5.4401e-02
4.8000e+02,1.5443e+00,1.6018e+00,7.5027e+00,3.9761e-01,5.5421e-02
4.9000e+02,1.5368e+00,1.5953e+00,7.5027e+00,4.0410e-01,5.6436e-02
5.0000e+02,1.5294e+00,1.5889e+00,7.5027e+00,4.1053e-01,5.7447e-02
5.1000e+02,1.5220e+00,1.5825e+00,7.5027e+00,4.1691e-01,5.8452e-02
5.2000e+02,1.5146e+00,1.5762e+00,7.5027e+00,4.2323e-01,5.9453e-02
5.3000e+02,1.5074e+00,1.5699e+00,7.5027e+00,4.2950e-01,6.0449e-02
5.4000e+02,1.5002e+00,1.5637e+00,7.5027e+00,4.3571e-01,6.1440e-02
5.5000e+02,1.4930e+00,1.5575e+00,7.5027e+00,4.4187e-01,6.2427e-02
5.6000e+02,1.4860e+00,1.5514e+00,7.5027e+00,4.4798e-01,6.3409e-02
5.7000e+02,1.4789e+00,1.5453e+00,7.5027e+00,4.5403e-01,6.4386e-02
5.8000e+02,1.4719e+00,1.5393e+00,7.5027e+00,4.6003e-01,6.5359e-02
5.9000e+02,1.4650e+00,1.5334e+00,7.5027e+00,4.6598e-01,6.6327e-02
6.0000e+02,1.4582e+00,1.5275e+00,7.5027e+00,4.7188e-01,6.7291e-02
6.1000e+02,1.4514e+00,1.5216e+00,7.5027e+00,4.7773e-01,6.8250e-02
6.2000e+02,1.4446e+00,1.5158e+00,7.5027e+00,4.8353e-01,6.9204e-02
6.3000e+02,1.4379e+00,1.5101e+00,7.5027e+00,4.8928e-01,7.0155e-02
6.4000e+02,1.4313e+00,1.5043e+00,7.5027e+00,4.9498e-01,7.1101e-02
6.5000e+02,1.4247e+00,1.4987e+00,7.5027e+00,5.0064e-01,7.2042e-02
6.6000e+02,1.4181e+00,1.4931e+00,7.5027e+00,5.0625e-01,7.2979e-02
6.7000e+02,1.4116e+00,1.4875e+00,7.5027e+00,5.1181e-01,7.3913e-02
6.8000e+02,1.4052e+00,1.4820e+00,7.5027e+00,5.1733e-01,7.4841e-02
6.9000e+02,1.3988e+00,1.4765e+00,7.5027e+00,5.2280e-01,7.5766e-02
7.0000e+02,1.3924e+00,1.4711e+00,7.5027e+00,5.2822e-01,7.6686e-02
7.1000e+02,1.3861e+00,1.4657e+00,7.5027e+00,5.3360e-01,7.7603e-02
7.2000e+02,1.3799e+00,1.4603e+00,7.5027e+00,5.3894e-01,7.8515e-02
7.3000e+02,1.3737e+00,1.4550e+00,7.5027e+00,5.4424e-01,7.9423e-02
7.4000e+02,1.3675e+00,1.4498e+00,7.5027e+00,5.4949e-01,8.0327e-02
7.5000e+02,1.3614e+00,1.4445e+00,7.5027e+00,5.5470e-01,8.1227e-02
7.6000e+02,1.3553e+00,1.4394e+00,7.5027e+00,5.5987e-01,8.2123e-02
7.7000e+02,1.3493e+00,1.4342e+00,7.5027e+00,5.6499e-01,8.3015e-02
7.8000e+02,1.3434e+00,1.4291e+00,7.5027e+00,5.7008e-01,8.3903e-02
7.9000e+02,1.3374e+00,1.4241e+00,7.5027e+00,5.7512e-01,8.4787e-02
8.0000e+02,1.3315e+00,1.4191e+00,7.5027e+00,5.8013e-01,8.5667e-02
8.1000e+02,1.3257e+00,1.4141e+00,7.5027e+00,5.8510e-01,8.6544e-02
8.2000e+02,1.3199e+00,1.4092e+00,7.5027e+00,5.9002e-01,8.7417e-02
8.3000e+02,1.3141e+00,1.4043e+00,7.5027e+00,5.9491e-01,8.8285e-02
8.4000e+02,1.3084e+00,1.3994e+00,7.5027e+00,5.9977e-01,8.9151e-02
8.5000e+02,1.3027e+00,1.3946e+00,7.5027e+00,6.0458e-01,9.0012e-02
8.6000e+02,1.2971e+00,1.3898e+00,7.5027e+00,6.0935e-01,9.0870e-02
8.7000e+02,1.2915e+00,1.3851e+00,7.5027e+00,6.1409e-01,9.1724e-02
8.8000e+02,1.2860e+00,1.3804e+00,7.5027e+00,6.1880e-01,9.2574e-02
8.9000e+02,1.2805e+00,1.3757e+00,7.5027e+00,6.2346e-01,9.3421e-02
9.0000e+02,1.2750e+00,1.3711e+00,7.5027e+00,6.2810e-01,9.4264e-02
9.1000e+02,1.2695e+00,1.3665e+00,7.5027e+00,6.3269e-01,9.5103e-02
9.2000e+02,1.2641e+00,1.3619e+00,7.5027e+00,6.3725e-01,9.5939e-02
9.3000e+02,1.2588e+00,1.3574e+00,7.5027e+00,6.4178e-01,9.6772e-02
9.4000e+02,1.2535e+00,1.3529e+00,7.5027e+00,6.4627e-01,9.7601e-02
9.5000e+02,1.2482e+00,1.3484e+00,7.5027e+00,6.5073e-01,9.8426e-02
9.6000e+02,1.2429e+00,1.3440e+00,7.5027e+00,6.5516e-01,9.9248e-02
9.7000e+02,1.2377e+00,1.3396e+00,7.5027e+00,6.5955e-01,1.0007e-01
9.8000e+02,1.2325e+00,1.3352e+00,7.5027e+00,6.6391e-01,1.0088e-01
9.9000e+02,1.2274e+00,1.3309e+00,7.5027e+00,6.6824e-01,1.0169e-01
1.0000e+03,1.2223e+00,1.3266e+00,7.5027e+00,6.7254e-01,1.0250e-01
1.0100e+03,1.2172e+00,1.3223e+00,7.5027e+00,6.7680e-01,1.0331e-01
1.0200e+03,1.2122e+00,1.3180e+00,7.5027e+00,6.8104e-01,1.0411e-01
1.0300e+03,1.2072e+00,1.3138e+00,7.5027e+00,6.8524e-01,1.0491e-01
1.0400e+03,1.2022e+00,1.3097e+00,7.5027e+00,6.8941e-01,1.0570e-01
1.0500e+03,1.1973e+00,1.3055e+00,7.5027e+00,6.9356e-01,1.0649e-01
1.0600e+03,1.1924e+00,1.3014e+00,7.5027e+00,6.9767e-01,1.0728e-01
1.0700e+03,1.1875e+00,1.2973e+00,7.5027e+00,7.0175e-01,1.0807e-01
1.0800e+03,1.1827e+00,1.2932e+00,7.5027e+00,7.0580e-01,1.0885e-01
1.0900e+03,1.1779e+00,1.2892e+00,7.5027e+00,7.0983e-01,1.0963e-01
1.1000e+03,1.1731e+00,1.2852e+00,7.5027e+00,7.1382e-01,1.1041e-01
1.1100e+03,1.1684e+00,1.2812e+00,7.5027e+00,7.1779e-01,1.1118e-01
1.1200e+03,1.1637e+00,1.2773e+00,7.5027e+00,7.2173e-01,1.1195e-01
1.1300e+03,1.1590e+00,1.2734e+00,7.5027e+00,7.2564e-01,1.1272e-01
1.1400e+03,1.1543e+00,1.2695e+00,7.5027e+00,7.2952e-01,1.1348e-01
1.1500e+03,1.1497e+00,1.2656e+00,7.5027e+00,7.3338e-01,1.1424e-01
1.1600e+03,1.1451e+00,1.2618e+00,7.5027e+00,7.3721e-01,1.1500e-01
1.1700e+03,1.1406e+00,1.2580e+00,7.5027e+00,7.4101e-01,1.1575e-01
1.1800e+03,1.1360e+00,1.2542e+00,7.5027e+00,7.4479e-01,1.1650e-01
1.1900e+03,1.1315e+00,1.2505e+00,7.5027e+00,7.4854e-01,1.1725e-01
1.2000e+03,1.1271e+00,1.2467e+00,7.5027e+00,7.5226e-01,1.1800e-01
1.2100e+03,1.1226e+00,1.2430e+00,7.5027e+00,7.5596e-01,1.1874e-01
1.2200e+03,1.1182e+00,1.2393e+00,7.5027e+00,7.5963e-01,1.1948e-01
1.2300e+03,1.1138e+00,1.2357e+00,7.5027e+00,7.6328e-01,1.2022e-01
1.2400e+03,1.1095e+00,1.2321e+00,7.5027e+00,7.6691e-01,1.2095e-01
1.2500e+03,1.1052e+00,1.2285e+00,7.5027e+00,7.7050e-01,1.2168e-01
1.2600e+03,1.1008e+00,1.2249e+00,7.5027e+00,7.7408e-01,1.2241e-01
1.2700e+03,1.0966e+00,1.2213e+00,7.5027e+00,7.7763e-01,1.2314e-01
1.2800e+03,1.0923e+00,1.2178e+00,7.5027e+00,7.8115e-01,1.2386e-01
1.2900e+03,1.0881e+00,1.2143e+00,7.5027e+00,7.8466e-01,1.2458e-01
1.3000e+03,1.0839e+00,1.2108e+00,7.5027e+00,7.8813e-01,1.2530e-01
1.3100e+03,1.0797e+00,1.2073e+00,7.5027e+00,7.9159e-01,1.2601e-01
1.3200e+03,1.0756e+00,1.2039e+00,7.5027e+00,7.9502e-01,1.2672e-01
1.3300e+03,1.0715e+00,1.2005e+00,7.5027e+00,7.9843e-01,1.2743e-01
1.3400e+03,1.0674e+00,1.1971e+00,7.5027e+00,8.0182e-01,1.2814e-01
1.3500e+03,1.0633e+00,1.1937e+00,7.5027e+00,8.0518e-01,1.2884e-01
1.3600e+03,1.0593e+00,1.1904e+00,7.5027e+00,8.0853e-01,1.2954e-01
1.3700e+03,1.0553e+00,1.1871e+00,7.5027e+00,8.1185e-01,1.3024e-01
1.3800e+03,1.0513e+00,1.1838e+00,7.5027e+00,8.1514e-01,1.3094e-01
1.3900e+03,1.0473e+00,1.1805e+00,7.5027e+00,8.1842e-01,1.3163e-01
1.4000e+03,1.0433e+00,1.1772e+00,7.5027e+00,8.2168e-01,1.3232e-01
1.4100e+03,1.0394e+00,1.1740e+00,7.5027e+00,8.2491e-01,1.3301e-01
1.4200e+03,1.0355e+00,1.1708e+00,7.5027e+00,8.2813e-01,1.3369e-01
1.4300e+03,1.0316e+00,1.1676e+00,7.5027e+00,8.3132e-01,1.3438e-01
1.4400e+03,1.0278e+00,1.1644e+00,7.5027e+00,8.3449e-01,1.3506e-01
1.4500e+03,1.0240e+00,1.1612e+00,7.5027e+00,8.3764e-01,1.3573e-01
1.4600e+03,1.0202e+00,1.1581e+00,7.5027e+00,8.4077e-01,1.3641e-01
1.4700e+03,1.0164e+00,1.1550e+00,7.5027e+00,8.4389e-01,1.3708e-01
1.4800e+03,1.0126e+00,1.1519e+00,7.5027e+00,8.4698e-01,1.3775e-01
1.4900e+03,1.0089e+00,1.1488e+00,7.5027e+00,8.5005e-01,1.3842e-01
1.5000e+03,1.0051e+00,1.1458e+00,7.5027e+00,8.5310e-01,1.3908e-01
1.5100e+03,1.0015e+00,1.1427e+00,7.5027e+00,8.5614e-01,1.3975e-01
1.5200e+03,9.9778e-01,1.1397e+00,7.5027e+00,8.5915e-01,1.4041e-01
1.5300e+03,9.9412e-01,1.1367e+00,7.5027e+00,8.6215e-01,1.4107e-01
1.5400e+03,9.9049e-01,1.1337e+00,7.5027e+00,8.6513e-01,1.4172e-01
1.5500e+03,9.8688e-01,1.1308e+00,7.5027e+00,8.6808e-01,1.4237e-01
1.5600e+03,9.8329e-01,1.1278e+00,7.5027e+00,8.7102e-01,1.4303e-01
1.5700e+03,9.7972e-01,1.1249e+00,7.5027e+00,8.7395e-01,1.4367e-01
1.5800e+03,9.7617e-01,1.1220e+00,7.5027e+00,8.7685e-01,1.4432e-01
1.5900e+03,9.7264e-01,1.1191e+00,7.5027e+00,8.7973e-01,1.4496e-01
1.6000e+03,9.6913e-01,1.1162e+00,7.5027e+00,8.8260e-01,1.4561e-01
1.6100e+03,9.6564e-01,1.1134e+00,7.5027e+00,8.8545e-01,1.4624e-01
1.6200e+03,9.6217e-01,1.1105e+00,7.5027e+00,8.8829e-01,1.4688e-01
1.6300e+03,9.5872e-01,1.1077e+00,7.5027e+00,8.9110e-01,1.4752e-01
1.6400e+03,9.5529e-01,1.1049e+00,7.5027e+00,8.9390e-01,1.4815e-01
1.6500e+03,9.5188e-01,1.1021e+00,7.5027e+00,8.9668e-01,1.4878e-01
1.6600e+03,9.4849e-01,1.0993e+00,7.5027e+00,8.9945e-01,1.4941e-01
1.6700e+03,9.4511e-01,1.0966e+00,7.5027e+00,9.0219e-01,1.5003e-01
1.6800e+03,9.4176e-01,1.0939e+00,7.5027e+00,9.0492e-01,1.5066e-01
1.6900e+03,9.3842e-01,1.0911e+00,7.5027e+00,9.0764e-01,1.5128e-01
1.7000e+03,9.3510e-01,1.0884e+00,7.5027e+00,9.1034e-01,1.5190e-01
1.7100e+03,9.3180e-01,1.0858e+00,7.5027e+00,9.1302e-01,1.5251e-01
1.7200e+03,9.2852e-01,1.0831e+00,7.5027e+00,9.1569e-01,1.5313e-01
1.7300e+03,9.2526e-01,1.0804e+00,7.5027e+00,9.1834e-01,1.5374e-01
1.7400e+03,9.2202e-01,1.0778e+00,7.5027e+00,9.2097e-01,1.5435e-01
1.7500e+03,9.1879e-01,1.0752e+00,7.5027e+00,9.2359e-01,1.5496e-01
1.7600e+03,9.1558e-01,1.0726e+00,7.5027e+00,9.2620e-01,1.5556e-01
1.7700e+03,9.1239e-01,1.0700e+00,7.5027e+00,9.2878e-01,1.5617e-01
1.7800e+03,9.0921e-01,1.0674e+00,7.5027e+00,9.3136e-01,1.5677e-01
1.7900e+03,9.0605e-01,1.0648e+00,7.5027e+00,9.3391e-01,1.5737e-01
1.8000e+03,9.0291e-01,1.0623e+00,7.5027e+00,9.3646e-01,1.5797e-01
1.8100e+03,8.9979e-01,1.0598e+00,7.5027e+00,9.3899e-01,1.5856e-01
1.8200e+03,8.9668e-01,1.0572e+00,7.5027e+00,9.4150e-01,1.5916e-01
1.8300e+03,8.9359e-01,1.0547e+00,7.5027e+00,9.4400e-01,1.5975e-01
1.8400e+03,8.9052e-01,1.0522e+00,7.5027e+00,9.4648e-01,1.6034e-01
1.8500e+03,8.8746e-01,1.0498e+00,7.5027e+00,9.4895e-01,1.6093e-01
1.8600e+03,8.8442e-01,1.0473e+00,7.5027e+00,9.5141e-01,1.6151e-01
1.8700e+03,8.8139e-01,1.0449e+00,7.5027e+00,9.5385e-01,1.6210e-01
1.8800e+03,8.7838e-01,1.0424e+00,7.5027e+00,9.5628e-01,1.6268e-01
1.8900e+03,8.7539e-01,1.0400e+00,7.5027e+00,9.5869e-01,1.6326e-01
1.9000e+03,8.7241e-01,1.0376e+00,7.5027e+00,9.6109e-01,1.6383e-01
1.9100e+03,8.6945e-01,1.0352e+00,7.5027e+00,9.6348e-01,1.6441e-01
1.9200e+03,8.6650e-01,1.0329e+00,7.5027e+00,9.6585e-01,1.6498e-01
1.9300e+03,8.6357e-01,1.0305e+00,7.5027e+00,9.6821e-01,1.6556e-01
1.9400e+03,8.6065e-01,1.0281e+00,7.5027e+00,9.7056e-01,1.6613e-01
1.9500e+03,8.5775e-01,1.0258e+00,7.5027e+00,9.7289e-01,1.6669e-01
1.9600e+03,8.5486e-01,1.0235e+00,7.5027e+00,9.7521e-01,1.6726e-01
1.9700e+03,8.5199e-01,1.0212e+00,7.5027e+00,9.7752e-01,1.6782e-01
1.9800e+03,8.4914e-01,1.0189e+00,7.5027e+00,9.7982e-01,1.6839e-01
1.9900e+03,8.4629e-01,1.0166e+00,7.5027e+00,9.8210e-01,1.6895e-01
2.0000e+03,8.4347e-01,1.0143e+00,7.5027e+00,9.8437e-01,1.6951e-01
2.0100e+03,8.4065e-01,1.0121e+00,7.5027e+00,9.8662e-01,1.7006e-01
2.0200e+03,8.3786e-01,1.0098e+00,7.5027e+00,9.8887e-01,1.7062e-01
2.0300e+03,8.3507e-01,1.0076e+00,7.5027e+00,9.9110e-01,1.7117e-01
2.0400e+03,8.3230e-01,1.0054e+00,7.5027e+00,9.9332e-01,1.7172e-01
2.0500e+03,8.2955e-01,1.0031e+00,7.5027e+00,9.9552e-01,1.7227e-01
2.0600e+03,8.2680e-01,1.0009e+00,7.5027e+00,9.9772e-01,1.7282e-01
2.0700e+03,8.2407e-01,9.9876e-01,7.5027e+00,9.9990e-01,1.7336e-01
2.0800e+03,8.2136e-01,9.9659e-01,7.5027e+00,1.0021e+00,1.7391e-01
2.0900e+03,8.1866e-01,9.9443e-01,7.5027e+00,1.0042e+00,1.7445e-01
2.1000e+03,8.1597e-01,9.9228e-01,7.5027e+00,1.0064e+00,1.7499e-01
2.1100e+03,8.1330e-01,9.9014e-01,7.5027e+00,1.0085e+00,1.7553e-01
2.1200e+03,8.1064e-01,9.8801e-01,7.5027e+00,1.0106e+00,1.7607e-01
2.1300e+03,8.0799e-01,9.8590e-01,7.5027e+00,1.0127e+00,1.7660e-01
2.1400e+03,8.0535e-01,9.8379e-01,7.5027e+00,1.0148e+00,1.7713e-01
2.1500e+03,8.0273e-01,9.8170e-01,7.5027e+00,1.0169e+00,1.7767e-01
2.1600e+03,8.0012e-01,9.7962e-01,7.5027e+00,1.0190e+00,1.7820e-01
2.1700e+03,7.9753e-01,9.7755e-01,7.5027e+00,1.0211e+00,1.7872e-01
2.1800e+03,7.9495e-01,9.7549e-01,7.5027e+00,1.0231e+00,1.7925e-01
2.1900e+03,7.9237e-01,9.7344e-01,7.5027e+00,1.0252e+00,1.7978e-01
2.2000e+03,7.8982e-01,9.7140e-01,7.5027e+00,1.0272e+00,1.8030e-01
2.2100e+03,7.8727e-01,9.6938e-01,7.5027e+00,1.0292e+00,1.8082e-01
2.2200e+03,7.8474e-01,9.6736e-01,7.5027e+00,1.0313e+00,1.8134e-01
2.2300e+03,7.8222e-01,9.6536e-01,7.5027e+00,1.0333e+00,1.8186e-01
2.2400e+03,7.7971e-01,9.6336e-01,7.5027e+00,1.0353e+00,1.8237e-01
2.2500e+03,7.7721e-01,9.6138e-01,7.5027e+00,1.0372e+00,1.8289e-01
2.2600e+03,7.7473e-01,9.5940e-01,7.5027e+00,1.0392e+00,1.8340e-01
2.2700e+03,7.7226e-01,9.5744e-01,7.5027e+00,1.0412e+00,1.8391e-01
2.2800e+03,7.6980e-01,9.5549e-01,7.5027e+00,1.0431e+00,1.8442e-01
2.2900e+03,7.6735e-01,9.5354e-01,7.5027e+00,1.0451e+00,1.8493e-01
2.3000e+03,7.6491e-01,9.5161e-01,7.5027e+00,1.0470e+00,1.8544e-01
2.3100e+03,7.6248e-01,9.4969e-01,7.5027e+00,1.0489e+00,1.8594e-01
2.3200e+03,7.6007e-01,9.4777e-01,7.5027e+00,1.0508e+00,1.8645e-01
2.3300e+03,7.5767e-01,9.4587e-01,7.5027e+00,1.0527e+00,1.8695e-01
2.3400e+03,7.5528e-01,9.4398e-01,7.5027e+00,1.0546e+00,1.8745e-01
2.3500e+03,7.5290e-01,9.4209e-01,7.5027e+00,1.0565e+00,1.8795e-01
2.3600e+03,7.5053e-01,9.4022e-01,7.5027e+00,1.0584e+00,1.8844e-01
2.3700e+03,7.4817e-01,9.3835e-01,7.5027e+00,1.0602e+00,1.8894e-01
2.3800e+03,7.4582e-01,9.3650e-01,7.5027e+00,1.0621e+00,1.8943e-01
2.3900e+03,7.4349e-01,9.3465e-01,7.5027e+00,1.0639e+00,1.8993e-01
2.4000e+03,7.4116e-01,9.3282e-01,7.5027e+00,1.0658e+00,1.9042e-01
2.4100e+03,7.3885e-01,9.3099e-01,7.5027e+00,1.0676e+00,1.9091e-01
2.4200e+03,7.3655e-01,9.2917e-01,7.5027e+00,1.0694e+00,1.9140e-01
2.4300e+03,7.3425e-01,9.2736e-01,7.5027e+00,1.0712e+00,1.9188e-01
2.4400e+03,7.3197e-01,9.2557e-01,7.5027e+00,1.0730e+00,1.9237e-01
2.4500e+03,7.2970e-01,9.2378e-01,7.5027e+00,1.0748e+00,1.9285e-01
2.4600e+03,7.2744e-01,9.2199e-01,7.5027e+00,1.0766e+00,1.9333e-01
2.4700e+03,7.2519e-01,9.2022e-01,7.5027e+00,1.0783e+00,1.9381e-01
2.4800e+03,7.2295e-01,9.1846e-01,7.5027e+00,1.0801e+00,1.9429e-01
2.4900e+03,7.2072e-01,9.1670e-01,7.5027e+00,1.0819e+00,1.9477e-01
2.5000e+03,7.1850e-01,9.1496e-01,7.5027e+00,1.0836e+00,1.9524e-01
2.5100e+03,7.1629e-01,9.1322e-01,7.5027e+00,1.0853e+00,1.9572e-01
2.5200e+03,7.1409e-01,9.1149e-01,7.5027e+00,1.0871e+00,1.9619e-01
2.5300e+03,7.1190e-01,9.0977e-01,7.5027e+00,1.0888e+00,1.9666e-01
2.5400e+03,7.0972e-01,9.0806e-01,7.5027e+00,1.0905e+00,1.9713e-01
2.5500e+03,7.0755e-01,9.0636e-01,7.5027e+00,1.0922e+00,1.9760e-01
2.5600e+03,7.0539e-01,9.0466e-01,7.5027e+00,1.0939e+00,1.9807e-01
2.5700e+03,7.0324e-01,9.0297e-01,7.5027e+00,1.0956e+00,1.9854e-01
2.5800e+03,7.0110e-01,9.0130e-01,7.5027e+00,1.0972e+00,1.9900e-01
2.5900e+03,6.9897e-01,8.9963e-01,7.5027e+00,1.0989e+00,1.9946e-01
2.6000e+03,6.9685e-01,8.9796e-01,7.5027e+00,1.1006e+00,1.9992e-01
2.6100e+03,6.9474e-01,8.9631e-01,7.5027e+00,1.1022e+00,2.0039e-01
2.6200e+03,6.9263e-01,8.9466e-01,7.5027e+00,1.1039e+00,2.0084e-01
2.6300e+03,6.9054e-01,8.9303e-01,7.5027e+00,1.1055e+00,2.0130e-01
2.6400e+03,6.8846e-01,8.9140e-01,7.5027e+00,1.1071e+00,2.0176e-01
2.6500e+03,6.8638e-01,8.8977e-01,7.5027e+00,1.1087e+00,2.0221e-01
2.6600e+03,6.8432e-01,8.8816e-01,7.5027e+00,1.1104e+00,2.0267e-01
2.6700e+03,6.8226e-01,8.8655e-01,7.5027e+00,1.1120e+00,2.0312e-01
2.6800e+03,6.8021e-01,8.8495e-01,7.5027e+00,1.1136e+00,2.0357e-01
2.6900e+03,6.7817e-01,8.8336e-01,7.5027e+00,1.1151e+00,2.0402e-01
2.7000e+03,6.7614e-01,8.8178e-01,7.5027e+00,1.1167e+00,2.0447e-01
2.7100e+03,6.7412e-01,8.8020e-01,7.5027e+00,1.1183e+00,2.0491e-01
2.7200e+03,6.7211e-01,8.7864e-01,7.5027e+00,1.1199e+00,2.0536e-01
2.7300e+03,6.7011e-01,8.7707e-01,7.5027e+00,1.1214e+00,2.0580e-01
2.7400e+03,6.6811e-01,8.7552e-01,7.5027e+00,1.1230e+00,2.0624e-01
2.7500e+03,6.6613e-01,8.7397e-01,7.5027e+00,1.1245e+00,2.0669e-01
2.7600e+03,6.6415e-01,8.7244e-01,7.5027e+00,1.1261e+00,2.0713e-01
2.7700e+03,6.6218e-01,8.7090e-01,7.5027e+00,1.1276e+00,2.0756e-01
2.7800e+03,6.6022e-01,8.6938e-01,7.5027e+00,1.1291e+00,2.0800e-01
2.7900e+03,6.5827e-01,8.6786e-01,7.5027e+00,1.1306e+00,2.0844e-01
2.8000e+03,6.5633e-01,8.6635e-01,7.5027e+00,1.1321e+00,2.0887e-01
2.8100e+03,6.5439e-01,8.6485e-01,7.5027e+00,1.1336e+00,2.0931e-01
2.8200e+03,6.5247e-01,8.6335e-01,7.5027e+00,1.1351e+00,2.0974e-01
2.8300e+03,6.5055e-01,8.6186e-01,7.5027e+00,1.1366e+00,2.1017e-01
2.8400e+03,6.4864e-01,8.6038e-01,7.5027e+00,1.1381e+00,2.1060e-01
2.8500e+03,6.4674e-01,8.5890e-01,7.5027e+00,1.1396e+00,2.1103e-01
2.8600e+03,6.4484e-01,8.5744e-01,7.5027e+00,1.1410e+00,2.1146e-01
2.8700e+03,6.4296e-01,8.5597e-01,7.5027e+00,1.1425e+00,2.1188e-01
2.8800e+03,6.4108e-01,8.5452e-01,7.5027e+00,1.1440e+00,2.1231e-01
2.8900e+03,6.3921e-01,8.5307e-01,7.5027e+00,1.1454e+00,2.1273e-01
2.9000e+03,6.3735e-01,8.5163e-01,7.5027e+00,1.1468e+00,2.1315e-01
2.9100e+03,6.3549e-01,8.5019e-01,7.5027e+00,1.1483e+00,2.1357e-01
2.9200e+03,6.3365e-01,8.4876e-01,7.5027e+00,1.1497e+00,2.1399e-01
2.9300e+03,6.3181e-01,8.4734e-01,7.5027e+00,1.1511e+00,2.1441e-01
2.9400e+03,6.2998e-01,8.4593e-01,7.5027e+00,1.1525e+00,2.1483e-01
2.9500e+03,6.2815e-01,8.4452e-01,7.5027e+00,1.1539e+00,2.1525e-01
2.9600e+03,6.2634e-01,8.4312e-01,7.5027e+00,1.1553e+00,2.1566e-01
2.9700e+03,6.2453e-01,8.4172e-01,7.5027e+00,1.1567e+00,2.1607e-01
2.9800e+03,6.2273e-01,8.4033e-01,7.5027e+00,1.1581e+00,2.1649e-01
2.9900e+03,6.2093e-01,8.3894e-01,7.5027e+00,1.1595e+00,2.1690e-01
3.0000e+03,6.1915e-01,8.3757e-01,7.5027e+00,1.1609e+00,2.1731e-01
3.0100e+03,6.1737e-01,8.3620e-01,7.5027e+00,1.1623e+00,2.1772e-01
3.0200e+03,6.1560e-01,8.3483e-01,7.5027e+00,1.1636e+00,2.1813e-01
3.0300e+03,6.1383e-01,8.3347e-01,7.5027e+00,1.1650e+00,2.1853e-01
3.0400e+03,6.1208e-01,8.3212e-01,7.5027e+00,1.1663e+00,2.1894e-01
3.0500e+03,6.1033e-01,8.3077e-01,7.5027e+00,1.1677e+00,2.1934e-01
3.0600e+03,6.0858e-01,8.2943e-01,7.5027e+00,1.1690e+00,2.1975e-01
3.0700e+03,6.0685e-01,8.2810e-01,7.5027e+00,1.1703e+00,2.2015e-01
3.0800e+03,6.0512e-01,8.2677e-01,7.5027e+00,1.1717e+00,2.2055e-01
3.0900e+03,6.0340e-01,8.2544e-01,7.5027e+00,1.1730e+00,2.2095e-01
3.1000e+03,6.0169e-01,8.2413e-01,7.5027e+00,1.1743e+00,2.2135e-01
3.1100e+03,5.9998e-01,8.2282e-01,7.5027e+00,1.1756e+00,2.2175e-01
3.1200e+03,5.9828e-01,8.2151e-01,7.5027e+00,1.1769e+00,2.2214e-01
3.1300e+03,5.9658e-01,8.2021e-01,7.5027e+00,1.1782e+00,2.2254e-01
3.1400e+03,5.9490e-01,8.1892e-01,7.5027e+00,1.1795e+00,2.2293e-01
3.1500e+03,5.9322e-01,8.1763e-01,7.5027e+00,1.1808e+00,2.2332e-01
3.1600e+03,5.9154e-01,8.1634e-01,7.5027e+00,1.1821e+00,2.2372e-01
3.1700e+03,5.8988e-01,8.1507e-01,7.5027e+00,1.1834e+00,2.2411e-01
3.1800e+03,5.8822e-01,8.1380e-01,7.5027e+00,1.1846e+00,2.2450e-01
3.1900e+03,5.8656e-01,8.1253e-01,7.5027e+00,1.1859e+00,2.2489e-01
3.2000e+03,5.8492e-01,8.1127e-01,7.5027e+00,1.1871e+00,2.2527e-01
3.2100e+03,5.8328e-01,8.1001e-01,7.5027e+00,1.1884e+00,2.2566e-01
3.2200e+03,5.8164e-01,8.0876e-01,7.5027e+00,1.1896e+00,2.2605e-01
3.2300e+03,5.8002e-01,8.0752e-01,7.5027e+00,1.1909e+00,2.2643e-01
3.2400e+03,5.7840e-01,8.0628e-01,7.5027e+00,1.1921e+00,2.2681e-01
3.2500e+03,5.7678e-01,8.0505e-01,7.5027e+00,1.1934e+00,2.2720e-01
3.2600e+03,5.7518e-01,8.0382e-01,7.5027e+00,1.1946e+00,2.2758e-01
3.2700e+03,5.7357e-01,8.0260e-01,7.5027e+00,1.1958e+00,2.2796e-01
3.2800e+03,5.7198e-01,8.0138e-01,7.5027e+00,1.1970e+00,2.2834e-01
3.2900e+03,5.7039e-01,8.0017e-01,7.5027e+00,1.1982e+00,2.2871e-01
3.3000e+03,5.6881e-01,7.9896e-01,7.5027e+00,1.1994e+00,2.2909e-01
3.3100e+03,5.6723e-01,7.9776e-01,7.5027e+00,1.2006e+00,2.2947e-01
3.3200e+03,5.6566e-01,7.9656e-01,7.5027e+00,1.2018e+00,2.2984e-01
3.3300e+03,5.6410e-01,7.9537e-01,7.5027e+00,1.2030e+00,2.3022e-01
3.3400e+03,5.6254e-01,7.9418e-01,7.5027e+00,1.2042e+00,2.3059e-01
3.3500e+03,5.6099e-01,7.9300e-01,7.5027e+00,1.2054e+00,2.3096e-01
3.3600e+03,5.5944e-01,7.9182e-01,7.5027e+00,1.2066e+00,2.3133e-01
3.3700e+03,5.5790e-01,7.9065e-01,7.5027e+00,1.2077e+00,2.3170e-01
3.3800e+03,5.5637e-01,7.8948e-01,7.5027e+00,1.2089e+00,2.3207e-01
3.3900e+03,5.5484e-01,7.8832e-01,7.5027e+00,1.2101e+00,2.3244e-01
3.4000e+03,5.5331e-01,7.8716e-01,7.5027e+00,1.2112e+00,2.3280e-01
3.4100e+03,5.5180e-01,7.8601e-01,7.5027e+00,1.2124e+00,2.3317e-01
3.4200e+03,5.5029e-01,7.8486e-01,7.5027e+00,1.2135e+00,2.3354e-01
3.4300e+03,5.4878e-01,7.8372e-01,7.5027e+00,1.2147e+00,2.3390e-01
3.4400e+03,5.4728e-01,7.8258e-01,7.5027e+00,1.2158e+00,2.3426e-01
3.4500e+03,5.4579e-01,7.8145e-01,7.5027e+00,1.2169e+00,2.3462e-01
3.4600e+03,5.4430e-01,7.8032e-01,7.5027e+00,1.2181e+00,2.3498e-01
3.4700e+03,5.4282e-01,7.7920e-01,7.5027e+00,1.2192e+00,2.3534e-01
3.4800e+03,5.4134e-01,7.7808e-01,7.5027e+00,1.2203e+00,2.3570e-01
3.4900e+03,5.3987e-01,7.7697e-01,7.5027e+00,1.2214e+00,2.3606e-01
3.5000e+03,5.3841e-01,7.7586e-01,7.5027e+00,1.2225e+00,2.3642e-01
3.5100e+03,5.3695e-01,7.7475e-01,7.5027e+00,1.2236e+00,2.3677e-01
3.5200e+03,5.3549e-01,7.7365e-01,7.5027e+00,1.2247e+00,2.3713e-01
3.5300e+03,5.3405e-01,7.7255e-01,7.5027e+00,1.2258e+00,2.3748e-01
3.5400e+03,5.3260e-01,7.7146e-01,7.5027e+00,1.2269e+00,2.3784e-01
3.5500e+03,5.3116e-01,7.7037e-01,7.5027e+00,1.2280e+00,2.3819e-01
3.5600e+03,5.2973e-01,7.6929e-01,7.5027e+00,1.2291e+00,2.3854e-01
3.5700e+03,5.2831e-01,7.6821e-01,7.5027e+00,1.2301e+00,2.3889e-01
3.5800e+03,5.2688e-01,7.6714e-01,7.5027e+00,1.2312e+00,2.3924e-01
3.5900e+03,5.2547e-01,7.6607e-01,7.5027e+00,1.2323e+00,2.3959e-01
3.6000e+03,5.2406e-01,7.6501e-01,7.5027e+00,1.2333e+00,2.3993e-01
3.6100e+03,5.2265e-01,7.6394e-01,7.5027e+00,1.2344e+00,2.4028e-01
3.6200e+03,5.2125e-01,7.6289e-01,7.5027e+00,1.2355e+00,2.4063e-01
3.6300e+03,5.1985e-01,7.6184e-01,7.5027e+00,1.2365e+00,2.4097e-01
3.6400e+03,5.1846e-01,7.6079e-01,7.5027e+00,1.2376e+00,2.4131e-01
3.6500e+03,5.1708e-01,7.5974e-01,7.5027e+00,1.2386e+00,2.4166e-01
3.6600e+03,5.1570e-01,7.5870e-01,7.5027e+00,1.2396e+00,2.4200e-01
3.6700e+03,5.1432e-01,7.5767e-01,7.5027e+00,1.2407e+00,2.4234e-01
3.6800e+03,5.1295e-01,7.5664e-01,7.5027e+00,1.2417e+00,2.4268e-01
3.6900e+03,5.1159e-01,7.5561e-01,7.5027e+00,1.2427e+00,2.4302e-01
3.7000e+03,5.1023e-01,7.5459e-01,7.5027e+00,1.2438e+00,2.4336e-01
3.7100e+03,5.0887e-01,7.5357e-01,7.5027e+00,1.2448e+00,2.4369e-01
3.7200e+03,5.0752e-01,7.5255e-01,7.5027e+00,1.2458e+00,2.4403e-01
3.7300e+03,5.0618e-01,7.5154e-01,7.5027e+00,1.2468e+00,2.4437e-01
3.7400e+03,5.0484e-01,7.5054e-01,7.5027e+00,1.2478e+00,2.4470e-01
3.7500e+03,5.0350e-01,7.4953e-01,7.5027e+00,1.2488e+00,2.4503e-01
3.7600e+03,5.0217e-01,7.4854e-01,7.5027e+00,1.2498e+00,2.4537e-01
3.7700e+03,5.0085e-01,7.4754e-01,7.5027e+00,1.2508e+00,2.4570e-01
3.7800e+03,4.9953e-01,7.4655e-01,7.5027e+00,1.2518e+00,2.4603e-01
3.7900e+03,4.9821e-01,7.4556e-01,7.5027e+00,1.2528e+00,2.4636e-01
3.8000e+03,4.9690e-01,7.4458e-01,7.5027e+00,1.2537e+00,2.4669e-01
3.8100e+03,4.9559e-01,7.4360e-01,7.5027e+00,1.2547e+00,2.4702e-01
3.8200e+03,4.9429e-01,7.4263e-01,7.5027e+00,1.2557e+00,2.4735e-01
3.8300e+03,4.9300e-01,7.4165e-01,7.5027e+00,1.2567e+00,2.4767e-01
3.8400e+03,4.9170e-01,7.4069e-01,7.5027e+00,1.2576e+00,2.4800e-01
3.8500e+03,4.9042e-01,7.3972e-01,7.5027e+00,1.2586e+00,2.4832e-01
3.8600e+03,4.8913e-01,7.3876e-01,7.5027e+00,1.2596e+00,2.4865e-01
3.8700e+03,4.8785e-01,7.3781e-01,7.5027e+00,1.2605e+00,2.4897e-01
3.8800e+03,4.8658e-01,7.3685e-01,7.5027e+00,1.2615e+00,2.4929e-01
3.8900e+03,4.8531e-01,7.3590e-01,7.5027e+00,1.2624e+00,2.4962e-01
3.9000e+03,4.8405e-01,7.3496e-01,7.5027e+00,1.2634e+00,2.4994e-01
3.9100e+03,4.8279e-01,7.3402e-01,7.5027e+00,1.2643e+00,2.5026e-01
3.9200e+03,4.8153e-01,7.3308e-01,7.5027e+00,1.2652e+00,2.5058e-01
3.9300e+03,4.8028e-01,7.3215e-01,7.5027e+00,1.2662e+00,2.5090e-01
3.9400e+03,4.7903e-01,7.3122e-01,7.5027e+00,1.2671e+00,2.5121e-01
3.9500e+03,4.7779e-01,7.3029e-01,7.5027e+00,1.2680e+00,2.5153e-01
3.9600e+03,4.7655e-01,7.2936e-01,7.5027e+00,1.2689e+00,2.5185e-01
3.9700e+03,4.7532e-01,7.2844e-01,7.5027e+00,1.2699e+00,2.5216e-01
3.9800e+03,4.7409e-01,7.2753e-01,7.5027e+00,1.2708e+00,2.5247e-01
3.9900e+03,4.7286e-01,7.2662e-01,7.5027e+00,1.2717e+00,2.5279e-01
4.0000e+03,4.7164e-01,7.2571e-01,7.5027e+00,1.2726e+00,2.5310e-01
4.0100e+03,4.7042e-01,7.2480e-01,7.5027e+00,1.2735e+00,2.5341e-01
4.0200e+03,4.6921e-01,7.2390e-01,7.5027e+00,1.2744e+00,2.5372e-01
4.0300e+03,4.6800e-01,7.2300e-01,7.5027e+00,1.2753e+00,2.5403e-01
4.0400e+03,4.6680e-01,7.2210e-01,7.5027e+00,1.2762e+00,2.5434e-01
4.0500e+03,4.6560e-01,7.2121e-01,7.5027e+00,1.2771e+00,2.5465e-01
4.0600e+03,4.6440e-01,7.2032e-01,7.5027e+00,1.2780e+00,2.5496e-01
4.0700e+03,4.6321e-01,7.1944e-01,7.5027e+00,1.2789e+00,2.5527e-01
4.0800e+03,4.6203e-01,7.1855e-01,7.5027e+00,1.2797e+00,2.5557e-01
4.0900e+03,4.6084e-01,7.1768e-01,7.5027e+00,1.2806e+00,2.5588e-01
4.1000e+03,4.5966e-01,7.1680e-01,7.5027e+00,1.2815e+00,2.5618e-01
4.1100e+03,4.5849e-01,7.1593e-01,7.5027e+00,1.2824e+00,2.5649e-01
4.1200e+03,4.5732e-01,7.1506e-01,7.5027e+00,1.2832e+00,2.5679e-01
4.1300e+03,4.5615e-01,7.1419e-01,7.5027e+00,1.2841e+00,2.5709e-01
4.1400e+03,4.5499e-01,7.1333e-01,7.5027e+00,1.2850e+00,2.5740e-01
4.1500e+03,4.5383e-01,7.1247e-01,7.5027e+00,1.2858e+00,2.5770e-01
4.1600e+03,4.5267e-01,7.1162e-01,7.5027e+00,1.2867e+00,2.5800e-01
4.1700e+03,4.5152e-01,7.1076e-01,7.5027e+00,1.2875e+00,2.5830e-01
4.1800e+03,4.5038e-01,7.0991e-01,7.5027e+00,1.2884e+00,2.5859e-01
4.1900e+03,4.4923e-01,7.0907e-01,7.5027e+00,1.2892e+00,2.5889e-01
4.2000e+03,4.4809e-01,7.0822e-01,7.5027e+00,1.2901e+00,2.5919e-01
4.2100e+03,4.4696e-01,7.0738e-01,7.5027e+00,1.2909e+00,2.5949e-01
4.2200e+03,4.4583e-01,7.0655e-01,7.5027e+00,1.2917e+00,2.5978e-01
4.2300e+03,4.4470e-01,7.0571e-01,7.5027e+00,1.2926e+00,2.6008e-01
4.2400e+03,4.4358e-01,7.0488e-01,7.5027e+00,1.2934e+00,2.6037e-01
4.2500e+03,4.4246e-01,7.0405e-01,7.5027e+00,1.2942e+00,2.6066e-01
4.2600e+03,4.4134e-01,7.0323e-01,7.5027e+00,1.2950e+00,2.6096e-01
4.2700e+03,4.4023e-01,7.0241e-01,7.5027e+00,1.2959e+00,2.6125e-01
4.2800e+03,4.3912e-01,7.0159e-01,7.5027e+00,1.2967e+00,2.6154e-01
4.2900e+03,4.3801e-01,7.0077e-01,7.5027e+00,1.2975e+00,2.6183e-01
4.3000e+03,4.3691e-01,6.9996e-01,7.5027e+00,1.2983e+00,2.6212e-01
4.3100e+03,4.3581e-01,6.9915e-01,7.5027e+00,1.2991e+00,2.6241e-01
4.3200e+03,4.3472e-01,6.9834e-01,7.5027e+00,1.2999e+00,2.6270e-01
4.3300e+03,4.3363e-01,6.9754e-01,7.5027e+00,1.3007e+00,2.6298e-01
4.3400e+03,4.3254e-01,6.9674e-01,7.5027e+00,1.3015e+00,2.6327e-01
4.3500e+03,4.3146e-01,6.9594e-01,7.5027e+00,1.3023e+00,2.6356e-01
4.3600e+03,4.3038e-01,6.9515e-01,7.5027e+00,1.3031e+00,2.6384e-01
4.3700e+03,4.2931e-01,6.9435e-01,7.5027e+00,1.3039e+00,2.6413e-01
4.3800e+03,4.2823e-01,6.9357e-01,7.5027e+00,1.3047e+00,2.6441e-01
4.3900e+03,4.2717e-01,6.9278e-01,7.5027e+00,1.3055e+00,2.6469e-01
4.4000e+03,4.2610e-01,6.9200e-01,7.5027e+00,1.3063e+00,2.6498e-01
4.4100e+03,4.2504e-01,6.9122e-01,7.5027e+00,1.3070e+00,2.6526e-01
4.4200e+03,4.2398e-01,6.9044e-01,7.5027e+00,1.3078e+00,2.6554e-01
4.4300e+03,4.2293e-01,6.8966e-01,7.5027e+00,1.3086e+00,2.6582e-01
4.4400e+03,4.2188e-01,6.8889e-01,7.5027e+00,1.3094e+00,2.6610e-01
4.4500e+03,4.2083e-01,6.8812e-01,7.5027e+00,1.3101e+00,2.6638e-01
4.4600e+03,4.1978e-01,6.8735e-01,7.5027e+00,1.3109e+00,2.6666e-01
4.4700e+03,4.1874e-01,6.8659e-01,7.5027e+00,1.3117e+00,2.6693e-01
4.4800e+03,4.1771e-01,6.8583e-01,7.5027e+00,1.3124e+00,2.6721e-01
4.4900e+03,4.1667e-01,6.8507e-01,7.5027e+00,1.3132e+00,2.6749e-01
4.5000e+03,4.1564e-01,6.8431e-01,7.5027e+00,1.3139e+00,2.6776e-01
4.5100e+03,4.1461e-01,6.8356e-01,7.5027e+00,1.3147e+00,2.6804e-01
4.5200e+03,4.1359e-01,6.8281e-01,7.5027e+00,1.3154e+00,2.6831e-01
4.5300e+03,4.1257e-01,6.8206e-01,7.5027e+00,1.3162e+00,2.6859e-01
4.5400e+03,4.1155e-01,6.8132e-01,7.5027e+00,1.3169e+00,2.6886e-01
4.5500e+03,4.1054e-01,6.8058e-01,7.5027e+00,1.3177e+00,2.6913e-01
4.5600e+03,4.0953e-01,6.7984e-01,7.5027e+00,1.3184e+00,2.6940e-01
4.5700e+03,4.0852e-01,6.7910e-01,7.5027e+00,1.3191e+00,2.6967e-01
4.5800e+03,4.0752e-01,6.7836e-01,7.5027e+00,1.3199e+00,2.6994e-01
4.5900e+03,4.0652e-01,6.7763e-01,7.5027e+00,1.3206e+00,2.7021e-01
4.6000e+03,4.0552e-01,6.7690e-01,7.5027e+00,1.3213e+00,2.7048e-01
4.6100e+03,4.0453e-01,6.7618e-01,7.5027e+00,1.3221e+00,2.7075e-01
4.6200e+03,4.0354e-01,6.7545e-01,7.5027e+00,1.3228e+00,2.7102e-01
4.6300e+03,4.0255e-01,6.7473e-01,7.5027e+00,1.3235e+00,2.7129e-01
4.6400e+03,4.0156e-01,6.7401e-01,7.5027e+00,1.3242e+00,2.7155e-01
4.6500e+03,4.0058e-01,6.7329e-01,7.5027e+00,1.3249e+00,2.7182e-01
4.6600e+03,3.9960e-01,6.7258e-01,7.5027e+00,1.3257e+00,2.7208e-01
4.6700e+03,3.9863e-01,6.7187e-01,7.5027e+00,1.3264e+00,2.7235e-01
4.6800e+03,3.9766e-01,6.7116e-01,7.5027e+00,1.3271e+00,2.7261e-01
4.6900e+03,3.9669e-01,6.7045e-01,7.5027e+00,1.3278e+00,2.7287e-01
4.7000e+03,3.9572e-01,6.6975e-01,7.5027e+00,1.3285e+00,2.7314e-01
4.7100e+03,3.9476e-01,6.6905e-01,7.5027e+00,1.3292e+00,2.7340e-01
4.7200e+03,3.9380e-01,6.6835e-01,7.5027e+00,1.3299e+00,2.7366e-01
4.7300e+03,3.9284e-01,6.6765e-01,7.5027e+00,1.3306e+00,2.7392e-01
4.7400e+03,3.9189e-01,6.6695e-01,7.5027e+00,1.3313e+00,2.7418e-01
4.7500e+03,3.9094e-01,6.6626e-01,7.5027e+00,1.3320e+00,2.7444e-01
4.7600e+03,3.8999e-01,6.6557e-01,7.5027e+00,1.3326e+00,2.7470e-01
4.7700e+03,3.8905e-01,6.6489e-01,7.5027e+00,1.3333e+00,2.7495e-01
4.7800e+03,3.8811e-01,6.6420e-01,7.5027e+00,1.3340e+00,2.7521e-01
4.7900e+03,3.8717e-01,6.6352e-01,7.5027e+00,1.3347e+00,2.7547e-01
4.8000e+03,3.8623e-01,6.6284e-01,7.5027e+00,1.3354e+00,2.7572e-01
4.8100e+03,3.8530e-01,6.6216e-01,7.5027e+00,1.3361e+00,2.7598e-01
4.8200e+03,3.8437e-01,6.6148e-01,7.5027e+00,1.3367e+00,2.7624e-01
4.8300e+03,3.8344e-01,6.6081e-01,7.5027e+00,1.3374e+00,2.7649e-01
4.8400e+03,3.8252e-01,6.6014e-01,7.5027e+00,1.3381e+00,2.7674e-01
4.8500e+03,3.8160e-01,6.5947e-01,7.5027e+00,1.3387e+00,2.7700e-01
4.8600e+03,3.8068e-01,6.5880e-01,7.5027e+00,1.3394e+00,2.7725e-01
4.8700e+03,3.7977e-01,6.5814e-01,7.5027e+00,1.3401e+00,2.7750e-01
4.8800e+03,3.7885e-01,6.5748e-01,7.5027e+00,1.3407e+00,2.7775e-01
4.8900e+03,3.7794e-01,6.5682e-01,7.5027e+00,1.3414e+00,2.7800e-01
4.9000e+03,3.7704e-01,6.5616e-01,7.5027e+00,1.3420e+00,2.7825e-01
4.9100e+03,3.7613e-01,6.5551e-01,7.5027e+00,1.3427e+00,2.7850e-01
4.9200e+03,3.7523e-01,6.5485e-01,7.5027e+00,1.3434e+00,2.7875e-01
4.9300e+03,3.7433e-01,6.5420e-01,7.5027e+00,1.3440e+00,2.7900e-01
4.9400e+03,3.7344e-01,6.5355e-01,7.5027e+00,1.3447e+00,2.7925e-01
4.9500e+03,3.7255e-01,6.5291e-01,7.5027e+00,1.3453e+00,2.7949e-01
4.9600e+03,3.7166e-01,6.5226e-01,7.5027e+00,1.3459e+00,2.7974e-01
4.9700e+03,3.7077e-01,6.5162e-01,7.5027e+00,1.3466e+00,2.7999e-01
4.9800e+03,3.6988e-01,6.5098e-01,7.5027e+00,1.3472e+00,2.8023e-01
4.9900e+03,3.6900e-01,6.5034e-01,7.5027e+00,1.3479e+00,2.8048e-01
5.0000e+03,3.6812e-01,6.4971e-01,7.5027e+00,1.3485e+00,2.8072e-01
5.0100e+03,3.6725e-01,6.4907e-01,7.5027e+00,1.3491e+00,2.8096e-01
5.0200e+03,3.6637e-01,6.4844e-01,7.5027e+00,1.3498e+00,2.8121e-01
5.0300e+03,3.6550e-01,6.4781e-01,7.5027e+00,1.3504e+00,2.8145e-01
5.0400e+03,3.6464e-01,6.4719e-01,7.5027e+00,1.3510e+00,2.8169e-01
5.0500e+03,3.6377e-01,6.4656e-01,7.5027e+00,1.3516e+00,2.8193e-01
5.0600e+03,3.6291e-01,6.4594e-01,7.5027e+00,1.3523e+00,2.8217e-01
5.0700e+03,3.6205e-01,6.4532e-01,7.5027e+00,1.3529e+00,2.8241e-01
5.0800e+03,3.6119e-01,6.4470e-01,7.5027e+00,1.3535e+00,2.8265e-01
5.0900e+03,3.6033e-01,6.4408e-01,7.5027e+00,1.3541e+00,2.8289e-01
5.1000e+03,3.5948e-01,6.4347e-01,7.5027e+00,1.3547e+00,2.8313e-01
5.1100e+03,3.5863e-01,6.4285e-01,7.5027e+00,1.3553e+00,2.8337e-01
5.1200e+03,3.5779e-01,6.4224e-01,7.5027e+00,1.3559e+00,2.8360e-01
5.1300e+03,3.5694e-01,6.4163e-01,7.5027e+00,1.3566e+00,2.8384e-01
5.1400e+03,3.5610e-01,6.4103e-01,7.5027e+00,1.3572e+00,2.8408e-01
5.1500e+03,3.5526e-01,6.4042e-01,7.5027e+00,1.3578e+00,2.8431e-01
5.1600e+03,3.5442e-01,6.3982e-01,7.5027e+00,1.3584e+00,2.8455e-01
5.1700e+03,3.5359e-01,6.3922e-01,7.5027e+00,1.3590e+00,2.8478e-01
5.1800e+03,3.5276e-01,6.3862e-01,7.5027e+00,1.3596e+00,2.8502e-01
5.1900e+03,3.5193e-01,6.3802e-01,7.5027e+00,1.3602e+00,2.8525e-01
5.2000e+03,3.5110e-01,6.3743e-01,7.5027e+00,1.3608e+00,2.8548e-01
5.2100e+03,3.5028e-01,6.3684e-01,7.5027e+00,1.3613e+00,2.8572e-01
5.2200e+03,3.4945e-01,6.3625e-01,7.5027e+00,1.3619e+00,2.8595e-01
5.2300e+03,3.4863e-01,6.3566e-01,7.5027e+00,1.3625e+00,2.8618e-01
5.2400e+03,3.4782e-01,6.3507e-01,7.5027e+00,1.3631e+00,2.8641e-01
5.2500e+03,3.4700e-01,6.3449e-01,7.5027e+00,1.3637e+00,2.8664e-01
5.2600e+03,3.4619e-01,6.3390e-01,7.5027e+00,1.3643e+00,2.8687e-01
5.2700e+03,3.4538e-01,6.3332e-01,7.5027e+00,1.3649e+00,2.8710e-01
5.2800e+03,3.4457e-01,6.3274e-01,7.5027e+00,1.3654e+00,2.8733e-01
5.2900e+03,3.4377e-01,6.3216e-01,7.5027e+00,1.3660e+00,2.8755e-01
5.3000e+03,3.4297e-01,6.3159e-01,7.5027e+00,1.3666e+00,2.8778e-01
5.3100e+03,3.4217e-01,6.3101e-01,7.5027e+00,1.3672e+00,2.8801e-01
5.3200e+03,3.4137e-01,6.3044e-01,7.5027e+00,1.3677e+00,2.8823e-01
5.3300e+03,3.4057e-01,6.2987e-01,7.5027e+00,1.3683e+00,2.8846e-01
5.3400e+03,3.3978e-01,6.2930e-01,7.5027e+00,1.3689e+00,2.8869e-01
5.3500e+03,3.3899e-01,6.2874e-01,7.5027e+00,1.3694e+00,2.8891e-01
5.3600e+03,3.3820e-01,6.2817e-01,7.5027e+00,1.3700e+00,2.8914e-01
5.3700e+03,3.3742e-01,6.2761e-01,7.5027e+00,1.3706e+00,2.8936e-01
5.3800e+03,3.3663e-01,6.2705e-01,7.5027e+00,1.3711e+00,2.8958e-01
5.3900e+03,3.3585e-01,6.2649e-01,7.5027e+00,1.3717e+00,2.8981e-01
5.4000e+03,3.3507e-01,6.2593e-01,7.5027e+00,1.3722e+00,2.9003e-01
5.4100e+03,3.3430e-01,6.2538e-01,7.5027e+00,1.3728e+00,2.9025e-01
5.4200e+03,3.3352e-01,6.2482e-01,7.5027e+00,1.3733e+00,2.9047e-01
5.4300e+03,3.3275e-01,6.2427e-01,7.5027e+00,1.3739e+00,2.9069e-01
5.4400e+03,3.3198e-01,6.2372e-01,7.5027e+00,1.3744e+00,2.9091e-01
5.4500e+03,3.3121e-01,6.2317e-01,7.5027e+00,1.3750e+00,2.9113e-01
5.4600e+03,3.3045e-01,6.2263e-01,7.5027e+00,1.3755e+00,2.9135e-01
5.4700e+03,3.2969e-01,6.2208e-01,7.5027e+00,1.3761e+00,2.9157e-01
5.4800e+03,3.2892e-01,6.2154e-01,7.5027e+00,1.3766e+00,2.9179e-01
5.4900e+03,3.2817e-01,6.2100e-01,7.5027e+00,1.3772e+00,2.9200e-01
5.5000e+03,3.2741e-01,6.2046e-01,7.5027e+00,1.3777e+00,2.9222e-01
5.5100e+03,3.2666e-01,6.1992e-01,7.5027e+00,1.3782e+00,2.9244e-01
5.5200e+03,3.2590e-01,6.1938e-01,7.5027e+00,1.3788e+00,2.9265e-01
5.5300e+03,3.2515e-01,6.1885e-01,7.5027e+00,1.3793e+00,2.9287e-01
5.5400e+03,3.2441e-01,6.1831e-01,7.5027e+00,1.3798e+00,2.9309e-01
5.5500e+03,3.2366e-01,6.1778e-01,7.5027e+00,1.3804e+00,2.9330e-01
5.5600e+03,3.2292e-01,6.1725e-01,7.5027e+00,1.3809e+00,2.9351e-01
5.5700e+03,3.2218e-01,6.1672e-01,7.5027e+00,1.3814e+00,2.9373e-01
5.5800e+03,3.2144e-01,6.1620e-01,7.5027e+00,1.3820e+00,2.9394e-01
5.5900e+03,3.2070e-01,6.1567e-01,7.5027e+00,1.3825e+00,2.9415e-01
5.6000e+03,3.1997e-01,6.1515e-01,7.5027e+00,1.3830e+00,2.9437e-01
5.6100e+03,3.1923e-01,6.1463e-01,7.5027e+00,1.3835e+00,2.9458e-01
5.6200e+03,3.1850e-01,6.1411e-01,7.5027e+00,1.3840e+00,2.9479e-01
5.6300e+03,3.1778e-01,6.1359e-01,7.5027e+00,1.3846e+00,2.9500e-01
5.6400e+03,3.1705e-01,6.1307e-01,7.5027e+00,1.3851e+00,2.9521e-01
5.6500e+03,3.1632e-01,6.1256e-01,7.5027e+00,1.3856e+00,2.9542e-01
5.6600e+03,3.1560e-01,6.1205e-01,7.5027e+00,1.3861e+00,2.9563e-01
5.6700e+03,3.1488e-01,6.1153e-01,7.5027e+00,1.3866e+00,2.9584e-01
5.6800e+03,3.1417e-01,6.1102e-01,7.5027e+00,1.3871e+00,2.9605e-01
5.6900e+03,3.1345e-01,6.1051e-01,7.5027e+00,1.3876e+00,2.9625e-01
5.7000e+03,3.1274e-01,6.1001e-01,7.5027e+00,1.3881e+00,2.9646e-01
5.7100e+03,3.1202e-01,6.0950e-01,7.5027e+00,1.3886e+00,2.9667e-01
5.7200e+03,3.1131e-01,6.0900e-01,7.5027e+00,1.3891e+00,2.9688e-01
5.7300e+03,3.1061e-01,6.0850e-01,7.5027e+00,1.3897e+00,2.9708e-01
5.7400e+03,3.0990e-01,6.0800e-01,7.5027e+00,1.3902e+00,2.9729e-01
5.7500e+03,3.0920e-01,6.0750e-01,7.5027e+00,1.3906e+00,2.9749e-01
5.7600e+03,3.0850e-01,6.0700e-01,7.5027e+00,1.3911e+00,2.9770e-01
5.7700e+03,3.0780e-01,6.0650e-01,7.5027e+00,1.3916e+00,2.9790e-01
5.7800e+03,3.0710e-01,6.0601e-01,7.5027e+00,1.3921e+00,2.9810e-01
5.7900e+03,3.0640e-01,6.0551e-01,7.5027e+00,1.3926e+00,2.9831e-01
5.8000e+03,3.0571e-01,6.0502e-01,7.5027e+00,1.3931e+00,2.9851e-01
5.8100e+03,3.0502e-01,6.0453e-01,7.5027e+00,1.3936e+00,2.9871e-01
5.8200e+03,3.0433e-01,6.0404e-01,7.5027e+00,1.3941e+00,2.9891e-01
5.8300e+03,3.0364e-01,6.0356e-01,7.5027e+00,1.3946e+00,2.9912e-01
5.8400e+03,3.0295e-01,6.0307e-01,7.5027e+00,1.3951e+00,2.9932e-01
5.8500e+03,3.0227e-01,6.0259e-01,7.5027e+00,1.3956e+00,2.9952e-01
5.8600e+03,3.0159e-01,6.0211e-01,7.5027e+00,1.3960e+00,2.9972e-01
5.8700e+03,3.0091e-01,6.0162e-01,7.5027e+00,1.3965e+00,2.9992e-01
5.8800e+03,3.0023e-01,6.0114e-01,7.5027e+00,1.3970e+00,3.0012e-01
5.8900e+03,2.9955e-01,6.0067e-01,7.5027e+00,1.3975e+00,3.0031e-01
5.9000e+03,2.9888e-01,6.0019e-01,7.5027e+00,1.3979e+00,3.0051e-01
5.9100e+03,2.9821e-01,5.9971e-01,7.5027e+00,1.3984e+00,3.0071e-01
5.9200e+03,2.9754e-01,5.9924e-01,7.5027e+00,1.3989e+00,3.0091e-01
5.9300e+03,2.9687e-01,5.9877e-01,7.5027e+00,1.3994e+00,3.0110e-01
5.9400e+03,2.9620e-01,5.9830e-01,7.5027e+00,1.3998e+00,3.0130e-01
5.9500e+03,2.9554e-01,5.9783e-01,7.5027e+00,1.4003e+00,3.0150e-01
5.9600e+03,2.9487e-01,5.9736e-01,7.5027e+00,1.4008e+00,3.0169e-01
5.9700e+03,2.9421e-01,5.9689e-01,7.5027e+00,1.4012e+00,3.0189e-01
5.9800e+03,2.9355e-01,5.9643e-01,7.5027e+00,1.4017e+00,3.0208e-01
5.9900e+03,2.9289e-01,5.9596e-01,7.5027e+00,1.4022e+00,3.0228e-01
6.0000e+03,2.9224e-01,5.9550e-01,7.5027e+00,1.4026e+00,3.0247e-01
6.0100e+03,2.9158e-01,5.9504e-01,7.5027e+00,1.4031e+00,3.0266e-01
6.0200e+03,2.9093e-01,5.9458e-01,7.5027e+00,1.4035e+00,3.0286e-01
6.0300e+03,2.9028e-01,5.9412e-01,7.5027e+00,1.4040e+00,3.0305e-01
6.0400e+03,2.8963e-01,5.9366e-01,7.5027e+00,1.4045e+00,3.0324e-01
6.0500e+03,2.8899e-01,5.9321e-01,7.5027e+00,1.4049e+00,3.0343e-01
6.0600e+03,2.8834e-01,5.9275e-01,7.5027e+00,1.4054e+00,3.0363e-01
6.0700e+03,2.8770e-01,5.9230e-01,7.5027e+00,1.4058e+00,3.0382e-01
6.0800e+03,2.8706e-01,5.9185e-01,7.5027e+00,1.4063e+00,3.0401e-01
6.0900e+03,2.8642e-01,5.9140e-01,7.5027e+00,1.4067e+00,3.0420e-01
6.1000e+03,2.8578e-01,5.9095e-01,7.5027e+00,1.4072e+00,3.0439e-01
6.1100e+03,2.8514e-01,5.9050e-01,7.5027e+00,1.4076e+00,3.0457e-01
6.1200e+03,2.8451e-01,5.9006e-01,7.5027e+00,1.4081e+00,3.0476e-01
6.1300e+03,2.8388e-01,5.8961e-01,7.5027e+00,1.4085e+00,3.0495e-01
6.1400e+03,2.8325e-01,5.8917e-01,7.5027e+00,1.4090e+00,3.0514e-01
6.1500e+03,2.8262e-01,5.8873e-01,7.5027e+00,1.4094e+00,3.0533e-01
6.1600e+03,2.8199e-01,5.8829e-01,7.5027e+00,1.4098e+00,3.0551e-01
6.1700e+03,2.8136e-01,5.8785e-01,7.5027e+00,1.4103e+00,3.0570e-01
6.1800e+03,2.8074e-01,5.8741e-01,7.5027e+00,1.4107e+00,3.0589e-01
6.1900e+03,2.8012e-01,5.8697e-01,7.5027e+00,1.4111e+00,3.0607e-01
6.2000e+03,2.7950e-01,5.8653e-01,7.5027e+00,1.4116e+00,3.0626e-01
6.2100e+03,2.7888e-01,5.8610e-01,7.5027e+00,1.4120e+00,3.0644e-01
6.2200e+03,2.7826e-01,5.8567e-01,7.5027e+00,1.4124e+00,3.0663e-01
6.2300e+03,2.7765e-01,5.8524e-01,7.5027e+00,1.4129e+00,3.0681e-01
6.2400e+03,2.7703e-01,5.8480e-01,7.5027e+00,1.4133e+00,3.0700e-01
6.2500e+03,2.7642e-01,5.8438e-01,7.5027e+00,1.4137e+00,3.0718e-01
6.2600e+03,2.7581e-01,5.8395e-01,7.5027e+00,1.4142e+00,3.0736e-01
6.2700e+03,2.7520e-01,5.8352e-01,7.5027e+00,1.4146e+00,3.0754e-01
6.2800e+03,2.7459e-01,5.8310e-01,7.5027e+00,1.4150e+00,3.0773e-01
6.2900e+03,2.7399e-01,5.8267e-01,7.5027e+00,1.4154e+00,3.0791e-01
6.3000e+03,2.7338e-01,5.8225e-01,7.5027e+00,1.4159e+00,3.0809e-01
6.3100e+03,2.7278e-01,5.8183e-01,7.5027e+00,1.4163e+00,3.0827e-01
6.3200e+03,2.7218e-01,5.8141e-01,7.5027e+00,1.4167e+00,3.0845e-01
6.3300e+03,2.7158e-01,5.8099e-01,7.5027e+00,1.4171e+00,3.0863e-01
6.3400e+03,2.7098e-01,5.8057e-01,7.5027e+00,1.4175e+00,3.0881e-01
6.3500e+03,2.7039e-01,5.8015e-01,7.5027e+00,1.4180e+00,3.0899e-01
6.3600e+03,2.6979e-01,5.7974e-01,7.5027e+00,1.4184e+00,3.0917e-01
6.3700e+03,2.6920e-01,5.7932e-01,7.5027e+00,1.4188e+00,3.0935e-01
6.3800e+03,2.6861e-01,5.7891e-01,7.5027e+00,1.4192e+00,3.0953e-01
6.3900e+03,2.6802e-01,5.7850e-01,7.5027e+00,1.4196e+00,3.0970e-01
6.4000e+03,2.6743e-01,5.7808e-01,7.5027e+00,1.4200e+00,3.0988e-01
6.4100e+03,2.6685e-01,5.7767e-01,7.5027e+00,1.4204e+00,3.1006e-01
6.4200e+03,2.6626e-01,5.7727e-01,7.5027e+00,1.4208e+00,3.1024e-01
6.4300e+03,2.6568e-01,5.7686e-01,7.5027e+00,1.4212e+00,3.1041e-01
6.4400e+03,2.6510e-01,5.7645e-01,7.5027e+00,1.4217e+00,3.1059e-01
6.4500e+03,2.6452e-01,5.7605e-01,7.5027e+00,1.4221e+00,3.1076e-01
6.4600e+03,2.6394e-01,5.7564e-01,7.5027e+00,1.4225e+00,3.1094e-01
6.4700e+03,2.6336e-01,5.7524e-01,7.5027e+00,1.4229e+00,3.1111e-01
6.4800e+03,2.6279e-01,5.7484e-01,7.5027e+00,1.4233e+00,3.1129e-01
6.4900e+03,2.6221e-01,5.7444e-01,7.5027e+00,1.4237e+00,3.1146e-01
6.5000e+03,2.6164e-01,5.7404e-01,7.5027e+00,1.4241e+00,3.1163e-01
6.5100e+03,2.6107e-01,5.7364e-01,7.5027e+00,1.4245e+00,3.1181e-01
6.5200e+03,2.6050e-01,5.7325e-01,7.5027e+00,1.4249e+00,3.1198e-01
6.5300e+03,2.5993e-01,5.7285e-01,7.5027e+00,1.4252e+00,3.1215e-01
6.5400e+03,2.5937e-01,5.7245e-01,7.5027e+00,1.4256e+00,3.1233e-01
6.5500e+03,2.5880e-01,5.7206e-01,7.5027e+00,1.4260e+00,3.1250e-01
6.5600e+03,2.5824e-01,5.7167e-01,7.5027e+00,1.4264e+00,3.1267e-01
6.5700e+03,2.5768e-01,5.7128e-01,7.5027e+00,1.4268e+00,3.1284e-01
6.5800e+03,2.5712e-01,5.7089e-01,7.5027e+00,1.4272e+00,3.1301e-01
6.5900e+03,2.5656e-01,5.7050e-01,7.5027e+00,1.4276e+00,3.1318e-01
6.6000e+03,2.5600e-01,5.7011e-01,7.5027e+00,1.4280e+00,3.1335e-01
6.6100e+03,2.5545e-01,5.6972e-01,7.5027e+00,1.4284e+00,3.1352e-01
6.6200e+03,2.5489e-01,5.6934e-01,7.5027e+00,1.4288e+00,3.1369e-01
6.6300e+03,2.5434e-01,5.6895e-01,7.5027e+00,1.4291e+00,3.1386e-01
6.6400e+03,2.5379e-01,5.6857e-01,7.5027e+00,1.4295e+00,3.1403e-01
6.6500e+03,2.5324e-01,5.6819e-01,7.5027e+00,1.4299e+00,3.1419e-01
6.6600e+03,2.5269e-01,5.6781e-01,7.5027e+00,1.4303e+00,3.1436e-01
6.6700e+03,2.5214e-01,5.6743e-01,7.5027e+00,1.4307e+00,3.1453e-01
6.6800e+03,2.5160e-01,5.6705e-01,7.5027e+00,1.4310e+00,3.1470e-01
6.6900e+03,2.5105e-01,5.6667e-01,7.5027e+00,1.4314e+00,3.1486e-01
6.7000e+03,2.5051e-01,5.6629e-01,7.5027e+00,1.4318e+00,3.1503e-01
6.7100e+03,2.4997e-01,5.6592e-01,7.5027e+00,1.4322e+00,3.1519e-01
6.7200e+03,2.4943e-01,5.6554e-01,7.5027e+00,1.4325e+00,3.1536e-01
6.7300e+03,2.4889e-01,5.6517e-01,7.5027e+00,1.4329e+00,3.1552e-01
6.7400e+03,2.4835e-01,5.6479e-01,7.5027e+00,1.4333e+00,3.1569e-01
6.7500e+03,2.4782e-01,5.6442e-01,7.5027e+00,1.4337e+00,3.1585e-01
6.7600e+03,2.4728e-01,5.6405e-01,7.5027e+00,1.4340e+00,3.1602e-01
6.7700e+03,2.4675e-01,5.6368e-01,7.5027e+00,1.4344e+00,3.1618e-01
6.7800e+03,2.4622e-01,5.6331e-01,7.5027e+00,1.4348e+00,3.1634e-01
6.7900e+03,2.4569e-01,5.6295e-01,7.5027e+00,1.4351e+00,3.1651e-01
6.8000e+03,2.4516e-01,5.6258e-01,7.5027e+00,1.4355e+00,3.1667e-01
6.8100e+03,2.4463e-01,5.6221e-01,7.5027e+00,1.4359e+00,3.1683e-01
6.8200e+03,2.4411e-01,5.6185e-01,7.5027e+00,1.4362e+00,3.1699e-01
6.8300e+03,2.4358e-01,5.6148e-01,7.5027e+00,1.4366e+00,3.1716e-01
6.8400e+03,2.4306e-01,5.6112e-01,7.5027e+00,1.4370e+00,3.1732e-01
6.8500e+03,2.4254e-01,5.6076e-01,7.5027e+00,1.4373e+00,3.1748e-01
6.8600e+03,2.4202e-01,5.6040e-01,7.5027e+00,1.4377e+00,3.1764e-01
6.8700e+03,2.4150e-01,5.6004e-01,7.5027e+00,1.4380e+00,3.1780e-01
6.8800e+03,2.4098e-01,5.5968e-01,7.5027e+00,1.4384e+00,3.1796e-01
6.8900e+03,2.4046e-01,5.5932e-01,7.5027e+00,1.4388e+00,3.1812e-01
6.9000e+03,2.3995e-01,5.5897e-01,7.5027e+00,1.4391e+00,3.1828e-01
6.9100e+03,2.3943e-01,5.5861e-01,7.5027e+00,1.4395e+00,3.1844e-01
6.9200e+03,2.3892e-01,5.5826e-01,7.5027e+00,1.4398e+00,3.1859e-01
6.9300e+03,2.3841e-01,5.5790e-01,7.5027e+00,1.4402e+00,3.1875e-01
6.9400e+03,2.3790e-01,5.5755e-01,7.5027e+00,1.4405e+00,3.1891e-01
6.9500e+03,2.3739e-01,5.5720e-01,7.5027e+00,1.4409e+00,3.1907e-01
6.9600e+03,2.3688e-01,5.5685e-01,7.5027e+00,1.4412e+00,3.1923e-01
6.9700e+03,2.3638e-01,5.5650e-01,7.5027e+00,1.4416e+00,3.1938e-01
6.9800e+03,2.3587e-01,5.5615e-01,7.5027e+00,1.4419e+00,3.1954e-01
6.9900e+03,2.3537e-01,5.5580e-01,7.5027e+00,1.4423e+00,3.1969e-01
7.0000e+03,2.3487e-01,5.5546e-01,7.5027e+00,1.4426e+00,3.1985e-01
7.0100e+03,2.3437e-01,5.5511e-01,7.5027e+00,1.4430e+00,3.2001e-01
7.0200e+03,2.3387e-01,5.5477e-01,7.5027e+00,1.4433e+00,3.2016e-01
7.0300e+03,2.3337e-01,5.5442e-01,7.5027e+00,1.4437e+00,3.2032e-01
7.0400e+03,2.3287e-01,5.5408e-01,7.5027e+00,1.4440e+00,3.2047e-01
7.0500e+03,2.3238e-01,5.5374e-01,7.5027e+00,1.4443e+00,3.2062e-01
7.0600e+03,2.3188e-01,5.5340e-01,7.5027e+00,1.4447e+00,3.2078e-01
7.0700e+03,2.3139e-01,5.5306e-01,7.5027e+00,1.4450e+00,3.2093e-01
7.0800e+03,2.3090e-01,5.5272e-01,7.5027e+00,1.4454e+00,3.2109e-01
7.0900e+03,2.3041e-01,5.5238e-01,7.5027e+00,1.4457e+00,3.2124e-01
7.1000e+03,2.2992e-01,5.5204e-01,7.5027e+00,1.4460e+00,3.2139e-01
7.1100e+03,2.2943e-01,5.5171e-01,7.5027e+00,1.4464e+00,3.2154e-01
7.1200e+03,2.2894e-01,5.5137e-01,7.5027e+00,1.4467e+00,3.2169e-01
7.1300e+03,2.2846e-01,5.5104e-01,7.5027e+00,1.4470e+00,3.2185e-01
7.1400e+03,2.2797e-01,5.5070e-01,7.5027e+00,1.4474e+00,3.2200e-01
7.1500e+03,2.2749e-01,5.5037e-01,7.5027e+00,1.4477e+00,3.2215e-01
7.1600e+03,2.2701e-01,5.5004e-01,7.5027e+00,1.4480e+00,3.2230e-01
7.1700e+03,2.2653e-01,5.4971e-01,7.5027e+00,1.4484e+00,3.2245e-01
7.1800e+03,2.2605e-01,5.4938e-01,7.5027e+00,1.4487e+00,3.2260e-01
7.1900e+03,2.2557e-01,5.4905e-01,7.5027e+00,1.4490e+00,3.2275e-01
7.2000e+03,2.2509e-01,5.4872e-01,7.5027e+00,1.4493e+00,3.2290e-01
7.2100e+03,2.2461e-01,5.4839e-01,7.5027e+00,1.4497e+00,3.2305e-01
7.2200e+03,2.2414e-01,5.4806e-01,7.5027e+00,1.4500e+00,3.2320e-01
7.2300e+03,2.2367e-01,5.4774e-01,7.5027e+00,1.4503e+00,3.2334e-01
7.2400e+03,2.2319e-01,5.4741e-01,7.5027e+00,1.4507e+00,3.2349e-01
7.2500e+03,2.2272e-01,5.4709e-01,7.5027e+00,1.4510e+00,3.2364e-01
7.2600e+03,2.2225e-01,5.4677e-01,7.5027e+00,1.4513e+00,3.2379e-01
7.2700e+03,2.2178e-01,5.4644e-01,7.5027e+00,1.4516e+00,3.2393e-01
7.2800e+03,2.2132e-01,5.4612e-01,7.5027e+00,1.4519e+00,3.2408e-01
7.2900e+03,2.2085e-01,5.4580e-01,7.5027e+00,1.4523e+00,3.2423e-01
7.3000e+03,2.2038e-01,5.4548e-01,7.5027e+00,1.4526e+00,3.2437e-01
7.3100e+03,2.1992e-01,5.4516e-01,7.5027e+00,1.4529e+00,3.2452e-01
7.3200e+03,2.1946e-01,5.4485e-01,7.5027e+00,1.4532e+00,3.2467e-01
7.3300e+03,2.1900e-01,5.4453e-01,7.5027e+00,1.4535e+00,3.2481e-01
7.3400e+03,2.1853e-01,5.4421e-01,7.5027e+00,1.4538e+00,3.2496e-01
7.3500e+03,2.1807e-01,5.4390e-01,7.5027e+00,1.4542e+00,3.2510e-01
7.3600e+03,2.1762e-01,5.4358e-01,7.5027e+00,1.4545e+00,3.2525e-01
7.3700e+03,2.1716e-01,5.4327e-01,7.5027e+00,1.4548e+00,3.2539e-01
7.3800e+03,2.1670e-01,5.4296e-01,7.5027e+00,1.4551e+00,3.2553e-01
7.3900e+03,2.1625e-01,5.4265e-01,7.5027e+00,1.4554e+00,3.2568e-01
7.4000e+03,2.1579e-01,5.4233e-01,7.5027e+00,1.4557e+00,3.2582e-01
7.4100e+03,2.1534e-01,5.4202e-01,7.5027e+00,1.4560e+00,3.2596e-01
7.4200e+03,2.1489e-01,5.4172e-01,7.5027e+00,1.4563e+00,3.2611e-01
7.4300e+03,2.1444e-01,5.4141e-01,7.5027e+00,1.4567e+00,3.2625e-01
7.4400e+03,2.1399e-01,5.4110e-01,7.5027e+00,1.4570e+00,3.2639e-01
7.4500e+03,2.1354e-01,5.4079e-01,7.5027e+00,1.4573e+00,3.2653e-01
7.4600e+03,2.1309e-01,5.4049e-01,7.5027e+00,1.4576e+00,3.2667e-01
7.4700e+03,2.1265e-01,5.4018e-01,7.5027e+00,1.4579e+00,3.2681e-01
7.4800e+03,2.1220e-01,5.3988e-01,7.5027e+00,1.4582e+00,3.2695e-01
7.4900e+03,2.1176e-01,5.3957e-01,7.5027e+00,1.4585e+00,3.2709e-01
7.5000e+03,2.1132e-01,5.3927e-01,7.5027e+00,1.4588e+00,3.2723e-01
7.5100e+03,2.1088e-01,5.3897e-01,7.5027e+00,1.4591e+00,3.2737e-01
7.5200e+03,2.1044e-01,5.3867e-01,7.5027e+00,1.4594e+00,3.2751e-01
7.5300e+03,2.1000e-01,5.3837e-01,7.5027e+00,1.4597e+00,3.2765e-01
7.5400e+03,2.0956e-01,5.3807e-01,7.5027e+00,1.4600e+00,3.2779e-01
7.5500e+03,2.0912e-01,5.3777e-01,7.5027e+00,1.4603e+00,3.2793e-01
7.5600e+03,2.0868e-01,5.3747e-01,7.5027e+00,1.4606e+00,3.2807e-01
7.5700e+03,2.0825e-01,5.3717e-01,7.5027e+00,1.4609e+00,3.2821e-01
7.5800e+03,2.0781e-01,5.3687e-01,7.5027e+00,1.4612e+00,3.2835e-01
7.5900e+03,2.0738e-01,5.3658e-01,7.5027e+00,1.4615e+00,3.2848e-01
7.6000e+03,2.0695e-01,5.3628e-01,7.5027e+00,1.4618e+00,3.2862e-01
7.6100e+03,2.0652e-01,5.3599e-01,7.5027e+00,1.4621e+00,3.2876e-01
7.6200e+03,2.0609e-01,5.3570e-01,7.5027e+00,1.4624e+00,3.2889e-01
7.6300e+03,2.0566e-01,5.3540e-01,7.5027e+00,1.4626e+00,3.2903e-01
7.6400e+03,2.0523e-01,5.3511e-01,7.5027e+00,1.4629e+00,3.2917e-01
7.6500e+03,2.0481e-01,5.3482e-01,7.5027e+00,1.4632e+00,3.2930e-01
7.6600e+03,2.0438e-01,5.3453e-01,7.5027e+00,1.4635e+00,3.2944e-01
7.6700e+03,2.0396e-01,5.3424e-01,7.5027e+00,1.4638e+00,3.2957e-01
7.6800e+03,2.0353e-01,5.3395e-01,7.5027e+00,1.4641e+00,3.2971e-01
7.6900e+03,2.0311e-01,5.3366e-01,7.5027e+00,1.4644e+00,3.2984e-01
7.7000e+03,2.0269e-01,5.3338e-01,7.5027e+00,1.4647e+00,3.2998e-01
7.7100e+03,2.0227e-01,5.3309e-01,7.5027e+00,1.4650e+00,3.3011e-01
7.7200e+03,2.0185e-01,5.3280e-01,7.5027e+00,1.4652e+00,3.3025e-01
7.7300e+03,2.0143e-01,5.3252e-01,7.5027e+00,1.4655e+00,3.3038e-01
7.7400e+03,2.0101e-01,5.3223e-01,7.5027e+00,1.4658e+00,3.3051e-01
7.7500e+03,2.0060e-01,5.3195e-01,7.5027e+00,1.4661e+00,3.3065e-01
7.7600e+03,2.0018e-01,5.3167e-01,7.5027e+00,1.4664e+00,3.3078e-01
7.7700e+03,1.9977e-01,5.3139e-01,7.5027e+00,1.4667e+00,3.3091e-01
7.7800e+03,1.9935e-01,5.3110e-01,7.5027e+00,1.4669e+00,3.3104e-01
7.7900e+03,1.9894e-01,5.3082e-01,7.5027e+00,1.4672e+00,3.3118e-01
7.8000e+03,1.9853e-01,5.3054e-01,7.5027e+00,1.4675e+00,3.3131e-01
7.8100e+03,1.9812e-01,5.3026e-01,7.5027e+00,1.4678e+00,3.3144e-01
7.8200e+03,1.9771e-01,5.2999e-01,7.5027e+00,1.4681e+00,3.3157e-01
7.8300e+03,1.9730e-01,5.2971e-01,7.5027e+00,1.4683e+00,3.3170e-01
7.8400e+03,1.9689e-01,5.2943e-01,7.5027e+00,1.4686e+00,3.3183e-01
7.8500e+03,1.9649e-01,5.2915e-01,7.5027e+00,1.4689e+00,3.3196e-01
7.8600e+03,1.9608e-01,5.2888e-01,7.5027e+00,1.4692e+00,3.3209e-01
7.8700e+03,1.9568e-01,5.2860e-01,7.5027e+00,1.4694e+00,3.3222e-01
7.8800e+03,1.9527e-01,5.2833e-01,7.5027e+00,1.4697e+00,3.3235e-01
7.8900e+03,1.9487e-01,5.2806e-01,7.5027e+00,1.4700e+00,3.3248e-01
7.9000e+03,1.9447e-01,5.2778e-01,7.5027e+00,1.4703e+00,3.3261e-01
7.9100e+03,1.9407e-01,5.2751e-01,7.5027e+00,1.4705e+00,3.3274e-01
7.9200e+03,1.9367e-01,5.2724e-01,7.5027e+00,1.4708e+00,3.3287e-01
7.9300e+03,1.9327e-01,5.2697e-01,7.5027e+00,1.4711e+00,3.3300e-01
7.9400e+03,1.9287e-01,5.2670e-01,7.5027e+00,1.4713e+00,3.3312e-01
7.9500e+03,1.9248e-01,5.2643e-01,7.5027e+00,1.4716e+00,3.3325e-01
7.9600e+03,1.9208e-01,5.2616e-01,7.5027e+00,1.4719e+00,3.3338e-01
7.9700e+03,1.9169e-01,5.2589e-01,7.5027e+00,1.4721e+00,3.3351e-01
7.9800e+03,1.9129e-01,5.2563e-01,7.5027e+00,1.4724e+00,3.3363e-01
7.9900e+03,1.9090e-01,5.2536e-01,7.5027e+00,1.4727e+00,3.3376e-01
8.0000e+03,1.9051e-01,5.2509e-01,7.5027e+00,1.4729e+00,3.3389e-01
8.0100e+03,1.9012e-01,5.2483e-01,7.5027e+00,1.4732e+00,3.3401e-01
8.0200e+03,1.8973e-01,5.2456e-01,7.5027e+00,1.4735e+00,3.3414e-01
8.0300e+03,1.8934e-01,5.2430e-01,7.5027e+00,1.4737e+00,3.3426e-01
8.0400e+03,1.8895e-01,5.2404e-01,7.5027e+00,1.4740e+00,3.3439e-01
8.0500e+03,1.8856e-01,5.2377e-01,7.5027e+00,1.4743e+00,3.3451e-01
8.0600e+03,1.8818e-01,5.2351e-01,7.5027e+00,1.4745e+00,3.3464e-01
8.0700e+03,1.8779e-01,5.2325e-01,7.5027e+00,1.4748e+00,3.3476e-01
8.0800e+03,1.8741e-01,5.2299e-01,7.5027e+00,1.4750e+00,3.3489e-01
8.0900e+03,1.8702e-01,5.2273e-01,7.5027e+00,1.4753e+00,3.3501e-01
8.1000e+03,1.8664e-01,5.2247e-01,7.5027e+00,1.4756e+00,3.3514e-01
8.1100e+03,1.8626e-01,5.2221e-01,7.5027e+00,1.4758e+00,3.3526e-01
8.1200e+03,1.8588e-01,5.2195e-01,7.5027e+00,1.4761e+00,3.3538e-01
8.1300e+03,1.8550e-01,5.2170e-01,7.5027e+00,1.4763e+00,3.3551e-01
8.1400e+03,1.8512e-01,5.2144e-01,7.5027e+00,1.4766e+00,3.3563e-01
8.1500e+03,1.8474e-01,5.2118e-01,7.5027e+00,1.4768e+00,3.3575e-01
8.1600e+03,1.8436e-01,5.2093e-01,7.5027e+00,1.4771e+00,3.3587e-01
8.1700e+03,1.8399e-01,5.2067e-01,7.5027e+00,1.4774e+00,3.3600e-01
8.1800e+03,1.8361e-01,5.2042e-01,7.5027e+00,1.4776e+00,3.3612e-01
8.1900e+03,1.8324e-01,5.2017e-01,7.5027e+00,1.4779e+00,3.3624e-01
8.2000e+03,1.8286e-01,5.1991e-01,7.5027e+00,1.4781e+00,3.3636e-01
8.2100e+03,1.8249e-01,5.1966e-01,7.5027e+00,1.4784e+00,3.3648e-01
8.2200e+03,1.8212e-01,5.1941e-01,7.5027e+00,1.4786e+00,3.3660e-01
8.2300e+03,1.8175e-01,5.1916e-01,7.5027e+00,1.4789e+00,3.3672e-01
8.2400e+03,1.8138e-01,5.1891e-01,7.5027e+00,1.4791e+00,3.3684e-01
8.2500e+03,1.8101e-01,5.1866e-01,7.5027e+00,1.4794e+00,3.3696e-01
8.2600e+03,1.8064e-01,5.1841e-01,7.5027e+00,1.4796e+00,3.3708e-01
8.2700e+03,1.8027e-01,5.1816e-01,7.5027e+00,1.4799e+00,3.3720e-01
8.2800e+03,1.7990e-01,5.1792e-01,7.5027e+00,1.4801e+00,3.3732e-01
8.2900e+03,1.7954e-01,5.1767e-01,7.5027e+00,1.4804e+00,3.3744e-01
8.3000e+03,1.7917e-01,5.1742e-01,7.5027e+00,1.4806e+00,3.3756e-01
8.3100e+03,1.7881e-01,5.1718e-01,7.5027e+00,1.4808e+00,3.3768e-01
8.3200e+03,1.7845e-01,5.1693e-01,7.5027e+00,1.4811e+00,3.3780e-01
8.3300e+03,1.7808e-01,5.1669e-01,7.5027e+00,1.4813e+00,3.3792e-01
8.3400e+03,1.7772e-01,5.1644e-01,7.5027e+00,1.4816e+00,3.3803e-01
8.3500e+03,1.7736e-01,5.1620e-01,7.5027e+00,1.4818e+00,3.3815e-01
8.3600e+03,1.7700e-01,5.1596e-01,7.5027e+00,1.4821e+00,3.3827e-01
8.3700e+03,1.7664e-01,5.1571e-01,7.5027e+00,1.4823e+00,3.3839e-01
8.3800e+03,1.7628e-01,5.1547e-01,7.5027e+00,1.4826e+00,3.3850e-01
8.3900e+03,1.7593e-01,5.1523e-01,7.5027e+00,1.4828e+00,3.3862e-01
8.4000e+03,1.7557e-01,5.1499e-01,7.5027e+00,1.4830e+00,3.3874e-01
8.4100e+03,1.7521e-01,5.1475e-01,7.5027e+00,1.4833e+00,3.3885e-01
8.4200e+03,1.7486e-01,5.1451e-01,7.5027e+00,1.4835e+00,3.3897e-01
8.4300e+03,1.7451e-01,5.1427e-01,7.5027e+00,1.4837e+00,3.3908e-01
8.4400e+03,1.7415e-01,5.1404e-01,7.5027e+00,1.4840e+00,3.3920e-01
8.4500e+03,1.7380e-01,5.1380e-01,7.5027e+00,1.4842e+00,3.3931e-01
8.4600e+03,1.7345e-01,5.1356e-01,7.5027e+00,1.4845e+00,3.3943e-01
8.4700e+03,1.7310e-01,5.1333e-01,7.5027e+00,1.4847e+00,3.3954e-01
8.4800e+03,1.7275e-01,5.1309e-01,7.5027e+00,1.4849e+00,3.3966e-01
8.4900e+03,1.7240e-01,5.1285e-01,7.5027e+00,1.4852e+00,3.3977e-01
8.5000e+03,1.7205e-01,5.1262e-01,7.5027e+00,1.4854e+00,3.3989e-01
8.5100e+03,1.7170e-01,5.1239e-01,7.5027e+00,1.4856e+00,3.4000e-01
8.5200e+03,1.7136e-01,5.1215e-01,7.5027e+00,1.4859e+00,3.4012e-01
8.5300e+03,1.7101e-01,5.1192e-01,7.5027e+00,1.4861e+00,3.4023e-01
8.5400e+03,1.7067e-01,5.1169e-01,7.5027e+00,1.4863e+00,3.4034e-01
8.5500e+03,1.7032e-01,5.1146e-01,7.5027e+00,1.4866e+00,3.4046e-01
8.5600e+03,1.6998e-01,5.1123e-01,7.5027e+00,1.4868e+00,3.4057e-01
8.5700e+03,1.6964e-01,5.1100e-01,7.5027e+00,1.4870e+00,3.4068e-01
8.5800e+03,1.6929e-01,5.1077e-01,7.5027e+00,1.4873e+00,3.4079e-01
8.5900e+03,1.6895e-01,5.1054e-01,7.5027e+00,1.4875e+00,3.4091e-01
8.6000e+03,1.6861e-01,5.1031e-01,7.5027e+00,1.4877e+00,3.4102e-01
8.6100e+03,1.6827e-01,5.1008e-01,7.5027e+00,1.4879e+00,3.4113e-01
8.6200e+03,1.6793e-01,5.0985e-01,7.5027e+00,1.4882e+00,3.4124e-01
8.6300e+03,1.6760e-01,5.0962e-01,7.5027e+00,1.4884e+00,3.4135e-01
8.6400e+03,1.6726e-01,5.0940e-01,7.5027e+00,1.4886e+00,3.4146e-01
8.6500e+03,1.6692e-01,5.0917e-01,7.5027e+00,1.4888e+00,3.4157e-01
8.6600e+03,1.6659e-01,5.0895e-01,7.5027e+00,1.4891e+00,3.4168e-01
8.6700e+03,1.6625e-01,5.0872e-01,7.5027e+00,1.4893e+00,3.4179e-01
8.6800e+03,1.6592e-01,5.0850e-01,7.5027e+00,1.4895e+00,3.4190e-01
8.6900e+03,1.6558e-01,5.0827e-01,7.5027e+00,1.4897e+00,3.4201e-01
8.7000e+03,1.6525e-01,5.0805e-01,7.5027e+00,1.4900e+00,3.4212e-01
8.7100e+03,1.6492e-01,5.0783e-01,7.5027e+00,1.4902e+00,3.4223e-01
8.7200e+03,1.6459e-01,5.0761e-01,7.5027e+00,1.4904e+00,3.4234e-01
8.7300e+03,1.6426e-01,5.0738e-01,7.5027e+00,1.4906e+00,3.4245e-01
8.7400e+03,1.6393e-01,5.0716e-01,7.5027e+00,1.4908e+00,3.4256e-01
8.7500e+03,1.6360e-01,5.0694e-01,7.5027e+00,1.4911e+00,3.4267e-01
8.7600e+03,1.6327e-01,5.0672e-01,7.5027e+00,1.4913e+00,3.4278e-01
8.7700e+03,1.6295e-01,5.0650e-01,7.5027e+00,1.4915e+00,3.4288e-01
8.7800e+03,1.6262e-01,5.0629e-01,7.5027e+00,1.4917e+00,3.4299e-01
8.7900e+03,1.6229e-01,5.0607e-01,7.5027e+00,1.4919e+00,3.4310e-01
8.8000e+03,1.6197e-01,5.0585e-01,7.5027e+00,1.4922e+00,3.4321e-01
8.8100e+03,1.6164e-01,5.0563e-01,7.5027e+00,1.4924e+00,3.4332e-01
8.8200e+03,1.6132e-01,5.0541e-01,7.5027e+00,1.4926e+00,3.4342e-01
8.8300e+03,1.6100e-01,5.0520e-01,7.5027e+00,1.4928e+00,3.4353e-01
8.8400e+03,1.6068e-01,5.0498e-01,7.5027e+00,1.4930e+00,3.4364e-01
8.8500e+03,1.6035e-01,5.0477e-01,7.5027e+00,1.4932e+00,3.4374e-01
8.8600e+03,1.6003e-01,5.0455e-01,7.5027e+00,1.4935e+00,3.4385e-01
8.8700e+03,1.5971e-01,5.0434e-01,7.5027e+00,1.4937e+00,3.4395e-01
8.8800e+03,1.5939e-01,5.0413e-01,7.5027e+00,1.4939e+00,3.4406e-01
8.8900e+03,1.5908e-01,5.0391e-01,7.5027e+00,1.4941e+00,3.4417e-01
8.9000e+03,1.5876e-01,5.0370e-01,7.5027e+00,1.4943e+00,3.4427e-01
8.9100e+03,1.5844e-01,5.0349e-01,7.5027e+00,1.4945e+00,3.4438e-01
8.9200e+03,1.5813e-01,5.0328e-01,7.5027e+00,1.4947e+00,3.4448e-01
8.9300e+03,1.5781e-01,5.0307e-01,7.5027e+00,1.4949e+00,3.4459e-01
8.9400e+03,1.5750e-01,5.0285e-01,7.5027e+00,1.4952e+00,3.4469e-01
8.9500e+03,1.5718e-01,5.0264e-01,7.5027e+00,1.4954e+00,3.4479e-01
8.9600e+03,1.5687e-01,5.0244e-01,7.5027e+00,1.4956e+00,3.4490e-01
8.9700e+03,1.5656e-01,5.0223e-01,7.5027e+00,1.4958e+00,3.4500e-01
8.9800e+03,1.5624e-01,5.0202e-01,7.5027e+00,1.4960e+00,3.4511e-01
8.9900e+03,1.5593e-01,5.0181e-01,7.5027e+00,1.4962e+00,3.4521e-01
9.0000e+03,1.5562e-01,5.0160e-01,7.5027e+00,1.4964e+00,3.4531e-01
9.0100e+03,1.5531e-01,5.0140e-01,7.5027e+00,1.4966e+00,3.4542e-01
9.0200e+03,1.5500e-01,5.0119e-01,7.5027e+00,1.4968e+00,3.4552e-01
9.0300e+03,1.5469e-01,5.0098e-01,7.5027e+00,1.4970e+00,3.4562e-01
9.0400e+03,1.5439e-01,5.0078e-01,7.5027e+00,1.4972e+00,3.4572e-01
9.0500e+03,1.5408e-01,5.0057e-01,7.5027e+00,1.4974e+00,3.4583e-01
9.0600e+03,1.5377e-01,5.0037e-01,7.5027e+00,1.4976e+00,3.4593e-01
9.0700e+03,1.5347e-01,5.0016e-01,7.5027e+00,1.4978e+00,3.4603e-01
9.0800e+03,1.5316e-01,4.9996e-01,7.5027e+00,1.4980e+00,3.4613e-01
9.0900e+03,1.5286e-01,4.9976e-01,7.5027e+00,1.4982e+00,3.4623e-01
9.1000e+03,1.5256e-01,4.9955e-01,7.5027e+00,1.4984e+00,3.4633e-01
9.1100e+03,1.5225e-01,4.9935e-01,7.5027e+00,1.4986e+00,3.4644e-01
9.1200e+03,1.5195e-01,4.9915e-01,7.5027e+00,1.4989e+00,3.4654e-01
9.1300e+03,1.5165e-01,4.9895e-01,7.5027e+00,1.4991e+00,3.4664e-01
9.1400e+03,1.5135e-01,4.9875e-01,7.5027e+00,1.4993e+00,3.4674e-01
9.1500e+03,1.5105e-01,4.9855e-01,7.5027e+00,1.4995e+00,3.4684e-01
9.1600e+03,1.5075e-01,4.9835e-01,7.5027e+00,1.4997e+00,3.4694e-01
9.1700e+03,1.5045e-01,4.9815e-01,7.5027e+00,1.4999e+00,3.4704e-01
9.1800e+03,1.5015e-01,4.9795e-01,7.5027e+00,1.5000e+00,3.4714e-01
9.1900e+03,1.4985e-01,4.9775e-01,7.5027e+00,1.5002e+00,3.4724e-01
9.2000e+03,1.4956e-01,4.9755e-01,7.5027e+00,1.5004e+00,3.4734e-01
9.2100e+03,1.4926e-01,4.9736e-01,7.5027e+00,1.5006e+00,3.4743e-01
9.2200e+03,1.4897e-01,4.9716e-01,7.5027e+00,1.5008e+00,3.4753e-01
9.2300e+03,1.4867e-01,4.9696e-01,7.5027e+00,1.5010e+00,3.4763e-01
9.2400e+03,1.4838e-01,4.9677e-01,7.5027e+00,1.5012e+00,3.4773e-01
9.2500e+03,1.4808e-01,4.9657e-01,7.5027e+00,1.5014e+00,3.4783e-01
9.2600e+03,1.4779e-01,4.9638e-01,7.5027e+00,1.5016e+00,3.4793e-01
9.2700e+03,1.4750e-01,4.9618e-01,7.5027e+00,1.5018e+00,3.4802e-01
9.2800e+03,1.4721e-01,4.9599e-01,7.5027e+00,1.5020e+00,3.4812e-01
9.2900e+03,1.4692e-01,4.9580e-01,7.5027e+00,1.5022e+00,3.4822e-01
9.3000e+03,1.4663e-01,4.9560e-01,7.5027e+00,1.5024e+00,3.4832e-01
9.3100e+03,1.4634e-01,4.9541e-01,7.5027e+00,1.5026e+00,3.4841e-01
9.3200e+03,1.4605e-01,4.9522e-01,7.5027e+00,1.5028e+00,3.4851e-01
9.3300e+03,1.4576e-01,4.9503e-01,7.5027e+00,1.5030e+00,3.4861e-01
9.3400e+03,1.4547e-01,4.9483e-01,7.5027e+00,1.5032e+00,3.4870e-01
9.3500e+03,1.4518e-01,4.9464e-01,7.5027e+00,1.5034e+00,3.4880e-01
9.3600e+03,1.4490e-01,4.9445e-01,7.5027e+00,1.5035e+00,3.4890e-01
9.3700e+03,1.4461e-01,4.9426e-01,7.5027e+00,1.5037e+00,3.4899e-01
9.3800e+03,1.4433e-01,4.9407e-01,7.5027e+00,1.5039e+00,3.4909e-01
9.3900e+03,1.4404e-01,4.9388e-01,7.5027e+00,1.5041e+00,3.4918e-01
9.4000e+03,1.4376e-01,4.9370e-01,7.5027e+00,1.5043e+00,3.4928e-01
9.4100e+03,1.4348e-01,4.9351e-01,7.5027e+00,1.5045e+00,3.4937e-01
9.4200e+03,1.4319e-01,4.9332e-01,7.5027e+00,1.5047e+00,3.4947e-01
9.4300e+03,1.4291e-01,4.9313e-01,7.5027e+00,1.5049e+00,3.4956e-01
9.4400e+03,1.4263e-01,4.9295e-01,7.5027e+00,1.5050e+00,3.4966e-01
9.4500e+03,1.4235e-01,4.9276e-01,7.5027e+00,1.5052e+00,3.4975e-01
9.4600e+03,1.4207e-01,4.9257e-01,7.5027e+00,1.5054e+00,3.4985e-01
9.4700e+03,1.4179e-01,4.9239e-01,7.5027e+00,1.5056e+00,3.4994e-01
9.4800e+03,1.4151e-01,4.9220e-01,7.5027e+00,1.5058e+00,3.5004e-01
9.4900e+03,1.4123e-01,4.9202e-01,7.5027e+00,1.5060e+00,3.5013e-01
9.5000e+03,1.4096e-01,4.9183e-01,7.5027e+00,1.5062e+00,3.5022e-01
9.5100e+03,1.4068e-01,4.9165e-01,7.5027e+00,1.5063e+00,3.5032e-01
9.5200e+03,1.4040e-01,4.9147e-01,7.5027e+00,1.5065e+00,3.5041e-01
9.5300e+03,1.4013e-01,4.9128e-01,7.5027e+00,1.5067e+00,3.5050e-01
9.5400e+03,1.3985e-01,4.9110e-01,7.5027e+00,1.5069e+00,3.5060e-01
9.5500e+03,1.3958e-01,4.9092e-01,7.5027e+00,1.5071e+00,3.5069e-01
9.5600e+03,1.3930e-01,4.9074e-01,7.5027e+00,1.5073e+00,3.5078e-01
9.5700e+03,1.3903e-01,4.9055e-01,7.5027e+00,1.5074e+00,3.5087e-01
9.5800e+03,1.3876e-01,4.9037e-01,7.5027e+00,1.5076e+00,3.5097e-01
9.5900e+03,1.3848e-01,4.9019e-01,7.5027e+00,1.5078e+00,3.5106e-01
9.6000e+03,1.3821e-01,4.9001e-01,7.5027e+00,1.5080e+00,3.5115e-01
9.6100e+03,1.3794e-01,4.8983e-01,7.5027e+00,1.5082e+00,3.5124e-01
9.6200e+03,1.3767e-01,4.8965e-01,7.5027e+00,1.5083e+00,3.5133e-01
9.6300e+03,1.3740e-01,4.8948e-01,7.5027e+00,1.5085e+00,3.5142e-01
9.6400e+03,1.3713e-01,4.8930e-01,7.5027e+00,1.5087e+00,3.5151e-01
9.6500e+03,1.3686e-01,4.8912e-01,7.5027e+00,1.5089e+00,3.5160e-01
9.6600e+03,1.3660e-01,4.8894e-01,7.5027e+00,1.5090e+00,3.5170e-01
9.6700e+03,1.3633e-01,4.8876e-01,7.5027e+00,1.5092e+00,3.5179e-01
9.6800e+03,1.3606e-01,4.8859e-01,7.5027e+00,1.5094e+00,3.5188e-01
9.6900e+03,1.3580e-01,4.8841e-01,7.5027e+00,1.5096e+00,3.5197e-01
9.7000e+03,1.3553e-01,4.8824e-01,7.5027e+00,1.5098e+00,3.5206e-01
9.7100e+03,1.3527e-01,4.8806e-01,7.5027e+00,1.5099e+00,3.5215e-01
9.7200e+03,1.3500e-01,4.8789e-01,7.5027e+00,1.5101e+00,3.5224e-01
9.7300e+03,1.3474e-01,4.8771e-01,7.5027e+00,1.5103e+00,3.5232e-01
9.7400e+03,1.3447e-01,4.8754e-01,7.5027e+00,1.5105e+00,3.5241e-01
9.7500e+03,1.3421e-01,4.8736e-01,7.5027e+00,1.5106e+00,3.5250e-01
9.7600e+03,1.3395e-01,4.8719e-01,7.5027e+00,1.5108e+00,3.5259e-01
9.7700e+03,1.3369e-01,4.8702e-01,7.5027e+00,1.5110e+00,3.5268e-01
9.7800e+03,1.3343e-01,4.8684e-01,7.5027e+00,1.5111e+00,3.5277e-01
9.7900e+03,1.3317e-01,4.8667e-01,7.5027e+00,1.5113e+00,3.5286e-01
9.8000e+03,1.3291e-01,4.8650e-01,7.5027e+00,1.5115e+00,3.5295e-01
9.8100e+03,1.3265e-01,4.8633e-01,7.5027e+00,1.5117e+00,3.5303e-01
9.8200e+03,1.3239e-01,4.8616e-01,7.5027e+00,1.5118e+00,3.5312e-01
9.8300e+03,1.3213e-01,4.8599e-01,7.5027e+00,1.5120e+00,3.5321e-01
9.8400e+03,1.3187e-01,4.8582e-01,7.5027e+00,1.5122e+00,3.5330e-01
9.8500e+03,1.3162e-01,4.8565e-01,7.5027e+00,1.5123e+00,3.5338e-01
9.8600e+03,1.3136e-01,4.8548e-01,7.5027e+00,1.5125e+00,3.5347e-01
9.8700e+03,1.3110e-01,4.8531e-01,7.5027e+00,1.5127e+00,3.5356e-01
9.8800e+03,1.3085e-01,4.8514e-01,7.5027e+00,1.5128e+00,3.5365e-01
9.8900e+03,1.3059e-01,4.8497e-01,7.5027e+00,1.5130e+00,3.5373e-01
9.9000e+03,1.3034e-01,4.8480e-01,7.5027e+00,1.5132e+00,3.5382e-01
9.9100e+03,1.3008e-01,4.8463e-01,7.5027e+00,1.5133e+00,3.5390e-01
9.9200e+03,1.2983e-01,4.8447e-01,7.5027e+00,1.5135e+00,3.5399e-01
9.9300e+03,1.2958e-01,4.8430e-01,7.5027e+00,1.5137e+00,3.5408e-01
9.9400e+03,1.2933e-01,4.8413e-01,7.5027e+00,1.5138e+00,3.5416e-01
9.9500e+03,1.2908e-01,4.8397e-01,7.5027e+00,1.5140e+00,3.5425e-01
9.9600e+03,1.2882e-01,4.8380e-01,7.5027e+00,1.5142e+00,3.5433e-01
9.9700e+03,1.2857e-01,4.8364e-01,7.5027e+00,1.5143e+00,3.5442e-01
9.9800e+03,1.2832e-01,4.8347e-01,7.5027e+00,1.5145e+00,3.5450e-01
9.9900e+03,1.2807e-01,4.8331e-01,7.5027e+00,1.5147e+00,3.5459e-01
1.0000e+04,1.2783e-01,4.8314e-01,7.5027e+00,1.5148e+00,3.5467e-01
1.0010e+04,1.2758e-01,4.8298e-01,7.5027e+00,1.5150e+00,3.5476e-01
1.0020e+04,1.2733e-01,4.8282e-01,7.5027e+00,1.5152e+00,3.5484e-01
1.0030e+04,1.2708e-01,4.8265e-01,7.5027e+00,1.5153e+00,3.5493e-01
1.0040e+04,1.2684e-01,4.8249e-01,7.5027e+00,1.5155e+00,3.5501e-01
1.0050e+04,1.2659e-01,4.8233e-01,7.5027e+00,1.5157e+00,3.5510e-01
1.0060e+04,1.2634e-01,4.8217e-01,7.5027e+00,1.5158e+00,3.5518e-01
1.0070e+04,1.2610e-01,4.8200e-01,7.5027e+00,1.5160e+00,3.5526e-01
1.0080e+04,1.2585e-01,4.8184e-01,7.5027e+00,1.5161e+00,3.5535e-01
1.0090e+04,1.2561e-01,4.8168e-01,7.5027e+00,1.5163e+00,3.5543e-01
1.0100e+04,1.2537e-01,4.8152e-01,7.5027e+00,1.5165e+00,3.5551e-01
1.0110e+04,1.2512e-01,4.8136e-01,7.5027e+00,1.5166e+00,3.5560e-01
1.0120e+04,1.2488e-01,4.8120e-01,7.5027e+00,1.5168e+00,3.5568e-01
1.0130e+04,1.2464e-01,4.8104e-01,7.5027e+00,1.5169e+00,3.5576e-01
1.0140e+04,1.2440e-01,4.8088e-01,7.5027e+00,1.5171e+00,3.5584e-01
1.0150e+04,1.2416e-01,4.8072e-01,7.5027e+00,1.5173e+00,3.5593e-01
1.0160e+04,1.2392e-01,4.8057e-01,7.5027e+00,1.5174e+00,3.5601e-01
1.0170e+04,1.2368e-01,4.8041e-01,7.5027e+00,1.5176e+00,3.5609e-01
1.0180e+04,1.2344e-01,4.8025e-01,7.5027e+00,1.5177e+00,3.5617e-01
1.0190e+04,1.2320e-01,4.8009e-01,7.5027e+00,1.5179e+00,3.5625e-01
1.0200e+04,1.2296e-01,4.7994e-01,7.5027e+00,1.5180e+00,3.5634e-01
1.0210e+04,1.2272e-01,4.7978e-01,7.5027e+00,1.5182e+00,3.5642e-01
1.0220e+04,1.2249e-01,4.7962e-01,7.5027e+00,1.5184e+00,3.5650e-01
1.0230e+04,1.2225e-01,4.7947e-01,7.5027e+00,1.5185e+00,3.5658e-01
1.0240e+04,1.2201e-01,4.7931e-01,7.5027e+00,1.5187e+00,3.5666e-01
1.0250e+04,1.2178e-01,4.7916e-01,7.5027e+00,1.5188e+00,3.5674e-01
1.0260e+04,1.2154e-01,4.7900e-01,7.5027e+00,1.5190e+00,3.5682e-01
1.0270e+04,1.2131e-01,4.7885e-01,7.5027e+00,1.5191e+00,3.5690e-01
1.0280e+04,1.2107e-01,4.7869e-01,7.5027e+00,1.5193e+00,3.5698e-01
1.0290e+04,1.2084e-01,4.7854e-01,7.5027e+00,1.5194e+00,3.5706e-01
1.0300e+04,1.2061e-01,4.7839e-01,7.5027e+00,1.5196e+00,3.5714e-01
1.0310e+04,1.2037e-01,4.7823e-01,7.5027e+00,1.5197e+00,3.5722e-01
1.0320e+04,1.2014e-01,4.7808e-01,7.5027e+00,1.5199e+00,3.5730e-01
1.0330e+04,1.1991e-01,4.7793e-01,7.5027e+00,1.5200e+00,3.5738e-01
1.0340e+04,1.1968e-01,4.7778e-01,7.5027e+00,1.5202e+00,3.5746e-01
1.0350e+04,1.1945e-01,4.7763e-01,7.5027e+00,1.5203e+00,3.5754e-01
1.0360e+04,1.1922e-01,4.7747e-01,7.5027e+00,1.5205e+00,3.5762e-01
1.0370e+04,1.1899e-01,4.7732e-01,7.5027e+00,1.5206e+00,3.5770e-01
1.0380e+04,1.1876e-01,4.7717e-01,7.5027e+00,1.5208e+00,3.5778e-01
1.0390e+04,1.1853e-01,4.7702e-01,7.5027e+00,1.5210e+00,3.5786e-01
1.0400e+04,1.1830e-01,4.7687e-01,7.5027e+00,1.5211e+00,3.5794e-01
1.0410e+04,1.1807e-01,4.7672e-01,7.5027e+00,1.5212e+00,3.5801e-01
1.0420e+04,1.1785e-01,4.7657e-01,7.5027e+00,1.5214e+00,3.5809e-01
1.0430e+04,1.1762e-01,4.7642e-01,7.5027e+00,1.5215e+00,3.5817e-01
1.0440e+04,1.1739e-01,4.7628e-01,7.5027e+00,1.5217e+00,3.5825e-01
1.0450e+04,1.1717e-01,4.7613e-01,7.5027e+00,1.5218e+00,3.5833e-01
1.0460e+04,1.1694e-01,4.7598e-01,7.5027e+00,1.5220e+00,3.5840e-01
1.0470e+04,1.1672e-01,4.7583e-01,7.5027e+00,1.5221e+00,3.5848e-01
1.0480e+04,1.1649e-01,4.7568e-01,7.5027e+00,1.5223e+00,3.5856e-01
1.0490e+04,1.1627e-01,4.7554e-01,7.5027e+00,1.5224e+00,3.5864e-01
1.0500e+04,1.1605e-01,4.7539e-01,7.5027e+00,1.5226e+00,3.5871e-01
1.0510e+04,1.1582e-01,4.7524e-01,7.5027e+00,1.5227e+00,3.5879e-01
1.0520e+04,1.1560e-01,4.7510e-01,7.5027e+00,1.5229e+00,3.5887e-01
1.0530e+04,1.1538e-01,4.7495e-01,7.5027e+00,1.5230e+00,3.5894e-01
1.0540e+04,1.1516e-01,4.7481e-01,7.5027e+00,1.5232e+00,3.5902e-01
1.0550e+04,1.1494e-01,4.7466e-01,7.5027e+00,1.5233e+00,3.5910e-01
1.0560e+04,1.1471e-01,4.7452e-01,7.5027e+00,1.5235e+00,3.5917e-01
1.0570e+04,1.1449e-01,4.7437e-01,7.5027e+00,1.5236e+00,3.5925e-01
1.0580e+04,1.1427e-01,4.7423e-01,7.5027e+00,1.5237e+00,3.5932e-01
1.0590e+04,1.1406e-01,4.7409e-01,7.5027e+00,1.5239e+00,3.5940e-01
1.0600e+04,1.1384e-01,4.7394e-01,7.5027e+00,1.5240e+00,3.5947e-01
1.0610e+04,1.1362e-01,4.7380e-01,7.5027e+00,1.5242e+00,3.5955e-01
1.0620e+04,1.1340e-01,4.7366e-01,7.5027e+00,1.5243e+00,3.5963e-01
1.0630e+04,1.1318e-01,4.7351e-01,7.5027e+00,1.5245e+00,3.5970e-01
1.0640e+04,1.1297e-01,4.7337e-01,7.5027e+00,1.5246e+00,3.5978e-01
1.0650e+04,1.1275e-01,4.7323e-01,7.5027e+00,1.5247e+00,3.5985e-01
1.0660e+04,1.1253e-01,4.7309e-01,7.5027e+00,1.5249e+00,3.5992e-01
1.0670e+04,1.1232e-01,4.7295e-01,7.5027e+00,1.5250e+00,3.6000e-01
1.0680e+04,1.1210e-01,4.7281e-01,7.5027e+00,1.5252e+00,3.6007e-01
1.0690e+04,1.1189e-01,4.7267e-01,7.5027e+00,1.5253e+00,3.6015e-01
1.0700e+04,1.1167e-01,4.7252e-01,7.5027e+00,1.5254e+00,3.6022e-01
1.0710e+04,1.1146e-01,4.7238e-01,7.5027e+00,1.5256e+00,3.6030e-01
1.0720e+04,1.1125e-01,4.7225e-01,7.5027e+00,1.5257e+00,3.6037e-01
1.0730e+04,1.1103e-01,4.7211e-01,7.5027e+00,1.5259e+00,3.6044e-01
1.0740e+04,1.1082e-01,4.7197e-01,7.5027e+00,1.5260e+00,3.6052e-01
1.0750e+04,1.1061e-01,4.7183e-01,7.5027e+00,1.5261e+00,3.6059e-01
1.0760e+04,1.1040e-01,4.7169e-01,7.5027e+00,1.5263e+00,3.6066e-01
1.0770e+04,1.1019e-01,4.7155e-01,7.5027e+00,1.5264e+00,3.6074e-01
1.0780e+04,1.0998e-01,4.7141e-01,7.5027e+00,1.5266e+00,3.6081e-01
1.0790e+04,1.0977e-01,4.7128e-01,7.5027e+00,1.5267e+00,3.6088e-01
1.0800e+04,1.0956e-01,4.7114e-01,7.5027e+00,1.5268e+00,3.6096e-01
1.0810e+04,1.0935e-01,4.7100e-01,7.5027e+00,1.5270e+00,3.6103e-01
1.0820e+04,1.0914e-01,4.7087e-01,7.5027e+00,1.5271e+00,3.6110e-01
1.0830e+04,1.0893e-01,4.7073e-01,7.5027e+00,1.5272e+00,3.6117e-01
1.0840e+04,1.0872e-01,4.7059e-01,7.5027e+00,1.5274e+00,3.6125e-01
1.0850e+04,1.0851e-01,4.7046e-01,7.5027e+00,1.5275e+00,3.6132e-01
1.0860e+04,1.0831e-01,4.7032e-01,7.5027e+00,1.5276e+00,3.6139e-01
1.0870e+04,1.0810e-01,4.7019e-01,7.5027e+00,1.5278e+00,3.6146e-01
1.0880e+04,1.0789e-01,4.7005e-01,7.5027e+00,1.5279e+00,3.6153e-01
1.0890e+04,1.0769e-01,4.6992e-01,7.5027e+00,1.5280e+00,3.6160e-01
1.0900e+04,1.0748e-01,4.6978e-01,7.5027e+00,1.5282e+00,3.6168e-01
1.0910e+04,1.0728e-01,4.6965e-01,7.5027e+00,1.5283e+00,3.6175e-01
1.0920e+04,1.0707e-01,4.6952e-01,7.5027e+00,1.5284e+00,3.6182e-01
1.0930e+04,1.0687e-01,4.6938e-01,7.5027e+00,1.5286e+00,3.6189e-01
1.0940e+04,1.0667e-01,4.6925e-01,7.5027e+00,1.5287e+00,3.6196e-01
1.0950e+04,1.0646e-01,4.6912e-01,7.5027e+00,1.5288e+00,3.6203e-01
1.0960e+04,1.0626e-01,4.6898e-01,7.5027e+00,1.5290e+00,3.6210e-01
1.0970e+04,1.0606e-01,4.6885e-01,7.5027e+00,1.5291e+00,3.6217e-01
1.0980e+04,1.0586e-01,4.6872e-01,7.5027e+00,1.5292e+00,3.6224e-01
1.0990e+04,1.0565e-01,4.6859e-01,7.5027e+00,1.5294e+00,3.6231e-01
1.1000e+04,1.0545e-01,4.6846e-01,7.5027e+00,1.5295e+00,3.6238e-01
1.1010e+04,1.0525e-01,4.6833e-01,7.5027e+00,1.5296e+00,3.6245e-01
1.1020e+04,1.0505e-01,4.6820e-01,7.5027e+00,1.5298e+00,3.6252e-01
1.1030e+04,1.0485e-01,4.6806e-01,7.5027e+00,1.5299e+00,3.6259e-01
1.1040e+04,1.0465e-01,4.6793e-01,7.5027e+00,1.5300e+00,3.6266e-01
1.1050e+04,1.0445e-01,4.6780e-01,7.5027e+00,1.5302e+00,3.6273e-01
1.1060e+04,1.0425e-01,4.6768e-01,7.5027e+00,1.5303e+00,3.6280e-01
1.1070e+04,1.0406e-01,4.6755e-01,7.5027e+00,1.5304e+00,3.6287e-01
1.1080e+04,1.0386e-01,4.6742e-01,7.5027e+00,1.5305e+00,3.6294e-01
1.1090e+04,1.0366e-01,4.6729e-01,7.5027e+00,1.5307e+00,3.6300e-01
1.1100e+04,1.0346e-01,4.6716e-01,7.5027e+00,1.5308e+00,3.6307e-01
1.1110e+04,1.0327e-01,4.6703e-01,7.5027e+00,1.5309e+00,3.6314e-01
1.1120e+04,1.0307e-01,4.6690e-01,7.5027e+00,1.5311e+00,3.6321e-01
1.1130e+04,1.0288e-01,4.6678e-01,7.5027e+00,1.5312e+00,3.6328e-01
1.1140e+04,1.0268e-01,4.6665e-01,7.5027e+00,1.5313e+00,3.6335e-01
1.1150e+04,1.0249e-01,4.6652e-01,7.5027e+00,1.5314e+00,3.6341e-01
1.1160e+04,1.0229e-01,4.6639e-01,7.5027e+00,1.5316e+00,3.6348e-01
1.1170e+04,1.0210e-01,4.6627e-01,7.5027e+00,1.5317e+00,3.6355e-01
1.1180e+04,1.0190e-01,4.6614e-01,7.5027e+00,1.5318e+00,3.6362e-01
1.1190e+04,1.0171e-01,4.6602e-01,7.5027e+00,1.5319e+00,3.6369e-01
1.1200e+04,1.0152e-01,4.6589e-01,7.5027e+00,1.5321e+00,3.6375e-01
1.1210e+04,1.0132e-01,4.6576e-01,7.5027e+00,1.5322e+00,3.6382e-01
1.1220e+04,1.0113e-01,4.6564e-01,7.5027e+00,1.5323e+00,3.6389e-01
1.1230e+04,1.0094e-01,4.6551e-01,7.5027e+00,1.5324e+00,3.6395e-01
1.1240e+04,1.0075e-01,4.6539e-01,7.5027e+00,1.5326e+00,3.6402e-01
1.1250e+04,1.0056e-01,4.6527e-01,7.5027e+00,1.5327e+00,3.6409e-01
1.1260e+04,1.0037e-01,4.6514e-01,7.5027e+00,1.5328e+00,3.6415e-01
1.1270e+04,1.0018e-01,4.6502e-01,7.5027e+00,1.5329e+00,3.6422e-01
1.1280e+04,9.9988e-02,4.6489e-01,7.5027e+00,1.5331e+00,3.6429e-01
1.1290e+04,9.9798e-02,4.6477e-01,7.5027e+00,1.5332e+00,3.6435e-01
1.1300e+04,9.9609e-02,4.6465e-01,7.5027e+00,1.5333e+00,3.6442e-01
1.1310e+04,9.9421e-02,4.6452e-01,7.5027e+00,1.5334e+00,3.6449e-01
1.1320e+04,9.9232e-02,4.6440e-01,7.5027e+00,1.5336e+00,3.6455e-01
1.1330e+04,9.9045e-02,4.6428e-01,7.5027e+00,1.5337e+00,3.6462e-01
1.1340e+04,9.8857e-02,4.6416e-01,7.5027e+00,1.5338e+00,3.6468e-01
1.1350e+04,9.8670e-02,4.6404e-01,7.5027e+00,1.5339e+00,3.6475e-01
1.1360e+04,9.8484e-02,4.6391e-01,7.5027e+00,1.5340e+00,3.6481e-01
1.1370e+04,9.8297e-02,4.6379e-01,7.5027e+00,1.5342e+00,3.6488e-01
1.1380e+04,9.8111e-02,4.6367e-01,7.5027e+00,1.5343e+00,3.6494e-01
1.1390e+04,9.7926e-02,4.6355e-01,7.5027e+00,1.5344e+00,3.6501e-01
1.1400e+04,9.7741e-02,4.6343e-01,7.5027e+00,1.5345e+00,3.6507e-01
1.1410e+04,9.7556e-02,4.6331e-01,7.5027e+00,1.5346e+00,3.6514e-01
1.1420e+04,9.7372e-02,4.6319e-01,7.5027e+00,1.5348e+00,3.6520e-01
1.1430e+04,9.7188e-02,4.6307e-01,7.5027e+00,1.5349e+00,3.6527e-01
1.1440e+04,9.7004e-02,4.6295e-01,7.5027e+00,1.5350e+00,3.6533e-01
1.1450e+04,9.6821e-02,4.6283e-01,7.5027e+00,1.5351e+00,3.6540e-01
1.1460e+04,9.6638e-02,4.6271e-01,7.5027e+00,1.5352e+00,3.6546e-01
1.1470e+04,9.6455e-02,4.6260e-01,7.5027e+00,1.5354e+00,3.6552e-01
1.1480e+04,9.6273e-02,4.6248e-01,7.5027e+00,1.5355e+00,3.6559e-01
1.1490e+04,9.6092e-02,4.6236e-01,7.5027e+00,1.5356e+00,3.6565e-01
1.1500e+04,9.5910e-02,4.6224e-01,7.5027e+00,1.5357e+00,3.6572e-01
1.1510e+04,9.5729e-02,4.6212e-01,7.5027e+00,1.5358e+00,3.6578e-01
1.1520e+04,9.5549e-02,4.6201e-01,7.5027e+00,1.5359e+00,3.6584e-01
1.1530e+04,9.5368e-02,4.6189e-01,7.5027e+00,1.5361e+00,3.6591e-01
1.1540e+04,9.5189e-02,4.6177e-01,7.5027e+00,1.5362e+00,3.6597e-01
1.1550e+04,9.5009e-02,4.6166e-01,7.5027e+00,1.5363e+00,3.6603e-01
1.1560e+04,9.4830e-02,4.6154e-01,7.5027e+00,1.5364e+00,3.6610e-01
1.1570e+04,9.4651e-02,4.6142e-01,7.5027e+00,1.5365e+00,3.6616e-01
1.1580e+04,9.4473e-02,4.6131e-01,7.5027e+00,1.5366e+00,3.6622e-01
1.1590e+04,9.4295e-02,4.6119e-01,7.5027e+00,1.5368e+00,3.6628e-01
1.1600e+04,9.4117e-02,4.6108e-01,7.5027e+00,1.5369e+00,3.6635e-01
1.1610e+04,9.3940e-02,4.6096e-01,7.5027e+00,1.5370e+00,3.6641e-01
1.1620e+04,9.3763e-02,4.6085e-01,7.5027e+00,1.5371e+00,3.6647e-01
1.1630e+04,9.3586e-02,4.6073e-01,7.5027e+00,1.5372e+00,3.6653e-01
1.1640e+04,9.3410e-02,4.6062e-01,7.5027e+00,1.5373e+00,3.6659e-01
1.1650e+04,9.3234e-02,4.6050e-01,7.5027e+00,1.5374e+00,3.6666e-01
1.1660e+04,9.3059e-02,4.6039e-01,7.5027e+00,1.5376e+00,3.6672e-01
1.1670e+04,9.2883e-02,4.6028e-01,7.5027e+00,1.5377e+00,3.6678e-01
1.1680e+04,9.2709e-02,4.6016e-01,7.5027e+00,1.5378e+00,3.6684e-01
1.1690e+04,9.2534e-02,4.6005e-01,7.5027e+00,1.5379e+00,3.6690e-01
1.1700e+04,9.2360e-02,4.5994e-01,7.5027e+00,1.5380e+00,3.6696e-01
1.1710e+04,9.2186e-02,4.5982e-01,7.5027e+00,1.5381e+00,3.6703e-01
1.1720e+04,9.2013e-02,4.5971e-01,7.5027e+00,1.5382e+00,3.6709e-01
1.1730e+04,9.1840e-02,4.5960e-01,7.5027e+00,1.5384e+00,3.6715e-01
1.1740e+04,9.1667e-02,4.5949e-01,7.5027e+00,1.5385e+00,3.6721e-01
1.1750e+04,9.1495e-02,4.5937e-01,7.5027e+00,1.5386e+00,3.6727e-01
1.1760e+04,9.1323e-02,4.5926e-01,7.5027e+00,1.5387e+00,3.6733e-01
1.1770e+04,9.1151e-02,4.5915e-01,7.5027e+00,1.5388e+00,3.6739e-01
1.1780e+04,9.0980e-02,4.5904e-01,7.5027e+00,1.5389e+00,3.6745e-01
1.1790e+04,9.0809e-02,4.5893e-01,7.5027e+00,1.5390e+00,3.6751e-01
1.1800e+04,9.0639e-02,4.5882e-01,7.5027e+00,1.5391e+00,3.6757e-01
1.1810e+04,9.0468e-02,4.5871e-01,7.5027e+00,1.5392e+00,3.6763e-01
1.1820e+04,9.0299e-02,4.5860e-01,7.5027e+00,1.5393e+00,3.6769e-01
1.1830e+04,9.0129e-02,4.5849e-01,7.5027e+00,1.5395e+00,3.6775e-01
1.1840e+04,8.9960e-02,4.5838e-01,7.5027e+00,1.5396e+00,3.6781e-01
1.1850e+04,8.9791e-02,4.5827e-01,7.5027e+00,1.5397e+00,3.6787e-01
1.1860e+04,8.9623e-02,4.5816e-01,7.5027e+00,1.5398e+00,3.6793e-01
1.1870e+04,8.9454e-02,4.5805e-01,7.5027e+00,1.5399e+00,3.6799e-01
1.1880e+04,8.9287e-02,4.5794e-01,7.5027e+00,1.5400e+00,3.6805e-01
1.1890e+04,8.9119e-02,4.5784e-01,7.5027e+00,1.5401e+00,3.6811e-01
1.1900e+04,8.8952e-02,4.5773e-01,7.5027e+00,1.5402e+00,3.6817e-01
1.1910e+04,8.8785e-02,4.5762e-01,7.5027e+00,1.5403e+00,3.6822e-01
1.1920e+04,8.8619e-02,4.5751e-01,7.5027e+00,1.5404e+00,3.6828e-01
1.1930e+04,8.8453e-02,4.5740e-01,7.5027e+00,1.5405e+00,3.6834e-01
1.1940e+04,8.8287e-02,4.5730e-01,7.5027e+00,1.5406e+00,3.6840e-01
1.1950e+04,8.8121e-02,4.5719e-01,7.5027e+00,1.5408e+00,3.6846e-01
1.1960e+04,8.7956e-02,4.5708e-01,7.5027e+00,1.5409e+00,3.6852e-01
1.1970e+04,8.7791e-02,4.5698e-01,7.5027e+00,1.5410e+00,3.6858e-01
1.1980e+04,8.7627e-02,4.5687e-01,7.5027e+00,1.5411e+00,3.6863e-01
1.1990e+04,8.7463e-02,4.5676e-01,7.5027e+00,1.5412e+00,3.6869e-01
1.2000e+04,8.7299e-02,4.5666e-01,7.5027e+00,1.5413e+00,3.6875e-01
1.2010e+04,8.7136e-02,4.5655e-01,7.5027e+00,1.5414e+00,3.6881e-01
1.2020e+04,8.6973e-02,4.5645e-01,7.5027e+00,1.5415e+00,3.6887e-01
1.2030e+04,8.6810e-02,4.5634e-01,7.5027e+00,1.5416e+00,3.6892e-01
1.2040e+04,8.6647e-02,4.5624e-01,7.5027e+00,1.5417e+00,3.6898e-01
1.2050e+04,8.6485e-02,4.5613e-01,7.5027e+00,1.5418e+00,3.6904e-01
1.2060e+04,8.6323e-02,4.5603e-01,7.5027e+00,1.5419e+00,3.6910e-01
1.2070e+04,8.6162e-02,4.5592e-01,7.5027e+00,1.5420e+00,3.6915e-01
1.2080e+04,8.6001e-02,4.5582e-01,7.5027e+00,1.5421e+00,3.6921e-01
1.2090e+04,8.5840e-02,4.5571e-01,7.5027e+00,1.5422e+00,3.6927e-01
1.2100e+04,8.5679e-02,4.5561e-01,7.5027e+00,1.5423e+00,3.6932e-01
1.2110e+04,8.5519e-02,4.5551e-01,7.5027e+00,1.5424e+00,3.6938e-01
1.2120e+04,8.5359e-02,4.5540e-01,7.5027e+00,1.5425e+00,3.6944e-01
1.2130e+04,8.5200e-02,4.5530e-01,7.5027e+00,1.5426e+00,3.6949e-01
1.2140e+04,8.5041e-02,4.5520e-01,7.5027e+00,1.5427e+00,3.6955e-01
1.2150e+04,8.4882e-02,4.5509e-01,7.5027e+00,1.5428e+00,3.6961e-01
1.2160e+04,8.4723e-02,4.5499e-01,7.5027e+00,1.5430e+00,3.6966e-01
1.2170e+04,8.4565e-02,4.5489e-01,7.5027e+00,1.5431e+00,3.6972e-01
1.2180e+04,8.4407e-02,4.5479e-01,7.5027e+00,1.5432e+00,3.6977e-01
1.2190e+04,8.4249e-02,4.5469e-01,7.5027e+00,1.5433e+00,3.6983e-01
1.2200e+04,8.4092e-02,4.5458e-01,7.5027e+00,1.5434e+00,3.6989e-01
1.2210e+04,8.3935e-02,4.5448e-01,7.5027e+00,1.5435e+00,3.6994e-01
1.2220e+04,8.3778e-02,4.5438e-01,7.5027e+00,1.5436e+00,3.7000e-01
1.2230e+04,8.3622e-02,4.5428e-01,7.5027e+00,1.5437e+00,3.7005e-01
1.2240e+04,8.3466e-02,4.5418e-01,7.5027e+00,1.5438e+00,3.7011e-01
1.2250e+04,8.3310e-02,4.5408e-01,7.5027e+00,1.5439e+00,3.7016e-01
1.2260e+04,8.3155e-02,4.5398e-01,7.5027e+00,1.5440e+00,3.7022e-01
1.2270e+04,8.3000e-02,4.5388e-01,7.5027e+00,1.5441e+00,3.7027e-01
1.2280e+04,8.2845e-02,4.5378e-01,7.5027e+00,1.5442e+00,3.7033e-01
1.2290e+04,8.2690e-02,4.5368e-01,7.5027e+00,1.5443e+00,3.7038e-01
1.2300e+04,8.2536e-02,4.5358e-01,7.5027e+00,1.5444e+00,3.7044e-01
1.2310e+04,8.2382e-02,4.5348e-01,7.5027e+00,1.5445e+00,3.7049e-01
1.2320e+04,8.2229e-02,4.5338e-01,7.5027e+00,1.5446e+00,3.7055e-01
1.2330e+04,8.2076e-02,4.5328e-01,7.5027e+00,1.5447e+00,3.7060e-01
1.2340e+04,8.1923e-02,4.5318e-01,7.5027e+00,1.5448e+00,3.7066e-01
1.2350e+04,8.1770e-02,4.5308e-01,7.5027e+00,1.5449e+00,3.7071e-01
1.2360e+04,8.1618e-02,4.5299e-01,7.5027e+00,1.5450e+00,3.7077e-01
1.2370e+04,8.1466e-02,4.5289e-01,7.5027e+00,1.5451e+00,3.7082e-01
1.2380e+04,8.1314e-02,4.5279e-01,7.5027e+00,1.5452e+00,3.7087e-01
1.2390e+04,8.1163e-02,4.5269e-01,7.5027e+00,1.5452e+00,3.7093e-01
1.2400e+04,8.1011e-02,4.5259e-01,7.5027e+00,1.5453e+00,3.7098e-01
1.2410e+04,8.0861e-02,4.5250e-01,7.5027e+00,1.5454e+00,3.7103e-01
1.2420e+04,8.0710e-02,4.5240e-01,7.5027e+00,1.5455e+00,3.7109e-01
1.2430e+04,8.0560e-02,4.5230e-01,7.5027e+00,1.5456e+00,3.7114e-01
1.2440e+04,8.0410e-02,4.5221e-01,7.5027e+00,1.5457e+00,3.7120e-01
1.2450e+04,8.0260e-02,4.5211e-01,7.5027e+00,1.5458e+00,3.7125e-01
1.2460e+04,8.0111e-02,4.5201e-01,7.5027e+00,1.5459e+00,3.7130e-01
1.2470e+04,7.9962e-02,4.5192e-01,7.5027e+00,1.5460e+00,3.7135e-01
1.2480e+04,7.9813e-02,4.5182e-01,7.5027e+00,1.5461e+00,3.7141e-01
1.2490e+04,7.9665e-02,4.5173e-01,7.5027e+00,1.5462e+00,3.7146e-01
1.2500e+04,7.9517e-02,4.5163e-01,7.5027e+00,1.5463e+00,3.7151e-01
1.2510e+04,7.9369e-02,4.5154e-01,7.5027e+00,1.5464e+00,3.7157e-01
1.2520e+04,7.9221e-02,4.5144e-01,7.5027e+00,1.5465e+00,3.7162e-01
1.2530e+04,7.9074e-02,4.5135e-01,7.5027e+00,1.5466e+00,3.7167e-01
1.2540e+04,7.8927e-02,4.5125e-01,7.5027e+00,1.5467e+00,3.7172e-01
1.2550e+04,7.8781e-02,4.5116e-01,7.5027e+00,1.5468e+00,3.7178e-01
1.2560e+04,7.8634e-02,4.5106e-01,7.5027e+00,1.5469e+00,3.7183e-01
1.2570e+04,7.8488e-02,4.5097e-01,7.5027e+00,1.5470e+00,3.7188e-01
1.2580e+04,7.8342e-02,4.5087e-01,7.5027e+00,1.5471e+00,3.7193e-01
1.2590e+04,7.8197e-02,4.5078e-01,7.5027e+00,1.5472e+00,3.7198e-01
1.2600e+04,7.8052e-02,4.5069e-01,7.5027e+00,1.5473e+00,3.7204e-01
1.2610e+04,7.7907e-02,4.5059e-01,7.5027e+00,1.5473e+00,3.7209e-01
1.2620e+04,7.7762e-02,4.5050e-01,7.5027e+00,1.5474e+00,3.7214e-01
1.2630e+04,7.7618e-02,4.5041e-01,7.5027e+00,1.5475e+00,3.7219e-01
1.2640e+04,7.7474e-02,4.5032e-01,7.5027e+00,1.5476e+00,3.7224e-01
1.2650e+04,7.7330e-02,4.5022e-01,7.5027e+00,1.5477e+00,3.7229e-01
1.2660e+04,7.7187e-02,4.5013e-01,7.5027e+00,1.5478e+00,3.7234e-01
1.2670e+04,7.7043e-02,4.5004e-01,7.5027e+00,1.5479e+00,3.7240e-01
1.2680e+04,7.6900e-02,4.4995e-01,7.5027e+00,1.5480e+00,3.7245e-01
1.2690e+04,7.6758e-02,4.4985e-01,7.5027e+00,1.5481e+00,3.7250e-01
1.2700e+04,7.6616e-02,4.4976e-01,7.5027e+00,1.5482e+00,3.7255e-01
1.2710e+04,7.6473e-02,4.4967e-01,7.5027e+00,1.5483e+00,3.7260e-01
1.2720e+04,7.6332e-02,4.4958e-01,7.5027e+00,1.5484e+00,3.7265e-01
1.2730e+04,7.6190e-02,4.4949e-01,7.5027e+00,1.5484e+00,3.7270e-01
1.2740e+04,7.6049e-02,4.4940e-01,7.5027e+00,1.5485e+00,3.7275e-01
1.2750e+04,7.5908e-02,4.4931e-01,7.5027e+00,1.5486e+00,3.7280e-01
1.2760e+04,7.5767e-02,4.4922e-01,7.5027e+00,1.5487e+00,3.7285e-01
1.2770e+04,7.5627e-02,4.4913e-01,7.5027e+00,1.5488e+00,3.7290e-01
1.2780e+04,7.5487e-02,4.4904e-01,7.5027e+00,1.5489e+00,3.7295e-01
1.2790e+04,7.5347e-02,4.4895e-01,7.5027e+00,1.5490e+00,3.7300e-01
1.2800e+04,7.5208e-02,4.4886e-01,7.5027e+00,1.5491e+00,3.7305e-01
1.2810e+04,7.5068e-02,4.4877e-01,7.5027e+00,1.5492e+00,3.7310e-01
1.2820e+04,7.4929e-02,4.4868e-01,7.5027e+00,1.5493e+00,3.7315e-01
1.2830e+04,7.4791e-02,4.4859e-01,7.5027e+00,1.5493e+00,3.7320e-01
1.2840e+04,7.4652e-02,4.4850e-01,7.5027e+00,1.5494e+00,3.7325e-01
1.2850e+04,7.4514e-02,4.4841e-01,7.5027e+00,1.5495e+00,3.7330e-01
1.2860e+04,7.4376e-02,4.4832e-01,7.5027e+00,1.5496e+00,3.7335e-01
1.2870e+04,7.4238e-02,4.4823e-01,7.5027e+00,1.5497e+00,3.7340e-01
1.2880e+04,7.4101e-02,4.4815e-01,7.5027e+00,1.5498e+00,3.7345e-01
1.2890e+04,7.3964e-02,4.4806e-01,7.5027e+00,1.5499e+00,3.7350e-01
1.2900e+04,7.3827e-02,4.4797e-01,7.5027e+00,1.5500e+00,3.7355e-01
1.2910e+04,7.3691e-02,4.4788e-01,7.5027e+00,1.5501e+00,3.7359e-01
1.2920e+04,7.3554e-02,4.4779e-01,7.5027e+00,1.5501e+00,3.7364e-01
1.2930e+04,7.3418e-02,4.4771e-01,7.5027e+00,1.5502e+00,3.7369e-01
1.2940e+04,7.3283e-02,4.4762e-01,7.5027e+00,1.5503e+00,3.7374e-01
1.2950e+04,7.3147e-02,4.4753e-01,7.5027e+00,1.5504e+00,3.7379e-01
1.2960e+04,7.3012e-02,4.4745e-01,7.5027e+00,1.5505e+00,3.7384e-01
1.2970e+04,7.2877e-02,4.4736e-01,7.5027e+00,1.5506e+00,3.7389e-01
1.2980e+04,7.2742e-02,4.4727e-01,7.5027e+00,1.5507e+00,3.7393e-01
1.2990e+04,7.2608e-02,4.4719e-01,7.5027e+00,1.5507e+00,3.7398e-01
1.3000e+04,7.2474e-02,4.4710e-01,7.5027e+00,1.5508e+00,3.7403e-01
1.3010e+04,7.2340e-02,4.4701e-01,7.5027e+00,1.5509e+00,3.7408e-01
1.3020e+04,7.2206e-02,4.4693e-01,7.5027e+00,1.5510e+00,3.7413e-01
1.3030e+04,7.2073e-02,4.4684e-01,7.5027e+00,1.5511e+00,3.7417e-01
1.3040e+04,7.1940e-02,4.4676e-01,7.5027e+00,1.5512e+00,3.7422e-01
1.3050e+04,7.1807e-02,4.4667e-01,7.5027e+00,1.5513e+00,3.7427e-01
1.3060e+04,7.1675e-02,4.4659e-01,7.5027e+00,1.5513e+00,3.7432e-01
1.3070e+04,7.1542e-02,4.4650e-01,7.5027e+00,1.5514e+00,3.7437e-01
1.3080e+04,7.1410e-02,4.4642e-01,7.5027e+00,1.5515e+00,3.7441e-01
1.3090e+04,7.1279e-02,4.4633e-01,7.5027e+00,1.5516e+00,3.7446e-01
1.3100e+04,7.1147e-02,4.4625e-01,7.5027e+00,1.5517e+00,3.7451e-01
1.3110e+04,7.1016e-02,4.4616e-01,7.5027e+00,1.5518e+00,3.7455e-01
1.3120e+04,7.0885e-02,4.4608e-01,7.5027e+00,1.5519e+00,3.7460e-01
1.3130e+04,7.0754e-02,4.4600e-01,7.5027e+00,1.5519e+00,3.7465e-01
1.3140e+04,7.0624e-02,4.4591e-01,7.5027e+00,1.5520e+00,3.7470e-01
1.3150e+04,7.0493e-02,4.4583e-01,7.5027e+00,1.5521e+00,3.7474e-01
1.3160e+04,7.0363e-02,4.4575e-01,7.5027e+00,1.5522e+00,3.7479e-01
1.3170e+04,7.0234e-02,4.4566e-01,7.5027e+00,1.5523e+00,3.7484e-01
1.3180e+04,7.0104e-02,4.4558e-01,7.5027e+00,1.5524e+00,3.7488e-01
1.3190e+04,6.9975e-02,4.4550e-01,7.5027e+00,1.5524e+00,3.7493e-01
1.3200e+04,6.9846e-02,4.4541e-01,7.5027e+00,1.5525e+00,3.7497e-01
1.3210e+04,6.9717e-02,4.4533e-01,7.5027e+00,1.5526e+00,3.7502e-01
1.3220e+04,6.9589e-02,4.4525e-01,7.5027e+00,1.5527e+00,3.7507e-01
1.3230e+04,6.9461e-02,4.4517e-01,7.5027e+00,1.5528e+00,3.7511e-01
1.3240e+04,6.9333e-02,4.4508e-01,7.5027e+00,1.5528e+00,3.7516e-01
1.3250e+04,6.9205e-02,4.4500e-01,7.5027e+00,1.5529e+00,3.7521e-01
1.3260e+04,6.9078e-02,4.4492e-01,7.5027e+00,1.5530e+00,3.7525e-01
1.3270e+04,6.8950e-02,4.4484e-01,7.5027e+00,1.5531e+00,3.7530e-01
1.3280e+04,6.8823e-02,4.4476e-01,7.5027e+00,1.5532e+00,3.7534e-01
1.3290e+04,6.8697e-02,4.4468e-01,7.5027e+00,1.5533e+00,3.7539e-01
1.3300e+04,6.8570e-02,4.4460e-01,7.5027e+00,1.5533e+00,3.7543e-01
1.3310e+04,6.8444e-02,4.4451e-01,7.5027e+00,1.5534e+00,3.7548e-01
1.3320e+04,6.8318e-02,4.4443e-01,7.5027e+00,1.5535e+00,3.7552e-01
1.3330e+04,6.8192e-02,4.4435e-01,7.5027e+00,1.5536e+00,3.7557e-01
1.3340e+04,6.8067e-02,4.4427e-01,7.5027e+00,1.5537e+00,3.7561e-01
1.3350e+04,6.7942e-02,4.4419e-01,7.5027e+00,1.5537e+00,3.7566e-01
1.3360e+04,6.7817e-02,4.4411e-01,7.5027e+00,1.5538e+00,3.7570e-01
1.3370e+04,6.7692e-02,4.4403e-01,7.5027e+00,1.5539e+00,3.7575e-01
1.3380e+04,6.7567e-02,4.4395e-01,7.5027e+00,1.5540e+00,3.7579e-01
1.3390e+04,6.7443e-02,4.4387e-01,7.5027e+00,1.5541e+00,3.7584e-01
1.3400e+04,6.7319e-02,4.4379e-01,7.5027e+00,1.5541e+00,3.7588e-01
1.3410e+04,6.7195e-02,4.4371e-01,7.5027e+00,1.5542e+00,3.7593e-01
1.3420e+04,6.7072e-02,4.4364e-01,7.5027e+00,1.5543e+00,3.7597e-01
1.3430e+04,6.6949e-02,4.4356e-01,7.5027e+00,1.5544e+00,3.7602e-01
1.3440e+04,6.6826e-02,4.4348e-01,7.5027e+00,1.5545e+00,3.7606e-01
1.3450e+04,6.6703e-02,4.4340e-01,7.5027e+00,1.5545e+00,3.7611e-01
1.3460e+04,6.6580e-02,4.4332e-01,7.5027e+00,1.5546e+00,3.7615e-01
1.3470e+04,6.6458e-02,4.4324e-01,7.5027e+00,1.5547e+00,3.7619e-01
1.3480e+04,6.6336e-02,4.4316e-01,7.5027e+00,1.5548e+00,3.7624e-01
1.3490e+04,6.6214e-02,4.4309e-01,7.5027e+00,1.5548e+00,3.7628e-01
1.3500e+04,6.6092e-02,4.4301e-01,7.5027e+00,1.5549e+00,3.7633e-01
1.3510e+04,6.5971e-02,4.4293e-01,7.5027e+00,1.5550e+00,3.7637e-01
1.3520e+04,6.5850e-02,4.4285e-01,7.5027e+00,1.5551e+00,3.7641e-01
1.3530e+04,6.5729e-02,4.4278e-01,7.5027e+00,1.5552e+00,3.7646e-01
1.3540e+04,6.5608e-02,4.4270e-01,7.5027e+00,1.5552e+00,3.7650e-01
1.3550e+04,6.5488e-02,4.4262e-01,7.5027e+00,1.5553e+00,3.7654e-01
1.3560e+04,6.5368e-02,4.4254e-01,7.5027e+00,1.5554e+00,3.7659e-01
1.3570e+04,6.5248e-02,4.4247e-01,7.5027e+00,1.5555e+00,3.7663e-01
1.3580e+04,6.5128e-02,4.4239e-01,7.5027e+00,1.5555e+00,3.7667e-01
1.3590e+04,6.5009e-02,4.4231e-01,7.5027e+00,1.5556e+00,3.7672e-01
1.3600e+04,6.4889e-02,4.4224e-01,7.5027e+00,1.5557e+00,3.7676e-01
1.3610e+04,6.4770e-02,4.4216e-01,7.5027e+00,1.5558e+00,3.7680e-01
1.3620e+04,6.4651e-02,4.4209e-01,7.5027e+00,1.5558e+00,3.7685e-01
1.3630e+04,6.4533e-02,4.4201e-01,7.5027e+00,1.5559e+00,3.7689e-01
1.3640e+04,6.4415e-02,4.4193e-01,7.5027e+00,1.5560e+00,3.7693e-01
1.3650e+04,6.4296e-02,4.4186e-01,7.5027e+00,1.5561e+00,3.7697e-01
1.3660e+04,6.4179e-02,4.4178e-01,7.5027e+00,1.5561e+00,3.7702e-01
1.3670e+04,6.4061e-02,4.4171e-01,7.5027e+00,1.5562e+00,3.7706e-01
1.3680e+04,6.3944e-02,4.4163e-01,7.5027e+00,1.5563e+00,3.7710e-01
1.3690e+04,6.3826e-02,4.4156e-01,7.5027e+00,1.5564e+00,3.7714e-01
1.3700e+04,6.3709e-02,4.4148e-01,7.5027e+00,1.5564e+00,3.7719e-01
1.3710e+04,6.3593e-02,4.4141e-01,7.5027e+00,1.5565e+00,3.7723e-01
1.3720e+04,6.3476e-02,4.4133e-01,7.5027e+00,1.5566e+00,3.7727e-01
1.3730e+04,6.3360e-02,4.4126e-01,7.5027e+00,1.5567e+00,3.7731e-01
1.3740e+04,6.3244e-02,4.4119e-01,7.5027e+00,1.5567e+00,3.7736e-01
1.3750e+04,6.3128e-02,4.4111e-01,7.5027e+00,1.5568e+00,3.7740e-01
1.3760e+04,6.3012e-02,4.4104e-01,7.5027e+00,1.5569e+00,3.7744e-01
1.3770e+04,6.2897e-02,4.4096e-01,7.5027e+00,1.5570e+00,3.7748e-01
1.3780e+04,6.2782e-02,4.4089e-01,7.5027e+00,1.5570e+00,3.7752e-01
1.3790e+04,6.2667e-02,4.4082e-01,7.5027e+00,1.5571e+00,3.7756e-01
1.3800e+04,6.2552e-02,4.4074e-01,7.5027e+00,1.5572e+00,3.7761e-01
1.3810e+04,6.2438e-02,4.4067e-01,7.5027e+00,1.5573e+00,3.7765e-01
1.3820e+04,6.2323e-02,4.4060e-01,7.5027e+00,1.5573e+00,3.7769e-01
1.3830e+04,6.2209e-02,4.4053e-01,7.5027e+00,1.5574e+00,3.7773e-01
1.3840e+04,6.2095e-02,4.4045e-01,7.5027e+00,1.5575e+00,3.7777e-01
1.3850e+04,6.1982e-02,4.4038e-01,7.5027e+00,1.5575e+00,3.7781e-01
1.3860e+04,6.1868e-02,4.4031e-01,7.5027e+00,1.5576e+00,3.7785e-01
1.3870e+04,6.1755e-02,4.4024e-01,7.5027e+00,1.5577e+00,3.7789e-01
1.3880e+04,6.1642e-02,4.4016e-01,7.5027e+00,1.5578e+00,3.7794e-01
1.3890e+04,6.1530e-02,4.4009e-01,7.5027e+00,1.5578e+00,3.7798e-01
1.3900e+04,6.1417e-02,4.4002e-01,7.5027e+00,1.5579e+00,3.7802e-01
1.3910e+04,6.1305e-02,4.3995e-01,7.5027e+00,1.5580e+00,3.7806e-01
1.3920e+04,6.1193e-02,4.3988e-01,7.5027e+00,1.5580e+00,3.7810e-01
1.3930e+04,6.1081e-02,4.3980e-01,7.5027e+00,1.5581e+00,3.7814e-01
1.3940e+04,6.0969e-02,4.3973e-01,7.5027e+00,1.5582e+00,3.7818e-01
1.3950e+04,6.0858e-02,4.3966e-01,7.5027e+00,1.5583e+00,3.7822e-01
1.3960e+04,6.0747e-02,4.3959e-01,7.5027e+00,1.5583e+00,3.7826e-01
1.3970e+04,6.0636e-02,4.3952e-01,7.5027e+00,1.5584e+00,3.7830e-01
1.3980e+04,6.0525e-02,4.3945e-01,7.5027e+00,1.5585e+00,3.7834e-01
1.3990e+04,6.0414e-02,4.3938e-01,7.5027e+00,1.5585e+00,3.7838e-01
1.4000e+04,6.0304e-02,4.3931e-01,7.5027e+00,1.5586e+00,3.7842e-01
1.4010e+04,6.0194e-02,4.3924e-01,7.5027e+00,1.5587e+00,3.7846e-01
1.4020e+04,6.0084e-02,4.3917e-01,7.5027e+00,1.5588e+00,3.7850e-01
1.4030e+04,5.9974e-02,4.3910e-01,7.5027e+00,1.5588e+00,3.7854e-01
1.4040e+04,5.9865e-02,4.3903e-01,7.5027e+00,1.5589e+00,3.7858e-01
1.4050e+04,5.9755e-02,4.3896e-01,7.5027e+00,1.5590e+00,3.7862e-01
1.4060e+04,5.9646e-02,4.3889e-01,7.5027e+00,1.5590e+00,3.7866e-01
1.4070e+04,5.9537e-02,4.3882e-01,7.5027e+00,1.5591e+00,3.7870e-01
1.4080e+04,5.9429e-02,4.3875e-01,7.5027e+00,1.5592e+00,3.7874e-01
1.4090e+04,5.9320e-02,4.3868e-01,7.5027e+00,1.5592e+00,3.7878e-01
1.4100e+04,5.9212e-02,4.3861e-01,7.5027e+00,1.5593e+00,3.7882e-01
1.4110e+04,5.9104e-02,4.3854e-01,7.5027e+00,1.5594e+00,3.7886e-01
1.4120e+04,5.8996e-02,4.3847e-01,7.5027e+00,1.5594e+00,3.7889e-01
1.4130e+04,5.8888e-02,4.3841e-01,7.5027e+00,1.5595e+00,3.7893e-01
1.4140e+04,5.8781e-02,4.3834e-01,7.5027e+00,1.5596e+00,3.7897e-01
1.4150e+04,5.8674e-02,4.3827e-01,7.5027e+00,1.5597e+00,3.7901e-01
1.4160e+04,5.8567e-02,4.3820e-01,7.5027e+00,1.5597e+00,3.7905e-01
1.4170e+04,5.8460e-02,4.3813e-01,7.5027e+00,1.5598e+00,3.7909e-01
1.4180e+04,5.8353e-02,4.3806e-01,7.5027e+00,1.5599e+00,3.7913e-01
1.4190e+04,5.8247e-02,4.3800e-01,7.5027e+00,1.5599e+00,3.7917e-01
1.4200e+04,5.8141e-02,4.3793e-01,7.5027e+00,1.5600e+00,3.7921e-01
1.4210e+04,5.8035e-02,4.3786e-01,7.5027e+00,1.5601e+00,3.7924e-01
1.4220e+04,5.7929e-02,4.3779e-01,7.5027e+00,1.5601e+00,3.7928e-01
1.4230e+04,5.7823e-02,4.3773e-01,7.5027e+00,1.5602e+00,3.7932e-01
1.4240e+04,5.7718e-02,4.3766e-01,7.5027e+00,1.5603e+00,3.7936e-01
1.4250e+04,5.7613e-02,4.3759e-01,7.5027e+00,1.5603e+00,3.7940e-01
1.4260e+04,5.7508e-02,4.3753e-01,7.5027e+00,1.5604e+00,3.7944e-01
1.4270e+04,5.7403e-02,4.3746e-01,7.5027e+00,1.5605e+00,3.7947e-01
1.4280e+04,5.7298e-02,4.3739e-01,7.5027e+00,1.5605e+00,3.7951e-01
1.4290e+04,5.7194e-02,4.3733e-01,7.5027e+00,1.5606e+00,3.7955e-01
1.4300e+04,5.7090e-02,4.3726e-01,7.5027e+00,1.5607e+00,3.7959e-01
1.4310e+04,5.6986e-02,4.3719e-01,7.5027e+00,1.5607e+00,3.7963e-01
1.4320e+04,5.6882e-02,4.3713e-01,7.5027e+00,1.5608e+00,3.7966e-01
1.4330e+04,5.6779e-02,4.3706e-01,7.5027e+00,1.5609e+00,3.7970e-01
1.4340e+04,5.6675e-02,4.3700e-01,7.5027e+00,1.5609e+00,3.7974e-01
1.4350e+04,5.6572e-02,4.3693e-01,7.5027e+00,1.5610e+00,3.7978e-01
1.4360e+04,5.6469e-02,4.3686e-01,7.5027e+00,1.5611e+00,3.7981e-01
1.4370e+04,5.6366e-02,4.3680e-01,7.5027e+00,1.5611e+00,3.7985e-01
1.4380e+04,5.6264e-02,4.3673e-01,7.5027e+00,1.5612e+00,3.7989e-01
1.4390e+04,5.6161e-02,4.3667e-01,7.5027e+00,1.5613e+00,3.7993e-01
