t,[L2M],[D],[L],[L2MD],[L2Ms]
0.0000e+00,2.5000e+00,7.5000e+00,1.2500e+01,0.0000e+00,0.0000e+00
1.0000e+01,2.4681e+00,7.4710e+00,1.2502e+01,2.8903e-02,9.6528e-04
2.0000e+01,2.4386e+00,7.4425e+00,1.2502e+01,5.7443e-02,1.9221e-03
3.0000e+01,2.4096e+00,7.4143e+00,1.2502e+01,8.5537e-02,2.8676e-03
4.0000e+01,2.3810e+00,7.3867e+00,1.2502e+01,1.1320e-01,3.8020e-03
5.0000e+01,2.3528e+00,7.3594e+00,1.2502e+01,1.4043e-01,4.7254e-03
6.0000e+01,2.3251e+00,7.3326e+00,1.2502e+01,1.6724e-01,5.6379e-03
7.0000e+01,2.2978e+00,7.3062e+00,1.2502e+01,1.9365e-01,6.5398e-03
8.0000e+01,2.2709e+00,7.2801e+00,1.2502e+01,2.1965e-01,7.4312e-03
9.0000e+01,2.2444e+00,7.2545e+00,1.2502e+01,2.4526e-01,8.3122e-03
1.0000e+02,2.2183e+00,7.2293e+00,1.2502e+01,2.7049e-01,9.1831e-03
1.1000e+02,2.1926e+00,7.2044e+00,1.2502e+01,2.9534e-01,1.0044e-02
1.2000e+02,2.1673e+00,7.1799e+00,1.2502e+01,3.1982e-01,1.0895e-02
1.3000e+02,2.1423e+00,7.1558e+00,1.2502e+01,3.4394e-01,1.1736e-02
1.4000e+02,2.1177e+00,7.1320e+00,1.2502e+01,3.6770e-01,1.2567e-02
1.5000e+02,2.0935e+00,7.1085e+00,1.2502e+01,3.9111e-01,1.3390e-02
1.6000e+02,2.0696e+00,7.0854e+00,1.2502e+01,4.1418e-01,1.4202e-02
1.7000e+02,2.0461e+00,7.0627e+00,1.2502e+01,4.3692e-01,1.5006e-02
1.8000e+02,2.0229e+00,7.0403e+00,1.2502e+01,4.5933e-01,1.5800e-02
1.9000e+02,2.0000e+00,7.0182e+00,1.2502e+01,4.8142e-01,1.6586e-02
2.0000e+02,1.9775e+00,6.9964e+00,1.2502e+01,5.0319e-01,1.7363e-02
2.1000e+02,1.9552e+00,6.9749e+00,1.2502e+01,5.2465e-01,1.8131e-02
2.2000e+02,1.9333e+00,6.9537e+00,1.2502e+01,5.4580e-01,1.8890e-02
2.3000e+02,1.9117e+00,6.9329e+00,1.2502e+01,5.6666e-01,1.9641e-02
2.4000e+02,1.8904e+00,6.9123e+00,1.2502e+01,5.8723e-01,2.0384e-02
2.5000e+02,1.8694e+00,6.8920e+00,1.2502e+01,6.0750e-01,2.1118e-02
2.6000e+02,1.8487e+00,6.8720e+00,1.2502e+01,6.2750e-01,2.1844e-02
2.7000e+02,1.8282e+00,6.8522e+00,1.2502e+01,6.4722e-01,2.2563e-02
2.8000e+02,1.8081e+00,6.8328e+00,1.2502e+01,6.6666e-01,2.3273e-02
2.9000e+02,1.7882e+00,6.8136e+00,1.2502e+01,6.8584e-01,2.3976e-02
3.0000e+02,1.7686e+00,6.7947e+00,1.2502e+01,7.0476e-01,2.4671e-02
3.1000e+02,1.7492e+00,6.7760e+00,1.2502e+01,7.2341e-01,2.5358e-02
3.2000e+02,1.7301e+00,6.7576e+00,1.2502e+01,7.4182e-01,2.6038e-02
3.3000e+02,1.7113e+00,6.7394e+00,1.2502e+01,7.5997e-01,2.6711e-02
3.4000e+02,1.6927e+00,6.7215e+00,1.2502e+01,7.7789e-01,2.7376e-02
3.5000e+02,1.6744e+00,6.7038e+00,1.2502e+01,7.9556e-01,2.8034e-02
3.6000e+02,1.6563e+00,6.6863e+00,1.2502e+01,8.1299e-01,2.8685e-02
3.7000e+02,1.6385e+00,6.6691e+00,1.2502e+01,8.3020e-01,2.9330e-02
3.8000e+02,1.6209e+00,6.6521e+00,1.2502e+01,8.4717e-01,2.9967e-02
3.9000e+02,1.6035e+00,6.6354e+00,1.2502e+01,8.6392e-01,3.0597e-02
4.0000e+02,1.5863e+00,6.6188e+00,1.2502e+01,8.8046e-01,3.1221e-02
4.1000e+02,1.5694e+00,6.6025e+00,1.2502e+01,8.9677e-01,3.1838e-02
4.2000e+02,1.5527e+00,6.5864e+00,1.2502e+01,9.1287e-01,3.2448e-02
4.3000e+02,1.5362e+00,6.5705e+00,1.2502e+01,9.2877e-01,3.3052e-02
4.4000e+02,1.5199e+00,6.5548e+00,1.2502e+01,9.4446e-01,3.3650e-02
4.5000e+02,1.5038e+00,6.5393e+00,1.2502e+01,9.5994e-01,3.4241e-02
4.6000e+02,1.4879e+00,6.5240e+00,1.2502e+01,9.7523e-01,3.4826e-02
4.7000e+02,1.4723e+00,6.5089e+00,1.2502e+01,9.9032e-01,3.5405e-02
4.8000e+02,1.4568e+00,6.4940e+00,1.2502e+01,1.0052e+00,3.5978e-02
4.9000e+02,1.4415e+00,6.4792e+00,1.2502e+01,1.0199e+00,3.6545e-02
5.0000e+02,1.4264e+00,6.4647e+00,1.2502e+01,1.0345e+00,3.7106e-02
5.1000e+02,1.4116e+00,6.4503e+00,1.2502e+01,1.0488e+00,3.7661e-02
5.2000e+02,1.3968e+00,6.4362e+00,1.2502e+01,1.0629e+00,3.8211e-02
5.3000e+02,1.3823e+00,6.4222e+00,1.2502e+01,1.0769e+00,3.8754e-02
5.4000e+02,1.3680e+00,6.4084e+00,1.2502e+01,1.0907e+00,3.9292e-02
5.5000e+02,1.3538e+00,6.3947e+00,1.2502e+01,1.1044e+00,3.9825e-02
5.6000e+02,1.3398e+00,6.3812e+00,1.2502e+01,1.1178e+00,4.0352e-02
5.7000e+02,1.3260e+00,6.3679e+00,1.2502e+01,1.1311e+00,4.0873e-02
5.8000e+02,1.3123e+00,6.3548e+00,1.2502e+01,1.1443e+00,4.1390e-02
5.9000e+02,1.2988e+00,6.3418e+00,1.2502e+01,1.1573e+00,4.1901e-02
6.0000e+02,1.2855e+00,6.3290e+00,1.2502e+01,1.1701e+00,4.2406e-02
6.1000e+02,1.2724e+00,6.3163e+00,1.2502e+01,1.1827e+00,4.2907e-02
6.2000e+02,1.2594e+00,6.3038e+00,1.2502e+01,1.1952e+00,4.3402e-02
6.3000e+02,1.2465e+00,6.2914e+00,1.2502e+01,1.2076e+00,4.3893e-02
6.4000e+02,1.2338e+00,6.2792e+00,1.2502e+01,1.2198e+00,4.4378e-02
6.5000e+02,1.2213e+00,6.2671e+00,1.2502e+01,1.2319e+00,4.4859e-02
6.6000e+02,1.2089e+00,6.2552e+00,1.2502e+01,1.2438e+00,4.5335e-02
6.7000e+02,1.1967e+00,6.2434e+00,1.2502e+01,1.2555e+00,4.5805e-02
6.8000e+02,1.1846e+00,6.2318e+00,1.2502e+01,1.2672e+00,4.6272e-02
6.9000e+02,1.1726e+00,6.2203e+00,1.2502e+01,1.2787e+00,4.6733e-02
7.0000e+02,1.1608e+00,6.2089e+00,1.2502e+01,1.2900e+00,4.7190e-02
7.1000e+02,1.1491e+00,6.1977e+00,1.2502e+01,1.3012e+00,4.7642e-02
7.2000e+02,1.1376e+00,6.1866e+00,1.2502e+01,1.3123e+00,4.8090e-02
7.3000e+02,1.1262e+00,6.1756e+00,1.2502e+01,1.3233e+00,4.8533e-02
7.4000e+02,1.1149e+00,6.1648e+00,1.2502e+01,1.3341e+00,4.8972e-02
7.5000e+02,1.1038e+00,6.1541e+00,1.2502e+01,1.3448e+00,4.9406e-02
7.6000e+02,1.0928e+00,6.1435e+00,1.2502e+01,1.3554e+00,4.9836e-02
7.7000e+02,1.0819e+00,6.1330e+00,1.2502e+01,1.3658e+00,5.0262e-02
7.8000e+02,1.0711e+00,6.1227e+00,1.2502e+01,1.3762e+00,5.0684e-02
7.9000e+02,1.0605e+00,6.1125e+00,1.2502e+01,1.3864e+00,5.1101e-02
8.0000e+02,1.0500e+00,6.1024e+00,1.2502e+01,1.3965e+00,5.1514e-02
8.1000e+02,1.0396e+00,6.0924e+00,1.2502e+01,1.4065e+00,5.1924e-02
8.2000e+02,1.0293e+00,6.0825e+00,1.2502e+01,1.4163e+00,5.2329e-02
8.3000e+02,1.0192e+00,6.0727e+00,1.2502e+01,1.4261e+00,5.2730e-02
8.4000e+02,1.0091e+00,6.0631e+00,1.2502e+01,1.4357e+00,5.3127e-02
8.5000e+02,9.9921e-01,6.0536e+00,1.2502e+01,1.4453e+00,5.3521e-02
8.6000e+02,9.8940e-01,6.0441e+00,1.2502e+01,1.4547e+00,5.3910e-02
8.7000e+02,9.7970e-01,6.0348e+00,1.2502e+01,1.4640e+00,5.4296e-02
8.8000e+02,9.7010e-01,6.0256e+00,1.2502e+01,1.4732e+00,5.4678e-02
8.9000e+02,9.6062e-01,6.0165e+00,1.2502e+01,1.4823e+00,5.5056e-02
9.0000e+02,9.5123e-01,6.0075e+00,1.2502e+01,1.4913e+00,5.5430e-02
9.1000e+02,9.4196e-01,5.9985e+00,1.2502e+01,1.5002e+00,5.5801e-02
9.2000e+02,9.3279e-01,5.9897e+00,1.2502e+01,1.5090e+00,5.6169e-02
9.3000e+02,9.2371e-01,5.9810e+00,1.2502e+01,1.5178e+00,5.6532e-02
9.4000e+02,9.1474e-01,5.9724e+00,1.2502e+01,1.5264e+00,5.6892e-02
9.5000e+02,9.0587e-01,5.9639e+00,1.2502e+01,1.5349e+00,5.7249e-02
9.6000e+02,8.9710e-01,5.9555e+00,1.2502e+01,1.5433e+00,5.7602e-02
9.7000e+02,8.8842e-01,5.9471e+00,1.2502e+01,1.5516e+00,5.7952e-02
9.8000e+02,8.7984e-01,5.9389e+00,1.2502e+01,1.5599e+00,5.8299e-02
9.9000e+02,8.7135e-01,5.9307e+00,1.2502e+01,1.5680e+00,5.8642e-02
1.0000e+03,8.6295e-01,5.9227e+00,1.2502e+01,1.5761e+00,5.8982e-02
1.0100e+03,8.5465e-01,5.9147e+00,1.2502e+01,1.5840e+00,5.9318e-02
1.0200e+03,8.4643e-01,5.9068e+00,1.2502e+01,1.5919e+00,5.9651e-02
1.0300e+03,8.3831e-01,5.8990e+00,1.2502e+01,1.5997e+00,5.9982e-02
1.0400e+03,8.3027e-01,5.8913e+00,1.2502e+01,1.6074e+00,6.0309e-02
1.0500e+03,8.2232e-01,5.8836e+00,1.2502e+01,1.6150e+00,6.0632e-02
1.0600e+03,8.1446e-01,5.8761e+00,1.2502e+01,1.6226e+00,6.0953e-02
1.0700e+03,8.0668e-01,5.8686e+00,1.2502e+01,1.6301e+00,6.1271e-02
1.0800e+03,7.9898e-01,5.8612e+00,1.2502e+01,1.6374e+00,6.1586e-02
1.0900e+03,7.9136e-01,5.8539e+00,1.2502e+01,1.6447e+00,6.1897e-02
1.1000e+03,7.8383e-01,5.8467e+00,1.2502e+01,1.6520e+00,6.2206e-02
1.1100e+03,7.7638e-01,5.8396e+00,1.2502e+01,1.6591e+00,6.2512e-02
1.1200e+03,7.6901e-01,5.8325e+00,1.2502e+01,1.6662e+00,6.2815e-02
1.1300e+03,7.6171e-01,5.8255e+00,1.2502e+01,1.6732e+00,6.3115e-02
1.1400e+03,7.5449e-01,5.8185e+00,1.2502e+01,1.6801e+00,6.3412e-02
1.1500e+03,7.4735e-01,5.8117e+00,1.2502e+01,1.6869e+00,6.3706e-02
1.1600e+03,7.4028e-01,5.8049e+00,1.2502e+01,1.6937e+00,6.3998e-02
1.1700e+03,7.3329e-01,5.7982e+00,1.2502e+01,1.7004e+00,6.4287e-02
1.1800e+03,7.2637e-01,5.7916e+00,1.2502e+01,1.7071e+00,6.4573e-02
1.1900e+03,7.1953e-01,5.7850e+00,1.2502e+01,1.7136e+00,6.4856e-02
1.2000e+03,7.1275e-01,5.7785e+00,1.2502e+01,1.7201e+00,6.5137e-02
1.2100e+03,7.0605e-01,5.7721e+00,1.2502e+01,1.7265e+00,6.5415e-02
1.2200e+03,6.9942e-01,5.7657e+00,1.2502e+01,1.7329e+00,6.5691e-02
1.2300e+03,6.9285e-01,5.7594e+00,1.2502e+01,1.7392e+00,6.5964e-02
1.2400e+03,6.8636e-01,5.7532e+00,1.2502e+01,1.7454e+00,6.6234e-02
1.2500e+03,6.7993e-01,5.7470e+00,1.2502e+01,1.7516e+00,6.6502e-02
1.2600e+03,6.7357e-01,5.7409e+00,1.2502e+01,1.7577e+00,6.6767e-02
1.2700e+03,6.6727e-01,5.7349e+00,1.2502e+01,1.7637e+00,6.7030e-02
1.2800e+03,6.6104e-01,5.7289e+00,1.2502e+01,1.7697e+00,6.7291e-02
1.2900e+03,6.5487e-01,5.7230e+00,1.2502e+01,1.7756e+00,6.7549e-02
1.3000e+03,6.4877e-01,5.7171e+00,1.2502e+01,1.7814e+00,6.7804e-02
1.3100e+03,6.4272e-01,5.7113e+00,1.2502e+01,1.7872e+00,6.8057e-02
1.3200e+03,6.3675e-01,5.7056e+00,1.2502e+01,1.7929e+00,6.8308e-02
1.3300e+03,6.3083e-01,5.6999e+00,1.2502e+01,1.7986e+00,6.8557e-02
1.3400e+03,6.2497e-01,5.6943e+00,1.2502e+01,1.8042e+00,6.8803e-02
1.3500e+03,6.1917e-01,5.6888e+00,1.2502e+01,1.8098e+00,6.9047e-02
1.3600e+03,6.1343e-01,5.6833e+00,1.2502e+01,1.8153e+00,6.9289e-02
1.3700e+03,6.0775e-01,5.6778e+00,1.2502e+01,1.8207e+00,6.9528e-02
1.3800e+03,6.0213e-01,5.6724e+00,1.2502e+01,1.8261e+00,6.9765e-02
1.3900e+03,5.9656e-01,5.6671e+00,1.2502e+01,1.8314e+00,7.0000e-02
1.4000e+03,5.9105e-01,5.6618e+00,1.2502e+01,1.8367e+00,7.0233e-02
1.4100e+03,5.8560e-01,5.6566e+00,1.2502e+01,1.8419e+00,7.0464e-02
1.4200e+03,5.8020e-01,5.6514e+00,1.2502e+01,1.8471e+00,7.0693e-02
1.4300e+03,5.7486e-01,5.6463e+00,1.2502e+01,1.8522e+00,7.0919e-02
1.4400e+03,5.6956e-01,5.6412e+00,1.2502e+01,1.8573e+00,7.1144e-02
1.4500e+03,5.6433e-01,5.6362e+00,1.2502e+01,1.8623e+00,7.1366e-02
1.4600e+03,5.5914e-01,5.6312e+00,1.2502e+01,1.8673e+00,7.1586e-02
1.4700e+03,5.5401e-01,5.6263e+00,1.2502e+01,1.8722e+00,7.1805e-02
1.4800e+03,5.4892e-01,5.6214e+00,1.2502e+01,1.8771e+00,7.2021e-02
1.4900e+03,5.4389e-01,5.6166e+00,1.2502e+01,1.8819e+00,7.2235e-02
1.5000e+03,5.3891e-01,5.6118e+00,1.2502e+01,1.8866e+00,7.2448e-02
1.5100e+03,5.3398e-01,5.6071e+00,1.2502e+01,1.8914e+00,7.2658e-02
1.5200e+03,5.2910e-01,5.6024e+00,1.2502e+01,1.8960e+00,7.2867e-02
1.5300e+03,5.2426e-01,5.5978e+00,1.2502e+01,1.9007e+00,7.3073e-02
1.5400e+03,5.1947e-01,5.5932e+00,1.2502e+01,1.9052e+00,7.3278e-02
1.5500e+03,5.1473e-01,5.5887e+00,1.2502e+01,1.9098e+00,7.3481e-02
1.5600e+03,5.1004e-01,5.5842e+00,1.2502e+01,1.9143e+00,7.3682e-02
1.5700e+03,5.0540e-01,5.5797e+00,1.2502e+01,1.9187e+00,7.3881e-02
1.5800e+03,5.0079e-01,5.5753e+00,1.2502e+01,1.9231e+00,7.4078e-02
1.5900e+03,4.9624e-01,5.5710e+00,1.2502e+01,1.9275e+00,7.4274e-02
1.6000e+03,4.9173e-01,5.5666e+00,1.2502e+01,1.9318e+00,7.4468e-02
1.6100e+03,4.8726e-01,5.5624e+00,1.2502e+01,1.9361e+00,7.4660e-02
1.6200e+03,4.8284e-01,5.5581e+00,1.2502e+01,1.9403e+00,7.4850e-02
1.6300e+03,4.7846e-01,5.5539e+00,1.2502e+01,1.9445e+00,7.5039e-02
1.6400e+03,4.7412e-01,5.5498e+00,1.2502e+01,1.9487e+00,7.5226e-02
1.6500e+03,4.6983e-01,5.5457e+00,1.2502e+01,1.9528e+00,7.5411e-02
1.6600e+03,4.6558e-01,5.5416e+00,1.2502e+01,1.9568e+00,7.5594e-02
1.6700e+03,4.6136e-01,5.5376e+00,1.2502e+01,1.9609e+00,7.5776e-02
1.6800e+03,4.5719e-01,5.5336e+00,1.2502e+01,1.9649e+00,7.5956e-02
1.6900e+03,4.5306e-01,5.5296e+00,1.2502e+01,1.9688e+00,7.6135e-02
1.7000e+03,4.4897e-01,5.5257e+00,1.2502e+01,1.9727e+00,7.6312e-02
1.7100e+03,4.4492e-01,5.5218e+00,1.2502e+01,1.9766e+00,7.6487e-02
1.7200e+03,4.4091e-01,5.5180e+00,1.2502e+01,1.9804e+00,7.6661e-02
1.7300e+03,4.3694e-01,5.5142e+00,1.2502e+01,1.9842e+00,7.6833e-02
1.7400e+03,4.3301e-01,5.5104e+00,1.2502e+01,1.9880e+00,7.7004e-02
1.7500e+03,4.2911e-01,5.5067e+00,1.2502e+01,1.9917e+00,7.7173e-02
1.7600e+03,4.2525e-01,5.5030e+00,1.2502e+01,1.9954e+00,7.7341e-02
1.7700e+03,4.2143e-01,5.4993e+00,1.2502e+01,1.9991e+00,7.7507e-02
1.7800e+03,4.1765e-01,5.4957e+00,1.2502e+01,2.0027e+00,7.7671e-02
1.7900e+03,4.1390e-01,5.4921e+00,1.2502e+01,2.0063e+00,7.7835e-02
1.8000e+03,4.1018e-01,5.4886e+00,1.2502e+01,2.0098e+00,7.7996e-02
1.8100e+03,4.0651e-01,5.4850e+00,1.2502e+01,2.0133e+00,7.8157e-02
1.8200e+03,4.0286e-01,5.4816e+00,1.2502e+01,2.0168e+00,7.8315e-02
1.8300e+03,3.9926e-01,5.4781e+00,1.2502e+01,2.0203e+00,7.8473e-02
1.8400e+03,3.9568e-01,5.4747e+00,1.2502e+01,2.0237e+00,7.8629e-02
1.8500e+03,3.9215e-01,5.4713e+00,1.2502e+01,2.0271e+00,7.8783e-02
1.8600e+03,3.8864e-01,5.4679e+00,1.2502e+01,2.0304e+00,7.8937e-02
1.8700e+03,3.8517e-01,5.4646e+00,1.2502e+01,2.0337e+00,7.9088e-02
1.8800e+03,3.8173e-01,5.4613e+00,1.2502e+01,2.0370e+00,7.9239e-02
1.8900e+03,3.7832e-01,5.4581e+00,1.2502e+01,2.0403e+00,7.9388e-02
1.9000e+03,3.7495e-01,5.4548e+00,1.2502e+01,2.0435e+00,7.9536e-02
1.9100e+03,3.7161e-01,5.4516e+00,1.2502e+01,2.0467e+00,7.9682e-02
1.9200e+03,3.6830e-01,5.4485e+00,1.2502e+01,2.0499e+00,7.9828e-02
1.9300e+03,3.6502e-01,5.4453e+00,1.2502e+01,2.0530e+00,7.9971e-02
1.9400e+03,3.6177e-01,5.4422e+00,1.2502e+01,2.0561e+00,8.0114e-02
1.9500e+03,3.5855e-01,5.4392e+00,1.2502e+01,2.0592e+00,8.0255e-02
1.9600e+03,3.5536e-01,5.4361e+00,1.2502e+01,2.0622e+00,8.0395e-02
1.9700e+03,3.5221e-01,5.4331e+00,1.2502e+01,2.0653e+00,8.0534e-02
1.9800e+03,3.4908e-01,5.4301e+00,1.2502e+01,2.0683e+00,8.0672e-02
1.9900e+03,3.4598e-01,5.4271e+00,1.2502e+01,2.0712e+00,8.0808e-02
2.0000e+03,3.4291e-01,5.4242e+00,1.2502e+01,2.0741e+00,8.0944e-02
2.0100e+03,3.3987e-01,5.4213e+00,1.2502e+01,2.0771e+00,8.1078e-02
2.0200e+03,3.3686e-01,5.4184e+00,1.2502e+01,2.0799e+00,8.1210e-02
2.0300e+03,3.3388e-01,5.4155e+00,1.2502e+01,2.0828e+00,8.1342e-02
2.0400e+03,3.3092e-01,5.4127e+00,1.2502e+01,2.0856e+00,8.1472e-02
2.0500e+03,3.2799e-01,5.4099e+00,1.2502e+01,2.0884e+00,8.1602e-02
2.0600e+03,3.2509e-01,5.4071e+00,1.2502e+01,2.0912e+00,8.1730e-02
2.0700e+03,3.2222e-01,5.4044e+00,1.2502e+01,2.0939e+00,8.1857e-02
2.0800e+03,3.1937e-01,5.4017e+00,1.2502e+01,2.0967e+00,8.1983e-02
2.0900e+03,3.1655e-01,5.3990e+00,1.2502e+01,2.0993e+00,8.2108e-02
2.1000e+03,3.1375e-01,5.3963e+00,1.2502e+01,2.1020e+00,8.2231e-02
2.1100e+03,3.1098e-01,5.3936e+00,1.2502e+01,2.1047e+00,8.2354e-02
2.1200e+03,3.0824e-01,5.3910e+00,1.2502e+01,2.1073e+00,8.2476e-02
2.1300e+03,3.0552e-01,5.3884e+00,1.2502e+01,2.1099e+00,8.2596e-02
2.1400e+03,3.0283e-01,5.3859e+00,1.2502e+01,2.1125e+00,8.2715e-02
2.1500e+03,3.0016e-01,5.3833e+00,1.2502e+01,2.1150e+00,8.2834e-02
2.1600e+03,2.9752e-01,5.3808e+00,1.2502e+01,2.1175e+00,8.2951e-02
2.1700e+03,2.9490e-01,5.3783e+00,1.2502e+01,2.1200e+00,8.3067e-02
2.1800e+03,2.9231e-01,5.3758e+00,1.2502e+01,2.1225e+00,8.3183e-02
2.1900e+03,2.8974e-01,5.3733e+00,1.2502e+01,2.1250e+00,8.3297e-02
2.2000e+03,2.8719e-01,5.3709e+00,1.2502e+01,2.1274e+00,8.3410e-02
2.2100e+03,2.8467e-01,5.3685e+00,1.2502e+01,2.1298e+00,8.3522e-02
2.2200e+03,2.8217e-01,5.3661e+00,1.2502e+01,2.1322e+00,8.3634e-02
2.2300e+03,2.7969e-01,5.3637e+00,1.2502e+01,2.1346e+00,8.3744e-02
2.2400e+03,2.7724e-01,5.3614e+00,1.2502e+01,2.1369e+00,8.3853e-02
2.2500e+03,2.7481e-01,5.3591e+00,1.2502e+01,2.1392e+00,8.3962e-02
2.2600e+03,2.7240e-01,5.3567e+00,1.2502e+01,2.1415e+00,8.4069e-02
2.2700e+03,2.7001e-01,5.3545e+00,1.2502e+01,2.1438e+00,8.4176e-02
2.2800e+03,2.6764e-01,5.3522e+00,1.2502e+01,2.1461e+00,8.4281e-02
2.2900e+03,2.6530e-01,5.3500e+00,1.2502e+01,2.1483e+00,8.4386e-02
2.3000e+03,2.6298e-01,5.3477e+00,1.2502e+01,2.1505e+00,8.4489e-02
2.3100e+03,2.6068e-01,5.3455e+00,1.2502e+01,2.1527e+00,8.4592e-02
2.3200e+03,2.5840e-01,5.3434e+00,1.2502e+01,2.1549e+00,8.4694e-02
2.3300e+03,2.5614e-01,5.3412e+00,1.2502e+01,2.1571e+00,8.4795e-02
2.3400e+03,2.5390e-01,5.3391e+00,1.2502e+01,2.1592e+00,8.4895e-02
2.3500e+03,2.5168e-01,5.3369e+00,1.2502e+01,2.1613e+00,8.4994e-02
2.3600e+03,2.4948e-01,5.3348e+00,1.2502e+01,2.1634e+00,8.5093e-02
2.3700e+03,2.4730e-01,5.3328e+00,1.2502e+01,2.1655e+00,8.5190e-02
2.3800e+03,2.4514e-01,5.3307e+00,1.2502e+01,2.1676e+00,8.5287e-02
2.3900e+03,2.4301e-01,5.3286e+00,1.2502e+01,2.1696e+00,8.5383e-02
2.4000e+03,2.4089e-01,5.3266e+00,1.2502e+01,2.1716e+00,8.5478e-02
2.4100e+03,2.3879e-01,5.3246e+00,1.2502e+01,2.1736e+00,8.5572e-02
2.4200e+03,2.3671e-01,5.3226e+00,1.2502e+01,2.1756e+00,8.5665e-02
2.4300e+03,2.3464e-01,5.3207e+00,1.2502e+01,2.1776e+00,8.5758e-02
2.4400e+03,2.3260e-01,5.3187e+00,1.2502e+01,2.1796e+00,8.5850e-02
2.4500e+03,2.3057e-01,5.3168e+00,1.2502e+01,2.1815e+00,8.5941e-02
2.4600e+03,2.2857e-01,5.3148e+00,1.2502e+01,2.1834e+00,8.6031e-02
2.4700e+03,2.2658e-01,5.3129e+00,1.2502e+01,2.1853e+00,8.6120e-02
2.4800e+03,2.2461e-01,5.3111e+00,1.2502e+01,2.1872e+00,8.6209e-02
2.4900e+03,2.2266e-01,5.3092e+00,1.2502e+01,2.1891e+00,8.6296e-02
2.5000e+03,2.2072e-01,5.3073e+00,1.2502e+01,2.1909e+00,8.6383e-02
2.5100e+03,2.1880e-01,5.3055e+00,1.2502e+01,2.1927e+00,8.6470e-02
2.5200e+03,2.1690e-01,5.3037e+00,1.2502e+01,2.1945e+00,8.6555e-02
2.5300e+03,2.1502e-01,5.3019e+00,1.2502e+01,2.1963e+00,8.6640e-02
2.5400e+03,2.1315e-01,5.3001e+00,1.2502e+01,2.1981e+00,8.6724e-02
2.5500e+03,2.1130e-01,5.2983e+00,1.2502e+01,2.1999e+00,8.6807e-02
2.5600e+03,2.0947e-01,5.2966e+00,1.2502e+01,2.2016e+00,8.6890e-02
2.5700e+03,2.0765e-01,5.2949e+00,1.2502e+01,2.2034e+00,8.6972e-02
2.5800e+03,2.0585e-01,5.2931e+00,1.2502e+01,2.2051e+00,8.7053e-02
2.5900e+03,2.0407e-01,5.2914e+00,1.2502e+01,2.2068e+00,8.7134e-02
2.6000e+03,2.0230e-01,5.2897e+00,1.2502e+01,2.2085e+00,8.7213e-02
2.6100e+03,2.0055e-01,5.2881e+00,1.2502e+01,2.2102e+00,8.7293e-02
2.6200e+03,1.9881e-01,5.2864e+00,1.2502e+01,2.2118e+00,8.7371e-02
2.6300e+03,1.9709e-01,5.2848e+00,1.2502e+01,2.2135e+00,8.7449e-02
2.6400e+03,1.9538e-01,5.2831e+00,1.2502e+01,2.2151e+00,8.7526e-02
2.6500e+03,1.9369e-01,5.2815e+00,1.2502e+01,2.2167e+00,8.7602e-02
2.6600e+03,1.9202e-01,5.2799e+00,1.2502e+01,2.2183e+00,8.7678e-02
2.6700e+03,1.9036e-01,5.2783e+00,1.2502e+01,2.2199e+00,8.7753e-02
2.6800e+03,1.8871e-01,5.2768e+00,1.2502e+01,2.2215e+00,8.7827e-02
2.6900e+03,1.8708e-01,5.2752e+00,1.2502e+01,2.2230e+00,8.7901e-02
2.7000e+03,1.8546e-01,5.2737e+00,1.2502e+01,2.2246e+00,8.7974e-02
2.7100e+03,1.8386e-01,5.2721e+00,1.2502e+01,2.2261e+00,8.8047e-02
2.7200e+03,1.8228e-01,5.2706e+00,1.2502e+01,2.2276e+00,8.8119e-02
2.7300e+03,1.8070e-01,5.2691e+00,1.2502e+01,2.2291e+00,8.8190e-02
2.7400e+03,1.7914e-01,5.2676e+00,1.2502e+01,2.2306e+00,8.8261e-02
2.7500e+03,1.7760e-01,5.2661e+00,1.2502e+01,2.2321e+00,8.8331e-02
2.7600e+03,1.7606e-01,5.2647e+00,1.2502e+01,2.2335e+00,8.8400e-02
2.7700e+03,1.7455e-01,5.2632e+00,1.2502e+01,2.2350e+00,8.8469e-02
2.7800e+03,1.7304e-01,5.2618e+00,1.2502e+01,2.2364e+00,8.8537e-02
2.7900e+03,1.7155e-01,5.2604e+00,1.2502e+01,2.2378e+00,8.8605e-02
2.8000e+03,1.7007e-01,5.2589e+00,1.2502e+01,2.2393e+00,8.8672e-02
2.8100e+03,1.6861e-01,5.2575e+00,1.2502e+01,2.2407e+00,8.8738e-02
2.8200e+03,1.6715e-01,5.2562e+00,1.2502e+01,2.2420e+00,8.8804e-02
2.8300e+03,1.6571e-01,5.2548e+00,1.2502e+01,2.2434e+00,8.8870e-02
2.8400e+03,1.6429e-01,5.2534e+00,1.2502e+01,2.2448e+00,8.8934e-02
2.8500e+03,1.6287e-01,5.2521e+00,1.2502e+01,2.2461e+00,8.8999e-02
2.8600e+03,1.6147e-01,5.2507e+00,1.2502e+01,2.2475e+00,8.9062e-02
2.8700e+03,1.6008e-01,5.2494e+00,1.2502e+01,2.2488e+00,8.9126e-02
2.8800e+03,1.5871e-01,5.2481e+00,1.2502e+01,2.2501e+00,8.9188e-02
2.8900e+03,1.5734e-01,5.2468e+00,1.2502e+01,2.2514e+00,8.9250e-02
2.9000e+03,1.5599e-01,5.2455e+00,1.2502e+01,2.2527e+00,8.9312e-02
2.9100e+03,1.5465e-01,5.2442e+00,1.2502e+01,2.2540e+00,8.9373e-02
2.9200e+03,1.5332e-01,5.2429e+00,1.2502e+01,2.2552e+00,8.9433e-02
2.9300e+03,1.5200e-01,5.2417e+00,1.2502e+01,2.2565e+00,8.9493e-02
2.9400e+03,1.5070e-01,5.2404e+00,1.2502e+01,2.2578e+00,8.9553e-02
2.9500e+03,1.4940e-01,5.2392e+00,1.2502e+01,2.2590e+00,8.9612e-02
2.9600e+03,1.4812e-01,5.2380e+00,1.2502e+01,2.2602e+00,8.9670e-02
2.9700e+03,1.4685e-01,5.2368e+00,1.2502e+01,2.2614e+00,8.9728e-02
2.9800e+03,1.4559e-01,5.2356e+00,1.2502e+01,2.2626e+00,8.9785e-02
2.9900e+03,1.4434e-01,5.2344e+00,1.2502e+01,2.2638e+00,8.9842e-02
3.0000e+03,1.4310e-01,5.2332e+00,1.2502e+01,2.2650e+00,8.9899e-02
3.0100e+03,1.4187e-01,5.2320e+00,1.2502e+01,2.2662e+00,8.9955e-02
3.0200e+03,1.4066e-01,5.2309e+00,1.2502e+01,2.2673e+00,9.0010e-02
3.0300e+03,1.3945e-01,5.2297e+00,1.2502e+01,2.2685e+00,9.0065e-02
3.0400e+03,1.3826e-01,5.2286e+00,1.2502e+01,2.2696e+00,9.0120e-02
3.0500e+03,1.3707e-01,5.2274e+00,1.2502e+01,2.2708e+00,9.0174e-02
3.0600e+03,1.3590e-01,5.2263e+00,1.2502e+01,2.2719e+00,9.0227e-02
3.0700e+03,1.3473e-01,5.2252e+00,1.2502e+01,2.2730e+00,9.0280e-02
3.0800e+03,1.3358e-01,5.2241e+00,1.2502e+01,2.2741e+00,9.0333e-02
3.0900e+03,1.3244e-01,5.2230e+00,1.2502e+01,2.2752e+00,9.0385e-02
3.1000e+03,1.3130e-01,5.2219e+00,1.2502e+01,2.2763e+00,9.0437e-02
3.1100e+03,1.3018e-01,5.2208e+00,1.2502e+01,2.2773e+00,9.0489e-02
3.1200e+03,1.2906e-01,5.2198e+00,1.2502e+01,2.2784e+00,9.0539e-02
3.1300e+03,1.2796e-01,5.2187e+00,1.2502e+01,2.2795e+00,9.0590e-02
3.1400e+03,1.2687e-01,5.2177e+00,1.2502e+01,2.2805e+00,9.0640e-02
3.1500e+03,1.2578e-01,5.2166e+00,1.2502e+01,2.2815e+00,9.0690e-02
3.1600e+03,1.2471e-01,5.2156e+00,1.2502e+01,2.2826e+00,9.0739e-02
3.1700e+03,1.2364e-01,5.2146e+00,1.2502e+01,2.2836e+00,9.0788e-02
3.1800e+03,1.2258e-01,5.2136e+00,1.2502e+01,2.2846e+00,9.0836e-02
3.1900e+03,1.2153e-01,5.2126e+00,1.2502e+01,2.2856e+00,9.0884e-02
3.2000e+03,1.2050e-01,5.2116e+00,1.2502e+01,2.2866e+00,9.0931e-02
3.2100e+03,1.1947e-01,5.2106e+00,1.2502e+01,2.2876e+00,9.0978e-02
3.2200e+03,1.1845e-01,5.2096e+00,1.2502e+01,2.2885e+00,9.1025e-02
3.2300e+03,1.1744e-01,5.2087e+00,1.2502e+01,2.2895e+00,9.1072e-02
3.2400e+03,1.1643e-01,5.2077e+00,1.2502e+01,2.2905e+00,9.1117e-02
3.2500e+03,1.1544e-01,5.2068e+00,1.2502e+01,2.2914e+00,9.1163e-02
3.2600e+03,1.1445e-01,5.2058e+00,1.2502e+01,2.2923e+00,9.1208e-02
3.2700e+03,1.1348e-01,5.2049e+00,1.2502e+01,2.2933e+00,9.1253e-02
3.2800e+03,1.1251e-01,5.2040e+00,1.2502e+01,2.2942e+00,9.1297e-02
3.2900e+03,1.1155e-01,5.2031e+00,1.2502e+01,2.2951e+00,9.1341e-02
3.3000e+03,1.1060e-01,5.2021e+00,1.2502e+01,2.2960e+00,9.1385e-02
3.3100e+03,1.0965e-01,5.2012e+00,1.2502e+01,2.2969e+00,9.1428e-02
3.3200e+03,1.0872e-01,5.2003e+00,1.2502e+01,2.2978e+00,9.1471e-02
3.3300e+03,1.0779e-01,5.1995e+00,1.2502e+01,2.2987e+00,9.1514e-02
3.3400e+03,1.0687e-01,5.1986e+00,1.2502e+01,2.2996e+00,9.1556e-02
3.3500e+03,1.0596e-01,5.1977e+00,1.2502e+01,2.3004e+00,9.1598e-02
3.3600e+03,1.0506e-01,5.1969e+00,1.2502e+01,2.3013e+00,9.1639e-02
3.3700e+03,1.0416e-01,5.1960e+00,1.2502e+01,2.3022e+00,9.1680e-02
3.3800e+03,1.0328e-01,5.1952e+00,1.2502e+01,2.3030e+00,9.1721e-02
3.3900e+03,1.0240e-01,5.1943e+00,1.2502e+01,2.3038e+00,9.1761e-02
3.4000e+03,1.0152e-01,5.1935e+00,1.2502e+01,2.3047e+00,9.1801e-02
3.4100e+03,1.0066e-01,5.1927e+00,1.2502e+01,2.3055e+00,9.1841e-02
3.4200e+03,9.9803e-02,5.1918e+00,1.2502e+01,2.3063e+00,9.1880e-02
3.4300e+03,9.8953e-02,5.1910e+00,1.2502e+01,2.3071e+00,9.1919e-02
3.4400e+03,9.8111e-02,5.1902e+00,1.2502e+01,2.3079e+00,9.1958e-02
3.4500e+03,9.7276e-02,5.1894e+00,1.2502e+01,2.3087e+00,9.1996e-02
3.4600e+03,9.6448e-02,5.1886e+00,1.2502e+01,2.3095e+00,9.2034e-02
3.4700e+03,9.5628e-02,5.1878e+00,1.2502e+01,2.3103e+00,9.2072e-02
3.4800e+03,9.4814e-02,5.1871e+00,1.2502e+01,2.3111e+00,9.2110e-02
3.4900e+03,9.4008e-02,5.1863e+00,1.2502e+01,2.3118e+00,9.2147e-02
3.5000e+03,9.3208e-02,5.1855e+00,1.2502e+01,2.3126e+00,9.2183e-02
3.5100e+03,9.2416e-02,5.1848e+00,1.2502e+01,2.3134e+00,9.2220e-02
3.5200e+03,9.1630e-02,5.1840e+00,1.2502e+01,2.3141e+00,9.2256e-02
3.5300e+03,9.0851e-02,5.1833e+00,1.2502e+01,2.3149e+00,9.2292e-02
3.5400e+03,9.0079e-02,5.1826e+00,1.2502e+01,2.3156e+00,9.2327e-02
3.5500e+03,8.9313e-02,5.1818e+00,1.2502e+01,2.3163e+00,9.2363e-02
3.5600e+03,8.8554e-02,5.1811e+00,1.2502e+01,2.3171e+00,9.2398e-02
3.5700e+03,8.7802e-02,5.1804e+00,1.2502e+01,2.3178e+00,9.2432e-02
3.5800e+03,8.7056e-02,5.1797e+00,1.2502e+01,2.3185e+00,9.2467e-02
3.5900e+03,8.6316e-02,5.1790e+00,1.2502e+01,2.3192e+00,9.2501e-02
3.6000e+03,8.5583e-02,5.1783e+00,1.2502e+01,2.3199e+00,9.2534e-02
3.6100e+03,8.4856e-02,5.1776e+00,1.2502e+01,2.3206e+00,9.2568e-02
3.6200e+03,8.4136e-02,5.1769e+00,1.2502e+01,2.3213e+00,9.2601e-02
3.6300e+03,8.3422e-02,5.1762e+00,1.2502e+01,2.3219e+00,9.2634e-02
3.6400e+03,8.2713e-02,5.1755e+00,1.2502e+01,2.3226e+00,9.2667e-02
3.6500e+03,8.2011e-02,5.1748e+00,1.2502e+01,2.3233e+00,9.2699e-02
3.6600e+03,8.1315e-02,5.1742e+00,1.2502e+01,2.3240e+00,9.2731e-02
3.6700e+03,8.0625e-02,5.1735e+00,1.2502e+01,2.3246e+00,9.2763e-02
3.6800e+03,7.9941e-02,5.1729e+00,1.2502e+01,2.3253e+00,9.2794e-02
3.6900e+03,7.9263e-02,5.1722e+00,1.2502e+01,2.3259e+00,9.2826e-02
3.7000e+03,7.8591e-02,5.1716e+00,1.2502e+01,2.3266e+00,9.2857e-02
3.7100e+03,7.7924e-02,5.1709e+00,1.2502e+01,2.3272e+00,9.2887e-02
3.7200e+03,7.7263e-02,5.1703e+00,1.2502e+01,2.3278e+00,9.2918e-02
3.7300e+03,7.6608e-02,5.1697e+00,1.2502e+01,2.3284e+00,9.2948e-02
3.7400e+03,7.5958e-02,5.1691e+00,1.2502e+01,2.3291e+00,9.2978e-02
3.7500e+03,7.5314e-02,5.1685e+00,1.2502e+01,2.3297e+00,9.3008e-02
3.7600e+03,7.4676e-02,5.1678e+00,1.2502e+01,2.3303e+00,9.3037e-02
3.7700e+03,7.4043e-02,5.1672e+00,1.2502e+01,2.3309e+00,9.3066e-02
3.7800e+03,7.3415e-02,5.1666e+00,1.2502e+01,2.3315e+00,9.3095e-02
3.7900e+03,7.2793e-02,5.1660e+00,1.2502e+01,2.3321e+00,9.3124e-02
3.8000e+03,7.2176e-02,5.1655e+00,1.2502e+01,2.3327e+00,9.3153e-02
3.8100e+03,7.1565e-02,5.1649e+00,1.2502e+01,2.3333e+00,9.3181e-02
3.8200e+03,7.0958e-02,5.1643e+00,1.2502e+01,2.3338e+00,9.3209e-02
3.8300e+03,7.0357e-02,5.1637e+00,1.2502e+01,2.3344e+00,9.3237e-02
3.8400e+03,6.9761e-02,5.1632e+00,1.2502e+01,2.3350e+00,9.3264e-02
3.8500e+03,6.9171e-02,5.1626e+00,1.2502e+01,2.3355e+00,9.3291e-02
3.8600e+03,6.8585e-02,5.1620e+00,1.2502e+01,2.3361e+00,9.3318e-02
3.8700e+03,6.8004e-02,5.1615e+00,1.2502e+01,2.3367e+00,9.3345e-02
3.8800e+03,6.7428e-02,5.1609e+00,1.2502e+01,2.3372e+00,9.3372e-02
3.8900e+03,6.6858e-02,5.1604e+00,1.2502e+01,2.3377e+00,9.3398e-02
3.9000e+03,6.6292e-02,5.1598e+00,1.2502e+01,2.3383e+00,9.3424e-02
3.9100e+03,6.5731e-02,5.1593e+00,1.2502e+01,2.3388e+00,9.3450e-02
3.9200e+03,6.5174e-02,5.1588e+00,1.2502e+01,2.3394e+00,9.3476e-02
3.9300e+03,6.4623e-02,5.1582e+00,1.2502e+01,2.3399e+00,9.3502e-02
3.9400e+03,6.4076e-02,5.1577e+00,1.2502e+01,2.3404e+00,9.3527e-02
3.9500e+03,6.3534e-02,5.1572e+00,1.2502e+01,2.3409e+00,9.3552e-02
3.9600e+03,6.2996e-02,5.1567e+00,1.2502e+01,2.3414e+00,9.3577e-02
3.9700e+03,6.2463e-02,5.1562e+00,1.2502e+01,2.3419e+00,9.3601e-02
3.9800e+03,6.1935e-02,5.1557e+00,1.2502e+01,2.3424e+00,9.3626e-02
3.9900e+03,6.1411e-02,5.1552e+00,1.2502e+01,2.3429e+00,9.3650e-02
4.0000e+03,6.0892e-02,5.1547e+00,1.2502e+01,2.3434e+00,9.3674e-02
4.0100e+03,6.0377e-02,5.1542e+00,1.2502e+01,2.3439e+00,9.3698e-02
4.0200e+03,5.9866e-02,5.1537e+00,1.2502e+01,2.3444e+00,9.3721e-02
4.0300e+03,5.9360e-02,5.1532e+00,1.2502e+01,2.3449e+00,9.3745e-02
4.0400e+03,5.8858e-02,5.1527e+00,1.2502e+01,2.3454e+00,9.3768e-02
4.0500e+03,5.8361e-02,5.1523e+00,1.2502e+01,2.3459e+00,9.3791e-02
4.0600e+03,5.7867e-02,5.1518e+00,1.2502e+01,2.3463e+00,9.3814e-02
4.0700e+03,5.7378e-02,5.1513e+00,1.2502e+01,2.3468e+00,9.3837e-02
4.0800e+03,5.6893e-02,5.1509e+00,1.2502e+01,2.3472e+00,9.3859e-02
4.0900e+03,5.6413e-02,5.1504e+00,1.2502e+01,2.3477e+00,9.3881e-02
4.1000e+03,5.5936e-02,5.1500e+00,1.2502e+01,2.3482e+00,9.3903e-02
4.1100e+03,5.5463e-02,5.1495e+00,1.2502e+01,2.3486e+00,9.3925e-02
4.1200e+03,5.4995e-02,5.1491e+00,1.2502e+01,2.3491e+00,9.3947e-02
4.1300e+03,5.4530e-02,5.1486e+00,1.2502e+01,2.3495e+00,9.3968e-02
4.1400e+03,5.4070e-02,5.1482e+00,1.2502e+01,2.3499e+00,9.3990e-02
4.1500e+03,5.3613e-02,5.1477e+00,1.2502e+01,2.3504e+00,9.4011e-02
4.1600e+03,5.3160e-02,5.1473e+00,1.2502e+01,2.3508e+00,9.4032e-02
4.1700e+03,5.2711e-02,5.1469e+00,1.2502e+01,2.3512e+00,9.4053e-02
4.1800e+03,5.2266e-02,5.1465e+00,1.2502e+01,2.3517e+00,9.4073e-02
4.1900e+03,5.1825e-02,5.1460e+00,1.2502e+01,2.3521e+00,9.4094e-02
4.2000e+03,5.1387e-02,5.1456e+00,1.2502e+01,2.3525e+00,9.4114e-02
4.2100e+03,5.0953e-02,5.1452e+00,1.2502e+01,2.3529e+00,9.4134e-02
4.2200e+03,5.0523e-02,5.1448e+00,1.2502e+01,2.3533e+00,9.4154e-02
4.2300e+03,5.0097e-02,5.1444e+00,1.2502e+01,2.3537e+00,9.4174e-02
4.2400e+03,4.9674e-02,5.1440e+00,1.2502e+01,2.3541e+00,9.4193e-02
4.2500e+03,4.9255e-02,5.1436e+00,1.2502e+01,2.3545e+00,9.4213e-02
4.2600e+03,4.8839e-02,5.1432e+00,1.2502e+01,2.3549e+00,9.4232e-02
4.2700e+03,4.8427e-02,5.1428e+00,1.2502e+01,2.3553e+00,9.4251e-02
4.2800e+03,4.8018e-02,5.1424e+00,1.2502e+01,2.3557e+00,9.4270e-02
4.2900e+03,4.7613e-02,5.1420e+00,1.2502e+01,2.3561e+00,9.4289e-02
4.3000e+03,4.7211e-02,5.1416e+00,1.2502e+01,2.3565e+00,9.4308e-02
4.3100e+03,4.6813e-02,5.1413e+00,1.2502e+01,2.3569e+00,9.4326e-02
4.3200e+03,4.6418e-02,5.1409e+00,1.2502e+01,2.3572e+00,9.4344e-02
4.3300e+03,4.6027e-02,5.1405e+00,1.2502e+01,2.3576e+00,9.4363e-02
4.3400e+03,4.5638e-02,5.1401e+00,1.2502e+01,2.3580e+00,9.4381e-02
4.3500e+03,4.5253e-02,5.1398e+00,1.2502e+01,2.3584e+00,9.4398e-02
4.3600e+03,4.4872e-02,5.1394e+00,1.2502e+01,2.3587e+00,9.4416e-02
4.3700e+03,4.4493e-02,5.1390e+00,1.2502e+01,2.3591e+00,9.4434e-02
4.3800e+03,4.4118e-02,5.1387e+00,1.2502e+01,2.3594e+00,9.4451e-02
4.3900e+03,4.3746e-02,5.1383e+00,1.2502e+01,2.3598e+00,9.4468e-02
4.4000e+03,4.3377e-02,5.1380e+00,1.2502e+01,2.3601e+00,9.4485e-02
4.4100e+03,4.3012e-02,5.1376e+00,1.2502e+01,2.3605e+00,9.4502e-02
4.4200e+03,4.2649e-02,5.1373e+00,1.2502e+01,2.3608e+00,9.4519e-02
4.4300e+03,4.2290e-02,5.1369e+00,1.2502e+01,2.3612e+00,9.4536e-02
4.4400e+03,4.1933e-02,5.1366e+00,1.2502e+01,2.3615e+00,9.4552e-02
4.4500e+03,4.1580e-02,5.1363e+00,1.2502e+01,2.3619e+00,9.4569e-02
4.4600e+03,4.1229e-02,5.1359e+00,1.2502e+01,2.3622e+00,9.4585e-02
4.4700e+03,4.0882e-02,5.1356e+00,1.2502e+01,2.3625e+00,9.4601e-02
4.4800e+03,4.0537e-02,5.1353e+00,1.2502e+01,2.3628e+00,9.4617e-02
4.4900e+03,4.0196e-02,5.1349e+00,1.2502e+01,2.3632e+00,9.4633e-02
4.5000e+03,3.9857e-02,5.1346e+00,1.2502e+01,2.3635e+00,9.4649e-02
4.5100e+03,3.9521e-02,5.1343e+00,1.2502e+01,2.3638e+00,9.4664e-02
4.5200e+03,3.9188e-02,5.1340e+00,1.2502e+01,2.3641e+00,9.4680e-02
4.5300e+03,3.8858e-02,5.1337e+00,1.2502e+01,2.3644e+00,9.4695e-02
4.5400e+03,3.8531e-02,5.1333e+00,1.2502e+01,2.3648e+00,9.4710e-02
4.5500e+03,3.8206e-02,5.1330e+00,1.2502e+01,2.3651e+00,9.4725e-02
4.5600e+03,3.7884e-02,5.1327e+00,1.2502e+01,2.3654e+00,9.4740e-02
4.5700e+03,3.7565e-02,5.1324e+00,1.2502e+01,2.3657e+00,9.4755e-02
4.5800e+03,3.7249e-02,5.1321e+00,1.2502e+01,2.3660e+00,9.4770e-02
4.5900e+03,3.6935e-02,5.1318e+00,1.2502e+01,2.3663e+00,9.4785e-02
4.6000e+03,3.6624e-02,5.1315e+00,1.2502e+01,2.3666e+00,9.4799e-02
4.6100e+03,3.6316e-02,5.1312e+00,1.2502e+01,2.3669e+00,9.4813e-02
4.6200e+03,3.6010e-02,5.1309e+00,1.2502e+01,2.3672e+00,9.4827e-02
4.6300e+03,3.5707e-02,5.1307e+00,1.2502e+01,2.3675e+00,9.4842e-02
4.6400e+03,3.5406e-02,5.1304e+00,1.2502e+01,2.3677e+00,9.4856e-02
4.6500e+03,3.5108e-02,5.1301e+00,1.2502e+01,2.3680e+00,9.4869e-02
4.6600e+03,3.4812e-02,5.1298e+00,1.2502e+01,2.3683e+00,9.4883e-02
4.6700e+03,3.4519e-02,5.1295e+00,1.2502e+01,2.3686e+00,9.4897e-02
4.6800e+03,3.4229e-02,5.1292e+00,1.2502e+01,2.3689e+00,9.4910e-02
4.6900e+03,3.3941e-02,5.1290e+00,1.2502e+01,2.3691e+00,9.4924e-02
4.7000e+03,3.3655e-02,5.1287e+00,1.2502e+01,2.3694e+00,9.4937e-02
4.7100e+03,3.3372e-02,5.1284e+00,1.2502e+01,2.3697e+00,9.4950e-02
4.7200e+03,3.3091e-02,5.1282e+00,1.2502e+01,2.3699e+00,9.4963e-02
4.7300e+03,3.2812e-02,5.1279e+00,1.2502e+01,2.3702e+00,9.4976e-02
4.7400e+03,3.2536e-02,5.1276e+00,1.2502e+01,2.3705e+00,9.4989e-02
4.7500e+03,3.2262e-02,5.1274e+00,1.2502e+01,2.3707e+00,9.5002e-02
4.7600e+03,3.1991e-02,5.1271e+00,1.2502e+01,2.3710e+00,9.5014e-02
4.7700e+03,3.1722e-02,5.1268e+00,1.2502e+01,2.3713e+00,9.5027e-02
4.7800e+03,3.1455e-02,5.1266e+00,1.2502e+01,2.3715e+00,9.5039e-02
4.7900e+03,3.1190e-02,5.1263e+00,1.2502e+01,2.3718e+00,9.5052e-02
4.8000e+03,3.0928e-02,5.1261e+00,1.2502e+01,2.3720e+00,9.5064e-02
4.8100e+03,3.0668e-02,5.1258e+00,1.2502e+01,2.3723e+00,9.5076e-02
4.8200e+03,3.0410e-02,5.1256e+00,1.2502e+01,2.3725e+00,9.5088e-02
4.8300e+03,3.0154e-02,5.1254e+00,1.2502e+01,2.3727e+00,9.5100e-02
4.8400e+03,2.9900e-02,5.1251e+00,1.2502e+01,2.3730e+00,9.5112e-02
4.8500e+03,2.9649e-02,5.1249e+00,1.2502e+01,2.3732e+00,9.5123e-02
4.8600e+03,2.9399e-02,5.1246e+00,1.2502e+01,2.3735e+00,9.5135e-02
4.8700e+03,2.9152e-02,5.1244e+00,1.2502e+01,2.3737e+00,9.5146e-02
4.8800e+03,2.8907e-02,5.1242e+00,1.2502e+01,2.3739e+00,9.5158e-02
4.8900e+03,2.8664e-02,5.1239e+00,1.2502e+01,2.3742e+00,9.5169e-02
4.9000e+03,2.8423e-02,5.1237e+00,1.2502e+01,2.3744e+00,9.5180e-02
4.9100e+03,2.8184e-02,5.1235e+00,1.2502e+01,2.3746e+00,9.5191e-02
4.9200e+03,2.7947e-02,5.1232e+00,1.2502e+01,2.3749e+00,9.5202e-02
4.9300e+03,2.7712e-02,5.1230e+00,1.2502e+01,2.3751e+00,9.5213e-02
4.9400e+03,2.7479e-02,5.1228e+00,1.2502e+01,2.3753e+00,9.5224e-02
4.9500e+03,2.7248e-02,5.1226e+00,1.2502e+01,2.3755e+00,9.5235e-02
4.9600e+03,2.7019e-02,5.1224e+00,1.2502e+01,2.3757e+00,9.5246e-02
4.9700e+03,2.6791e-02,5.1221e+00,1.2502e+01,2.3760e+00,9.5256e-02
4.9800e+03,2.6566e-02,5.1219e+00,1.2502e+01,2.3762e+00,9.5267e-02
4.9900e+03,2.6343e-02,5.1217e+00,1.2502e+01,2.3764e+00,9.5277e-02
5.0000e+03,2.6121e-02,5.1215e+00,1.2502e+01,2.3766e+00,9.5287e-02
5.0100e+03,2.5902e-02,5.1213e+00,1.2502e+01,2.3768e+00,9.5298e-02
5.0200e+03,2.5684e-02,5.1211e+00,1.2502e+01,2.3770e+00,9.5308e-02
5.0300e+03,2.5468e-02,5.1209e+00,1.2502e+01,2.3772e+00,9.5318e-02
5.0400e+03,2.5254e-02,5.1207e+00,1.2502e+01,2.3774e+00,9.5328e-02
5.0500e+03,2.5042e-02,5.1205e+00,1.2502e+01,2.3776e+00,9.5338e-02
5.0600e+03,2.4832e-02,5.1203e+00,1.2502e+01,2.3778e+00,9.5347e-02
5.0700e+03,2.4623e-02,5.1201e+00,1.2502e+01,2.3780e+00,9.5357e-02
5.0800e+03,2.4416e-02,5.1199e+00,1.2502e+01,2.3782e+00,9.5367e-02
5.0900e+03,2.4211e-02,5.1197e+00,1.2502e+01,2.3784e+00,9.5376e-02
5.1000e+03,2.4007e-02,5.1195e+00,1.2502e+01,2.3786e+00,9.5386e-02
5.1100e+03,2.3806e-02,5.1193e+00,1.2502e+01,2.3788e+00,9.5395e-02
5.1200e+03,2.3606e-02,5.1191e+00,1.2502e+01,2.3790e+00,9.5404e-02
5.1300e+03,2.3407e-02,5.1189e+00,1.2502e+01,2.3792e+00,9.5414e-02
5.1400e+03,2.3211e-02,5.1187e+00,1.2502e+01,2.3794e+00,9.5423e-02
5.1500e+03,2.3016e-02,5.1185e+00,1.2502e+01,2.3796e+00,9.5432e-02
5.1600e+03,2.2822e-02,5.1184e+00,1.2502e+01,2.3797e+00,9.5441e-02
5.1700e+03,2.2631e-02,5.1182e+00,1.2502e+01,2.3799e+00,9.5450e-02
5.1800e+03,2.2440e-02,5.1180e+00,1.2502e+01,2.3801e+00,9.5459e-02
5.1900e+03,2.2252e-02,5.1178e+00,1.2502e+01,2.3803e+00,9.5467e-02
5.2000e+03,2.2065e-02,5.1176e+00,1.2502e+01,2.3805e+00,9.5476e-02
5.2100e+03,2.1880e-02,5.1175e+00,1.2502e+01,2.3806e+00,9.5485e-02
5.2200e+03,2.1696e-02,5.1173e+00,1.2502e+01,2.3808e+00,9.5493e-02
5.2300e+03,2.1514e-02,5.1171e+00,1.2502e+01,2.3810e+00,9.5502e-02
5.2400e+03,2.1333e-02,5.1169e+00,1.2502e+01,2.3812e+00,9.5510e-02
5.2500e+03,2.1154e-02,5.1168e+00,1.2502e+01,2.3813e+00,9.5519e-02
5.2600e+03,2.0976e-02,5.1166e+00,1.2502e+01,2.3815e+00,9.5527e-02
5.2700e+03,2.0800e-02,5.1164e+00,1.2502e+01,2.3817e+00,9.5535e-02
5.2800e+03,2.0625e-02,5.1163e+00,1.2502e+01,2.3818e+00,9.5543e-02
5.2900e+03,2.0452e-02,5.1161e+00,1.2502e+01,2.3820e+00,9.5551e-02
5.3000e+03,2.0280e-02,5.1159e+00,1.2502e+01,2.3822e+00,9.5559e-02
5.3100e+03,2.0110e-02,5.1158e+00,1.2502e+01,2.3823e+00,9.5567e-02
5.3200e+03,1.9941e-02,5.1156e+00,1.2502e+01,2.3825e+00,9.5575e-02
5.3300e+03,1.9774e-02,5.1154e+00,1.2502e+01,2.3826e+00,9.5583e-02
5.3400e+03,1.9608e-02,5.1153e+00,1.2502e+01,2.3828e+00,9.5591e-02
5.3500e+03,1.9443e-02,5.1151e+00,1.2502e+01,2.3830e+00,9.5598e-02
5.3600e+03,1.9280e-02,5.1150e+00,1.2502e+01,2.3831e+00,9.5606e-02
5.3700e+03,1.9118e-02,5.1148e+00,1.2502e+01,2.3833e+00,9.5613e-02
5.3800e+03,1.8957e-02,5.1147e+00,1.2502e+01,2.3834e+00,9.5621e-02
5.3900e+03,1.8798e-02,5.1145e+00,1.2502e+01,2.3836e+00,9.5628e-02
5.4000e+03,1.8641e-02,5.1144e+00,1.2502e+01,2.3837e+00,9.5636e-02
5.4100e+03,1.8484e-02,5.1142e+00,1.2502e+01,2.3839e+00,9.5643e-02
5.4200e+03,1.8329e-02,5.1141e+00,1.2502e+01,2.3840e+00,9.5650e-02
5.4300e+03,1.8175e-02,5.1139e+00,1.2502e+01,2.3842e+00,9.5657e-02
5.4400e+03,1.8022e-02,5.1138e+00,1.2502e+01,2.3843e+00,9.5665e-02
5.4500e+03,1.7871e-02,5.1136e+00,1.2502e+01,2.3845e+00,9.5672e-02
5.4600e+03,1.7721e-02,5.1135e+00,1.2502e+01,2.3846e+00,9.5679e-02
5.4700e+03,1.7572e-02,5.1133e+00,1.2502e+01,2.3847e+00,9.5686e-02
5.4800e+03,1.7425e-02,5.1132e+00,1.2502e+01,2.3849e+00,9.5692e-02
5.4900e+03,1.7279e-02,5.1131e+00,1.2502e+01,2.3850e+00,9.5699e-02
5.5000e+03,1.7134e-02,5.1129e+00,1.2502e+01,2.3852e+00,9.5706e-02
5.5100e+03,1.6990e-02,5.1128e+00,1.2502e+01,2.3853e+00,9.5713e-02
5.5200e+03,1.6847e-02,5.1127e+00,1.2502e+01,2.3854e+00,9.5719e-02
5.5300e+03,1.6706e-02,5.1125e+00,1.2502e+01,2.3856e+00,9.5726e-02
5.5400e+03,1.6566e-02,5.1124e+00,1.2502e+01,2.3857e+00,9.5732e-02
5.5500e+03,1.6427e-02,5.1123e+00,1.2502e+01,2.3858e+00,9.5739e-02
5.5600e+03,1.6289e-02,5.1121e+00,1.2502e+01,2.3860e+00,9.5745e-02
5.5700e+03,1.6152e-02,5.1120e+00,1.2502e+01,2.3861e+00,9.5752e-02
5.5800e+03,1.6017e-02,5.1119e+00,1.2502e+01,2.3862e+00,9.5758e-02
5.5900e+03,1.5882e-02,5.1117e+00,1.2502e+01,2.3864e+00,9.5764e-02
5.6000e+03,1.5749e-02,5.1116e+00,1.2502e+01,2.3865e+00,9.5771e-02
5.6100e+03,1.5617e-02,5.1115e+00,1.2502e+01,2.3866e+00,9.5777e-02
5.6200e+03,1.5486e-02,5.1114e+00,1.2502e+01,2.3867e+00,9.5783e-02
5.6300e+03,1.5356e-02,5.1112e+00,1.2502e+01,2.3869e+00,9.5789e-02
5.6400e+03,1.5227e-02,5.1111e+00,1.2502e+01,2.3870e+00,9.5795e-02
5.6500e+03,1.5099e-02,5.1110e+00,1.2502e+01,2.3871e+00,9.5801e-02
5.6600e+03,1.4973e-02,5.1109e+00,1.2502e+01,2.3872e+00,9.5807e-02
5.6700e+03,1.4847e-02,5.1107e+00,1.2502e+01,2.3873e+00,9.5813e-02
5.6800e+03,1.4722e-02,5.1106e+00,1.2502e+01,2.3875e+00,9.5818e-02
5.6900e+03,1.4599e-02,5.1105e+00,1.2502e+01,2.3876e+00,9.5824e-02
5.7000e+03,1.4476e-02,5.1104e+00,1.2502e+01,2.3877e+00,9.5830e-02
5.7100e+03,1.4355e-02,5.1103e+00,1.2502e+01,2.3878e+00,9.5836e-02
5.7200e+03,1.4235e-02,5.1102e+00,1.2502e+01,2.3879e+00,9.5841e-02
5.7300e+03,1.4115e-02,5.1100e+00,1.2502e+01,2.3880e+00,9.5847e-02
5.7400e+03,1.3997e-02,5.1099e+00,1.2502e+01,2.3882e+00,9.5852e-02
5.7500e+03,1.3879e-02,5.1098e+00,1.2502e+01,2.3883e+00,9.5858e-02
5.7600e+03,1.3763e-02,5.1097e+00,1.2502e+01,2.3884e+00,9.5863e-02
5.7700e+03,1.3648e-02,5.1096e+00,1.2502e+01,2.3885e+00,9.5869e-02
5.7800e+03,1.3533e-02,5.1095e+00,1.2502e+01,2.3886e+00,9.5874e-02
5.7900e+03,1.3420e-02,5.1094e+00,1.2502e+01,2.3887e+00,9.5879e-02
5.8000e+03,1.3307e-02,5.1093e+00,1.2502e+01,2.3888e+00,9.5884e-02
5.8100e+03,1.3195e-02,5.1092e+00,1.2502e+01,2.3889e+00,9.5890e-02
5.8200e+03,1.3085e-02,5.1091e+00,1.2502e+01,2.3890e+00,9.5895e-02
5.8300e+03,1.2975e-02,5.1090e+00,1.2502e+01,2.3891e+00,9.5900e-02
5.8400e+03,1.2866e-02,5.1089e+00,1.2502e+01,2.3892e+00,9.5905e-02
5.8500e+03,1.2758e-02,5.1088e+00,1.2502e+01,2.3893e+00,9.5910e-02
5.8600e+03,1.2651e-02,5.1087e+00,1.2502e+01,2.3894e+00,9.5915e-02
5.8700e+03,1.2545e-02,5.1086e+00,1.2502e+01,2.3895e+00,9.5920e-02
5.8800e+03,1.2440e-02,5.1085e+00,1.2502e+01,2.3896e+00,9.5925e-02
5.8900e+03,1.2336e-02,5.1084e+00,1.2502e+01,2.3897e+00,9.5930e-02
5.9000e+03,1.2232e-02,5.1083e+00,1.2502e+01,2.3898e+00,9.5935e-02
5.9100e+03,1.2130e-02,5.1082e+00,1.2502e+01,2.3899e+00,9.5939e-02
5.9200e+03,1.2028e-02,5.1081e+00,1.2502e+01,2.3900e+00,9.5944e-02
5.9300e+03,1.1927e-02,5.1080e+00,1.2502e+01,2.3901e+00,9.5949e-02
5.9400e+03,1.1827e-02,5.1079e+00,1.2502e+01,2.3902e+00,9.5953e-02
5.9500e+03,1.1728e-02,5.1078e+00,1.2502e+01,2.3903e+00,9.5958e-02
5.9600e+03,1.1630e-02,5.1077e+00,1.2502e+01,2.3904e+00,9.5963e-02
5.9700e+03,1.1532e-02,5.1076e+00,1.2502e+01,2.3905e+00,9.5967e-02
5.9800e+03,1.1435e-02,5.1075e+00,1.2502e+01,2.3906e+00,9.5972e-02
5.9900e+03,1.1339e-02,5.1074e+00,1.2502e+01,2.3907e+00,9.5976e-02
6.0000e+03,1.1244e-02,5.1073e+00,1.2502e+01,2.3908e+00,9.5981e-02
6.0100e+03,1.1150e-02,5.1072e+00,1.2502e+01,2.3909e+00,9.5985e-02
6.0200e+03,1.1057e-02,5.1071e+00,1.2502e+01,2.3910e+00,9.5989e-02
6.0300e+03,1.0964e-02,5.1070e+00,1.2502e+01,2.3910e+00,9.5994e-02
6.0400e+03,1.0872e-02,5.1070e+00,1.2502e+01,2.3911e+00,9.5998e-02
6.0500e+03,1.0781e-02,5.1069e+00,1.2502e+01,2.3912e+00,9.6002e-02
6.0600e+03,1.0691e-02,5.1068e+00,1.2502e+01,2.3913e+00,9.6006e-02
6.0700e+03,1.0601e-02,5.1067e+00,1.2502e+01,2.3914e+00,9.6011e-02
6.0800e+03,1.0512e-02,5.1066e+00,1.2502e+01,2.3915e+00,9.6015e-02
6.0900e+03,1.0424e-02,5.1065e+00,1.2502e+01,2.3916e+00,9.6019e-02
6.1000e+03,1.0337e-02,5.1064e+00,1.2502e+01,2.3916e+00,9.6023e-02
6.1100e+03,1.0250e-02,5.1064e+00,1.2502e+01,2.3917e+00,9.6027e-02
6.1200e+03,1.0164e-02,5.1063e+00,1.2502e+01,2.3918e+00,9.6031e-02
6.1300e+03,1.0079e-02,5.1062e+00,1.2502e+01,2.3919e+00,9.6035e-02
6.1400e+03,9.9943e-03,5.1061e+00,1.2502e+01,2.3920e+00,9.6039e-02
6.1500e+03,9.9105e-03,5.1060e+00,1.2502e+01,2.3920e+00,9.6043e-02
6.1600e+03,9.8274e-03,5.1060e+00,1.2502e+01,2.3921e+00,9.6047e-02
6.1700e+03,9.7451e-03,5.1059e+00,1.2502e+01,2.3922e+00,9.6051e-02
6.1800e+03,9.6634e-03,5.1058e+00,1.2502e+01,2.3923e+00,9.6054e-02
6.1900e+03,9.5824e-03,5.1057e+00,1.2502e+01,2.3924e+00,9.6058e-02
6.2000e+03,9.5021e-03,5.1056e+00,1.2502e+01,2.3924e+00,9.6062e-02
6.2100e+03,9.4224e-03,5.1056e+00,1.2502e+01,2.3925e+00,9.6066e-02
6.2200e+03,9.3435e-03,5.1055e+00,1.2502e+01,2.3926e+00,9.6069e-02
6.2300e+03,9.2651e-03,5.1054e+00,1.2502e+01,2.3927e+00,9.6073e-02
6.2400e+03,9.1875e-03,5.1053e+00,1.2502e+01,2.3927e+00,9.6077e-02
6.2500e+03,9.1105e-03,5.1053e+00,1.2502e+01,2.3928e+00,9.6080e-02
6.2600e+03,9.0341e-03,5.1052e+00,1.2502e+01,2.3929e+00,9.6084e-02
6.2700e+03,8.9584e-03,5.1051e+00,1.2502e+01,2.3930e+00,9.6087e-02
6.2800e+03,8.8833e-03,5.1051e+00,1.2502e+01,2.3930e+00,9.6091e-02
6.2900e+03,8.8089e-03,5.1050e+00,1.2502e+01,2.3931e+00,9.6094e-02
6.3000e+03,8.7351e-03,5.1049e+00,1.2502e+01,2.3932e+00,9.6098e-02
6.3100e+03,8.6619e-03,5.1048e+00,1.2502e+01,2.3932e+00,9.6101e-02
6.3200e+03,8.5893e-03,5.1048e+00,1.2502e+01,2.3933e+00,9.6105e-02
6.3300e+03,8.5173e-03,5.1047e+00,1.2502e+01,2.3934e+00,9.6108e-02
6.3400e+03,8.4459e-03,5.1046e+00,1.2502e+01,2.3934e+00,9.6111e-02
6.3500e+03,8.3752e-03,5.1046e+00,1.2502e+01,2.3935e+00,9.6115e-02
6.3600e+03,8.3050e-03,5.1045e+00,1.2502e+01,2.3936e+00,9.6118e-02
6.3700e+03,8.2354e-03,5.1044e+00,1.2502e+01,2.3936e+00,9.6121e-02
6.3800e+03,8.1664e-03,5.1044e+00,1.2502e+01,2.3937e+00,9.6124e-02
6.3900e+03,8.0979e-03,5.1043e+00,1.2502e+01,2.3938e+00,9.6128e-02
6.4000e+03,8.0301e-03,5.1042e+00,1.2502e+01,2.3938e+00,9.6131e-02
6.4100e+03,7.9628e-03,5.1042e+00,1.2502e+01,2.3939e+00,9.6134e-02
6.4200e+03,7.8961e-03,5.1041e+00,1.2502e+01,2.3940e+00,9.6137e-02
6.4300e+03,7.8299e-03,5.1041e+00,1.2502e+01,2.3940e+00,9.6140e-02
6.4400e+03,7.7643e-03,5.1040e+00,1.2502e+01,2.3941e+00,9.6143e-02
6.4500e+03,7.6992e-03,5.1039e+00,1.2502e+01,2.3942e+00,9.6146e-02
6.4600e+03,7.6347e-03,5.1039e+00,1.2502e+01,2.3942e+00,9.6149e-02
6.4700e+03,7.5708e-03,5.1038e+00,1.2502e+01,2.3943e+00,9.6152e-02
6.4800e+03,7.5073e-03,5.1037e+00,1.2502e+01,2.3943e+00,9.6155e-02
6.4900e+03,7.4444e-03,5.1037e+00,1.2502e+01,2.3944e+00,9.6158e-02
6.5000e+03,7.3821e-03,5.1036e+00,1.2502e+01,2.3945e+00,9.6161e-02
6.5100e+03,7.3202e-03,5.1036e+00,1.2502e+01,2.3945e+00,9.6164e-02
6.5200e+03,7.2589e-03,5.1035e+00,1.2502e+01,2.3946e+00,9.6167e-02
6.5300e+03,7.1981e-03,5.1035e+00,1.2502e+01,2.3946e+00,9.6170e-02
6.5400e+03,7.1378e-03,5.1034e+00,1.2502e+01,2.3947e+00,9.6172e-02
6.5500e+03,7.0780e-03,5.1033e+00,1.2502e+01,2.3947e+00,9.6175e-02
6.5600e+03,7.0187e-03,5.1033e+00,1.2502e+01,2.3948e+00,9.6178e-02
6.5700e+03,6.9599e-03,5.1032e+00,1.2502e+01,2.3949e+00,9.6181e-02
6.5800e+03,6.9015e-03,5.1032e+00,1.2502e+01,2.3949e+00,9.6183e-02
6.5900e+03,6.8437e-03,5.1031e+00,1.2502e+01,2.3950e+00,9.6186e-02
6.6000e+03,6.7864e-03,5.1031e+00,1.2502e+01,2.3950e+00,9.6189e-02
6.6100e+03,6.7295e-03,5.1030e+00,1.2502e+01,2.3951e+00,9.6191e-02
6.6200e+03,6.6732e-03,5.1029e+00,1.2502e+01,2.3951e+00,9.6194e-02
6.6300e+03,6.6173e-03,5.1029e+00,1.2502e+01,2.3952e+00,9.6197e-02
6.6400e+03,6.5618e-03,5.1028e+00,1.2502e+01,2.3952e+00,9.6199e-02
6.6500e+03,6.5069e-03,5.1028e+00,1.2502e+01,2.3953e+00,9.6202e-02
6.6600e+03,6.4523e-03,5.1027e+00,1.2502e+01,2.3953e+00,9.6204e-02
6.6700e+03,6.3983e-03,5.1027e+00,1.2502e+01,2.3954e+00,9.6207e-02
6.6800e+03,6.3447e-03,5.1026e+00,1.2502e+01,2.3954e+00,9.6209e-02
6.6900e+03,6.2916e-03,5.1026e+00,1.2502e+01,2.3955e+00,9.6212e-02
6.7000e+03,6.2388e-03,5.1025e+00,1.2502e+01,2.3955e+00,9.6214e-02
