t,[L2M],[D],[L],[L2MD],[L2Ms]
0.0000e+00,2.5000e+00,6.2500e+00,1.7500e+01,0.0000e+00,0.0000e+00
1.0000e+01,2.4804e+00,6.2325e+00,1.7501e+01,1.7447e-02,6.9885e-04
2.0000e+01,2.4624e+00,6.2152e+00,1.7501e+01,3.4759e-02,1.3942e-03
3.0000e+01,2.4446e+00,6.1981e+00,1.7501e+01,5.1898e-02,2.0846e-03
4.0000e+01,2.4269e+00,6.1811e+00,1.7501e+01,6.8868e-02,2.7700e-03
5.0000e+01,2.4095e+00,6.1643e+00,1.7501e+01,8.5669e-02,3.4505e-03
6.0000e+01,2.3921e+00,6.1476e+00,1.7501e+01,1.0231e-01,4.1261e-03
7.0000e+01,2.3750e+00,6.1311e+00,1.7501e+01,1.1878e-01,4.7969e-03
8.0000e+01,2.3580e+00,6.1148e+00,1.7501e+01,1.3509e-01,5.4629e-03
9.0000e+01,2.3412e+00,6.0987e+00,1.7501e+01,1.5124e-01,6.1242e-03
1.0000e+02,2.3246e+00,6.0826e+00,1.7501e+01,1.6724e-01,6.7808e-03
1.1000e+02,2.3081e+00,6.0668e+00,1.7501e+01,1.8308e-01,7.4327e-03
1.2000e+02,2.2917e+00,6.0511e+00,1.7501e+01,1.9877e-01,8.0801e-03
1.3000e+02,2.2755e+00,6.0356e+00,1.7501e+01,2.1431e-01,8.7229e-03
1.4000e+02,2.2595e+00,6.0202e+00,1.7501e+01,2.2970e-01,9.3612e-03
1.5000e+02,2.2436e+00,6.0049e+00,1.7501e+01,2.4494e-01,9.9950e-03
1.6000e+02,2.2279e+00,5.9898e+00,1.7501e+01,2.6004e-01,1.0624e-02
1.7000e+02,2.2123e+00,5.9748e+00,1.7501e+01,2.7500e-01,1.1249e-02
1.8000e+02,2.1969e+00,5.9600e+00,1.7501e+01,2.8981e-01,1.1870e-02
1.9000e+02,2.1816e+00,5.9453e+00,1.7501e+01,3.0449e-01,1.2486e-02
2.0000e+02,2.1664e+00,5.9308e+00,1.7501e+01,3.1903e-01,1.3099e-02
2.1000e+02,2.1514e+00,5.9164e+00,1.7501e+01,3.3343e-01,1.3706e-02
2.2000e+02,2.1366e+00,5.9021e+00,1.7501e+01,3.4770e-01,1.4310e-02
2.3000e+02,2.1218e+00,5.8879e+00,1.7501e+01,3.6184e-01,1.4910e-02
2.4000e+02,2.1072e+00,5.8739e+00,1.7501e+01,3.7584e-01,1.5505e-02
2.5000e+02,2.0928e+00,5.8600e+00,1.7501e+01,3.8972e-01,1.6096e-02
2.6000e+02,2.0784e+00,5.8463e+00,1.7501e+01,4.0347e-01,1.6684e-02
2.7000e+02,2.0642e+00,5.8326e+00,1.7501e+01,4.1710e-01,1.7267e-02
2.8000e+02,2.0501e+00,5.8191e+00,1.7501e+01,4.3060e-01,1.7846e-02
2.9000e+02,2.0362e+00,5.8058e+00,1.7501e+01,4.4398e-01,1.8422e-02
3.0000e+02,2.0223e+00,5.7925e+00,1.7501e+01,4.5723e-01,1.8993e-02
3.1000e+02,2.0086e+00,5.7793e+00,1.7501e+01,4.7037e-01,1.9561e-02
3.2000e+02,1.9951e+00,5.7663e+00,1.7501e+01,4.8339e-01,2.0125e-02
3.3000e+02,1.9816e+00,5.7534e+00,1.7501e+01,4.9629e-01,2.0685e-02
3.4000e+02,1.9682e+00,5.7406e+00,1.7501e+01,5.0908e-01,2.1241e-02
3.5000e+02,1.9550e+00,5.7279e+00,1.7501e+01,5.2176e-01,2.1794e-02
3.6000e+02,1.9419e+00,5.7154e+00,1.7501e+01,5.3432e-01,2.2342e-02
3.7000e+02,1.9289e+00,5.7029e+00,1.7501e+01,5.4677e-01,2.2888e-02
3.8000e+02,1.9160e+00,5.6906e+00,1.7501e+01,5.5911e-01,2.3429e-02
3.9000e+02,1.9033e+00,5.6783e+00,1.7501e+01,5.7134e-01,2.3967e-02
4.0000e+02,1.8906e+00,5.6662e+00,1.7501e+01,5.8347e-01,2.4502e-02
4.1000e+02,1.8781e+00,5.6542e+00,1.7501e+01,5.9548e-01,2.5032e-02
4.2000e+02,1.8656e+00,5.6422e+00,1.7501e+01,6.0740e-01,2.5560e-02
4.3000e+02,1.8533e+00,5.6304e+00,1.7501e+01,6.1921e-01,2.6084e-02
4.4000e+02,1.8410e+00,5.6187e+00,1.7501e+01,6.3092e-01,2.6604e-02
4.5000e+02,1.8289e+00,5.6071e+00,1.7501e+01,6.4253e-01,2.7121e-02
4.6000e+02,1.8169e+00,5.5956e+00,1.7501e+01,6.5404e-01,2.7635e-02
4.7000e+02,1.8050e+00,5.5842e+00,1.7501e+01,6.6544e-01,2.8145e-02
4.8000e+02,1.7932e+00,5.5728e+00,1.7501e+01,6.7676e-01,2.8652e-02
4.9000e+02,1.7814e+00,5.5616e+00,1.7501e+01,6.8797e-01,2.9156e-02
5.0000e+02,1.7698e+00,5.5505e+00,1.7501e+01,6.9909e-01,2.9656e-02
5.1000e+02,1.7583e+00,5.5395e+00,1.7501e+01,7.1012e-01,3.0153e-02
5.2000e+02,1.7469e+00,5.5285e+00,1.7501e+01,7.2105e-01,3.0647e-02
5.3000e+02,1.7355e+00,5.5177e+00,1.7501e+01,7.3189e-01,3.1138e-02
5.4000e+02,1.7243e+00,5.5069e+00,1.7501e+01,7.4264e-01,3.1625e-02
5.5000e+02,1.7132e+00,5.4963e+00,1.7501e+01,7.5330e-01,3.2110e-02
5.6000e+02,1.7021e+00,5.4857e+00,1.7501e+01,7.6387e-01,3.2591e-02
5.7000e+02,1.6911e+00,5.4752e+00,1.7501e+01,7.7435e-01,3.3069e-02
5.8000e+02,1.6803e+00,5.4648e+00,1.7501e+01,7.8475e-01,3.3544e-02
5.9000e+02,1.6695e+00,5.4545e+00,1.7501e+01,7.9506e-01,3.4016e-02
6.0000e+02,1.6588e+00,5.4442e+00,1.7501e+01,8.0528e-01,3.4485e-02
6.1000e+02,1.6482e+00,5.4341e+00,1.7501e+01,8.1542e-01,3.4951e-02
6.2000e+02,1.6377e+00,5.4240e+00,1.7501e+01,8.2548e-01,3.5414e-02
6.3000e+02,1.6272e+00,5.4141e+00,1.7501e+01,8.3545e-01,3.5875e-02
6.4000e+02,1.6169e+00,5.4042e+00,1.7501e+01,8.4535e-01,3.6332e-02
6.5000e+02,1.6066e+00,5.3943e+00,1.7501e+01,8.5516e-01,3.6786e-02
6.6000e+02,1.5964e+00,5.3846e+00,1.7501e+01,8.6489e-01,3.7238e-02
6.7000e+02,1.5863e+00,5.3749e+00,1.7501e+01,8.7455e-01,3.7686e-02
6.8000e+02,1.5763e+00,5.3654e+00,1.7501e+01,8.8412e-01,3.8132e-02
6.9000e+02,1.5664e+00,5.3559e+00,1.7501e+01,8.9362e-01,3.8575e-02
7.0000e+02,1.5565e+00,5.3464e+00,1.7501e+01,9.0304e-01,3.9015e-02
7.1000e+02,1.5467e+00,5.3371e+00,1.7501e+01,9.1239e-01,3.9453e-02
7.2000e+02,1.5370e+00,5.3278e+00,1.7501e+01,9.2166e-01,3.9887e-02
7.3000e+02,1.5274e+00,5.3186e+00,1.7501e+01,9.3086e-01,4.0319e-02
7.4000e+02,1.5178e+00,5.3095e+00,1.7501e+01,9.3999e-01,4.0749e-02
7.5000e+02,1.5084e+00,5.3004e+00,1.7501e+01,9.4904e-01,4.1175e-02
7.6000e+02,1.4990e+00,5.2914e+00,1.7501e+01,9.5802e-01,4.1599e-02
7.7000e+02,1.4896e+00,5.2825e+00,1.7501e+01,9.6693e-01,4.2021e-02
7.8000e+02,1.4804e+00,5.2737e+00,1.7501e+01,9.7577e-01,4.2439e-02
7.9000e+02,1.4712e+00,5.2649e+00,1.7501e+01,9.8454e-01,4.2856e-02
8.0000e+02,1.4621e+00,5.2562e+00,1.7501e+01,9.9324e-01,4.3269e-02
8.1000e+02,1.4530e+00,5.2475e+00,1.7501e+01,1.0019e+00,4.3680e-02
8.2000e+02,1.4440e+00,5.2390e+00,1.7501e+01,1.0104e+00,4.4089e-02
8.3000e+02,1.4351e+00,5.2305e+00,1.7501e+01,1.0189e+00,4.4494e-02
8.4000e+02,1.4263e+00,5.2220e+00,1.7501e+01,1.0274e+00,4.4898e-02
8.5000e+02,1.4175e+00,5.2136e+00,1.7501e+01,1.0357e+00,4.5299e-02
8.6000e+02,1.4088e+00,5.2053e+00,1.7501e+01,1.0441e+00,4.5697e-02
8.7000e+02,1.4002e+00,5.1971e+00,1.7501e+01,1.0523e+00,4.6094e-02
8.8000e+02,1.3916e+00,5.1889e+00,1.7501e+01,1.0605e+00,4.6487e-02
8.9000e+02,1.3831e+00,5.1808e+00,1.7501e+01,1.0686e+00,4.6879e-02
9.0000e+02,1.3747e+00,5.1727e+00,1.7501e+01,1.0766e+00,4.7267e-02
9.1000e+02,1.3663e+00,5.1647e+00,1.7501e+01,1.0846e+00,4.7654e-02
9.2000e+02,1.3580e+00,5.1568e+00,1.7501e+01,1.0926e+00,4.8038e-02
9.3000e+02,1.3497e+00,5.1489e+00,1.7501e+01,1.1004e+00,4.8420e-02
9.4000e+02,1.3415e+00,5.1411e+00,1.7501e+01,1.1082e+00,4.8800e-02
9.5000e+02,1.3334e+00,5.1334e+00,1.7501e+01,1.1160e+00,4.9177e-02
9.6000e+02,1.3253e+00,5.1257e+00,1.7501e+01,1.1237e+00,4.9552e-02
9.7000e+02,1.3173e+00,5.1180e+00,1.7501e+01,1.1313e+00,4.9924e-02
9.8000e+02,1.3094e+00,5.1104e+00,1.7501e+01,1.1389e+00,5.0295e-02
9.9000e+02,1.3015e+00,5.1029e+00,1.7501e+01,1.1464e+00,5.0663e-02
1.0000e+03,1.2937e+00,5.0954e+00,1.7501e+01,1.1539e+00,5.1029e-02
1.0100e+03,1.2859e+00,5.0880e+00,1.7501e+01,1.1613e+00,5.1393e-02
1.0200e+03,1.2782e+00,5.0807e+00,1.7501e+01,1.1687e+00,5.1755e-02
1.0300e+03,1.2705e+00,5.0734e+00,1.7501e+01,1.1760e+00,5.2114e-02
1.0400e+03,1.2629e+00,5.0661e+00,1.7501e+01,1.1832e+00,5.2471e-02
1.0500e+03,1.2554e+00,5.0589e+00,1.7501e+01,1.1904e+00,5.2827e-02
1.0600e+03,1.2479e+00,5.0518e+00,1.7501e+01,1.1975e+00,5.3180e-02
1.0700e+03,1.2404e+00,5.0447e+00,1.7501e+01,1.2046e+00,5.3531e-02
1.0800e+03,1.2330e+00,5.0376e+00,1.7501e+01,1.2117e+00,5.3880e-02
1.0900e+03,1.2257e+00,5.0307e+00,1.7501e+01,1.2186e+00,5.4226e-02
1.1000e+03,1.2184e+00,5.0237e+00,1.7501e+01,1.2256e+00,5.4571e-02
1.1100e+03,1.2112e+00,5.0168e+00,1.7501e+01,1.2325e+00,5.4914e-02
1.1200e+03,1.2040e+00,5.0100e+00,1.7501e+01,1.2393e+00,5.5255e-02
1.1300e+03,1.1969e+00,5.0032e+00,1.7501e+01,1.2461e+00,5.5593e-02
1.1400e+03,1.1898e+00,4.9965e+00,1.7501e+01,1.2528e+00,5.5930e-02
1.1500e+03,1.1828e+00,4.9898e+00,1.7501e+01,1.2595e+00,5.6265e-02
1.1600e+03,1.1758e+00,4.9831e+00,1.7501e+01,1.2661e+00,5.6598e-02
1.1700e+03,1.1689e+00,4.9765e+00,1.7501e+01,1.2727e+00,5.6928e-02
1.1800e+03,1.1621e+00,4.9700e+00,1.7501e+01,1.2793e+00,5.7257e-02
1.1900e+03,1.1552e+00,4.9635e+00,1.7501e+01,1.2858e+00,5.7584e-02
1.2000e+03,1.1485e+00,4.9570e+00,1.7501e+01,1.2922e+00,5.7909e-02
1.2100e+03,1.1417e+00,4.9506e+00,1.7501e+01,1.2986e+00,5.8232e-02
1.2200e+03,1.1351e+00,4.9443e+00,1.7501e+01,1.3050e+00,5.8554e-02
1.2300e+03,1.1284e+00,4.9380e+00,1.7501e+01,1.3113e+00,5.8873e-02
1.2400e+03,1.1218e+00,4.9317e+00,1.7501e+01,1.3175e+00,5.9190e-02
1.2500e+03,1.1153e+00,4.9255e+00,1.7501e+01,1.3238e+00,5.9506e-02
1.2600e+03,1.1088e+00,4.9193e+00,1.7501e+01,1.3299e+00,5.9820e-02
1.2700e+03,1.1024e+00,4.9131e+00,1.7501e+01,1.3361e+00,6.0132e-02
1.2800e+03,1.0960e+00,4.9071e+00,1.7501e+01,1.3422e+00,6.0442e-02
1.2900e+03,1.0896e+00,4.9010e+00,1.7501e+01,1.3482e+00,6.0750e-02
1.3000e+03,1.0833e+00,4.8950e+00,1.7501e+01,1.3542e+00,6.1057e-02
1.3100e+03,1.0770e+00,4.8890e+00,1.7501e+01,1.3602e+00,6.1362e-02
1.3200e+03,1.0708e+00,4.8831e+00,1.7501e+01,1.3661e+00,6.1665e-02
1.3300e+03,1.0646e+00,4.8772e+00,1.7501e+01,1.3720e+00,6.1966e-02
1.3400e+03,1.0585e+00,4.8714e+00,1.7501e+01,1.3778e+00,6.2266e-02
1.3500e+03,1.0524e+00,4.8656e+00,1.7501e+01,1.3836e+00,6.2564e-02
1.3600e+03,1.0463e+00,4.8598e+00,1.7501e+01,1.3894e+00,6.2860e-02
1.3700e+03,1.0403e+00,4.8541e+00,1.7501e+01,1.3951e+00,6.3154e-02
1.3800e+03,1.0343e+00,4.8484e+00,1.7501e+01,1.4008e+00,6.3447e-02
1.3900e+03,1.0284e+00,4.8427e+00,1.7501e+01,1.4064e+00,6.3738e-02
1.4000e+03,1.0225e+00,4.8371e+00,1.7501e+01,1.4121e+00,6.4028e-02
1.4100e+03,1.0166e+00,4.8316e+00,1.7501e+01,1.4176e+00,6.4315e-02
1.4200e+03,1.0108e+00,4.8260e+00,1.7501e+01,1.4231e+00,6.4602e-02
1.4300e+03,1.0051e+00,4.8205e+00,1.7501e+01,1.4286e+00,6.4886e-02
1.4400e+03,9.9932e-01,4.8151e+00,1.7501e+01,1.4341e+00,6.5169e-02
1.4500e+03,9.9363e-01,4.8097e+00,1.7501e+01,1.4395e+00,6.5450e-02
1.4600e+03,9.8797e-01,4.8043e+00,1.7501e+01,1.4449e+00,6.5730e-02
1.4700e+03,9.8235e-01,4.7990e+00,1.7501e+01,1.4502e+00,6.6008e-02
1.4800e+03,9.7677e-01,4.7936e+00,1.7501e+01,1.4555e+00,6.6284e-02
1.4900e+03,9.7122e-01,4.7884e+00,1.7501e+01,1.4608e+00,6.6559e-02
1.5000e+03,9.6572e-01,4.7831e+00,1.7501e+01,1.4660e+00,6.6833e-02
1.5100e+03,9.6025e-01,4.7779e+00,1.7501e+01,1.4712e+00,6.7105e-02
1.5200e+03,9.5481e-01,4.7728e+00,1.7501e+01,1.4764e+00,6.7375e-02
1.5300e+03,9.4942e-01,4.7676e+00,1.7501e+01,1.4815e+00,6.7644e-02
1.5400e+03,9.4406e-01,4.7625e+00,1.7501e+01,1.4866e+00,6.7911e-02
1.5500e+03,9.3873e-01,4.7575e+00,1.7501e+01,1.4917e+00,6.8177e-02
1.5600e+03,9.3344e-01,4.7524e+00,1.7501e+01,1.4967e+00,6.8441e-02
1.5700e+03,9.2818e-01,4.7475e+00,1.7501e+01,1.5017e+00,6.8704e-02
1.5800e+03,9.2296e-01,4.7425e+00,1.7501e+01,1.5066e+00,6.8965e-02
1.5900e+03,9.1778e-01,4.7376e+00,1.7501e+01,1.5116e+00,6.9225e-02
1.6000e+03,9.1262e-01,4.7327e+00,1.7501e+01,1.5165e+00,6.9483e-02
1.6100e+03,9.0751e-01,4.7278e+00,1.7501e+01,1.5213e+00,6.9740e-02
1.6200e+03,9.0242e-01,4.7230e+00,1.7501e+01,1.5262e+00,6.9996e-02
1.6300e+03,8.9737e-01,4.7182e+00,1.7501e+01,1.5310e+00,7.0250e-02
1.6400e+03,8.9235e-01,4.7134e+00,1.7501e+01,1.5357e+00,7.0502e-02
1.6500e+03,8.8737e-01,4.7087e+00,1.7501e+01,1.5405e+00,7.0754e-02
1.6600e+03,8.8241e-01,4.7040e+00,1.7501e+01,1.5452e+00,7.1003e-02
1.6700e+03,8.7749e-01,4.6993e+00,1.7501e+01,1.5498e+00,7.1252e-02
1.6800e+03,8.7260e-01,4.6946e+00,1.7501e+01,1.5545e+00,7.1499e-02
1.6900e+03,8.6775e-01,4.6900e+00,1.7501e+01,1.5591e+00,7.1745e-02
1.7000e+03,8.6292e-01,4.6854e+00,1.7501e+01,1.5637e+00,7.1989e-02
1.7100e+03,8.5813e-01,4.6809e+00,1.7501e+01,1.5682e+00,7.2232e-02
1.7200e+03,8.5336e-01,4.6764e+00,1.7501e+01,1.5727e+00,7.2474e-02
1.7300e+03,8.4863e-01,4.6719e+00,1.7501e+01,1.5772e+00,7.2714e-02
1.7400e+03,8.4393e-01,4.6674e+00,1.7501e+01,1.5817e+00,7.2953e-02
1.7500e+03,8.3926e-01,4.6630e+00,1.7501e+01,1.5861e+00,7.3190e-02
1.7600e+03,8.3461e-01,4.6586e+00,1.7501e+01,1.5905e+00,7.3427e-02
1.7700e+03,8.3000e-01,4.6542e+00,1.7501e+01,1.5949e+00,7.3662e-02
1.7800e+03,8.2542e-01,4.6498e+00,1.7501e+01,1.5993e+00,7.3895e-02
1.7900e+03,8.2087e-01,4.6455e+00,1.7501e+01,1.6036e+00,7.4128e-02
1.8000e+03,8.1634e-01,4.6412e+00,1.7501e+01,1.6079e+00,7.4359e-02
1.8100e+03,8.1185e-01,4.6369e+00,1.7501e+01,1.6121e+00,7.4589e-02
1.8200e+03,8.0738e-01,4.6327e+00,1.7501e+01,1.6164e+00,7.4818e-02
1.8300e+03,8.0294e-01,4.6285e+00,1.7501e+01,1.6206e+00,7.5045e-02
1.8400e+03,7.9853e-01,4.6243e+00,1.7501e+01,1.6248e+00,7.5271e-02
1.8500e+03,7.9415e-01,4.6201e+00,1.7501e+01,1.6289e+00,7.5496e-02
1.8600e+03,7.8979e-01,4.6160e+00,1.7501e+01,1.6331e+00,7.5720e-02
1.8700e+03,7.8547e-01,4.6119e+00,1.7501e+01,1.6372e+00,7.5942e-02
1.8800e+03,7.8117e-01,4.6078e+00,1.7501e+01,1.6412e+00,7.6163e-02
1.8900e+03,7.7689e-01,4.6038e+00,1.7501e+01,1.6453e+00,7.6383e-02
1.9000e+03,7.7265e-01,4.5997e+00,1.7501e+01,1.6493e+00,7.6602e-02
1.9100e+03,7.6843e-01,4.5957e+00,1.7501e+01,1.6533e+00,7.6820e-02
1.9200e+03,7.6423e-01,4.5917e+00,1.7501e+01,1.6573e+00,7.7036e-02
1.9300e+03,7.6007e-01,4.5878e+00,1.7501e+01,1.6613e+00,7.7251e-02
1.9400e+03,7.5593e-01,4.5839e+00,1.7501e+01,1.6652e+00,7.7465e-02
1.9500e+03,7.5181e-01,4.5800e+00,1.7501e+01,1.6691e+00,7.7678e-02
1.9600e+03,7.4772e-01,4.5761e+00,1.7501e+01,1.6730e+00,7.7890e-02
1.9700e+03,7.4366e-01,4.5722e+00,1.7501e+01,1.6768e+00,7.8101e-02
1.9800e+03,7.3962e-01,4.5684e+00,1.7501e+01,1.6806e+00,7.8310e-02
1.9900e+03,7.3561e-01,4.5646e+00,1.7501e+01,1.6844e+00,7.8518e-02
2.0000e+03,7.3162e-01,4.5608e+00,1.7501e+01,1.6882e+00,7.8725e-02
2.0100e+03,7.2765e-01,4.5570e+00,1.7501e+01,1.6920e+00,7.8932e-02
2.0200e+03,7.2371e-01,4.5533e+00,1.7501e+01,1.6957e+00,7.9137e-02
2.0300e+03,7.1980e-01,4.5496e+00,1.7501e+01,1.6994e+00,7.9340e-02
2.0400e+03,7.1591e-01,4.5459e+00,1.7501e+01,1.7031e+00,7.9543e-02
2.0500e+03,7.1204e-01,4.5422e+00,1.7501e+01,1.7068e+00,7.9745e-02
2.0600e+03,7.0820e-01,4.5386e+00,1.7501e+01,1.7104e+00,7.9945e-02
2.0700e+03,7.0438e-01,4.5350e+00,1.7501e+01,1.7140e+00,8.0145e-02
2.0800e+03,7.0058e-01,4.5314e+00,1.7501e+01,1.7176e+00,8.0343e-02
2.0900e+03,6.9681e-01,4.5278e+00,1.7501e+01,1.7212e+00,8.0541e-02
2.1000e+03,6.9306e-01,4.5242e+00,1.7501e+01,1.7248e+00,8.0737e-02
2.1100e+03,6.8933e-01,4.5207e+00,1.7501e+01,1.7283e+00,8.0932e-02
2.1200e+03,6.8563e-01,4.5172e+00,1.7501e+01,1.7318e+00,8.1126e-02
2.1300e+03,6.8195e-01,4.5137e+00,1.7501e+01,1.7353e+00,8.1319e-02
2.1400e+03,6.7829e-01,4.5102e+00,1.7501e+01,1.7388e+00,8.1511e-02
2.1500e+03,6.7465e-01,4.5068e+00,1.7501e+01,1.7422e+00,8.1703e-02
2.1600e+03,6.7104e-01,4.5034e+00,1.7501e+01,1.7456e+00,8.1893e-02
2.1700e+03,6.6744e-01,4.4999e+00,1.7501e+01,1.7490e+00,8.2082e-02
2.1800e+03,6.6387e-01,4.4966e+00,1.7501e+01,1.7524e+00,8.2270e-02
2.1900e+03,6.6032e-01,4.4932e+00,1.7501e+01,1.7558e+00,8.2457e-02
2.2000e+03,6.5679e-01,4.4899e+00,1.7501e+01,1.7591e+00,8.2643e-02
2.2100e+03,6.5329e-01,4.4865e+00,1.7501e+01,1.7625e+00,8.2828e-02
2.2200e+03,6.4980e-01,4.4832e+00,1.7501e+01,1.7658e+00,8.3012e-02
2.2300e+03,6.4634e-01,4.4799e+00,1.7501e+01,1.7690e+00,8.3195e-02
2.2400e+03,6.4289e-01,4.4767e+00,1.7501e+01,1.7723e+00,8.3377e-02
2.2500e+03,6.3947e-01,4.4734e+00,1.7501e+01,1.7755e+00,8.3558e-02
2.2600e+03,6.3607e-01,4.4702e+00,1.7501e+01,1.7788e+00,8.3738e-02
2.2700e+03,6.3268e-01,4.4670e+00,1.7501e+01,1.7820e+00,8.3917e-02
2.2800e+03,6.2932e-01,4.4638e+00,1.7501e+01,1.7852e+00,8.4096e-02
2.2900e+03,6.2598e-01,4.4607e+00,1.7501e+01,1.7883e+00,8.4273e-02
2.3000e+03,6.2266e-01,4.4575e+00,1.7501e+01,1.7915e+00,8.4449e-02
2.3100e+03,6.1936e-01,4.4544e+00,1.7501e+01,1.7946e+00,8.4625e-02
2.3200e+03,6.1607e-01,4.4513e+00,1.7501e+01,1.7977e+00,8.4799e-02
2.3300e+03,6.1281e-01,4.4482e+00,1.7501e+01,1.8008e+00,8.4973e-02
2.3400e+03,6.0957e-01,4.4451e+00,1.7501e+01,1.8039e+00,8.5146e-02
2.3500e+03,6.0634e-01,4.4421e+00,1.7501e+01,1.8069e+00,8.5317e-02
2.3600e+03,6.0314e-01,4.4390e+00,1.7501e+01,1.8099e+00,8.5488e-02
2.3700e+03,5.9995e-01,4.4360e+00,1.7501e+01,1.8130e+00,8.5658e-02
2.3800e+03,5.9678e-01,4.4330e+00,1.7501e+01,1.8160e+00,8.5827e-02
2.3900e+03,5.9363e-01,4.4300e+00,1.7501e+01,1.8189e+00,8.5995e-02
2.4000e+03,5.9050e-01,4.4270e+00,1.7501e+01,1.8219e+00,8.6163e-02
2.4100e+03,5.8739e-01,4.4241e+00,1.7501e+01,1.8249e+00,8.6329e-02
2.4200e+03,5.8430e-01,4.4212e+00,1.7501e+01,1.8278e+00,8.6494e-02
2.4300e+03,5.8122e-01,4.4183e+00,1.7501e+01,1.8307e+00,8.6659e-02
2.4400e+03,5.7817e-01,4.4154e+00,1.7501e+01,1.8336e+00,8.6823e-02
2.4500e+03,5.7513e-01,4.4125e+00,1.7501e+01,1.8365e+00,8.6986e-02
2.4600e+03,5.7211e-01,4.4096e+00,1.7501e+01,1.8393e+00,8.7148e-02
2.4700e+03,5.6910e-01,4.4068e+00,1.7501e+01,1.8422e+00,8.7309e-02
2.4800e+03,5.6612e-01,4.4040e+00,1.7501e+01,1.8450e+00,8.7469e-02
2.4900e+03,5.6315e-01,4.4011e+00,1.7501e+01,1.8478e+00,8.7629e-02
2.5000e+03,5.6020e-01,4.3984e+00,1.7501e+01,1.8506e+00,8.7788e-02
2.5100e+03,5.5726e-01,4.3956e+00,1.7501e+01,1.8534e+00,8.7945e-02
2.5200e+03,5.5434e-01,4.3928e+00,1.7501e+01,1.8561e+00,8.8102e-02
2.5300e+03,5.5144e-01,4.3901e+00,1.7501e+01,1.8589e+00,8.8259e-02
2.5400e+03,5.4856e-01,4.3873e+00,1.7501e+01,1.8616e+00,8.8414e-02
2.5500e+03,5.4569e-01,4.3846e+00,1.7501e+01,1.8643e+00,8.8569e-02
2.5600e+03,5.4284e-01,4.3819e+00,1.7501e+01,1.8670e+00,8.8722e-02
2.5700e+03,5.4001e-01,4.3792e+00,1.7501e+01,1.8697e+00,8.8875e-02
2.5800e+03,5.3719e-01,4.3766e+00,1.7501e+01,1.8724e+00,8.9028e-02
2.5900e+03,5.3439e-01,4.3739e+00,1.7501e+01,1.8750e+00,8.9179e-02
2.6000e+03,5.3161e-01,4.3713e+00,1.7501e+01,1.8776e+00,8.9330e-02
2.6100e+03,5.2884e-01,4.3687e+00,1.7501e+01,1.8803e+00,8.9479e-02
2.6200e+03,5.2609e-01,4.3661e+00,1.7501e+01,1.8829e+00,8.9628e-02
2.6300e+03,5.2335e-01,4.3635e+00,1.7501e+01,1.8854e+00,8.9777e-02
2.6400e+03,5.2063e-01,4.3609e+00,1.7501e+01,1.8880e+00,8.9924e-02
2.6500e+03,5.1792e-01,4.3583e+00,1.7501e+01,1.8906e+00,9.0071e-02
2.6600e+03,5.1523e-01,4.3558e+00,1.7501e+01,1.8931e+00,9.0217e-02
2.6700e+03,5.1256e-01,4.3533e+00,1.7501e+01,1.8957e+00,9.0362e-02
2.6800e+03,5.0990e-01,4.3507e+00,1.7501e+01,1.8982e+00,9.0507e-02
2.6900e+03,5.0726e-01,4.3482e+00,1.7501e+01,1.9007e+00,9.0650e-02
2.7000e+03,5.0463e-01,4.3458e+00,1.7501e+01,1.9032e+00,9.0793e-02
2.7100e+03,5.0201e-01,4.3433e+00,1.7501e+01,1.9056e+00,9.0935e-02
2.7200e+03,4.9942e-01,4.3408e+00,1.7501e+01,1.9081e+00,9.1077e-02
2.7300e+03,4.9683e-01,4.3384e+00,1.7501e+01,1.9105e+00,9.1218e-02
2.7400e+03,4.9426e-01,4.3360e+00,1.7501e+01,1.9130e+00,9.1358e-02
2.7500e+03,4.9171e-01,4.3335e+00,1.7501e+01,1.9154e+00,9.1497e-02
2.7600e+03,4.8917e-01,4.3311e+00,1.7501e+01,1.9178e+00,9.1636e-02
2.7700e+03,4.8664e-01,4.3287e+00,1.7501e+01,1.9202e+00,9.1773e-02
2.7800e+03,4.8413e-01,4.3264e+00,1.7501e+01,1.9225e+00,9.1911e-02
2.7900e+03,4.8163e-01,4.3240e+00,1.7501e+01,1.9249e+00,9.2047e-02
2.8000e+03,4.7915e-01,4.3217e+00,1.7501e+01,1.9272e+00,9.2183e-02
2.8100e+03,4.7668e-01,4.3193e+00,1.7501e+01,1.9296e+00,9.2318e-02
2.8200e+03,4.7423e-01,4.3170e+00,1.7501e+01,1.9319e+00,9.2452e-02
2.8300e+03,4.7178e-01,4.3147e+00,1.7501e+01,1.9342e+00,9.2586e-02
2.8400e+03,4.6936e-01,4.3124e+00,1.7501e+01,1.9365e+00,9.2719e-02
2.8500e+03,4.6694e-01,4.3101e+00,1.7501e+01,1.9388e+00,9.2851e-02
2.8600e+03,4.6454e-01,4.3078e+00,1.7501e+01,1.9410e+00,9.2983e-02
2.8700e+03,4.6216e-01,4.3056e+00,1.7501e+01,1.9433e+00,9.3114e-02
2.8800e+03,4.5978e-01,4.3033e+00,1.7501e+01,1.9455e+00,9.3244e-02
2.8900e+03,4.5742e-01,4.3011e+00,1.7501e+01,1.9478e+00,9.3374e-02
2.9000e+03,4.5508e-01,4.2989e+00,1.7501e+01,1.9500e+00,9.3502e-02
2.9100e+03,4.5274e-01,4.2967e+00,1.7501e+01,1.9522e+00,9.3631e-02
2.9200e+03,4.5042e-01,4.2945e+00,1.7501e+01,1.9544e+00,9.3758e-02
2.9300e+03,4.4812e-01,4.2923e+00,1.7501e+01,1.9566e+00,9.3885e-02
2.9400e+03,4.4582e-01,4.2901e+00,1.7501e+01,1.9587e+00,9.4012e-02
2.9500e+03,4.4354e-01,4.2880e+00,1.7501e+01,1.9609e+00,9.4137e-02
2.9600e+03,4.4127e-01,4.2858e+00,1.7501e+01,1.9630e+00,9.4262e-02
2.9700e+03,4.3902e-01,4.2837e+00,1.7501e+01,1.9652e+00,9.4387e-02
2.9800e+03,4.3677e-01,4.2816e+00,1.7501e+01,1.9673e+00,9.4510e-02
2.9900e+03,4.3454e-01,4.2795e+00,1.7501e+01,1.9694e+00,9.4634e-02
3.0000e+03,4.3232e-01,4.2774e+00,1.7501e+01,1.9715e+00,9.4756e-02
3.0100e+03,4.3012e-01,4.2753e+00,1.7501e+01,1.9736e+00,9.4878e-02
3.0200e+03,4.2792e-01,4.2732e+00,1.7501e+01,1.9757e+00,9.4999e-02
3.0300e+03,4.2574e-01,4.2712e+00,1.7501e+01,1.9777e+00,9.5120e-02
3.0400e+03,4.2357e-01,4.2691e+00,1.7501e+01,1.9798e+00,9.5240e-02
3.0500e+03,4.2141e-01,4.2671e+00,1.7501e+01,1.9818e+00,9.5359e-02
3.0600e+03,4.1927e-01,4.2650e+00,1.7501e+01,1.9838e+00,9.5478e-02
3.0700e+03,4.1713e-01,4.2630e+00,1.7501e+01,1.9858e+00,9.5596e-02
3.0800e+03,4.1501e-01,4.2610e+00,1.7501e+01,1.9878e+00,9.5714e-02
3.0900e+03,4.1290e-01,4.2590e+00,1.7501e+01,1.9898e+00,9.5831e-02
3.1000e+03,4.1080e-01,4.2570e+00,1.7501e+01,1.9918e+00,9.5947e-02
3.1100e+03,4.0871e-01,4.2551e+00,1.7501e+01,1.9938e+00,9.6063e-02
3.1200e+03,4.0664e-01,4.2531e+00,1.7501e+01,1.9958e+00,9.6178e-02
3.1300e+03,4.0457e-01,4.2511e+00,1.7501e+01,1.9977e+00,9.6293e-02
3.1400e+03,4.0252e-01,4.2492e+00,1.7501e+01,1.9996e+00,9.6407e-02
3.1500e+03,4.0048e-01,4.2473e+00,1.7501e+01,2.0016e+00,9.6520e-02
3.1600e+03,3.9845e-01,4.2454e+00,1.7501e+01,2.0035e+00,9.6633e-02
3.1700e+03,3.9643e-01,4.2435e+00,1.7501e+01,2.0054e+00,9.6746e-02
3.1800e+03,3.9442e-01,4.2416e+00,1.7501e+01,2.0073e+00,9.6857e-02
3.1900e+03,3.9242e-01,4.2397e+00,1.7501e+01,2.0092e+00,9.6969e-02
3.2000e+03,3.9044e-01,4.2378e+00,1.7501e+01,2.0111e+00,9.7079e-02
3.2100e+03,3.8846e-01,4.2359e+00,1.7501e+01,2.0129e+00,9.7189e-02
3.2200e+03,3.8650e-01,4.2341e+00,1.7501e+01,2.0148e+00,9.7299e-02
3.2300e+03,3.8454e-01,4.2322e+00,1.7501e+01,2.0166e+00,9.7408e-02
3.2400e+03,3.8260e-01,4.2304e+00,1.7501e+01,2.0185e+00,9.7516e-02
3.2500e+03,3.8067e-01,4.2286e+00,1.7501e+01,2.0203e+00,9.7624e-02
3.2600e+03,3.7874e-01,4.2267e+00,1.7501e+01,2.0221e+00,9.7731e-02
3.2700e+03,3.7683e-01,4.2249e+00,1.7501e+01,2.0239e+00,9.7838e-02
3.2800e+03,3.7493e-01,4.2231e+00,1.7501e+01,2.0257e+00,9.7944e-02
3.2900e+03,3.7304e-01,4.2214e+00,1.7501e+01,2.0275e+00,9.8050e-02
3.3000e+03,3.7116e-01,4.2196e+00,1.7501e+01,2.0293e+00,9.8155e-02
3.3100e+03,3.6929e-01,4.2178e+00,1.7501e+01,2.0310e+00,9.8260e-02
3.3200e+03,3.6743e-01,4.2161e+00,1.7501e+01,2.0328e+00,9.8364e-02
3.3300e+03,3.6558e-01,4.2143e+00,1.7501e+01,2.0345e+00,9.8468e-02
3.3400e+03,3.6374e-01,4.2126e+00,1.7501e+01,2.0363e+00,9.8571e-02
3.3500e+03,3.6191e-01,4.2108e+00,1.7501e+01,2.0380e+00,9.8673e-02
3.3600e+03,3.6009e-01,4.2091e+00,1.7501e+01,2.0397e+00,9.8775e-02
3.3700e+03,3.5828e-01,4.2074e+00,1.7501e+01,2.0414e+00,9.8877e-02
3.3800e+03,3.5648e-01,4.2057e+00,1.7501e+01,2.0431e+00,9.8978e-02
3.3900e+03,3.5468e-01,4.2040e+00,1.7501e+01,2.0448e+00,9.9078e-02
3.4000e+03,3.5290e-01,4.2023e+00,1.7501e+01,2.0465e+00,9.9178e-02
3.4100e+03,3.5113e-01,4.2007e+00,1.7501e+01,2.0482e+00,9.9278e-02
3.4200e+03,3.4937e-01,4.1990e+00,1.7501e+01,2.0498e+00,9.9377e-02
3.4300e+03,3.4762e-01,4.1973e+00,1.7501e+01,2.0515e+00,9.9475e-02
3.4400e+03,3.4587e-01,4.1957e+00,1.7501e+01,2.0531e+00,9.9573e-02
3.4500e+03,3.4414e-01,4.1941e+00,1.7501e+01,2.0548e+00,9.9671e-02
3.4600e+03,3.4242e-01,4.1924e+00,1.7501e+01,2.0564e+00,9.9768e-02
3.4700e+03,3.4070e-01,4.1908e+00,1.7501e+01,2.0580e+00,9.9864e-02
3.4800e+03,3.3899e-01,4.1892e+00,1.7501e+01,2.0596e+00,9.9960e-02
3.4900e+03,3.3730e-01,4.1876e+00,1.7501e+01,2.0612e+00,1.0006e-01
3.5000e+03,3.3561e-01,4.1860e+00,1.7501e+01,2.0628e+00,1.0015e-01
3.5100e+03,3.3393e-01,4.1844e+00,1.7501e+01,2.0644e+00,1.0025e-01
3.5200e+03,3.3226e-01,4.1828e+00,1.7501e+01,2.0660e+00,1.0034e-01
3.5300e+03,3.3060e-01,4.1813e+00,1.7501e+01,2.0675e+00,1.0043e-01
3.5400e+03,3.2895e-01,4.1797e+00,1.7501e+01,2.0691e+00,1.0053e-01
3.5500e+03,3.2730e-01,4.1782e+00,1.7501e+01,2.0706e+00,1.0062e-01
3.5600e+03,3.2567e-01,4.1766e+00,1.7501e+01,2.0722e+00,1.0071e-01
3.5700e+03,3.2404e-01,4.1751e+00,1.7501e+01,2.0737e+00,1.0080e-01
3.5800e+03,3.2243e-01,4.1736e+00,1.7501e+01,2.0752e+00,1.0090e-01
3.5900e+03,3.2082e-01,4.1720e+00,1.7501e+01,2.0768e+00,1.0099e-01
3.6000e+03,3.1922e-01,4.1705e+00,1.7501e+01,2.0783e+00,1.0108e-01
3.6100e+03,3.1763e-01,4.1690e+00,1.7501e+01,2.0798e+00,1.0117e-01
3.6200e+03,3.1605e-01,4.1675e+00,1.7501e+01,2.0813e+00,1.0126e-01
3.6300e+03,3.1447e-01,4.1661e+00,1.7501e+01,2.0828e+00,1.0135e-01
3.6400e+03,3.1290e-01,4.1646e+00,1.7501e+01,2.0842e+00,1.0143e-01
3.6500e+03,3.1135e-01,4.1631e+00,1.7501e+01,2.0857e+00,1.0152e-01
3.6600e+03,3.0980e-01,4.1616e+00,1.7501e+01,2.0872e+00,1.0161e-01
3.6700e+03,3.0826e-01,4.1602e+00,1.7501e+01,2.0886e+00,1.0170e-01
3.6800e+03,3.0672e-01,4.1587e+00,1.7501e+01,2.0901e+00,1.0178e-01
3.6900e+03,3.0520e-01,4.1573e+00,1.7501e+01,2.0915e+00,1.0187e-01
3.7000e+03,3.0368e-01,4.1559e+00,1.7501e+01,2.0929e+00,1.0196e-01
3.7100e+03,3.0217e-01,4.1544e+00,1.7501e+01,2.0944e+00,1.0204e-01
3.7200e+03,3.0067e-01,4.1530e+00,1.7501e+01,2.0958e+00,1.0213e-01
3.7300e+03,2.9918e-01,4.1516e+00,1.7501e+01,2.0972e+00,1.0221e-01
3.7400e+03,2.9769e-01,4.1502e+00,1.7501e+01,2.0986e+00,1.0230e-01
3.7500e+03,2.9622e-01,4.1488e+00,1.7501e+01,2.1000e+00,1.0238e-01
3.7600e+03,2.9475e-01,4.1474e+00,1.7501e+01,2.1014e+00,1.0246e-01
3.7700e+03,2.9328e-01,4.1461e+00,1.7501e+01,2.1027e+00,1.0255e-01
3.7800e+03,2.9183e-01,4.1447e+00,1.7501e+01,2.1041e+00,1.0263e-01
3.7900e+03,2.9038e-01,4.1433e+00,1.7501e+01,2.1055e+00,1.0271e-01
3.8000e+03,2.8895e-01,4.1420e+00,1.7501e+01,2.1068e+00,1.0279e-01
3.8100e+03,2.8751e-01,4.1406e+00,1.7501e+01,2.1082e+00,1.0288e-01
3.8200e+03,2.8609e-01,4.1393e+00,1.7501e+01,2.1095e+00,1.0296e-01
3.8300e+03,2.8467e-01,4.1379e+00,1.7501e+01,2.1109e+00,1.0304e-01
3.8400e+03,2.8327e-01,4.1366e+00,1.7501e+01,2.1122e+00,1.0312e-01
3.8500e+03,2.8186e-01,4.1353e+00,1.7501e+01,2.1135e+00,1.0320e-01
3.8600e+03,2.8047e-01,4.1340e+00,1.7501e+01,2.1148e+00,1.0328e-01
3.8700e+03,2.7908e-01,4.1327e+00,1.7501e+01,2.1161e+00,1.0336e-01
3.8800e+03,2.7770e-01,4.1314e+00,1.7501e+01,2.1174e+00,1.0343e-01
3.8900e+03,2.7633e-01,4.1301e+00,1.7501e+01,2.1187e+00,1.0351e-01
3.9000e+03,2.7497e-01,4.1288e+00,1.7501e+01,2.1200e+00,1.0359e-01
3.9100e+03,2.7361e-01,4.1275e+00,1.7501e+01,2.1213e+00,1.0367e-01
3.9200e+03,2.7226e-01,4.1262e+00,1.7501e+01,2.1226e+00,1.0375e-01
3.9300e+03,2.7091e-01,4.1249e+00,1.7501e+01,2.1238e+00,1.0382e-01
3.9400e+03,2.6958e-01,4.1237e+00,1.7501e+01,2.1251e+00,1.0390e-01
3.9500e+03,2.6825e-01,4.1224e+00,1.7501e+01,2.1264e+00,1.0397e-01
3.9600e+03,2.6692e-01,4.1212e+00,1.7501e+01,2.1276e+00,1.0405e-01
3.9700e+03,2.6561e-01,4.1199e+00,1.7501e+01,2.1288e+00,1.0413e-01
3.9800e+03,2.6430e-01,4.1187e+00,1.7501e+01,2.1301e+00,1.0420e-01
3.9900e+03,2.6300e-01,4.1175e+00,1.7501e+01,2.1313e+00,1.0428e-01
4.0000e+03,2.6170e-01,4.1163e+00,1.7501e+01,2.1325e+00,1.0435e-01
4.0100e+03,2.6041e-01,4.1150e+00,1.7501e+01,2.1337e+00,1.0442e-01
4.0200e+03,2.5913e-01,4.1138e+00,1.7501e+01,2.1349e+00,1.0450e-01
4.0300e+03,2.5786e-01,4.1126e+00,1.7501e+01,2.1361e+00,1.0457e-01
4.0400e+03,2.5659e-01,4.1114e+00,1.7501e+01,2.1373e+00,1.0464e-01
4.0500e+03,2.5532e-01,4.1102e+00,1.7501e+01,2.1385e+00,1.0471e-01
4.0600e+03,2.5407e-01,4.1091e+00,1.7501e+01,2.1397e+00,1.0479e-01
4.0700e+03,2.5282e-01,4.1079e+00,1.7501e+01,2.1409e+00,1.0486e-01
4.0800e+03,2.5158e-01,4.1067e+00,1.7501e+01,2.1421e+00,1.0493e-01
4.0900e+03,2.5034e-01,4.1055e+00,1.7501e+01,2.1432e+00,1.0500e-01
4.1000e+03,2.4911e-01,4.1044e+00,1.7501e+01,2.1444e+00,1.0507e-01
4.1100e+03,2.4789e-01,4.1032e+00,1.7501e+01,2.1455e+00,1.0514e-01
4.1200e+03,2.4667e-01,4.1021e+00,1.7501e+01,2.1467e+00,1.0521e-01
4.1300e+03,2.4546e-01,4.1009e+00,1.7501e+01,2.1478e+00,1.0528e-01
4.1400e+03,2.4425e-01,4.0998e+00,1.7501e+01,2.1490e+00,1.0535e-01
4.1500e+03,2.4306e-01,4.0987e+00,1.7501e+01,2.1501e+00,1.0542e-01
4.1600e+03,2.4186e-01,4.0975e+00,1.7501e+01,2.1512e+00,1.0549e-01
4.1700e+03,2.4068e-01,4.0964e+00,1.7501e+01,2.1523e+00,1.0556e-01
4.1800e+03,2.3950e-01,4.0953e+00,1.7501e+01,2.1535e+00,1.0562e-01
4.1900e+03,2.3832e-01,4.0942e+00,1.7501e+01,2.1546e+00,1.0569e-01
4.2000e+03,2.3716e-01,4.0931e+00,1.7501e+01,2.1557e+00,1.0576e-01
4.2100e+03,2.3599e-01,4.0920e+00,1.7501e+01,2.1568e+00,1.0583e-01
4.2200e+03,2.3484e-01,4.0909e+00,1.7501e+01,2.1578e+00,1.0589e-01
4.2300e+03,2.3369e-01,4.0898e+00,1.7501e+01,2.1589e+00,1.0596e-01
4.2400e+03,2.3254e-01,4.0888e+00,1.7501e+01,2.1600e+00,1.0602e-01
4.2500e+03,2.3141e-01,4.0877e+00,1.7501e+01,2.1611e+00,1.0609e-01
4.2600e+03,2.3027e-01,4.0866e+00,1.7501e+01,2.1621e+00,1.0616e-01
4.2700e+03,2.2915e-01,4.0856e+00,1.7501e+01,2.1632e+00,1.0622e-01
4.2800e+03,2.2803e-01,4.0845e+00,1.7501e+01,2.1643e+00,1.0628e-01
4.2900e+03,2.2691e-01,4.0834e+00,1.7501e+01,2.1653e+00,1.0635e-01
4.3000e+03,2.2580e-01,4.0824e+00,1.7501e+01,2.1664e+00,1.0641e-01
4.3100e+03,2.2470e-01,4.0814e+00,1.7501e+01,2.1674e+00,1.0648e-01
4.3200e+03,2.2360e-01,4.0803e+00,1.7501e+01,2.1684e+00,1.0654e-01
4.3300e+03,2.2251e-01,4.0793e+00,1.7501e+01,2.1695e+00,1.0660e-01
4.3400e+03,2.2142e-01,4.0783e+00,1.7501e+01,2.1705e+00,1.0667e-01
4.3500e+03,2.2034e-01,4.0773e+00,1.7501e+01,2.1715e+00,1.0673e-01
4.3600e+03,2.1927e-01,4.0762e+00,1.7501e+01,2.1725e+00,1.0679e-01
4.3700e+03,2.1820e-01,4.0752e+00,1.7501e+01,2.1735e+00,1.0685e-01
4.3800e+03,2.1713e-01,4.0742e+00,1.7501e+01,2.1745e+00,1.0691e-01
4.3900e+03,2.1607e-01,4.0732e+00,1.7501e+01,2.1755e+00,1.0697e-01
4.4000e+03,2.1502e-01,4.0722e+00,1.7501e+01,2.1765e+00,1.0704e-01
4.4100e+03,2.1397e-01,4.0712e+00,1.7501e+01,2.1775e+00,1.0710e-01
4.4200e+03,2.1293e-01,4.0703e+00,1.7501e+01,2.1785e+00,1.0716e-01
4.4300e+03,2.1189e-01,4.0693e+00,1.7501e+01,2.1795e+00,1.0722e-01
4.4400e+03,2.1086e-01,4.0683e+00,1.7501e+01,2.1804e+00,1.0728e-01
4.4500e+03,2.0983e-01,4.0673e+00,1.7501e+01,2.1814e+00,1.0734e-01
4.4600e+03,2.0881e-01,4.0664e+00,1.7501e+01,2.1824e+00,1.0740e-01
4.4700e+03,2.0779e-01,4.0654e+00,1.7501e+01,2.1833e+00,1.0745e-01
4.4800e+03,2.0678e-01,4.0645e+00,1.7501e+01,2.1843e+00,1.0751e-01
4.4900e+03,2.0577e-01,4.0635e+00,1.7501e+01,2.1852e+00,1.0757e-01
4.5000e+03,2.0477e-01,4.0626e+00,1.7501e+01,2.1862e+00,1.0763e-01
4.5100e+03,2.0378e-01,4.0616e+00,1.7501e+01,2.1871e+00,1.0769e-01
4.5200e+03,2.0278e-01,4.0607e+00,1.7501e+01,2.1880e+00,1.0774e-01
4.5300e+03,2.0180e-01,4.0598e+00,1.7501e+01,2.1890e+00,1.0780e-01
4.5400e+03,2.0082e-01,4.0589e+00,1.7501e+01,2.1899e+00,1.0786e-01
4.5500e+03,1.9984e-01,4.0579e+00,1.7501e+01,2.1908e+00,1.0792e-01
4.5600e+03,1.9887e-01,4.0570e+00,1.7501e+01,2.1917e+00,1.0797e-01
4.5700e+03,1.9790e-01,4.0561e+00,1.7501e+01,2.1926e+00,1.0803e-01
4.5800e+03,1.9694e-01,4.0552e+00,1.7501e+01,2.1935e+00,1.0808e-01
4.5900e+03,1.9599e-01,4.0543e+00,1.7501e+01,2.1944e+00,1.0814e-01
4.6000e+03,1.9503e-01,4.0534e+00,1.7501e+01,2.1953e+00,1.0819e-01
4.6100e+03,1.9409e-01,4.0525e+00,1.7501e+01,2.1962e+00,1.0825e-01
4.6200e+03,1.9314e-01,4.0516e+00,1.7501e+01,2.1971e+00,1.0830e-01
4.6300e+03,1.9221e-01,4.0507e+00,1.7501e+01,2.1980e+00,1.0836e-01
4.6400e+03,1.9127e-01,4.0499e+00,1.7501e+01,2.1989e+00,1.0841e-01
4.6500e+03,1.9035e-01,4.0490e+00,1.7501e+01,2.1998e+00,1.0847e-01
4.6600e+03,1.8942e-01,4.0481e+00,1.7501e+01,2.2006e+00,1.0852e-01
4.6700e+03,1.8851e-01,4.0472e+00,1.7501e+01,2.2015e+00,1.0857e-01
4.6800e+03,1.8759e-01,4.0464e+00,1.7501e+01,2.2024e+00,1.0863e-01
4.6900e+03,1.8668e-01,4.0455e+00,1.7501e+01,2.2032e+00,1.0868e-01
4.7000e+03,1.8578e-01,4.0447e+00,1.7501e+01,2.2041e+00,1.0873e-01
4.7100e+03,1.8488e-01,4.0438e+00,1.7501e+01,2.2049e+00,1.0879e-01
4.7200e+03,1.8398e-01,4.0430e+00,1.7501e+01,2.2058e+00,1.0884e-01
4.7300e+03,1.8309e-01,4.0421e+00,1.7501e+01,2.2066e+00,1.0889e-01
4.7400e+03,1.8220e-01,4.0413e+00,1.7501e+01,2.2074e+00,1.0894e-01
4.7500e+03,1.8132e-01,4.0405e+00,1.7501e+01,2.2083e+00,1.0899e-01
4.7600e+03,1.8044e-01,4.0397e+00,1.7501e+01,2.2091e+00,1.0904e-01
4.7700e+03,1.7957e-01,4.0388e+00,1.7501e+01,2.2099e+00,1.0909e-01
4.7800e+03,1.7870e-01,4.0380e+00,1.7501e+01,2.2107e+00,1.0914e-01
4.7900e+03,1.7784e-01,4.0372e+00,1.7501e+01,2.2115e+00,1.0920e-01
4.8000e+03,1.7698e-01,4.0364e+00,1.7501e+01,2.2123e+00,1.0925e-01
4.8100e+03,1.7612e-01,4.0356e+00,1.7501e+01,2.2132e+00,1.0930e-01
4.8200e+03,1.7527e-01,4.0348e+00,1.7501e+01,2.2140e+00,1.0935e-01
4.8300e+03,1.7442e-01,4.0340e+00,1.7501e+01,2.2148e+00,1.0939e-01
4.8400e+03,1.7358e-01,4.0332e+00,1.7501e+01,2.2155e+00,1.0944e-01
4.8500e+03,1.7274e-01,4.0324e+00,1.7501e+01,2.2163e+00,1.0949e-01
4.8600e+03,1.7191e-01,4.0316e+00,1.7501e+01,2.2171e+00,1.0954e-01
4.8700e+03,1.7108e-01,4.0308e+00,1.7501e+01,2.2179e+00,1.0959e-01
4.8800e+03,1.7025e-01,4.0300e+00,1.7501e+01,2.2187e+00,1.0964e-01
4.8900e+03,1.6943e-01,4.0293e+00,1.7501e+01,2.2195e+00,1.0969e-01
4.9000e+03,1.6861e-01,4.0285e+00,1.7501e+01,2.2202e+00,1.0973e-01
4.9100e+03,1.6780e-01,4.0277e+00,1.7501e+01,2.2210e+00,1.0978e-01
4.9200e+03,1.6699e-01,4.0270e+00,1.7501e+01,2.2218e+00,1.0983e-01
4.9300e+03,1.6618e-01,4.0262e+00,1.7501e+01,2.2225e+00,1.0988e-01
4.9400e+03,1.6538e-01,4.0255e+00,1.7501e+01,2.2233e+00,1.0992e-01
4.9500e+03,1.6458e-01,4.0247e+00,1.7501e+01,2.2240e+00,1.0997e-01
4.9600e+03,1.6379e-01,4.0240e+00,1.7501e+01,2.2248e+00,1.1002e-01
4.9700e+03,1.6300e-01,4.0232e+00,1.7501e+01,2.2255e+00,1.1006e-01
4.9800e+03,1.6221e-01,4.0225e+00,1.7501e+01,2.2263e+00,1.1011e-01
4.9900e+03,1.6143e-01,4.0217e+00,1.7501e+01,2.2270e+00,1.1015e-01
5.0000e+03,1.6065e-01,4.0210e+00,1.7501e+01,2.2277e+00,1.1020e-01
5.0100e+03,1.5988e-01,4.0203e+00,1.7501e+01,2.2285e+00,1.1024e-01
5.0200e+03,1.5911e-01,4.0195e+00,1.7501e+01,2.2292e+00,1.1029e-01
5.0300e+03,1.5834e-01,4.0188e+00,1.7501e+01,2.2299e+00,1.1033e-01
5.0400e+03,1.5758e-01,4.0181e+00,1.7501e+01,2.2306e+00,1.1038e-01
5.0500e+03,1.5682e-01,4.0174e+00,1.7501e+01,2.2313e+00,1.1042e-01
5.0600e+03,1.5606e-01,4.0167e+00,1.7501e+01,2.2320e+00,1.1047e-01
5.0700e+03,1.5531e-01,4.0160e+00,1.7501e+01,2.2327e+00,1.1051e-01
5.0800e+03,1.5456e-01,4.0153e+00,1.7501e+01,2.2335e+00,1.1056e-01
5.0900e+03,1.5382e-01,4.0146e+00,1.7501e+01,2.2342e+00,1.1060e-01
5.1000e+03,1.5308e-01,4.0139e+00,1.7501e+01,2.2348e+00,1.1064e-01
5.1100e+03,1.5234e-01,4.0132e+00,1.7501e+01,2.2355e+00,1.1069e-01
5.1200e+03,1.5161e-01,4.0125e+00,1.7501e+01,2.2362e+00,1.1073e-01
5.1300e+03,1.5088e-01,4.0118e+00,1.7501e+01,2.2369e+00,1.1077e-01
5.1400e+03,1.5016e-01,4.0111e+00,1.7501e+01,2.2376e+00,1.1081e-01
5.1500e+03,1.4944e-01,4.0104e+00,1.7501e+01,2.2383e+00,1.1086e-01
5.1600e+03,1.4872e-01,4.0098e+00,1.7501e+01,2.2390e+00,1.1090e-01
5.1700e+03,1.4800e-01,4.0091e+00,1.7501e+01,2.2396e+00,1.1094e-01
5.1800e+03,1.4729e-01,4.0084e+00,1.7501e+01,2.2403e+00,1.1098e-01
5.1900e+03,1.4658e-01,4.0078e+00,1.7501e+01,2.2410e+00,1.1102e-01
5.2000e+03,1.4588e-01,4.0071e+00,1.7501e+01,2.2416e+00,1.1107e-01
5.2100e+03,1.4518e-01,4.0064e+00,1.7501e+01,2.2423e+00,1.1111e-01
5.2200e+03,1.4448e-01,4.0058e+00,1.7501e+01,2.2429e+00,1.1115e-01
5.2300e+03,1.4379e-01,4.0051e+00,1.7501e+01,2.2436e+00,1.1119e-01
5.2400e+03,1.4310e-01,4.0045e+00,1.7501e+01,2.2442e+00,1.1123e-01
5.2500e+03,1.4241e-01,4.0038e+00,1.7501e+01,2.2449e+00,1.1127e-01
5.2600e+03,1.4173e-01,4.0032e+00,1.7501e+01,2.2455e+00,1.1131e-01
5.2700e+03,1.4105e-01,4.0025e+00,1.7501e+01,2.2462e+00,1.1135e-01
5.2800e+03,1.4037e-01,4.0019e+00,1.7501e+01,2.2468e+00,1.1139e-01
5.2900e+03,1.3970e-01,4.0013e+00,1.7501e+01,2.2474e+00,1.1143e-01
5.3000e+03,1.3903e-01,4.0006e+00,1.7501e+01,2.2481e+00,1.1147e-01
5.3100e+03,1.3836e-01,4.0000e+00,1.7501e+01,2.2487e+00,1.1151e-01
5.3200e+03,1.3770e-01,3.9994e+00,1.7501e+01,2.2493e+00,1.1155e-01
5.3300e+03,1.3704e-01,3.9988e+00,1.7501e+01,2.2500e+00,1.1159e-01
5.3400e+03,1.3638e-01,3.9981e+00,1.7501e+01,2.2506e+00,1.1162e-01
5.3500e+03,1.3572e-01,3.9975e+00,1.7501e+01,2.2512e+00,1.1166e-01
5.3600e+03,1.3507e-01,3.9969e+00,1.7501e+01,2.2518e+00,1.1170e-01
5.3700e+03,1.3443e-01,3.9963e+00,1.7501e+01,2.2524e+00,1.1174e-01
5.3800e+03,1.3378e-01,3.9957e+00,1.7501e+01,2.2530e+00,1.1178e-01
5.3900e+03,1.3314e-01,3.9951e+00,1.7501e+01,2.2536e+00,1.1181e-01
5.4000e+03,1.3250e-01,3.9945e+00,1.7501e+01,2.2542e+00,1.1185e-01
5.4100e+03,1.3187e-01,3.9939e+00,1.7501e+01,2.2548e+00,1.1189e-01
5.4200e+03,1.3124e-01,3.9933e+00,1.7501e+01,2.2554e+00,1.1193e-01
5.4300e+03,1.3061e-01,3.9927e+00,1.7501e+01,2.2560e+00,1.1196e-01
5.4400e+03,1.2998e-01,3.9921e+00,1.7501e+01,2.2566e+00,1.1200e-01
5.4500e+03,1.2936e-01,3.9915e+00,1.7501e+01,2.2572e+00,1.1204e-01
5.4600e+03,1.2874e-01,3.9910e+00,1.7501e+01,2.2578e+00,1.1207e-01
5.4700e+03,1.2813e-01,3.9904e+00,1.7501e+01,2.2583e+00,1.1211e-01
5.4800e+03,1.2751e-01,3.9898e+00,1.7501e+01,2.2589e+00,1.1215e-01
5.4900e+03,1.2690e-01,3.9892e+00,1.7501e+01,2.2595e+00,1.1218e-01
5.5000e+03,1.2630e-01,3.9887e+00,1.7501e+01,2.2601e+00,1.1222e-01
5.5100e+03,1.2569e-01,3.9881e+00,1.7501e+01,2.2606e+00,1.1225e-01
5.5200e+03,1.2509e-01,3.9875e+00,1.7501e+01,2.2612e+00,1.1229e-01
5.5300e+03,1.2449e-01,3.9870e+00,1.7501e+01,2.2618e+00,1.1232e-01
5.5400e+03,1.2390e-01,3.9864e+00,1.7501e+01,2.2623e+00,1.1236e-01
5.5500e+03,1.2331e-01,3.9858e+00,1.7501e+01,2.2629e+00,1.1239e-01
5.5600e+03,1.2272e-01,3.9853e+00,1.7501e+01,2.2634e+00,1.1243e-01
5.5700e+03,1.2213e-01,3.9847e+00,1.7501e+01,2.2640e+00,1.1246e-01
5.5800e+03,1.2155e-01,3.9842e+00,1.7501e+01,2.2645e+00,1.1250e-01
5.5900e+03,1.2097e-01,3.9836e+00,1.7501e+01,2.2651e+00,1.1253e-01
5.6000e+03,1.2039e-01,3.9831e+00,1.7501e+01,2.2656e+00,1.1257e-01
5.6100e+03,1.1981e-01,3.9825e+00,1.7501e+01,2.2662e+00,1.1260e-01
5.6200e+03,1.1924e-01,3.9820e+00,1.7501e+01,2.2667e+00,1.1263e-01
5.6300e+03,1.1867e-01,3.9815e+00,1.7501e+01,2.2672e+00,1.1267e-01
5.6400e+03,1.1810e-01,3.9809e+00,1.7501e+01,2.2678e+00,1.1270e-01
5.6500e+03,1.1754e-01,3.9804e+00,1.7501e+01,2.2683e+00,1.1273e-01
5.6600e+03,1.1698e-01,3.9799e+00,1.7501e+01,2.2688e+00,1.1277e-01
5.6700e+03,1.1642e-01,3.9794e+00,1.7501e+01,2.2693e+00,1.1280e-01
5.6800e+03,1.1587e-01,3.9788e+00,1.7501e+01,2.2699e+00,1.1283e-01
5.6900e+03,1.1531e-01,3.9783e+00,1.7501e+01,2.2704e+00,1.1287e-01
5.7000e+03,1.1476e-01,3.9778e+00,1.7501e+01,2.2709e+00,1.1290e-01
5.7100e+03,1.1422e-01,3.9773e+00,1.7501e+01,2.2714e+00,1.1293e-01
5.7200e+03,1.1367e-01,3.9768e+00,1.7501e+01,2.2719e+00,1.1296e-01
5.7300e+03,1.1313e-01,3.9763e+00,1.7501e+01,2.2724e+00,1.1300e-01
5.7400e+03,1.1259e-01,3.9757e+00,1.7501e+01,2.2730e+00,1.1303e-01
5.7500e+03,1.1205e-01,3.9752e+00,1.7501e+01,2.2735e+00,1.1306e-01
5.7600e+03,1.1152e-01,3.9747e+00,1.7501e+01,2.2740e+00,1.1309e-01
5.7700e+03,1.1099e-01,3.9742e+00,1.7501e+01,2.2745e+00,1.1312e-01
5.7800e+03,1.1046e-01,3.9737e+00,1.7501e+01,2.2750e+00,1.1315e-01
5.7900e+03,1.0993e-01,3.9732e+00,1.7501e+01,2.2755e+00,1.1318e-01
5.8000e+03,1.0941e-01,3.9727e+00,1.7501e+01,2.2759e+00,1.1322e-01
5.8100e+03,1.0889e-01,3.9723e+00,1.7501e+01,2.2764e+00,1.1325e-01
5.8200e+03,1.0837e-01,3.9718e+00,1.7501e+01,2.2769e+00,1.1328e-01
5.8300e+03,1.0785e-01,3.9713e+00,1.7501e+01,2.2774e+00,1.1331e-01
5.8400e+03,1.0734e-01,3.9708e+00,1.7501e+01,2.2779e+00,1.1334e-01
5.8500e+03,1.0683e-01,3.9703e+00,1.7501e+01,2.2784e+00,1.1337e-01
5.8600e+03,1.0632e-01,3.9698e+00,1.7501e+01,2.2789e+00,1.1340e-01
5.8700e+03,1.0581e-01,3.9694e+00,1.7501e+01,2.2793e+00,1.1343e-01
5.8800e+03,1.0531e-01,3.9689e+00,1.7501e+01,2.2798e+00,1.1346e-01
5.8900e+03,1.0480e-01,3.9684e+00,1.7501e+01,2.2803e+00,1.1349e-01
5.9000e+03,1.0431e-01,3.9679e+00,1.7501e+01,2.2807e+00,1.1352e-01
5.9100e+03,1.0381e-01,3.9675e+00,1.7501e+01,2.2812e+00,1.1355e-01
5.9200e+03,1.0332e-01,3.9670e+00,1.7501e+01,2.2817e+00,1.1358e-01
5.9300e+03,1.0282e-01,3.9666e+00,1.7501e+01,2.2821e+00,1.1361e-01
5.9400e+03,1.0233e-01,3.9661e+00,1.7501e+01,2.2826e+00,1.1363e-01
5.9500e+03,1.0185e-01,3.9656e+00,1.7501e+01,2.2831e+00,1.1366e-01
5.9600e+03,1.0136e-01,3.9652e+00,1.7501e+01,2.2835e+00,1.1369e-01
5.9700e+03,1.0088e-01,3.9647e+00,1.7501e+01,2.2840e+00,1.1372e-01
5.9800e+03,1.0040e-01,3.9643e+00,1.7501e+01,2.2844e+00,1.1375e-01
5.9900e+03,9.9924e-02,3.9638e+00,1.7501e+01,2.2849e+00,1.1378e-01
6.0000e+03,9.9449e-02,3.9634e+00,1.7501e+01,2.2853e+00,1.1381e-01
6.0100e+03,9.8976e-02,3.9629e+00,1.7501e+01,2.2858e+00,1.1383e-01
6.0200e+03,9.8505e-02,3.9625e+00,1.7501e+01,2.2862e+00,1.1386e-01
6.0300e+03,9.8037e-02,3.9620e+00,1.7501e+01,2.2866e+00,1.1389e-01
6.0400e+03,9.7571e-02,3.9616e+00,1.7501e+01,2.2871e+00,1.1392e-01
6.0500e+03,9.7107e-02,3.9612e+00,1.7501e+01,2.2875e+00,1.1395e-01
6.0600e+03,9.6646e-02,3.9607e+00,1.7501e+01,2.2880e+00,1.1397e-01
6.0700e+03,9.6186e-02,3.9603e+00,1.7501e+01,2.2884e+00,1.1400e-01
6.0800e+03,9.5729e-02,3.9599e+00,1.7501e+01,2.2888e+00,1.1403e-01
6.0900e+03,9.5275e-02,3.9594e+00,1.7501e+01,2.2892e+00,1.1405e-01
6.1000e+03,9.4822e-02,3.9590e+00,1.7501e+01,2.2897e+00,1.1408e-01
6.1100e+03,9.4372e-02,3.9586e+00,1.7501e+01,2.2901e+00,1.1411e-01
6.1200e+03,9.3924e-02,3.9582e+00,1.7501e+01,2.2905e+00,1.1413e-01
6.1300e+03,9.3477e-02,3.9578e+00,1.7501e+01,2.2909e+00,1.1416e-01
6.1400e+03,9.3034e-02,3.9573e+00,1.7501e+01,2.2914e+00,1.1419e-01
6.1500e+03,9.2592e-02,3.9569e+00,1.7501e+01,2.2918e+00,1.1421e-01
6.1600e+03,9.2152e-02,3.9565e+00,1.7501e+01,2.2922e+00,1.1424e-01
6.1700e+03,9.1715e-02,3.9561e+00,1.7501e+01,2.2926e+00,1.1427e-01
6.1800e+03,9.1279e-02,3.9557e+00,1.7501e+01,2.2930e+00,1.1429e-01
6.1900e+03,9.0846e-02,3.9553e+00,1.7501e+01,2.2934e+00,1.1432e-01
6.2000e+03,9.0415e-02,3.9549e+00,1.7501e+01,2.2938e+00,1.1434e-01
6.2100e+03,8.9986e-02,3.9545e+00,1.7501e+01,2.2942e+00,1.1437e-01
6.2200e+03,8.9559e-02,3.9541e+00,1.7501e+01,2.2946e+00,1.1439e-01
6.2300e+03,8.9134e-02,3.9537e+00,1.7501e+01,2.2950e+00,1.1442e-01
6.2400e+03,8.8711e-02,3.9533e+00,1.7501e+01,2.2954e+00,1.1444e-01
6.2500e+03,8.8291e-02,3.9529e+00,1.7501e+01,2.2958e+00,1.1447e-01
6.2600e+03,8.7872e-02,3.9525e+00,1.7501e+01,2.2962e+00,1.1449e-01
6.2700e+03,8.7455e-02,3.9521e+00,1.7501e+01,2.2966e+00,1.1452e-01
6.2800e+03,8.7040e-02,3.9517e+00,1.7501e+01,2.2970e+00,1.1454e-01
6.2900e+03,8.6628e-02,3.9513e+00,1.7501e+01,2.2974e+00,1.1457e-01
6.3000e+03,8.6217e-02,3.9509e+00,1.7501e+01,2.2978e+00,1.1459e-01
6.3100e+03,8.5808e-02,3.9505e+00,1.7501e+01,2.2981e+00,1.1462e-01
6.3200e+03,8.5401e-02,3.9502e+00,1.7501e+01,2.2985e+00,1.1464e-01
6.3300e+03,8.4997e-02,3.9498e+00,1.7501e+01,2.2989e+00,1.1467e-01
6.3400e+03,8.4594e-02,3.9494e+00,1.7501e+01,2.2993e+00,1.1469e-01
6.3500e+03,8.4193e-02,3.9490e+00,1.7501e+01,2.2997e+00,1.1471e-01
6.3600e+03,8.3794e-02,3.9486e+00,1.7501e+01,2.3000e+00,1.1474e-01
6.3700e+03,8.3397e-02,3.9483e+00,1.7501e+01,2.3004e+00,1.1476e-01
6.3800e+03,8.3002e-02,3.9479e+00,1.7501e+01,2.3008e+00,1.1478e-01
6.3900e+03,8.2608e-02,3.9475e+00,1.7501e+01,2.3012e+00,1.1481e-01
6.4000e+03,8.2217e-02,3.9472e+00,1.7501e+01,2.3015e+00,1.1483e-01
6.4100e+03,8.1828e-02,3.9468e+00,1.7501e+01,2.3019e+00,1.1485e-01
6.4200e+03,8.1440e-02,3.9464e+00,1.7501e+01,2.3023e+00,1.1488e-01
6.4300e+03,8.1054e-02,3.9461e+00,1.7501e+01,2.3026e+00,1.1490e-01
6.4400e+03,8.0671e-02,3.9457e+00,1.7501e+01,2.3030e+00,1.1492e-01
6.4500e+03,8.0289e-02,3.9453e+00,1.7501e+01,2.3033e+00,1.1495e-01
6.4600e+03,7.9909e-02,3.9450e+00,1.7501e+01,2.3037e+00,1.1497e-01
6.4700e+03,7.9530e-02,3.9446e+00,1.7501e+01,2.3041e+00,1.1499e-01
6.4800e+03,7.9154e-02,3.9443e+00,1.7501e+01,2.3044e+00,1.1501e-01
6.4900e+03,7.8779e-02,3.9439e+00,1.7501e+01,2.3048e+00,1.1504e-01
6.5000e+03,7.8406e-02,3.9436e+00,1.7501e+01,2.3051e+00,1.1506e-01
6.5100e+03,7.8035e-02,3.9432e+00,1.7501e+01,2.3055e+00,1.1508e-01
6.5200e+03,7.7666e-02,3.9429e+00,1.7501e+01,2.3058e+00,1.1510e-01
6.5300e+03,7.7298e-02,3.9425e+00,1.7501e+01,2.3062e+00,1.1512e-01
6.5400e+03,7.6933e-02,3.9422e+00,1.7501e+01,2.3065e+00,1.1515e-01
6.5500e+03,7.6569e-02,3.9418e+00,1.7501e+01,2.3068e+00,1.1517e-01
6.5600e+03,7.6206e-02,3.9415e+00,1.7501e+01,2.3072e+00,1.1519e-01
6.5700e+03,7.5846e-02,3.9412e+00,1.7501e+01,2.3075e+00,1.1521e-01
6.5800e+03,7.5487e-02,3.9408e+00,1.7501e+01,2.3079e+00,1.1523e-01
6.5900e+03,7.5130e-02,3.9405e+00,1.7501e+01,2.3082e+00,1.1525e-01
6.6000e+03,7.4775e-02,3.9402e+00,1.7501e+01,2.3085e+00,1.1527e-01
6.6100e+03,7.4421e-02,3.9398e+00,1.7501e+01,2.3089e+00,1.1530e-01
6.6200e+03,7.4069e-02,3.9395e+00,1.7501e+01,2.3092e+00,1.1532e-01
6.6300e+03,7.3719e-02,3.9392e+00,1.7501e+01,2.3095e+00,1.1534e-01
6.6400e+03,7.3371e-02,3.9388e+00,1.7501e+01,2.3098e+00,1.1536e-01
6.6500e+03,7.3024e-02,3.9385e+00,1.7501e+01,2.3102e+00,1.1538e-01
6.6600e+03,7.2679e-02,3.9382e+00,1.7501e+01,2.3105e+00,1.1540e-01
6.6700e+03,7.2335e-02,3.9379e+00,1.7501e+01,2.3108e+00,1.1542e-01
6.6800e+03,7.1993e-02,3.9375e+00,1.7501e+01,2.3111e+00,1.1544e-01
6.6900e+03,7.1653e-02,3.9372e+00,1.7501e+01,2.3115e+00,1.1546e-01
6.7000e+03,7.1314e-02,3.9369e+00,1.7501e+01,2.3118e+00,1.1548e-01
6.7100e+03,7.0977e-02,3.9366e+00,1.7501e+01,2.3121e+00,1.1550e-01
6.7200e+03,7.0642e-02,3.9363e+00,1.7501e+01,2.3124e+00,1.1552e-01
6.7300e+03,7.0308e-02,3.9360e+00,1.7501e+01,2.3127e+00,1.1554e-01
6.7400e+03,6.9976e-02,3.9356e+00,1.7501e+01,2.3130e+00,1.1556e-01
6.7500e+03,6.9645e-02,3.9353e+00,1.7501e+01,2.3133e+00,1.1558e-01
6.7600e+03,6.9316e-02,3.9350e+00,1.7501e+01,2.3137e+00,1.1560e-01
6.7700e+03,6.8989e-02,3.9347e+00,1.7501e+01,2.3140e+00,1.1562e-01
6.7800e+03,6.8663e-02,3.9344e+00,1.7501e+01,2.3143e+00,1.1564e-01
6.7900e+03,6.8339e-02,3.9341e+00,1.7501e+01,2.3146e+00,1.1566e-01
6.8000e+03,6.8016e-02,3.9338e+00,1.7501e+01,2.3149e+00,1.1568e-01
6.8100e+03,6.7695e-02,3.9335e+00,1.7501e+01,2.3152e+00,1.1570e-01
6.8200e+03,6.7376e-02,3.9332e+00,1.7501e+01,2.3155e+00,1.1572e-01
6.8300e+03,6.7057e-02,3.9329e+00,1.7501e+01,2.3158e+00,1.1574e-01
6.8400e+03,6.6741e-02,3.9326e+00,1.7501e+01,2.3161e+00,1.1575e-01
6.8500e+03,6.6426e-02,3.9323e+00,1.7501e+01,2.3164e+00,1.1577e-01
6.8600e+03,6.6112e-02,3.9320e+00,1.7501e+01,2.3167e+00,1.1579e-01
6.8700e+03,6.5800e-02,3.9317e+00,1.7501e+01,2.3170e+00,1.1581e-01
6.8800e+03,6.5490e-02,3.9314e+00,1.7501e+01,2.3173e+00,1.1583e-01
6.8900e+03,6.5181e-02,3.9311e+00,1.7501e+01,2.3175e+00,1.1585e-01
6.9000e+03,6.4873e-02,3.9308e+00,1.7501e+01,2.3178e+00,1.1587e-01
6.9100e+03,6.4567e-02,3.9306e+00,1.7501e+01,2.3181e+00,1.1588e-01
6.9200e+03,6.4262e-02,3.9303e+00,1.7501e+01,2.3184e+00,1.1590e-01
6.9300e+03,6.3959e-02,3.9300e+00,1.7501e+01,2.3187e+00,1.1592e-01
6.9400e+03,6.3657e-02,3.9297e+00,1.7501e+01,2.3190e+00,1.1594e-01
6.9500e+03,6.3357e-02,3.9294e+00,1.7501e+01,2.3193e+00,1.1596e-01
6.9600e+03,6.3058e-02,3.9291e+00,1.7501e+01,2.3195e+00,1.1597e-01
6.9700e+03,6.2761e-02,3.9289e+00,1.7501e+01,2.3198e+00,1.1599e-01
6.9800e+03,6.2465e-02,3.9286e+00,1.7501e+01,2.3201e+00,1.1601e-01
6.9900e+03,6.2170e-02,3.9283e+00,1.7501e+01,2.3204e+00,1.1603e-01
7.0000e+03,6.1877e-02,3.9280e+00,1.7501e+01,2.3207e+00,1.1604e-01
7.0100e+03,6.1585e-02,3.9277e+00,1.7501e+01,2.3209e+00,1.1606e-01
7.0200e+03,6.1295e-02,3.9275e+00,1.7501e+01,2.3212e+00,1.1608e-01
7.0300e+03,6.1006e-02,3.9272e+00,1.7501e+01,2.3215e+00,1.1610e-01
7.0400e+03,6.0718e-02,3.9269e+00,1.7501e+01,2.3217e+00,1.1611e-01
7.0500e+03,6.0432e-02,3.9267e+00,1.7501e+01,2.3220e+00,1.1613e-01
7.0600e+03,6.0147e-02,3.9264e+00,1.7501e+01,2.3223e+00,1.1615e-01
7.0700e+03,5.9864e-02,3.9261e+00,1.7501e+01,2.3225e+00,1.1617e-01
7.0800e+03,5.9582e-02,3.9259e+00,1.7501e+01,2.3228e+00,1.1618e-01
7.0900e+03,5.9301e-02,3.9256e+00,1.7501e+01,2.3231e+00,1.1620e-01
7.1000e+03,5.9021e-02,3.9253e+00,1.7501e+01,2.3233e+00,1.1622e-01
7.1100e+03,5.8743e-02,3.9251e+00,1.7501e+01,2.3236e+00,1.1623e-01
7.1200e+03,5.8466e-02,3.9248e+00,1.7501e+01,2.3239e+00,1.1625e-01
7.1300e+03,5.8191e-02,3.9246e+00,1.7501e+01,2.3241e+00,1.1627e-01
7.1400e+03,5.7917e-02,3.9243e+00,1.7501e+01,2.3244e+00,1.1628e-01
7.1500e+03,5.7644e-02,3.9240e+00,1.7501e+01,2.3246e+00,1.1630e-01
7.1600e+03,5.7372e-02,3.9238e+00,1.7501e+01,2.3249e+00,1.1631e-01
7.1700e+03,5.7102e-02,3.9235e+00,1.7501e+01,2.3251e+00,1.1633e-01
7.1800e+03,5.6833e-02,3.9233e+00,1.7501e+01,2.3254e+00,1.1635e-01
7.1900e+03,5.6565e-02,3.9230e+00,1.7501e+01,2.3256e+00,1.1636e-01
7.2000e+03,5.6299e-02,3.9228e+00,1.7501e+01,2.3259e+00,1.1638e-01
7.2100e+03,5.6034e-02,3.9225e+00,1.7501e+01,2.3261e+00,1.1639e-01
7.2200e+03,5.5770e-02,3.9223e+00,1.7501e+01,2.3264e+00,1.1641e-01
7.2300e+03,5.5507e-02,3.9220e+00,1.7501e+01,2.3266e+00,1.1643e-01
7.2400e+03,5.5246e-02,3.9218e+00,1.7501e+01,2.3269e+00,1.1644e-01
7.2500e+03,5.4986e-02,3.9215e+00,1.7501e+01,2.3271e+00,1.1646e-01
7.2600e+03,5.4727e-02,3.9213e+00,1.7501e+01,2.3274e+00,1.1647e-01
7.2700e+03,5.4469e-02,3.9211e+00,1.7501e+01,2.3276e+00,1.1649e-01
7.2800e+03,5.4213e-02,3.9208e+00,1.7501e+01,2.3279e+00,1.1650e-01
7.2900e+03,5.3958e-02,3.9206e+00,1.7501e+01,2.3281e+00,1.1652e-01
7.3000e+03,5.3704e-02,3.9203e+00,1.7501e+01,2.3283e+00,1.1653e-01
7.3100e+03,5.3451e-02,3.9201e+00,1.7501e+01,2.3286e+00,1.1655e-01
7.3200e+03,5.3199e-02,3.9199e+00,1.7501e+01,2.3288e+00,1.1656e-01
7.3300e+03,5.2949e-02,3.9196e+00,1.7501e+01,2.3290e+00,1.1658e-01
7.3400e+03,5.2700e-02,3.9194e+00,1.7501e+01,2.3293e+00,1.1659e-01
7.3500e+03,5.2452e-02,3.9192e+00,1.7501e+01,2.3295e+00,1.1661e-01
7.3600e+03,5.2205e-02,3.9189e+00,1.7501e+01,2.3297e+00,1.1662e-01
7.3700e+03,5.1959e-02,3.9187e+00,1.7501e+01,2.3300e+00,1.1664e-01
7.3800e+03,5.1715e-02,3.9185e+00,1.7501e+01,2.3302e+00,1.1665e-01
7.3900e+03,5.1472e-02,3.9182e+00,1.7501e+01,2.3304e+00,1.1667e-01
7.4000e+03,5.1229e-02,3.9180e+00,1.7501e+01,2.3307e+00,1.1668e-01
7.4100e+03,5.0988e-02,3.9178e+00,1.7501e+01,2.3309e+00,1.1670e-01
7.4200e+03,5.0749e-02,3.9176e+00,1.7501e+01,2.3311e+00,1.1671e-01
7.4300e+03,5.0510e-02,3.9173e+00,1.7501e+01,2.3313e+00,1.1673e-01
7.4400e+03,5.0272e-02,3.9171e+00,1.7501e+01,2.3316e+00,1.1674e-01
7.4500e+03,5.0036e-02,3.9169e+00,1.7501e+01,2.3318e+00,1.1675e-01
7.4600e+03,4.9801e-02,3.9167e+00,1.7501e+01,2.3320e+00,1.1677e-01
7.4700e+03,4.9566e-02,3.9164e+00,1.7501e+01,2.3322e+00,1.1678e-01
7.4800e+03,4.9333e-02,3.9162e+00,1.7501e+01,2.3324e+00,1.1680e-01
7.4900e+03,4.9101e-02,3.9160e+00,1.7501e+01,2.3327e+00,1.1681e-01
7.5000e+03,4.8870e-02,3.9158e+00,1.7501e+01,2.3329e+00,1.1682e-01
7.5100e+03,4.8641e-02,3.9156e+00,1.7501e+01,2.3331e+00,1.1684e-01
7.5200e+03,4.8412e-02,3.9154e+00,1.7501e+01,2.3333e+00,1.1685e-01
7.5300e+03,4.8184e-02,3.9151e+00,1.7501e+01,2.3335e+00,1.1687e-01
7.5400e+03,4.7958e-02,3.9149e+00,1.7501e+01,2.3337e+00,1.1688e-01
7.5500e+03,4.7732e-02,3.9147e+00,1.7501e+01,2.3339e+00,1.1689e-01
7.5600e+03,4.7508e-02,3.9145e+00,1.7501e+01,2.3342e+00,1.1691e-01
7.5700e+03,4.7285e-02,3.9143e+00,1.7501e+01,2.3344e+00,1.1692e-01
7.5800e+03,4.7062e-02,3.9141e+00,1.7501e+01,2.3346e+00,1.1693e-01
7.5900e+03,4.6841e-02,3.9139e+00,1.7501e+01,2.3348e+00,1.1695e-01
7.6000e+03,4.6621e-02,3.9137e+00,1.7501e+01,2.3350e+00,1.1696e-01
7.6100e+03,4.6402e-02,3.9135e+00,1.7501e+01,2.3352e+00,1.1697e-01
7.6200e+03,4.6184e-02,3.9133e+00,1.7501e+01,2.3354e+00,1.1699e-01
7.6300e+03,4.5967e-02,3.9131e+00,1.7501e+01,2.3356e+00,1.1700e-01
7.6400e+03,4.5751e-02,3.9129e+00,1.7501e+01,2.3358e+00,1.1701e-01
7.6500e+03,4.5536e-02,3.9127e+00,1.7501e+01,2.3360e+00,1.1702e-01
7.6600e+03,4.5322e-02,3.9125e+00,1.7501e+01,2.3362e+00,1.1704e-01
7.6700e+03,4.5109e-02,3.9123e+00,1.7501e+01,2.3364e+00,1.1705e-01
7.6800e+03,4.4897e-02,3.9121e+00,1.7501e+01,2.3366e+00,1.1706e-01
7.6900e+03,4.4686e-02,3.9119e+00,1.7501e+01,2.3368e+00,1.1708e-01
7.7000e+03,4.4476e-02,3.9117e+00,1.7501e+01,2.3370e+00,1.1709e-01
7.7100e+03,4.4267e-02,3.9115e+00,1.7501e+01,2.3372e+00,1.1710e-01
7.7200e+03,4.4060e-02,3.9113e+00,1.7501e+01,2.3374e+00,1.1711e-01
7.7300e+03,4.3853e-02,3.9111e+00,1.7501e+01,2.3376e+00,1.1713e-01
7.7400e+03,4.3647e-02,3.9109e+00,1.7501e+01,2.3378e+00,1.1714e-01
7.7500e+03,4.3442e-02,3.9107e+00,1.7501e+01,2.3380e+00,1.1715e-01
7.7600e+03,4.3238e-02,3.9105e+00,1.7501e+01,2.3382e+00,1.1716e-01
7.7700e+03,4.3035e-02,3.9103e+00,1.7501e+01,2.3384e+00,1.1717e-01
7.7800e+03,4.2833e-02,3.9101e+00,1.7501e+01,2.3386e+00,1.1719e-01
7.7900e+03,4.2631e-02,3.9099e+00,1.7501e+01,2.3387e+00,1.1720e-01
7.8000e+03,4.2431e-02,3.9097e+00,1.7501e+01,2.3389e+00,1.1721e-01
7.8100e+03,4.2232e-02,3.9095e+00,1.7501e+01,2.3391e+00,1.1722e-01
7.8200e+03,4.2034e-02,3.9094e+00,1.7501e+01,2.3393e+00,1.1723e-01
7.8300e+03,4.1836e-02,3.9092e+00,1.7501e+01,2.3395e+00,1.1725e-01
7.8400e+03,4.1640e-02,3.9090e+00,1.7501e+01,2.3397e+00,1.1726e-01
7.8500e+03,4.1445e-02,3.9088e+00,1.7501e+01,2.3399e+00,1.1727e-01
7.8600e+03,4.1250e-02,3.9086e+00,1.7501e+01,2.3400e+00,1.1728e-01
7.8700e+03,4.1056e-02,3.9084e+00,1.7501e+01,2.3402e+00,1.1729e-01
7.8800e+03,4.0864e-02,3.9083e+00,1.7501e+01,2.3404e+00,1.1731e-01
7.8900e+03,4.0672e-02,3.9081e+00,1.7501e+01,2.3406e+00,1.1732e-01
7.9000e+03,4.0481e-02,3.9079e+00,1.7501e+01,2.3408e+00,1.1733e-01
7.9100e+03,4.0291e-02,3.9077e+00,1.7501e+01,2.3409e+00,1.1734e-01
7.9200e+03,4.0102e-02,3.9075e+00,1.7501e+01,2.3411e+00,1.1735e-01
7.9300e+03,3.9914e-02,3.9074e+00,1.7501e+01,2.3413e+00,1.1736e-01
7.9400e+03,3.9727e-02,3.9072e+00,1.7501e+01,2.3415e+00,1.1737e-01
7.9500e+03,3.9540e-02,3.9070e+00,1.7501e+01,2.3416e+00,1.1738e-01
7.9600e+03,3.9355e-02,3.9068e+00,1.7501e+01,2.3418e+00,1.1740e-01
7.9700e+03,3.9170e-02,3.9067e+00,1.7501e+01,2.3420e+00,1.1741e-01
7.9800e+03,3.8986e-02,3.9065e+00,1.7501e+01,2.3422e+00,1.1742e-01
7.9900e+03,3.8803e-02,3.9063e+00,1.7501e+01,2.3423e+00,1.1743e-01
8.0000e+03,3.8621e-02,3.9062e+00,1.7501e+01,2.3425e+00,1.1744e-01
8.0100e+03,3.8440e-02,3.9060e+00,1.7501e+01,2.3427e+00,1.1745e-01
8.0200e+03,3.8260e-02,3.9058e+00,1.7501e+01,2.3429e+00,1.1746e-01
8.0300e+03,3.8080e-02,3.9056e+00,1.7501e+01,2.3430e+00,1.1747e-01
8.0400e+03,3.7902e-02,3.9055e+00,1.7501e+01,2.3432e+00,1.1748e-01
8.0500e+03,3.7724e-02,3.9053e+00,1.7501e+01,2.3434e+00,1.1749e-01
8.0600e+03,3.7547e-02,3.9051e+00,1.7501e+01,2.3435e+00,1.1750e-01
8.0700e+03,3.7371e-02,3.9050e+00,1.7501e+01,2.3437e+00,1.1752e-01
8.0800e+03,3.7196e-02,3.9048e+00,1.7501e+01,2.3439e+00,1.1753e-01
8.0900e+03,3.7021e-02,3.9046e+00,1.7501e+01,2.3440e+00,1.1754e-01
8.1000e+03,3.6848e-02,3.9045e+00,1.7501e+01,2.3442e+00,1.1755e-01
8.1100e+03,3.6675e-02,3.9043e+00,1.7501e+01,2.3443e+00,1.1756e-01
8.1200e+03,3.6503e-02,3.9042e+00,1.7501e+01,2.3445e+00,1.1757e-01
8.1300e+03,3.6332e-02,3.9040e+00,1.7501e+01,2.3447e+00,1.1758e-01
8.1400e+03,3.6161e-02,3.9038e+00,1.7501e+01,2.3448e+00,1.1759e-01
8.1500e+03,3.5992e-02,3.9037e+00,1.7501e+01,2.3450e+00,1.1760e-01
8.1600e+03,3.5823e-02,3.9035e+00,1.7501e+01,2.3451e+00,1.1761e-01
8.1700e+03,3.5655e-02,3.9034e+00,1.7501e+01,2.3453e+00,1.1762e-01
8.1800e+03,3.5488e-02,3.9032e+00,1.7501e+01,2.3455e+00,1.1763e-01
8.1900e+03,3.5322e-02,3.9030e+00,1.7501e+01,2.3456e+00,1.1764e-01
8.2000e+03,3.5156e-02,3.9029e+00,1.7501e+01,2.3458e+00,1.1765e-01
8.2100e+03,3.4991e-02,3.9027e+00,1.7501e+01,2.3459e+00,1.1766e-01
8.2200e+03,3.4827e-02,3.9026e+00,1.7501e+01,2.3461e+00,1.1767e-01
8.2300e+03,3.4664e-02,3.9024e+00,1.7501e+01,2.3462e+00,1.1768e-01
8.2400e+03,3.4502e-02,3.9023e+00,1.7501e+01,2.3464e+00,1.1769e-01
8.2500e+03,3.4340e-02,3.9021e+00,1.7501e+01,2.3465e+00,1.1770e-01
8.2600e+03,3.4179e-02,3.9020e+00,1.7501e+01,2.3467e+00,1.1771e-01
8.2700e+03,3.4019e-02,3.9018e+00,1.7501e+01,2.3468e+00,1.1772e-01
8.2800e+03,3.3859e-02,3.9017e+00,1.7501e+01,2.3470e+00,1.1773e-01
8.2900e+03,3.3701e-02,3.9015e+00,1.7501e+01,2.3471e+00,1.1774e-01
8.3000e+03,3.3543e-02,3.9014e+00,1.7501e+01,2.3473e+00,1.1775e-01
8.3100e+03,3.3386e-02,3.9012e+00,1.7501e+01,2.3474e+00,1.1776e-01
8.3200e+03,3.3229e-02,3.9011e+00,1.7501e+01,2.3476e+00,1.1776e-01
8.3300e+03,3.3073e-02,3.9009e+00,1.7501e+01,2.3477e+00,1.1777e-01
8.3400e+03,3.2918e-02,3.9008e+00,1.7501e+01,2.3479e+00,1.1778e-01
8.3500e+03,3.2764e-02,3.9006e+00,1.7501e+01,2.3480e+00,1.1779e-01
8.3600e+03,3.2611e-02,3.9005e+00,1.7501e+01,2.3482e+00,1.1780e-01
8.3700e+03,3.2458e-02,3.9004e+00,1.7501e+01,2.3483e+00,1.1781e-01
8.3800e+03,3.2306e-02,3.9002e+00,1.7501e+01,2.3484e+00,1.1782e-01
8.3900e+03,3.2155e-02,3.9001e+00,1.7501e+01,2.3486e+00,1.1783e-01
8.4000e+03,3.2004e-02,3.8999e+00,1.7501e+01,2.3487e+00,1.1784e-01
8.4100e+03,3.1854e-02,3.8998e+00,1.7501e+01,2.3489e+00,1.1785e-01
8.4200e+03,3.1705e-02,3.8996e+00,1.7501e+01,2.3490e+00,1.1786e-01
8.4300e+03,3.1556e-02,3.8995e+00,1.7501e+01,2.3492e+00,1.1787e-01
8.4400e+03,3.1409e-02,3.8994e+00,1.7501e+01,2.3493e+00,1.1787e-01
8.4500e+03,3.1261e-02,3.8992e+00,1.7501e+01,2.3494e+00,1.1788e-01
8.4600e+03,3.1115e-02,3.8991e+00,1.7501e+01,2.3496e+00,1.1789e-01
8.4700e+03,3.0969e-02,3.8990e+00,1.7501e+01,2.3497e+00,1.1790e-01
8.4800e+03,3.0824e-02,3.8988e+00,1.7501e+01,2.3498e+00,1.1791e-01
8.4900e+03,3.0680e-02,3.8987e+00,1.7501e+01,2.3500e+00,1.1792e-01
8.5000e+03,3.0536e-02,3.8985e+00,1.7501e+01,2.3501e+00,1.1793e-01
8.5100e+03,3.0393e-02,3.8984e+00,1.7501e+01,2.3502e+00,1.1794e-01
8.5200e+03,3.0251e-02,3.8983e+00,1.7501e+01,2.3504e+00,1.1794e-01
8.5300e+03,3.0109e-02,3.8981e+00,1.7501e+01,2.3505e+00,1.1795e-01
8.5400e+03,2.9968e-02,3.8980e+00,1.7501e+01,2.3506e+00,1.1796e-01
8.5500e+03,2.9828e-02,3.8979e+00,1.7501e+01,2.3508e+00,1.1797e-01
8.5600e+03,2.9688e-02,3.8978e+00,1.7501e+01,2.3509e+00,1.1798e-01
8.5700e+03,2.9549e-02,3.8976e+00,1.7501e+01,2.3510e+00,1.1799e-01
8.5800e+03,2.9411e-02,3.8975e+00,1.7501e+01,2.3512e+00,1.1799e-01
8.5900e+03,2.9273e-02,3.8974e+00,1.7501e+01,2.3513e+00,1.1800e-01
8.6000e+03,2.9136e-02,3.8972e+00,1.7501e+01,2.3514e+00,1.1801e-01
8.6100e+03,2.9000e-02,3.8971e+00,1.7501e+01,2.3516e+00,1.1802e-01
8.6200e+03,2.8864e-02,3.8970e+00,1.7501e+01,2.3517e+00,1.1803e-01
8.6300e+03,2.8729e-02,3.8968e+00,1.7501e+01,2.3518e+00,1.1804e-01
8.6400e+03,2.8595e-02,3.8967e+00,1.7501e+01,2.3519e+00,1.1804e-01
8.6500e+03,2.8461e-02,3.8966e+00,1.7501e+01,2.3521e+00,1.1805e-01
8.6600e+03,2.8328e-02,3.8965e+00,1.7501e+01,2.3522e+00,1.1806e-01
8.6700e+03,2.8195e-02,3.8963e+00,1.7501e+01,2.3523e+00,1.1807e-01
8.6800e+03,2.8063e-02,3.8962e+00,1.7501e+01,2.3524e+00,1.1808e-01
8.6900e+03,2.7932e-02,3.8961e+00,1.7501e+01,2.3526e+00,1.1808e-01
8.7000e+03,2.7801e-02,3.8960e+00,1.7501e+01,2.3527e+00,1.1809e-01
8.7100e+03,2.7671e-02,3.8959e+00,1.7501e+01,2.3528e+00,1.1810e-01
8.7200e+03,2.7541e-02,3.8957e+00,1.7501e+01,2.3529e+00,1.1811e-01
8.7300e+03,2.7413e-02,3.8956e+00,1.7501e+01,2.3530e+00,1.1812e-01
8.7400e+03,2.7284e-02,3.8955e+00,1.7501e+01,2.3532e+00,1.1812e-01
8.7500e+03,2.7157e-02,3.8954e+00,1.7501e+01,2.3533e+00,1.1813e-01
8.7600e+03,2.7030e-02,3.8953e+00,1.7501e+01,2.3534e+00,1.1814e-01
8.7700e+03,2.6903e-02,3.8951e+00,1.7501e+01,2.3535e+00,1.1815e-01
8.7800e+03,2.6777e-02,3.8950e+00,1.7501e+01,2.3536e+00,1.1815e-01
8.7900e+03,2.6652e-02,3.8949e+00,1.7501e+01,2.3538e+00,1.1816e-01
8.8000e+03,2.6527e-02,3.8948e+00,1.7501e+01,2.3539e+00,1.1817e-01
8.8100e+03,2.6403e-02,3.8947e+00,1.7501e+01,2.3540e+00,1.1818e-01
8.8200e+03,2.6280e-02,3.8945e+00,1.7501e+01,2.3541e+00,1.1818e-01
8.8300e+03,2.6157e-02,3.8944e+00,1.7501e+01,2.3542e+00,1.1819e-01
8.8400e+03,2.6034e-02,3.8943e+00,1.7501e+01,2.3543e+00,1.1820e-01
8.8500e+03,2.5912e-02,3.8942e+00,1.7501e+01,2.3545e+00,1.1821e-01
8.8600e+03,2.5791e-02,3.8941e+00,1.7501e+01,2.3546e+00,1.1821e-01
8.8700e+03,2.5671e-02,3.8940e+00,1.7501e+01,2.3547e+00,1.1822e-01
8.8800e+03,2.5551e-02,3.8939e+00,1.7501e+01,2.3548e+00,1.1823e-01
8.8900e+03,2.5431e-02,3.8937e+00,1.7501e+01,2.3549e+00,1.1823e-01
8.9000e+03,2.5312e-02,3.8936e+00,1.7501e+01,2.3550e+00,1.1824e-01
8.9100e+03,2.5194e-02,3.8935e+00,1.7501e+01,2.3551e+00,1.1825e-01
8.9200e+03,2.5076e-02,3.8934e+00,1.7501e+01,2.3552e+00,1.1826e-01
8.9300e+03,2.4959e-02,3.8933e+00,1.7501e+01,2.3554e+00,1.1826e-01
8.9400e+03,2.4842e-02,3.8932e+00,1.7501e+01,2.3555e+00,1.1827e-01
8.9500e+03,2.4726e-02,3.8931e+00,1.7501e+01,2.3556e+00,1.1828e-01
8.9600e+03,2.4610e-02,3.8930e+00,1.7501e+01,2.3557e+00,1.1828e-01
8.9700e+03,2.4495e-02,3.8929e+00,1.7501e+01,2.3558e+00,1.1829e-01
8.9800e+03,2.4380e-02,3.8928e+00,1.7501e+01,2.3559e+00,1.1830e-01
8.9900e+03,2.4266e-02,3.8927e+00,1.7501e+01,2.3560e+00,1.1830e-01
9.0000e+03,2.4153e-02,3.8925e+00,1.7501e+01,2.3561e+00,1.1831e-01
9.0100e+03,2.4040e-02,3.8924e+00,1.7501e+01,2.3562e+00,1.1832e-01
9.0200e+03,2.3928e-02,3.8923e+00,1.7501e+01,2.3563e+00,1.1833e-01
9.0300e+03,2.3816e-02,3.8922e+00,1.7501e+01,2.3564e+00,1.1833e-01
9.0400e+03,2.3704e-02,3.8921e+00,1.7501e+01,2.3565e+00,1.1834e-01
9.0500e+03,2.3594e-02,3.8920e+00,1.7501e+01,2.3566e+00,1.1835e-01
9.0600e+03,2.3483e-02,3.8919e+00,1.7501e+01,2.3567e+00,1.1835e-01
9.0700e+03,2.3373e-02,3.8918e+00,1.7501e+01,2.3568e+00,1.1836e-01
9.0800e+03,2.3264e-02,3.8917e+00,1.7501e+01,2.3569e+00,1.1837e-01
9.0900e+03,2.3155e-02,3.8916e+00,1.7501e+01,2.3570e+00,1.1837e-01
9.1000e+03,2.3047e-02,3.8915e+00,1.7501e+01,2.3571e+00,1.1838e-01
9.1100e+03,2.2939e-02,3.8914e+00,1.7501e+01,2.3572e+00,1.1839e-01
9.1200e+03,2.2832e-02,3.8913e+00,1.7501e+01,2.3573e+00,1.1839e-01
9.1300e+03,2.2725e-02,3.8912e+00,1.7501e+01,2.3574e+00,1.1840e-01
9.1400e+03,2.2619e-02,3.8911e+00,1.7501e+01,2.3575e+00,1.1840e-01
9.1500e+03,2.2514e-02,3.8910e+00,1.7501e+01,2.3576e+00,1.1841e-01
9.1600e+03,2.2408e-02,3.8909e+00,1.7501e+01,2.3577e+00,1.1842e-01
9.1700e+03,2.2304e-02,3.8908e+00,1.7501e+01,2.3578e+00,1.1842e-01
9.1800e+03,2.2199e-02,3.8907e+00,1.7501e+01,2.3579e+00,1.1843e-01
9.1900e+03,2.2096e-02,3.8906e+00,1.7501e+01,2.3580e+00,1.1844e-01
9.2000e+03,2.1992e-02,3.8905e+00,1.7501e+01,2.3581e+00,1.1844e-01
9.2100e+03,2.1889e-02,3.8904e+00,1.7501e+01,2.3582e+00,1.1845e-01
9.2200e+03,2.1787e-02,3.8903e+00,1.7501e+01,2.3583e+00,1.1845e-01
9.2300e+03,2.1685e-02,3.8902e+00,1.7501e+01,2.3584e+00,1.1846e-01
9.2400e+03,2.1584e-02,3.8901e+00,1.7501e+01,2.3585e+00,1.1847e-01
9.2500e+03,2.1483e-02,3.8900e+00,1.7501e+01,2.3586e+00,1.1847e-01
9.2600e+03,2.1383e-02,3.8899e+00,1.7501e+01,2.3587e+00,1.1848e-01
9.2700e+03,2.1283e-02,3.8898e+00,1.7501e+01,2.3588e+00,1.1849e-01
9.2800e+03,2.1183e-02,3.8898e+00,1.7501e+01,2.3589e+00,1.1849e-01
9.2900e+03,2.1084e-02,3.8897e+00,1.7501e+01,2.3590e+00,1.1850e-01
9.3000e+03,2.0986e-02,3.8896e+00,1.7501e+01,2.3591e+00,1.1850e-01
9.3100e+03,2.0888e-02,3.8895e+00,1.7501e+01,2.3592e+00,1.1851e-01
9.3200e+03,2.0790e-02,3.8894e+00,1.7501e+01,2.3593e+00,1.1851e-01
9.3300e+03,2.0693e-02,3.8893e+00,1.7501e+01,2.3594e+00,1.1852e-01
9.3400e+03,2.0596e-02,3.8892e+00,1.7501e+01,2.3594e+00,1.1853e-01
9.3500e+03,2.0500e-02,3.8891e+00,1.7501e+01,2.3595e+00,1.1853e-01
9.3600e+03,2.0404e-02,3.8890e+00,1.7501e+01,2.3596e+00,1.1854e-01
9.3700e+03,2.0309e-02,3.8889e+00,1.7501e+01,2.3597e+00,1.1854e-01
9.3800e+03,2.0214e-02,3.8888e+00,1.7501e+01,2.3598e+00,1.1855e-01
9.3900e+03,2.0120e-02,3.8888e+00,1.7501e+01,2.3599e+00,1.1856e-01
9.4000e+03,2.0026e-02,3.8887e+00,1.7501e+01,2.3600e+00,1.1856e-01
9.4100e+03,1.9932e-02,3.8886e+00,1.7501e+01,2.3601e+00,1.1857e-01
9.4200e+03,1.9839e-02,3.8885e+00,1.7501e+01,2.3602e+00,1.1857e-01
9.4300e+03,1.9746e-02,3.8884e+00,1.7501e+01,2.3602e+00,1.1858e-01
9.4400e+03,1.9654e-02,3.8883e+00,1.7501e+01,2.3603e+00,1.1858e-01
9.4500e+03,1.9562e-02,3.8882e+00,1.7501e+01,2.3604e+00,1.1859e-01
9.4600e+03,1.9471e-02,3.8881e+00,1.7501e+01,2.3605e+00,1.1859e-01
9.4700e+03,1.9380e-02,3.8881e+00,1.7501e+01,2.3606e+00,1.1860e-01
9.4800e+03,1.9290e-02,3.8880e+00,1.7501e+01,2.3607e+00,1.1861e-01
9.4900e+03,1.9199e-02,3.8879e+00,1.7501e+01,2.3608e+00,1.1861e-01
9.5000e+03,1.9110e-02,3.8878e+00,1.7501e+01,2.3608e+00,1.1862e-01
9.5100e+03,1.9020e-02,3.8877e+00,1.7501e+01,2.3609e+00,1.1862e-01
9.5200e+03,1.8932e-02,3.8876e+00,1.7501e+01,2.3610e+00,1.1863e-01
9.5300e+03,1.8843e-02,3.8876e+00,1.7501e+01,2.3611e+00,1.1863e-01
9.5400e+03,1.8755e-02,3.8875e+00,1.7501e+01,2.3612e+00,1.1864e-01
9.5500e+03,1.8668e-02,3.8874e+00,1.7501e+01,2.3613e+00,1.1864e-01
9.5600e+03,1.8580e-02,3.8873e+00,1.7501e+01,2.3613e+00,1.1865e-01
9.5700e+03,1.8494e-02,3.8872e+00,1.7501e+01,2.3614e+00,1.1865e-01
9.5800e+03,1.8407e-02,3.8871e+00,1.7501e+01,2.3615e+00,1.1866e-01
9.5900e+03,1.8321e-02,3.8871e+00,1.7501e+01,2.3616e+00,1.1866e-01
9.6000e+03,1.8236e-02,3.8870e+00,1.7501e+01,2.3617e+00,1.1867e-01
9.6100e+03,1.8151e-02,3.8869e+00,1.7501e+01,2.3617e+00,1.1867e-01
9.6200e+03,1.8066e-02,3.8868e+00,1.7501e+01,2.3618e+00,1.1868e-01
9.6300e+03,1.7982e-02,3.8867e+00,1.7501e+01,2.3619e+00,1.1868e-01
9.6400e+03,1.7898e-02,3.8867e+00,1.7501e+01,2.3620e+00,1.1869e-01
9.6500e+03,1.7814e-02,3.8866e+00,1.7501e+01,2.3621e+00,1.1869e-01
9.6600e+03,1.7731e-02,3.8865e+00,1.7501e+01,2.3621e+00,1.1870e-01
9.6700e+03,1.7648e-02,3.8864e+00,1.7501e+01,2.3622e+00,1.1870e-01
9.6800e+03,1.7566e-02,3.8864e+00,1.7501e+01,2.3623e+00,1.1871e-01
9.6900e+03,1.7484e-02,3.8863e+00,1.7501e+01,2.3624e+00,1.1871e-01
9.7000e+03,1.7402e-02,3.8862e+00,1.7501e+01,2.3625e+00,1.1872e-01
9.7100e+03,1.7321e-02,3.8861e+00,1.7501e+01,2.3625e+00,1.1872e-01
9.7200e+03,1.7240e-02,3.8860e+00,1.7501e+01,2.3626e+00,1.1873e-01
9.7300e+03,1.7159e-02,3.8860e+00,1.7501e+01,2.3627e+00,1.1873e-01
9.7400e+03,1.7079e-02,3.8859e+00,1.7501e+01,2.3628e+00,1.1874e-01
9.7500e+03,1.7000e-02,3.8858e+00,1.7501e+01,2.3628e+00,1.1874e-01
9.7600e+03,1.6920e-02,3.8857e+00,1.7501e+01,2.3629e+00,1.1875e-01
9.7700e+03,1.6841e-02,3.8857e+00,1.7501e+01,2.3630e+00,1.1875e-01
9.7800e+03,1.6763e-02,3.8856e+00,1.7501e+01,2.3631e+00,1.1876e-01
9.7900e+03,1.6684e-02,3.8855e+00,1.7501e+01,2.3631e+00,1.1876e-01
9.8000e+03,1.6606e-02,3.8855e+00,1.7501e+01,2.3632e+00,1.1877e-01
9.8100e+03,1.6529e-02,3.8854e+00,1.7501e+01,2.3633e+00,1.1877e-01
9.8200e+03,1.6452e-02,3.8853e+00,1.7501e+01,2.3633e+00,1.1878e-01
9.8300e+03,1.6375e-02,3.8852e+00,1.7501e+01,2.3634e+00,1.1878e-01
9.8400e+03,1.6299e-02,3.8852e+00,1.7501e+01,2.3635e+00,1.1879e-01
9.8500e+03,1.6222e-02,3.8851e+00,1.7501e+01,2.3636e+00,1.1879e-01
9.8600e+03,1.6147e-02,3.8850e+00,1.7501e+01,2.3636e+00,1.1880e-01
9.8700e+03,1.6071e-02,3.8849e+00,1.7501e+01,2.3637e+00,1.1880e-01
9.8800e+03,1.5996e-02,3.8849e+00,1.7501e+01,2.3638e+00,1.1880e-01
9.8900e+03,1.5922e-02,3.8848e+00,1.7501e+01,2.3638e+00,1.1881e-01
9.9000e+03,1.5847e-02,3.8847e+00,1.7501e+01,2.3639e+00,1.1881e-01
9.9100e+03,1.5773e-02,3.8847e+00,1.7501e+01,2.3640e+00,1.1882e-01
9.9200e+03,1.5700e-02,3.8846e+00,1.7501e+01,2.3641e+00,1.1882e-01
9.9300e+03,1.5627e-02,3.8845e+00,1.7501e+01,2.3641e+00,1.1883e-01
9.9400e+03,1.5554e-02,3.8845e+00,1.7501e+01,2.3642e+00,1.1883e-01
9.9500e+03,1.5481e-02,3.8844e+00,1.7501e+01,2.3643e+00,1.1884e-01
9.9600e+03,1.5409e-02,3.8843e+00,1.7501e+01,2.3643e+00,1.1884e-01
9.9700e+03,1.5337e-02,3.8843e+00,1.7501e+01,2.3644e+00,1.1884e-01
9.9800e+03,1.5265e-02,3.8842e+00,1.7501e+01,2.3645e+00,1.1885e-01
9.9900e+03,1.5194e-02,3.8841e+00,1.7501e+01,2.3645e+00,1.1885e-01
1.0000e+04,1.5123e-02,3.8841e+00,1.7501e+01,2.3646e+00,1.1886e-01
1.0010e+04,1.5053e-02,3.8840e+00,1.7501e+01,2.3647e+00,1.1886e-01
1.0020e+04,1.4982e-02,3.8839e+00,1.7501e+01,2.3647e+00,1.1887e-01
1.0030e+04,1.4912e-02,3.8839e+00,1.7501e+01,2.3648e+00,1.1887e-01
1.0040e+04,1.4843e-02,3.8838e+00,1.7501e+01,2.3649e+00,1.1887e-01
1.0050e+04,1.4774e-02,3.8837e+00,1.7501e+01,2.3649e+00,1.1888e-01
1.0060e+04,1.4705e-02,3.8837e+00,1.7501e+01,2.3650e+00,1.1888e-01
1.0070e+04,1.4636e-02,3.8836e+00,1.7501e+01,2.3650e+00,1.1889e-01
1.0080e+04,1.4568e-02,3.8835e+00,1.7501e+01,2.3651e+00,1.1889e-01
1.0090e+04,1.4500e-02,3.8835e+00,1.7501e+01,2.3652e+00,1.1890e-01
1.0100e+04,1.4432e-02,3.8834e+00,1.7501e+01,2.3652e+00,1.1890e-01
1.0110e+04,1.4365e-02,3.8833e+00,1.7501e+01,2.3653e+00,1.1890e-01
1.0120e+04,1.4298e-02,3.8833e+00,1.7501e+01,2.3654e+00,1.1891e-01
1.0130e+04,1.4231e-02,3.8832e+00,1.7501e+01,2.3654e+00,1.1891e-01
1.0140e+04,1.4165e-02,3.8832e+00,1.7501e+01,2.3655e+00,1.1892e-01
1.0150e+04,1.4099e-02,3.8831e+00,1.7501e+01,2.3656e+00,1.1892e-01
1.0160e+04,1.4033e-02,3.8830e+00,1.7501e+01,2.3656e+00,1.1892e-01
1.0170e+04,1.3967e-02,3.8830e+00,1.7501e+01,2.3657e+00,1.1893e-01
1.0180e+04,1.3902e-02,3.8829e+00,1.7501e+01,2.3657e+00,1.1893e-01
1.0190e+04,1.3837e-02,3.8828e+00,1.7501e+01,2.3658e+00,1.1894e-01
1.0200e+04,1.3773e-02,3.8828e+00,1.7501e+01,2.3659e+00,1.1894e-01
1.0210e+04,1.3709e-02,3.8827e+00,1.7501e+01,2.3659e+00,1.1894e-01
1.0220e+04,1.3645e-02,3.8827e+00,1.7501e+01,2.3660e+00,1.1895e-01
1.0230e+04,1.3581e-02,3.8826e+00,1.7501e+01,2.3660e+00,1.1895e-01
1.0240e+04,1.3518e-02,3.8825e+00,1.7501e+01,2.3661e+00,1.1895e-01
1.0250e+04,1.3454e-02,3.8825e+00,1.7501e+01,2.3662e+00,1.1896e-01
1.0260e+04,1.3392e-02,3.8824e+00,1.7501e+01,2.3662e+00,1.1896e-01
1.0270e+04,1.3329e-02,3.8824e+00,1.7501e+01,2.3663e+00,1.1897e-01
1.0280e+04,1.3267e-02,3.8823e+00,1.7501e+01,2.3663e+00,1.1897e-01
1.0290e+04,1.3205e-02,3.8823e+00,1.7501e+01,2.3664e+00,1.1897e-01
1.0300e+04,1.3144e-02,3.8822e+00,1.7501e+01,2.3665e+00,1.1898e-01
1.0310e+04,1.3082e-02,3.8821e+00,1.7501e+01,2.3665e+00,1.1898e-01
1.0320e+04,1.3021e-02,3.8821e+00,1.7501e+01,2.3666e+00,1.1898e-01
1.0330e+04,1.2961e-02,3.8820e+00,1.7501e+01,2.3666e+00,1.1899e-01
1.0340e+04,1.2900e-02,3.8820e+00,1.7501e+01,2.3667e+00,1.1899e-01
1.0350e+04,1.2840e-02,3.8819e+00,1.7501e+01,2.3667e+00,1.1900e-01
1.0360e+04,1.2780e-02,3.8819e+00,1.7501e+01,2.3668e+00,1.1900e-01
1.0370e+04,1.2720e-02,3.8818e+00,1.7501e+01,2.3668e+00,1.1900e-01
1.0380e+04,1.2661e-02,3.8817e+00,1.7501e+01,2.3669e+00,1.1901e-01
1.0390e+04,1.2602e-02,3.8817e+00,1.7501e+01,2.3670e+00,1.1901e-01
1.0400e+04,1.2543e-02,3.8816e+00,1.7501e+01,2.3670e+00,1.1901e-01
1.0410e+04,1.2485e-02,3.8816e+00,1.7501e+01,2.3671e+00,1.1902e-01
1.0420e+04,1.2427e-02,3.8815e+00,1.7501e+01,2.3671e+00,1.1902e-01
1.0430e+04,1.2369e-02,3.8815e+00,1.7501e+01,2.3672e+00,1.1902e-01
1.0440e+04,1.2311e-02,3.8814e+00,1.7501e+01,2.3672e+00,1.1903e-01
1.0450e+04,1.2254e-02,3.8814e+00,1.7501e+01,2.3673e+00,1.1903e-01
1.0460e+04,1.2196e-02,3.8813e+00,1.7501e+01,2.3673e+00,1.1903e-01
1.0470e+04,1.2139e-02,3.8813e+00,1.7501e+01,2.3674e+00,1.1904e-01
1.0480e+04,1.2083e-02,3.8812e+00,1.7501e+01,2.3674e+00,1.1904e-01
1.0490e+04,1.2027e-02,3.8811e+00,1.7501e+01,2.3675e+00,1.1904e-01
1.0500e+04,1.1970e-02,3.8811e+00,1.7501e+01,2.3676e+00,1.1905e-01
1.0510e+04,1.1915e-02,3.8810e+00,1.7501e+01,2.3676e+00,1.1905e-01
1.0520e+04,1.1859e-02,3.8810e+00,1.7501e+01,2.3677e+00,1.1905e-01
1.0530e+04,1.1804e-02,3.8809e+00,1.7501e+01,2.3677e+00,1.1906e-01
1.0540e+04,1.1749e-02,3.8809e+00,1.7501e+01,2.3678e+00,1.1906e-01
1.0550e+04,1.1694e-02,3.8808e+00,1.7501e+01,2.3678e+00,1.1906e-01
1.0560e+04,1.1639e-02,3.8808e+00,1.7501e+01,2.3679e+00,1.1907e-01
1.0570e+04,1.1585e-02,3.8807e+00,1.7501e+01,2.3679e+00,1.1907e-01
1.0580e+04,1.1531e-02,3.8807e+00,1.7501e+01,2.3680e+00,1.1907e-01
1.0590e+04,1.1477e-02,3.8806e+00,1.7501e+01,2.3680e+00,1.1908e-01
1.0600e+04,1.1424e-02,3.8806e+00,1.7501e+01,2.3681e+00,1.1908e-01
