t,[L2M],[D],[L],[L2MD],[L2Ms]
0.0000e+00,1.0000e+00,2.5000e+00,1.7500e+01,0.0000e+00,0.0000e+00
1.0000e+01,9.9632e-01,2.4972e+00,1.7501e+01,2.8235e-03,2.8251e-04
2.0000e+01,9.9322e-01,2.4944e+00,1.7501e+01,5.6416e-03,5.6479e-04
3.0000e+01,9.9014e-01,2.4915e+00,1.7501e+01,8.4477e-03,8.4620e-04
4.0000e+01,9.8706e-01,2.4887e+00,1.7501e+01,1.1242e-02,1.1267e-03
5.0000e+01,9.8400e-01,2.4860e+00,1.7501e+01,1.4024e-02,1.4064e-03
6.0000e+01,9.8095e-01,2.4832e+00,1.7501e+01,1.6795e-02,1.6852e-03
7.0000e+01,9.7791e-01,2.4804e+00,1.7501e+01,1.9554e-02,1.9631e-03
8.0000e+01,9.7489e-01,2.4777e+00,1.7501e+01,2.2302e-02,2.2402e-03
9.0000e+01,9.7187e-01,2.4749e+00,1.7501e+01,2.5038e-02,2.5164e-03
1.0000e+02,9.6887e-01,2.4722e+00,1.7501e+01,2.7763e-02,2.7918e-03
1.1000e+02,9.6589e-01,2.4695e+00,1.7501e+01,3.0476e-02,3.0663e-03
1.2000e+02,9.6291e-01,2.4668e+00,1.7501e+01,3.3178e-02,3.3400e-03
1.3000e+02,9.5995e-01,2.4641e+00,1.7501e+01,3.5868e-02,3.6128e-03
1.4000e+02,9.5700e-01,2.4614e+00,1.7501e+01,3.8548e-02,3.8848e-03
1.5000e+02,9.5406e-01,2.4588e+00,1.7501e+01,4.1216e-02,4.1560e-03
1.6000e+02,9.5113e-01,2.4561e+00,1.7501e+01,4.3874e-02,4.4263e-03
1.7000e+02,9.4821e-01,2.4535e+00,1.7501e+01,4.6520e-02,4.6958e-03
1.8000e+02,9.4531e-01,2.4508e+00,1.7501e+01,4.9155e-02,4.9645e-03
1.9000e+02,9.4242e-01,2.4482e+00,1.7501e+01,5.1780e-02,5.2324e-03
2.0000e+02,9.3954e-01,2.4456e+00,1.7501e+01,5.4393e-02,5.4994e-03
2.1000e+02,9.3667e-01,2.4430e+00,1.7501e+01,5.6996e-02,5.7657e-03
2.2000e+02,9.3381e-01,2.4404e+00,1.7501e+01,5.9589e-02,6.0311e-03
2.3000e+02,9.3096e-01,2.4378e+00,1.7501e+01,6.2170e-02,6.2957e-03
2.4000e+02,9.2813e-01,2.4352e+00,1.7501e+01,6.4741e-02,6.5595e-03
2.5000e+02,9.2530e-01,2.4327e+00,1.7501e+01,6.7302e-02,6.8225e-03
2.6000e+02,9.2249e-01,2.4301e+00,1.7501e+01,6.9852e-02,7.0847e-03
2.7000e+02,9.1969e-01,2.4276e+00,1.7501e+01,7.2392e-02,7.3461e-03
2.8000e+02,9.1690e-01,2.4250e+00,1.7501e+01,7.4921e-02,7.6067e-03
2.9000e+02,9.1412e-01,2.4225e+00,1.7501e+01,7.7440e-02,7.8666e-03
3.0000e+02,9.1135e-01,2.4200e+00,1.7501e+01,7.9949e-02,8.1256e-03
3.1000e+02,9.0860e-01,2.4175e+00,1.7501e+01,8.2448e-02,8.3839e-03
3.2000e+02,9.0585e-01,2.4150e+00,1.7501e+01,8.4936e-02,8.6414e-03
3.3000e+02,9.0312e-01,2.4125e+00,1.7501e+01,8.7415e-02,8.8981e-03
3.4000e+02,9.0039e-01,2.4101e+00,1.7501e+01,8.9883e-02,9.1540e-03
3.5000e+02,8.9768e-01,2.4076e+00,1.7501e+01,9.2342e-02,9.4092e-03
3.6000e+02,8.9497e-01,2.4052e+00,1.7501e+01,9.4791e-02,9.6636e-03
3.7000e+02,8.9228e-01,2.4027e+00,1.7501e+01,9.7230e-02,9.9172e-03
3.8000e+02,8.8960e-01,2.4003e+00,1.7501e+01,9.9659e-02,1.0170e-02
3.9000e+02,8.8693e-01,2.3979e+00,1.7501e+01,1.0208e-01,1.0422e-02
4.0000e+02,8.8427e-01,2.3954e+00,1.7501e+01,1.0449e-01,1.0674e-02
4.1000e+02,8.8162e-01,2.3930e+00,1.7501e+01,1.0689e-01,1.0924e-02
4.2000e+02,8.7898e-01,2.3907e+00,1.7501e+01,1.0928e-01,1.1174e-02
4.3000e+02,8.7635e-01,2.3883e+00,1.7501e+01,1.1166e-01,1.1423e-02
4.4000e+02,8.7373e-01,2.3859e+00,1.7501e+01,1.1403e-01,1.1671e-02
4.5000e+02,8.7112e-01,2.3835e+00,1.7501e+01,1.1639e-01,1.1919e-02
4.6000e+02,8.6852e-01,2.3812e+00,1.7501e+01,1.1875e-01,1.2166e-02
4.7000e+02,8.6593e-01,2.3788e+00,1.7501e+01,1.2109e-01,1.2412e-02
4.8000e+02,8.6335e-01,2.3765e+00,1.7501e+01,1.2342e-01,1.2658e-02
4.9000e+02,8.6078e-01,2.3742e+00,1.7501e+01,1.2575e-01,1.2902e-02
5.0000e+02,8.5822e-01,2.3719e+00,1.7501e+01,1.2806e-01,1.3146e-02
5.1000e+02,8.5567e-01,2.3696e+00,1.7501e+01,1.3037e-01,1.3389e-02
5.2000e+02,8.5313e-01,2.3673e+00,1.7501e+01,1.3267e-01,1.3632e-02
5.3000e+02,8.5060e-01,2.3650e+00,1.7501e+01,1.3496e-01,1.3874e-02
5.4000e+02,8.4808e-01,2.3627e+00,1.7501e+01,1.3724e-01,1.4115e-02
5.5000e+02,8.4557e-01,2.3604e+00,1.7501e+01,1.3951e-01,1.4355e-02
5.6000e+02,8.4307e-01,2.3581e+00,1.7501e+01,1.4177e-01,1.4595e-02
5.7000e+02,8.4057e-01,2.3559e+00,1.7501e+01,1.4402e-01,1.4834e-02
5.8000e+02,8.3809e-01,2.3536e+00,1.7501e+01,1.4626e-01,1.5072e-02
5.9000e+02,8.3562e-01,2.3514e+00,1.7501e+01,1.4850e-01,1.5310e-02
6.0000e+02,8.3316e-01,2.3492e+00,1.7501e+01,1.5073e-01,1.5546e-02
6.1000e+02,8.3070e-01,2.3470e+00,1.7501e+01,1.5294e-01,1.5783e-02
6.2000e+02,8.2826e-01,2.3448e+00,1.7501e+01,1.5515e-01,1.6018e-02
6.3000e+02,8.2582e-01,2.3426e+00,1.7501e+01,1.5735e-01,1.6253e-02
6.4000e+02,8.2339e-01,2.3404e+00,1.7501e+01,1.5955e-01,1.6487e-02
6.5000e+02,8.2098e-01,2.3382e+00,1.7501e+01,1.6173e-01,1.6720e-02
6.6000e+02,8.1857e-01,2.3360e+00,1.7501e+01,1.6391e-01,1.6953e-02
6.7000e+02,8.1617e-01,2.3338e+00,1.7501e+01,1.6607e-01,1.7185e-02
6.8000e+02,8.1378e-01,2.3317e+00,1.7501e+01,1.6823e-01,1.7416e-02
6.9000e+02,8.1140e-01,2.3295e+00,1.7501e+01,1.7038e-01,1.7647e-02
7.0000e+02,8.0903e-01,2.3274e+00,1.7501e+01,1.7252e-01,1.7877e-02
7.1000e+02,8.0666e-01,2.3252e+00,1.7501e+01,1.7466e-01,1.8106e-02
7.2000e+02,8.0431e-01,2.3231e+00,1.7501e+01,1.7678e-01,1.8335e-02
7.3000e+02,8.0196e-01,2.3210e+00,1.7501e+01,1.7890e-01,1.8563e-02
7.4000e+02,7.9963e-01,2.3189e+00,1.7501e+01,1.8101e-01,1.8790e-02
7.5000e+02,7.9730e-01,2.3168e+00,1.7501e+01,1.8311e-01,1.9017e-02
7.6000e+02,7.9498e-01,2.3147e+00,1.7501e+01,1.8521e-01,1.9243e-02
7.7000e+02,7.9267e-01,2.3126e+00,1.7501e+01,1.8729e-01,1.9468e-02
7.8000e+02,7.9037e-01,2.3105e+00,1.7501e+01,1.8937e-01,1.9693e-02
7.9000e+02,7.8807e-01,2.3084e+00,1.7501e+01,1.9144e-01,1.9917e-02
8.0000e+02,7.8579e-01,2.3064e+00,1.7501e+01,1.9350e-01,2.0140e-02
8.1000e+02,7.8351e-01,2.3043e+00,1.7501e+01,1.9556e-01,2.0363e-02
8.2000e+02,7.8124e-01,2.3023e+00,1.7501e+01,1.9760e-01,2.0585e-02
8.3000e+02,7.7898e-01,2.3002e+00,1.7501e+01,1.9964e-01,2.0807e-02
8.4000e+02,7.7673e-01,2.2982e+00,1.7501e+01,2.0167e-01,2.1028e-02
8.5000e+02,7.7449e-01,2.2962e+00,1.7501e+01,2.0369e-01,2.1248e-02
8.6000e+02,7.7225e-01,2.2942e+00,1.7501e+01,2.0571e-01,2.1467e-02
8.7000e+02,7.7002e-01,2.2922e+00,1.7501e+01,2.0772e-01,2.1686e-02
8.8000e+02,7.6781e-01,2.2902e+00,1.7501e+01,2.0972e-01,2.1905e-02
8.9000e+02,7.6559e-01,2.2882e+00,1.7501e+01,2.1171e-01,2.2122e-02
9.0000e+02,7.6339e-01,2.2862e+00,1.7501e+01,2.1370e-01,2.2339e-02
9.1000e+02,7.6120e-01,2.2842e+00,1.7501e+01,2.1568e-01,2.2556e-02
9.2000e+02,7.5901e-01,2.2822e+00,1.7501e+01,2.1765e-01,2.2771e-02
9.3000e+02,7.5683e-01,2.2803e+00,1.7501e+01,2.1961e-01,2.2987e-02
9.4000e+02,7.5466e-01,2.2783e+00,1.7501e+01,2.2157e-01,2.3201e-02
9.5000e+02,7.5250e-01,2.2764e+00,1.7501e+01,2.2351e-01,2.3415e-02
9.6000e+02,7.5034e-01,2.2744e+00,1.7501e+01,2.2546e-01,2.3629e-02
9.7000e+02,7.4820e-01,2.2725e+00,1.7501e+01,2.2739e-01,2.3841e-02
9.8000e+02,7.4606e-01,2.2705e+00,1.7501e+01,2.2932e-01,2.4053e-02
9.9000e+02,7.4393e-01,2.2686e+00,1.7501e+01,2.3124e-01,2.4265e-02
1.0000e+03,7.4180e-01,2.2667e+00,1.7501e+01,2.3315e-01,2.4476e-02
1.0100e+03,7.3969e-01,2.2648e+00,1.7501e+01,2.3506e-01,2.4686e-02
1.0200e+03,7.3758e-01,2.2629e+00,1.7501e+01,2.3696e-01,2.4896e-02
1.0300e+03,7.3548e-01,2.2610e+00,1.7501e+01,2.3885e-01,2.5105e-02
1.0400e+03,7.3338e-01,2.2591e+00,1.7501e+01,2.4073e-01,2.5313e-02
1.0500e+03,7.3130e-01,2.2572e+00,1.7501e+01,2.4261e-01,2.5521e-02
1.0600e+03,7.2922e-01,2.2554e+00,1.7501e+01,2.4448e-01,2.5729e-02
1.0700e+03,7.2715e-01,2.2535e+00,1.7501e+01,2.4635e-01,2.5935e-02
1.0800e+03,7.2508e-01,2.2517e+00,1.7501e+01,2.4820e-01,2.6142e-02
1.0900e+03,7.2303e-01,2.2498e+00,1.7501e+01,2.5006e-01,2.6347e-02
1.1000e+03,7.2098e-01,2.2480e+00,1.7501e+01,2.5190e-01,2.6552e-02
1.1100e+03,7.1894e-01,2.2461e+00,1.7501e+01,2.5374e-01,2.6757e-02
1.1200e+03,7.1690e-01,2.2443e+00,1.7501e+01,2.5557e-01,2.6960e-02
1.1300e+03,7.1487e-01,2.2425e+00,1.7501e+01,2.5739e-01,2.7164e-02
1.1400e+03,7.1285e-01,2.2406e+00,1.7501e+01,2.5921e-01,2.7366e-02
1.1500e+03,7.1084e-01,2.2388e+00,1.7501e+01,2.6102e-01,2.7568e-02
1.1600e+03,7.0884e-01,2.2370e+00,1.7501e+01,2.6282e-01,2.7770e-02
1.1700e+03,7.0684e-01,2.2352e+00,1.7501e+01,2.6462e-01,2.7971e-02
1.1800e+03,7.0485e-01,2.2334e+00,1.7501e+01,2.6641e-01,2.8171e-02
1.1900e+03,7.0286e-01,2.2316e+00,1.7501e+01,2.6820e-01,2.8371e-02
1.2000e+03,7.0088e-01,2.2299e+00,1.7501e+01,2.6998e-01,2.8570e-02
1.2100e+03,6.9891e-01,2.2281e+00,1.7501e+01,2.7175e-01,2.8769e-02
1.2200e+03,6.9695e-01,2.2263e+00,1.7501e+01,2.7351e-01,2.8967e-02
1.2300e+03,6.9499e-01,2.2246e+00,1.7501e+01,2.7527e-01,2.9165e-02
1.2400e+03,6.9304e-01,2.2228e+00,1.7501e+01,2.7702e-01,2.9362e-02
1.2500e+03,6.9110e-01,2.2211e+00,1.7501e+01,2.7877e-01,2.9559e-02
1.2600e+03,6.8916e-01,2.2193e+00,1.7501e+01,2.8051e-01,2.9755e-02
1.2700e+03,6.8723e-01,2.2176e+00,1.7501e+01,2.8225e-01,2.9950e-02
1.2800e+03,6.8531e-01,2.2159e+00,1.7501e+01,2.8397e-01,3.0145e-02
1.2900e+03,6.8339e-01,2.2141e+00,1.7501e+01,2.8569e-01,3.0339e-02
1.3000e+03,6.8149e-01,2.2124e+00,1.7501e+01,2.8741e-01,3.0533e-02
1.3100e+03,6.7958e-01,2.2107e+00,1.7501e+01,2.8912e-01,3.0726e-02
1.3200e+03,6.7769e-01,2.2090e+00,1.7501e+01,2.9082e-01,3.0919e-02
1.3300e+03,6.7580e-01,2.2073e+00,1.7501e+01,2.9252e-01,3.1111e-02
1.3400e+03,6.7391e-01,2.2056e+00,1.7501e+01,2.9421e-01,3.1303e-02
1.3500e+03,6.7204e-01,2.2039e+00,1.7501e+01,2.9590e-01,3.1494e-02
1.3600e+03,6.7017e-01,2.2023e+00,1.7501e+01,2.9758e-01,3.1684e-02
1.3700e+03,6.6831e-01,2.2006e+00,1.7501e+01,2.9925e-01,3.1874e-02
1.3800e+03,6.6645e-01,2.1989e+00,1.7501e+01,3.0092e-01,3.2064e-02
1.3900e+03,6.6460e-01,2.1972e+00,1.7501e+01,3.0258e-01,3.2253e-02
1.4000e+03,6.6275e-01,2.1956e+00,1.7501e+01,3.0423e-01,3.2441e-02
1.4100e+03,6.6092e-01,2.1939e+00,1.7501e+01,3.0588e-01,3.2629e-02
1.4200e+03,6.5908e-01,2.1923e+00,1.7501e+01,3.0753e-01,3.2817e-02
1.4300e+03,6.5726e-01,2.1907e+00,1.7501e+01,3.0917e-01,3.3003e-02
1.4400e+03,6.5544e-01,2.1890e+00,1.7501e+01,3.1080e-01,3.3190e-02
1.4500e+03,6.5363e-01,2.1874e+00,1.7501e+01,3.1243e-01,3.3376e-02
1.4600e+03,6.5182e-01,2.1858e+00,1.7501e+01,3.1405e-01,3.3561e-02
1.4700e+03,6.5002e-01,2.1842e+00,1.7501e+01,3.1566e-01,3.3746e-02
1.4800e+03,6.4823e-01,2.1825e+00,1.7501e+01,3.1727e-01,3.3930e-02
1.4900e+03,6.4644e-01,2.1809e+00,1.7501e+01,3.1888e-01,3.4114e-02
1.5000e+03,6.4466e-01,2.1793e+00,1.7501e+01,3.2048e-01,3.4297e-02
1.5100e+03,6.4288e-01,2.1777e+00,1.7501e+01,3.2207e-01,3.4480e-02
1.5200e+03,6.4111e-01,2.1762e+00,1.7501e+01,3.2366e-01,3.4662e-02
1.5300e+03,6.3935e-01,2.1746e+00,1.7501e+01,3.2524e-01,3.4844e-02
1.5400e+03,6.3759e-01,2.1730e+00,1.7501e+01,3.2681e-01,3.5026e-02
1.5500e+03,6.3584e-01,2.1714e+00,1.7501e+01,3.2839e-01,3.5206e-02
1.5600e+03,6.3409e-01,2.1699e+00,1.7501e+01,3.2995e-01,3.5387e-02
1.5700e+03,6.3235e-01,2.1683e+00,1.7501e+01,3.3151e-01,3.5567e-02
1.5800e+03,6.3062e-01,2.1667e+00,1.7501e+01,3.3307e-01,3.5746e-02
1.5900e+03,6.2889e-01,2.1652e+00,1.7501e+01,3.3461e-01,3.5925e-02
1.6000e+03,6.2717e-01,2.1636e+00,1.7501e+01,3.3616e-01,3.6103e-02
1.6100e+03,6.2545e-01,2.1621e+00,1.7501e+01,3.3770e-01,3.6281e-02
1.6200e+03,6.2374e-01,2.1606e+00,1.7501e+01,3.3923e-01,3.6458e-02
1.6300e+03,6.2203e-01,2.1590e+00,1.7501e+01,3.4076e-01,3.6635e-02
1.6400e+03,6.2034e-01,2.1575e+00,1.7501e+01,3.4228e-01,3.6812e-02
1.6500e+03,6.1864e-01,2.1560e+00,1.7501e+01,3.4380e-01,3.6987e-02
1.6600e+03,6.1695e-01,2.1545e+00,1.7501e+01,3.4531e-01,3.7163e-02
1.6700e+03,6.1527e-01,2.1530e+00,1.7501e+01,3.4682e-01,3.7338e-02
1.6800e+03,6.1359e-01,2.1515e+00,1.7501e+01,3.4832e-01,3.7512e-02
1.6900e+03,6.1192e-01,2.1500e+00,1.7501e+01,3.4982e-01,3.7686e-02
1.7000e+03,6.1026e-01,2.1485e+00,1.7501e+01,3.5131e-01,3.7860e-02
1.7100e+03,6.0860e-01,2.1470e+00,1.7501e+01,3.5280e-01,3.8033e-02
1.7200e+03,6.0694e-01,2.1455e+00,1.7501e+01,3.5428e-01,3.8206e-02
1.7300e+03,6.0529e-01,2.1440e+00,1.7501e+01,3.5576e-01,3.8378e-02
1.7400e+03,6.0365e-01,2.1426e+00,1.7501e+01,3.5723e-01,3.8549e-02
1.7500e+03,6.0201e-01,2.1411e+00,1.7501e+01,3.5869e-01,3.8721e-02
1.7600e+03,6.0038e-01,2.1396e+00,1.7501e+01,3.6016e-01,3.8891e-02
1.7700e+03,5.9875e-01,2.1382e+00,1.7501e+01,3.6161e-01,3.9062e-02
1.7800e+03,5.9713e-01,2.1367e+00,1.7501e+01,3.6307e-01,3.9231e-02
1.7900e+03,5.9552e-01,2.1353e+00,1.7501e+01,3.6451e-01,3.9401e-02
1.8000e+03,5.9391e-01,2.1338e+00,1.7501e+01,3.6595e-01,3.9570e-02
1.8100e+03,5.9230e-01,2.1324e+00,1.7501e+01,3.6739e-01,3.9738e-02
1.8200e+03,5.9070e-01,2.1310e+00,1.7501e+01,3.6882e-01,3.9906e-02
1.8300e+03,5.8910e-01,2.1295e+00,1.7501e+01,3.7025e-01,4.0074e-02
1.8400e+03,5.8751e-01,2.1281e+00,1.7501e+01,3.7167e-01,4.0241e-02
1.8500e+03,5.8593e-01,2.1267e+00,1.7501e+01,3.7309e-01,4.0407e-02
1.8600e+03,5.8435e-01,2.1253e+00,1.7501e+01,3.7451e-01,4.0573e-02
1.8700e+03,5.8278e-01,2.1239e+00,1.7501e+01,3.7591e-01,4.0739e-02
1.8800e+03,5.8121e-01,2.1225e+00,1.7501e+01,3.7732e-01,4.0905e-02
1.8900e+03,5.7964e-01,2.1211e+00,1.7501e+01,3.7872e-01,4.1069e-02
1.9000e+03,5.7808e-01,2.1197e+00,1.7501e+01,3.8011e-01,4.1234e-02
1.9100e+03,5.7653e-01,2.1183e+00,1.7501e+01,3.8150e-01,4.1398e-02
1.9200e+03,5.7498e-01,2.1169e+00,1.7501e+01,3.8289e-01,4.1561e-02
1.9300e+03,5.7344e-01,2.1155e+00,1.7501e+01,3.8427e-01,4.1724e-02
1.9400e+03,5.7190e-01,2.1141e+00,1.7501e+01,3.8564e-01,4.1887e-02
1.9500e+03,5.7037e-01,2.1128e+00,1.7501e+01,3.8701e-01,4.2049e-02
1.9600e+03,5.6884e-01,2.1114e+00,1.7501e+01,3.8838e-01,4.2211e-02
1.9700e+03,5.6731e-01,2.1100e+00,1.7501e+01,3.8974e-01,4.2372e-02
1.9800e+03,5.6580e-01,2.1087e+00,1.7501e+01,3.9110e-01,4.2533e-02
1.9900e+03,5.6428e-01,2.1073e+00,1.7501e+01,3.9245e-01,4.2694e-02
2.0000e+03,5.6277e-01,2.1060e+00,1.7501e+01,3.9380e-01,4.2854e-02
2.0100e+03,5.6127e-01,2.1046e+00,1.7501e+01,3.9515e-01,4.3013e-02
2.0200e+03,5.5977e-01,2.1033e+00,1.7501e+01,3.9649e-01,4.3173e-02
2.0300e+03,5.5828e-01,2.1020e+00,1.7501e+01,3.9782e-01,4.3331e-02
2.0400e+03,5.5679e-01,2.1006e+00,1.7501e+01,3.9915e-01,4.3490e-02
2.0500e+03,5.5530e-01,2.0993e+00,1.7501e+01,4.0048e-01,4.3648e-02
2.0600e+03,5.5382e-01,2.0980e+00,1.7501e+01,4.0180e-01,4.3805e-02
2.0700e+03,5.5235e-01,2.0966e+00,1.7501e+01,4.0312e-01,4.3962e-02
2.0800e+03,5.5088e-01,2.0953e+00,1.7501e+01,4.0443e-01,4.4119e-02
2.0900e+03,5.4941e-01,2.0940e+00,1.7501e+01,4.0574e-01,4.4275e-02
2.1000e+03,5.4795e-01,2.0927e+00,1.7501e+01,4.0705e-01,4.4431e-02
2.1100e+03,5.4650e-01,2.0914e+00,1.7501e+01,4.0835e-01,4.4586e-02
2.1200e+03,5.4504e-01,2.0901e+00,1.7501e+01,4.0964e-01,4.4741e-02
2.1300e+03,5.4360e-01,2.0888e+00,1.7501e+01,4.1094e-01,4.4896e-02
2.1400e+03,5.4216e-01,2.0875e+00,1.7501e+01,4.1222e-01,4.5050e-02
2.1500e+03,5.4072e-01,2.0863e+00,1.7501e+01,4.1351e-01,4.5204e-02
2.1600e+03,5.3929e-01,2.0850e+00,1.7501e+01,4.1479e-01,4.5357e-02
2.1700e+03,5.3786e-01,2.0837e+00,1.7501e+01,4.1606e-01,4.5510e-02
2.1800e+03,5.3643e-01,2.0824e+00,1.7501e+01,4.1733e-01,4.5663e-02
2.1900e+03,5.3501e-01,2.0812e+00,1.7501e+01,4.1860e-01,4.5815e-02
2.2000e+03,5.3360e-01,2.0799e+00,1.7501e+01,4.1986e-01,4.5967e-02
2.2100e+03,5.3219e-01,2.0786e+00,1.7501e+01,4.2112e-01,4.6118e-02
2.2200e+03,5.3078e-01,2.0774e+00,1.7501e+01,4.2238e-01,4.6269e-02
2.2300e+03,5.2938e-01,2.0761e+00,1.7501e+01,4.2363e-01,4.6420e-02
2.2400e+03,5.2799e-01,2.0749e+00,1.7501e+01,4.2487e-01,4.6570e-02
2.2500e+03,5.2659e-01,2.0736e+00,1.7501e+01,4.2612e-01,4.6720e-02
2.2600e+03,5.2520e-01,2.0724e+00,1.7501e+01,4.2736e-01,4.6869e-02
2.2700e+03,5.2382e-01,2.0712e+00,1.7501e+01,4.2859e-01,4.7018e-02
2.2800e+03,5.2244e-01,2.0699e+00,1.7501e+01,4.2982e-01,4.7167e-02
2.2900e+03,5.2107e-01,2.0687e+00,1.7501e+01,4.3105e-01,4.7315e-02
2.3000e+03,5.1970e-01,2.0675e+00,1.7501e+01,4.3227e-01,4.7463e-02
2.3100e+03,5.1833e-01,2.0663e+00,1.7501e+01,4.3349e-01,4.7610e-02
2.3200e+03,5.1697e-01,2.0650e+00,1.7501e+01,4.3470e-01,4.7757e-02
2.3300e+03,5.1561e-01,2.0638e+00,1.7501e+01,4.3591e-01,4.7904e-02
2.3400e+03,5.1426e-01,2.0626e+00,1.7501e+01,4.3712e-01,4.8050e-02
2.3500e+03,5.1291e-01,2.0614e+00,1.7501e+01,4.3832e-01,4.8196e-02
2.3600e+03,5.1156e-01,2.0602e+00,1.7501e+01,4.3952e-01,4.8341e-02
2.3700e+03,5.1022e-01,2.0590e+00,1.7501e+01,4.4072e-01,4.8486e-02
2.3800e+03,5.0889e-01,2.0578e+00,1.7501e+01,4.4191e-01,4.8631e-02
2.3900e+03,5.0755e-01,2.0566e+00,1.7501e+01,4.4310e-01,4.8775e-02
2.4000e+03,5.0623e-01,2.0555e+00,1.7501e+01,4.4428e-01,4.8919e-02
2.4100e+03,5.0490e-01,2.0543e+00,1.7501e+01,4.4546e-01,4.9063e-02
2.4200e+03,5.0358e-01,2.0531e+00,1.7501e+01,4.4664e-01,4.9206e-02
2.4300e+03,5.0227e-01,2.0519e+00,1.7501e+01,4.4781e-01,4.9349e-02
2.4400e+03,5.0095e-01,2.0508e+00,1.7501e+01,4.4898e-01,4.9492e-02
2.4500e+03,4.9965e-01,2.0496e+00,1.7501e+01,4.5015e-01,4.9634e-02
2.4600e+03,4.9834e-01,2.0484e+00,1.7501e+01,4.5131e-01,4.9775e-02
2.4700e+03,4.9704e-01,2.0473e+00,1.7501e+01,4.5247e-01,4.9917e-02
2.4800e+03,4.9575e-01,2.0461e+00,1.7501e+01,4.5362e-01,5.0058e-02
2.4900e+03,4.9446e-01,2.0450e+00,1.7501e+01,4.5477e-01,5.0198e-02
2.5000e+03,4.9317e-01,2.0438e+00,1.7501e+01,4.5592e-01,5.0339e-02
2.5100e+03,4.9189e-01,2.0427e+00,1.7501e+01,4.5706e-01,5.0479e-02
2.5200e+03,4.9061e-01,2.0415e+00,1.7501e+01,4.5820e-01,5.0618e-02
2.5300e+03,4.8933e-01,2.0404e+00,1.7501e+01,4.5934e-01,5.0757e-02
2.5400e+03,4.8806e-01,2.0393e+00,1.7501e+01,4.6047e-01,5.0896e-02
2.5500e+03,4.8679e-01,2.0381e+00,1.7501e+01,4.6160e-01,5.1035e-02
2.5600e+03,4.8553e-01,2.0370e+00,1.7501e+01,4.6273e-01,5.1173e-02
2.5700e+03,4.8427e-01,2.0359e+00,1.7501e+01,4.6385e-01,5.1311e-02
2.5800e+03,4.8301e-01,2.0348e+00,1.7501e+01,4.6497e-01,5.1448e-02
2.5900e+03,4.8176e-01,2.0337e+00,1.7501e+01,4.6608e-01,5.1585e-02
2.6000e+03,4.8051e-01,2.0325e+00,1.7501e+01,4.6719e-01,5.1722e-02
2.6100e+03,4.7927e-01,2.0314e+00,1.7501e+01,4.6830e-01,5.1858e-02
2.6200e+03,4.7803e-01,2.0303e+00,1.7501e+01,4.6941e-01,5.1994e-02
2.6300e+03,4.7679e-01,2.0292e+00,1.7501e+01,4.7051e-01,5.2129e-02
2.6400e+03,4.7556e-01,2.0281e+00,1.7501e+01,4.7160e-01,5.2265e-02
2.6500e+03,4.7433e-01,2.0270e+00,1.7501e+01,4.7270e-01,5.2400e-02
2.6600e+03,4.7311e-01,2.0259e+00,1.7501e+01,4.7379e-01,5.2534e-02
2.6700e+03,4.7188e-01,2.0249e+00,1.7501e+01,4.7488e-01,5.2668e-02
2.6800e+03,4.7067e-01,2.0238e+00,1.7501e+01,4.7596e-01,5.2802e-02
2.6900e+03,4.6945e-01,2.0227e+00,1.7501e+01,4.7704e-01,5.2936e-02
2.7000e+03,4.6824e-01,2.0216e+00,1.7501e+01,4.7812e-01,5.3069e-02
2.7100e+03,4.6703e-01,2.0205e+00,1.7501e+01,4.7919e-01,5.3202e-02
2.7200e+03,4.6583e-01,2.0195e+00,1.7501e+01,4.8026e-01,5.3334e-02
2.7300e+03,4.6463e-01,2.0184e+00,1.7501e+01,4.8133e-01,5.3467e-02
2.7400e+03,4.6344e-01,2.0173e+00,1.7501e+01,4.8239e-01,5.3598e-02
2.7500e+03,4.6224e-01,2.0163e+00,1.7501e+01,4.8346e-01,5.3730e-02
2.7600e+03,4.6106e-01,2.0152e+00,1.7501e+01,4.8451e-01,5.3861e-02
2.7700e+03,4.5987e-01,2.0142e+00,1.7501e+01,4.8557e-01,5.3992e-02
2.7800e+03,4.5869e-01,2.0131e+00,1.7501e+01,4.8662e-01,5.4122e-02
2.7900e+03,4.5751e-01,2.0121e+00,1.7501e+01,4.8767e-01,5.4252e-02
2.8000e+03,4.5634e-01,2.0110e+00,1.7501e+01,4.8871e-01,5.4382e-02
2.8100e+03,4.5517e-01,2.0100e+00,1.7501e+01,4.8975e-01,5.4512e-02
2.8200e+03,4.5400e-01,2.0089e+00,1.7501e+01,4.9079e-01,5.4641e-02
2.8300e+03,4.5284e-01,2.0079e+00,1.7501e+01,4.9182e-01,5.4770e-02
2.8400e+03,4.5168e-01,2.0069e+00,1.7501e+01,4.9286e-01,5.4898e-02
2.8500e+03,4.5052e-01,2.0058e+00,1.7501e+01,4.9388e-01,5.5026e-02
2.8600e+03,4.4937e-01,2.0048e+00,1.7501e+01,4.9491e-01,5.5154e-02
2.8700e+03,4.4822e-01,2.0038e+00,1.7501e+01,4.9593e-01,5.5282e-02
2.8800e+03,4.4707e-01,2.0028e+00,1.7501e+01,4.9695e-01,5.5409e-02
2.8900e+03,4.4593e-01,2.0017e+00,1.7501e+01,4.9797e-01,5.5536e-02
2.9000e+03,4.4479e-01,2.0007e+00,1.7501e+01,4.9898e-01,5.5662e-02
2.9100e+03,4.4365e-01,1.9997e+00,1.7501e+01,4.9999e-01,5.5788e-02
2.9200e+03,4.4252e-01,1.9987e+00,1.7501e+01,5.0100e-01,5.5914e-02
2.9300e+03,4.4139e-01,1.9977e+00,1.7501e+01,5.0200e-01,5.6040e-02
2.9400e+03,4.4026e-01,1.9967e+00,1.7501e+01,5.0300e-01,5.6165e-02
2.9500e+03,4.3914e-01,1.9957e+00,1.7501e+01,5.0400e-01,5.6290e-02
2.9600e+03,4.3802e-01,1.9947e+00,1.7501e+01,5.0499e-01,5.6414e-02
2.9700e+03,4.3691e-01,1.9937e+00,1.7501e+01,5.0598e-01,5.6539e-02
2.9800e+03,4.3580e-01,1.9927e+00,1.7501e+01,5.0697e-01,5.6663e-02
2.9900e+03,4.3469e-01,1.9918e+00,1.7501e+01,5.0796e-01,5.6786e-02
3.0000e+03,4.3358e-01,1.9908e+00,1.7501e+01,5.0894e-01,5.6910e-02
3.0100e+03,4.3248e-01,1.9898e+00,1.7501e+01,5.0992e-01,5.7033e-02
3.0200e+03,4.3138e-01,1.9888e+00,1.7501e+01,5.1089e-01,5.7155e-02
3.0300e+03,4.3028e-01,1.9878e+00,1.7501e+01,5.1187e-01,5.7278e-02
3.0400e+03,4.2919e-01,1.9869e+00,1.7501e+01,5.1284e-01,5.7400e-02
3.0500e+03,4.2810e-01,1.9859e+00,1.7501e+01,5.1381e-01,5.7522e-02
3.0600e+03,4.2702e-01,1.9849e+00,1.7501e+01,5.1477e-01,5.7643e-02
3.0700e+03,4.2593e-01,1.9840e+00,1.7501e+01,5.1573e-01,5.7764e-02
3.0800e+03,4.2485e-01,1.9830e+00,1.7501e+01,5.1669e-01,5.7885e-02
3.0900e+03,4.2378e-01,1.9821e+00,1.7501e+01,5.1765e-01,5.8006e-02
3.1000e+03,4.2270e-01,1.9811e+00,1.7501e+01,5.1860e-01,5.8126e-02
3.1100e+03,4.2163e-01,1.9802e+00,1.7501e+01,5.1955e-01,5.8246e-02
3.1200e+03,4.2057e-01,1.9792e+00,1.7501e+01,5.2050e-01,5.8365e-02
3.1300e+03,4.1950e-01,1.9783e+00,1.7501e+01,5.2144e-01,5.8485e-02
3.1400e+03,4.1844e-01,1.9773e+00,1.7501e+01,5.2238e-01,5.8604e-02
3.1500e+03,4.1738e-01,1.9764e+00,1.7501e+01,5.2332e-01,5.8723e-02
3.1600e+03,4.1633e-01,1.9754e+00,1.7501e+01,5.2426e-01,5.8841e-02
3.1700e+03,4.1528e-01,1.9745e+00,1.7501e+01,5.2519e-01,5.8959e-02
3.1800e+03,4.1423e-01,1.9736e+00,1.7501e+01,5.2612e-01,5.9077e-02
3.1900e+03,4.1318e-01,1.9726e+00,1.7501e+01,5.2705e-01,5.9194e-02
3.2000e+03,4.1214e-01,1.9717e+00,1.7501e+01,5.2797e-01,5.9312e-02
3.2100e+03,4.1110e-01,1.9708e+00,1.7501e+01,5.2890e-01,5.9429e-02
3.2200e+03,4.1007e-01,1.9699e+00,1.7501e+01,5.2982e-01,5.9545e-02
3.2300e+03,4.0903e-01,1.9690e+00,1.7501e+01,5.3073e-01,5.9662e-02
3.2400e+03,4.0800e-01,1.9680e+00,1.7501e+01,5.3165e-01,5.9778e-02
3.2500e+03,4.0698e-01,1.9671e+00,1.7501e+01,5.3256e-01,5.9893e-02
3.2600e+03,4.0595e-01,1.9662e+00,1.7501e+01,5.3347e-01,6.0009e-02
3.2700e+03,4.0493e-01,1.9653e+00,1.7501e+01,5.3437e-01,6.0124e-02
3.2800e+03,4.0392e-01,1.9644e+00,1.7501e+01,5.3527e-01,6.0239e-02
3.2900e+03,4.0290e-01,1.9635e+00,1.7501e+01,5.3618e-01,6.0354e-02
3.3000e+03,4.0189e-01,1.9626e+00,1.7501e+01,5.3707e-01,6.0468e-02
3.3100e+03,4.0088e-01,1.9617e+00,1.7501e+01,5.3797e-01,6.0582e-02
3.3200e+03,3.9987e-01,1.9608e+00,1.7501e+01,5.3886e-01,6.0696e-02
3.3300e+03,3.9887e-01,1.9599e+00,1.7501e+01,5.3975e-01,6.0809e-02
3.3400e+03,3.9787e-01,1.9591e+00,1.7501e+01,5.4064e-01,6.0922e-02
3.3500e+03,3.9687e-01,1.9582e+00,1.7501e+01,5.4152e-01,6.1035e-02
3.3600e+03,3.9588e-01,1.9573e+00,1.7501e+01,5.4240e-01,6.1148e-02
3.3700e+03,3.9489e-01,1.9564e+00,1.7501e+01,5.4328e-01,6.1260e-02
3.3800e+03,3.9390e-01,1.9555e+00,1.7501e+01,5.4416e-01,6.1372e-02
3.3900e+03,3.9291e-01,1.9547e+00,1.7501e+01,5.4503e-01,6.1484e-02
3.4000e+03,3.9193e-01,1.9538e+00,1.7501e+01,5.4590e-01,6.1596e-02
3.4100e+03,3.9095e-01,1.9529e+00,1.7501e+01,5.4677e-01,6.1707e-02
3.4200e+03,3.8997e-01,1.9520e+00,1.7501e+01,5.4764e-01,6.1818e-02
3.4300e+03,3.8900e-01,1.9512e+00,1.7501e+01,5.4850e-01,6.1928e-02
3.4400e+03,3.8802e-01,1.9503e+00,1.7501e+01,5.4937e-01,6.2039e-02
3.4500e+03,3.8706e-01,1.9495e+00,1.7501e+01,5.5022e-01,6.2149e-02
3.4600e+03,3.8609e-01,1.9486e+00,1.7501e+01,5.5108e-01,6.2259e-02
3.4700e+03,3.8513e-01,1.9477e+00,1.7501e+01,5.5193e-01,6.2368e-02
3.4800e+03,3.8417e-01,1.9469e+00,1.7501e+01,5.5279e-01,6.2478e-02
3.4900e+03,3.8321e-01,1.9460e+00,1.7501e+01,5.5363e-01,6.2587e-02
3.5000e+03,3.8225e-01,1.9452e+00,1.7501e+01,5.5448e-01,6.2695e-02
3.5100e+03,3.8130e-01,1.9444e+00,1.7501e+01,5.5532e-01,6.2804e-02
3.5200e+03,3.8035e-01,1.9435e+00,1.7501e+01,5.5617e-01,6.2912e-02
3.5300e+03,3.7940e-01,1.9427e+00,1.7501e+01,5.5700e-01,6.3020e-02
3.5400e+03,3.7846e-01,1.9418e+00,1.7501e+01,5.5784e-01,6.3128e-02
3.5500e+03,3.7752e-01,1.9410e+00,1.7501e+01,5.5867e-01,6.3235e-02
3.5600e+03,3.7658e-01,1.9402e+00,1.7501e+01,5.5951e-01,6.3342e-02
3.5700e+03,3.7564e-01,1.9393e+00,1.7501e+01,5.6034e-01,6.3449e-02
3.5800e+03,3.7471e-01,1.9385e+00,1.7501e+01,5.6116e-01,6.3556e-02
3.5900e+03,3.7378e-01,1.9377e+00,1.7501e+01,5.6199e-01,6.3662e-02
3.6000e+03,3.7285e-01,1.9369e+00,1.7501e+01,5.6281e-01,6.3768e-02
3.6100e+03,3.7193e-01,1.9360e+00,1.7501e+01,5.6363e-01,6.3874e-02
3.6200e+03,3.7100e-01,1.9352e+00,1.7501e+01,5.6445e-01,6.3979e-02
3.6300e+03,3.7008e-01,1.9344e+00,1.7501e+01,5.6526e-01,6.4085e-02
3.6400e+03,3.6917e-01,1.9336e+00,1.7501e+01,5.6607e-01,6.4190e-02
3.6500e+03,3.6825e-01,1.9328e+00,1.7501e+01,5.6688e-01,6.4294e-02
3.6600e+03,3.6734e-01,1.9320e+00,1.7501e+01,5.6769e-01,6.4399e-02
3.6700e+03,3.6643e-01,1.9312e+00,1.7501e+01,5.6850e-01,6.4503e-02
3.6800e+03,3.6552e-01,1.9304e+00,1.7501e+01,5.6930e-01,6.4607e-02
3.6900e+03,3.6462e-01,1.9296e+00,1.7501e+01,5.7010e-01,6.4711e-02
3.7000e+03,3.6372e-01,1.9288e+00,1.7501e+01,5.7090e-01,6.4814e-02
3.7100e+03,3.6282e-01,1.9280e+00,1.7501e+01,5.7169e-01,6.4917e-02
3.7200e+03,3.6192e-01,1.9272e+00,1.7501e+01,5.7249e-01,6.5020e-02
3.7300e+03,3.6103e-01,1.9264e+00,1.7501e+01,5.7328e-01,6.5123e-02
3.7400e+03,3.6013e-01,1.9256e+00,1.7501e+01,5.7407e-01,6.5226e-02
3.7500e+03,3.5925e-01,1.9248e+00,1.7501e+01,5.7486e-01,6.5328e-02
3.7600e+03,3.5836e-01,1.9240e+00,1.7501e+01,5.7564e-01,6.5430e-02
3.7700e+03,3.5747e-01,1.9232e+00,1.7501e+01,5.7642e-01,6.5531e-02
3.7800e+03,3.5659e-01,1.9225e+00,1.7501e+01,5.7720e-01,6.5633e-02
3.7900e+03,3.5571e-01,1.9217e+00,1.7501e+01,5.7798e-01,6.5734e-02
3.8000e+03,3.5484e-01,1.9209e+00,1.7501e+01,5.7876e-01,6.5835e-02
3.8100e+03,3.5396e-01,1.9201e+00,1.7501e+01,5.7953e-01,6.5936e-02
3.8200e+03,3.5309e-01,1.9194e+00,1.7501e+01,5.8030e-01,6.6036e-02
3.8300e+03,3.5222e-01,1.9186e+00,1.7501e+01,5.8107e-01,6.6136e-02
3.8400e+03,3.5135e-01,1.9178e+00,1.7501e+01,5.8184e-01,6.6236e-02
3.8500e+03,3.5049e-01,1.9171e+00,1.7501e+01,5.8260e-01,6.6336e-02
3.8600e+03,3.4963e-01,1.9163e+00,1.7501e+01,5.8337e-01,6.6435e-02
3.8700e+03,3.4877e-01,1.9155e+00,1.7501e+01,5.8413e-01,6.6535e-02
3.8800e+03,3.4791e-01,1.9148e+00,1.7501e+01,5.8488e-01,6.6634e-02
3.8900e+03,3.4706e-01,1.9140e+00,1.7501e+01,5.8564e-01,6.6732e-02
3.9000e+03,3.4620e-01,1.9133e+00,1.7501e+01,5.8639e-01,6.6831e-02
3.9100e+03,3.4535e-01,1.9125e+00,1.7501e+01,5.8715e-01,6.6929e-02
3.9200e+03,3.4451e-01,1.9118e+00,1.7501e+01,5.8790e-01,6.7027e-02
3.9300e+03,3.4366e-01,1.9110e+00,1.7501e+01,5.8864e-01,6.7125e-02
3.9400e+03,3.4282e-01,1.9103e+00,1.7501e+01,5.8939e-01,6.7222e-02
3.9500e+03,3.4198e-01,1.9095e+00,1.7501e+01,5.9013e-01,6.7320e-02
3.9600e+03,3.4114e-01,1.9088e+00,1.7501e+01,5.9087e-01,6.7417e-02
3.9700e+03,3.4030e-01,1.9080e+00,1.7501e+01,5.9161e-01,6.7514e-02
3.9800e+03,3.3947e-01,1.9073e+00,1.7501e+01,5.9235e-01,6.7610e-02
3.9900e+03,3.3864e-01,1.9066e+00,1.7501e+01,5.9308e-01,6.7707e-02
4.0000e+03,3.3781e-01,1.9058e+00,1.7501e+01,5.9382e-01,6.7803e-02
4.0100e+03,3.3698e-01,1.9051e+00,1.7501e+01,5.9455e-01,6.7899e-02
4.0200e+03,3.3616e-01,1.9044e+00,1.7501e+01,5.9528e-01,6.7994e-02
4.0300e+03,3.3534e-01,1.9037e+00,1.7501e+01,5.9600e-01,6.8090e-02
4.0400e+03,3.3452e-01,1.9029e+00,1.7501e+01,5.9673e-01,6.8185e-02
4.0500e+03,3.3370e-01,1.9022e+00,1.7501e+01,5.9745e-01,6.8280e-02
4.0600e+03,3.3288e-01,1.9015e+00,1.7501e+01,5.9817e-01,6.8374e-02
4.0700e+03,3.3207e-01,1.9008e+00,1.7501e+01,5.9889e-01,6.8469e-02
4.0800e+03,3.3126e-01,1.9001e+00,1.7501e+01,5.9960e-01,6.8563e-02
4.0900e+03,3.3045e-01,1.8993e+00,1.7501e+01,6.0032e-01,6.8657e-02
4.1000e+03,3.2965e-01,1.8986e+00,1.7501e+01,6.0103e-01,6.8751e-02
4.1100e+03,3.2884e-01,1.8979e+00,1.7501e+01,6.0174e-01,6.8844e-02
4.1200e+03,3.2804e-01,1.8972e+00,1.7501e+01,6.0245e-01,6.8938e-02
4.1300e+03,3.2724e-01,1.8965e+00,1.7501e+01,6.0316e-01,6.9031e-02
4.1400e+03,3.2644e-01,1.8958e+00,1.7501e+01,6.0386e-01,6.9124e-02
4.1500e+03,3.2565e-01,1.8951e+00,1.7501e+01,6.0456e-01,6.9216e-02
4.1600e+03,3.2486e-01,1.8944e+00,1.7501e+01,6.0526e-01,6.9309e-02
4.1700e+03,3.2407e-01,1.8937e+00,1.7501e+01,6.0596e-01,6.9401e-02
4.1800e+03,3.2328e-01,1.8930e+00,1.7501e+01,6.0666e-01,6.9493e-02
4.1900e+03,3.2249e-01,1.8923e+00,1.7501e+01,6.0735e-01,6.9585e-02
4.2000e+03,3.2171e-01,1.8916e+00,1.7501e+01,6.0805e-01,6.9676e-02
4.2100e+03,3.2092e-01,1.8909e+00,1.7501e+01,6.0874e-01,6.9768e-02
4.2200e+03,3.2014e-01,1.8902e+00,1.7501e+01,6.0943e-01,6.9859e-02
4.2300e+03,3.1937e-01,1.8895e+00,1.7501e+01,6.1011e-01,6.9949e-02
4.2400e+03,3.1859e-01,1.8889e+00,1.7501e+01,6.1080e-01,7.0040e-02
4.2500e+03,3.1782e-01,1.8882e+00,1.7501e+01,6.1148e-01,7.0131e-02
4.2600e+03,3.1705e-01,1.8875e+00,1.7501e+01,6.1216e-01,7.0221e-02
4.2700e+03,3.1628e-01,1.8868e+00,1.7501e+01,6.1284e-01,7.0311e-02
4.2800e+03,3.1551e-01,1.8861e+00,1.7501e+01,6.1352e-01,7.0400e-02
4.2900e+03,3.1475e-01,1.8855e+00,1.7501e+01,6.1419e-01,7.0490e-02
4.3000e+03,3.1398e-01,1.8848e+00,1.7501e+01,6.1487e-01,7.0579e-02
4.3100e+03,3.1322e-01,1.8841e+00,1.7501e+01,6.1554e-01,7.0668e-02
4.3200e+03,3.1246e-01,1.8834e+00,1.7501e+01,6.1621e-01,7.0757e-02
4.3300e+03,3.1171e-01,1.8828e+00,1.7501e+01,6.1688e-01,7.0846e-02
4.3400e+03,3.1095e-01,1.8821e+00,1.7501e+01,6.1754e-01,7.0935e-02
4.3500e+03,3.1020e-01,1.8814e+00,1.7501e+01,6.1821e-01,7.1023e-02
4.3600e+03,3.0945e-01,1.8808e+00,1.7501e+01,6.1887e-01,7.1111e-02
4.3700e+03,3.0870e-01,1.8801e+00,1.7501e+01,6.1953e-01,7.1199e-02
4.3800e+03,3.0795e-01,1.8795e+00,1.7501e+01,6.2019e-01,7.1286e-02
4.3900e+03,3.0721e-01,1.8788e+00,1.7501e+01,6.2085e-01,7.1374e-02
4.4000e+03,3.0647e-01,1.8781e+00,1.7501e+01,6.2150e-01,7.1461e-02
4.4100e+03,3.0573e-01,1.8775e+00,1.7501e+01,6.2215e-01,7.1548e-02
4.4200e+03,3.0499e-01,1.8768e+00,1.7501e+01,6.2281e-01,7.1635e-02
4.4300e+03,3.0425e-01,1.8762e+00,1.7501e+01,6.2346e-01,7.1721e-02
4.4400e+03,3.0352e-01,1.8755e+00,1.7501e+01,6.2410e-01,7.1807e-02
4.4500e+03,3.0279e-01,1.8749e+00,1.7501e+01,6.2475e-01,7.1894e-02
4.4600e+03,3.0206e-01,1.8742e+00,1.7501e+01,6.2539e-01,7.1980e-02
4.4700e+03,3.0133e-01,1.8736e+00,1.7501e+01,6.2604e-01,7.2065e-02
4.4800e+03,3.0060e-01,1.8730e+00,1.7501e+01,6.2668e-01,7.2151e-02
4.4900e+03,2.9988e-01,1.8723e+00,1.7501e+01,6.2732e-01,7.2236e-02
4.5000e+03,2.9915e-01,1.8717e+00,1.7501e+01,6.2795e-01,7.2321e-02
4.5100e+03,2.9843e-01,1.8711e+00,1.7501e+01,6.2859e-01,7.2406e-02
4.5200e+03,2.9771e-01,1.8704e+00,1.7501e+01,6.2922e-01,7.2491e-02
4.5300e+03,2.9700e-01,1.8698e+00,1.7501e+01,6.2986e-01,7.2575e-02
4.5400e+03,2.9628e-01,1.8692e+00,1.7501e+01,6.3049e-01,7.2660e-02
4.5500e+03,2.9557e-01,1.8685e+00,1.7501e+01,6.3111e-01,7.2744e-02
4.5600e+03,2.9486e-01,1.8679e+00,1.7501e+01,6.3174e-01,7.2828e-02
4.5700e+03,2.9415e-01,1.8673e+00,1.7501e+01,6.3237e-01,7.2911e-02
4.5800e+03,2.9344e-01,1.8666e+00,1.7501e+01,6.3299e-01,7.2995e-02
4.5900e+03,2.9274e-01,1.8660e+00,1.7501e+01,6.3361e-01,7.3078e-02
4.6000e+03,2.9204e-01,1.8654e+00,1.7501e+01,6.3423e-01,7.3161e-02
4.6100e+03,2.9133e-01,1.8648e+00,1.7501e+01,6.3485e-01,7.3244e-02
4.6200e+03,2.9064e-01,1.8642e+00,1.7501e+01,6.3547e-01,7.3327e-02
4.6300e+03,2.8994e-01,1.8636e+00,1.7501e+01,6.3608e-01,7.3409e-02
4.6400e+03,2.8924e-01,1.8629e+00,1.7501e+01,6.3670e-01,7.3492e-02
4.6500e+03,2.8855e-01,1.8623e+00,1.7501e+01,6.3731e-01,7.3574e-02
4.6600e+03,2.8786e-01,1.8617e+00,1.7501e+01,6.3792e-01,7.3656e-02
4.6700e+03,2.8717e-01,1.8611e+00,1.7501e+01,6.3853e-01,7.3737e-02
4.6800e+03,2.8648e-01,1.8605e+00,1.7501e+01,6.3913e-01,7.3819e-02
4.6900e+03,2.8579e-01,1.8599e+00,1.7501e+01,6.3974e-01,7.3900e-02
4.7000e+03,2.8511e-01,1.8593e+00,1.7501e+01,6.4034e-01,7.3981e-02
4.7100e+03,2.8442e-01,1.8587e+00,1.7501e+01,6.4094e-01,7.4062e-02
4.7200e+03,2.8374e-01,1.8581e+00,1.7501e+01,6.4154e-01,7.4143e-02
4.7300e+03,2.8306e-01,1.8575e+00,1.7501e+01,6.4214e-01,7.4223e-02
4.7400e+03,2.8239e-01,1.8569e+00,1.7501e+01,6.4274e-01,7.4304e-02
4.7500e+03,2.8171e-01,1.8563e+00,1.7501e+01,6.4333e-01,7.4384e-02
4.7600e+03,2.8104e-01,1.8557e+00,1.7501e+01,6.4393e-01,7.4464e-02
4.7700e+03,2.8037e-01,1.8551e+00,1.7501e+01,6.4452e-01,7.4544e-02
4.7800e+03,2.7970e-01,1.8545e+00,1.7501e+01,6.4511e-01,7.4623e-02
4.7900e+03,2.7903e-01,1.8539e+00,1.7501e+01,6.4570e-01,7.4703e-02
4.8000e+03,2.7836e-01,1.8533e+00,1.7501e+01,6.4628e-01,7.4782e-02
4.8100e+03,2.7770e-01,1.8528e+00,1.7501e+01,6.4687e-01,7.4861e-02
4.8200e+03,2.7703e-01,1.8522e+00,1.7501e+01,6.4745e-01,7.4940e-02
4.8300e+03,2.7637e-01,1.8516e+00,1.7501e+01,6.4804e-01,7.5018e-02
4.8400e+03,2.7571e-01,1.8510e+00,1.7501e+01,6.4862e-01,7.5097e-02
4.8500e+03,2.7506e-01,1.8504e+00,1.7501e+01,6.4920e-01,7.5175e-02
4.8600e+03,2.7440e-01,1.8499e+00,1.7501e+01,6.4977e-01,7.5253e-02
4.8700e+03,2.7375e-01,1.8493e+00,1.7501e+01,6.5035e-01,7.5331e-02
4.8800e+03,2.7309e-01,1.8487e+00,1.7501e+01,6.5093e-01,7.5409e-02
4.8900e+03,2.7244e-01,1.8481e+00,1.7501e+01,6.5150e-01,7.5486e-02
4.9000e+03,2.7179e-01,1.8476e+00,1.7501e+01,6.5207e-01,7.5563e-02
4.9100e+03,2.7115e-01,1.8470e+00,1.7501e+01,6.5264e-01,7.5641e-02
4.9200e+03,2.7050e-01,1.8464e+00,1.7501e+01,6.5321e-01,7.5718e-02
4.9300e+03,2.6986e-01,1.8458e+00,1.7501e+01,6.5378e-01,7.5794e-02
4.9400e+03,2.6922e-01,1.8453e+00,1.7501e+01,6.5434e-01,7.5871e-02
4.9500e+03,2.6858e-01,1.8447e+00,1.7501e+01,6.5491e-01,7.5947e-02
4.9600e+03,2.6794e-01,1.8442e+00,1.7501e+01,6.5547e-01,7.6024e-02
4.9700e+03,2.6730e-01,1.8436e+00,1.7501e+01,6.5603e-01,7.6100e-02
4.9800e+03,2.6667e-01,1.8430e+00,1.7501e+01,6.5659e-01,7.6176e-02
4.9900e+03,2.6603e-01,1.8425e+00,1.7501e+01,6.5715e-01,7.6251e-02
5.0000e+03,2.6540e-01,1.8419e+00,1.7501e+01,6.5770e-01,7.6327e-02
5.0100e+03,2.6477e-01,1.8414e+00,1.7501e+01,6.5826e-01,7.6402e-02
5.0200e+03,2.6414e-01,1.8408e+00,1.7501e+01,6.5881e-01,7.6477e-02
5.0300e+03,2.6351e-01,1.8403e+00,1.7501e+01,6.5936e-01,7.6552e-02
5.0400e+03,2.6289e-01,1.8397e+00,1.7501e+01,6.5991e-01,7.6627e-02
5.0500e+03,2.6226e-01,1.8392e+00,1.7501e+01,6.6046e-01,7.6702e-02
5.0600e+03,2.6164e-01,1.8386e+00,1.7501e+01,6.6101e-01,7.6776e-02
5.0700e+03,2.6102e-01,1.8381e+00,1.7501e+01,6.6156e-01,7.6850e-02
5.0800e+03,2.6040e-01,1.8375e+00,1.7501e+01,6.6210e-01,7.6924e-02
5.0900e+03,2.5979e-01,1.8370e+00,1.7501e+01,6.6264e-01,7.6998e-02
5.1000e+03,2.5917e-01,1.8364e+00,1.7501e+01,6.6319e-01,7.7072e-02
5.1100e+03,2.5856e-01,1.8359e+00,1.7501e+01,6.6373e-01,7.7146e-02
5.1200e+03,2.5794e-01,1.8354e+00,1.7501e+01,6.6427e-01,7.7219e-02
5.1300e+03,2.5733e-01,1.8348e+00,1.7501e+01,6.6480e-01,7.7292e-02
5.1400e+03,2.5673e-01,1.8343e+00,1.7501e+01,6.6534e-01,7.7365e-02
5.1500e+03,2.5612e-01,1.8337e+00,1.7501e+01,6.6587e-01,7.7438e-02
5.1600e+03,2.5551e-01,1.8332e+00,1.7501e+01,6.6641e-01,7.7511e-02
5.1700e+03,2.5491e-01,1.8327e+00,1.7501e+01,6.6694e-01,7.7583e-02
5.1800e+03,2.5430e-01,1.8321e+00,1.7501e+01,6.6747e-01,7.7656e-02
5.1900e+03,2.5370e-01,1.8316e+00,1.7501e+01,6.6800e-01,7.7728e-02
5.2000e+03,2.5310e-01,1.8311e+00,1.7501e+01,6.6853e-01,7.7800e-02
5.2100e+03,2.5251e-01,1.8306e+00,1.7501e+01,6.6905e-01,7.7872e-02
5.2200e+03,2.5191e-01,1.8300e+00,1.7501e+01,6.6958e-01,7.7943e-02
5.2300e+03,2.5131e-01,1.8295e+00,1.7501e+01,6.7010e-01,7.8015e-02
5.2400e+03,2.5072e-01,1.8290e+00,1.7501e+01,6.7062e-01,7.8086e-02
5.2500e+03,2.5013e-01,1.8285e+00,1.7501e+01,6.7114e-01,7.8157e-02
5.2600e+03,2.4954e-01,1.8280e+00,1.7501e+01,6.7166e-01,7.8228e-02
5.2700e+03,2.4895e-01,1.8274e+00,1.7501e+01,6.7218e-01,7.8299e-02
5.2800e+03,2.4836e-01,1.8269e+00,1.7501e+01,6.7270e-01,7.8370e-02
5.2900e+03,2.4778e-01,1.8264e+00,1.7501e+01,6.7321e-01,7.8440e-02
5.3000e+03,2.4719e-01,1.8259e+00,1.7501e+01,6.7372e-01,7.8511e-02
5.3100e+03,2.4661e-01,1.8254e+00,1.7501e+01,6.7424e-01,7.8581e-02
5.3200e+03,2.4603e-01,1.8249e+00,1.7501e+01,6.7475e-01,7.8651e-02
5.3300e+03,2.4545e-01,1.8244e+00,1.7501e+01,6.7526e-01,7.8721e-02
5.3400e+03,2.4487e-01,1.8238e+00,1.7501e+01,6.7577e-01,7.8790e-02
5.3500e+03,2.4430e-01,1.8233e+00,1.7501e+01,6.7627e-01,7.8860e-02
5.3600e+03,2.4372e-01,1.8228e+00,1.7501e+01,6.7678e-01,7.8929e-02
5.3700e+03,2.4315e-01,1.8223e+00,1.7501e+01,6.7728e-01,7.8999e-02
5.3800e+03,2.4258e-01,1.8218e+00,1.7501e+01,6.7779e-01,7.9068e-02
5.3900e+03,2.4200e-01,1.8213e+00,1.7501e+01,6.7829e-01,7.9136e-02
5.4000e+03,2.4144e-01,1.8208e+00,1.7501e+01,6.7879e-01,7.9205e-02
5.4100e+03,2.4087e-01,1.8203e+00,1.7501e+01,6.7929e-01,7.9274e-02
5.4200e+03,2.4030e-01,1.8198e+00,1.7501e+01,6.7978e-01,7.9342e-02
5.4300e+03,2.3974e-01,1.8193e+00,1.7501e+01,6.8028e-01,7.9410e-02
5.4400e+03,2.3917e-01,1.8188e+00,1.7501e+01,6.8078e-01,7.9478e-02
5.4500e+03,2.3861e-01,1.8183e+00,1.7501e+01,6.8127e-01,7.9546e-02
5.4600e+03,2.3805e-01,1.8178e+00,1.7501e+01,6.8176e-01,7.9614e-02
5.4700e+03,2.3749e-01,1.8174e+00,1.7501e+01,6.8225e-01,7.9681e-02
5.4800e+03,2.3694e-01,1.8169e+00,1.7501e+01,6.8274e-01,7.9749e-02
5.4900e+03,2.3638e-01,1.8164e+00,1.7501e+01,6.8323e-01,7.9816e-02
5.5000e+03,2.3583e-01,1.8159e+00,1.7501e+01,6.8372e-01,7.9883e-02
5.5100e+03,2.3527e-01,1.8154e+00,1.7501e+01,6.8421e-01,7.9950e-02
5.5200e+03,2.3472e-01,1.8149e+00,1.7501e+01,6.8469e-01,8.0017e-02
5.5300e+03,2.3417e-01,1.8144e+00,1.7501e+01,6.8518e-01,8.0084e-02
5.5400e+03,2.3362e-01,1.8139e+00,1.7501e+01,6.8566e-01,8.0150e-02
5.5500e+03,2.3307e-01,1.8135e+00,1.7501e+01,6.8614e-01,8.0216e-02
5.5600e+03,2.3253e-01,1.8130e+00,1.7501e+01,6.8662e-01,8.0283e-02
5.5700e+03,2.3198e-01,1.8125e+00,1.7501e+01,6.8710e-01,8.0349e-02
5.5800e+03,2.3144e-01,1.8120e+00,1.7501e+01,6.8757e-01,8.0414e-02
5.5900e+03,2.3090e-01,1.8116e+00,1.7501e+01,6.8805e-01,8.0480e-02
5.6000e+03,2.3036e-01,1.8111e+00,1.7501e+01,6.8853e-01,8.0546e-02
5.6100e+03,2.2982e-01,1.8106e+00,1.7501e+01,6.8900e-01,8.0611e-02
5.6200e+03,2.2928e-01,1.8101e+00,1.7501e+01,6.8947e-01,8.0676e-02
5.6300e+03,2.2874e-01,1.8097e+00,1.7501e+01,6.8994e-01,8.0741e-02
5.6400e+03,2.2821e-01,1.8092e+00,1.7501e+01,6.9041e-01,8.0806e-02
5.6500e+03,2.2768e-01,1.8087e+00,1.7501e+01,6.9088e-01,8.0871e-02
5.6600e+03,2.2714e-01,1.8083e+00,1.7501e+01,6.9135e-01,8.0936e-02
5.6700e+03,2.2661e-01,1.8078e+00,1.7501e+01,6.9182e-01,8.1000e-02
5.6800e+03,2.2608e-01,1.8073e+00,1.7501e+01,6.9228e-01,8.1065e-02
5.6900e+03,2.2556e-01,1.8069e+00,1.7501e+01,6.9274e-01,8.1129e-02
5.7000e+03,2.2503e-01,1.8064e+00,1.7501e+01,6.9321e-01,8.1193e-02
5.7100e+03,2.2450e-01,1.8059e+00,1.7501e+01,6.9367e-01,8.1257e-02
5.7200e+03,2.2398e-01,1.8055e+00,1.7501e+01,6.9413e-01,8.1320e-02
5.7300e+03,2.2346e-01,1.8050e+00,1.7501e+01,6.9459e-01,8.1384e-02
5.7400e+03,2.2294e-01,1.8046e+00,1.7501e+01,6.9505e-01,8.1447e-02
5.7500e+03,2.2242e-01,1.8041e+00,1.7501e+01,6.9550e-01,8.1511e-02
5.7600e+03,2.2190e-01,1.8036e+00,1.7501e+01,6.9596e-01,8.1574e-02
5.7700e+03,2.2138e-01,1.8032e+00,1.7501e+01,6.9641e-01,8.1637e-02
5.7800e+03,2.2086e-01,1.8027e+00,1.7501e+01,6.9687e-01,8.1700e-02
5.7900e+03,2.2035e-01,1.8023e+00,1.7501e+01,6.9732e-01,8.1762e-02
5.8000e+03,2.1983e-01,1.8018e+00,1.7501e+01,6.9777e-01,8.1825e-02
5.8100e+03,2.1932e-01,1.8014e+00,1.7501e+01,6.9822e-01,8.1887e-02
5.8200e+03,2.1881e-01,1.8009e+00,1.7501e+01,6.9867e-01,8.1950e-02
5.8300e+03,2.1830e-01,1.8005e+00,1.7501e+01,6.9911e-01,8.2012e-02
5.8400e+03,2.1779e-01,1.8000e+00,1.7501e+01,6.9956e-01,8.2074e-02
5.8500e+03,2.1729e-01,1.7996e+00,1.7501e+01,7.0001e-01,8.2135e-02
5.8600e+03,2.1678e-01,1.7991e+00,1.7501e+01,7.0045e-01,8.2197e-02
5.8700e+03,2.1628e-01,1.7987e+00,1.7501e+01,7.0089e-01,8.2259e-02
5.8800e+03,2.1577e-01,1.7983e+00,1.7501e+01,7.0133e-01,8.2320e-02
5.8900e+03,2.1527e-01,1.7978e+00,1.7501e+01,7.0178e-01,8.2381e-02
5.9000e+03,2.1477e-01,1.7974e+00,1.7501e+01,7.0221e-01,8.2442e-02
5.9100e+03,2.1427e-01,1.7969e+00,1.7501e+01,7.0265e-01,8.2503e-02
5.9200e+03,2.1377e-01,1.7965e+00,1.7501e+01,7.0309e-01,8.2564e-02
5.9300e+03,2.1328e-01,1.7961e+00,1.7501e+01,7.0353e-01,8.2625e-02
5.9400e+03,2.1278e-01,1.7956e+00,1.7501e+01,7.0396e-01,8.2686e-02
5.9500e+03,2.1229e-01,1.7952e+00,1.7501e+01,7.0439e-01,8.2746e-02
5.9600e+03,2.1180e-01,1.7948e+00,1.7501e+01,7.0483e-01,8.2806e-02
5.9700e+03,2.1130e-01,1.7943e+00,1.7501e+01,7.0526e-01,8.2866e-02
5.9800e+03,2.1081e-01,1.7939e+00,1.7501e+01,7.0569e-01,8.2926e-02
5.9900e+03,2.1032e-01,1.7935e+00,1.7501e+01,7.0612e-01,8.2986e-02
6.0000e+03,2.0984e-01,1.7930e+00,1.7501e+01,7.0655e-01,8.3046e-02
6.0100e+03,2.0935e-01,1.7926e+00,1.7501e+01,7.0697e-01,8.3105e-02
6.0200e+03,2.0886e-01,1.7922e+00,1.7501e+01,7.0740e-01,8.3165e-02
6.0300e+03,2.0838e-01,1.7918e+00,1.7501e+01,7.0783e-01,8.3224e-02
6.0400e+03,2.0790e-01,1.7913e+00,1.7501e+01,7.0825e-01,8.3283e-02
6.0500e+03,2.0741e-01,1.7909e+00,1.7501e+01,7.0867e-01,8.3342e-02
6.0600e+03,2.0693e-01,1.7905e+00,1.7501e+01,7.0909e-01,8.3401e-02
6.0700e+03,2.0645e-01,1.7901e+00,1.7501e+01,7.0951e-01,8.3460e-02
6.0800e+03,2.0598e-01,1.7897e+00,1.7501e+01,7.0993e-01,8.3519e-02
6.0900e+03,2.0550e-01,1.7892e+00,1.7501e+01,7.1035e-01,8.3577e-02
6.1000e+03,2.0502e-01,1.7888e+00,1.7501e+01,7.1077e-01,8.3635e-02
6.1100e+03,2.0455e-01,1.7884e+00,1.7501e+01,7.1119e-01,8.3694e-02
6.1200e+03,2.0407e-01,1.7880e+00,1.7501e+01,7.1160e-01,8.3752e-02
6.1300e+03,2.0360e-01,1.7876e+00,1.7501e+01,7.1202e-01,8.3810e-02
6.1400e+03,2.0313e-01,1.7872e+00,1.7501e+01,7.1243e-01,8.3867e-02
6.1500e+03,2.0266e-01,1.7868e+00,1.7501e+01,7.1284e-01,8.3925e-02
6.1600e+03,2.0219e-01,1.7863e+00,1.7501e+01,7.1325e-01,8.3983e-02
6.1700e+03,2.0173e-01,1.7859e+00,1.7501e+01,7.1366e-01,8.4040e-02
6.1800e+03,2.0126e-01,1.7855e+00,1.7501e+01,7.1407e-01,8.4097e-02
6.1900e+03,2.0079e-01,1.7851e+00,1.7501e+01,7.1448e-01,8.4154e-02
6.2000e+03,2.0033e-01,1.7847e+00,1.7501e+01,7.1489e-01,8.4211e-02
6.2100e+03,1.9987e-01,1.7843e+00,1.7501e+01,7.1529e-01,8.4268e-02
6.2200e+03,1.9941e-01,1.7839e+00,1.7501e+01,7.1570e-01,8.4325e-02
6.2300e+03,1.9895e-01,1.7835e+00,1.7501e+01,7.1610e-01,8.4382e-02
6.2400e+03,1.9849e-01,1.7831e+00,1.7501e+01,7.1651e-01,8.4438e-02
6.2500e+03,1.9803e-01,1.7827e+00,1.7501e+01,7.1691e-01,8.4494e-02
6.2600e+03,1.9757e-01,1.7823e+00,1.7501e+01,7.1731e-01,8.4551e-02
6.2700e+03,1.9711e-01,1.7819e+00,1.7501e+01,7.1771e-01,8.4607e-02
6.2800e+03,1.9666e-01,1.7815e+00,1.7501e+01,7.1811e-01,8.4663e-02
6.2900e+03,1.9621e-01,1.7811e+00,1.7501e+01,7.1850e-01,8.4719e-02
6.3000e+03,1.9575e-01,1.7807e+00,1.7501e+01,7.1890e-01,8.4774e-02
6.3100e+03,1.9530e-01,1.7803e+00,1.7501e+01,7.1930e-01,8.4830e-02
6.3200e+03,1.9485e-01,1.7799e+00,1.7501e+01,7.1969e-01,8.4885e-02
6.3300e+03,1.9440e-01,1.7795e+00,1.7501e+01,7.2009e-01,8.4941e-02
6.3400e+03,1.9395e-01,1.7791e+00,1.7501e+01,7.2048e-01,8.4996e-02
6.3500e+03,1.9351e-01,1.7787e+00,1.7501e+01,7.2087e-01,8.5051e-02
6.3600e+03,1.9306e-01,1.7783e+00,1.7501e+01,7.2126e-01,8.5106e-02
6.3700e+03,1.9262e-01,1.7779e+00,1.7501e+01,7.2165e-01,8.5161e-02
6.3800e+03,1.9217e-01,1.7775e+00,1.7501e+01,7.2204e-01,8.5215e-02
6.3900e+03,1.9173e-01,1.7772e+00,1.7501e+01,7.2243e-01,8.5270e-02
6.4000e+03,1.9129e-01,1.7768e+00,1.7501e+01,7.2281e-01,8.5324e-02
6.4100e+03,1.9085e-01,1.7764e+00,1.7501e+01,7.2320e-01,8.5379e-02
6.4200e+03,1.9041e-01,1.7760e+00,1.7501e+01,7.2359e-01,8.5433e-02
6.4300e+03,1.8997e-01,1.7756e+00,1.7501e+01,7.2397e-01,8.5487e-02
6.4400e+03,1.8954e-01,1.7752e+00,1.7501e+01,7.2435e-01,8.5541e-02
6.4500e+03,1.8910e-01,1.7749e+00,1.7501e+01,7.2473e-01,8.5595e-02
6.4600e+03,1.8867e-01,1.7745e+00,1.7501e+01,7.2512e-01,8.5648e-02
6.4700e+03,1.8823e-01,1.7741e+00,1.7501e+01,7.2550e-01,8.5702e-02
6.4800e+03,1.8780e-01,1.7737e+00,1.7501e+01,7.2587e-01,8.5755e-02
6.4900e+03,1.8737e-01,1.7733e+00,1.7501e+01,7.2625e-01,8.5809e-02
6.5000e+03,1.8694e-01,1.7730e+00,1.7501e+01,7.2663e-01,8.5862e-02
6.5100e+03,1.8651e-01,1.7726e+00,1.7501e+01,7.2701e-01,8.5915e-02
6.5200e+03,1.8608e-01,1.7722e+00,1.7501e+01,7.2738e-01,8.5968e-02
6.5300e+03,1.8565e-01,1.7718e+00,1.7501e+01,7.2776e-01,8.6021e-02
6.5400e+03,1.8523e-01,1.7715e+00,1.7501e+01,7.2813e-01,8.6073e-02
6.5500e+03,1.8480e-01,1.7711e+00,1.7501e+01,7.2850e-01,8.6126e-02
6.5600e+03,1.8438e-01,1.7707e+00,1.7501e+01,7.2887e-01,8.6178e-02
6.5700e+03,1.8395e-01,1.7703e+00,1.7501e+01,7.2924e-01,8.6231e-02
6.5800e+03,1.8353e-01,1.7700e+00,1.7501e+01,7.2961e-01,8.6283e-02
6.5900e+03,1.8311e-01,1.7696e+00,1.7501e+01,7.2998e-01,8.6335e-02
6.6000e+03,1.8269e-01,1.7692e+00,1.7501e+01,7.3035e-01,8.6387e-02
6.6100e+03,1.8227e-01,1.7689e+00,1.7501e+01,7.3072e-01,8.6439e-02
6.6200e+03,1.8185e-01,1.7685e+00,1.7501e+01,7.3108e-01,8.6491e-02
6.6300e+03,1.8144e-01,1.7681e+00,1.7501e+01,7.3145e-01,8.6542e-02
6.6400e+03,1.8102e-01,1.7678e+00,1.7501e+01,7.3181e-01,8.6594e-02
6.6500e+03,1.8061e-01,1.7674e+00,1.7501e+01,7.3218e-01,8.6645e-02
6.6600e+03,1.8019e-01,1.7670e+00,1.7501e+01,7.3254e-01,8.6696e-02
6.6700e+03,1.7978e-01,1.7667e+00,1.7501e+01,7.3290e-01,8.6748e-02
6.6800e+03,1.7937e-01,1.7663e+00,1.7501e+01,7.3326e-01,8.6799e-02
6.6900e+03,1.7896e-01,1.7660e+00,1.7501e+01,7.3362e-01,8.6850e-02
6.7000e+03,1.7855e-01,1.7656e+00,1.7501e+01,7.3398e-01,8.6900e-02
6.7100e+03,1.7814e-01,1.7652e+00,1.7501e+01,7.3434e-01,8.6951e-02
6.7200e+03,1.7773e-01,1.7649e+00,1.7501e+01,7.3470e-01,8.7002e-02
6.7300e+03,1.7732e-01,1.7645e+00,1.7501e+01,7.3505e-01,8.7052e-02
6.7400e+03,1.7692e-01,1.7642e+00,1.7501e+01,7.3541e-01,8.7102e-02
6.7500e+03,1.7651e-01,1.7638e+00,1.7501e+01,7.3576e-01,8.7153e-02
6.7600e+03,1.7611e-01,1.7635e+00,1.7501e+01,7.3612e-01,8.7203e-02
6.7700e+03,1.7571e-01,1.7631e+00,1.7501e+01,7.3647e-01,8.7253e-02
6.7800e+03,1.7531e-01,1.7628e+00,1.7501e+01,7.3682e-01,8.7303e-02
6.7900e+03,1.7491e-01,1.7624e+00,1.7501e+01,7.3717e-01,8.7352e-02
6.8000e+03,1.7451e-01,1.7621e+00,1.7501e+01,7.3752e-01,8.7402e-02
6.8100e+03,1.7411e-01,1.7617e+00,1.7501e+01,7.3787e-01,8.7452e-02
6.8200e+03,1.7371e-01,1.7614e+00,1.7501e+01,7.3822e-01,8.7501e-02
6.8300e+03,1.7331e-01,1.7610e+00,1.7501e+01,7.3857e-01,8.7550e-02
6.8400e+03,1.7292e-01,1.7607e+00,1.7501e+01,7.3891e-01,8.7600e-02
6.8500e+03,1.7252e-01,1.7603e+00,1.7501e+01,7.3926e-01,8.7649e-02
6.8600e+03,1.7213e-01,1.7600e+00,1.7501e+01,7.3960e-01,8.7698e-02
6.8700e+03,1.7174e-01,1.7596e+00,1.7501e+01,7.3995e-01,8.7747e-02
6.8800e+03,1.7134e-01,1.7593e+00,1.7501e+01,7.4029e-01,8.7795e-02
6.8900e+03,1.7095e-01,1.7589e+00,1.7501e+01,7.4063e-01,8.7844e-02
6.9000e+03,1.7056e-01,1.7586e+00,1.7501e+01,7.4097e-01,8.7892e-02
6.9100e+03,1.7017e-01,1.7583e+00,1.7501e+01,7.4131e-01,8.7941e-02
6.9200e+03,1.6979e-01,1.7579e+00,1.7501e+01,7.4165e-01,8.7989e-02
6.9300e+03,1.6940e-01,1.7576e+00,1.7501e+01,7.4199e-01,8.8037e-02
6.9400e+03,1.6901e-01,1.7572e+00,1.7501e+01,7.4233e-01,8.8086e-02
6.9500e+03,1.6863e-01,1.7569e+00,1.7501e+01,7.4267e-01,8.8134e-02
6.9600e+03,1.6824e-01,1.7566e+00,1.7501e+01,7.4300e-01,8.8181e-02
6.9700e+03,1.6786e-01,1.7562e+00,1.7501e+01,7.4334e-01,8.8229e-02
6.9800e+03,1.6748e-01,1.7559e+00,1.7501e+01,7.4367e-01,8.8277e-02
6.9900e+03,1.6710e-01,1.7556e+00,1.7501e+01,7.4401e-01,8.8324e-02
7.0000e+03,1.6672e-01,1.7552e+00,1.7501e+01,7.4434e-01,8.8372e-02
7.0100e+03,1.6634e-01,1.7549e+00,1.7501e+01,7.4467e-01,8.8419e-02
7.0200e+03,1.6596e-01,1.7546e+00,1.7501e+01,7.4501e-01,8.8466e-02
7.0300e+03,1.6558e-01,1.7542e+00,1.7501e+01,7.4534e-01,8.8513e-02
7.0400e+03,1.6520e-01,1.7539e+00,1.7501e+01,7.4567e-01,8.8560e-02
7.0500e+03,1.6483e-01,1.7536e+00,1.7501e+01,7.4600e-01,8.8607e-02
7.0600e+03,1.6445e-01,1.7532e+00,1.7501e+01,7.4632e-01,8.8654e-02
7.0700e+03,1.6408e-01,1.7529e+00,1.7501e+01,7.4665e-01,8.8701e-02
7.0800e+03,1.6370e-01,1.7526e+00,1.7501e+01,7.4698e-01,8.8747e-02
7.0900e+03,1.6333e-01,1.7523e+00,1.7501e+01,7.4730e-01,8.8794e-02
7.1000e+03,1.6296e-01,1.7519e+00,1.7501e+01,7.4763e-01,8.8840e-02
7.1100e+03,1.6259e-01,1.7516e+00,1.7501e+01,7.4795e-01,8.8887e-02
7.1200e+03,1.6222e-01,1.7513e+00,1.7501e+01,7.4828e-01,8.8933e-02
7.1300e+03,1.6185e-01,1.7510e+00,1.7501e+01,7.4860e-01,8.8979e-02
7.1400e+03,1.6148e-01,1.7507e+00,1.7501e+01,7.4892e-01,8.9025e-02
7.1500e+03,1.6112e-01,1.7503e+00,1.7501e+01,7.4924e-01,8.9071e-02
7.1600e+03,1.6075e-01,1.7500e+00,1.7501e+01,7.4956e-01,8.9116e-02
7.1700e+03,1.6039e-01,1.7497e+00,1.7501e+01,7.4988e-01,8.9162e-02
7.1800e+03,1.6002e-01,1.7494e+00,1.7501e+01,7.5020e-01,8.9208e-02
7.1900e+03,1.5966e-01,1.7491e+00,1.7501e+01,7.5052e-01,8.9253e-02
7.2000e+03,1.5930e-01,1.7487e+00,1.7501e+01,7.5083e-01,8.9298e-02
7.2100e+03,1.5893e-01,1.7484e+00,1.7501e+01,7.5115e-01,8.9344e-02
7.2200e+03,1.5857e-01,1.7481e+00,1.7501e+01,7.5147e-01,8.9389e-02
7.2300e+03,1.5821e-01,1.7478e+00,1.7501e+01,7.5178e-01,8.9434e-02
7.2400e+03,1.5785e-01,1.7475e+00,1.7501e+01,7.5210e-01,8.9479e-02
7.2500e+03,1.5750e-01,1.7472e+00,1.7501e+01,7.5241e-01,8.9523e-02
7.2600e+03,1.5714e-01,1.7468e+00,1.7501e+01,7.5272e-01,8.9568e-02
7.2700e+03,1.5678e-01,1.7465e+00,1.7501e+01,7.5303e-01,8.9613e-02
7.2800e+03,1.5643e-01,1.7462e+00,1.7501e+01,7.5334e-01,8.9657e-02
7.2900e+03,1.5607e-01,1.7459e+00,1.7501e+01,7.5365e-01,8.9702e-02
7.3000e+03,1.5572e-01,1.7456e+00,1.7501e+01,7.5396e-01,8.9746e-02
7.3100e+03,1.5537e-01,1.7453e+00,1.7501e+01,7.5427e-01,8.9790e-02
7.3200e+03,1.5501e-01,1.7450e+00,1.7501e+01,7.5458e-01,8.9834e-02
7.3300e+03,1.5466e-01,1.7447e+00,1.7501e+01,7.5489e-01,8.9878e-02
7.3400e+03,1.5431e-01,1.7444e+00,1.7501e+01,7.5519e-01,8.9922e-02
7.3500e+03,1.5396e-01,1.7441e+00,1.7501e+01,7.5550e-01,8.9966e-02
7.3600e+03,1.5361e-01,1.7438e+00,1.7501e+01,7.5580e-01,9.0010e-02
7.3700e+03,1.5327e-01,1.7435e+00,1.7501e+01,7.5611e-01,9.0053e-02
7.3800e+03,1.5292e-01,1.7432e+00,1.7501e+01,7.5641e-01,9.0097e-02
7.3900e+03,1.5257e-01,1.7429e+00,1.7501e+01,7.5671e-01,9.0140e-02
7.4000e+03,1.5223e-01,1.7426e+00,1.7501e+01,7.5702e-01,9.0184e-02
7.4100e+03,1.5188e-01,1.7422e+00,1.7501e+01,7.5732e-01,9.0227e-02
7.4200e+03,1.5154e-01,1.7419e+00,1.7501e+01,7.5762e-01,9.0270e-02
7.4300e+03,1.5120e-01,1.7416e+00,1.7501e+01,7.5792e-01,9.0313e-02
7.4400e+03,1.5086e-01,1.7413e+00,1.7501e+01,7.5822e-01,9.0356e-02
7.4500e+03,1.5051e-01,1.7411e+00,1.7501e+01,7.5852e-01,9.0399e-02
7.4600e+03,1.5017e-01,1.7408e+00,1.7501e+01,7.5881e-01,9.0441e-02
7.4700e+03,1.4983e-01,1.7405e+00,1.7501e+01,7.5911e-01,9.0484e-02
7.4800e+03,1.4950e-01,1.7402e+00,1.7501e+01,7.5941e-01,9.0527e-02
7.4900e+03,1.4916e-01,1.7399e+00,1.7501e+01,7.5970e-01,9.0569e-02
7.5000e+03,1.4882e-01,1.7396e+00,1.7501e+01,7.6000e-01,9.0611e-02
7.5100e+03,1.4848e-01,1.7393e+00,1.7501e+01,7.6029e-01,9.0654e-02
7.5200e+03,1.4815e-01,1.7390e+00,1.7501e+01,7.6058e-01,9.0696e-02
7.5300e+03,1.4781e-01,1.7387e+00,1.7501e+01,7.6088e-01,9.0738e-02
7.5400e+03,1.4748e-01,1.7384e+00,1.7501e+01,7.6117e-01,9.0780e-02
7.5500e+03,1.4715e-01,1.7381e+00,1.7501e+01,7.6146e-01,9.0822e-02
7.5600e+03,1.4682e-01,1.7378e+00,1.7501e+01,7.6175e-01,9.0864e-02
7.5700e+03,1.4648e-01,1.7375e+00,1.7501e+01,7.6204e-01,9.0905e-02
7.5800e+03,1.4615e-01,1.7372e+00,1.7501e+01,7.6233e-01,9.0947e-02
7.5900e+03,1.4582e-01,1.7369e+00,1.7501e+01,7.6262e-01,9.0988e-02
7.6000e+03,1.4549e-01,1.7367e+00,1.7501e+01,7.6290e-01,9.1030e-02
7.6100e+03,1.4517e-01,1.7364e+00,1.7501e+01,7.6319e-01,9.1071e-02
7.6200e+03,1.4484e-01,1.7361e+00,1.7501e+01,7.6348e-01,9.1112e-02
7.6300e+03,1.4451e-01,1.7358e+00,1.7501e+01,7.6376e-01,9.1153e-02
7.6400e+03,1.4419e-01,1.7355e+00,1.7501e+01,7.6405e-01,9.1194e-02
7.6500e+03,1.4386e-01,1.7352e+00,1.7501e+01,7.6433e-01,9.1235e-02
7.6600e+03,1.4354e-01,1.7349e+00,1.7501e+01,7.6462e-01,9.1276e-02
7.6700e+03,1.4321e-01,1.7347e+00,1.7501e+01,7.6490e-01,9.1317e-02
7.6800e+03,1.4289e-01,1.7344e+00,1.7501e+01,7.6518e-01,9.1358e-02
7.6900e+03,1.4257e-01,1.7341e+00,1.7501e+01,7.6546e-01,9.1398e-02
7.7000e+03,1.4225e-01,1.7338e+00,1.7501e+01,7.6574e-01,9.1439e-02
7.7100e+03,1.4193e-01,1.7335e+00,1.7501e+01,7.6602e-01,9.1479e-02
7.7200e+03,1.4161e-01,1.7333e+00,1.7501e+01,7.6630e-01,9.1519e-02
7.7300e+03,1.4129e-01,1.7330e+00,1.7501e+01,7.6658e-01,9.1560e-02
7.7400e+03,1.4097e-01,1.7327e+00,1.7501e+01,7.6686e-01,9.1600e-02
7.7500e+03,1.4065e-01,1.7324e+00,1.7501e+01,7.6714e-01,9.1640e-02
7.7600e+03,1.4034e-01,1.7321e+00,1.7501e+01,7.6741e-01,9.1680e-02
7.7700e+03,1.4002e-01,1.7319e+00,1.7501e+01,7.6769e-01,9.1720e-02
7.7800e+03,1.3970e-01,1.7316e+00,1.7501e+01,7.6796e-01,9.1759e-02
7.7900e+03,1.3939e-01,1.7313e+00,1.7501e+01,7.6824e-01,9.1799e-02
7.8000e+03,1.3908e-01,1.7310e+00,1.7501e+01,7.6851e-01,9.1839e-02
7.8100e+03,1.3876e-01,1.7308e+00,1.7501e+01,7.6879e-01,9.1878e-02
7.8200e+03,1.3845e-01,1.7305e+00,1.7501e+01,7.6906e-01,9.1917e-02
7.8300e+03,1.3814e-01,1.7302e+00,1.7501e+01,7.6933e-01,9.1957e-02
7.8400e+03,1.3783e-01,1.7300e+00,1.7501e+01,7.6960e-01,9.1996e-02
7.8500e+03,1.3752e-01,1.7297e+00,1.7501e+01,7.6987e-01,9.2035e-02
7.8600e+03,1.3721e-01,1.7294e+00,1.7501e+01,7.7014e-01,9.2074e-02
7.8700e+03,1.3690e-01,1.7291e+00,1.7501e+01,7.7041e-01,9.2113e-02
7.8800e+03,1.3659e-01,1.7289e+00,1.7501e+01,7.7068e-01,9.2152e-02
7.8900e+03,1.3629e-01,1.7286e+00,1.7501e+01,7.7095e-01,9.2191e-02
7.9000e+03,1.3598e-01,1.7283e+00,1.7501e+01,7.7122e-01,9.2229e-02
7.9100e+03,1.3568e-01,1.7281e+00,1.7501e+01,7.7149e-01,9.2268e-02
7.9200e+03,1.3537e-01,1.7278e+00,1.7501e+01,7.7175e-01,9.2307e-02
7.9300e+03,1.3507e-01,1.7275e+00,1.7501e+01,7.7202e-01,9.2345e-02
7.9400e+03,1.3476e-01,1.7273e+00,1.7501e+01,7.7228e-01,9.2383e-02
7.9500e+03,1.3446e-01,1.7270e+00,1.7501e+01,7.7255e-01,9.2422e-02
7.9600e+03,1.3416e-01,1.7267e+00,1.7501e+01,7.7281e-01,9.2460e-02
7.9700e+03,1.3386e-01,1.7265e+00,1.7501e+01,7.7307e-01,9.2498e-02
7.9800e+03,1.3356e-01,1.7262e+00,1.7501e+01,7.7334e-01,9.2536e-02
7.9900e+03,1.3326e-01,1.7260e+00,1.7501e+01,7.7360e-01,9.2574e-02
8.0000e+03,1.3296e-01,1.7257e+00,1.7501e+01,7.7386e-01,9.2612e-02
8.0100e+03,1.3266e-01,1.7254e+00,1.7501e+01,7.7412e-01,9.2649e-02
8.0200e+03,1.3236e-01,1.7252e+00,1.7501e+01,7.7438e-01,9.2687e-02
8.0300e+03,1.3207e-01,1.7249e+00,1.7501e+01,7.7464e-01,9.2725e-02
8.0400e+03,1.3177e-01,1.7247e+00,1.7501e+01,7.7490e-01,9.2762e-02
8.0500e+03,1.3147e-01,1.7244e+00,1.7501e+01,7.7516e-01,9.2800e-02
8.0600e+03,1.3118e-01,1.7241e+00,1.7501e+01,7.7541e-01,9.2837e-02
8.0700e+03,1.3089e-01,1.7239e+00,1.7501e+01,7.7567e-01,9.2874e-02
8.0800e+03,1.3059e-01,1.7236e+00,1.7501e+01,7.7593e-01,9.2911e-02
8.0900e+03,1.3030e-01,1.7234e+00,1.7501e+01,7.7618e-01,9.2948e-02
8.1000e+03,1.3001e-01,1.7231e+00,1.7501e+01,7.7644e-01,9.2985e-02
8.1100e+03,1.2972e-01,1.7229e+00,1.7501e+01,7.7669e-01,9.3022e-02
8.1200e+03,1.2942e-01,1.7226e+00,1.7501e+01,7.7694e-01,9.3059e-02
8.1300e+03,1.2914e-01,1.7224e+00,1.7501e+01,7.7720e-01,9.3096e-02
8.1400e+03,1.2885e-01,1.7221e+00,1.7501e+01,7.7745e-01,9.3133e-02
8.1500e+03,1.2856e-01,1.7219e+00,1.7501e+01,7.7770e-01,9.3169e-02
8.1600e+03,1.2827e-01,1.7216e+00,1.7501e+01,7.7795e-01,9.3206e-02
8.1700e+03,1.2798e-01,1.7214e+00,1.7501e+01,7.7820e-01,9.3242e-02
8.1800e+03,1.2770e-01,1.7211e+00,1.7501e+01,7.7845e-01,9.3278e-02
8.1900e+03,1.2741e-01,1.7209e+00,1.7501e+01,7.7870e-01,9.3315e-02
8.2000e+03,1.2712e-01,1.7206e+00,1.7501e+01,7.7895e-01,9.3351e-02
8.2100e+03,1.2684e-01,1.7204e+00,1.7501e+01,7.7920e-01,9.3387e-02
8.2200e+03,1.2656e-01,1.7201e+00,1.7501e+01,7.7945e-01,9.3423e-02
8.2300e+03,1.2627e-01,1.7199e+00,1.7501e+01,7.7970e-01,9.3459e-02
8.2400e+03,1.2599e-01,1.7196e+00,1.7501e+01,7.7994e-01,9.3495e-02
8.2500e+03,1.2571e-01,1.7194e+00,1.7501e+01,7.8019e-01,9.3531e-02
8.2600e+03,1.2543e-01,1.7191e+00,1.7501e+01,7.8044e-01,9.3566e-02
8.2700e+03,1.2515e-01,1.7189e+00,1.7501e+01,7.8068e-01,9.3602e-02
8.2800e+03,1.2487e-01,1.7186e+00,1.7501e+01,7.8092e-01,9.3637e-02
8.2900e+03,1.2459e-01,1.7184e+00,1.7501e+01,7.8117e-01,9.3673e-02
8.3000e+03,1.2431e-01,1.7181e+00,1.7501e+01,7.8141e-01,9.3708e-02
8.3100e+03,1.2403e-01,1.7179e+00,1.7501e+01,7.8165e-01,9.3744e-02
8.3200e+03,1.2375e-01,1.7177e+00,1.7501e+01,7.8190e-01,9.3779e-02
8.3300e+03,1.2348e-01,1.7174e+00,1.7501e+01,7.8214e-01,9.3814e-02
8.3400e+03,1.2320e-01,1.7172e+00,1.7501e+01,7.8238e-01,9.3849e-02
8.3500e+03,1.2293e-01,1.7169e+00,1.7501e+01,7.8262e-01,9.3884e-02
8.3600e+03,1.2265e-01,1.7167e+00,1.7501e+01,7.8286e-01,9.3919e-02
8.3700e+03,1.2238e-01,1.7165e+00,1.7501e+01,7.8310e-01,9.3954e-02
8.3800e+03,1.2210e-01,1.7162e+00,1.7501e+01,7.8334e-01,9.3988e-02
8.3900e+03,1.2183e-01,1.7160e+00,1.7501e+01,7.8357e-01,9.4023e-02
8.4000e+03,1.2156e-01,1.7157e+00,1.7501e+01,7.8381e-01,9.4058e-02
8.4100e+03,1.2129e-01,1.7155e+00,1.7501e+01,7.8405e-01,9.4092e-02
8.4200e+03,1.2102e-01,1.7153e+00,1.7501e+01,7.8428e-01,9.4127e-02
8.4300e+03,1.2075e-01,1.7150e+00,1.7501e+01,7.8452e-01,9.4161e-02
8.4400e+03,1.2048e-01,1.7148e+00,1.7501e+01,7.8476e-01,9.4195e-02
8.4500e+03,1.2021e-01,1.7146e+00,1.7501e+01,7.8499e-01,9.4229e-02
8.4600e+03,1.1994e-01,1.7143e+00,1.7501e+01,7.8522e-01,9.4264e-02
8.4700e+03,1.1967e-01,1.7141e+00,1.7501e+01,7.8546e-01,9.4298e-02
8.4800e+03,1.1941e-01,1.7139e+00,1.7501e+01,7.8569e-01,9.4332e-02
8.4900e+03,1.1914e-01,1.7136e+00,1.7501e+01,7.8592e-01,9.4366e-02
8.5000e+03,1.1887e-01,1.7134e+00,1.7501e+01,7.8615e-01,9.4399e-02
8.5100e+03,1.1861e-01,1.7132e+00,1.7501e+01,7.8639e-01,9.4433e-02
8.5200e+03,1.1835e-01,1.7129e+00,1.7501e+01,7.8662e-01,9.4467e-02
8.5300e+03,1.1808e-01,1.7127e+00,1.7501e+01,7.8685e-01,9.4500e-02
8.5400e+03,1.1782e-01,1.7125e+00,1.7501e+01,7.8708e-01,9.4534e-02
8.5500e+03,1.1756e-01,1.7122e+00,1.7501e+01,7.8731e-01,9.4567e-02
8.5600e+03,1.1729e-01,1.7120e+00,1.7501e+01,7.8753e-01,9.4601e-02
8.5700e+03,1.1703e-01,1.7118e+00,1.7501e+01,7.8776e-01,9.4634e-02
8.5800e+03,1.1677e-01,1.7116e+00,1.7501e+01,7.8799e-01,9.4667e-02
8.5900e+03,1.1651e-01,1.7113e+00,1.7501e+01,7.8822e-01,9.4700e-02
8.6000e+03,1.1625e-01,1.7111e+00,1.7501e+01,7.8844e-01,9.4734e-02
8.6100e+03,1.1599e-01,1.7109e+00,1.7501e+01,7.8867e-01,9.4767e-02
8.6200e+03,1.1573e-01,1.7107e+00,1.7501e+01,7.8889e-01,9.4800e-02
8.6300e+03,1.1548e-01,1.7104e+00,1.7501e+01,7.8912e-01,9.4832e-02
8.6400e+03,1.1522e-01,1.7102e+00,1.7501e+01,7.8934e-01,9.4865e-02
8.6500e+03,1.1496e-01,1.7100e+00,1.7501e+01,7.8957e-01,9.4898e-02
8.6600e+03,1.1471e-01,1.7098e+00,1.7501e+01,7.8979e-01,9.4931e-02
8.6700e+03,1.1445e-01,1.7095e+00,1.7501e+01,7.9001e-01,9.4963e-02
8.6800e+03,1.1420e-01,1.7093e+00,1.7501e+01,7.9024e-01,9.4996e-02
8.6900e+03,1.1394e-01,1.7091e+00,1.7501e+01,7.9046e-01,9.5028e-02
8.7000e+03,1.1369e-01,1.7089e+00,1.7501e+01,7.9068e-01,9.5060e-02
8.7100e+03,1.1344e-01,1.7086e+00,1.7501e+01,7.9090e-01,9.5093e-02
8.7200e+03,1.1318e-01,1.7084e+00,1.7501e+01,7.9112e-01,9.5125e-02
8.7300e+03,1.1293e-01,1.7082e+00,1.7501e+01,7.9134e-01,9.5157e-02
8.7400e+03,1.1268e-01,1.7080e+00,1.7501e+01,7.9156e-01,9.5189e-02
8.7500e+03,1.1243e-01,1.7078e+00,1.7501e+01,7.9178e-01,9.5221e-02
8.7600e+03,1.1218e-01,1.7076e+00,1.7501e+01,7.9200e-01,9.5253e-02
8.7700e+03,1.1193e-01,1.7073e+00,1.7501e+01,7.9221e-01,9.5285e-02
8.7800e+03,1.1168e-01,1.7071e+00,1.7501e+01,7.9243e-01,9.5317e-02
8.7900e+03,1.1143e-01,1.7069e+00,1.7501e+01,7.9265e-01,9.5348e-02
8.8000e+03,1.1119e-01,1.7067e+00,1.7501e+01,7.9286e-01,9.5380e-02
8.8100e+03,1.1094e-01,1.7065e+00,1.7501e+01,7.9308e-01,9.5412e-02
8.8200e+03,1.1069e-01,1.7063e+00,1.7501e+01,7.9329e-01,9.5443e-02
8.8300e+03,1.1045e-01,1.7060e+00,1.7501e+01,7.9351e-01,9.5474e-02
8.8400e+03,1.1020e-01,1.7058e+00,1.7501e+01,7.9372e-01,9.5506e-02
8.8500e+03,1.0996e-01,1.7056e+00,1.7501e+01,7.9393e-01,9.5537e-02
8.8600e+03,1.0971e-01,1.7054e+00,1.7501e+01,7.9415e-01,9.5568e-02
8.8700e+03,1.0947e-01,1.7052e+00,1.7501e+01,7.9436e-01,9.5600e-02
8.8800e+03,1.0923e-01,1.7050e+00,1.7501e+01,7.9457e-01,9.5631e-02
8.8900e+03,1.0898e-01,1.7048e+00,1.7501e+01,7.9478e-01,9.5662e-02
8.9000e+03,1.0874e-01,1.7046e+00,1.7501e+01,7.9499e-01,9.5693e-02
8.9100e+03,1.0850e-01,1.7043e+00,1.7501e+01,7.9521e-01,9.5723e-02
8.9200e+03,1.0826e-01,1.7041e+00,1.7501e+01,7.9542e-01,9.5754e-02
8.9300e+03,1.0802e-01,1.7039e+00,1.7501e+01,7.9562e-01,9.5785e-02
8.9400e+03,1.0778e-01,1.7037e+00,1.7501e+01,7.9583e-01,9.5816e-02
8.9500e+03,1.0754e-01,1.7035e+00,1.7501e+01,7.9604e-01,9.5846e-02
8.9600e+03,1.0730e-01,1.7033e+00,1.7501e+01,7.9625e-01,9.5877e-02
8.9700e+03,1.0706e-01,1.7031e+00,1.7501e+01,7.9646e-01,9.5907e-02
8.9800e+03,1.0683e-01,1.7029e+00,1.7501e+01,7.9667e-01,9.5938e-02
8.9900e+03,1.0659e-01,1.7027e+00,1.7501e+01,7.9687e-01,9.5968e-02
9.0000e+03,1.0635e-01,1.7025e+00,1.7501e+01,7.9708e-01,9.5998e-02
9.0100e+03,1.0612e-01,1.7023e+00,1.7501e+01,7.9728e-01,9.6028e-02
9.0200e+03,1.0588e-01,1.7021e+00,1.7501e+01,7.9749e-01,9.6059e-02
9.0300e+03,1.0565e-01,1.7019e+00,1.7501e+01,7.9769e-01,9.6089e-02
9.0400e+03,1.0541e-01,1.7016e+00,1.7501e+01,7.9790e-01,9.6119e-02
9.0500e+03,1.0518e-01,1.7014e+00,1.7501e+01,7.9810e-01,9.6149e-02
9.0600e+03,1.0495e-01,1.7012e+00,1.7501e+01,7.9830e-01,9.6178e-02
9.0700e+03,1.0471e-01,1.7010e+00,1.7501e+01,7.9851e-01,9.6208e-02
9.0800e+03,1.0448e-01,1.7008e+00,1.7501e+01,7.9871e-01,9.6238e-02
9.0900e+03,1.0425e-01,1.7006e+00,1.7501e+01,7.9891e-01,9.6268e-02
9.1000e+03,1.0402e-01,1.7004e+00,1.7501e+01,7.9911e-01,9.6297e-02
9.1100e+03,1.0379e-01,1.7002e+00,1.7501e+01,7.9931e-01,9.6327e-02
9.1200e+03,1.0356e-01,1.7000e+00,1.7501e+01,7.9951e-01,9.6356e-02
9.1300e+03,1.0333e-01,1.6998e+00,1.7501e+01,7.9971e-01,9.6386e-02
9.1400e+03,1.0310e-01,1.6996e+00,1.7501e+01,7.9991e-01,9.6415e-02
9.1500e+03,1.0287e-01,1.6994e+00,1.7501e+01,8.0011e-01,9.6444e-02
9.1600e+03,1.0264e-01,1.6992e+00,1.7501e+01,8.0031e-01,9.6474e-02
9.1700e+03,1.0242e-01,1.6990e+00,1.7501e+01,8.0051e-01,9.6503e-02
9.1800e+03,1.0219e-01,1.6988e+00,1.7501e+01,8.0071e-01,9.6532e-02
9.1900e+03,1.0196e-01,1.6986e+00,1.7501e+01,8.0090e-01,9.6561e-02
9.2000e+03,1.0174e-01,1.6984e+00,1.7501e+01,8.0110e-01,9.6590e-02
9.2100e+03,1.0151e-01,1.6982e+00,1.7501e+01,8.0130e-01,9.6619e-02
9.2200e+03,1.0129e-01,1.6980e+00,1.7501e+01,8.0149e-01,9.6647e-02
9.2300e+03,1.0106e-01,1.6979e+00,1.7501e+01,8.0169e-01,9.6676e-02
9.2400e+03,1.0084e-01,1.6977e+00,1.7501e+01,8.0188e-01,9.6705e-02
9.2500e+03,1.0062e-01,1.6975e+00,1.7501e+01,8.0208e-01,9.6734e-02
9.2600e+03,1.0040e-01,1.6973e+00,1.7501e+01,8.0227e-01,9.6762e-02
9.2700e+03,1.0017e-01,1.6971e+00,1.7501e+01,8.0247e-01,9.6791e-02
9.2800e+03,9.9951e-02,1.6969e+00,1.7501e+01,8.0266e-01,9.6819e-02
9.2900e+03,9.9730e-02,1.6967e+00,1.7501e+01,8.0285e-01,9.6847e-02
9.3000e+03,9.9510e-02,1.6965e+00,1.7501e+01,8.0304e-01,9.6876e-02
9.3100e+03,9.9290e-02,1.6963e+00,1.7501e+01,8.0323e-01,9.6904e-02
9.3200e+03,9.9070e-02,1.6961e+00,1.7501e+01,8.0343e-01,9.6932e-02
9.3300e+03,9.8851e-02,1.6959e+00,1.7501e+01,8.0362e-01,9.6960e-02
9.3400e+03,9.8633e-02,1.6957e+00,1.7501e+01,8.0381e-01,9.6988e-02
9.3500e+03,9.8415e-02,1.6955e+00,1.7501e+01,8.0400e-01,9.7016e-02
9.3600e+03,9.8198e-02,1.6954e+00,1.7501e+01,8.0419e-01,9.7044e-02
9.3700e+03,9.7981e-02,1.6952e+00,1.7501e+01,8.0438e-01,9.7072e-02
9.3800e+03,9.7764e-02,1.6950e+00,1.7501e+01,8.0456e-01,9.7100e-02
9.3900e+03,9.7548e-02,1.6948e+00,1.7501e+01,8.0475e-01,9.7128e-02
9.4000e+03,9.7333e-02,1.6946e+00,1.7501e+01,8.0494e-01,9.7156e-02
9.4100e+03,9.7118e-02,1.6944e+00,1.7501e+01,8.0513e-01,9.7183e-02
9.4200e+03,9.6903e-02,1.6942e+00,1.7501e+01,8.0531e-01,9.7211e-02
9.4300e+03,9.6689e-02,1.6940e+00,1.7501e+01,8.0550e-01,9.7238e-02
9.4400e+03,9.6476e-02,1.6939e+00,1.7501e+01,8.0569e-01,9.7266e-02
9.4500e+03,9.6263e-02,1.6937e+00,1.7501e+01,8.0587e-01,9.7293e-02
9.4600e+03,9.6050e-02,1.6935e+00,1.7501e+01,8.0606e-01,9.7320e-02
9.4700e+03,9.5838e-02,1.6933e+00,1.7501e+01,8.0624e-01,9.7348e-02
9.4800e+03,9.5627e-02,1.6931e+00,1.7501e+01,8.0643e-01,9.7375e-02
9.4900e+03,9.5416e-02,1.6929e+00,1.7501e+01,8.0661e-01,9.7402e-02
9.5000e+03,9.5205e-02,1.6927e+00,1.7501e+01,8.0679e-01,9.7429e-02
9.5100e+03,9.4995e-02,1.6926e+00,1.7501e+01,8.0698e-01,9.7456e-02
9.5200e+03,9.4785e-02,1.6924e+00,1.7501e+01,8.0716e-01,9.7483e-02
9.5300e+03,9.4576e-02,1.6922e+00,1.7501e+01,8.0734e-01,9.7510e-02
9.5400e+03,9.4368e-02,1.6920e+00,1.7501e+01,8.0752e-01,9.7537e-02
9.5500e+03,9.4159e-02,1.6918e+00,1.7501e+01,8.0771e-01,9.7564e-02
9.5600e+03,9.3952e-02,1.6917e+00,1.7501e+01,8.0789e-01,9.7591e-02
9.5700e+03,9.3745e-02,1.6915e+00,1.7501e+01,8.0807e-01,9.7617e-02
9.5800e+03,9.3538e-02,1.6913e+00,1.7501e+01,8.0825e-01,9.7644e-02
9.5900e+03,9.3332e-02,1.6911e+00,1.7501e+01,8.0843e-01,9.7670e-02
9.6000e+03,9.3126e-02,1.6909e+00,1.7501e+01,8.0861e-01,9.7697e-02
9.6100e+03,9.2921e-02,1.6908e+00,1.7501e+01,8.0879e-01,9.7723e-02
9.6200e+03,9.2716e-02,1.6906e+00,1.7501e+01,8.0896e-01,9.7750e-02
9.6300e+03,9.2511e-02,1.6904e+00,1.7501e+01,8.0914e-01,9.7776e-02
9.6400e+03,9.2307e-02,1.6902e+00,1.7501e+01,8.0932e-01,9.7802e-02
9.6500e+03,9.2104e-02,1.6900e+00,1.7501e+01,8.0950e-01,9.7829e-02
9.6600e+03,9.1901e-02,1.6899e+00,1.7501e+01,8.0967e-01,9.7855e-02
9.6700e+03,9.1699e-02,1.6897e+00,1.7501e+01,8.0985e-01,9.7881e-02
9.6800e+03,9.1497e-02,1.6895e+00,1.7501e+01,8.1003e-01,9.7907e-02
9.6900e+03,9.1295e-02,1.6893e+00,1.7501e+01,8.1020e-01,9.7933e-02
9.7000e+03,9.1094e-02,1.6892e+00,1.7501e+01,8.1038e-01,9.7959e-02
9.7100e+03,9.0893e-02,1.6890e+00,1.7501e+01,8.1055e-01,9.7985e-02
9.7200e+03,9.0693e-02,1.6888e+00,1.7501e+01,8.1073e-01,9.8010e-02
9.7300e+03,9.0493e-02,1.6886e+00,1.7501e+01,8.1090e-01,9.8036e-02
9.7400e+03,9.0294e-02,1.6885e+00,1.7501e+01,8.1107e-01,9.8062e-02
9.7500e+03,9.0095e-02,1.6883e+00,1.7501e+01,8.1125e-01,9.8088e-02
9.7600e+03,8.9897e-02,1.6881e+00,1.7501e+01,8.1142e-01,9.8113e-02
9.7700e+03,8.9699e-02,1.6879e+00,1.7501e+01,8.1159e-01,9.8139e-02
9.7800e+03,8.9502e-02,1.6878e+00,1.7501e+01,8.1176e-01,9.8164e-02
9.7900e+03,8.9305e-02,1.6876e+00,1.7501e+01,8.1193e-01,9.8190e-02
9.8000e+03,8.9108e-02,1.6874e+00,1.7501e+01,8.1211e-01,9.8215e-02
9.8100e+03,8.8912e-02,1.6873e+00,1.7501e+01,8.1228e-01,9.8240e-02
9.8200e+03,8.8716e-02,1.6871e+00,1.7501e+01,8.1245e-01,9.8265e-02
9.8300e+03,8.8521e-02,1.6869e+00,1.7501e+01,8.1262e-01,9.8291e-02
9.8400e+03,8.8326e-02,1.6867e+00,1.7501e+01,8.1279e-01,9.8316e-02
9.8500e+03,8.8132e-02,1.6866e+00,1.7501e+01,8.1296e-01,9.8341e-02
9.8600e+03,8.7938e-02,1.6864e+00,1.7501e+01,8.1312e-01,9.8366e-02
9.8700e+03,8.7745e-02,1.6862e+00,1.7501e+01,8.1329e-01,9.8391e-02
9.8800e+03,8.7552e-02,1.6861e+00,1.7501e+01,8.1346e-01,9.8416e-02
9.8900e+03,8.7359e-02,1.6859e+00,1.7501e+01,8.1363e-01,9.8441e-02
9.9000e+03,8.7167e-02,1.6857e+00,1.7501e+01,8.1380e-01,9.8465e-02
9.9100e+03,8.6976e-02,1.6856e+00,1.7501e+01,8.1396e-01,9.8490e-02
9.9200e+03,8.6784e-02,1.6854e+00,1.7501e+01,8.1413e-01,9.8515e-02
9.9300e+03,8.6594e-02,1.6852e+00,1.7501e+01,8.1430e-01,9.8540e-02
9.9400e+03,8.6403e-02,1.6851e+00,1.7501e+01,8.1446e-01,9.8564e-02
9.9500e+03,8.6213e-02,1.6849e+00,1.7501e+01,8.1463e-01,9.8589e-02
9.9600e+03,8.6024e-02,1.6847e+00,1.7501e+01,8.1479e-01,9.8613e-02
9.9700e+03,8.5835e-02,1.6846e+00,1.7501e+01,8.1496e-01,9.8638e-02
9.9800e+03,8.5646e-02,1.6844e+00,1.7501e+01,8.1512e-01,9.8662e-02
9.9900e+03,8.5458e-02,1.6842e+00,1.7501e+01,8.1528e-01,9.8686e-02
1.0000e+04,8.5270e-02,1.6841e+00,1.7501e+01,8.1545e-01,9.8711e-02
1.0010e+04,8.5083e-02,1.6839e+00,1.7501e+01,8.1561e-01,9.8735e-02
1.0020e+04,8.4896e-02,1.6838e+00,1.7501e+01,8.1577e-01,9.8759e-02
1.0030e+04,8.4710e-02,1.6836e+00,1.7501e+01,8.1594e-01,9.8783e-02
1.0040e+04,8.4523e-02,1.6834e+00,1.7501e+01,8.1610e-01,9.8807e-02
1.0050e+04,8.4338e-02,1.6833e+00,1.7501e+01,8.1626e-01,9.8831e-02
1.0060e+04,8.4153e-02,1.6831e+00,1.7501e+01,8.1642e-01,9.8855e-02
1.0070e+04,8.3968e-02,1.6830e+00,1.7501e+01,8.1658e-01,9.8879e-02
1.0080e+04,8.3784e-02,1.6828e+00,1.7501e+01,8.1674e-01,9.8903e-02
1.0090e+04,8.3600e-02,1.6826e+00,1.7501e+01,8.1690e-01,9.8927e-02
1.0100e+04,8.3416e-02,1.6825e+00,1.7501e+01,8.1706e-01,9.8950e-02
1.0110e+04,8.3233e-02,1.6823e+00,1.7501e+01,8.1722e-01,9.8974e-02
1.0120e+04,8.3050e-02,1.6822e+00,1.7501e+01,8.1738e-01,9.8998e-02
1.0130e+04,8.2868e-02,1.6820e+00,1.7501e+01,8.1754e-01,9.9021e-02
1.0140e+04,8.2686e-02,1.6818e+00,1.7501e+01,8.1770e-01,9.9045e-02
1.0150e+04,8.2505e-02,1.6817e+00,1.7501e+01,8.1786e-01,9.9068e-02
1.0160e+04,8.2324e-02,1.6815e+00,1.7501e+01,8.1801e-01,9.9092e-02
1.0170e+04,8.2143e-02,1.6814e+00,1.7501e+01,8.1817e-01,9.9115e-02
1.0180e+04,8.1963e-02,1.6812e+00,1.7501e+01,8.1833e-01,9.9138e-02
1.0190e+04,8.1783e-02,1.6810e+00,1.7501e+01,8.1848e-01,9.9162e-02
1.0200e+04,8.1604e-02,1.6809e+00,1.7501e+01,8.1864e-01,9.9185e-02
1.0210e+04,8.1425e-02,1.6807e+00,1.7501e+01,8.1880e-01,9.9208e-02
1.0220e+04,8.1246e-02,1.6806e+00,1.7501e+01,8.1895e-01,9.9231e-02
1.0230e+04,8.1068e-02,1.6804e+00,1.7501e+01,8.1911e-01,9.9254e-02
1.0240e+04,8.0890e-02,1.6803e+00,1.7501e+01,8.1926e-01,9.9277e-02
1.0250e+04,8.0713e-02,1.6801e+00,1.7501e+01,8.1942e-01,9.9300e-02
1.0260e+04,8.0536e-02,1.6800e+00,1.7501e+01,8.1957e-01,9.9323e-02
1.0270e+04,8.0359e-02,1.6798e+00,1.7501e+01,8.1972e-01,9.9346e-02
1.0280e+04,8.0183e-02,1.6797e+00,1.7501e+01,8.1988e-01,9.9369e-02
1.0290e+04,8.0008e-02,1.6795e+00,1.7501e+01,8.2003e-01,9.9392e-02
1.0300e+04,7.9832e-02,1.6793e+00,1.7501e+01,8.2018e-01,9.9414e-02
1.0310e+04,7.9657e-02,1.6792e+00,1.7501e+01,8.2033e-01,9.9437e-02
1.0320e+04,7.9483e-02,1.6790e+00,1.7501e+01,8.2049e-01,9.9460e-02
1.0330e+04,7.9309e-02,1.6789e+00,1.7501e+01,8.2064e-01,9.9482e-02
1.0340e+04,7.9135e-02,1.6787e+00,1.7501e+01,8.2079e-01,9.9505e-02
1.0350e+04,7.8961e-02,1.6786e+00,1.7501e+01,8.2094e-01,9.9527e-02
1.0360e+04,7.8788e-02,1.6784e+00,1.7501e+01,8.2109e-01,9.9550e-02
1.0370e+04,7.8616e-02,1.6783e+00,1.7501e+01,8.2124e-01,9.9572e-02
1.0380e+04,7.8444e-02,1.6781e+00,1.7501e+01,8.2139e-01,9.9594e-02
1.0390e+04,7.8272e-02,1.6780e+00,1.7501e+01,8.2154e-01,9.9617e-02
1.0400e+04,7.8100e-02,1.6778e+00,1.7501e+01,8.2169e-01,9.9639e-02
1.0410e+04,7.7929e-02,1.6777e+00,1.7501e+01,8.2184e-01,9.9661e-02
1.0420e+04,7.7759e-02,1.6775e+00,1.7501e+01,8.2199e-01,9.9683e-02
1.0430e+04,7.7589e-02,1.6774e+00,1.7501e+01,8.2214e-01,9.9705e-02
1.0440e+04,7.7419e-02,1.6772e+00,1.7501e+01,8.2228e-01,9.9727e-02
1.0450e+04,7.7249e-02,1.6771e+00,1.7501e+01,8.2243e-01,9.9749e-02
1.0460e+04,7.7080e-02,1.6770e+00,1.7501e+01,8.2258e-01,9.9771e-02
1.0470e+04,7.6911e-02,1.6768e+00,1.7501e+01,8.2272e-01,9.9793e-02
1.0480e+04,7.6743e-02,1.6767e+00,1.7501e+01,8.2287e-01,9.9815e-02
1.0490e+04,7.6575e-02,1.6765e+00,1.7501e+01,8.2302e-01,9.9837e-02
1.0500e+04,7.6408e-02,1.6764e+00,1.7501e+01,8.2316e-01,9.9858e-02
1.0510e+04,7.6240e-02,1.6762e+00,1.7501e+01,8.2331e-01,9.9880e-02
1.0520e+04,7.6074e-02,1.6761e+00,1.7501e+01,8.2345e-01,9.9902e-02
1.0530e+04,7.5907e-02,1.6759e+00,1.7501e+01,8.2360e-01,9.9923e-02
1.0540e+04,7.5741e-02,1.6758e+00,1.7501e+01,8.2374e-01,9.9945e-02
1.0550e+04,7.5575e-02,1.6756e+00,1.7501e+01,8.2389e-01,9.9966e-02
1.0560e+04,7.5410e-02,1.6755e+00,1.7501e+01,8.2403e-01,9.9988e-02
1.0570e+04,7.5245e-02,1.6754e+00,1.7501e+01,8.2417e-01,1.0001e-01
1.0580e+04,7.5081e-02,1.6752e+00,1.7501e+01,8.2432e-01,1.0003e-01
1.0590e+04,7.4916e-02,1.6751e+00,1.7501e+01,8.2446e-01,1.0005e-01
1.0600e+04,7.4753e-02,1.6749e+00,1.7501e+01,8.2460e-01,1.0007e-01
1.0610e+04,7.4589e-02,1.6748e+00,1.7501e+01,8.2475e-01,1.0009e-01
1.0620e+04,7.4426e-02,1.6746e+00,1.7501e+01,8.2489e-01,1.0012e-01
1.0630e+04,7.4263e-02,1.6745e+00,1.7501e+01,8.2503e-01,1.0014e-01
1.0640e+04,7.4101e-02,1.6744e+00,1.7501e+01,8.2517e-01,1.0016e-01
1.0650e+04,7.3939e-02,1.6742e+00,1.7501e+01,8.2531e-01,1.0018e-01
1.0660e+04,7.3777e-02,1.6741e+00,1.7501e+01,8.2545e-01,1.0020e-01
1.0670e+04,7.3616e-02,1.6739e+00,1.7501e+01,8.2559e-01,1.0022e-01
1.0680e+04,7.3455e-02,1.6738e+00,1.7501e+01,8.2573e-01,1.0024e-01
1.0690e+04,7.3295e-02,1.6737e+00,1.7501e+01,8.2587e-01,1.0026e-01
1.0700e+04,7.3135e-02,1.6735e+00,1.7501e+01,8.2601e-01,1.0028e-01
1.0710e+04,7.2975e-02,1.6734e+00,1.7501e+01,8.2615e-01,1.0030e-01
1.0720e+04,7.2815e-02,1.6732e+00,1.7501e+01,8.2629e-01,1.0032e-01
1.0730e+04,7.2656e-02,1.6731e+00,1.7501e+01,8.2643e-01,1.0035e-01
1.0740e+04,7.2498e-02,1.6730e+00,1.7501e+01,8.2657e-01,1.0037e-01
1.0750e+04,7.2339e-02,1.6728e+00,1.7501e+01,8.2670e-01,1.0039e-01
1.0760e+04,7.2181e-02,1.6727e+00,1.7501e+01,8.2684e-01,1.0041e-01
1.0770e+04,7.2024e-02,1.6725e+00,1.7501e+01,8.2698e-01,1.0043e-01
1.0780e+04,7.1866e-02,1.6724e+00,1.7501e+01,8.2711e-01,1.0045e-01
1.0790e+04,7.1709e-02,1.6723e+00,1.7501e+01,8.2725e-01,1.0047e-01
1.0800e+04,7.1553e-02,1.6721e+00,1.7501e+01,8.2739e-01,1.0049e-01
1.0810e+04,7.1397e-02,1.6720e+00,1.7501e+01,8.2752e-01,1.0051e-01
1.0820e+04,7.1241e-02,1.6719e+00,1.7501e+01,8.2766e-01,1.0053e-01
1.0830e+04,7.1085e-02,1.6717e+00,1.7501e+01,8.2779e-01,1.0055e-01
1.0840e+04,7.0930e-02,1.6716e+00,1.7501e+01,8.2793e-01,1.0057e-01
1.0850e+04,7.0775e-02,1.6715e+00,1.7501e+01,8.2806e-01,1.0059e-01
1.0860e+04,7.0621e-02,1.6713e+00,1.7501e+01,8.2820e-01,1.0061e-01
1.0870e+04,7.0467e-02,1.6712e+00,1.7501e+01,8.2833e-01,1.0063e-01
1.0880e+04,7.0313e-02,1.6711e+00,1.7501e+01,8.2847e-01,1.0065e-01
1.0890e+04,7.0159e-02,1.6709e+00,1.7501e+01,8.2860e-01,1.0067e-01
1.0900e+04,7.0006e-02,1.6708e+00,1.7501e+01,8.2873e-01,1.0069e-01
1.0910e+04,6.9854e-02,1.6707e+00,1.7501e+01,8.2887e-01,1.0071e-01
1.0920e+04,6.9701e-02,1.6705e+00,1.7501e+01,8.2900e-01,1.0073e-01
1.0930e+04,6.9549e-02,1.6704e+00,1.7501e+01,8.2913e-01,1.0075e-01
1.0940e+04,6.9397e-02,1.6703e+00,1.7501e+01,8.2926e-01,1.0077e-01
1.0950e+04,6.9246e-02,1.6701e+00,1.7501e+01,8.2939e-01,1.0079e-01
1.0960e+04,6.9095e-02,1.6700e+00,1.7501e+01,8.2952e-01,1.0081e-01
1.0970e+04,6.8944e-02,1.6699e+00,1.7501e+01,8.2966e-01,1.0083e-01
1.0980e+04,6.8794e-02,1.6697e+00,1.7501e+01,8.2979e-01,1.0085e-01
1.0990e+04,6.8644e-02,1.6696e+00,1.7501e+01,8.2992e-01,1.0087e-01
1.1000e+04,6.8494e-02,1.6695e+00,1.7501e+01,8.3005e-01,1.0089e-01
1.1010e+04,6.8345e-02,1.6693e+00,1.7501e+01,8.3018e-01,1.0091e-01
1.1020e+04,6.8196e-02,1.6692e+00,1.7501e+01,8.3031e-01,1.0093e-01
1.1030e+04,6.8047e-02,1.6691e+00,1.7501e+01,8.3044e-01,1.0095e-01
1.1040e+04,6.7899e-02,1.6690e+00,1.7501e+01,8.3057e-01,1.0096e-01
1.1050e+04,6.7751e-02,1.6688e+00,1.7501e+01,8.3069e-01,1.0098e-01
1.1060e+04,6.7603e-02,1.6687e+00,1.7501e+01,8.3082e-01,1.0100e-01
1.1070e+04,6.7456e-02,1.6686e+00,1.7501e+01,8.3095e-01,1.0102e-01
1.1080e+04,6.7309e-02,1.6684e+00,1.7501e+01,8.3108e-01,1.0104e-01
1.1090e+04,6.7162e-02,1.6683e+00,1.7501e+01,8.3121e-01,1.0106e-01
1.1100e+04,6.7016e-02,1.6682e+00,1.7501e+01,8.3133e-01,1.0108e-01
1.1110e+04,6.6870e-02,1.6681e+00,1.7501e+01,8.3146e-01,1.0110e-01
1.1120e+04,6.6724e-02,1.6679e+00,1.7501e+01,8.3159e-01,1.0112e-01
1.1130e+04,6.6579e-02,1.6678e+00,1.7501e+01,8.3171e-01,1.0114e-01
1.1140e+04,6.6434e-02,1.6677e+00,1.7501e+01,8.3184e-01,1.0116e-01
1.1150e+04,6.6289e-02,1.6676e+00,1.7501e+01,8.3197e-01,1.0117e-01
1.1160e+04,6.6145e-02,1.6674e+00,1.7501e+01,8.3209e-01,1.0119e-01
1.1170e+04,6.6001e-02,1.6673e+00,1.7501e+01,8.3222e-01,1.0121e-01
1.1180e+04,6.5857e-02,1.6672e+00,1.7501e+01,8.3234e-01,1.0123e-01
1.1190e+04,6.5713e-02,1.6671e+00,1.7501e+01,8.3247e-01,1.0125e-01
1.1200e+04,6.5570e-02,1.6669e+00,1.7501e+01,8.3259e-01,1.0127e-01
1.1210e+04,6.5428e-02,1.6668e+00,1.7501e+01,8.3271e-01,1.0129e-01
1.1220e+04,6.5285e-02,1.6667e+00,1.7501e+01,8.3284e-01,1.0131e-01
1.1230e+04,6.5143e-02,1.6666e+00,1.7501e+01,8.3296e-01,1.0132e-01
1.1240e+04,6.5001e-02,1.6664e+00,1.7501e+01,8.3309e-01,1.0134e-01
1.1250e+04,6.4860e-02,1.6663e+00,1.7501e+01,8.3321e-01,1.0136e-01
1.1260e+04,6.4718e-02,1.6662e+00,1.7501e+01,8.3333e-01,1.0138e-01
1.1270e+04,6.4578e-02,1.6661e+00,1.7501e+01,8.3345e-01,1.0140e-01
1.1280e+04,6.4437e-02,1.6659e+00,1.7501e+01,8.3358e-01,1.0142e-01
1.1290e+04,6.4297e-02,1.6658e+00,1.7501e+01,8.3370e-01,1.0143e-01
1.1300e+04,6.4157e-02,1.6657e+00,1.7501e+01,8.3382e-01,1.0145e-01
1.1310e+04,6.4017e-02,1.6656e+00,1.7501e+01,8.3394e-01,1.0147e-01
1.1320e+04,6.3878e-02,1.6655e+00,1.7501e+01,8.3406e-01,1.0149e-01
1.1330e+04,6.3739e-02,1.6653e+00,1.7501e+01,8.3418e-01,1.0151e-01
1.1340e+04,6.3600e-02,1.6652e+00,1.7501e+01,8.3430e-01,1.0153e-01
1.1350e+04,6.3462e-02,1.6651e+00,1.7501e+01,8.3442e-01,1.0154e-01
1.1360e+04,6.3324e-02,1.6650e+00,1.7501e+01,8.3454e-01,1.0156e-01
1.1370e+04,6.3186e-02,1.6649e+00,1.7501e+01,8.3466e-01,1.0158e-01
1.1380e+04,6.3049e-02,1.6647e+00,1.7501e+01,8.3478e-01,1.0160e-01
1.1390e+04,6.2912e-02,1.6646e+00,1.7501e+01,8.3490e-01,1.0162e-01
1.1400e+04,6.2775e-02,1.6645e+00,1.7501e+01,8.3502e-01,1.0163e-01
1.1410e+04,6.2638e-02,1.6644e+00,1.7501e+01,8.3514e-01,1.0165e-01
1.1420e+04,6.2502e-02,1.6643e+00,1.7501e+01,8.3526e-01,1.0167e-01
1.1430e+04,6.2366e-02,1.6641e+00,1.7501e+01,8.3538e-01,1.0169e-01
1.1440e+04,6.2230e-02,1.6640e+00,1.7501e+01,8.3549e-01,1.0170e-01
1.1450e+04,6.2095e-02,1.6639e+00,1.7501e+01,8.3561e-01,1.0172e-01
1.1460e+04,6.1960e-02,1.6638e+00,1.7501e+01,8.3573e-01,1.0174e-01
1.1470e+04,6.1825e-02,1.6637e+00,1.7501e+01,8.3585e-01,1.0176e-01
1.1480e+04,6.1691e-02,1.6636e+00,1.7501e+01,8.3596e-01,1.0177e-01
1.1490e+04,6.1557e-02,1.6634e+00,1.7501e+01,8.3608e-01,1.0179e-01
1.1500e+04,6.1423e-02,1.6633e+00,1.7501e+01,8.3620e-01,1.0181e-01
1.1510e+04,6.1290e-02,1.6632e+00,1.7501e+01,8.3631e-01,1.0183e-01
1.1520e+04,6.1156e-02,1.6631e+00,1.7501e+01,8.3643e-01,1.0184e-01
1.1530e+04,6.1024e-02,1.6630e+00,1.7501e+01,8.3654e-01,1.0186e-01
1.1540e+04,6.0891e-02,1.6629e+00,1.7501e+01,8.3666e-01,1.0188e-01
1.1550e+04,6.0759e-02,1.6627e+00,1.7501e+01,8.3677e-01,1.0190e-01
1.1560e+04,6.0627e-02,1.6626e+00,1.7501e+01,8.3689e-01,1.0191e-01
1.1570e+04,6.0495e-02,1.6625e+00,1.7501e+01,8.3700e-01,1.0193e-01
1.1580e+04,6.0363e-02,1.6624e+00,1.7501e+01,8.3712e-01,1.0195e-01
1.1590e+04,6.0232e-02,1.6623e+00,1.7501e+01,8.3723e-01,1.0197e-01
1.1600e+04,6.0102e-02,1.6622e+00,1.7501e+01,8.3734e-01,1.0198e-01
1.1610e+04,5.9971e-02,1.6621e+00,1.7501e+01,8.3746e-01,1.0200e-01
1.1620e+04,5.9841e-02,1.6619e+00,1.7501e+01,8.3757e-01,1.0202e-01
1.1630e+04,5.9711e-02,1.6618e+00,1.7501e+01,8.3768e-01,1.0203e-01
1.1640e+04,5.9581e-02,1.6617e+00,1.7501e+01,8.3780e-01,1.0205e-01
1.1650e+04,5.9452e-02,1.6616e+00,1.7501e+01,8.3791e-01,1.0207e-01
1.1660e+04,5.9323e-02,1.6615e+00,1.7501e+01,8.3802e-01,1.0208e-01
1.1670e+04,5.9194e-02,1.6614e+00,1.7501e+01,8.3813e-01,1.0210e-01
1.1680e+04,5.9065e-02,1.6613e+00,1.7501e+01,8.3825e-01,1.0212e-01
1.1690e+04,5.8937e-02,1.6612e+00,1.7501e+01,8.3836e-01,1.0213e-01
1.1700e+04,5.8809e-02,1.6611e+00,1.7501e+01,8.3847e-01,1.0215e-01
1.1710e+04,5.8681e-02,1.6609e+00,1.7501e+01,8.3858e-01,1.0217e-01
1.1720e+04,5.8554e-02,1.6608e+00,1.7501e+01,8.3869e-01,1.0218e-01
1.1730e+04,5.8427e-02,1.6607e+00,1.7501e+01,8.3880e-01,1.0220e-01
1.1740e+04,5.8300e-02,1.6606e+00,1.7501e+01,8.3891e-01,1.0222e-01
1.1750e+04,5.8174e-02,1.6605e+00,1.7501e+01,8.3902e-01,1.0223e-01
1.1760e+04,5.8047e-02,1.6604e+00,1.7501e+01,8.3913e-01,1.0225e-01
1.1770e+04,5.7921e-02,1.6603e+00,1.7501e+01,8.3924e-01,1.0227e-01
1.1780e+04,5.7796e-02,1.6602e+00,1.7501e+01,8.3935e-01,1.0228e-01
1.1790e+04,5.7670e-02,1.6601e+00,1.7501e+01,8.3946e-01,1.0230e-01
1.1800e+04,5.7545e-02,1.6600e+00,1.7501e+01,8.3957e-01,1.0232e-01
1.1810e+04,5.7420e-02,1.6598e+00,1.7501e+01,8.3968e-01,1.0233e-01
1.1820e+04,5.7296e-02,1.6597e+00,1.7501e+01,8.3978e-01,1.0235e-01
1.1830e+04,5.7171e-02,1.6596e+00,1.7501e+01,8.3989e-01,1.0237e-01
1.1840e+04,5.7047e-02,1.6595e+00,1.7501e+01,8.4000e-01,1.0238e-01
1.1850e+04,5.6924e-02,1.6594e+00,1.7501e+01,8.4011e-01,1.0240e-01
1.1860e+04,5.6800e-02,1.6593e+00,1.7501e+01,8.4021e-01,1.0241e-01
1.1870e+04,5.6677e-02,1.6592e+00,1.7501e+01,8.4032e-01,1.0243e-01
1.1880e+04,5.6554e-02,1.6591e+00,1.7501e+01,8.4043e-01,1.0245e-01
1.1890e+04,5.6431e-02,1.6590e+00,1.7501e+01,8.4053e-01,1.0246e-01
1.1900e+04,5.6309e-02,1.6589e+00,1.7501e+01,8.4064e-01,1.0248e-01
1.1910e+04,5.6187e-02,1.6588e+00,1.7501e+01,8.4075e-01,1.0249e-01
1.1920e+04,5.6065e-02,1.6587e+00,1.7501e+01,8.4085e-01,1.0251e-01
1.1930e+04,5.5944e-02,1.6586e+00,1.7501e+01,8.4096e-01,1.0253e-01
1.1940e+04,5.5822e-02,1.6585e+00,1.7501e+01,8.4106e-01,1.0254e-01
1.1950e+04,5.5701e-02,1.6583e+00,1.7501e+01,8.4117e-01,1.0256e-01
1.1960e+04,5.5581e-02,1.6582e+00,1.7501e+01,8.4127e-01,1.0257e-01
1.1970e+04,5.5460e-02,1.6581e+00,1.7501e+01,8.4138e-01,1.0259e-01
1.1980e+04,5.5340e-02,1.6580e+00,1.7501e+01,8.4148e-01,1.0261e-01
1.1990e+04,5.5220e-02,1.6579e+00,1.7501e+01,8.4159e-01,1.0262e-01
1.2000e+04,5.5100e-02,1.6578e+00,1.7501e+01,8.4169e-01,1.0264e-01
1.2010e+04,5.4981e-02,1.6577e+00,1.7501e+01,8.4180e-01,1.0265e-01
1.2020e+04,5.4862e-02,1.6576e+00,1.7501e+01,8.4190e-01,1.0267e-01
1.2030e+04,5.4743e-02,1.6575e+00,1.7501e+01,8.4200e-01,1.0268e-01
1.2040e+04,5.4624e-02,1.6574e+00,1.7501e+01,8.4211e-01,1.0270e-01
1.2050e+04,5.4506e-02,1.6573e+00,1.7501e+01,8.4221e-01,1.0271e-01
1.2060e+04,5.4388e-02,1.6572e+00,1.7501e+01,8.4231e-01,1.0273e-01
1.2070e+04,5.4270e-02,1.6571e+00,1.7501e+01,8.4241e-01,1.0275e-01
1.2080e+04,5.4152e-02,1.6570e+00,1.7501e+01,8.4252e-01,1.0276e-01
1.2090e+04,5.4035e-02,1.6569e+00,1.7501e+01,8.4262e-01,1.0278e-01
1.2100e+04,5.3918e-02,1.6568e+00,1.7501e+01,8.4272e-01,1.0279e-01
1.2110e+04,5.3801e-02,1.6567e+00,1.7501e+01,8.4282e-01,1.0281e-01
1.2120e+04,5.3685e-02,1.6566e+00,1.7501e+01,8.4292e-01,1.0282e-01
1.2130e+04,5.3568e-02,1.6565e+00,1.7501e+01,8.4302e-01,1.0284e-01
1.2140e+04,5.3452e-02,1.6564e+00,1.7501e+01,8.4312e-01,1.0285e-01
1.2150e+04,5.3337e-02,1.6563e+00,1.7501e+01,8.4322e-01,1.0287e-01
1.2160e+04,5.3221e-02,1.6562e+00,1.7501e+01,8.4332e-01,1.0288e-01
1.2170e+04,5.3106e-02,1.6561e+00,1.7501e+01,8.4342e-01,1.0290e-01
1.2180e+04,5.2991e-02,1.6560e+00,1.7501e+01,8.4352e-01,1.0291e-01
1.2190e+04,5.2876e-02,1.6559e+00,1.7501e+01,8.4362e-01,1.0293e-01
1.2200e+04,5.2762e-02,1.6558e+00,1.7501e+01,8.4372e-01,1.0294e-01
1.2210e+04,5.2647e-02,1.6557e+00,1.7501e+01,8.4382e-01,1.0296e-01
1.2220e+04,5.2533e-02,1.6556e+00,1.7501e+01,8.4392e-01,1.0297e-01
1.2230e+04,5.2420e-02,1.6555e+00,1.7501e+01,8.4402e-01,1.0299e-01
1.2240e+04,5.2306e-02,1.6554e+00,1.7501e+01,8.4412e-01,1.0300e-01
1.2250e+04,5.2193e-02,1.6553e+00,1.7501e+01,8.4422e-01,1.0302e-01
1.2260e+04,5.2080e-02,1.6552e+00,1.7501e+01,8.4432e-01,1.0303e-01
1.2270e+04,5.1967e-02,1.6551e+00,1.7501e+01,8.4441e-01,1.0305e-01
1.2280e+04,5.1855e-02,1.6550e+00,1.7501e+01,8.4451e-01,1.0306e-01
1.2290e+04,5.1743e-02,1.6549e+00,1.7501e+01,8.4461e-01,1.0308e-01
1.2300e+04,5.1631e-02,1.6548e+00,1.7501e+01,8.4471e-01,1.0309e-01
1.2310e+04,5.1519e-02,1.6547e+00,1.7501e+01,8.4480e-01,1.0311e-01
1.2320e+04,5.1408e-02,1.6546e+00,1.7501e+01,8.4490e-01,1.0312e-01
1.2330e+04,5.1296e-02,1.6545e+00,1.7501e+01,8.4500e-01,1.0314e-01
1.2340e+04,5.1185e-02,1.6544e+00,1.7501e+01,8.4509e-01,1.0315e-01
1.2350e+04,5.1075e-02,1.6543e+00,1.7501e+01,8.4519e-01,1.0317e-01
1.2360e+04,5.0964e-02,1.6542e+00,1.7501e+01,8.4529e-01,1.0318e-01
1.2370e+04,5.0854e-02,1.6541e+00,1.7501e+01,8.4538e-01,1.0319e-01
1.2380e+04,5.0744e-02,1.6540e+00,1.7501e+01,8.4548e-01,1.0321e-01
1.2390e+04,5.0634e-02,1.6539e+00,1.7501e+01,8.4557e-01,1.0322e-01
1.2400e+04,5.0525e-02,1.6538e+00,1.7501e+01,8.4567e-01,1.0324e-01
1.2410e+04,5.0415e-02,1.6538e+00,1.7501e+01,8.4576e-01,1.0325e-01
1.2420e+04,5.0306e-02,1.6537e+00,1.7501e+01,8.4586e-01,1.0327e-01
1.2430e+04,5.0198e-02,1.6536e+00,1.7501e+01,8.4595e-01,1.0328e-01
1.2440e+04,5.0089e-02,1.6535e+00,1.7501e+01,8.4605e-01,1.0329e-01
1.2450e+04,4.9981e-02,1.6534e+00,1.7501e+01,8.4614e-01,1.0331e-01
1.2460e+04,4.9873e-02,1.6533e+00,1.7501e+01,8.4623e-01,1.0332e-01
1.2470e+04,4.9765e-02,1.6532e+00,1.7501e+01,8.4633e-01,1.0334e-01
1.2480e+04,4.9657e-02,1.6531e+00,1.7501e+01,8.4642e-01,1.0335e-01
1.2490e+04,4.9550e-02,1.6530e+00,1.7501e+01,8.4651e-01,1.0337e-01
1.2500e+04,4.9443e-02,1.6529e+00,1.7501e+01,8.4661e-01,1.0338e-01
1.2510e+04,4.9336e-02,1.6528e+00,1.7501e+01,8.4670e-01,1.0339e-01
1.2520e+04,4.9229e-02,1.6527e+00,1.7501e+01,8.4679e-01,1.0341e-01
1.2530e+04,4.9123e-02,1.6526e+00,1.7501e+01,8.4688e-01,1.0342e-01
1.2540e+04,4.9017e-02,1.6525e+00,1.7501e+01,8.4698e-01,1.0344e-01
1.2550e+04,4.8911e-02,1.6524e+00,1.7501e+01,8.4707e-01,1.0345e-01
1.2560e+04,4.8805e-02,1.6524e+00,1.7501e+01,8.4716e-01,1.0346e-01
1.2570e+04,4.8700e-02,1.6523e+00,1.7501e+01,8.4725e-01,1.0348e-01
1.2580e+04,4.8594e-02,1.6522e+00,1.7501e+01,8.4734e-01,1.0349e-01
1.2590e+04,4.8489e-02,1.6521e+00,1.7501e+01,8.4744e-01,1.0350e-01
1.2600e+04,4.8385e-02,1.6520e+00,1.7501e+01,8.4753e-01,1.0352e-01
1.2610e+04,4.8280e-02,1.6519e+00,1.7501e+01,8.4762e-01,1.0353e-01
1.2620e+04,4.8176e-02,1.6518e+00,1.7501e+01,8.4771e-01,1.0355e-01
1.2630e+04,4.8072e-02,1.6517e+00,1.7501e+01,8.4780e-01,1.0356e-01
1.2640e+04,4.7968e-02,1.6516e+00,1.7501e+01,8.4789e-01,1.0357e-01
1.2650e+04,4.7864e-02,1.6515e+00,1.7501e+01,8.4798e-01,1.0359e-01
1.2660e+04,4.7761e-02,1.6514e+00,1.7501e+01,8.4807e-01,1.0360e-01
1.2670e+04,4.7658e-02,1.6514e+00,1.7501e+01,8.4816e-01,1.0361e-01
1.2680e+04,4.7555e-02,1.6513e+00,1.7501e+01,8.4825e-01,1.0363e-01
1.2690e+04,4.7452e-02,1.6512e+00,1.7501e+01,8.4834e-01,1.0364e-01
1.2700e+04,4.7349e-02,1.6511e+00,1.7501e+01,8.4843e-01,1.0365e-01
1.2710e+04,4.7247e-02,1.6510e+00,1.7501e+01,8.4851e-01,1.0367e-01
1.2720e+04,4.7145e-02,1.6509e+00,1.7501e+01,8.4860e-01,1.0368e-01
1.2730e+04,4.7043e-02,1.6508e+00,1.7501e+01,8.4869e-01,1.0369e-01
1.2740e+04,4.6942e-02,1.6507e+00,1.7501e+01,8.4878e-01,1.0371e-01
1.2750e+04,4.6840e-02,1.6506e+00,1.7501e+01,8.4887e-01,1.0372e-01
1.2760e+04,4.6739e-02,1.6506e+00,1.7501e+01,8.4895e-01,1.0373e-01
1.2770e+04,4.6638e-02,1.6505e+00,1.7501e+01,8.4904e-01,1.0375e-01
1.2780e+04,4.6538e-02,1.6504e+00,1.7501e+01,8.4913e-01,1.0376e-01
1.2790e+04,4.6437e-02,1.6503e+00,1.7501e+01,8.4922e-01,1.0377e-01
1.2800e+04,4.6337e-02,1.6502e+00,1.7501e+01,8.4930e-01,1.0379e-01
1.2810e+04,4.6237e-02,1.6501e+00,1.7501e+01,8.4939e-01,1.0380e-01
1.2820e+04,4.6137e-02,1.6500e+00,1.7501e+01,8.4948e-01,1.0381e-01
1.2830e+04,4.6038e-02,1.6500e+00,1.7501e+01,8.4956e-01,1.0383e-01
1.2840e+04,4.5938e-02,1.6499e+00,1.7501e+01,8.4965e-01,1.0384e-01
1.2850e+04,4.5839e-02,1.6498e+00,1.7501e+01,8.4974e-01,1.0385e-01
1.2860e+04,4.5740e-02,1.6497e+00,1.7501e+01,8.4982e-01,1.0387e-01
1.2870e+04,4.5641e-02,1.6496e+00,1.7501e+01,8.4991e-01,1.0388e-01
1.2880e+04,4.5543e-02,1.6495e+00,1.7501e+01,8.4999e-01,1.0389e-01
1.2890e+04,4.5445e-02,1.6494e+00,1.7501e+01,8.5008e-01,1.0391e-01
1.2900e+04,4.5347e-02,1.6493e+00,1.7501e+01,8.5016e-01,1.0392e-01
1.2910e+04,4.5249e-02,1.6493e+00,1.7501e+01,8.5025e-01,1.0393e-01
1.2920e+04,4.5151e-02,1.6492e+00,1.7501e+01,8.5033e-01,1.0394e-01
1.2930e+04,4.5054e-02,1.6491e+00,1.7501e+01,8.5042e-01,1.0396e-01
1.2940e+04,4.4957e-02,1.6490e+00,1.7501e+01,8.5050e-01,1.0397e-01
1.2950e+04,4.4860e-02,1.6489e+00,1.7501e+01,8.5059e-01,1.0398e-01
1.2960e+04,4.4763e-02,1.6488e+00,1.7501e+01,8.5067e-01,1.0399e-01
1.2970e+04,4.4666e-02,1.6488e+00,1.7501e+01,8.5076e-01,1.0401e-01
1.2980e+04,4.4570e-02,1.6487e+00,1.7501e+01,8.5084e-01,1.0402e-01
1.2990e+04,4.4474e-02,1.6486e+00,1.7501e+01,8.5092e-01,1.0403e-01
1.3000e+04,4.4378e-02,1.6485e+00,1.7501e+01,8.5101e-01,1.0405e-01
1.3010e+04,4.4282e-02,1.6484e+00,1.7501e+01,8.5109e-01,1.0406e-01
1.3020e+04,4.4187e-02,1.6483e+00,1.7501e+01,8.5117e-01,1.0407e-01
1.3030e+04,4.4091e-02,1.6483e+00,1.7501e+01,8.5125e-01,1.0408e-01
1.3040e+04,4.3996e-02,1.6482e+00,1.7501e+01,8.5134e-01,1.0410e-01
1.3050e+04,4.3901e-02,1.6481e+00,1.7501e+01,8.5142e-01,1.0411e-01
1.3060e+04,4.3807e-02,1.6480e+00,1.7501e+01,8.5150e-01,1.0412e-01
1.3070e+04,4.3712e-02,1.6479e+00,1.7501e+01,8.5158e-01,1.0413e-01
1.3080e+04,4.3618e-02,1.6478e+00,1.7501e+01,8.5167e-01,1.0415e-01
1.3090e+04,4.3524e-02,1.6478e+00,1.7501e+01,8.5175e-01,1.0416e-01
1.3100e+04,4.3430e-02,1.6477e+00,1.7501e+01,8.5183e-01,1.0417e-01
1.3110e+04,4.3337e-02,1.6476e+00,1.7501e+01,8.5191e-01,1.0418e-01
1.3120e+04,4.3243e-02,1.6475e+00,1.7501e+01,8.5199e-01,1.0419e-01
1.3130e+04,4.3150e-02,1.6474e+00,1.7501e+01,8.5207e-01,1.0421e-01
1.3140e+04,4.3057e-02,1.6474e+00,1.7501e+01,8.5215e-01,1.0422e-01
1.3150e+04,4.2964e-02,1.6473e+00,1.7501e+01,8.5223e-01,1.0423e-01
1.3160e+04,4.2871e-02,1.6472e+00,1.7501e+01,8.5231e-01,1.0424e-01
1.3170e+04,4.2779e-02,1.6471e+00,1.7501e+01,8.5239e-01,1.0426e-01
1.3180e+04,4.2687e-02,1.6470e+00,1.7501e+01,8.5247e-01,1.0427e-01
1.3190e+04,4.2595e-02,1.6470e+00,1.7501e+01,8.5255e-01,1.0428e-01
1.3200e+04,4.2503e-02,1.6469e+00,1.7501e+01,8.5263e-01,1.0429e-01
1.3210e+04,4.2412e-02,1.6468e+00,1.7501e+01,8.5271e-01,1.0430e-01
1.3220e+04,4.2320e-02,1.6467e+00,1.7501e+01,8.5279e-01,1.0432e-01
1.3230e+04,4.2229e-02,1.6466e+00,1.7501e+01,8.5287e-01,1.0433e-01
1.3240e+04,4.2138e-02,1.6466e+00,1.7501e+01,8.5295e-01,1.0434e-01
1.3250e+04,4.2047e-02,1.6465e+00,1.7501e+01,8.5303e-01,1.0435e-01
1.3260e+04,4.1957e-02,1.6464e+00,1.7501e+01,8.5311e-01,1.0436e-01
1.3270e+04,4.1866e-02,1.6463e+00,1.7501e+01,8.5319e-01,1.0438e-01
1.3280e+04,4.1776e-02,1.6462e+00,1.7501e+01,8.5326e-01,1.0439e-01
1.3290e+04,4.1686e-02,1.6462e+00,1.7501e+01,8.5334e-01,1.0440e-01
1.3300e+04,4.1596e-02,1.6461e+00,1.7501e+01,8.5342e-01,1.0441e-01
1.3310e+04,4.1507e-02,1.6460e+00,1.7501e+01,8.5350e-01,1.0442e-01
1.3320e+04,4.1417e-02,1.6459e+00,1.7501e+01,8.5358e-01,1.0444e-01
1.3330e+04,4.1328e-02,1.6459e+00,1.7501e+01,8.5365e-01,1.0445e-01
1.3340e+04,4.1239e-02,1.6458e+00,1.7501e+01,8.5373e-01,1.0446e-01
1.3350e+04,4.1150e-02,1.6457e+00,1.7501e+01,8.5381e-01,1.0447e-01
1.3360e+04,4.1062e-02,1.6456e+00,1.7501e+01,8.5388e-01,1.0448e-01
1.3370e+04,4.0973e-02,1.6456e+00,1.7501e+01,8.5396e-01,1.0449e-01
1.3380e+04,4.0885e-02,1.6455e+00,1.7501e+01,8.5404e-01,1.0451e-01
1.3390e+04,4.0797e-02,1.6454e+00,1.7501e+01,8.5411e-01,1.0452e-01
1.3400e+04,4.0709e-02,1.6453e+00,1.7501e+01,8.5419e-01,1.0453e-01
1.3410e+04,4.0621e-02,1.6452e+00,1.7501e+01,8.5427e-01,1.0454e-01
1.3420e+04,4.0534e-02,1.6452e+00,1.7501e+01,8.5434e-01,1.0455e-01
1.3430e+04,4.0447e-02,1.6451e+00,1.7501e+01,8.5442e-01,1.0456e-01
1.3440e+04,4.0360e-02,1.6450e+00,1.7501e+01,8.5449e-01,1.0458e-01
1.3450e+04,4.0273e-02,1.6449e+00,1.7501e+01,8.5457e-01,1.0459e-01
1.3460e+04,4.0186e-02,1.6449e+00,1.7501e+01,8.5464e-01,1.0460e-01
1.3470e+04,4.0100e-02,1.6448e+00,1.7501e+01,8.5472e-01,1.0461e-01
1.3480e+04,4.0013e-02,1.6447e+00,1.7501e+01,8.5479e-01,1.0462e-01
1.3490e+04,3.9927e-02,1.6446e+00,1.7501e+01,8.5487e-01,1.0463e-01
1.3500e+04,3.9841e-02,1.6446e+00,1.7501e+01,8.5494e-01,1.0464e-01
1.3510e+04,3.9755e-02,1.6445e+00,1.7501e+01,8.5502e-01,1.0465e-01
1.3520e+04,3.9670e-02,1.6444e+00,1.7501e+01,8.5509e-01,1.0467e-01
1.3530e+04,3.9584e-02,1.6443e+00,1.7501e+01,8.5517e-01,1.0468e-01
1.3540e+04,3.9499e-02,1.6443e+00,1.7501e+01,8.5524e-01,1.0469e-01
1.3550e+04,3.9414e-02,1.6442e+00,1.7501e+01,8.5531e-01,1.0470e-01
1.3560e+04,3.9329e-02,1.6441e+00,1.7501e+01,8.5539e-01,1.0471e-01
1.3570e+04,3.9245e-02,1.6440e+00,1.7501e+01,8.5546e-01,1.0472e-01
1.3580e+04,3.9160e-02,1.6440e+00,1.7501e+01,8.5554e-01,1.0473e-01
1.3590e+04,3.9076e-02,1.6439e+00,1.7501e+01,8.5561e-01,1.0474e-01
1.3600e+04,3.8992e-02,1.6438e+00,1.7501e+01,8.5568e-01,1.0476e-01
1.3610e+04,3.8908e-02,1.6438e+00,1.7501e+01,8.5575e-01,1.0477e-01
1.3620e+04,3.8824e-02,1.6437e+00,1.7501e+01,8.5583e-01,1.0478e-01
1.3630e+04,3.8741e-02,1.6436e+00,1.7501e+01,8.5590e-01,1.0479e-01
1.3640e+04,3.8658e-02,1.6435e+00,1.7501e+01,8.5597e-01,1.0480e-01
1.3650e+04,3.8574e-02,1.6435e+00,1.7501e+01,8.5604e-01,1.0481e-01
1.3660e+04,3.8492e-02,1.6434e+00,1.7501e+01,8.5612e-01,1.0482e-01
1.3670e+04,3.8409e-02,1.6433e+00,1.7501e+01,8.5619e-01,1.0483e-01
1.3680e+04,3.8326e-02,1.6433e+00,1.7501e+01,8.5626e-01,1.0484e-01
1.3690e+04,3.8244e-02,1.6432e+00,1.7501e+01,8.5633e-01,1.0485e-01
1.3700e+04,3.8161e-02,1.6431e+00,1.7501e+01,8.5640e-01,1.0487e-01
1.3710e+04,3.8079e-02,1.6430e+00,1.7501e+01,8.5647e-01,1.0488e-01
1.3720e+04,3.7997e-02,1.6430e+00,1.7501e+01,8.5654e-01,1.0489e-01
1.3730e+04,3.7916e-02,1.6429e+00,1.7501e+01,8.5662e-01,1.0490e-01
1.3740e+04,3.7834e-02,1.6428e+00,1.7501e+01,8.5669e-01,1.0491e-01
1.3750e+04,3.7753e-02,1.6428e+00,1.7501e+01,8.5676e-01,1.0492e-01
1.3760e+04,3.7672e-02,1.6427e+00,1.7501e+01,8.5683e-01,1.0493e-01
1.3770e+04,3.7591e-02,1.6426e+00,1.7501e+01,8.5690e-01,1.0494e-01
1.3780e+04,3.7510e-02,1.6425e+00,1.7501e+01,8.5697e-01,1.0495e-01
1.3790e+04,3.7429e-02,1.6425e+00,1.7501e+01,8.5704e-01,1.0496e-01
1.3800e+04,3.7349e-02,1.6424e+00,1.7501e+01,8.5711e-01,1.0497e-01
1.3810e+04,3.7268e-02,1.6423e+00,1.7501e+01,8.5718e-01,1.0498e-01
1.3820e+04,3.7188e-02,1.6423e+00,1.7501e+01,8.5725e-01,1.0499e-01
1.3830e+04,3.7108e-02,1.6422e+00,1.7501e+01,8.5732e-01,1.0500e-01
1.3840e+04,3.7029e-02,1.6421e+00,1.7501e+01,8.5739e-01,1.0501e-01
1.3850e+04,3.6949e-02,1.6421e+00,1.7501e+01,8.5745e-01,1.0503e-01
1.3860e+04,3.6870e-02,1.6420e+00,1.7501e+01,8.5752e-01,1.0504e-01
1.3870e+04,3.6790e-02,1.6419e+00,1.7501e+01,8.5759e-01,1.0505e-01
1.3880e+04,3.6711e-02,1.6418e+00,1.7501e+01,8.5766e-01,1.0506e-01
1.3890e+04,3.6632e-02,1.6418e+00,1.7501e+01,8.5773e-01,1.0507e-01
1.3900e+04,3.6554e-02,1.6417e+00,1.7501e+01,8.5780e-01,1.0508e-01
1.3910e+04,3.6475e-02,1.6416e+00,1.7501e+01,8.5787e-01,1.0509e-01
1.3920e+04,3.6397e-02,1.6416e+00,1.7501e+01,8.5793e-01,1.0510e-01
1.3930e+04,3.6319e-02,1.6415e+00,1.7501e+01,8.5800e-01,1.0511e-01
1.3940e+04,3.6241e-02,1.6414e+00,1.7501e+01,8.5807e-01,1.0512e-01
1.3950e+04,3.6163e-02,1.6414e+00,1.7501e+01,8.5814e-01,1.0513e-01
1.3960e+04,3.6085e-02,1.6413e+00,1.7501e+01,8.5820e-01,1.0514e-01
1.3970e+04,3.6007e-02,1.6412e+00,1.7501e+01,8.5827e-01,1.0515e-01
1.3980e+04,3.5930e-02,1.6412e+00,1.7501e+01,8.5834e-01,1.0516e-01
1.3990e+04,3.5853e-02,1.6411e+00,1.7501e+01,8.5841e-01,1.0517e-01
1.4000e+04,3.5776e-02,1.6410e+00,1.7501e+01,8.5847e-01,1.0518e-01
1.4010e+04,3.5699e-02,1.6410e+00,1.7501e+01,8.5854e-01,1.0519e-01
1.4020e+04,3.5622e-02,1.6409e+00,1.7501e+01,8.5861e-01,1.0520e-01
1.4030e+04,3.5546e-02,1.6408e+00,1.7501e+01,8.5867e-01,1.0521e-01
1.4040e+04,3.5469e-02,1.6408e+00,1.7501e+01,8.5874e-01,1.0522e-01
1.4050e+04,3.5393e-02,1.6407e+00,1.7501e+01,8.5880e-01,1.0523e-01
1.4060e+04,3.5317e-02,1.6406e+00,1.7501e+01,8.5887e-01,1.0524e-01
1.4070e+04,3.5241e-02,1.6406e+00,1.7501e+01,8.5894e-01,1.0525e-01
1.4080e+04,3.5166e-02,1.6405e+00,1.7501e+01,8.5900e-01,1.0526e-01
1.4090e+04,3.5090e-02,1.6404e+00,1.7501e+01,8.5907e-01,1.0527e-01
1.4100e+04,3.5015e-02,1.6404e+00,1.7501e+01,8.5913e-01,1.0528e-01
1.4110e+04,3.4940e-02,1.6403e+00,1.7501e+01,8.5920e-01,1.0529e-01
1.4120e+04,3.4865e-02,1.6402e+00,1.7501e+01,8.5926e-01,1.0530e-01
1.4130e+04,3.4790e-02,1.6402e+00,1.7501e+01,8.5933e-01,1.0531e-01
1.4140e+04,3.4715e-02,1.6401e+00,1.7501e+01,8.5939e-01,1.0532e-01
1.4150e+04,3.4640e-02,1.6401e+00,1.7501e+01,8.5946e-01,1.0533e-01
1.4160e+04,3.4566e-02,1.6400e+00,1.7501e+01,8.5952e-01,1.0534e-01
1.4170e+04,3.4492e-02,1.6399e+00,1.7501e+01,8.5959e-01,1.0535e-01
1.4180e+04,3.4418e-02,1.6399e+00,1.7501e+01,8.5965e-01,1.0536e-01
1.4190e+04,3.4344e-02,1.6398e+00,1.7501e+01,8.5972e-01,1.0537e-01
1.4200e+04,3.4270e-02,1.6397e+00,1.7501e+01,8.5978e-01,1.0538e-01
1.4210e+04,3.4197e-02,1.6397e+00,1.7501e+01,8.5984e-01,1.0539e-01
1.4220e+04,3.4123e-02,1.6396e+00,1.7501e+01,8.5991e-01,1.0540e-01
1.4230e+04,3.4050e-02,1.6395e+00,1.7501e+01,8.5997e-01,1.0541e-01
1.4240e+04,3.3977e-02,1.6395e+00,1.7501e+01,8.6003e-01,1.0542e-01
1.4250e+04,3.3904e-02,1.6394e+00,1.7501e+01,8.6010e-01,1.0543e-01
1.4260e+04,3.3831e-02,1.6393e+00,1.7501e+01,8.6016e-01,1.0544e-01
1.4270e+04,3.3759e-02,1.6393e+00,1.7501e+01,8.6022e-01,1.0545e-01
1.4280e+04,3.3686e-02,1.6392e+00,1.7501e+01,8.6029e-01,1.0546e-01
1.4290e+04,3.3614e-02,1.6392e+00,1.7501e+01,8.6035e-01,1.0547e-01
1.4300e+04,3.3542e-02,1.6391e+00,1.7501e+01,8.6041e-01,1.0548e-01
1.4310e+04,3.3470e-02,1.6390e+00,1.7501e+01,8.6047e-01,1.0549e-01
1.4320e+04,3.3398e-02,1.6390e+00,1.7501e+01,8.6054e-01,1.0550e-01
1.4330e+04,3.3326e-02,1.6389e+00,1.7501e+01,8.6060e-01,1.0550e-01
1.4340e+04,3.3255e-02,1.6388e+00,1.7501e+01,8.6066e-01,1.0551e-01
1.4350e+04,3.3183e-02,1.6388e+00,1.7501e+01,8.6072e-01,1.0552e-01
1.4360e+04,3.3112e-02,1.6387e+00,1.7501e+01,8.6078e-01,1.0553e-01
1.4370e+04,3.3041e-02,1.6387e+00,1.7501e+01,8.6085e-01,1.0554e-01
1.4380e+04,3.2970e-02,1.6386e+00,1.7501e+01,8.6091e-01,1.0555e-01
1.4390e+04,3.2899e-02,1.6385e+00,1.7501e+01,8.6097e-01,1.0556e-01
