t,[L2M],[D],[L],[L2MD],[L2Ms]
0.0000e+00,2.5000e+00,7.5000e+00,1.0000e+01,0.0000e+00,0.0000e+00
1.0000e+01,2.4605e+00,7.4641e+00,1.0002e+01,3.5799e-02,1.1962e-03
2.0000e+01,2.4241e+00,7.4288e+00,1.0002e+01,7.1043e-02,2.3794e-03
3.0000e+01,2.3883e+00,7.3942e+00,1.0002e+01,1.0561e-01,3.5453e-03
4.0000e+01,2.3533e+00,7.3603e+00,1.0002e+01,1.3951e-01,4.6943e-03
5.0000e+01,2.3189e+00,7.3270e+00,1.0002e+01,1.7277e-01,5.8265e-03
6.0000e+01,2.2852e+00,7.2943e+00,1.0002e+01,2.0540e-01,6.9424e-03
7.0000e+01,2.2520e+00,7.2623e+00,1.0002e+01,2.3742e-01,8.0422e-03
8.0000e+01,2.2195e+00,7.2308e+00,1.0002e+01,2.6885e-01,9.1263e-03
9.0000e+01,2.1876e+00,7.2000e+00,1.0002e+01,2.9969e-01,1.0195e-02
1.0000e+02,2.1563e+00,7.1696e+00,1.0002e+01,3.2996e-01,1.1248e-02
1.1000e+02,2.1255e+00,7.1399e+00,1.0002e+01,3.5968e-01,1.2287e-02
1.2000e+02,2.0953e+00,7.1107e+00,1.0002e+01,3.8886e-01,1.3310e-02
1.3000e+02,2.0657e+00,7.0820e+00,1.0002e+01,4.1751e-01,1.4320e-02
1.4000e+02,2.0365e+00,7.0539e+00,1.0002e+01,4.4564e-01,1.5315e-02
1.5000e+02,2.0079e+00,7.0262e+00,1.0002e+01,4.7328e-01,1.6296e-02
1.6000e+02,1.9798e+00,6.9990e+00,1.0002e+01,5.0042e-01,1.7264e-02
1.7000e+02,1.9522e+00,6.9723e+00,1.0002e+01,5.2708e-01,1.8218e-02
1.8000e+02,1.9251e+00,6.9461e+00,1.0002e+01,5.5328e-01,1.9159e-02
1.9000e+02,1.8984e+00,6.9204e+00,1.0002e+01,5.7902e-01,2.0087e-02
2.0000e+02,1.8722e+00,6.8950e+00,1.0002e+01,6.0431e-01,2.1002e-02
2.1000e+02,1.8464e+00,6.8702e+00,1.0002e+01,6.2916e-01,2.1905e-02
2.2000e+02,1.8211e+00,6.8457e+00,1.0002e+01,6.5359e-01,2.2796e-02
2.3000e+02,1.7962e+00,6.8217e+00,1.0002e+01,6.7760e-01,2.3674e-02
2.4000e+02,1.7718e+00,6.7981e+00,1.0002e+01,7.0120e-01,2.4540e-02
2.5000e+02,1.7477e+00,6.7748e+00,1.0002e+01,7.2440e-01,2.5395e-02
2.6000e+02,1.7240e+00,6.7520e+00,1.0002e+01,7.4722e-01,2.6238e-02
2.7000e+02,1.7008e+00,6.7295e+00,1.0002e+01,7.6965e-01,2.7070e-02
2.8000e+02,1.6779e+00,6.7075e+00,1.0002e+01,7.9171e-01,2.7891e-02
2.9000e+02,1.6554e+00,6.6857e+00,1.0002e+01,8.1340e-01,2.8701e-02
3.0000e+02,1.6333e+00,6.6644e+00,1.0002e+01,8.3473e-01,2.9500e-02
3.1000e+02,1.6115e+00,6.6434e+00,1.0002e+01,8.5572e-01,3.0288e-02
3.2000e+02,1.5901e+00,6.6227e+00,1.0002e+01,8.7636e-01,3.1066e-02
3.3000e+02,1.5690e+00,6.6024e+00,1.0002e+01,8.9667e-01,3.1834e-02
3.4000e+02,1.5483e+00,6.5824e+00,1.0002e+01,9.1665e-01,3.2592e-02
3.5000e+02,1.5279e+00,6.5627e+00,1.0002e+01,9.3631e-01,3.3340e-02
3.6000e+02,1.5078e+00,6.5434e+00,1.0002e+01,9.5565e-01,3.4078e-02
3.7000e+02,1.4880e+00,6.5243e+00,1.0002e+01,9.7468e-01,3.4806e-02
3.8000e+02,1.4686e+00,6.5056e+00,1.0002e+01,9.9341e-01,3.5525e-02
3.9000e+02,1.4494e+00,6.4871e+00,1.0002e+01,1.0118e+00,3.6234e-02
4.0000e+02,1.4306e+00,6.4689e+00,1.0002e+01,1.0300e+00,3.6934e-02
4.1000e+02,1.4120e+00,6.4511e+00,1.0002e+01,1.0479e+00,3.7626e-02
4.2000e+02,1.3938e+00,6.4335e+00,1.0002e+01,1.0654e+00,3.8308e-02
4.3000e+02,1.3758e+00,6.4161e+00,1.0002e+01,1.0828e+00,3.8982e-02
4.4000e+02,1.3581e+00,6.3991e+00,1.0002e+01,1.0998e+00,3.9646e-02
4.5000e+02,1.3406e+00,6.3823e+00,1.0002e+01,1.1166e+00,4.0303e-02
4.6000e+02,1.3235e+00,6.3657e+00,1.0002e+01,1.1331e+00,4.0951e-02
4.7000e+02,1.3065e+00,6.3495e+00,1.0002e+01,1.1494e+00,4.1591e-02
4.8000e+02,1.2899e+00,6.3334e+00,1.0002e+01,1.1654e+00,4.2222e-02
4.9000e+02,1.2735e+00,6.3176e+00,1.0002e+01,1.1812e+00,4.2846e-02
5.0000e+02,1.2573e+00,6.3021e+00,1.0002e+01,1.1967e+00,4.3462e-02
5.1000e+02,1.2414e+00,6.2867e+00,1.0002e+01,1.2120e+00,4.4070e-02
5.2000e+02,1.2257e+00,6.2716e+00,1.0002e+01,1.2271e+00,4.4670e-02
5.3000e+02,1.2103e+00,6.2568e+00,1.0002e+01,1.2420e+00,4.5263e-02
5.4000e+02,1.1951e+00,6.2421e+00,1.0002e+01,1.2566e+00,4.5848e-02
5.5000e+02,1.1801e+00,6.2277e+00,1.0002e+01,1.2710e+00,4.6427e-02
5.6000e+02,1.1653e+00,6.2135e+00,1.0002e+01,1.2852e+00,4.6997e-02
5.7000e+02,1.1507e+00,6.1995e+00,1.0002e+01,1.2992e+00,4.7561e-02
5.8000e+02,1.1364e+00,6.1857e+00,1.0002e+01,1.3130e+00,4.8118e-02
5.9000e+02,1.1222e+00,6.1721e+00,1.0002e+01,1.3266e+00,4.8668e-02
6.0000e+02,1.1083e+00,6.1587e+00,1.0002e+01,1.3400e+00,4.9211e-02
6.1000e+02,1.0946e+00,6.1454e+00,1.0002e+01,1.3532e+00,4.9747e-02
6.2000e+02,1.0810e+00,6.1324e+00,1.0002e+01,1.3662e+00,5.0277e-02
6.3000e+02,1.0677e+00,6.1196e+00,1.0002e+01,1.3790e+00,5.0800e-02
6.4000e+02,1.0545e+00,6.1069e+00,1.0002e+01,1.3916e+00,5.1317e-02
6.5000e+02,1.0416e+00,6.0945e+00,1.0002e+01,1.4041e+00,5.1827e-02
6.6000e+02,1.0288e+00,6.0822e+00,1.0002e+01,1.4164e+00,5.2331e-02
6.7000e+02,1.0162e+00,6.0701e+00,1.0002e+01,1.4285e+00,5.2829e-02
6.8000e+02,1.0038e+00,6.0581e+00,1.0002e+01,1.4404e+00,5.3321e-02
6.9000e+02,9.9152e-01,6.0463e+00,1.0002e+01,1.4522e+00,5.3807e-02
7.0000e+02,9.7944e-01,6.0347e+00,1.0002e+01,1.4638e+00,5.4287e-02
7.1000e+02,9.6753e-01,6.0233e+00,1.0002e+01,1.4752e+00,5.4762e-02
7.2000e+02,9.5578e-01,6.0120e+00,1.0002e+01,1.4865e+00,5.5230e-02
7.3000e+02,9.4420e-01,6.0009e+00,1.0002e+01,1.4976e+00,5.5693e-02
7.4000e+02,9.3277e-01,5.9899e+00,1.0002e+01,1.5086e+00,5.6150e-02
7.5000e+02,9.2151e-01,5.9791e+00,1.0002e+01,1.5194e+00,5.6602e-02
7.6000e+02,9.1040e-01,5.9684e+00,1.0002e+01,1.5301e+00,5.7048e-02
7.7000e+02,8.9944e-01,5.9579e+00,1.0002e+01,1.5406e+00,5.7489e-02
7.8000e+02,8.8863e-01,5.9475e+00,1.0002e+01,1.5509e+00,5.7925e-02
7.9000e+02,8.7797e-01,5.9372e+00,1.0002e+01,1.5612e+00,5.8355e-02
8.0000e+02,8.6745e-01,5.9271e+00,1.0002e+01,1.5713e+00,5.8781e-02
8.1000e+02,8.5708e-01,5.9172e+00,1.0002e+01,1.5812e+00,5.9201e-02
8.2000e+02,8.4684e-01,5.9073e+00,1.0002e+01,1.5910e+00,5.9616e-02
8.3000e+02,8.3674e-01,5.8976e+00,1.0002e+01,1.6007e+00,6.0026e-02
8.4000e+02,8.2678e-01,5.8881e+00,1.0002e+01,1.6103e+00,6.0432e-02
8.5000e+02,8.1695e-01,5.8786e+00,1.0002e+01,1.6197e+00,6.0833e-02
8.6000e+02,8.0726e-01,5.8693e+00,1.0002e+01,1.6290e+00,6.1228e-02
8.7000e+02,7.9769e-01,5.8601e+00,1.0002e+01,1.6382e+00,6.1620e-02
8.8000e+02,7.8825e-01,5.8511e+00,1.0002e+01,1.6473e+00,6.2006e-02
8.9000e+02,7.7893e-01,5.8421e+00,1.0002e+01,1.6562e+00,6.2388e-02
9.0000e+02,7.6974e-01,5.8333e+00,1.0002e+01,1.6650e+00,6.2766e-02
9.1000e+02,7.6067e-01,5.8246e+00,1.0002e+01,1.6737e+00,6.3139e-02
9.2000e+02,7.5171e-01,5.8160e+00,1.0002e+01,1.6823e+00,6.3507e-02
9.3000e+02,7.4288e-01,5.8075e+00,1.0002e+01,1.6908e+00,6.3872e-02
9.4000e+02,7.3416e-01,5.7992e+00,1.0002e+01,1.6991e+00,6.4232e-02
9.5000e+02,7.2555e-01,5.7909e+00,1.0002e+01,1.7074e+00,6.4588e-02
9.6000e+02,7.1706e-01,5.7828e+00,1.0002e+01,1.7155e+00,6.4939e-02
9.7000e+02,7.0868e-01,5.7747e+00,1.0002e+01,1.7235e+00,6.5287e-02
9.8000e+02,7.0040e-01,5.7668e+00,1.0002e+01,1.7315e+00,6.5631e-02
9.9000e+02,6.9224e-01,5.7589e+00,1.0002e+01,1.7393e+00,6.5970e-02
1.0000e+03,6.8417e-01,5.7512e+00,1.0002e+01,1.7470e+00,6.6306e-02
1.0100e+03,6.7622e-01,5.7436e+00,1.0002e+01,1.7546e+00,6.6638e-02
1.0200e+03,6.6836e-01,5.7360e+00,1.0002e+01,1.7622e+00,6.6965e-02
1.0300e+03,6.6061e-01,5.7286e+00,1.0002e+01,1.7696e+00,6.7290e-02
1.0400e+03,6.5295e-01,5.7213e+00,1.0002e+01,1.7769e+00,6.7610e-02
1.0500e+03,6.4539e-01,5.7140e+00,1.0002e+01,1.7842e+00,6.7927e-02
1.0600e+03,6.3793e-01,5.7069e+00,1.0002e+01,1.7913e+00,6.8240e-02
1.0700e+03,6.3056e-01,5.6998e+00,1.0002e+01,1.7984e+00,6.8549e-02
1.0800e+03,6.2329e-01,5.6928e+00,1.0002e+01,1.8054e+00,6.8855e-02
1.0900e+03,6.1611e-01,5.6859e+00,1.0002e+01,1.8122e+00,6.9157e-02
1.1000e+03,6.0902e-01,5.6791e+00,1.0002e+01,1.8190e+00,6.9456e-02
1.1100e+03,6.0201e-01,5.6724e+00,1.0002e+01,1.8257e+00,6.9751e-02
1.1200e+03,5.9510e-01,5.6658e+00,1.0002e+01,1.8324e+00,7.0043e-02
1.1300e+03,5.8827e-01,5.6593e+00,1.0002e+01,1.8389e+00,7.0332e-02
1.1400e+03,5.8153e-01,5.6528e+00,1.0002e+01,1.8454e+00,7.0617e-02
1.1500e+03,5.7487e-01,5.6464e+00,1.0002e+01,1.8517e+00,7.0899e-02
1.1600e+03,5.6830e-01,5.6401e+00,1.0002e+01,1.8580e+00,7.1178e-02
1.1700e+03,5.6181e-01,5.6339e+00,1.0002e+01,1.8642e+00,7.1454e-02
1.1800e+03,5.5540e-01,5.6277e+00,1.0002e+01,1.8704e+00,7.1726e-02
1.1900e+03,5.4907e-01,5.6217e+00,1.0002e+01,1.8764e+00,7.1996e-02
1.2000e+03,5.4281e-01,5.6157e+00,1.0002e+01,1.8824e+00,7.2262e-02
1.2100e+03,5.3664e-01,5.6098e+00,1.0002e+01,1.8883e+00,7.2526e-02
1.2200e+03,5.3054e-01,5.6039e+00,1.0002e+01,1.8942e+00,7.2786e-02
1.2300e+03,5.2451e-01,5.5981e+00,1.0002e+01,1.8999e+00,7.3043e-02
1.2400e+03,5.1856e-01,5.5924e+00,1.0002e+01,1.9056e+00,7.3298e-02
1.2500e+03,5.1268e-01,5.5868e+00,1.0002e+01,1.9113e+00,7.3550e-02
1.2600e+03,5.0688e-01,5.5812e+00,1.0002e+01,1.9168e+00,7.3798e-02
1.2700e+03,5.0114e-01,5.5758e+00,1.0002e+01,1.9223e+00,7.4044e-02
1.2800e+03,4.9548e-01,5.5703e+00,1.0002e+01,1.9277e+00,7.4288e-02
1.2900e+03,4.8988e-01,5.5650e+00,1.0002e+01,1.9331e+00,7.4528e-02
1.3000e+03,4.8436e-01,5.5597e+00,1.0002e+01,1.9384e+00,7.4766e-02
1.3100e+03,4.7890e-01,5.5544e+00,1.0002e+01,1.9436e+00,7.5001e-02
1.3200e+03,4.7350e-01,5.5493e+00,1.0002e+01,1.9488e+00,7.5233e-02
1.3300e+03,4.6817e-01,5.5442e+00,1.0002e+01,1.9539e+00,7.5463e-02
1.3400e+03,4.6291e-01,5.5391e+00,1.0002e+01,1.9589e+00,7.5690e-02
1.3500e+03,4.5771e-01,5.5341e+00,1.0002e+01,1.9639e+00,7.5915e-02
1.3600e+03,4.5257e-01,5.5292e+00,1.0002e+01,1.9688e+00,7.6137e-02
1.3700e+03,4.4750e-01,5.5244e+00,1.0002e+01,1.9737e+00,7.6357e-02
1.3800e+03,4.4248e-01,5.5196e+00,1.0002e+01,1.9784e+00,7.6574e-02
1.3900e+03,4.3753e-01,5.5148e+00,1.0002e+01,1.9832e+00,7.6789e-02
1.4000e+03,4.3263e-01,5.5101e+00,1.0002e+01,1.9879e+00,7.7001e-02
1.4100e+03,4.2779e-01,5.5055e+00,1.0002e+01,1.9925e+00,7.7211e-02
1.4200e+03,4.2301e-01,5.5009e+00,1.0002e+01,1.9971e+00,7.7419e-02
1.4300e+03,4.1829e-01,5.4964e+00,1.0002e+01,2.0016e+00,7.7624e-02
1.4400e+03,4.1363e-01,5.4919e+00,1.0002e+01,2.0060e+00,7.7827e-02
1.4500e+03,4.0902e-01,5.4875e+00,1.0002e+01,2.0105e+00,7.8028e-02
1.4600e+03,4.0446e-01,5.4832e+00,1.0002e+01,2.0148e+00,7.8227e-02
1.4700e+03,3.9996e-01,5.4789e+00,1.0002e+01,2.0191e+00,7.8423e-02
1.4800e+03,3.9551e-01,5.4746e+00,1.0002e+01,2.0234e+00,7.8617e-02
1.4900e+03,3.9112e-01,5.4704e+00,1.0002e+01,2.0276e+00,7.8809e-02
1.5000e+03,3.8677e-01,5.4662e+00,1.0002e+01,2.0317e+00,7.8999e-02
1.5100e+03,3.8248e-01,5.4621e+00,1.0002e+01,2.0358e+00,7.9187e-02
1.5200e+03,3.7824e-01,5.4581e+00,1.0002e+01,2.0399e+00,7.9373e-02
1.5300e+03,3.7405e-01,5.4540e+00,1.0002e+01,2.0439e+00,7.9556e-02
1.5400e+03,3.6990e-01,5.4501e+00,1.0002e+01,2.0479e+00,7.9738e-02
1.5500e+03,3.6581e-01,5.4462e+00,1.0002e+01,2.0518e+00,7.9917e-02
1.5600e+03,3.6176e-01,5.4423e+00,1.0002e+01,2.0556e+00,8.0095e-02
1.5700e+03,3.5777e-01,5.4385e+00,1.0002e+01,2.0595e+00,8.0271e-02
1.5800e+03,3.5381e-01,5.4347e+00,1.0002e+01,2.0632e+00,8.0444e-02
1.5900e+03,3.4991e-01,5.4309e+00,1.0002e+01,2.0670e+00,8.0616e-02
1.6000e+03,3.4605e-01,5.4273e+00,1.0002e+01,2.0707e+00,8.0786e-02
1.6100e+03,3.4223e-01,5.4236e+00,1.0002e+01,2.0743e+00,8.0954e-02
1.6200e+03,3.3846e-01,5.4200e+00,1.0002e+01,2.0779e+00,8.1120e-02
1.6300e+03,3.3474e-01,5.4164e+00,1.0002e+01,2.0815e+00,8.1285e-02
1.6400e+03,3.3105e-01,5.4129e+00,1.0002e+01,2.0850e+00,8.1447e-02
1.6500e+03,3.2741e-01,5.4094e+00,1.0002e+01,2.0885e+00,8.1608e-02
1.6600e+03,3.2381e-01,5.4060e+00,1.0002e+01,2.0919e+00,8.1767e-02
1.6700e+03,3.2026e-01,5.4026e+00,1.0002e+01,2.0953e+00,8.1924e-02
1.6800e+03,3.1674e-01,5.3992e+00,1.0002e+01,2.0987e+00,8.2080e-02
1.6900e+03,3.1327e-01,5.3959e+00,1.0002e+01,2.1020e+00,8.2234e-02
1.7000e+03,3.0983e-01,5.3926e+00,1.0002e+01,2.1053e+00,8.2386e-02
1.7100e+03,3.0644e-01,5.3894e+00,1.0002e+01,2.1085e+00,8.2536e-02
1.7200e+03,3.0308e-01,5.3861e+00,1.0002e+01,2.1117e+00,8.2685e-02
1.7300e+03,2.9976e-01,5.3830e+00,1.0002e+01,2.1149e+00,8.2832e-02
1.7400e+03,2.9648e-01,5.3798e+00,1.0002e+01,2.1180e+00,8.2978e-02
1.7500e+03,2.9324e-01,5.3767e+00,1.0002e+01,2.1211e+00,8.3122e-02
1.7600e+03,2.9003e-01,5.3737e+00,1.0002e+01,2.1242e+00,8.3265e-02
1.7700e+03,2.8687e-01,5.3706e+00,1.0002e+01,2.1272e+00,8.3405e-02
1.7800e+03,2.8373e-01,5.3676e+00,1.0002e+01,2.1302e+00,8.3545e-02
1.7900e+03,2.8064e-01,5.3647e+00,1.0002e+01,2.1332e+00,8.3683e-02
1.8000e+03,2.7758e-01,5.3618e+00,1.0002e+01,2.1361e+00,8.3819e-02
1.8100e+03,2.7455e-01,5.3589e+00,1.0002e+01,2.1390e+00,8.3954e-02
1.8200e+03,2.7156e-01,5.3560e+00,1.0002e+01,2.1419e+00,8.4087e-02
1.8300e+03,2.6860e-01,5.3532e+00,1.0002e+01,2.1447e+00,8.4219e-02
1.8400e+03,2.6568e-01,5.3504e+00,1.0002e+01,2.1475e+00,8.4350e-02
1.8500e+03,2.6279e-01,5.3476e+00,1.0002e+01,2.1502e+00,8.4479e-02
1.8600e+03,2.5993e-01,5.3449e+00,1.0002e+01,2.1530e+00,8.4606e-02
1.8700e+03,2.5710e-01,5.3422e+00,1.0002e+01,2.1557e+00,8.4733e-02
1.8800e+03,2.5431e-01,5.3395e+00,1.0002e+01,2.1583e+00,8.4857e-02
1.8900e+03,2.5155e-01,5.3369e+00,1.0002e+01,2.1610e+00,8.4981e-02
1.9000e+03,2.4882e-01,5.3343e+00,1.0002e+01,2.1636e+00,8.5103e-02
1.9100e+03,2.4612e-01,5.3317e+00,1.0002e+01,2.1662e+00,8.5224e-02
1.9200e+03,2.4345e-01,5.3291e+00,1.0002e+01,2.1687e+00,8.5344e-02
1.9300e+03,2.4081e-01,5.3266e+00,1.0002e+01,2.1712e+00,8.5462e-02
1.9400e+03,2.3820e-01,5.3241e+00,1.0002e+01,2.1737e+00,8.5579e-02
1.9500e+03,2.3562e-01,5.3216e+00,1.0002e+01,2.1762e+00,8.5695e-02
1.9600e+03,2.3307e-01,5.3192e+00,1.0002e+01,2.1786e+00,8.5809e-02
1.9700e+03,2.3055e-01,5.3168e+00,1.0002e+01,2.1810e+00,8.5922e-02
1.9800e+03,2.2806e-01,5.3144e+00,1.0002e+01,2.1834e+00,8.6034e-02
1.9900e+03,2.2559e-01,5.3120e+00,1.0002e+01,2.1858e+00,8.6145e-02
2.0000e+03,2.2315e-01,5.3097e+00,1.0002e+01,2.1881e+00,8.6255e-02
2.0100e+03,2.2074e-01,5.3074e+00,1.0002e+01,2.1904e+00,8.6363e-02
2.0200e+03,2.1836e-01,5.3051e+00,1.0002e+01,2.1927e+00,8.6471e-02
2.0300e+03,2.1600e-01,5.3029e+00,1.0002e+01,2.1949e+00,8.6577e-02
2.0400e+03,2.1367e-01,5.3006e+00,1.0002e+01,2.1972e+00,8.6682e-02
2.0500e+03,2.1136e-01,5.2984e+00,1.0002e+01,2.1994e+00,8.6785e-02
2.0600e+03,2.0908e-01,5.2963e+00,1.0002e+01,2.2015e+00,8.6888e-02
2.0700e+03,2.0683e-01,5.2941e+00,1.0002e+01,2.2037e+00,8.6990e-02
2.0800e+03,2.0460e-01,5.2920e+00,1.0002e+01,2.2058e+00,8.7090e-02
2.0900e+03,2.0240e-01,5.2899e+00,1.0002e+01,2.2079e+00,8.7190e-02
2.1000e+03,2.0022e-01,5.2878e+00,1.0002e+01,2.2100e+00,8.7288e-02
2.1100e+03,1.9807e-01,5.2857e+00,1.0002e+01,2.2121e+00,8.7385e-02
2.1200e+03,1.9593e-01,5.2837e+00,1.0002e+01,2.2141e+00,8.7482e-02
2.1300e+03,1.9383e-01,5.2817e+00,1.0002e+01,2.2161e+00,8.7577e-02
2.1400e+03,1.9174e-01,5.2797e+00,1.0002e+01,2.2181e+00,8.7671e-02
2.1500e+03,1.8968e-01,5.2777e+00,1.0002e+01,2.2201e+00,8.7764e-02
2.1600e+03,1.8764e-01,5.2758e+00,1.0002e+01,2.2220e+00,8.7856e-02
2.1700e+03,1.8563e-01,5.2738e+00,1.0002e+01,2.2239e+00,8.7948e-02
2.1800e+03,1.8364e-01,5.2719e+00,1.0002e+01,2.2258e+00,8.8038e-02
2.1900e+03,1.8167e-01,5.2701e+00,1.0002e+01,2.2277e+00,8.8127e-02
2.2000e+03,1.7972e-01,5.2682e+00,1.0002e+01,2.2296e+00,8.8215e-02
2.2100e+03,1.7779e-01,5.2664e+00,1.0002e+01,2.2314e+00,8.8303e-02
2.2200e+03,1.7588e-01,5.2645e+00,1.0002e+01,2.2332e+00,8.8389e-02
2.2300e+03,1.7400e-01,5.2627e+00,1.0002e+01,2.2350e+00,8.8474e-02
2.2400e+03,1.7213e-01,5.2609e+00,1.0002e+01,2.2368e+00,8.8559e-02
2.2500e+03,1.7029e-01,5.2592e+00,1.0002e+01,2.2386e+00,8.8643e-02
2.2600e+03,1.6847e-01,5.2574e+00,1.0002e+01,2.2403e+00,8.8725e-02
2.2700e+03,1.6666e-01,5.2557e+00,1.0002e+01,2.2420e+00,8.8807e-02
2.2800e+03,1.6488e-01,5.2540e+00,1.0002e+01,2.2437e+00,8.8888e-02
2.2900e+03,1.6311e-01,5.2523e+00,1.0002e+01,2.2454e+00,8.8968e-02
2.3000e+03,1.6137e-01,5.2507e+00,1.0002e+01,2.2471e+00,8.9048e-02
2.3100e+03,1.5964e-01,5.2490e+00,1.0002e+01,2.2487e+00,8.9126e-02
2.3200e+03,1.5794e-01,5.2474e+00,1.0002e+01,2.2504e+00,8.9204e-02
2.3300e+03,1.5625e-01,5.2458e+00,1.0002e+01,2.2520e+00,8.9281e-02
2.3400e+03,1.5458e-01,5.2442e+00,1.0002e+01,2.2536e+00,8.9357e-02
2.3500e+03,1.5293e-01,5.2426e+00,1.0002e+01,2.2551e+00,8.9432e-02
2.3600e+03,1.5130e-01,5.2410e+00,1.0002e+01,2.2567e+00,8.9506e-02
2.3700e+03,1.4968e-01,5.2395e+00,1.0002e+01,2.2582e+00,8.9580e-02
2.3800e+03,1.4809e-01,5.2380e+00,1.0002e+01,2.2598e+00,8.9652e-02
2.3900e+03,1.4651e-01,5.2365e+00,1.0002e+01,2.2613e+00,8.9724e-02
2.4000e+03,1.4494e-01,5.2350e+00,1.0002e+01,2.2628e+00,8.9795e-02
2.4100e+03,1.4340e-01,5.2335e+00,1.0002e+01,2.2642e+00,8.9866e-02
2.4200e+03,1.4187e-01,5.2320e+00,1.0002e+01,2.2657e+00,8.9936e-02
2.4300e+03,1.4036e-01,5.2306e+00,1.0002e+01,2.2671e+00,9.0005e-02
2.4400e+03,1.3886e-01,5.2292e+00,1.0002e+01,2.2686e+00,9.0073e-02
2.4500e+03,1.3738e-01,5.2277e+00,1.0002e+01,2.2700e+00,9.0140e-02
2.4600e+03,1.3592e-01,5.2263e+00,1.0002e+01,2.2714e+00,9.0207e-02
2.4700e+03,1.3447e-01,5.2250e+00,1.0002e+01,2.2728e+00,9.0273e-02
2.4800e+03,1.3304e-01,5.2236e+00,1.0002e+01,2.2741e+00,9.0339e-02
2.4900e+03,1.3162e-01,5.2222e+00,1.0002e+01,2.2755e+00,9.0403e-02
2.5000e+03,1.3022e-01,5.2209e+00,1.0002e+01,2.2768e+00,9.0467e-02
2.5100e+03,1.2884e-01,5.2196e+00,1.0002e+01,2.2781e+00,9.0530e-02
2.5200e+03,1.2747e-01,5.2183e+00,1.0002e+01,2.2794e+00,9.0593e-02
2.5300e+03,1.2611e-01,5.2170e+00,1.0002e+01,2.2807e+00,9.0655e-02
2.5400e+03,1.2477e-01,5.2157e+00,1.0002e+01,2.2820e+00,9.0716e-02
2.5500e+03,1.2345e-01,5.2144e+00,1.0002e+01,2.2833e+00,9.0777e-02
2.5600e+03,1.2214e-01,5.2132e+00,1.0002e+01,2.2845e+00,9.0837e-02
2.5700e+03,1.2084e-01,5.2119e+00,1.0002e+01,2.2858e+00,9.0896e-02
2.5800e+03,1.1956e-01,5.2107e+00,1.0002e+01,2.2870e+00,9.0955e-02
2.5900e+03,1.1829e-01,5.2095e+00,1.0002e+01,2.2882e+00,9.1013e-02
2.6000e+03,1.1703e-01,5.2083e+00,1.0002e+01,2.2894e+00,9.1071e-02
2.6100e+03,1.1579e-01,5.2071e+00,1.0002e+01,2.2906e+00,9.1128e-02
2.6200e+03,1.1456e-01,5.2059e+00,1.0002e+01,2.2918e+00,9.1184e-02
2.6300e+03,1.1334e-01,5.2048e+00,1.0002e+01,2.2929e+00,9.1240e-02
2.6400e+03,1.1214e-01,5.2036e+00,1.0002e+01,2.2941e+00,9.1295e-02
2.6500e+03,1.1095e-01,5.2025e+00,1.0002e+01,2.2952e+00,9.1349e-02
2.6600e+03,1.0978e-01,5.2014e+00,1.0002e+01,2.2963e+00,9.1403e-02
2.6700e+03,1.0861e-01,5.2003e+00,1.0002e+01,2.2974e+00,9.1457e-02
2.6800e+03,1.0746e-01,5.1992e+00,1.0002e+01,2.2985e+00,9.1509e-02
2.6900e+03,1.0632e-01,5.1981e+00,1.0002e+01,2.2996e+00,9.1562e-02
2.7000e+03,1.0520e-01,5.1970e+00,1.0002e+01,2.3007e+00,9.1613e-02
2.7100e+03,1.0408e-01,5.1959e+00,1.0002e+01,2.3018e+00,9.1664e-02
2.7200e+03,1.0298e-01,5.1949e+00,1.0002e+01,2.3028e+00,9.1715e-02
2.7300e+03,1.0189e-01,5.1938e+00,1.0002e+01,2.3038e+00,9.1765e-02
2.7400e+03,1.0081e-01,5.1928e+00,1.0002e+01,2.3049e+00,9.1815e-02
2.7500e+03,9.9745e-02,5.1918e+00,1.0002e+01,2.3059e+00,9.1864e-02
2.7600e+03,9.8690e-02,5.1908e+00,1.0002e+01,2.3069e+00,9.1912e-02
2.7700e+03,9.7646e-02,5.1898e+00,1.0002e+01,2.3079e+00,9.1960e-02
2.7800e+03,9.6613e-02,5.1888e+00,1.0002e+01,2.3089e+00,9.2008e-02
2.7900e+03,9.5591e-02,5.1878e+00,1.0002e+01,2.3099e+00,9.2055e-02
2.8000e+03,9.4580e-02,5.1869e+00,1.0002e+01,2.3108e+00,9.2101e-02
2.8100e+03,9.3580e-02,5.1859e+00,1.0002e+01,2.3118e+00,9.2147e-02
2.8200e+03,9.2591e-02,5.1850e+00,1.0002e+01,2.3127e+00,9.2193e-02
2.8300e+03,9.1612e-02,5.1840e+00,1.0002e+01,2.3137e+00,9.2238e-02
2.8400e+03,9.0644e-02,5.1831e+00,1.0002e+01,2.3146e+00,9.2282e-02
2.8500e+03,8.9687e-02,5.1822e+00,1.0002e+01,2.3155e+00,9.2326e-02
2.8600e+03,8.8739e-02,5.1813e+00,1.0002e+01,2.3164e+00,9.2370e-02
2.8700e+03,8.7802e-02,5.1804e+00,1.0002e+01,2.3173e+00,9.2413e-02
2.8800e+03,8.6875e-02,5.1795e+00,1.0002e+01,2.3182e+00,9.2456e-02
2.8900e+03,8.5958e-02,5.1786e+00,1.0002e+01,2.3190e+00,9.2498e-02
2.9000e+03,8.5050e-02,5.1778e+00,1.0002e+01,2.3199e+00,9.2540e-02
2.9100e+03,8.4152e-02,5.1769e+00,1.0002e+01,2.3208e+00,9.2581e-02
2.9200e+03,8.3264e-02,5.1761e+00,1.0002e+01,2.3216e+00,9.2622e-02
2.9300e+03,8.2386e-02,5.1752e+00,1.0002e+01,2.3225e+00,9.2662e-02
2.9400e+03,8.1516e-02,5.1744e+00,1.0002e+01,2.3233e+00,9.2702e-02
2.9500e+03,8.0657e-02,5.1736e+00,1.0002e+01,2.3241e+00,9.2742e-02
2.9600e+03,7.9806e-02,5.1728e+00,1.0002e+01,2.3249e+00,9.2781e-02
2.9700e+03,7.8964e-02,5.1720e+00,1.0002e+01,2.3257e+00,9.2820e-02
2.9800e+03,7.8132e-02,5.1712e+00,1.0002e+01,2.3265e+00,9.2859e-02
2.9900e+03,7.7308e-02,5.1704e+00,1.0002e+01,2.3273e+00,9.2896e-02
3.0000e+03,7.6493e-02,5.1696e+00,1.0002e+01,2.3281e+00,9.2934e-02
3.0100e+03,7.5687e-02,5.1688e+00,1.0002e+01,2.3288e+00,9.2971e-02
3.0200e+03,7.4889e-02,5.1681e+00,1.0002e+01,2.3296e+00,9.3008e-02
3.0300e+03,7.4100e-02,5.1673e+00,1.0002e+01,2.3304e+00,9.3044e-02
3.0400e+03,7.3319e-02,5.1666e+00,1.0002e+01,2.3311e+00,9.3081e-02
3.0500e+03,7.2547e-02,5.1658e+00,1.0002e+01,2.3318e+00,9.3116e-02
3.0600e+03,7.1783e-02,5.1651e+00,1.0002e+01,2.3326e+00,9.3151e-02
3.0700e+03,7.1027e-02,5.1644e+00,1.0002e+01,2.3333e+00,9.3186e-02
3.0800e+03,7.0279e-02,5.1637e+00,1.0002e+01,2.3340e+00,9.3221e-02
3.0900e+03,6.9539e-02,5.1630e+00,1.0002e+01,2.3347e+00,9.3255e-02
3.1000e+03,6.8807e-02,5.1623e+00,1.0002e+01,2.3354e+00,9.3289e-02
3.1100e+03,6.8083e-02,5.1616e+00,1.0002e+01,2.3361e+00,9.3322e-02
3.1200e+03,6.7366e-02,5.1609e+00,1.0002e+01,2.3368e+00,9.3355e-02
3.1300e+03,6.6657e-02,5.1602e+00,1.0002e+01,2.3375e+00,9.3388e-02
3.1400e+03,6.5956e-02,5.1595e+00,1.0002e+01,2.3381e+00,9.3421e-02
3.1500e+03,6.5262e-02,5.1589e+00,1.0002e+01,2.3388e+00,9.3453e-02
3.1600e+03,6.4575e-02,5.1582e+00,1.0002e+01,2.3394e+00,9.3484e-02
3.1700e+03,6.3896e-02,5.1576e+00,1.0002e+01,2.3401e+00,9.3516e-02
3.1800e+03,6.3224e-02,5.1569e+00,1.0002e+01,2.3407e+00,9.3547e-02
3.1900e+03,6.2559e-02,5.1563e+00,1.0002e+01,2.3414e+00,9.3578e-02
3.2000e+03,6.1902e-02,5.1557e+00,1.0002e+01,2.3420e+00,9.3608e-02
3.2100e+03,6.1251e-02,5.1550e+00,1.0002e+01,2.3426e+00,9.3638e-02
3.2200e+03,6.0607e-02,5.1544e+00,1.0002e+01,2.3432e+00,9.3668e-02
3.2300e+03,5.9970e-02,5.1538e+00,1.0002e+01,2.3438e+00,9.3697e-02
3.2400e+03,5.9339e-02,5.1532e+00,1.0002e+01,2.3444e+00,9.3727e-02
3.2500e+03,5.8716e-02,5.1526e+00,1.0002e+01,2.3450e+00,9.3755e-02
3.2600e+03,5.8099e-02,5.1520e+00,1.0002e+01,2.3456e+00,9.3784e-02
3.2700e+03,5.7488e-02,5.1515e+00,1.0002e+01,2.3462e+00,9.3812e-02
3.2800e+03,5.6884e-02,5.1509e+00,1.0002e+01,2.3468e+00,9.3840e-02
3.2900e+03,5.6287e-02,5.1503e+00,1.0002e+01,2.3473e+00,9.3868e-02
3.3000e+03,5.5696e-02,5.1497e+00,1.0002e+01,2.3479e+00,9.3895e-02
3.3100e+03,5.5111e-02,5.1492e+00,1.0002e+01,2.3485e+00,9.3922e-02
3.3200e+03,5.4532e-02,5.1486e+00,1.0002e+01,2.3490e+00,9.3949e-02
3.3300e+03,5.3959e-02,5.1481e+00,1.0002e+01,2.3496e+00,9.3976e-02
3.3400e+03,5.3393e-02,5.1475e+00,1.0002e+01,2.3501e+00,9.4002e-02
3.3500e+03,5.2832e-02,5.1470e+00,1.0002e+01,2.3506e+00,9.4028e-02
3.3600e+03,5.2278e-02,5.1465e+00,1.0002e+01,2.3512e+00,9.4053e-02
3.3700e+03,5.1729e-02,5.1460e+00,1.0002e+01,2.3517e+00,9.4079e-02
3.3800e+03,5.1186e-02,5.1454e+00,1.0002e+01,2.3522e+00,9.4104e-02
3.3900e+03,5.0649e-02,5.1449e+00,1.0002e+01,2.3527e+00,9.4129e-02
3.4000e+03,5.0118e-02,5.1444e+00,1.0002e+01,2.3532e+00,9.4154e-02
3.4100e+03,4.9592e-02,5.1439e+00,1.0002e+01,2.3537e+00,9.4178e-02
3.4200e+03,4.9071e-02,5.1434e+00,1.0002e+01,2.3542e+00,9.4202e-02
3.4300e+03,4.8557e-02,5.1429e+00,1.0002e+01,2.3547e+00,9.4226e-02
3.4400e+03,4.8047e-02,5.1424e+00,1.0002e+01,2.3552e+00,9.4250e-02
3.4500e+03,4.7543e-02,5.1420e+00,1.0002e+01,2.3557e+00,9.4273e-02
3.4600e+03,4.7045e-02,5.1415e+00,1.0002e+01,2.3562e+00,9.4296e-02
3.4700e+03,4.6551e-02,5.1410e+00,1.0002e+01,2.3566e+00,9.4319e-02
3.4800e+03,4.6063e-02,5.1405e+00,1.0002e+01,2.3571e+00,9.4342e-02
3.4900e+03,4.5580e-02,5.1401e+00,1.0002e+01,2.3576e+00,9.4364e-02
3.5000e+03,4.5102e-02,5.1396e+00,1.0002e+01,2.3580e+00,9.4386e-02
3.5100e+03,4.4629e-02,5.1392e+00,1.0002e+01,2.3585e+00,9.4408e-02
3.5200e+03,4.4162e-02,5.1387e+00,1.0002e+01,2.3589e+00,9.4430e-02
3.5300e+03,4.3699e-02,5.1383e+00,1.0002e+01,2.3594e+00,9.4451e-02
3.5400e+03,4.3241e-02,5.1379e+00,1.0002e+01,2.3598e+00,9.4472e-02
3.5500e+03,4.2788e-02,5.1374e+00,1.0002e+01,2.3602e+00,9.4494e-02
3.5600e+03,4.2339e-02,5.1370e+00,1.0002e+01,2.3606e+00,9.4514e-02
3.5700e+03,4.1896e-02,5.1366e+00,1.0002e+01,2.3611e+00,9.4535e-02
3.5800e+03,4.1457e-02,5.1361e+00,1.0002e+01,2.3615e+00,9.4555e-02
3.5900e+03,4.1022e-02,5.1357e+00,1.0002e+01,2.3619e+00,9.4575e-02
3.6000e+03,4.0593e-02,5.1353e+00,1.0002e+01,2.3623e+00,9.4595e-02
3.6100e+03,4.0167e-02,5.1349e+00,1.0002e+01,2.3627e+00,9.4615e-02
3.6200e+03,3.9747e-02,5.1345e+00,1.0002e+01,2.3631e+00,9.4635e-02
3.6300e+03,3.9330e-02,5.1341e+00,1.0002e+01,2.3635e+00,9.4654e-02
3.6400e+03,3.8918e-02,5.1337e+00,1.0002e+01,2.3639e+00,9.4673e-02
3.6500e+03,3.8511e-02,5.1333e+00,1.0002e+01,2.3643e+00,9.4692e-02
3.6600e+03,3.8108e-02,5.1330e+00,1.0002e+01,2.3647e+00,9.4711e-02
3.6700e+03,3.7709e-02,5.1326e+00,1.0002e+01,2.3651e+00,9.4729e-02
3.6800e+03,3.7314e-02,5.1322e+00,1.0002e+01,2.3654e+00,9.4748e-02
3.6900e+03,3.6923e-02,5.1318e+00,1.0002e+01,2.3658e+00,9.4766e-02
3.7000e+03,3.6537e-02,5.1315e+00,1.0002e+01,2.3662e+00,9.4784e-02
3.7100e+03,3.6154e-02,5.1311e+00,1.0002e+01,2.3665e+00,9.4802e-02
3.7200e+03,3.5776e-02,5.1307e+00,1.0002e+01,2.3669e+00,9.4819e-02
3.7300e+03,3.5401e-02,5.1304e+00,1.0002e+01,2.3673e+00,9.4836e-02
3.7400e+03,3.5031e-02,5.1300e+00,1.0002e+01,2.3676e+00,9.4854e-02
3.7500e+03,3.4664e-02,5.1297e+00,1.0002e+01,2.3680e+00,9.4871e-02
3.7600e+03,3.4301e-02,5.1293e+00,1.0002e+01,2.3683e+00,9.4888e-02
3.7700e+03,3.3942e-02,5.1290e+00,1.0002e+01,2.3687e+00,9.4904e-02
3.7800e+03,3.3587e-02,5.1286e+00,1.0002e+01,2.3690e+00,9.4921e-02
3.7900e+03,3.3236e-02,5.1283e+00,1.0002e+01,2.3693e+00,9.4937e-02
3.8000e+03,3.2888e-02,5.1280e+00,1.0002e+01,2.3697e+00,9.4953e-02
3.8100e+03,3.2544e-02,5.1276e+00,1.0002e+01,2.3700e+00,9.4969e-02
3.8200e+03,3.2204e-02,5.1273e+00,1.0002e+01,2.3703e+00,9.4985e-02
3.8300e+03,3.1867e-02,5.1270e+00,1.0002e+01,2.3706e+00,9.5001e-02
3.8400e+03,3.1533e-02,5.1267e+00,1.0002e+01,2.3710e+00,9.5016e-02
3.8500e+03,3.1204e-02,5.1264e+00,1.0002e+01,2.3713e+00,9.5032e-02
3.8600e+03,3.0877e-02,5.1260e+00,1.0002e+01,2.3716e+00,9.5047e-02
3.8700e+03,3.0554e-02,5.1257e+00,1.0002e+01,2.3719e+00,9.5062e-02
3.8800e+03,3.0235e-02,5.1254e+00,1.0002e+01,2.3722e+00,9.5077e-02
3.8900e+03,2.9919e-02,5.1251e+00,1.0002e+01,2.3725e+00,9.5091e-02
3.9000e+03,2.9606e-02,5.1248e+00,1.0002e+01,2.3728e+00,9.5106e-02
3.9100e+03,2.9296e-02,5.1245e+00,1.0002e+01,2.3731e+00,9.5120e-02
3.9200e+03,2.8990e-02,5.1242e+00,1.0002e+01,2.3734e+00,9.5135e-02
3.9300e+03,2.8687e-02,5.1240e+00,1.0002e+01,2.3737e+00,9.5149e-02
3.9400e+03,2.8387e-02,5.1237e+00,1.0002e+01,2.3740e+00,9.5163e-02
3.9500e+03,2.8090e-02,5.1234e+00,1.0002e+01,2.3742e+00,9.5176e-02
3.9600e+03,2.7797e-02,5.1231e+00,1.0002e+01,2.3745e+00,9.5190e-02
3.9700e+03,2.7506e-02,5.1228e+00,1.0002e+01,2.3748e+00,9.5204e-02
3.9800e+03,2.7219e-02,5.1226e+00,1.0002e+01,2.3751e+00,9.5217e-02
3.9900e+03,2.6934e-02,5.1223e+00,1.0002e+01,2.3753e+00,9.5230e-02
4.0000e+03,2.6653e-02,5.1220e+00,1.0002e+01,2.3756e+00,9.5243e-02
4.0100e+03,2.6374e-02,5.1218e+00,1.0002e+01,2.3759e+00,9.5256e-02
4.0200e+03,2.6099e-02,5.1215e+00,1.0002e+01,2.3761e+00,9.5269e-02
4.0300e+03,2.5826e-02,5.1212e+00,1.0002e+01,2.3764e+00,9.5282e-02
4.0400e+03,2.5556e-02,5.1210e+00,1.0002e+01,2.3767e+00,9.5294e-02
4.0500e+03,2.5289e-02,5.1207e+00,1.0002e+01,2.3769e+00,9.5307e-02
4.0600e+03,2.5025e-02,5.1205e+00,1.0002e+01,2.3772e+00,9.5319e-02
4.0700e+03,2.4763e-02,5.1202e+00,1.0002e+01,2.3774e+00,9.5331e-02
4.0800e+03,2.4505e-02,5.1200e+00,1.0002e+01,2.3777e+00,9.5343e-02
4.0900e+03,2.4249e-02,5.1197e+00,1.0002e+01,2.3779e+00,9.5355e-02
4.1000e+03,2.3995e-02,5.1195e+00,1.0002e+01,2.3781e+00,9.5367e-02
4.1100e+03,2.3745e-02,5.1192e+00,1.0002e+01,2.3784e+00,9.5379e-02
4.1200e+03,2.3497e-02,5.1190e+00,1.0002e+01,2.3786e+00,9.5390e-02
4.1300e+03,2.3251e-02,5.1188e+00,1.0002e+01,2.3789e+00,9.5402e-02
4.1400e+03,2.3009e-02,5.1185e+00,1.0002e+01,2.3791e+00,9.5413e-02
4.1500e+03,2.2768e-02,5.1183e+00,1.0002e+01,2.3793e+00,9.5424e-02
4.1600e+03,2.2530e-02,5.1181e+00,1.0002e+01,2.3795e+00,9.5435e-02
4.1700e+03,2.2295e-02,5.1179e+00,1.0002e+01,2.3798e+00,9.5446e-02
4.1800e+03,2.2062e-02,5.1176e+00,1.0002e+01,2.3800e+00,9.5457e-02
4.1900e+03,2.1832e-02,5.1174e+00,1.0002e+01,2.3802e+00,9.5468e-02
4.2000e+03,2.1604e-02,5.1172e+00,1.0002e+01,2.3804e+00,9.5478e-02
4.2100e+03,2.1378e-02,5.1170e+00,1.0002e+01,2.3806e+00,9.5489e-02
4.2200e+03,2.1155e-02,5.1168e+00,1.0002e+01,2.3808e+00,9.5499e-02
4.2300e+03,2.0934e-02,5.1166e+00,1.0002e+01,2.3811e+00,9.5510e-02
4.2400e+03,2.0716e-02,5.1164e+00,1.0002e+01,2.3813e+00,9.5520e-02
4.2500e+03,2.0500e-02,5.1161e+00,1.0002e+01,2.3815e+00,9.5530e-02
4.2600e+03,2.0286e-02,5.1159e+00,1.0002e+01,2.3817e+00,9.5540e-02
4.2700e+03,2.0074e-02,5.1157e+00,1.0002e+01,2.3819e+00,9.5550e-02
4.2800e+03,1.9864e-02,5.1155e+00,1.0002e+01,2.3821e+00,9.5559e-02
4.2900e+03,1.9657e-02,5.1153e+00,1.0002e+01,2.3823e+00,9.5569e-02
4.3000e+03,1.9452e-02,5.1151e+00,1.0002e+01,2.3825e+00,9.5579e-02
4.3100e+03,1.9249e-02,5.1150e+00,1.0002e+01,2.3827e+00,9.5588e-02
4.3200e+03,1.9048e-02,5.1148e+00,1.0002e+01,2.3829e+00,9.5597e-02
4.3300e+03,1.8849e-02,5.1146e+00,1.0002e+01,2.3830e+00,9.5607e-02
4.3400e+03,1.8652e-02,5.1144e+00,1.0002e+01,2.3832e+00,9.5616e-02
4.3500e+03,1.8458e-02,5.1142e+00,1.0002e+01,2.3834e+00,9.5625e-02
4.3600e+03,1.8265e-02,5.1140e+00,1.0002e+01,2.3836e+00,9.5634e-02
4.3700e+03,1.8074e-02,5.1138e+00,1.0002e+01,2.3838e+00,9.5643e-02
4.3800e+03,1.7886e-02,5.1137e+00,1.0002e+01,2.3840e+00,9.5652e-02
4.3900e+03,1.7699e-02,5.1135e+00,1.0002e+01,2.3841e+00,9.5660e-02
4.4000e+03,1.7515e-02,5.1133e+00,1.0002e+01,2.3843e+00,9.5669e-02
4.4100e+03,1.7332e-02,5.1131e+00,1.0002e+01,2.3845e+00,9.5677e-02
4.4200e+03,1.7151e-02,5.1129e+00,1.0002e+01,2.3847e+00,9.5686e-02
4.4300e+03,1.6972e-02,5.1128e+00,1.0002e+01,2.3848e+00,9.5694e-02
4.4400e+03,1.6795e-02,5.1126e+00,1.0002e+01,2.3850e+00,9.5702e-02
4.4500e+03,1.6620e-02,5.1124e+00,1.0002e+01,2.3852e+00,9.5711e-02
4.4600e+03,1.6446e-02,5.1123e+00,1.0002e+01,2.3853e+00,9.5719e-02
4.4700e+03,1.6275e-02,5.1121e+00,1.0002e+01,2.3855e+00,9.5727e-02
4.4800e+03,1.6105e-02,5.1120e+00,1.0002e+01,2.3857e+00,9.5735e-02
4.4900e+03,1.5937e-02,5.1118e+00,1.0002e+01,2.3858e+00,9.5742e-02
4.5000e+03,1.5771e-02,5.1116e+00,1.0002e+01,2.3860e+00,9.5750e-02
4.5100e+03,1.5606e-02,5.1115e+00,1.0002e+01,2.3861e+00,9.5758e-02
4.5200e+03,1.5444e-02,5.1113e+00,1.0002e+01,2.3863e+00,9.5765e-02
4.5300e+03,1.5282e-02,5.1112e+00,1.0002e+01,2.3864e+00,9.5773e-02
4.5400e+03,1.5123e-02,5.1110e+00,1.0002e+01,2.3866e+00,9.5780e-02
4.5500e+03,1.4965e-02,5.1109e+00,1.0002e+01,2.3868e+00,9.5788e-02
4.5600e+03,1.4809e-02,5.1107e+00,1.0002e+01,2.3869e+00,9.5795e-02
4.5700e+03,1.4655e-02,5.1106e+00,1.0002e+01,2.3870e+00,9.5802e-02
4.5800e+03,1.4502e-02,5.1104e+00,1.0002e+01,2.3872e+00,9.5809e-02
4.5900e+03,1.4351e-02,5.1103e+00,1.0002e+01,2.3873e+00,9.5816e-02
4.6000e+03,1.4201e-02,5.1101e+00,1.0002e+01,2.3875e+00,9.5823e-02
4.6100e+03,1.4053e-02,5.1100e+00,1.0002e+01,2.3876e+00,9.5830e-02
4.6200e+03,1.3906e-02,5.1099e+00,1.0002e+01,2.3878e+00,9.5837e-02
4.6300e+03,1.3761e-02,5.1097e+00,1.0002e+01,2.3879e+00,9.5844e-02
4.6400e+03,1.3618e-02,5.1096e+00,1.0002e+01,2.3880e+00,9.5851e-02
4.6500e+03,1.3476e-02,5.1094e+00,1.0002e+01,2.3882e+00,9.5857e-02
4.6600e+03,1.3335e-02,5.1093e+00,1.0002e+01,2.3883e+00,9.5864e-02
4.6700e+03,1.3196e-02,5.1092e+00,1.0002e+01,2.3884e+00,9.5870e-02
4.6800e+03,1.3059e-02,5.1090e+00,1.0002e+01,2.3886e+00,9.5877e-02
4.6900e+03,1.2923e-02,5.1089e+00,1.0002e+01,2.3887e+00,9.5883e-02
4.7000e+03,1.2788e-02,5.1088e+00,1.0002e+01,2.3888e+00,9.5889e-02
4.7100e+03,1.2655e-02,5.1087e+00,1.0002e+01,2.3890e+00,9.5896e-02
4.7200e+03,1.2523e-02,5.1085e+00,1.0002e+01,2.3891e+00,9.5902e-02
4.7300e+03,1.2392e-02,5.1084e+00,1.0002e+01,2.3892e+00,9.5908e-02
4.7400e+03,1.2263e-02,5.1083e+00,1.0002e+01,2.3893e+00,9.5914e-02
4.7500e+03,1.2135e-02,5.1082e+00,1.0002e+01,2.3894e+00,9.5920e-02
4.7600e+03,1.2009e-02,5.1080e+00,1.0002e+01,2.3896e+00,9.5926e-02
4.7700e+03,1.1884e-02,5.1079e+00,1.0002e+01,2.3897e+00,9.5932e-02
4.7800e+03,1.1760e-02,5.1078e+00,1.0002e+01,2.3898e+00,9.5937e-02
4.7900e+03,1.1637e-02,5.1077e+00,1.0002e+01,2.3899e+00,9.5943e-02
4.8000e+03,1.1516e-02,5.1076e+00,1.0002e+01,2.3900e+00,9.5949e-02
4.8100e+03,1.1396e-02,5.1075e+00,1.0002e+01,2.3902e+00,9.5954e-02
4.8200e+03,1.1277e-02,5.1073e+00,1.0002e+01,2.3903e+00,9.5960e-02
4.8300e+03,1.1159e-02,5.1072e+00,1.0002e+01,2.3904e+00,9.5965e-02
4.8400e+03,1.1043e-02,5.1071e+00,1.0002e+01,2.3905e+00,9.5971e-02
4.8500e+03,1.0928e-02,5.1070e+00,1.0002e+01,2.3906e+00,9.5976e-02
4.8600e+03,1.0814e-02,5.1069e+00,1.0002e+01,2.3907e+00,9.5981e-02
4.8700e+03,1.0701e-02,5.1068e+00,1.0002e+01,2.3908e+00,9.5987e-02
4.8800e+03,1.0590e-02,5.1067e+00,1.0002e+01,2.3909e+00,9.5992e-02
4.8900e+03,1.0480e-02,5.1066e+00,1.0002e+01,2.3910e+00,9.5997e-02
4.9000e+03,1.0370e-02,5.1065e+00,1.0002e+01,2.3911e+00,9.6002e-02
4.9100e+03,1.0262e-02,5.1064e+00,1.0002e+01,2.3912e+00,9.6007e-02
4.9200e+03,1.0155e-02,5.1063e+00,1.0002e+01,2.3913e+00,9.6012e-02
4.9300e+03,1.0050e-02,5.1062e+00,1.0002e+01,2.3914e+00,9.6017e-02
4.9400e+03,9.9448e-03,5.1061e+00,1.0002e+01,2.3915e+00,9.6022e-02
4.9500e+03,9.8412e-03,5.1060e+00,1.0002e+01,2.3916e+00,9.6027e-02
4.9600e+03,9.7386e-03,5.1059e+00,1.0002e+01,2.3917e+00,9.6032e-02
4.9700e+03,9.6371e-03,5.1058e+00,1.0002e+01,2.3918e+00,9.6036e-02
4.9800e+03,9.5367e-03,5.1057e+00,1.0002e+01,2.3919e+00,9.6041e-02
4.9900e+03,9.4374e-03,5.1056e+00,1.0002e+01,2.3920e+00,9.6046e-02
5.0000e+03,9.3390e-03,5.1055e+00,1.0002e+01,2.3921e+00,9.6050e-02
5.0100e+03,9.2417e-03,5.1054e+00,1.0002e+01,2.3922e+00,9.6055e-02
5.0200e+03,9.1454e-03,5.1053e+00,1.0002e+01,2.3923e+00,9.6059e-02
5.0300e+03,9.0502e-03,5.1052e+00,1.0002e+01,2.3924e+00,9.6064e-02
5.0400e+03,8.9559e-03,5.1051e+00,1.0002e+01,2.3925e+00,9.6068e-02
5.0500e+03,8.8626e-03,5.1050e+00,1.0002e+01,2.3926e+00,9.6073e-02
5.0600e+03,8.7702e-03,5.1050e+00,1.0002e+01,2.3927e+00,9.6077e-02
5.0700e+03,8.6789e-03,5.1049e+00,1.0002e+01,2.3927e+00,9.6081e-02
5.0800e+03,8.5884e-03,5.1048e+00,1.0002e+01,2.3928e+00,9.6085e-02
5.0900e+03,8.4990e-03,5.1047e+00,1.0002e+01,2.3929e+00,9.6089e-02
5.1000e+03,8.4104e-03,5.1046e+00,1.0002e+01,2.3930e+00,9.6094e-02
5.1100e+03,8.3228e-03,5.1045e+00,1.0002e+01,2.3931e+00,9.6098e-02
5.1200e+03,8.2361e-03,5.1044e+00,1.0002e+01,2.3932e+00,9.6102e-02
5.1300e+03,8.1503e-03,5.1044e+00,1.0002e+01,2.3932e+00,9.6106e-02
5.1400e+03,8.0654e-03,5.1043e+00,1.0002e+01,2.3933e+00,9.6110e-02
5.1500e+03,7.9814e-03,5.1042e+00,1.0002e+01,2.3934e+00,9.6114e-02
5.1600e+03,7.8983e-03,5.1041e+00,1.0002e+01,2.3935e+00,9.6118e-02
5.1700e+03,7.8160e-03,5.1040e+00,1.0002e+01,2.3936e+00,9.6121e-02
5.1800e+03,7.7346e-03,5.1040e+00,1.0002e+01,2.3936e+00,9.6125e-02
5.1900e+03,7.6540e-03,5.1039e+00,1.0002e+01,2.3937e+00,9.6129e-02
5.2000e+03,7.5743e-03,5.1038e+00,1.0002e+01,2.3938e+00,9.6133e-02
5.2100e+03,7.4954e-03,5.1037e+00,1.0002e+01,2.3939e+00,9.6136e-02
5.2200e+03,7.4173e-03,5.1037e+00,1.0002e+01,2.3939e+00,9.6140e-02
5.2300e+03,7.3401e-03,5.1036e+00,1.0002e+01,2.3940e+00,9.6144e-02
5.2400e+03,7.2636e-03,5.1035e+00,1.0002e+01,2.3941e+00,9.6147e-02
5.2500e+03,7.1880e-03,5.1034e+00,1.0002e+01,2.3942e+00,9.6151e-02
5.2600e+03,7.1131e-03,5.1034e+00,1.0002e+01,2.3942e+00,9.6154e-02
5.2700e+03,7.0390e-03,5.1033e+00,1.0002e+01,2.3943e+00,9.6158e-02
5.2800e+03,6.9657e-03,5.1032e+00,1.0002e+01,2.3944e+00,9.6161e-02
5.2900e+03,6.8932e-03,5.1032e+00,1.0002e+01,2.3944e+00,9.6164e-02
5.3000e+03,6.8214e-03,5.1031e+00,1.0002e+01,2.3945e+00,9.6168e-02
5.3100e+03,6.7503e-03,5.1030e+00,1.0002e+01,2.3946e+00,9.6171e-02
5.3200e+03,6.6800e-03,5.1030e+00,1.0002e+01,2.3946e+00,9.6174e-02
5.3300e+03,6.6105e-03,5.1029e+00,1.0002e+01,2.3947e+00,9.6178e-02
5.3400e+03,6.5416e-03,5.1028e+00,1.0002e+01,2.3948e+00,9.6181e-02
5.3500e+03,6.4735e-03,5.1028e+00,1.0002e+01,2.3948e+00,9.6184e-02
5.3600e+03,6.4061e-03,5.1027e+00,1.0002e+01,2.3949e+00,9.6187e-02
5.3700e+03,6.3394e-03,5.1026e+00,1.0002e+01,2.3950e+00,9.6190e-02
5.3800e+03,6.2734e-03,5.1026e+00,1.0002e+01,2.3950e+00,9.6193e-02
5.3900e+03,6.2080e-03,5.1025e+00,1.0002e+01,2.3951e+00,9.6196e-02
5.4000e+03,6.1434e-03,5.1024e+00,1.0002e+01,2.3952e+00,9.6200e-02
5.4100e+03,6.0794e-03,5.1024e+00,1.0002e+01,2.3952e+00,9.6202e-02
5.4200e+03,6.0161e-03,5.1023e+00,1.0002e+01,2.3953e+00,9.6205e-02
5.4300e+03,5.9535e-03,5.1023e+00,1.0002e+01,2.3953e+00,9.6208e-02
5.4400e+03,5.8915e-03,5.1022e+00,1.0002e+01,2.3954e+00,9.6211e-02
5.4500e+03,5.8301e-03,5.1021e+00,1.0002e+01,2.3955e+00,9.6214e-02
5.4600e+03,5.7694e-03,5.1021e+00,1.0002e+01,2.3955e+00,9.6217e-02
5.4700e+03,5.7093e-03,5.1020e+00,1.0002e+01,2.3956e+00,9.6220e-02
5.4800e+03,5.6499e-03,5.1020e+00,1.0002e+01,2.3956e+00,9.6223e-02
5.4900e+03,5.5911e-03,5.1019e+00,1.0002e+01,2.3957e+00,9.6225e-02
5.5000e+03,5.5328e-03,5.1019e+00,1.0002e+01,2.3957e+00,9.6228e-02
5.5100e+03,5.4752e-03,5.1018e+00,1.0002e+01,2.3958e+00,9.6231e-02
5.5200e+03,5.4182e-03,5.1018e+00,1.0002e+01,2.3959e+00,9.6233e-02
5.5300e+03,5.3618e-03,5.1017e+00,1.0002e+01,2.3959e+00,9.6236e-02
5.5400e+03,5.3060e-03,5.1016e+00,1.0002e+01,2.3960e+00,9.6239e-02
5.5500e+03,5.2507e-03,5.1016e+00,1.0002e+01,2.3960e+00,9.6241e-02
5.5600e+03,5.1961e-03,5.1015e+00,1.0002e+01,2.3961e+00,9.6244e-02
5.5700e+03,5.1420e-03,5.1015e+00,1.0002e+01,2.3961e+00,9.6246e-02
5.5800e+03,5.0884e-03,5.1014e+00,1.0002e+01,2.3962e+00,9.6249e-02
5.5900e+03,5.0355e-03,5.1014e+00,1.0002e+01,2.3962e+00,9.6251e-02
