t,[L2M],[D],[L],[L2MD],[L2Ms]
0.0000e+00,2.5000e+00,6.2500e+00,7.5000e+00,0.0000e+00,0.0000e+00
1.0000e+01,2.4556e+00,6.2104e+00,7.5033e+00,3.9489e-02,1.5846e-03
2.0000e+01,2.4152e+00,6.1715e+00,7.5033e+00,7.8295e-02,3.1516e-03
3.0000e+01,2.3757e+00,6.1335e+00,7.5033e+00,1.1624e-01,4.6932e-03
4.0000e+01,2.3371e+00,6.0964e+00,7.5033e+00,1.5334e-01,6.2100e-03
5.0000e+01,2.2993e+00,6.0600e+00,7.5033e+00,1.8962e-01,7.7025e-03
6.0000e+01,2.2624e+00,6.0245e+00,7.5033e+00,2.2512e-01,9.1712e-03
7.0000e+01,2.2262e+00,5.9897e+00,7.5033e+00,2.5985e-01,1.0617e-02
8.0000e+01,2.1908e+00,5.9557e+00,7.5033e+00,2.9384e-01,1.2039e-02
9.0000e+01,2.1561e+00,5.9224e+00,7.5033e+00,3.2711e-01,1.3440e-02
1.0000e+02,2.1222e+00,5.8898e+00,7.5033e+00,3.5967e-01,1.4818e-02
1.1000e+02,2.0889e+00,5.8578e+00,7.5033e+00,3.9156e-01,1.6175e-02
1.2000e+02,2.0564e+00,5.8266e+00,7.5033e+00,4.2278e-01,1.7511e-02
1.3000e+02,2.0245e+00,5.7960e+00,7.5033e+00,4.5336e-01,1.8826e-02
1.4000e+02,1.9932e+00,5.7660e+00,7.5033e+00,4.8331e-01,2.0122e-02
1.5000e+02,1.9626e+00,5.7366e+00,7.5033e+00,5.1265e-01,2.1397e-02
1.6000e+02,1.9326e+00,5.7078e+00,7.5033e+00,5.4141e-01,2.2654e-02
1.7000e+02,1.9032e+00,5.6796e+00,7.5033e+00,5.6958e-01,2.3891e-02
1.8000e+02,1.8744e+00,5.6519e+00,7.5033e+00,5.9720e-01,2.5109e-02
1.9000e+02,1.8461e+00,5.6248e+00,7.5033e+00,6.2427e-01,2.6310e-02
2.0000e+02,1.8184e+00,5.5982e+00,7.5033e+00,6.5082e-01,2.7492e-02
2.1000e+02,1.7912e+00,5.5722e+00,7.5033e+00,6.7684e-01,2.8657e-02
2.2000e+02,1.7645e+00,5.5466e+00,7.5033e+00,7.0236e-01,2.9805e-02
2.3000e+02,1.7383e+00,5.5216e+00,7.5033e+00,7.2739e-01,3.0935e-02
2.4000e+02,1.7127e+00,5.4970e+00,7.5033e+00,7.5195e-01,3.2050e-02
2.5000e+02,1.6875e+00,5.4729e+00,7.5033e+00,7.7603e-01,3.3147e-02
2.6000e+02,1.6628e+00,5.4492e+00,7.5033e+00,7.9967e-01,3.4229e-02
2.7000e+02,1.6385e+00,5.4260e+00,7.5033e+00,8.2286e-01,3.5296e-02
2.8000e+02,1.6147e+00,5.4032e+00,7.5033e+00,8.4562e-01,3.6346e-02
2.9000e+02,1.5913e+00,5.3808e+00,7.5033e+00,8.6796e-01,3.7382e-02
3.0000e+02,1.5684e+00,5.3589e+00,7.5033e+00,8.8988e-01,3.8403e-02
3.1000e+02,1.5459e+00,5.3373e+00,7.5033e+00,9.1141e-01,3.9409e-02
3.2000e+02,1.5237e+00,5.3162e+00,7.5033e+00,9.3255e-01,4.0401e-02
3.3000e+02,1.5020e+00,5.2954e+00,7.5033e+00,9.5330e-01,4.1379e-02
3.4000e+02,1.4806e+00,5.2750e+00,7.5033e+00,9.7368e-01,4.2343e-02
3.5000e+02,1.4597e+00,5.2549e+00,7.5033e+00,9.9370e-01,4.3294e-02
3.6000e+02,1.4391e+00,5.2352e+00,7.5033e+00,1.0134e+00,4.4231e-02
3.7000e+02,1.4188e+00,5.2159e+00,7.5033e+00,1.0327e+00,4.5155e-02
3.8000e+02,1.3990e+00,5.1969e+00,7.5033e+00,1.0516e+00,4.6066e-02
3.9000e+02,1.3794e+00,5.1782e+00,7.5033e+00,1.0703e+00,4.6964e-02
4.0000e+02,1.3602e+00,5.1599e+00,7.5033e+00,1.0886e+00,4.7850e-02
4.1000e+02,1.3413e+00,5.1419e+00,7.5033e+00,1.1066e+00,4.8724e-02
4.2000e+02,1.3228e+00,5.1241e+00,7.5033e+00,1.1243e+00,4.9586e-02
4.3000e+02,1.3045e+00,5.1067e+00,7.5033e+00,1.1417e+00,5.0436e-02
4.4000e+02,1.2866e+00,5.0896e+00,7.5033e+00,1.1588e+00,5.1274e-02
4.5000e+02,1.2690e+00,5.0728e+00,7.5033e+00,1.1756e+00,5.2101e-02
4.6000e+02,1.2516e+00,5.0562e+00,7.5033e+00,1.1921e+00,5.2917e-02
4.7000e+02,1.2346e+00,5.0400e+00,7.5033e+00,1.2084e+00,5.3721e-02
4.8000e+02,1.2178e+00,5.0240e+00,7.5033e+00,1.2244e+00,5.4515e-02
4.9000e+02,1.2013e+00,5.0082e+00,7.5033e+00,1.2401e+00,5.5298e-02
5.0000e+02,1.1851e+00,4.9928e+00,7.5033e+00,1.2555e+00,5.6071e-02
5.1000e+02,1.1691e+00,4.9776e+00,7.5033e+00,1.2707e+00,5.6833e-02
5.2000e+02,1.1534e+00,4.9626e+00,7.5033e+00,1.2857e+00,5.7585e-02
5.3000e+02,1.1380e+00,4.9479e+00,7.5033e+00,1.3004e+00,5.8327e-02
5.4000e+02,1.1228e+00,4.9334e+00,7.5033e+00,1.3148e+00,5.9059e-02
5.5000e+02,1.1078e+00,4.9191e+00,7.5033e+00,1.3291e+00,5.9781e-02
5.6000e+02,1.0931e+00,4.9051e+00,7.5033e+00,1.3431e+00,6.0494e-02
5.7000e+02,1.0786e+00,4.8913e+00,7.5033e+00,1.3569e+00,6.1197e-02
5.8000e+02,1.0644e+00,4.8777e+00,7.5033e+00,1.3704e+00,6.1891e-02
5.9000e+02,1.0503e+00,4.8644e+00,7.5033e+00,1.3838e+00,6.2576e-02
6.0000e+02,1.0365e+00,4.8512e+00,7.5033e+00,1.3969e+00,6.3252e-02
6.1000e+02,1.0229e+00,4.8383e+00,7.5033e+00,1.4098e+00,6.3919e-02
6.2000e+02,1.0095e+00,4.8255e+00,7.5033e+00,1.4226e+00,6.4578e-02
6.3000e+02,9.9636e-01,4.8130e+00,7.5033e+00,1.4351e+00,6.5228e-02
6.4000e+02,9.8339e-01,4.8006e+00,7.5033e+00,1.4474e+00,6.5869e-02
6.5000e+02,9.7061e-01,4.7885e+00,7.5033e+00,1.4596e+00,6.6503e-02
6.6000e+02,9.5803e-01,4.7765e+00,7.5033e+00,1.4715e+00,6.7128e-02
6.7000e+02,9.4564e-01,4.7647e+00,7.5033e+00,1.4833e+00,6.7745e-02
6.8000e+02,9.3344e-01,4.7531e+00,7.5033e+00,1.4949e+00,6.8354e-02
6.9000e+02,9.2142e-01,4.7417e+00,7.5033e+00,1.5063e+00,6.8955e-02
7.0000e+02,9.0958e-01,4.7304e+00,7.5033e+00,1.5175e+00,6.9548e-02
7.1000e+02,8.9792e-01,4.7193e+00,7.5033e+00,1.5286e+00,7.0134e-02
7.2000e+02,8.8644e-01,4.7084e+00,7.5033e+00,1.5395e+00,7.0713e-02
7.3000e+02,8.7512e-01,4.6976e+00,7.5033e+00,1.5503e+00,7.1284e-02
7.4000e+02,8.6397e-01,4.6870e+00,7.5033e+00,1.5609e+00,7.1848e-02
7.5000e+02,8.5299e-01,4.6766e+00,7.5033e+00,1.5713e+00,7.2404e-02
7.6000e+02,8.4217e-01,4.6663e+00,7.5033e+00,1.5815e+00,7.2954e-02
7.7000e+02,8.3151e-01,4.6562e+00,7.5033e+00,1.5917e+00,7.3497e-02
7.8000e+02,8.2100e-01,4.6462e+00,7.5033e+00,1.6016e+00,7.4033e-02
7.9000e+02,8.1065e-01,4.6364e+00,7.5033e+00,1.6115e+00,7.4562e-02
8.0000e+02,8.0045e-01,4.6267e+00,7.5033e+00,1.6211e+00,7.5084e-02
8.1000e+02,7.9039e-01,4.6171e+00,7.5033e+00,1.6307e+00,7.5600e-02
8.2000e+02,7.8048e-01,4.6077e+00,7.5033e+00,1.6401e+00,7.6110e-02
8.3000e+02,7.7072e-01,4.5984e+00,7.5033e+00,1.6493e+00,7.6613e-02
8.4000e+02,7.6109e-01,4.5893e+00,7.5033e+00,1.6585e+00,7.7110e-02
8.5000e+02,7.5160e-01,4.5803e+00,7.5033e+00,1.6675e+00,7.7600e-02
8.6000e+02,7.4224e-01,4.5714e+00,7.5033e+00,1.6763e+00,7.8085e-02
8.7000e+02,7.3302e-01,4.5626e+00,7.5033e+00,1.6851e+00,7.8564e-02
8.8000e+02,7.2393e-01,4.5540e+00,7.5033e+00,1.6937e+00,7.9036e-02
8.9000e+02,7.1497e-01,4.5455e+00,7.5033e+00,1.7022e+00,7.9503e-02
9.0000e+02,7.0613e-01,4.5371e+00,7.5033e+00,1.7106e+00,7.9964e-02
9.1000e+02,6.9741e-01,4.5288e+00,7.5033e+00,1.7188e+00,8.0420e-02
9.2000e+02,6.8882e-01,4.5207e+00,7.5033e+00,1.7270e+00,8.0870e-02
9.3000e+02,6.8035e-01,4.5127e+00,7.5033e+00,1.7350e+00,8.1314e-02
9.4000e+02,6.7200e-01,4.5047e+00,7.5033e+00,1.7429e+00,8.1753e-02
9.5000e+02,6.6376e-01,4.4969e+00,7.5033e+00,1.7507e+00,8.2186e-02
9.6000e+02,6.5564e-01,4.4892e+00,7.5033e+00,1.7584e+00,8.2615e-02
9.7000e+02,6.4762e-01,4.4816e+00,7.5033e+00,1.7660e+00,8.3038e-02
9.8000e+02,6.3972e-01,4.4741e+00,7.5033e+00,1.7735e+00,8.3455e-02
9.9000e+02,6.3193e-01,4.4667e+00,7.5033e+00,1.7809e+00,8.3868e-02
1.0000e+03,6.2424e-01,4.4594e+00,7.5033e+00,1.7882e+00,8.4276e-02
1.0100e+03,6.1666e-01,4.4523e+00,7.5033e+00,1.7953e+00,8.4679e-02
1.0200e+03,6.0918e-01,4.4452e+00,7.5033e+00,1.8024e+00,8.5077e-02
1.0300e+03,6.0180e-01,4.4382e+00,7.5033e+00,1.8094e+00,8.5470e-02
1.0400e+03,5.9452e-01,4.4313e+00,7.5033e+00,1.8163e+00,8.5858e-02
1.0500e+03,5.8734e-01,4.4245e+00,7.5033e+00,1.8231e+00,8.6242e-02
1.0600e+03,5.8026e-01,4.4178e+00,7.5033e+00,1.8298e+00,8.6621e-02
1.0700e+03,5.7327e-01,4.4111e+00,7.5033e+00,1.8364e+00,8.6996e-02
1.0800e+03,5.6638e-01,4.4046e+00,7.5033e+00,1.8429e+00,8.7366e-02
1.0900e+03,5.5957e-01,4.3982e+00,7.5033e+00,1.8494e+00,8.7731e-02
1.1000e+03,5.5286e-01,4.3918e+00,7.5033e+00,1.8557e+00,8.8092e-02
1.1100e+03,5.4624e-01,4.3855e+00,7.5033e+00,1.8620e+00,8.8449e-02
1.1200e+03,5.3971e-01,4.3793e+00,7.5033e+00,1.8682e+00,8.8802e-02
1.1300e+03,5.3326e-01,4.3732e+00,7.5033e+00,1.8743e+00,8.9150e-02
1.1400e+03,5.2690e-01,4.3672e+00,7.5033e+00,1.8803e+00,8.9495e-02
1.1500e+03,5.2062e-01,4.3612e+00,7.5033e+00,1.8862e+00,8.9835e-02
1.1600e+03,5.1442e-01,4.3554e+00,7.5033e+00,1.8921e+00,9.0171e-02
1.1700e+03,5.0830e-01,4.3496e+00,7.5033e+00,1.8979e+00,9.0503e-02
1.1800e+03,5.0227e-01,4.3439e+00,7.5033e+00,1.9036e+00,9.0832e-02
1.1900e+03,4.9631e-01,4.3382e+00,7.5033e+00,1.9092e+00,9.1156e-02
1.2000e+03,4.9043e-01,4.3327e+00,7.5033e+00,1.9148e+00,9.1476e-02
1.2100e+03,4.8463e-01,4.3272e+00,7.5033e+00,1.9202e+00,9.1793e-02
1.2200e+03,4.7890e-01,4.3218e+00,7.5033e+00,1.9257e+00,9.2106e-02
1.2300e+03,4.7325e-01,4.3164e+00,7.5033e+00,1.9310e+00,9.2415e-02
1.2400e+03,4.6767e-01,4.3111e+00,7.5033e+00,1.9363e+00,9.2721e-02
1.2500e+03,4.6216e-01,4.3059e+00,7.5033e+00,1.9415e+00,9.3023e-02
1.2600e+03,4.5673e-01,4.3008e+00,7.5033e+00,1.9466e+00,9.3322e-02
1.2700e+03,4.5136e-01,4.2957e+00,7.5033e+00,1.9517e+00,9.3617e-02
1.2800e+03,4.4606e-01,4.2907e+00,7.5033e+00,1.9567e+00,9.3908e-02
1.2900e+03,4.4083e-01,4.2857e+00,7.5033e+00,1.9616e+00,9.4196e-02
1.3000e+03,4.3567e-01,4.2808e+00,7.5033e+00,1.9665e+00,9.4481e-02
1.3100e+03,4.3057e-01,4.2760e+00,7.5033e+00,1.9713e+00,9.4763e-02
1.3200e+03,4.2553e-01,4.2713e+00,7.5033e+00,1.9761e+00,9.5041e-02
1.3300e+03,4.2056e-01,4.2666e+00,7.5033e+00,1.9808e+00,9.5316e-02
1.3400e+03,4.1566e-01,4.2619e+00,7.5033e+00,1.9854e+00,9.5587e-02
1.3500e+03,4.1081e-01,4.2573e+00,7.5033e+00,1.9900e+00,9.5856e-02
1.3600e+03,4.0603e-01,4.2528e+00,7.5033e+00,1.9945e+00,9.6121e-02
1.3700e+03,4.0131e-01,4.2483e+00,7.5033e+00,1.9990e+00,9.6384e-02
1.3800e+03,3.9664e-01,4.2439e+00,7.5033e+00,2.0034e+00,9.6643e-02
1.3900e+03,3.9204e-01,4.2396e+00,7.5033e+00,2.0077e+00,9.6899e-02
1.4000e+03,3.8749e-01,4.2353e+00,7.5033e+00,2.0120e+00,9.7153e-02
1.4100e+03,3.8300e-01,4.2310e+00,7.5033e+00,2.0163e+00,9.7403e-02
1.4200e+03,3.7857e-01,4.2268e+00,7.5033e+00,2.0205e+00,9.7651e-02
1.4300e+03,3.7419e-01,4.2227e+00,7.5033e+00,2.0246e+00,9.7895e-02
1.4400e+03,3.6986e-01,4.2186e+00,7.5033e+00,2.0287e+00,9.8137e-02
1.4500e+03,3.6559e-01,4.2146e+00,7.5033e+00,2.0327e+00,9.8376e-02
1.4600e+03,3.6137e-01,4.2106e+00,7.5033e+00,2.0367e+00,9.8612e-02
1.4700e+03,3.5721e-01,4.2067e+00,7.5033e+00,2.0406e+00,9.8846e-02
1.4800e+03,3.5309e-01,4.2028e+00,7.5033e+00,2.0445e+00,9.9077e-02
1.4900e+03,3.4903e-01,4.1989e+00,7.5033e+00,2.0483e+00,9.9305e-02
1.5000e+03,3.4502e-01,4.1951e+00,7.5033e+00,2.0521e+00,9.9531e-02
1.5100e+03,3.4105e-01,4.1914e+00,7.5033e+00,2.0559e+00,9.9754e-02
1.5200e+03,3.3714e-01,4.1877e+00,7.5033e+00,2.0596e+00,9.9974e-02
1.5300e+03,3.3327e-01,4.1840e+00,7.5033e+00,2.0632e+00,1.0019e-01
1.5400e+03,3.2945e-01,4.1804e+00,7.5033e+00,2.0668e+00,1.0041e-01
1.5500e+03,3.2568e-01,4.1769e+00,7.5033e+00,2.0704e+00,1.0062e-01
1.5600e+03,3.2195e-01,4.1733e+00,7.5033e+00,2.0739e+00,1.0083e-01
1.5700e+03,3.1827e-01,4.1699e+00,7.5033e+00,2.0774e+00,1.0104e-01
1.5800e+03,3.1464e-01,4.1664e+00,7.5033e+00,2.0808e+00,1.0125e-01
1.5900e+03,3.1104e-01,4.1630e+00,7.5033e+00,2.0842e+00,1.0145e-01
1.6000e+03,3.0750e-01,4.1597e+00,7.5033e+00,2.0875e+00,1.0165e-01
1.6100e+03,3.0399e-01,4.1564e+00,7.5033e+00,2.0908e+00,1.0185e-01
1.6200e+03,3.0053e-01,4.1531e+00,7.5033e+00,2.0941e+00,1.0204e-01
1.6300e+03,2.9711e-01,4.1499e+00,7.5033e+00,2.0973e+00,1.0224e-01
1.6400e+03,2.9373e-01,4.1467e+00,7.5033e+00,2.1005e+00,1.0243e-01
1.6500e+03,2.9039e-01,4.1435e+00,7.5033e+00,2.1037e+00,1.0262e-01
1.6600e+03,2.8709e-01,4.1404e+00,7.5033e+00,2.1068e+00,1.0281e-01
1.6700e+03,2.8383e-01,4.1373e+00,7.5033e+00,2.1098e+00,1.0299e-01
1.6800e+03,2.8061e-01,4.1343e+00,7.5033e+00,2.1129e+00,1.0318e-01
1.6900e+03,2.7743e-01,4.1313e+00,7.5033e+00,2.1159e+00,1.0336e-01
1.7000e+03,2.7429e-01,4.1283e+00,7.5033e+00,2.1188e+00,1.0354e-01
1.7100e+03,2.7118e-01,4.1254e+00,7.5033e+00,2.1218e+00,1.0372e-01
1.7200e+03,2.6811e-01,4.1225e+00,7.5033e+00,2.1247e+00,1.0389e-01
1.7300e+03,2.6508e-01,4.1196e+00,7.5033e+00,2.1275e+00,1.0407e-01
1.7400e+03,2.6209e-01,4.1168e+00,7.5033e+00,2.1303e+00,1.0424e-01
1.7500e+03,2.5913e-01,4.1140e+00,7.5033e+00,2.1331e+00,1.0441e-01
1.7600e+03,2.5620e-01,4.1112e+00,7.5033e+00,2.1359e+00,1.0457e-01
1.7700e+03,2.5331e-01,4.1085e+00,7.5033e+00,2.1386e+00,1.0474e-01
1.7800e+03,2.5046e-01,4.1058e+00,7.5033e+00,2.1413e+00,1.0490e-01
1.7900e+03,2.4764e-01,4.1032e+00,7.5033e+00,2.1440e+00,1.0507e-01
1.8000e+03,2.4485e-01,4.1005e+00,7.5033e+00,2.1466e+00,1.0523e-01
1.8100e+03,2.4209e-01,4.0979e+00,7.5033e+00,2.1492e+00,1.0538e-01
1.8200e+03,2.3937e-01,4.0954e+00,7.5033e+00,2.1518e+00,1.0554e-01
1.8300e+03,2.3668e-01,4.0928e+00,7.5033e+00,2.1543e+00,1.0570e-01
1.8400e+03,2.3402e-01,4.0903e+00,7.5033e+00,2.1568e+00,1.0585e-01
1.8500e+03,2.3139e-01,4.0878e+00,7.5033e+00,2.1593e+00,1.0600e-01
1.8600e+03,2.2880e-01,4.0854e+00,7.5033e+00,2.1617e+00,1.0615e-01
1.8700e+03,2.2623e-01,4.0830e+00,7.5033e+00,2.1641e+00,1.0630e-01
1.8800e+03,2.2370e-01,4.0806e+00,7.5033e+00,2.1665e+00,1.0644e-01
1.8900e+03,2.2119e-01,4.0782e+00,7.5033e+00,2.1689e+00,1.0659e-01
1.9000e+03,2.1871e-01,4.0759e+00,7.5033e+00,2.1712e+00,1.0673e-01
1.9100e+03,2.1627e-01,4.0736e+00,7.5033e+00,2.1735e+00,1.0687e-01
1.9200e+03,2.1385e-01,4.0713e+00,7.5033e+00,2.1758e+00,1.0701e-01
1.9300e+03,2.1146e-01,4.0690e+00,7.5033e+00,2.1781e+00,1.0715e-01
1.9400e+03,2.0909e-01,4.0668e+00,7.5033e+00,2.1803e+00,1.0729e-01
1.9500e+03,2.0676e-01,4.0646e+00,7.5033e+00,2.1825e+00,1.0742e-01
1.9600e+03,2.0445e-01,4.0624e+00,7.5033e+00,2.1847e+00,1.0756e-01
1.9700e+03,2.0217e-01,4.0603e+00,7.5033e+00,2.1868e+00,1.0769e-01
1.9800e+03,1.9992e-01,4.0581e+00,7.5033e+00,2.1889e+00,1.0782e-01
1.9900e+03,1.9769e-01,4.0560e+00,7.5033e+00,2.1910e+00,1.0795e-01
2.0000e+03,1.9549e-01,4.0540e+00,7.5033e+00,2.1931e+00,1.0808e-01
2.0100e+03,1.9331e-01,4.0519e+00,7.5033e+00,2.1952e+00,1.0820e-01
2.0200e+03,1.9116e-01,4.0499e+00,7.5033e+00,2.1972e+00,1.0833e-01
2.0300e+03,1.8903e-01,4.0479e+00,7.5033e+00,2.1992e+00,1.0845e-01
2.0400e+03,1.8693e-01,4.0459e+00,7.5033e+00,2.2012e+00,1.0857e-01
2.0500e+03,1.8485e-01,4.0439e+00,7.5033e+00,2.2031e+00,1.0870e-01
2.0600e+03,1.8280e-01,4.0420e+00,7.5033e+00,2.2051e+00,1.0882e-01
2.0700e+03,1.8077e-01,4.0401e+00,7.5033e+00,2.2070e+00,1.0893e-01
2.0800e+03,1.7876e-01,4.0382e+00,7.5033e+00,2.2089e+00,1.0905e-01
2.0900e+03,1.7678e-01,4.0363e+00,7.5033e+00,2.2107e+00,1.0917e-01
2.1000e+03,1.7482e-01,4.0345e+00,7.5033e+00,2.2126e+00,1.0928e-01
2.1100e+03,1.7288e-01,4.0326e+00,7.5033e+00,2.2144e+00,1.0939e-01
2.1200e+03,1.7096e-01,4.0308e+00,7.5033e+00,2.2162e+00,1.0951e-01
2.1300e+03,1.6907e-01,4.0291e+00,7.5033e+00,2.2180e+00,1.0962e-01
2.1400e+03,1.6720e-01,4.0273e+00,7.5033e+00,2.2198e+00,1.0973e-01
2.1500e+03,1.6535e-01,4.0255e+00,7.5033e+00,2.2215e+00,1.0983e-01
2.1600e+03,1.6352e-01,4.0238e+00,7.5033e+00,2.2232e+00,1.0994e-01
2.1700e+03,1.6171e-01,4.0221e+00,7.5033e+00,2.2249e+00,1.1005e-01
2.1800e+03,1.5992e-01,4.0204e+00,7.5033e+00,2.2266e+00,1.1015e-01
2.1900e+03,1.5815e-01,4.0188e+00,7.5033e+00,2.2283e+00,1.1025e-01
2.2000e+03,1.5640e-01,4.0171e+00,7.5033e+00,2.2299e+00,1.1036e-01
2.2100e+03,1.5468e-01,4.0155e+00,7.5033e+00,2.2315e+00,1.1046e-01
2.2200e+03,1.5297e-01,4.0139e+00,7.5033e+00,2.2331e+00,1.1056e-01
2.2300e+03,1.5128e-01,4.0123e+00,7.5033e+00,2.2347e+00,1.1066e-01
2.2400e+03,1.4961e-01,4.0107e+00,7.5033e+00,2.2363e+00,1.1076e-01
2.2500e+03,1.4796e-01,4.0092e+00,7.5033e+00,2.2379e+00,1.1085e-01
2.2600e+03,1.4633e-01,4.0076e+00,7.5033e+00,2.2394e+00,1.1095e-01
2.2700e+03,1.4472e-01,4.0061e+00,7.5033e+00,2.2409e+00,1.1104e-01
2.2800e+03,1.4313e-01,4.0046e+00,7.5033e+00,2.2424e+00,1.1114e-01
2.2900e+03,1.4155e-01,4.0031e+00,7.5033e+00,2.2439e+00,1.1123e-01
2.3000e+03,1.3999e-01,4.0016e+00,7.5033e+00,2.2454e+00,1.1132e-01
2.3100e+03,1.3845e-01,4.0002e+00,7.5033e+00,2.2468e+00,1.1141e-01
2.3200e+03,1.3693e-01,3.9988e+00,7.5033e+00,2.2482e+00,1.1150e-01
2.3300e+03,1.3542e-01,3.9973e+00,7.5033e+00,2.2497e+00,1.1159e-01
2.3400e+03,1.3393e-01,3.9959e+00,7.5033e+00,2.2511e+00,1.1168e-01
2.3500e+03,1.3246e-01,3.9945e+00,7.5033e+00,2.2524e+00,1.1176e-01
2.3600e+03,1.3101e-01,3.9932e+00,7.5033e+00,2.2538e+00,1.1185e-01
2.3700e+03,1.2957e-01,3.9918e+00,7.5033e+00,2.2552e+00,1.1193e-01
2.3800e+03,1.2814e-01,3.9905e+00,7.5033e+00,2.2565e+00,1.1202e-01
2.3900e+03,1.2674e-01,3.9892e+00,7.5033e+00,2.2578e+00,1.1210e-01
2.4000e+03,1.2535e-01,3.9878e+00,7.5033e+00,2.2591e+00,1.1218e-01
2.4100e+03,1.2397e-01,3.9865e+00,7.5033e+00,2.2604e+00,1.1226e-01
2.4200e+03,1.2261e-01,3.9853e+00,7.5033e+00,2.2617e+00,1.1234e-01
2.4300e+03,1.2127e-01,3.9840e+00,7.5033e+00,2.2630e+00,1.1242e-01
2.4400e+03,1.1994e-01,3.9827e+00,7.5033e+00,2.2642e+00,1.1250e-01
2.4500e+03,1.1862e-01,3.9815e+00,7.5033e+00,2.2655e+00,1.1258e-01
2.4600e+03,1.1732e-01,3.9803e+00,7.5033e+00,2.2667e+00,1.1266e-01
2.4700e+03,1.1604e-01,3.9791e+00,7.5033e+00,2.2679e+00,1.1273e-01
2.4800e+03,1.1477e-01,3.9779e+00,7.5033e+00,2.2691e+00,1.1281e-01
2.4900e+03,1.1351e-01,3.9767e+00,7.5033e+00,2.2703e+00,1.1288e-01
2.5000e+03,1.1227e-01,3.9755e+00,7.5033e+00,2.2714e+00,1.1296e-01
2.5100e+03,1.1104e-01,3.9744e+00,7.5033e+00,2.2726e+00,1.1303e-01
2.5200e+03,1.0983e-01,3.9732e+00,7.5033e+00,2.2737e+00,1.1310e-01
2.5300e+03,1.0863e-01,3.9721e+00,7.5033e+00,2.2749e+00,1.1317e-01
2.5400e+03,1.0744e-01,3.9710e+00,7.5033e+00,2.2760e+00,1.1324e-01
2.5500e+03,1.0627e-01,3.9699e+00,7.5033e+00,2.2771e+00,1.1331e-01
2.5600e+03,1.0511e-01,3.9688e+00,7.5033e+00,2.2782e+00,1.1338e-01
2.5700e+03,1.0396e-01,3.9677e+00,7.5033e+00,2.2793e+00,1.1345e-01
2.5800e+03,1.0282e-01,3.9666e+00,7.5033e+00,2.2803e+00,1.1351e-01
2.5900e+03,1.0170e-01,3.9656e+00,7.5033e+00,2.2814e+00,1.1358e-01
2.6000e+03,1.0059e-01,3.9645e+00,7.5033e+00,2.2824e+00,1.1365e-01
2.6100e+03,9.9492e-02,3.9635e+00,7.5033e+00,2.2835e+00,1.1371e-01
2.6200e+03,9.8407e-02,3.9625e+00,7.5033e+00,2.2845e+00,1.1378e-01
2.6300e+03,9.7334e-02,3.9615e+00,7.5033e+00,2.2855e+00,1.1384e-01
2.6400e+03,9.6272e-02,3.9605e+00,7.5033e+00,2.2865e+00,1.1390e-01
2.6500e+03,9.5223e-02,3.9595e+00,7.5033e+00,2.2875e+00,1.1397e-01
2.6600e+03,9.4185e-02,3.9585e+00,7.5033e+00,2.2885e+00,1.1403e-01
2.6700e+03,9.3159e-02,3.9575e+00,7.5033e+00,2.2894e+00,1.1409e-01
2.6800e+03,9.2144e-02,3.9566e+00,7.5033e+00,2.2904e+00,1.1415e-01
2.6900e+03,9.1140e-02,3.9556e+00,7.5033e+00,2.2913e+00,1.1421e-01
2.7000e+03,9.0148e-02,3.9547e+00,7.5033e+00,2.2923e+00,1.1427e-01
2.7100e+03,8.9166e-02,3.9538e+00,7.5033e+00,2.2932e+00,1.1433e-01
2.7200e+03,8.8196e-02,3.9528e+00,7.5033e+00,2.2941e+00,1.1438e-01
2.7300e+03,8.7236e-02,3.9519e+00,7.5033e+00,2.2950e+00,1.1444e-01
2.7400e+03,8.6287e-02,3.9510e+00,7.5033e+00,2.2959e+00,1.1450e-01
2.7500e+03,8.5348e-02,3.9502e+00,7.5033e+00,2.2968e+00,1.1455e-01
2.7600e+03,8.4420e-02,3.9493e+00,7.5033e+00,2.2976e+00,1.1461e-01
2.7700e+03,8.3502e-02,3.9484e+00,7.5033e+00,2.2985e+00,1.1466e-01
2.7800e+03,8.2594e-02,3.9476e+00,7.5033e+00,2.2994e+00,1.1472e-01
2.7900e+03,8.1697e-02,3.9467e+00,7.5033e+00,2.3002e+00,1.1477e-01
2.8000e+03,8.0809e-02,3.9459e+00,7.5033e+00,2.3010e+00,1.1482e-01
2.8100e+03,7.9931e-02,3.9451e+00,7.5033e+00,2.3019e+00,1.1488e-01
2.8200e+03,7.9062e-02,3.9442e+00,7.5033e+00,2.3027e+00,1.1493e-01
2.8300e+03,7.8204e-02,3.9434e+00,7.5033e+00,2.3035e+00,1.1498e-01
2.8400e+03,7.7355e-02,3.9426e+00,7.5033e+00,2.3043e+00,1.1503e-01
2.8500e+03,7.6515e-02,3.9418e+00,7.5033e+00,2.3051e+00,1.1508e-01
2.8600e+03,7.5684e-02,3.9411e+00,7.5033e+00,2.3059e+00,1.1513e-01
2.8700e+03,7.4863e-02,3.9403e+00,7.5033e+00,2.3066e+00,1.1518e-01
2.8800e+03,7.4050e-02,3.9395e+00,7.5033e+00,2.3074e+00,1.1523e-01
2.8900e+03,7.3247e-02,3.9388e+00,7.5033e+00,2.3082e+00,1.1527e-01
2.9000e+03,7.2453e-02,3.9380e+00,7.5033e+00,2.3089e+00,1.1532e-01
2.9100e+03,7.1667e-02,3.9373e+00,7.5033e+00,2.3096e+00,1.1537e-01
2.9200e+03,7.0890e-02,3.9366e+00,7.5033e+00,2.3104e+00,1.1542e-01
2.9300e+03,7.0121e-02,3.9358e+00,7.5033e+00,2.3111e+00,1.1546e-01
2.9400e+03,6.9361e-02,3.9351e+00,7.5033e+00,2.3118e+00,1.1551e-01
2.9500e+03,6.8609e-02,3.9344e+00,7.5033e+00,2.3125e+00,1.1555e-01
2.9600e+03,6.7866e-02,3.9337e+00,7.5033e+00,2.3132e+00,1.1560e-01
2.9700e+03,6.7131e-02,3.9330e+00,7.5033e+00,2.3139e+00,1.1564e-01
2.9800e+03,6.6403e-02,3.9323e+00,7.5033e+00,2.3146e+00,1.1568e-01
2.9900e+03,6.5684e-02,3.9317e+00,7.5033e+00,2.3153e+00,1.1573e-01
3.0000e+03,6.4973e-02,3.9310e+00,7.5033e+00,2.3159e+00,1.1577e-01
3.0100e+03,6.4269e-02,3.9303e+00,7.5033e+00,2.3166e+00,1.1581e-01
3.0200e+03,6.3574e-02,3.9297e+00,7.5033e+00,2.3172e+00,1.1585e-01
3.0300e+03,6.2885e-02,3.9290e+00,7.5033e+00,2.3179e+00,1.1589e-01
3.0400e+03,6.2205e-02,3.9284e+00,7.5033e+00,2.3185e+00,1.1593e-01
3.0500e+03,6.1532e-02,3.9277e+00,7.5033e+00,2.3192e+00,1.1597e-01
3.0600e+03,6.0866e-02,3.9271e+00,7.5033e+00,2.3198e+00,1.1601e-01
3.0700e+03,6.0207e-02,3.9265e+00,7.5033e+00,2.3204e+00,1.1605e-01
3.0800e+03,5.9556e-02,3.9259e+00,7.5033e+00,2.3210e+00,1.1609e-01
3.0900e+03,5.8912e-02,3.9253e+00,7.5033e+00,2.3216e+00,1.1613e-01
3.1000e+03,5.8275e-02,3.9247e+00,7.5033e+00,2.3222e+00,1.1617e-01
3.1100e+03,5.7645e-02,3.9241e+00,7.5033e+00,2.3228e+00,1.1621e-01
3.1200e+03,5.7022e-02,3.9235e+00,7.5033e+00,2.3234e+00,1.1624e-01
3.1300e+03,5.6406e-02,3.9229e+00,7.5033e+00,2.3240e+00,1.1628e-01
3.1400e+03,5.5796e-02,3.9223e+00,7.5033e+00,2.3246e+00,1.1632e-01
3.1500e+03,5.5193e-02,3.9218e+00,7.5033e+00,2.3251e+00,1.1635e-01
3.1600e+03,5.4597e-02,3.9212e+00,7.5033e+00,2.3257e+00,1.1639e-01
3.1700e+03,5.4007e-02,3.9207e+00,7.5033e+00,2.3262e+00,1.1643e-01
3.1800e+03,5.3423e-02,3.9201e+00,7.5033e+00,2.3268e+00,1.1646e-01
3.1900e+03,5.2846e-02,3.9196e+00,7.5033e+00,2.3273e+00,1.1649e-01
3.2000e+03,5.2276e-02,3.9190e+00,7.5033e+00,2.3279e+00,1.1653e-01
3.2100e+03,5.1711e-02,3.9185e+00,7.5033e+00,2.3284e+00,1.1656e-01
3.2200e+03,5.1153e-02,3.9180e+00,7.5033e+00,2.3289e+00,1.1660e-01
3.2300e+03,5.0601e-02,3.9175e+00,7.5033e+00,2.3294e+00,1.1663e-01
3.2400e+03,5.0055e-02,3.9169e+00,7.5033e+00,2.3300e+00,1.1666e-01
3.2500e+03,4.9514e-02,3.9164e+00,7.5033e+00,2.3305e+00,1.1669e-01
3.2600e+03,4.8980e-02,3.9159e+00,7.5033e+00,2.3310e+00,1.1673e-01
3.2700e+03,4.8452e-02,3.9154e+00,7.5033e+00,2.3315e+00,1.1676e-01
3.2800e+03,4.7929e-02,3.9149e+00,7.5033e+00,2.3320e+00,1.1679e-01
3.2900e+03,4.7412e-02,3.9145e+00,7.5033e+00,2.3324e+00,1.1682e-01
3.3000e+03,4.6900e-02,3.9140e+00,7.5033e+00,2.3329e+00,1.1685e-01
3.3100e+03,4.6395e-02,3.9135e+00,7.5033e+00,2.3334e+00,1.1688e-01
3.3200e+03,4.5894e-02,3.9130e+00,7.5033e+00,2.3339e+00,1.1691e-01
3.3300e+03,4.5399e-02,3.9126e+00,7.5033e+00,2.3343e+00,1.1694e-01
3.3400e+03,4.4910e-02,3.9121e+00,7.5033e+00,2.3348e+00,1.1697e-01
3.3500e+03,4.4426e-02,3.9116e+00,7.5033e+00,2.3352e+00,1.1700e-01
3.3600e+03,4.3947e-02,3.9112e+00,7.5033e+00,2.3357e+00,1.1703e-01
3.3700e+03,4.3473e-02,3.9107e+00,7.5033e+00,2.3361e+00,1.1706e-01
3.3800e+03,4.3005e-02,3.9103e+00,7.5033e+00,2.3366e+00,1.1709e-01
3.3900e+03,4.2541e-02,3.9099e+00,7.5033e+00,2.3370e+00,1.1711e-01
3.4000e+03,4.2083e-02,3.9094e+00,7.5033e+00,2.3374e+00,1.1714e-01
3.4100e+03,4.1630e-02,3.9090e+00,7.5033e+00,2.3379e+00,1.1717e-01
3.4200e+03,4.1181e-02,3.9086e+00,7.5033e+00,2.3383e+00,1.1719e-01
3.4300e+03,4.0738e-02,3.9082e+00,7.5033e+00,2.3387e+00,1.1722e-01
3.4400e+03,4.0299e-02,3.9078e+00,7.5033e+00,2.3391e+00,1.1725e-01
3.4500e+03,3.9865e-02,3.9073e+00,7.5033e+00,2.3395e+00,1.1727e-01
3.4600e+03,3.9436e-02,3.9069e+00,7.5033e+00,2.3399e+00,1.1730e-01
3.4700e+03,3.9011e-02,3.9065e+00,7.5033e+00,2.3403e+00,1.1733e-01
3.4800e+03,3.8591e-02,3.9061e+00,7.5033e+00,2.3407e+00,1.1735e-01
3.4900e+03,3.8176e-02,3.9058e+00,7.5033e+00,2.3411e+00,1.1738e-01
3.5000e+03,3.7765e-02,3.9054e+00,7.5033e+00,2.3415e+00,1.1740e-01
3.5100e+03,3.7358e-02,3.9050e+00,7.5033e+00,2.3419e+00,1.1742e-01
3.5200e+03,3.6956e-02,3.9046e+00,7.5033e+00,2.3423e+00,1.1745e-01
3.5300e+03,3.6558e-02,3.9042e+00,7.5033e+00,2.3426e+00,1.1747e-01
3.5400e+03,3.6165e-02,3.9039e+00,7.5033e+00,2.3430e+00,1.1750e-01
3.5500e+03,3.5776e-02,3.9035e+00,7.5033e+00,2.3434e+00,1.1752e-01
3.5600e+03,3.5391e-02,3.9031e+00,7.5033e+00,2.3437e+00,1.1754e-01
3.5700e+03,3.5010e-02,3.9028e+00,7.5033e+00,2.3441e+00,1.1757e-01
3.5800e+03,3.4634e-02,3.9024e+00,7.5033e+00,2.3445e+00,1.1759e-01
3.5900e+03,3.4261e-02,3.9021e+00,7.5033e+00,2.3448e+00,1.1761e-01
3.6000e+03,3.3893e-02,3.9017e+00,7.5033e+00,2.3451e+00,1.1763e-01
3.6100e+03,3.3528e-02,3.9014e+00,7.5033e+00,2.3455e+00,1.1766e-01
3.6200e+03,3.3168e-02,3.9010e+00,7.5033e+00,2.3458e+00,1.1768e-01
3.6300e+03,3.2811e-02,3.9007e+00,7.5033e+00,2.3462e+00,1.1770e-01
3.6400e+03,3.2458e-02,3.9004e+00,7.5033e+00,2.3465e+00,1.1772e-01
3.6500e+03,3.2109e-02,3.9000e+00,7.5033e+00,2.3468e+00,1.1774e-01
3.6600e+03,3.1764e-02,3.8997e+00,7.5033e+00,2.3471e+00,1.1776e-01
3.6700e+03,3.1423e-02,3.8994e+00,7.5033e+00,2.3475e+00,1.1778e-01
3.6800e+03,3.1085e-02,3.8991e+00,7.5033e+00,2.3478e+00,1.1780e-01
3.6900e+03,3.0751e-02,3.8988e+00,7.5033e+00,2.3481e+00,1.1782e-01
3.7000e+03,3.0420e-02,3.8985e+00,7.5033e+00,2.3484e+00,1.1784e-01
3.7100e+03,3.0093e-02,3.8982e+00,7.5033e+00,2.3487e+00,1.1786e-01
3.7200e+03,2.9770e-02,3.8978e+00,7.5033e+00,2.3490e+00,1.1788e-01
3.7300e+03,2.9450e-02,3.8975e+00,7.5033e+00,2.3493e+00,1.1790e-01
3.7400e+03,2.9134e-02,3.8972e+00,7.5033e+00,2.3496e+00,1.1792e-01
3.7500e+03,2.8821e-02,3.8970e+00,7.5033e+00,2.3499e+00,1.1794e-01
3.7600e+03,2.8511e-02,3.8967e+00,7.5033e+00,2.3502e+00,1.1796e-01
3.7700e+03,2.8205e-02,3.8964e+00,7.5033e+00,2.3505e+00,1.1798e-01
3.7800e+03,2.7902e-02,3.8961e+00,7.5033e+00,2.3508e+00,1.1799e-01
3.7900e+03,2.7602e-02,3.8958e+00,7.5033e+00,2.3511e+00,1.1801e-01
3.8000e+03,2.7306e-02,3.8955e+00,7.5033e+00,2.3513e+00,1.1803e-01
3.8100e+03,2.7013e-02,3.8953e+00,7.5033e+00,2.3516e+00,1.1805e-01
3.8200e+03,2.6723e-02,3.8950e+00,7.5033e+00,2.3519e+00,1.1807e-01
3.8300e+03,2.6436e-02,3.8947e+00,7.5033e+00,2.3522e+00,1.1808e-01
3.8400e+03,2.6152e-02,3.8944e+00,7.5033e+00,2.3524e+00,1.1810e-01
3.8500e+03,2.5871e-02,3.8942e+00,7.5033e+00,2.3527e+00,1.1812e-01
3.8600e+03,2.5593e-02,3.8939e+00,7.5033e+00,2.3529e+00,1.1813e-01
3.8700e+03,2.5319e-02,3.8937e+00,7.5033e+00,2.3532e+00,1.1815e-01
3.8800e+03,2.5047e-02,3.8934e+00,7.5033e+00,2.3535e+00,1.1817e-01
3.8900e+03,2.4778e-02,3.8932e+00,7.5033e+00,2.3537e+00,1.1818e-01
3.9000e+03,2.4512e-02,3.8929e+00,7.5033e+00,2.3540e+00,1.1820e-01
3.9100e+03,2.4249e-02,3.8927e+00,7.5033e+00,2.3542e+00,1.1821e-01
3.9200e+03,2.3989e-02,3.8924e+00,7.5033e+00,2.3545e+00,1.1823e-01
3.9300e+03,2.3731e-02,3.8922e+00,7.5033e+00,2.3547e+00,1.1825e-01
3.9400e+03,2.3477e-02,3.8919e+00,7.5033e+00,2.3549e+00,1.1826e-01
3.9500e+03,2.3225e-02,3.8917e+00,7.5033e+00,2.3552e+00,1.1828e-01
3.9600e+03,2.2976e-02,3.8915e+00,7.5033e+00,2.3554e+00,1.1829e-01
3.9700e+03,2.2729e-02,3.8912e+00,7.5033e+00,2.3556e+00,1.1831e-01
3.9800e+03,2.2485e-02,3.8910e+00,7.5033e+00,2.3559e+00,1.1832e-01
3.9900e+03,2.2244e-02,3.8908e+00,7.5033e+00,2.3561e+00,1.1834e-01
4.0000e+03,2.2005e-02,3.8905e+00,7.5033e+00,2.3563e+00,1.1835e-01
4.0100e+03,2.1769e-02,3.8903e+00,7.5033e+00,2.3565e+00,1.1836e-01
4.0200e+03,2.1536e-02,3.8901e+00,7.5033e+00,2.3568e+00,1.1838e-01
4.0300e+03,2.1305e-02,3.8899e+00,7.5033e+00,2.3570e+00,1.1839e-01
4.0400e+03,2.1076e-02,3.8897e+00,7.5033e+00,2.3572e+00,1.1841e-01
4.0500e+03,2.0850e-02,3.8895e+00,7.5033e+00,2.3574e+00,1.1842e-01
4.0600e+03,2.0627e-02,3.8892e+00,7.5033e+00,2.3576e+00,1.1843e-01
4.0700e+03,2.0406e-02,3.8890e+00,7.5033e+00,2.3578e+00,1.1845e-01
4.0800e+03,2.0187e-02,3.8888e+00,7.5033e+00,2.3580e+00,1.1846e-01
4.0900e+03,1.9970e-02,3.8886e+00,7.5033e+00,2.3582e+00,1.1847e-01
4.1000e+03,1.9756e-02,3.8884e+00,7.5033e+00,2.3584e+00,1.1849e-01
4.1100e+03,1.9544e-02,3.8882e+00,7.5033e+00,2.3586e+00,1.1850e-01
4.1200e+03,1.9335e-02,3.8880e+00,7.5033e+00,2.3588e+00,1.1851e-01
4.1300e+03,1.9128e-02,3.8878e+00,7.5033e+00,2.3590e+00,1.1852e-01
4.1400e+03,1.8923e-02,3.8876e+00,7.5033e+00,2.3592e+00,1.1854e-01
4.1500e+03,1.8720e-02,3.8875e+00,7.5033e+00,2.3594e+00,1.1855e-01
4.1600e+03,1.8519e-02,3.8873e+00,7.5033e+00,2.3596e+00,1.1856e-01
4.1700e+03,1.8321e-02,3.8871e+00,7.5033e+00,2.3598e+00,1.1857e-01
4.1800e+03,1.8124e-02,3.8869e+00,7.5033e+00,2.3600e+00,1.1858e-01
4.1900e+03,1.7930e-02,3.8867e+00,7.5033e+00,2.3601e+00,1.1860e-01
4.2000e+03,1.7738e-02,3.8865e+00,7.5033e+00,2.3603e+00,1.1861e-01
4.2100e+03,1.7548e-02,3.8863e+00,7.5033e+00,2.3605e+00,1.1862e-01
4.2200e+03,1.7360e-02,3.8862e+00,7.5033e+00,2.3607e+00,1.1863e-01
4.2300e+03,1.7174e-02,3.8860e+00,7.5033e+00,2.3609e+00,1.1864e-01
4.2400e+03,1.6990e-02,3.8858e+00,7.5033e+00,2.3610e+00,1.1865e-01
4.2500e+03,1.6808e-02,3.8857e+00,7.5033e+00,2.3612e+00,1.1866e-01
4.2600e+03,1.6628e-02,3.8855e+00,7.5033e+00,2.3614e+00,1.1868e-01
4.2700e+03,1.6449e-02,3.8853e+00,7.5033e+00,2.3615e+00,1.1869e-01
4.2800e+03,1.6273e-02,3.8851e+00,7.5033e+00,2.3617e+00,1.1870e-01
4.2900e+03,1.6099e-02,3.8850e+00,7.5033e+00,2.3619e+00,1.1871e-01
4.3000e+03,1.5926e-02,3.8848e+00,7.5033e+00,2.3620e+00,1.1872e-01
4.3100e+03,1.5756e-02,3.8847e+00,7.5033e+00,2.3622e+00,1.1873e-01
4.3200e+03,1.5587e-02,3.8845e+00,7.5033e+00,2.3623e+00,1.1874e-01
4.3300e+03,1.5420e-02,3.8843e+00,7.5033e+00,2.3625e+00,1.1875e-01
4.3400e+03,1.5255e-02,3.8842e+00,7.5033e+00,2.3627e+00,1.1876e-01
4.3500e+03,1.5092e-02,3.8840e+00,7.5033e+00,2.3628e+00,1.1877e-01
4.3600e+03,1.4930e-02,3.8839e+00,7.5033e+00,2.3630e+00,1.1878e-01
4.3700e+03,1.4770e-02,3.8837e+00,7.5033e+00,2.3631e+00,1.1879e-01
4.3800e+03,1.4612e-02,3.8836e+00,7.5033e+00,2.3633e+00,1.1880e-01
4.3900e+03,1.4455e-02,3.8834e+00,7.5033e+00,2.3634e+00,1.1881e-01
4.4000e+03,1.4301e-02,3.8833e+00,7.5033e+00,2.3636e+00,1.1882e-01
4.4100e+03,1.4147e-02,3.8831e+00,7.5033e+00,2.3637e+00,1.1883e-01
4.4200e+03,1.3996e-02,3.8830e+00,7.5033e+00,2.3638e+00,1.1883e-01
4.4300e+03,1.3846e-02,3.8829e+00,7.5033e+00,2.3640e+00,1.1884e-01
4.4400e+03,1.3698e-02,3.8827e+00,7.5033e+00,2.3641e+00,1.1885e-01
4.4500e+03,1.3551e-02,3.8826e+00,7.5033e+00,2.3643e+00,1.1886e-01
4.4600e+03,1.3406e-02,3.8825e+00,7.5033e+00,2.3644e+00,1.1887e-01
4.4700e+03,1.3263e-02,3.8823e+00,7.5033e+00,2.3645e+00,1.1888e-01
4.4800e+03,1.3121e-02,3.8822e+00,7.5033e+00,2.3647e+00,1.1889e-01
4.4900e+03,1.2980e-02,3.8821e+00,7.5033e+00,2.3648e+00,1.1890e-01
4.5000e+03,1.2841e-02,3.8819e+00,7.5033e+00,2.3649e+00,1.1890e-01
4.5100e+03,1.2704e-02,3.8818e+00,7.5033e+00,2.3651e+00,1.1891e-01
4.5200e+03,1.2568e-02,3.8817e+00,7.5033e+00,2.3652e+00,1.1892e-01
4.5300e+03,1.2433e-02,3.8815e+00,7.5033e+00,2.3653e+00,1.1893e-01
4.5400e+03,1.2300e-02,3.8814e+00,7.5033e+00,2.3654e+00,1.1894e-01
4.5500e+03,1.2169e-02,3.8813e+00,7.5033e+00,2.3656e+00,1.1894e-01
4.5600e+03,1.2038e-02,3.8812e+00,7.5033e+00,2.3657e+00,1.1895e-01
4.5700e+03,1.1909e-02,3.8810e+00,7.5033e+00,2.3658e+00,1.1896e-01
4.5800e+03,1.1782e-02,3.8809e+00,7.5033e+00,2.3659e+00,1.1897e-01
4.5900e+03,1.1656e-02,3.8808e+00,7.5033e+00,2.3660e+00,1.1898e-01
4.6000e+03,1.1531e-02,3.8807e+00,7.5033e+00,2.3662e+00,1.1898e-01
4.6100e+03,1.1408e-02,3.8806e+00,7.5033e+00,2.3663e+00,1.1899e-01
4.6200e+03,1.1286e-02,3.8805e+00,7.5033e+00,2.3664e+00,1.1900e-01
4.6300e+03,1.1165e-02,3.8803e+00,7.5033e+00,2.3665e+00,1.1901e-01
4.6400e+03,1.1045e-02,3.8802e+00,7.5033e+00,2.3666e+00,1.1901e-01
4.6500e+03,1.0927e-02,3.8801e+00,7.5033e+00,2.3667e+00,1.1902e-01
4.6600e+03,1.0810e-02,3.8800e+00,7.5033e+00,2.3668e+00,1.1903e-01
4.6700e+03,1.0695e-02,3.8799e+00,7.5033e+00,2.3669e+00,1.1903e-01
4.6800e+03,1.0580e-02,3.8798e+00,7.5033e+00,2.3671e+00,1.1904e-01
4.6900e+03,1.0467e-02,3.8797e+00,7.5033e+00,2.3672e+00,1.1905e-01
4.7000e+03,1.0355e-02,3.8796e+00,7.5033e+00,2.3673e+00,1.1905e-01
4.7100e+03,1.0244e-02,3.8795e+00,7.5033e+00,2.3674e+00,1.1906e-01
4.7200e+03,1.0135e-02,3.8794e+00,7.5033e+00,2.3675e+00,1.1907e-01
4.7300e+03,1.0026e-02,3.8793e+00,7.5033e+00,2.3676e+00,1.1907e-01
4.7400e+03,9.9190e-03,3.8792e+00,7.5033e+00,2.3677e+00,1.1908e-01
4.7500e+03,9.8128e-03,3.8791e+00,7.5033e+00,2.3678e+00,1.1909e-01
4.7600e+03,9.7079e-03,3.8790e+00,7.5033e+00,2.3679e+00,1.1909e-01
4.7700e+03,9.6040e-03,3.8789e+00,7.5033e+00,2.3680e+00,1.1910e-01
4.7800e+03,9.5013e-03,3.8788e+00,7.5033e+00,2.3681e+00,1.1911e-01
4.7900e+03,9.3997e-03,3.8787e+00,7.5033e+00,2.3682e+00,1.1911e-01
4.8000e+03,9.2991e-03,3.8786e+00,7.5033e+00,2.3683e+00,1.1912e-01
4.8100e+03,9.1996e-03,3.8785e+00,7.5033e+00,2.3683e+00,1.1912e-01
4.8200e+03,9.1012e-03,3.8784e+00,7.5033e+00,2.3684e+00,1.1913e-01
4.8300e+03,9.0039e-03,3.8783e+00,7.5033e+00,2.3685e+00,1.1914e-01
4.8400e+03,8.9076e-03,3.8782e+00,7.5033e+00,2.3686e+00,1.1914e-01
4.8500e+03,8.8123e-03,3.8781e+00,7.5033e+00,2.3687e+00,1.1915e-01
4.8600e+03,8.7181e-03,3.8780e+00,7.5033e+00,2.3688e+00,1.1915e-01
4.8700e+03,8.6248e-03,3.8780e+00,7.5033e+00,2.3689e+00,1.1916e-01
4.8800e+03,8.5326e-03,3.8779e+00,7.5033e+00,2.3690e+00,1.1917e-01
4.8900e+03,8.4413e-03,3.8778e+00,7.5033e+00,2.3691e+00,1.1917e-01
4.9000e+03,8.3511e-03,3.8777e+00,7.5033e+00,2.3691e+00,1.1918e-01
4.9100e+03,8.2618e-03,3.8776e+00,7.5033e+00,2.3692e+00,1.1918e-01
4.9200e+03,8.1734e-03,3.8775e+00,7.5033e+00,2.3693e+00,1.1919e-01
4.9300e+03,8.0860e-03,3.8774e+00,7.5033e+00,2.3694e+00,1.1919e-01
4.9400e+03,7.9995e-03,3.8774e+00,7.5033e+00,2.3695e+00,1.1920e-01
4.9500e+03,7.9140e-03,3.8773e+00,7.5033e+00,2.3696e+00,1.1920e-01
4.9600e+03,7.8294e-03,3.8772e+00,7.5033e+00,2.3696e+00,1.1921e-01
4.9700e+03,7.7457e-03,3.8771e+00,7.5033e+00,2.3697e+00,1.1921e-01
4.9800e+03,7.6628e-03,3.8770e+00,7.5033e+00,2.3698e+00,1.1922e-01
4.9900e+03,7.5809e-03,3.8770e+00,7.5033e+00,2.3699e+00,1.1922e-01
5.0000e+03,7.4998e-03,3.8769e+00,7.5033e+00,2.3699e+00,1.1923e-01
5.0100e+03,7.4197e-03,3.8768e+00,7.5033e+00,2.3700e+00,1.1923e-01
5.0200e+03,7.3403e-03,3.8767e+00,7.5033e+00,2.3701e+00,1.1924e-01
5.0300e+03,7.2618e-03,3.8767e+00,7.5033e+00,2.3702e+00,1.1924e-01
5.0400e+03,7.1842e-03,3.8766e+00,7.5033e+00,2.3702e+00,1.1925e-01
5.0500e+03,7.1074e-03,3.8765e+00,7.5033e+00,2.3703e+00,1.1925e-01
5.0600e+03,7.0314e-03,3.8765e+00,7.5033e+00,2.3704e+00,1.1926e-01
5.0700e+03,6.9562e-03,3.8764e+00,7.5033e+00,2.3705e+00,1.1926e-01
5.0800e+03,6.8819e-03,3.8763e+00,7.5033e+00,2.3705e+00,1.1926e-01
5.0900e+03,6.8083e-03,3.8762e+00,7.5033e+00,2.3706e+00,1.1927e-01
5.1000e+03,6.7355e-03,3.8762e+00,7.5033e+00,2.3707e+00,1.1927e-01
5.1100e+03,6.6635e-03,3.8761e+00,7.5033e+00,2.3707e+00,1.1928e-01
5.1200e+03,6.5923e-03,3.8760e+00,7.5033e+00,2.3708e+00,1.1928e-01
5.1300e+03,6.5218e-03,3.8760e+00,7.5033e+00,2.3709e+00,1.1929e-01
5.1400e+03,6.4521e-03,3.8759e+00,7.5033e+00,2.3709e+00,1.1929e-01
5.1500e+03,6.3831e-03,3.8758e+00,7.5033e+00,2.3710e+00,1.1930e-01
5.1600e+03,6.3149e-03,3.8758e+00,7.5033e+00,2.3711e+00,1.1930e-01
5.1700e+03,6.2474e-03,3.8757e+00,7.5033e+00,2.3711e+00,1.1930e-01
5.1800e+03,6.1806e-03,3.8757e+00,7.5033e+00,2.3712e+00,1.1931e-01
5.1900e+03,6.1145e-03,3.8756e+00,7.5033e+00,2.3712e+00,1.1931e-01
5.2000e+03,6.0492e-03,3.8755e+00,7.5033e+00,2.3713e+00,1.1932e-01
5.2100e+03,5.9845e-03,3.8755e+00,7.5033e+00,2.3714e+00,1.1932e-01
5.2200e+03,5.9206e-03,3.8754e+00,7.5033e+00,2.3714e+00,1.1932e-01
5.2300e+03,5.8573e-03,3.8754e+00,7.5033e+00,2.3715e+00,1.1933e-01
5.2400e+03,5.7947e-03,3.8753e+00,7.5033e+00,2.3715e+00,1.1933e-01
5.2500e+03,5.7327e-03,3.8752e+00,7.5033e+00,2.3716e+00,1.1933e-01
5.2600e+03,5.6715e-03,3.8752e+00,7.5033e+00,2.3717e+00,1.1934e-01
5.2700e+03,5.6109e-03,3.8751e+00,7.5033e+00,2.3717e+00,1.1934e-01
5.2800e+03,5.5509e-03,3.8751e+00,7.5033e+00,2.3718e+00,1.1935e-01
5.2900e+03,5.4916e-03,3.8750e+00,7.5033e+00,2.3718e+00,1.1935e-01
5.3000e+03,5.4329e-03,3.8750e+00,7.5033e+00,2.3719e+00,1.1935e-01
5.3100e+03,5.3748e-03,3.8749e+00,7.5033e+00,2.3719e+00,1.1936e-01
5.3200e+03,5.3174e-03,3.8748e+00,7.5033e+00,2.3720e+00,1.1936e-01
5.3300e+03,5.2606e-03,3.8748e+00,7.5033e+00,2.3720e+00,1.1936e-01
5.3400e+03,5.2043e-03,3.8747e+00,7.5033e+00,2.3721e+00,1.1937e-01
5.3500e+03,5.1487e-03,3.8747e+00,7.5033e+00,2.3722e+00,1.1937e-01
5.3600e+03,5.0937e-03,3.8746e+00,7.5033e+00,2.3722e+00,1.1937e-01
5.3700e+03,5.0393e-03,3.8746e+00,7.5033e+00,2.3723e+00,1.1938e-01
5.3800e+03,4.9854e-03,3.8745e+00,7.5033e+00,2.3723e+00,1.1938e-01
