t,[L2M],[D],[L],[L2MD],[L2Ms]
0.0000e+00,2.5000e+00,1.2500e+01,1.7500e+01,0.0000e+00,0.0000e+00
1.0000e+01,2.4636e+00,1.2466e+01,1.7501e+01,3.4295e-02,6.8685e-04
2.0000e+01,2.4291e+00,1.2432e+01,1.7501e+01,6.8097e-02,1.3657e-03
3.0000e+01,2.3952e+00,1.2399e+01,1.7501e+01,1.0134e-01,2.0350e-03
4.0000e+01,2.3618e+00,1.2366e+01,1.7501e+01,1.3403e-01,2.6951e-03
5.0000e+01,2.3290e+00,1.2334e+01,1.7501e+01,1.6619e-01,3.3461e-03
6.0000e+01,2.2968e+00,1.2302e+01,1.7501e+01,1.9782e-01,3.9881e-03
7.0000e+01,2.2650e+00,1.2271e+01,1.7501e+01,2.2894e-01,4.6212e-03
8.0000e+01,2.2338e+00,1.2240e+01,1.7501e+01,2.5955e-01,5.2456e-03
9.0000e+01,2.2030e+00,1.2210e+01,1.7501e+01,2.8966e-01,5.8615e-03
1.0000e+02,2.1728e+00,1.2180e+01,1.7501e+01,3.1930e-01,6.4689e-03
1.1000e+02,2.1431e+00,1.2151e+01,1.7501e+01,3.4845e-01,7.0681e-03
1.2000e+02,2.1138e+00,1.2123e+01,1.7501e+01,3.7714e-01,7.6591e-03
1.3000e+02,2.0849e+00,1.2094e+01,1.7501e+01,4.0538e-01,8.2421e-03
1.4000e+02,2.0566e+00,1.2067e+01,1.7501e+01,4.3317e-01,8.8171e-03
1.5000e+02,2.0287e+00,1.2039e+01,1.7501e+01,4.6052e-01,9.3844e-03
1.6000e+02,2.0012e+00,1.2012e+01,1.7501e+01,4.8744e-01,9.9440e-03
1.7000e+02,1.9741e+00,1.1986e+01,1.7501e+01,5.1394e-01,1.0496e-02
1.8000e+02,1.9475e+00,1.1960e+01,1.7501e+01,5.4002e-01,1.1041e-02
1.9000e+02,1.9213e+00,1.1934e+01,1.7501e+01,5.6570e-01,1.1578e-02
2.0000e+02,1.8955e+00,1.1909e+01,1.7501e+01,5.9098e-01,1.2108e-02
2.1000e+02,1.8701e+00,1.1884e+01,1.7501e+01,6.1587e-01,1.2631e-02
2.2000e+02,1.8450e+00,1.1859e+01,1.7501e+01,6.4038e-01,1.3147e-02
2.3000e+02,1.8204e+00,1.1835e+01,1.7501e+01,6.6451e-01,1.3657e-02
2.4000e+02,1.7961e+00,1.1811e+01,1.7501e+01,6.8827e-01,1.4159e-02
2.5000e+02,1.7722e+00,1.1788e+01,1.7501e+01,7.1167e-01,1.4655e-02
2.6000e+02,1.7487e+00,1.1765e+01,1.7501e+01,7.3472e-01,1.5144e-02
2.7000e+02,1.7255e+00,1.1742e+01,1.7501e+01,7.5742e-01,1.5627e-02
2.8000e+02,1.7027e+00,1.1720e+01,1.7501e+01,7.7977e-01,1.6103e-02
2.9000e+02,1.6802e+00,1.1698e+01,1.7501e+01,8.0179e-01,1.6573e-02
3.0000e+02,1.6581e+00,1.1676e+01,1.7501e+01,8.2348e-01,1.7037e-02
3.1000e+02,1.6362e+00,1.1655e+01,1.7501e+01,8.4484e-01,1.7495e-02
3.2000e+02,1.6147e+00,1.1634e+01,1.7501e+01,8.6589e-01,1.7947e-02
3.3000e+02,1.5936e+00,1.1613e+01,1.7501e+01,8.8662e-01,1.8393e-02
3.4000e+02,1.5727e+00,1.1592e+01,1.7501e+01,9.0704e-01,1.8833e-02
3.5000e+02,1.5521e+00,1.1572e+01,1.7501e+01,9.2717e-01,1.9268e-02
3.6000e+02,1.5319e+00,1.1552e+01,1.7501e+01,9.4700e-01,1.9696e-02
3.7000e+02,1.5119e+00,1.1533e+01,1.7501e+01,9.6653e-01,2.0119e-02
3.8000e+02,1.4923e+00,1.1514e+01,1.7501e+01,9.8579e-01,2.0537e-02
3.9000e+02,1.4729e+00,1.1495e+01,1.7501e+01,1.0048e+00,2.0949e-02
4.0000e+02,1.4538e+00,1.1476e+01,1.7501e+01,1.0234e+00,2.1356e-02
4.1000e+02,1.4349e+00,1.1458e+01,1.7501e+01,1.0419e+00,2.1758e-02
4.2000e+02,1.4164e+00,1.1439e+01,1.7501e+01,1.0600e+00,2.2154e-02
4.3000e+02,1.3981e+00,1.1421e+01,1.7501e+01,1.0779e+00,2.2546e-02
4.4000e+02,1.3801e+00,1.1404e+01,1.7501e+01,1.0956e+00,2.2932e-02
4.5000e+02,1.3623e+00,1.1386e+01,1.7501e+01,1.1129e+00,2.3313e-02
4.6000e+02,1.3448e+00,1.1369e+01,1.7501e+01,1.1301e+00,2.3690e-02
4.7000e+02,1.3275e+00,1.1352e+01,1.7501e+01,1.1470e+00,2.4062e-02
4.8000e+02,1.3105e+00,1.1336e+01,1.7501e+01,1.1636e+00,2.4428e-02
4.9000e+02,1.2938e+00,1.1319e+01,1.7501e+01,1.1800e+00,2.4791e-02
5.0000e+02,1.2772e+00,1.1303e+01,1.7501e+01,1.1962e+00,2.5148e-02
5.1000e+02,1.2609e+00,1.1287e+01,1.7501e+01,1.2122e+00,2.5501e-02
5.2000e+02,1.2448e+00,1.1271e+01,1.7501e+01,1.2279e+00,2.5850e-02
5.3000e+02,1.2290e+00,1.1256e+01,1.7501e+01,1.2434e+00,2.6194e-02
5.4000e+02,1.2134e+00,1.1241e+01,1.7501e+01,1.2587e+00,2.6534e-02
5.5000e+02,1.1980e+00,1.1226e+01,1.7501e+01,1.2737e+00,2.6869e-02
5.6000e+02,1.1828e+00,1.1211e+01,1.7501e+01,1.2886e+00,2.7200e-02
5.7000e+02,1.1678e+00,1.1196e+01,1.7501e+01,1.3033e+00,2.7527e-02
5.8000e+02,1.1530e+00,1.1182e+01,1.7501e+01,1.3177e+00,2.7850e-02
5.9000e+02,1.1384e+00,1.1167e+01,1.7501e+01,1.3320e+00,2.8169e-02
6.0000e+02,1.1241e+00,1.1153e+01,1.7501e+01,1.3460e+00,2.8484e-02
6.1000e+02,1.1099e+00,1.1139e+01,1.7501e+01,1.3599e+00,2.8795e-02
6.2000e+02,1.0959e+00,1.1126e+01,1.7501e+01,1.3735e+00,2.9102e-02
6.3000e+02,1.0821e+00,1.1112e+01,1.7501e+01,1.3870e+00,2.9405e-02
6.4000e+02,1.0685e+00,1.1099e+01,1.7501e+01,1.4003e+00,2.9704e-02
6.5000e+02,1.0551e+00,1.1086e+01,1.7501e+01,1.4134e+00,3.0000e-02
6.6000e+02,1.0419e+00,1.1073e+01,1.7501e+01,1.4264e+00,3.0291e-02
6.7000e+02,1.0289e+00,1.1060e+01,1.7501e+01,1.4391e+00,3.0580e-02
6.8000e+02,1.0160e+00,1.1047e+01,1.7501e+01,1.4517e+00,3.0864e-02
6.9000e+02,1.0033e+00,1.1035e+01,1.7501e+01,1.4641e+00,3.1145e-02
7.0000e+02,9.9079e-01,1.1023e+01,1.7501e+01,1.4764e+00,3.1423e-02
7.1000e+02,9.7844e-01,1.1011e+01,1.7501e+01,1.4884e+00,3.1697e-02
7.2000e+02,9.6625e-01,1.0999e+01,1.7501e+01,1.5004e+00,3.1968e-02
7.3000e+02,9.5423e-01,1.0987e+01,1.7501e+01,1.5121e+00,3.2235e-02
7.4000e+02,9.4237e-01,1.0975e+01,1.7501e+01,1.5237e+00,3.2499e-02
7.5000e+02,9.3067e-01,1.0964e+01,1.7501e+01,1.5351e+00,3.2760e-02
7.6000e+02,9.1913e-01,1.0953e+01,1.7501e+01,1.5464e+00,3.3017e-02
7.7000e+02,9.0773e-01,1.0942e+01,1.7501e+01,1.5576e+00,3.3271e-02
7.8000e+02,8.9650e-01,1.0931e+01,1.7501e+01,1.5686e+00,3.3523e-02
7.9000e+02,8.8541e-01,1.0920e+01,1.7501e+01,1.5794e+00,3.3771e-02
8.0000e+02,8.7447e-01,1.0909e+01,1.7501e+01,1.5901e+00,3.4016e-02
8.1000e+02,8.6367e-01,1.0898e+01,1.7501e+01,1.6006e+00,3.4258e-02
8.2000e+02,8.5302e-01,1.0888e+01,1.7501e+01,1.6111e+00,3.4497e-02
8.3000e+02,8.4251e-01,1.0878e+01,1.7501e+01,1.6213e+00,3.4733e-02
8.4000e+02,8.3213e-01,1.0868e+01,1.7501e+01,1.6315e+00,3.4966e-02
8.5000e+02,8.2190e-01,1.0858e+01,1.7501e+01,1.6415e+00,3.5196e-02
8.6000e+02,8.1179e-01,1.0848e+01,1.7501e+01,1.6514e+00,3.5424e-02
8.7000e+02,8.0183e-01,1.0838e+01,1.7501e+01,1.6611e+00,3.5648e-02
8.8000e+02,7.9199e-01,1.0828e+01,1.7501e+01,1.6707e+00,3.5870e-02
8.9000e+02,7.8228e-01,1.0819e+01,1.7501e+01,1.6802e+00,3.6089e-02
9.0000e+02,7.7270e-01,1.0809e+01,1.7501e+01,1.6896e+00,3.6306e-02
9.1000e+02,7.6324e-01,1.0800e+01,1.7501e+01,1.6988e+00,3.6520e-02
9.2000e+02,7.5390e-01,1.0791e+01,1.7501e+01,1.7079e+00,3.6731e-02
9.3000e+02,7.4469e-01,1.0782e+01,1.7501e+01,1.7169e+00,3.6940e-02
9.4000e+02,7.3560e-01,1.0773e+01,1.7501e+01,1.7258e+00,3.7146e-02
9.5000e+02,7.2662e-01,1.0764e+01,1.7501e+01,1.7346e+00,3.7349e-02
9.6000e+02,7.1776e-01,1.0756e+01,1.7501e+01,1.7433e+00,3.7551e-02
9.7000e+02,7.0902e-01,1.0747e+01,1.7501e+01,1.7518e+00,3.7749e-02
9.8000e+02,7.0039e-01,1.0739e+01,1.7501e+01,1.7602e+00,3.7946e-02
9.9000e+02,6.9187e-01,1.0730e+01,1.7501e+01,1.7686e+00,3.8140e-02
1.0000e+03,6.8346e-01,1.0722e+01,1.7501e+01,1.7768e+00,3.8331e-02
1.0100e+03,6.7516e-01,1.0714e+01,1.7501e+01,1.7849e+00,3.8520e-02
1.0200e+03,6.6696e-01,1.0706e+01,1.7501e+01,1.7929e+00,3.8707e-02
1.0300e+03,6.5887e-01,1.0698e+01,1.7501e+01,1.8008e+00,3.8892e-02
1.0400e+03,6.5089e-01,1.0690e+01,1.7501e+01,1.8086e+00,3.9074e-02
1.0500e+03,6.4300e-01,1.0683e+01,1.7501e+01,1.8163e+00,3.9255e-02
1.0600e+03,6.3522e-01,1.0675e+01,1.7501e+01,1.8239e+00,3.9433e-02
1.0700e+03,6.2754e-01,1.0668e+01,1.7501e+01,1.8314e+00,3.9608e-02
1.0800e+03,6.1995e-01,1.0660e+01,1.7501e+01,1.8388e+00,3.9782e-02
1.0900e+03,6.1246e-01,1.0653e+01,1.7501e+01,1.8462e+00,3.9954e-02
1.1000e+03,6.0507e-01,1.0646e+01,1.7501e+01,1.8534e+00,4.0123e-02
1.1100e+03,5.9777e-01,1.0638e+01,1.7501e+01,1.8605e+00,4.0291e-02
1.1200e+03,5.9056e-01,1.0631e+01,1.7501e+01,1.8676e+00,4.0457e-02
1.1300e+03,5.8344e-01,1.0624e+01,1.7501e+01,1.8745e+00,4.0620e-02
1.1400e+03,5.7642e-01,1.0618e+01,1.7501e+01,1.8814e+00,4.0782e-02
1.1500e+03,5.6948e-01,1.0611e+01,1.7501e+01,1.8882e+00,4.0941e-02
1.1600e+03,5.6263e-01,1.0604e+01,1.7501e+01,1.8948e+00,4.1099e-02
1.1700e+03,5.5587e-01,1.0597e+01,1.7501e+01,1.9014e+00,4.1255e-02
1.1800e+03,5.4919e-01,1.0591e+01,1.7501e+01,1.9080e+00,4.1409e-02
1.1900e+03,5.4260e-01,1.0584e+01,1.7501e+01,1.9144e+00,4.1561e-02
1.2000e+03,5.3609e-01,1.0578e+01,1.7501e+01,1.9208e+00,4.1711e-02
1.2100e+03,5.2966e-01,1.0572e+01,1.7501e+01,1.9271e+00,4.1860e-02
1.2200e+03,5.2331e-01,1.0566e+01,1.7501e+01,1.9333e+00,4.2006e-02
1.2300e+03,5.1704e-01,1.0560e+01,1.7501e+01,1.9394e+00,4.2151e-02
1.2400e+03,5.1085e-01,1.0553e+01,1.7501e+01,1.9454e+00,4.2295e-02
1.2500e+03,5.0474e-01,1.0547e+01,1.7501e+01,1.9514e+00,4.2436e-02
1.2600e+03,4.9870e-01,1.0542e+01,1.7501e+01,1.9573e+00,4.2576e-02
1.2700e+03,4.9274e-01,1.0536e+01,1.7501e+01,1.9631e+00,4.2714e-02
1.2800e+03,4.8685e-01,1.0530e+01,1.7501e+01,1.9689e+00,4.2850e-02
1.2900e+03,4.8104e-01,1.0524e+01,1.7501e+01,1.9745e+00,4.2985e-02
1.3000e+03,4.7530e-01,1.0519e+01,1.7501e+01,1.9802e+00,4.3119e-02
1.3100e+03,4.6963e-01,1.0513e+01,1.7501e+01,1.9857e+00,4.3250e-02
1.3200e+03,4.6403e-01,1.0508e+01,1.7501e+01,1.9912e+00,4.3380e-02
1.3300e+03,4.5850e-01,1.0502e+01,1.7501e+01,1.9966e+00,4.3509e-02
1.3400e+03,4.5303e-01,1.0497e+01,1.7501e+01,2.0019e+00,4.3636e-02
1.3500e+03,4.4764e-01,1.0492e+01,1.7501e+01,2.0072e+00,4.3761e-02
1.3600e+03,4.4231e-01,1.0486e+01,1.7501e+01,2.0124e+00,4.3885e-02
1.3700e+03,4.3705e-01,1.0481e+01,1.7501e+01,2.0175e+00,4.4008e-02
1.3800e+03,4.3186e-01,1.0476e+01,1.7501e+01,2.0226e+00,4.4129e-02
1.3900e+03,4.2672e-01,1.0471e+01,1.7501e+01,2.0276e+00,4.4249e-02
1.4000e+03,4.2166e-01,1.0466e+01,1.7501e+01,2.0326e+00,4.4367e-02
1.4100e+03,4.1665e-01,1.0461e+01,1.7501e+01,2.0374e+00,4.4484e-02
1.4200e+03,4.1170e-01,1.0457e+01,1.7501e+01,2.0423e+00,4.4599e-02
1.4300e+03,4.0682e-01,1.0452e+01,1.7501e+01,2.0470e+00,4.4713e-02
1.4400e+03,4.0200e-01,1.0447e+01,1.7501e+01,2.0518e+00,4.4826e-02
1.4500e+03,3.9723e-01,1.0442e+01,1.7501e+01,2.0564e+00,4.4937e-02
1.4600e+03,3.9253e-01,1.0438e+01,1.7501e+01,2.0610e+00,4.5047e-02
1.4700e+03,3.8788e-01,1.0433e+01,1.7501e+01,2.0655e+00,4.5156e-02
1.4800e+03,3.8328e-01,1.0429e+01,1.7501e+01,2.0700e+00,4.5264e-02
1.4900e+03,3.7875e-01,1.0424e+01,1.7501e+01,2.0745e+00,4.5370e-02
1.5000e+03,3.7427e-01,1.0420e+01,1.7501e+01,2.0788e+00,4.5475e-02
1.5100e+03,3.6984e-01,1.0416e+01,1.7501e+01,2.0831e+00,4.5578e-02
1.5200e+03,3.6547e-01,1.0411e+01,1.7501e+01,2.0874e+00,4.5681e-02
1.5300e+03,3.6115e-01,1.0407e+01,1.7501e+01,2.0916e+00,4.5782e-02
1.5400e+03,3.5689e-01,1.0403e+01,1.7501e+01,2.0958e+00,4.5882e-02
1.5500e+03,3.5268e-01,1.0399e+01,1.7501e+01,2.0999e+00,4.5981e-02
1.5600e+03,3.4851e-01,1.0395e+01,1.7501e+01,2.1040e+00,4.6079e-02
1.5700e+03,3.4440e-01,1.0391e+01,1.7501e+01,2.1080e+00,4.6176e-02
1.5800e+03,3.4034e-01,1.0387e+01,1.7501e+01,2.1120e+00,4.6271e-02
1.5900e+03,3.3633e-01,1.0383e+01,1.7501e+01,2.1159e+00,4.6365e-02
1.6000e+03,3.3237e-01,1.0379e+01,1.7501e+01,2.1197e+00,4.6458e-02
1.6100e+03,3.2845e-01,1.0375e+01,1.7501e+01,2.1236e+00,4.6551e-02
1.6200e+03,3.2458e-01,1.0371e+01,1.7501e+01,2.1273e+00,4.6642e-02
1.6300e+03,3.2076e-01,1.0368e+01,1.7501e+01,2.1311e+00,4.6732e-02
1.6400e+03,3.1699e-01,1.0364e+01,1.7501e+01,2.1348e+00,4.6820e-02
1.6500e+03,3.1326e-01,1.0360e+01,1.7501e+01,2.1384e+00,4.6908e-02
1.6600e+03,3.0957e-01,1.0357e+01,1.7501e+01,2.1420e+00,4.6995e-02
1.6700e+03,3.0593e-01,1.0353e+01,1.7501e+01,2.1456e+00,4.7081e-02
1.6800e+03,3.0234e-01,1.0350e+01,1.7501e+01,2.1491e+00,4.7166e-02
1.6900e+03,2.9879e-01,1.0346e+01,1.7501e+01,2.1525e+00,4.7249e-02
1.7000e+03,2.9528e-01,1.0343e+01,1.7501e+01,2.1560e+00,4.7332e-02
1.7100e+03,2.9181e-01,1.0339e+01,1.7501e+01,2.1593e+00,4.7414e-02
1.7200e+03,2.8839e-01,1.0336e+01,1.7501e+01,2.1627e+00,4.7495e-02
1.7300e+03,2.8500e-01,1.0333e+01,1.7501e+01,2.1660e+00,4.7575e-02
1.7400e+03,2.8166e-01,1.0329e+01,1.7501e+01,2.1693e+00,4.7654e-02
1.7500e+03,2.7836e-01,1.0326e+01,1.7501e+01,2.1725e+00,4.7732e-02
1.7600e+03,2.7509e-01,1.0323e+01,1.7501e+01,2.1757e+00,4.7809e-02
1.7700e+03,2.7187e-01,1.0320e+01,1.7501e+01,2.1788e+00,4.7885e-02
1.7800e+03,2.6868e-01,1.0317e+01,1.7501e+01,2.1819e+00,4.7961e-02
1.7900e+03,2.6554e-01,1.0314e+01,1.7501e+01,2.1850e+00,4.8035e-02
1.8000e+03,2.6243e-01,1.0311e+01,1.7501e+01,2.1880e+00,4.8109e-02
1.8100e+03,2.5935e-01,1.0308e+01,1.7501e+01,2.1910e+00,4.8182e-02
1.8200e+03,2.5632e-01,1.0305e+01,1.7501e+01,2.1940e+00,4.8253e-02
1.8300e+03,2.5332e-01,1.0302e+01,1.7501e+01,2.1969e+00,4.8324e-02
1.8400e+03,2.5036e-01,1.0299e+01,1.7501e+01,2.1998e+00,4.8395e-02
1.8500e+03,2.4743e-01,1.0296e+01,1.7501e+01,2.2027e+00,4.8464e-02
1.8600e+03,2.4454e-01,1.0293e+01,1.7501e+01,2.2055e+00,4.8533e-02
1.8700e+03,2.4168e-01,1.0290e+01,1.7501e+01,2.2083e+00,4.8600e-02
1.8800e+03,2.3885e-01,1.0288e+01,1.7501e+01,2.2111e+00,4.8667e-02
1.8900e+03,2.3606e-01,1.0285e+01,1.7501e+01,2.2138e+00,4.8734e-02
1.9000e+03,2.3331e-01,1.0282e+01,1.7501e+01,2.2165e+00,4.8799e-02
1.9100e+03,2.3058e-01,1.0280e+01,1.7501e+01,2.2191e+00,4.8864e-02
1.9200e+03,2.2789e-01,1.0277e+01,1.7501e+01,2.2218e+00,4.8928e-02
1.9300e+03,2.2523e-01,1.0274e+01,1.7501e+01,2.2244e+00,4.8991e-02
1.9400e+03,2.2260e-01,1.0272e+01,1.7501e+01,2.2269e+00,4.9053e-02
1.9500e+03,2.2001e-01,1.0269e+01,1.7501e+01,2.2295e+00,4.9115e-02
1.9600e+03,2.1744e-01,1.0267e+01,1.7501e+01,2.2320e+00,4.9176e-02
1.9700e+03,2.1490e-01,1.0264e+01,1.7501e+01,2.2344e+00,4.9236e-02
1.9800e+03,2.1240e-01,1.0262e+01,1.7501e+01,2.2369e+00,4.9296e-02
1.9900e+03,2.0992e-01,1.0259e+01,1.7501e+01,2.2393e+00,4.9355e-02
2.0000e+03,2.0748e-01,1.0257e+01,1.7501e+01,2.2417e+00,4.9413e-02
2.0100e+03,2.0506e-01,1.0255e+01,1.7501e+01,2.2440e+00,4.9470e-02
2.0200e+03,2.0267e-01,1.0252e+01,1.7501e+01,2.2464e+00,4.9527e-02
2.0300e+03,2.0031e-01,1.0250e+01,1.7501e+01,2.2487e+00,4.9583e-02
2.0400e+03,1.9798e-01,1.0248e+01,1.7501e+01,2.2510e+00,4.9639e-02
2.0500e+03,1.9568e-01,1.0246e+01,1.7501e+01,2.2532e+00,4.9694e-02
2.0600e+03,1.9340e-01,1.0243e+01,1.7501e+01,2.2554e+00,4.9748e-02
2.0700e+03,1.9115e-01,1.0241e+01,1.7501e+01,2.2576e+00,4.9802e-02
2.0800e+03,1.8893e-01,1.0239e+01,1.7501e+01,2.2598e+00,4.9855e-02
2.0900e+03,1.8673e-01,1.0237e+01,1.7501e+01,2.2619e+00,4.9907e-02
2.1000e+03,1.8456e-01,1.0235e+01,1.7501e+01,2.2641e+00,4.9959e-02
2.1100e+03,1.8241e-01,1.0233e+01,1.7501e+01,2.2662e+00,5.0010e-02
2.1200e+03,1.8029e-01,1.0230e+01,1.7501e+01,2.2682e+00,5.0061e-02
2.1300e+03,1.7820e-01,1.0228e+01,1.7501e+01,2.2703e+00,5.0111e-02
2.1400e+03,1.7613e-01,1.0226e+01,1.7501e+01,2.2723e+00,5.0160e-02
2.1500e+03,1.7408e-01,1.0224e+01,1.7501e+01,2.2743e+00,5.0209e-02
2.1600e+03,1.7206e-01,1.0222e+01,1.7501e+01,2.2763e+00,5.0257e-02
2.1700e+03,1.7006e-01,1.0220e+01,1.7501e+01,2.2782e+00,5.0305e-02
2.1800e+03,1.6809e-01,1.0219e+01,1.7501e+01,2.2801e+00,5.0352e-02
2.1900e+03,1.6613e-01,1.0217e+01,1.7501e+01,2.2820e+00,5.0398e-02
2.2000e+03,1.6421e-01,1.0215e+01,1.7501e+01,2.2839e+00,5.0445e-02
2.2100e+03,1.6230e-01,1.0213e+01,1.7501e+01,2.2858e+00,5.0490e-02
2.2200e+03,1.6042e-01,1.0211e+01,1.7501e+01,2.2876e+00,5.0535e-02
2.2300e+03,1.5856e-01,1.0209e+01,1.7501e+01,2.2894e+00,5.0580e-02
2.2400e+03,1.5672e-01,1.0207e+01,1.7501e+01,2.2912e+00,5.0624e-02
2.2500e+03,1.5490e-01,1.0206e+01,1.7501e+01,2.2930e+00,5.0667e-02
2.2600e+03,1.5310e-01,1.0204e+01,1.7501e+01,2.2948e+00,5.0710e-02
2.2700e+03,1.5133e-01,1.0202e+01,1.7501e+01,2.2965e+00,5.0752e-02
2.2800e+03,1.4958e-01,1.0200e+01,1.7501e+01,2.2982e+00,5.0794e-02
2.2900e+03,1.4784e-01,1.0199e+01,1.7501e+01,2.2999e+00,5.0836e-02
2.3000e+03,1.4613e-01,1.0197e+01,1.7501e+01,2.3016e+00,5.0877e-02
2.3100e+03,1.4444e-01,1.0195e+01,1.7501e+01,2.3032e+00,5.0917e-02
2.3200e+03,1.4276e-01,1.0194e+01,1.7501e+01,2.3049e+00,5.0957e-02
2.3300e+03,1.4111e-01,1.0192e+01,1.7501e+01,2.3065e+00,5.0997e-02
2.3400e+03,1.3948e-01,1.0191e+01,1.7501e+01,2.3081e+00,5.1036e-02
2.3500e+03,1.3786e-01,1.0189e+01,1.7501e+01,2.3096e+00,5.1075e-02
2.3600e+03,1.3626e-01,1.0187e+01,1.7501e+01,2.3112e+00,5.1113e-02
2.3700e+03,1.3469e-01,1.0186e+01,1.7501e+01,2.3127e+00,5.1151e-02
2.3800e+03,1.3313e-01,1.0184e+01,1.7501e+01,2.3143e+00,5.1188e-02
2.3900e+03,1.3159e-01,1.0183e+01,1.7501e+01,2.3158e+00,5.1225e-02
2.4000e+03,1.3007e-01,1.0181e+01,1.7501e+01,2.3172e+00,5.1261e-02
2.4100e+03,1.2856e-01,1.0180e+01,1.7501e+01,2.3187e+00,5.1298e-02
2.4200e+03,1.2707e-01,1.0179e+01,1.7501e+01,2.3202e+00,5.1333e-02
2.4300e+03,1.2560e-01,1.0177e+01,1.7501e+01,2.3216e+00,5.1368e-02
2.4400e+03,1.2415e-01,1.0176e+01,1.7501e+01,2.3230e+00,5.1403e-02
2.4500e+03,1.2272e-01,1.0174e+01,1.7501e+01,2.3244e+00,5.1438e-02
2.4600e+03,1.2130e-01,1.0173e+01,1.7501e+01,2.3258e+00,5.1472e-02
2.4700e+03,1.1990e-01,1.0171e+01,1.7501e+01,2.3272e+00,5.1505e-02
2.4800e+03,1.1851e-01,1.0170e+01,1.7501e+01,2.3285e+00,5.1539e-02
2.4900e+03,1.1714e-01,1.0169e+01,1.7501e+01,2.3299e+00,5.1571e-02
2.5000e+03,1.1579e-01,1.0167e+01,1.7501e+01,2.3312e+00,5.1604e-02
2.5100e+03,1.1445e-01,1.0166e+01,1.7501e+01,2.3325e+00,5.1636e-02
2.5200e+03,1.1313e-01,1.0165e+01,1.7501e+01,2.3338e+00,5.1668e-02
2.5300e+03,1.1182e-01,1.0164e+01,1.7501e+01,2.3351e+00,5.1699e-02
2.5400e+03,1.1053e-01,1.0162e+01,1.7501e+01,2.3363e+00,5.1730e-02
2.5500e+03,1.0925e-01,1.0161e+01,1.7501e+01,2.3376e+00,5.1761e-02
2.5600e+03,1.0799e-01,1.0160e+01,1.7501e+01,2.3388e+00,5.1791e-02
2.5700e+03,1.0674e-01,1.0159e+01,1.7501e+01,2.3400e+00,5.1821e-02
2.5800e+03,1.0551e-01,1.0157e+01,1.7501e+01,2.3412e+00,5.1851e-02
2.5900e+03,1.0429e-01,1.0156e+01,1.7501e+01,2.3424e+00,5.1880e-02
2.6000e+03,1.0309e-01,1.0155e+01,1.7501e+01,2.3436e+00,5.1909e-02
2.6100e+03,1.0190e-01,1.0154e+01,1.7501e+01,2.3447e+00,5.1937e-02
2.6200e+03,1.0072e-01,1.0153e+01,1.7501e+01,2.3459e+00,5.1966e-02
2.6300e+03,9.9562e-02,1.0152e+01,1.7501e+01,2.3470e+00,5.1994e-02
2.6400e+03,9.8413e-02,1.0151e+01,1.7501e+01,2.3481e+00,5.2021e-02
2.6500e+03,9.7278e-02,1.0149e+01,1.7501e+01,2.3492e+00,5.2048e-02
2.6600e+03,9.6156e-02,1.0148e+01,1.7501e+01,2.3503e+00,5.2075e-02
2.6700e+03,9.5047e-02,1.0147e+01,1.7501e+01,2.3514e+00,5.2102e-02
2.6800e+03,9.3951e-02,1.0146e+01,1.7501e+01,2.3525e+00,5.2128e-02
2.6900e+03,9.2868e-02,1.0145e+01,1.7501e+01,2.3536e+00,5.2154e-02
2.7000e+03,9.1797e-02,1.0144e+01,1.7501e+01,2.3546e+00,5.2180e-02
2.7100e+03,9.0739e-02,1.0143e+01,1.7501e+01,2.3556e+00,5.2206e-02
2.7200e+03,8.9693e-02,1.0142e+01,1.7501e+01,2.3566e+00,5.2231e-02
2.7300e+03,8.8659e-02,1.0141e+01,1.7501e+01,2.3577e+00,5.2256e-02
2.7400e+03,8.7637e-02,1.0140e+01,1.7501e+01,2.3587e+00,5.2280e-02
2.7500e+03,8.6627e-02,1.0139e+01,1.7501e+01,2.3596e+00,5.2305e-02
2.7600e+03,8.5629e-02,1.0138e+01,1.7501e+01,2.3606e+00,5.2329e-02
2.7700e+03,8.4642e-02,1.0137e+01,1.7501e+01,2.3616e+00,5.2352e-02
2.7800e+03,8.3667e-02,1.0136e+01,1.7501e+01,2.3625e+00,5.2376e-02
2.7900e+03,8.2703e-02,1.0135e+01,1.7501e+01,2.3635e+00,5.2399e-02
2.8000e+03,8.1751e-02,1.0134e+01,1.7501e+01,2.3644e+00,5.2422e-02
2.8100e+03,8.0809e-02,1.0133e+01,1.7501e+01,2.3653e+00,5.2445e-02
2.8200e+03,7.9878e-02,1.0132e+01,1.7501e+01,2.3662e+00,5.2467e-02
2.8300e+03,7.8958e-02,1.0132e+01,1.7501e+01,2.3671e+00,5.2489e-02
2.8400e+03,7.8049e-02,1.0131e+01,1.7501e+01,2.3680e+00,5.2511e-02
2.8500e+03,7.7150e-02,1.0130e+01,1.7501e+01,2.3689e+00,5.2533e-02
2.8600e+03,7.6262e-02,1.0129e+01,1.7501e+01,2.3698e+00,5.2554e-02
2.8700e+03,7.5384e-02,1.0128e+01,1.7501e+01,2.3706e+00,5.2575e-02
2.8800e+03,7.4516e-02,1.0127e+01,1.7501e+01,2.3715e+00,5.2596e-02
2.8900e+03,7.3659e-02,1.0126e+01,1.7501e+01,2.3723e+00,5.2617e-02
2.9000e+03,7.2811e-02,1.0126e+01,1.7501e+01,2.3731e+00,5.2637e-02
2.9100e+03,7.1973e-02,1.0125e+01,1.7501e+01,2.3739e+00,5.2657e-02
2.9200e+03,7.1145e-02,1.0124e+01,1.7501e+01,2.3748e+00,5.2677e-02
2.9300e+03,7.0326e-02,1.0123e+01,1.7501e+01,2.3755e+00,5.2697e-02
2.9400e+03,6.9517e-02,1.0122e+01,1.7501e+01,2.3763e+00,5.2717e-02
2.9500e+03,6.8717e-02,1.0122e+01,1.7501e+01,2.3771e+00,5.2736e-02
2.9600e+03,6.7927e-02,1.0121e+01,1.7501e+01,2.3779e+00,5.2755e-02
2.9700e+03,6.7145e-02,1.0120e+01,1.7501e+01,2.3787e+00,5.2774e-02
2.9800e+03,6.6373e-02,1.0119e+01,1.7501e+01,2.3794e+00,5.2792e-02
2.9900e+03,6.5609e-02,1.0118e+01,1.7501e+01,2.3802e+00,5.2811e-02
3.0000e+03,6.4855e-02,1.0118e+01,1.7501e+01,2.3809e+00,5.2829e-02
3.0100e+03,6.4109e-02,1.0117e+01,1.7501e+01,2.3816e+00,5.2847e-02
3.0200e+03,6.3372e-02,1.0116e+01,1.7501e+01,2.3823e+00,5.2865e-02
3.0300e+03,6.2643e-02,1.0116e+01,1.7501e+01,2.3830e+00,5.2882e-02
3.0400e+03,6.1923e-02,1.0115e+01,1.7501e+01,2.3837e+00,5.2900e-02
3.0500e+03,6.1211e-02,1.0114e+01,1.7501e+01,2.3844e+00,5.2917e-02
3.0600e+03,6.0507e-02,1.0114e+01,1.7501e+01,2.3851e+00,5.2934e-02
3.0700e+03,5.9812e-02,1.0113e+01,1.7501e+01,2.3858e+00,5.2951e-02
3.0800e+03,5.9124e-02,1.0112e+01,1.7501e+01,2.3865e+00,5.2967e-02
3.0900e+03,5.8444e-02,1.0111e+01,1.7501e+01,2.3871e+00,5.2984e-02
3.1000e+03,5.7773e-02,1.0111e+01,1.7501e+01,2.3878e+00,5.3000e-02
3.1100e+03,5.7109e-02,1.0110e+01,1.7501e+01,2.3884e+00,5.3016e-02
3.1200e+03,5.6452e-02,1.0110e+01,1.7501e+01,2.3891e+00,5.3032e-02
3.1300e+03,5.5804e-02,1.0109e+01,1.7501e+01,2.3897e+00,5.3047e-02
3.1400e+03,5.5162e-02,1.0108e+01,1.7501e+01,2.3903e+00,5.3063e-02
3.1500e+03,5.4529e-02,1.0108e+01,1.7501e+01,2.3910e+00,5.3078e-02
3.1600e+03,5.3902e-02,1.0107e+01,1.7501e+01,2.3916e+00,5.3093e-02
3.1700e+03,5.3283e-02,1.0106e+01,1.7501e+01,2.3922e+00,5.3108e-02
3.1800e+03,5.2671e-02,1.0106e+01,1.7501e+01,2.3928e+00,5.3123e-02
3.1900e+03,5.2066e-02,1.0105e+01,1.7501e+01,2.3934e+00,5.3138e-02
3.2000e+03,5.1468e-02,1.0105e+01,1.7501e+01,2.3940e+00,5.3152e-02
3.2100e+03,5.0876e-02,1.0104e+01,1.7501e+01,2.3945e+00,5.3166e-02
3.2200e+03,5.0292e-02,1.0104e+01,1.7501e+01,2.3951e+00,5.3180e-02
3.2300e+03,4.9714e-02,1.0103e+01,1.7501e+01,2.3957e+00,5.3194e-02
3.2400e+03,4.9143e-02,1.0102e+01,1.7501e+01,2.3962e+00,5.3208e-02
3.2500e+03,4.8579e-02,1.0102e+01,1.7501e+01,2.3968e+00,5.3222e-02
3.2600e+03,4.8021e-02,1.0101e+01,1.7501e+01,2.3973e+00,5.3235e-02
3.2700e+03,4.7470e-02,1.0101e+01,1.7501e+01,2.3979e+00,5.3249e-02
3.2800e+03,4.6925e-02,1.0100e+01,1.7501e+01,2.3984e+00,5.3262e-02
3.2900e+03,4.6386e-02,1.0100e+01,1.7501e+01,2.3989e+00,5.3275e-02
3.3000e+03,4.5853e-02,1.0099e+01,1.7501e+01,2.3994e+00,5.3288e-02
3.3100e+03,4.5327e-02,1.0099e+01,1.7501e+01,2.3999e+00,5.3300e-02
3.3200e+03,4.4807e-02,1.0098e+01,1.7501e+01,2.4005e+00,5.3313e-02
3.3300e+03,4.4292e-02,1.0098e+01,1.7501e+01,2.4010e+00,5.3325e-02
3.3400e+03,4.3784e-02,1.0097e+01,1.7501e+01,2.4015e+00,5.3338e-02
3.3500e+03,4.3281e-02,1.0097e+01,1.7501e+01,2.4019e+00,5.3350e-02
3.3600e+03,4.2785e-02,1.0096e+01,1.7501e+01,2.4024e+00,5.3362e-02
3.3700e+03,4.2293e-02,1.0096e+01,1.7501e+01,2.4029e+00,5.3374e-02
3.3800e+03,4.1808e-02,1.0095e+01,1.7501e+01,2.4034e+00,5.3385e-02
3.3900e+03,4.1328e-02,1.0095e+01,1.7501e+01,2.4038e+00,5.3397e-02
3.4000e+03,4.0854e-02,1.0094e+01,1.7501e+01,2.4043e+00,5.3408e-02
3.4100e+03,4.0385e-02,1.0094e+01,1.7501e+01,2.4048e+00,5.3420e-02
3.4200e+03,3.9922e-02,1.0093e+01,1.7501e+01,2.4052e+00,5.3431e-02
3.4300e+03,3.9464e-02,1.0093e+01,1.7501e+01,2.4057e+00,5.3442e-02
3.4400e+03,3.9011e-02,1.0093e+01,1.7501e+01,2.4061e+00,5.3453e-02
3.4500e+03,3.8563e-02,1.0092e+01,1.7501e+01,2.4065e+00,5.3464e-02
3.4600e+03,3.8121e-02,1.0092e+01,1.7501e+01,2.4070e+00,5.3475e-02
3.4700e+03,3.7684e-02,1.0091e+01,1.7501e+01,2.4074e+00,5.3485e-02
3.4800e+03,3.7251e-02,1.0091e+01,1.7501e+01,2.4078e+00,5.3496e-02
3.4900e+03,3.6824e-02,1.0090e+01,1.7501e+01,2.4082e+00,5.3506e-02
3.5000e+03,3.6402e-02,1.0090e+01,1.7501e+01,2.4087e+00,5.3516e-02
3.5100e+03,3.5984e-02,1.0090e+01,1.7501e+01,2.4091e+00,5.3526e-02
3.5200e+03,3.5571e-02,1.0089e+01,1.7501e+01,2.4095e+00,5.3536e-02
3.5300e+03,3.5163e-02,1.0089e+01,1.7501e+01,2.4099e+00,5.3546e-02
3.5400e+03,3.4760e-02,1.0088e+01,1.7501e+01,2.4103e+00,5.3556e-02
3.5500e+03,3.4361e-02,1.0088e+01,1.7501e+01,2.4106e+00,5.3565e-02
3.5600e+03,3.3967e-02,1.0088e+01,1.7501e+01,2.4110e+00,5.3575e-02
3.5700e+03,3.3578e-02,1.0087e+01,1.7501e+01,2.4114e+00,5.3584e-02
3.5800e+03,3.3193e-02,1.0087e+01,1.7501e+01,2.4118e+00,5.3594e-02
3.5900e+03,3.2812e-02,1.0086e+01,1.7501e+01,2.4122e+00,5.3603e-02
3.6000e+03,3.2436e-02,1.0086e+01,1.7501e+01,2.4125e+00,5.3612e-02
3.6100e+03,3.2064e-02,1.0086e+01,1.7501e+01,2.4129e+00,5.3621e-02
3.6200e+03,3.1696e-02,1.0085e+01,1.7501e+01,2.4132e+00,5.3630e-02
3.6300e+03,3.1333e-02,1.0085e+01,1.7501e+01,2.4136e+00,5.3639e-02
3.6400e+03,3.0974e-02,1.0085e+01,1.7501e+01,2.4140e+00,5.3647e-02
3.6500e+03,3.0618e-02,1.0084e+01,1.7501e+01,2.4143e+00,5.3656e-02
3.6600e+03,3.0267e-02,1.0084e+01,1.7501e+01,2.4146e+00,5.3664e-02
3.6700e+03,2.9920e-02,1.0084e+01,1.7501e+01,2.4150e+00,5.3673e-02
3.6800e+03,2.9577e-02,1.0083e+01,1.7501e+01,2.4153e+00,5.3681e-02
3.6900e+03,2.9238e-02,1.0083e+01,1.7501e+01,2.4156e+00,5.3689e-02
3.7000e+03,2.8903e-02,1.0083e+01,1.7501e+01,2.4160e+00,5.3697e-02
3.7100e+03,2.8572e-02,1.0082e+01,1.7501e+01,2.4163e+00,5.3705e-02
3.7200e+03,2.8244e-02,1.0082e+01,1.7501e+01,2.4166e+00,5.3713e-02
3.7300e+03,2.7921e-02,1.0082e+01,1.7501e+01,2.4169e+00,5.3721e-02
3.7400e+03,2.7601e-02,1.0081e+01,1.7501e+01,2.4172e+00,5.3729e-02
3.7500e+03,2.7284e-02,1.0081e+01,1.7501e+01,2.4176e+00,5.3737e-02
3.7600e+03,2.6972e-02,1.0081e+01,1.7501e+01,2.4179e+00,5.3744e-02
3.7700e+03,2.6662e-02,1.0080e+01,1.7501e+01,2.4182e+00,5.3752e-02
3.7800e+03,2.6357e-02,1.0080e+01,1.7501e+01,2.4185e+00,5.3759e-02
3.7900e+03,2.6055e-02,1.0080e+01,1.7501e+01,2.4188e+00,5.3766e-02
3.8000e+03,2.5756e-02,1.0080e+01,1.7501e+01,2.4190e+00,5.3774e-02
3.8100e+03,2.5461e-02,1.0079e+01,1.7501e+01,2.4193e+00,5.3781e-02
3.8200e+03,2.5169e-02,1.0079e+01,1.7501e+01,2.4196e+00,5.3788e-02
3.8300e+03,2.4881e-02,1.0079e+01,1.7501e+01,2.4199e+00,5.3795e-02
3.8400e+03,2.4596e-02,1.0078e+01,1.7501e+01,2.4202e+00,5.3802e-02
3.8500e+03,2.4314e-02,1.0078e+01,1.7501e+01,2.4204e+00,5.3809e-02
3.8600e+03,2.4035e-02,1.0078e+01,1.7501e+01,2.4207e+00,5.3815e-02
3.8700e+03,2.3760e-02,1.0078e+01,1.7501e+01,2.4210e+00,5.3822e-02
3.8800e+03,2.3488e-02,1.0077e+01,1.7501e+01,2.4213e+00,5.3829e-02
3.8900e+03,2.3219e-02,1.0077e+01,1.7501e+01,2.4215e+00,5.3835e-02
3.9000e+03,2.2953e-02,1.0077e+01,1.7501e+01,2.4218e+00,5.3841e-02
3.9100e+03,2.2690e-02,1.0077e+01,1.7501e+01,2.4220e+00,5.3848e-02
3.9200e+03,2.2430e-02,1.0076e+01,1.7501e+01,2.4223e+00,5.3854e-02
3.9300e+03,2.2173e-02,1.0076e+01,1.7501e+01,2.4225e+00,5.3860e-02
3.9400e+03,2.1919e-02,1.0076e+01,1.7501e+01,2.4228e+00,5.3867e-02
3.9500e+03,2.1668e-02,1.0076e+01,1.7501e+01,2.4230e+00,5.3873e-02
3.9600e+03,2.1420e-02,1.0075e+01,1.7501e+01,2.4233e+00,5.3879e-02
3.9700e+03,2.1174e-02,1.0075e+01,1.7501e+01,2.4235e+00,5.3885e-02
3.9800e+03,2.0932e-02,1.0075e+01,1.7501e+01,2.4238e+00,5.3890e-02
3.9900e+03,2.0692e-02,1.0075e+01,1.7501e+01,2.4240e+00,5.3896e-02
4.0000e+03,2.0455e-02,1.0074e+01,1.7501e+01,2.4242e+00,5.3902e-02
4.0100e+03,2.0221e-02,1.0074e+01,1.7501e+01,2.4244e+00,5.3908e-02
4.0200e+03,1.9989e-02,1.0074e+01,1.7501e+01,2.4247e+00,5.3913e-02
4.0300e+03,1.9760e-02,1.0074e+01,1.7501e+01,2.4249e+00,5.3919e-02
4.0400e+03,1.9534e-02,1.0073e+01,1.7501e+01,2.4251e+00,5.3924e-02
4.0500e+03,1.9310e-02,1.0073e+01,1.7501e+01,2.4253e+00,5.3930e-02
4.0600e+03,1.9089e-02,1.0073e+01,1.7501e+01,2.4255e+00,5.3935e-02
4.0700e+03,1.8870e-02,1.0073e+01,1.7501e+01,2.4258e+00,5.3940e-02
4.0800e+03,1.8654e-02,1.0073e+01,1.7501e+01,2.4260e+00,5.3946e-02
4.0900e+03,1.8440e-02,1.0072e+01,1.7501e+01,2.4262e+00,5.3951e-02
4.1000e+03,1.8229e-02,1.0072e+01,1.7501e+01,2.4264e+00,5.3956e-02
4.1100e+03,1.8021e-02,1.0072e+01,1.7501e+01,2.4266e+00,5.3961e-02
4.1200e+03,1.7814e-02,1.0072e+01,1.7501e+01,2.4268e+00,5.3966e-02
4.1300e+03,1.7610e-02,1.0072e+01,1.7501e+01,2.4270e+00,5.3971e-02
4.1400e+03,1.7409e-02,1.0071e+01,1.7501e+01,2.4272e+00,5.3976e-02
4.1500e+03,1.7209e-02,1.0071e+01,1.7501e+01,2.4274e+00,5.3981e-02
4.1600e+03,1.7012e-02,1.0071e+01,1.7501e+01,2.4276e+00,5.3985e-02
4.1700e+03,1.6817e-02,1.0071e+01,1.7501e+01,2.4278e+00,5.3990e-02
4.1800e+03,1.6625e-02,1.0071e+01,1.7501e+01,2.4280e+00,5.3995e-02
4.1900e+03,1.6434e-02,1.0070e+01,1.7501e+01,2.4281e+00,5.3999e-02
4.2000e+03,1.6246e-02,1.0070e+01,1.7501e+01,2.4283e+00,5.4004e-02
4.2100e+03,1.6060e-02,1.0070e+01,1.7501e+01,2.4285e+00,5.4008e-02
4.2200e+03,1.5876e-02,1.0070e+01,1.7501e+01,2.4287e+00,5.4013e-02
4.2300e+03,1.5695e-02,1.0070e+01,1.7501e+01,2.4289e+00,5.4017e-02
4.2400e+03,1.5515e-02,1.0070e+01,1.7501e+01,2.4290e+00,5.4022e-02
4.2500e+03,1.5337e-02,1.0069e+01,1.7501e+01,2.4292e+00,5.4026e-02
4.2600e+03,1.5162e-02,1.0069e+01,1.7501e+01,2.4294e+00,5.4030e-02
4.2700e+03,1.4988e-02,1.0069e+01,1.7501e+01,2.4295e+00,5.4034e-02
4.2800e+03,1.4817e-02,1.0069e+01,1.7501e+01,2.4297e+00,5.4039e-02
4.2900e+03,1.4647e-02,1.0069e+01,1.7501e+01,2.4299e+00,5.4043e-02
4.3000e+03,1.4479e-02,1.0069e+01,1.7501e+01,2.4300e+00,5.4047e-02
4.3100e+03,1.4313e-02,1.0068e+01,1.7501e+01,2.4302e+00,5.4051e-02
4.3200e+03,1.4150e-02,1.0068e+01,1.7501e+01,2.4304e+00,5.4055e-02
4.3300e+03,1.3988e-02,1.0068e+01,1.7501e+01,2.4305e+00,5.4059e-02
4.3400e+03,1.3828e-02,1.0068e+01,1.7501e+01,2.4307e+00,5.4062e-02
4.3500e+03,1.3669e-02,1.0068e+01,1.7501e+01,2.4308e+00,5.4066e-02
4.3600e+03,1.3513e-02,1.0068e+01,1.7501e+01,2.4310e+00,5.4070e-02
4.3700e+03,1.3358e-02,1.0067e+01,1.7501e+01,2.4311e+00,5.4074e-02
4.3800e+03,1.3205e-02,1.0067e+01,1.7501e+01,2.4313e+00,5.4078e-02
4.3900e+03,1.3054e-02,1.0067e+01,1.7501e+01,2.4314e+00,5.4081e-02
4.4000e+03,1.2905e-02,1.0067e+01,1.7501e+01,2.4316e+00,5.4085e-02
4.4100e+03,1.2757e-02,1.0067e+01,1.7501e+01,2.4317e+00,5.4088e-02
4.4200e+03,1.2611e-02,1.0067e+01,1.7501e+01,2.4319e+00,5.4092e-02
4.4300e+03,1.2467e-02,1.0067e+01,1.7501e+01,2.4320e+00,5.4095e-02
4.4400e+03,1.2324e-02,1.0066e+01,1.7501e+01,2.4321e+00,5.4099e-02
4.4500e+03,1.2183e-02,1.0066e+01,1.7501e+01,2.4323e+00,5.4102e-02
4.4600e+03,1.2043e-02,1.0066e+01,1.7501e+01,2.4324e+00,5.4106e-02
4.4700e+03,1.1906e-02,1.0066e+01,1.7501e+01,2.4326e+00,5.4109e-02
4.4800e+03,1.1769e-02,1.0066e+01,1.7501e+01,2.4327e+00,5.4112e-02
4.4900e+03,1.1635e-02,1.0066e+01,1.7501e+01,2.4328e+00,5.4116e-02
4.5000e+03,1.1501e-02,1.0066e+01,1.7501e+01,2.4330e+00,5.4119e-02
4.5100e+03,1.1370e-02,1.0066e+01,1.7501e+01,2.4331e+00,5.4122e-02
4.5200e+03,1.1240e-02,1.0065e+01,1.7501e+01,2.4332e+00,5.4125e-02
4.5300e+03,1.1111e-02,1.0065e+01,1.7501e+01,2.4333e+00,5.4128e-02
4.5400e+03,1.0984e-02,1.0065e+01,1.7501e+01,2.4335e+00,5.4131e-02
4.5500e+03,1.0858e-02,1.0065e+01,1.7501e+01,2.4336e+00,5.4134e-02
4.5600e+03,1.0734e-02,1.0065e+01,1.7501e+01,2.4337e+00,5.4137e-02
4.5700e+03,1.0611e-02,1.0065e+01,1.7501e+01,2.4338e+00,5.4140e-02
4.5800e+03,1.0490e-02,1.0065e+01,1.7501e+01,2.4339e+00,5.4143e-02
4.5900e+03,1.0370e-02,1.0065e+01,1.7501e+01,2.4341e+00,5.4146e-02
4.6000e+03,1.0251e-02,1.0064e+01,1.7501e+01,2.4342e+00,5.4149e-02
4.6100e+03,1.0134e-02,1.0064e+01,1.7501e+01,2.4343e+00,5.4152e-02
4.6200e+03,1.0018e-02,1.0064e+01,1.7501e+01,2.4344e+00,5.4155e-02
4.6300e+03,9.9031e-03,1.0064e+01,1.7501e+01,2.4345e+00,5.4158e-02
4.6400e+03,9.7898e-03,1.0064e+01,1.7501e+01,2.4346e+00,5.4160e-02
4.6500e+03,9.6777e-03,1.0064e+01,1.7501e+01,2.4347e+00,5.4163e-02
4.6600e+03,9.5670e-03,1.0064e+01,1.7501e+01,2.4348e+00,5.4166e-02
4.6700e+03,9.4575e-03,1.0064e+01,1.7501e+01,2.4349e+00,5.4168e-02
4.6800e+03,9.3493e-03,1.0064e+01,1.7501e+01,2.4351e+00,5.4171e-02
4.6900e+03,9.2423e-03,1.0063e+01,1.7501e+01,2.4352e+00,5.4174e-02
4.7000e+03,9.1366e-03,1.0063e+01,1.7501e+01,2.4353e+00,5.4176e-02
4.7100e+03,9.0320e-03,1.0063e+01,1.7501e+01,2.4354e+00,5.4179e-02
4.7200e+03,8.9287e-03,1.0063e+01,1.7501e+01,2.4355e+00,5.4181e-02
4.7300e+03,8.8265e-03,1.0063e+01,1.7501e+01,2.4356e+00,5.4184e-02
4.7400e+03,8.7255e-03,1.0063e+01,1.7501e+01,2.4357e+00,5.4186e-02
4.7500e+03,8.6257e-03,1.0063e+01,1.7501e+01,2.4358e+00,5.4189e-02
4.7600e+03,8.5270e-03,1.0063e+01,1.7501e+01,2.4359e+00,5.4191e-02
4.7700e+03,8.4295e-03,1.0063e+01,1.7501e+01,2.4359e+00,5.4193e-02
4.7800e+03,8.3330e-03,1.0063e+01,1.7501e+01,2.4360e+00,5.4196e-02
4.7900e+03,8.2377e-03,1.0062e+01,1.7501e+01,2.4361e+00,5.4198e-02
4.8000e+03,8.1434e-03,1.0062e+01,1.7501e+01,2.4362e+00,5.4200e-02
4.8100e+03,8.0503e-03,1.0062e+01,1.7501e+01,2.4363e+00,5.4203e-02
4.8200e+03,7.9582e-03,1.0062e+01,1.7501e+01,2.4364e+00,5.4205e-02
4.8300e+03,7.8671e-03,1.0062e+01,1.7501e+01,2.4365e+00,5.4207e-02
4.8400e+03,7.7771e-03,1.0062e+01,1.7501e+01,2.4366e+00,5.4209e-02
4.8500e+03,7.6881e-03,1.0062e+01,1.7501e+01,2.4367e+00,5.4211e-02
4.8600e+03,7.6002e-03,1.0062e+01,1.7501e+01,2.4368e+00,5.4213e-02
4.8700e+03,7.5132e-03,1.0062e+01,1.7501e+01,2.4368e+00,5.4216e-02
4.8800e+03,7.4273e-03,1.0062e+01,1.7501e+01,2.4369e+00,5.4218e-02
4.8900e+03,7.3423e-03,1.0062e+01,1.7501e+01,2.4370e+00,5.4220e-02
4.9000e+03,7.2583e-03,1.0062e+01,1.7501e+01,2.4371e+00,5.4222e-02
4.9100e+03,7.1753e-03,1.0061e+01,1.7501e+01,2.4372e+00,5.4224e-02
4.9200e+03,7.0932e-03,1.0061e+01,1.7501e+01,2.4373e+00,5.4226e-02
4.9300e+03,7.0120e-03,1.0061e+01,1.7501e+01,2.4373e+00,5.4228e-02
4.9400e+03,6.9318e-03,1.0061e+01,1.7501e+01,2.4374e+00,5.4230e-02
4.9500e+03,6.8525e-03,1.0061e+01,1.7501e+01,2.4375e+00,5.4232e-02
4.9600e+03,6.7741e-03,1.0061e+01,1.7501e+01,2.4376e+00,5.4233e-02
4.9700e+03,6.6966e-03,1.0061e+01,1.7501e+01,2.4376e+00,5.4235e-02
4.9800e+03,6.6200e-03,1.0061e+01,1.7501e+01,2.4377e+00,5.4237e-02
4.9900e+03,6.5443e-03,1.0061e+01,1.7501e+01,2.4378e+00,5.4239e-02
5.0000e+03,6.4694e-03,1.0061e+01,1.7501e+01,2.4379e+00,5.4241e-02
5.0100e+03,6.3954e-03,1.0061e+01,1.7501e+01,2.4379e+00,5.4243e-02
5.0200e+03,6.3223e-03,1.0061e+01,1.7501e+01,2.4380e+00,5.4244e-02
5.0300e+03,6.2499e-03,1.0061e+01,1.7501e+01,2.4381e+00,5.4246e-02
5.0400e+03,6.1785e-03,1.0060e+01,1.7501e+01,2.4381e+00,5.4248e-02
5.0500e+03,6.1078e-03,1.0060e+01,1.7501e+01,2.4382e+00,5.4250e-02
5.0600e+03,6.0379e-03,1.0060e+01,1.7501e+01,2.4383e+00,5.4251e-02
5.0700e+03,5.9688e-03,1.0060e+01,1.7501e+01,2.4384e+00,5.4253e-02
5.0800e+03,5.9006e-03,1.0060e+01,1.7501e+01,2.4384e+00,5.4255e-02
5.0900e+03,5.8331e-03,1.0060e+01,1.7501e+01,2.4385e+00,5.4256e-02
5.1000e+03,5.7664e-03,1.0060e+01,1.7501e+01,2.4385e+00,5.4258e-02
5.1100e+03,5.7004e-03,1.0060e+01,1.7501e+01,2.4386e+00,5.4259e-02
5.1200e+03,5.6352e-03,1.0060e+01,1.7501e+01,2.4387e+00,5.4261e-02
5.1300e+03,5.5707e-03,1.0060e+01,1.7501e+01,2.4387e+00,5.4263e-02
5.1400e+03,5.5070e-03,1.0060e+01,1.7501e+01,2.4388e+00,5.4264e-02
5.1500e+03,5.4440e-03,1.0060e+01,1.7501e+01,2.4389e+00,5.4266e-02
5.1600e+03,5.3818e-03,1.0060e+01,1.7501e+01,2.4389e+00,5.4267e-02
5.1700e+03,5.3202e-03,1.0060e+01,1.7501e+01,2.4390e+00,5.4269e-02
5.1800e+03,5.2593e-03,1.0060e+01,1.7501e+01,2.4390e+00,5.4270e-02
5.1900e+03,5.1992e-03,1.0060e+01,1.7501e+01,2.4391e+00,5.4272e-02
5.2000e+03,5.1397e-03,1.0059e+01,1.7501e+01,2.4392e+00,5.4273e-02
5.2100e+03,5.0809e-03,1.0059e+01,1.7501e+01,2.4392e+00,5.4274e-02
5.2200e+03,5.0228e-03,1.0059e+01,1.7501e+01,2.4393e+00,5.4276e-02
5.2300e+03,4.9654e-03,1.0059e+01,1.7501e+01,2.4393e+00,5.4277e-02
5.2400e+03,4.9086e-03,1.0059e+01,1.7501e+01,2.4394e+00,5.4279e-02
5.2500e+03,4.8524e-03,1.0059e+01,1.7501e+01,2.4394e+00,5.4280e-02
5.2600e+03,4.7969e-03,1.0059e+01,1.7501e+01,2.4395e+00,5.4281e-02
5.2700e+03,4.7421e-03,1.0059e+01,1.7501e+01,2.4395e+00,5.4283e-02
5.2800e+03,4.6878e-03,1.0059e+01,1.7501e+01,2.4396e+00,5.4284e-02
5.2900e+03,4.6342e-03,1.0059e+01,1.7501e+01,2.4397e+00,5.4285e-02
5.3000e+03,4.5812e-03,1.0059e+01,1.7501e+01,2.4397e+00,5.4287e-02
5.3100e+03,4.5288e-03,1.0059e+01,1.7501e+01,2.4398e+00,5.4288e-02
5.3200e+03,4.4770e-03,1.0059e+01,1.7501e+01,2.4398e+00,5.4289e-02
