t,[L2M],[D],[L],[L2MD],[L2Ms]
0.0000e+00,2.5000e+00,1.2500e+01,2.2500e+01,0.0000e+00,0.0000e+00
1.0000e+01,2.4714e+00,1.2473e+01,2.2501e+01,2.6912e-02,5.3882e-04
2.0000e+01,2.4443e+00,1.2446e+01,2.2501e+01,5.3520e-02,1.0727e-03
3.0000e+01,2.4175e+00,1.2420e+01,2.2501e+01,7.9781e-02,1.6007e-03
4.0000e+01,2.3911e+00,1.2394e+01,2.2501e+01,1.0570e-01,2.1230e-03
5.0000e+01,2.3650e+00,1.2369e+01,2.2501e+01,1.3129e-01,2.6396e-03
6.0000e+01,2.3392e+00,1.2343e+01,2.2501e+01,1.5654e-01,3.1506e-03
7.0000e+01,2.3138e+00,1.2318e+01,2.2501e+01,1.8147e-01,3.6560e-03
8.0000e+01,2.2887e+00,1.2294e+01,2.2501e+01,2.0608e-01,4.1560e-03
9.0000e+01,2.2639e+00,1.2269e+01,2.2501e+01,2.3038e-01,4.6506e-03
1.0000e+02,2.2394e+00,1.2245e+01,2.2501e+01,2.5437e-01,5.1398e-03
1.1000e+02,2.2152e+00,1.2222e+01,2.2501e+01,2.7805e-01,5.6238e-03
1.2000e+02,2.1914e+00,1.2198e+01,2.2501e+01,3.0143e-01,6.1026e-03
1.3000e+02,2.1678e+00,1.2175e+01,2.2501e+01,3.2452e-01,6.5762e-03
1.4000e+02,2.1445e+00,1.2153e+01,2.2501e+01,3.4732e-01,7.0448e-03
1.5000e+02,2.1215e+00,1.2130e+01,2.2501e+01,3.6983e-01,7.5084e-03
1.6000e+02,2.0989e+00,1.2108e+01,2.2501e+01,3.9207e-01,7.9670e-03
1.7000e+02,2.0764e+00,1.2086e+01,2.2501e+01,4.1402e-01,8.4207e-03
1.8000e+02,2.0543e+00,1.2064e+01,2.2501e+01,4.3570e-01,8.8696e-03
1.9000e+02,2.0325e+00,1.2043e+01,2.2501e+01,4.5712e-01,9.3138e-03
2.0000e+02,2.0109e+00,1.2022e+01,2.2501e+01,4.7827e-01,9.7532e-03
2.1000e+02,1.9895e+00,1.2001e+01,2.2501e+01,4.9916e-01,1.0188e-02
2.2000e+02,1.9685e+00,1.1980e+01,2.2501e+01,5.1979e-01,1.0618e-02
2.3000e+02,1.9477e+00,1.1960e+01,2.2501e+01,5.4017e-01,1.1044e-02
2.4000e+02,1.9271e+00,1.1939e+01,2.2501e+01,5.6030e-01,1.1465e-02
2.5000e+02,1.9068e+00,1.1920e+01,2.2501e+01,5.8019e-01,1.1882e-02
2.6000e+02,1.8868e+00,1.1900e+01,2.2501e+01,5.9984e-01,1.2294e-02
2.7000e+02,1.8669e+00,1.1880e+01,2.2501e+01,6.1925e-01,1.2702e-02
2.8000e+02,1.8474e+00,1.1861e+01,2.2501e+01,6.3842e-01,1.3106e-02
2.9000e+02,1.8280e+00,1.1842e+01,2.2501e+01,6.5736e-01,1.3506e-02
3.0000e+02,1.8089e+00,1.1824e+01,2.2501e+01,6.7608e-01,1.3901e-02
3.1000e+02,1.7900e+00,1.1805e+01,2.2501e+01,6.9457e-01,1.4292e-02
3.2000e+02,1.7714e+00,1.1787e+01,2.2501e+01,7.1284e-01,1.4680e-02
3.3000e+02,1.7529e+00,1.1769e+01,2.2501e+01,7.3089e-01,1.5063e-02
3.4000e+02,1.7347e+00,1.1751e+01,2.2501e+01,7.4873e-01,1.5442e-02
3.5000e+02,1.7167e+00,1.1733e+01,2.2501e+01,7.6636e-01,1.5817e-02
3.6000e+02,1.6989e+00,1.1716e+01,2.2501e+01,7.8378e-01,1.6189e-02
3.7000e+02,1.6813e+00,1.1699e+01,2.2501e+01,8.0099e-01,1.6556e-02
3.8000e+02,1.6640e+00,1.1682e+01,2.2501e+01,8.1801e-01,1.6920e-02
3.9000e+02,1.6468e+00,1.1665e+01,2.2501e+01,8.3482e-01,1.7280e-02
4.0000e+02,1.6298e+00,1.1648e+01,2.2501e+01,8.5143e-01,1.7637e-02
4.1000e+02,1.6130e+00,1.1632e+01,2.2501e+01,8.6785e-01,1.7989e-02
4.2000e+02,1.5965e+00,1.1616e+01,2.2501e+01,8.8408e-01,1.8338e-02
4.3000e+02,1.5801e+00,1.1599e+01,2.2501e+01,9.0013e-01,1.8684e-02
4.4000e+02,1.5639e+00,1.1584e+01,2.2501e+01,9.1598e-01,1.9026e-02
4.5000e+02,1.5479e+00,1.1568e+01,2.2501e+01,9.3165e-01,1.9364e-02
4.6000e+02,1.5320e+00,1.1552e+01,2.2501e+01,9.4714e-01,1.9699e-02
4.7000e+02,1.5164e+00,1.1537e+01,2.2501e+01,9.6246e-01,2.0031e-02
4.8000e+02,1.5009e+00,1.1522e+01,2.2501e+01,9.7759e-01,2.0359e-02
4.9000e+02,1.4856e+00,1.1507e+01,2.2501e+01,9.9256e-01,2.0684e-02
5.0000e+02,1.4705e+00,1.1492e+01,2.2501e+01,1.0074e+00,2.1006e-02
5.1000e+02,1.4556e+00,1.1478e+01,2.2501e+01,1.0220e+00,2.1324e-02
5.2000e+02,1.4408e+00,1.1463e+01,2.2501e+01,1.0364e+00,2.1639e-02
5.3000e+02,1.4262e+00,1.1449e+01,2.2501e+01,1.0507e+00,2.1951e-02
5.4000e+02,1.4118e+00,1.1435e+01,2.2501e+01,1.0649e+00,2.2260e-02
5.5000e+02,1.3975e+00,1.1421e+01,2.2501e+01,1.0788e+00,2.2565e-02
5.6000e+02,1.3834e+00,1.1407e+01,2.2501e+01,1.0926e+00,2.2868e-02
5.7000e+02,1.3694e+00,1.1393e+01,2.2501e+01,1.1063e+00,2.3167e-02
5.8000e+02,1.3556e+00,1.1380e+01,2.2501e+01,1.1198e+00,2.3464e-02
5.9000e+02,1.3420e+00,1.1366e+01,2.2501e+01,1.1332e+00,2.3758e-02
6.0000e+02,1.3285e+00,1.1353e+01,2.2501e+01,1.1464e+00,2.4048e-02
6.1000e+02,1.3151e+00,1.1340e+01,2.2501e+01,1.1594e+00,2.4336e-02
6.2000e+02,1.3019e+00,1.1327e+01,2.2501e+01,1.1723e+00,2.4621e-02
6.3000e+02,1.2889e+00,1.1314e+01,2.2501e+01,1.1851e+00,2.4902e-02
6.4000e+02,1.2760e+00,1.1302e+01,2.2501e+01,1.1977e+00,2.5182e-02
6.5000e+02,1.2632e+00,1.1289e+01,2.2501e+01,1.2102e+00,2.5458e-02
6.6000e+02,1.2506e+00,1.1277e+01,2.2501e+01,1.2226e+00,2.5731e-02
6.7000e+02,1.2381e+00,1.1265e+01,2.2501e+01,1.2348e+00,2.6002e-02
6.8000e+02,1.2258e+00,1.1253e+01,2.2501e+01,1.2468e+00,2.6270e-02
6.9000e+02,1.2136e+00,1.1241e+01,2.2501e+01,1.2588e+00,2.6536e-02
7.0000e+02,1.2015e+00,1.1229e+01,2.2501e+01,1.2706e+00,2.6799e-02
7.1000e+02,1.1896e+00,1.1217e+01,2.2501e+01,1.2823e+00,2.7059e-02
7.2000e+02,1.1777e+00,1.1206e+01,2.2501e+01,1.2938e+00,2.7317e-02
7.3000e+02,1.1661e+00,1.1194e+01,2.2501e+01,1.3053e+00,2.7572e-02
7.4000e+02,1.1545e+00,1.1183e+01,2.2501e+01,1.3166e+00,2.7824e-02
7.5000e+02,1.1431e+00,1.1172e+01,2.2501e+01,1.3277e+00,2.8074e-02
7.6000e+02,1.1318e+00,1.1161e+01,2.2501e+01,1.3388e+00,2.8322e-02
7.7000e+02,1.1206e+00,1.1150e+01,2.2501e+01,1.3497e+00,2.8567e-02
7.8000e+02,1.1095e+00,1.1139e+01,2.2501e+01,1.3606e+00,2.8810e-02
7.9000e+02,1.0986e+00,1.1128e+01,2.2501e+01,1.3713e+00,2.9050e-02
8.0000e+02,1.0877e+00,1.1118e+01,2.2501e+01,1.3819e+00,2.9288e-02
8.1000e+02,1.0770e+00,1.1107e+01,2.2501e+01,1.3923e+00,2.9524e-02
8.2000e+02,1.0664e+00,1.1097e+01,2.2501e+01,1.4027e+00,2.9757e-02
8.3000e+02,1.0560e+00,1.1086e+01,2.2501e+01,1.4129e+00,2.9988e-02
8.4000e+02,1.0456e+00,1.1076e+01,2.2501e+01,1.4231e+00,3.0217e-02
8.5000e+02,1.0353e+00,1.1066e+01,2.2501e+01,1.4331e+00,3.0444e-02
8.6000e+02,1.0252e+00,1.1056e+01,2.2501e+01,1.4430e+00,3.0668e-02
8.7000e+02,1.0151e+00,1.1046e+01,2.2501e+01,1.4529e+00,3.0890e-02
8.8000e+02,1.0052e+00,1.1037e+01,2.2501e+01,1.4626e+00,3.1110e-02
8.9000e+02,9.9537e-01,1.1027e+01,2.2501e+01,1.4722e+00,3.1328e-02
9.0000e+02,9.8565e-01,1.1018e+01,2.2501e+01,1.4817e+00,3.1544e-02
9.1000e+02,9.7603e-01,1.1008e+01,2.2501e+01,1.4911e+00,3.1757e-02
9.2000e+02,9.6650e-01,1.0999e+01,2.2501e+01,1.5004e+00,3.1969e-02
9.3000e+02,9.5708e-01,1.0990e+01,2.2501e+01,1.5096e+00,3.2178e-02
9.4000e+02,9.4776e-01,1.0981e+01,2.2501e+01,1.5187e+00,3.2386e-02
9.5000e+02,9.3854e-01,1.0972e+01,2.2501e+01,1.5278e+00,3.2591e-02
9.6000e+02,9.2941e-01,1.0963e+01,2.2501e+01,1.5367e+00,3.2794e-02
9.7000e+02,9.2038e-01,1.0954e+01,2.2501e+01,1.5455e+00,3.2996e-02
9.8000e+02,9.1145e-01,1.0945e+01,2.2501e+01,1.5542e+00,3.3195e-02
9.9000e+02,9.0261e-01,1.0936e+01,2.2501e+01,1.5629e+00,3.3393e-02
1.0000e+03,8.9386e-01,1.0928e+01,2.2501e+01,1.5714e+00,3.3588e-02
1.0100e+03,8.8520e-01,1.0919e+01,2.2501e+01,1.5799e+00,3.3782e-02
1.0200e+03,8.7663e-01,1.0911e+01,2.2501e+01,1.5883e+00,3.3974e-02
1.0300e+03,8.6815e-01,1.0903e+01,2.2501e+01,1.5966e+00,3.4164e-02
1.0400e+03,8.5976e-01,1.0895e+01,2.2501e+01,1.6048e+00,3.4352e-02
1.0500e+03,8.5145e-01,1.0886e+01,2.2501e+01,1.6129e+00,3.4539e-02
1.0600e+03,8.4324e-01,1.0878e+01,2.2501e+01,1.6209e+00,3.4723e-02
1.0700e+03,8.3510e-01,1.0870e+01,2.2501e+01,1.6289e+00,3.4906e-02
1.0800e+03,8.2705e-01,1.0863e+01,2.2501e+01,1.6367e+00,3.5087e-02
1.0900e+03,8.1909e-01,1.0855e+01,2.2501e+01,1.6445e+00,3.5266e-02
1.1000e+03,8.1120e-01,1.0847e+01,2.2501e+01,1.6522e+00,3.5444e-02
1.1100e+03,8.0340e-01,1.0839e+01,2.2501e+01,1.6599e+00,3.5620e-02
1.1200e+03,7.9568e-01,1.0832e+01,2.2501e+01,1.6674e+00,3.5794e-02
1.1300e+03,7.8804e-01,1.0824e+01,2.2501e+01,1.6749e+00,3.5966e-02
1.1400e+03,7.8047e-01,1.0817e+01,2.2501e+01,1.6823e+00,3.6137e-02
1.1500e+03,7.7298e-01,1.0810e+01,2.2501e+01,1.6896e+00,3.6306e-02
1.1600e+03,7.6557e-01,1.0802e+01,2.2501e+01,1.6968e+00,3.6474e-02
1.1700e+03,7.5824e-01,1.0795e+01,2.2501e+01,1.7040e+00,3.6640e-02
1.1800e+03,7.5098e-01,1.0788e+01,2.2501e+01,1.7111e+00,3.6804e-02
1.1900e+03,7.4379e-01,1.0781e+01,2.2501e+01,1.7181e+00,3.6967e-02
1.2000e+03,7.3668e-01,1.0774e+01,2.2501e+01,1.7251e+00,3.7128e-02
1.2100e+03,7.2964e-01,1.0767e+01,2.2501e+01,1.7320e+00,3.7288e-02
1.2200e+03,7.2267e-01,1.0760e+01,2.2501e+01,1.7388e+00,3.7446e-02
1.2300e+03,7.1577e-01,1.0754e+01,2.2501e+01,1.7455e+00,3.7603e-02
1.2400e+03,7.0894e-01,1.0747e+01,2.2501e+01,1.7522e+00,3.7758e-02
1.2500e+03,7.0218e-01,1.0740e+01,2.2501e+01,1.7588e+00,3.7912e-02
1.2600e+03,6.9549e-01,1.0734e+01,2.2501e+01,1.7653e+00,3.8064e-02
1.2700e+03,6.8887e-01,1.0727e+01,2.2501e+01,1.7718e+00,3.8215e-02
1.2800e+03,6.8231e-01,1.0721e+01,2.2501e+01,1.7782e+00,3.8364e-02
1.2900e+03,6.7582e-01,1.0715e+01,2.2501e+01,1.7846e+00,3.8512e-02
1.3000e+03,6.6939e-01,1.0708e+01,2.2501e+01,1.7908e+00,3.8659e-02
1.3100e+03,6.6303e-01,1.0702e+01,2.2501e+01,1.7971e+00,3.8804e-02
1.3200e+03,6.5674e-01,1.0696e+01,2.2501e+01,1.8032e+00,3.8948e-02
1.3300e+03,6.5050e-01,1.0690e+01,2.2501e+01,1.8093e+00,3.9090e-02
1.3400e+03,6.4433e-01,1.0684e+01,2.2501e+01,1.8153e+00,3.9231e-02
1.3500e+03,6.3822e-01,1.0678e+01,2.2501e+01,1.8213e+00,3.9371e-02
1.3600e+03,6.3217e-01,1.0672e+01,2.2501e+01,1.8272e+00,3.9509e-02
1.3700e+03,6.2619e-01,1.0666e+01,2.2501e+01,1.8331e+00,3.9646e-02
1.3800e+03,6.2026e-01,1.0660e+01,2.2501e+01,1.8388e+00,3.9782e-02
1.3900e+03,6.1439e-01,1.0655e+01,2.2501e+01,1.8446e+00,3.9917e-02
1.4000e+03,6.0858e-01,1.0649e+01,2.2501e+01,1.8503e+00,4.0050e-02
1.4100e+03,6.0283e-01,1.0643e+01,2.2501e+01,1.8559e+00,4.0182e-02
1.4200e+03,5.9713e-01,1.0638e+01,2.2501e+01,1.8614e+00,4.0312e-02
1.4300e+03,5.9149e-01,1.0632e+01,2.2501e+01,1.8670e+00,4.0442e-02
1.4400e+03,5.8591e-01,1.0627e+01,2.2501e+01,1.8724e+00,4.0570e-02
1.4500e+03,5.8039e-01,1.0621e+01,2.2501e+01,1.8778e+00,4.0697e-02
1.4600e+03,5.7491e-01,1.0616e+01,2.2501e+01,1.8832e+00,4.0823e-02
1.4700e+03,5.6949e-01,1.0611e+01,2.2501e+01,1.8884e+00,4.0948e-02
1.4800e+03,5.6413e-01,1.0605e+01,2.2501e+01,1.8937e+00,4.1071e-02
1.4900e+03,5.5882e-01,1.0600e+01,2.2501e+01,1.8989e+00,4.1194e-02
1.5000e+03,5.5356e-01,1.0595e+01,2.2501e+01,1.9040e+00,4.1315e-02
1.5100e+03,5.4835e-01,1.0590e+01,2.2501e+01,1.9091e+00,4.1435e-02
1.5200e+03,5.4320e-01,1.0585e+01,2.2501e+01,1.9141e+00,4.1554e-02
1.5300e+03,5.3809e-01,1.0580e+01,2.2501e+01,1.9191e+00,4.1672e-02
1.5400e+03,5.3304e-01,1.0575e+01,2.2501e+01,1.9241e+00,4.1788e-02
1.5500e+03,5.2803e-01,1.0570e+01,2.2501e+01,1.9290e+00,4.1904e-02
1.5600e+03,5.2308e-01,1.0565e+01,2.2501e+01,1.9338e+00,4.2019e-02
1.5700e+03,5.1817e-01,1.0561e+01,2.2501e+01,1.9386e+00,4.2132e-02
1.5800e+03,5.1331e-01,1.0556e+01,2.2501e+01,1.9433e+00,4.2244e-02
1.5900e+03,5.0850e-01,1.0551e+01,2.2501e+01,1.9480e+00,4.2356e-02
1.6000e+03,5.0373e-01,1.0546e+01,2.2501e+01,1.9527e+00,4.2466e-02
1.6100e+03,4.9902e-01,1.0542e+01,2.2501e+01,1.9573e+00,4.2575e-02
1.6200e+03,4.9434e-01,1.0537e+01,2.2501e+01,1.9619e+00,4.2684e-02
1.6300e+03,4.8972e-01,1.0533e+01,2.2501e+01,1.9664e+00,4.2791e-02
1.6400e+03,4.8514e-01,1.0528e+01,2.2501e+01,1.9709e+00,4.2897e-02
1.6500e+03,4.8060e-01,1.0524e+01,2.2501e+01,1.9753e+00,4.3002e-02
1.6600e+03,4.7611e-01,1.0519e+01,2.2501e+01,1.9797e+00,4.3107e-02
1.6700e+03,4.7166e-01,1.0515e+01,2.2501e+01,1.9840e+00,4.3210e-02
1.6800e+03,4.6726e-01,1.0511e+01,2.2501e+01,1.9883e+00,4.3312e-02
1.6900e+03,4.6289e-01,1.0507e+01,2.2501e+01,1.9926e+00,4.3414e-02
1.7000e+03,4.5857e-01,1.0502e+01,2.2501e+01,1.9968e+00,4.3514e-02
1.7100e+03,4.5430e-01,1.0498e+01,2.2501e+01,2.0010e+00,4.3613e-02
1.7200e+03,4.5006e-01,1.0494e+01,2.2501e+01,2.0051e+00,4.3712e-02
1.7300e+03,4.4587e-01,1.0490e+01,2.2501e+01,2.0092e+00,4.3810e-02
1.7400e+03,4.4171e-01,1.0486e+01,2.2501e+01,2.0133e+00,4.3906e-02
1.7500e+03,4.3760e-01,1.0482e+01,2.2501e+01,2.0173e+00,4.4002e-02
1.7600e+03,4.3352e-01,1.0478e+01,2.2501e+01,2.0213e+00,4.4097e-02
1.7700e+03,4.2949e-01,1.0474e+01,2.2501e+01,2.0252e+00,4.4191e-02
1.7800e+03,4.2549e-01,1.0470e+01,2.2501e+01,2.0291e+00,4.4284e-02
1.7900e+03,4.2153e-01,1.0466e+01,2.2501e+01,2.0330e+00,4.4377e-02
1.8000e+03,4.1761e-01,1.0462e+01,2.2501e+01,2.0368e+00,4.4468e-02
1.8100e+03,4.1373e-01,1.0458e+01,2.2501e+01,2.0406e+00,4.4559e-02
1.8200e+03,4.0989e-01,1.0455e+01,2.2501e+01,2.0444e+00,4.4648e-02
1.8300e+03,4.0608e-01,1.0451e+01,2.2501e+01,2.0481e+00,4.4737e-02
1.8400e+03,4.0231e-01,1.0447e+01,2.2501e+01,2.0518e+00,4.4825e-02
1.8500e+03,3.9858e-01,1.0444e+01,2.2501e+01,2.0554e+00,4.4913e-02
1.8600e+03,3.9488e-01,1.0440e+01,2.2501e+01,2.0590e+00,4.4999e-02
1.8700e+03,3.9122e-01,1.0436e+01,2.2501e+01,2.0626e+00,4.5085e-02
1.8800e+03,3.8759e-01,1.0433e+01,2.2501e+01,2.0661e+00,4.5170e-02
1.8900e+03,3.8399e-01,1.0429e+01,2.2501e+01,2.0696e+00,4.5254e-02
1.9000e+03,3.8044e-01,1.0426e+01,2.2501e+01,2.0731e+00,4.5337e-02
1.9100e+03,3.7691e-01,1.0423e+01,2.2501e+01,2.0766e+00,4.5420e-02
1.9200e+03,3.7342e-01,1.0419e+01,2.2501e+01,2.0800e+00,4.5502e-02
1.9300e+03,3.6996e-01,1.0416e+01,2.2501e+01,2.0833e+00,4.5583e-02
1.9400e+03,3.6654e-01,1.0412e+01,2.2501e+01,2.0867e+00,4.5663e-02
1.9500e+03,3.6315e-01,1.0409e+01,2.2501e+01,2.0900e+00,4.5742e-02
1.9600e+03,3.5979e-01,1.0406e+01,2.2501e+01,2.0933e+00,4.5821e-02
1.9700e+03,3.5646e-01,1.0403e+01,2.2501e+01,2.0965e+00,4.5899e-02
1.9800e+03,3.5317e-01,1.0399e+01,2.2501e+01,2.0997e+00,4.5977e-02
1.9900e+03,3.4990e-01,1.0396e+01,2.2501e+01,2.1029e+00,4.6053e-02
2.0000e+03,3.4667e-01,1.0393e+01,2.2501e+01,2.1061e+00,4.6129e-02
2.0100e+03,3.4347e-01,1.0390e+01,2.2501e+01,2.1092e+00,4.6204e-02
2.0200e+03,3.4030e-01,1.0387e+01,2.2501e+01,2.1123e+00,4.6279e-02
2.0300e+03,3.3716e-01,1.0384e+01,2.2501e+01,2.1154e+00,4.6353e-02
2.0400e+03,3.3405e-01,1.0381e+01,2.2501e+01,2.1184e+00,4.6426e-02
2.0500e+03,3.3096e-01,1.0378e+01,2.2501e+01,2.1214e+00,4.6498e-02
2.0600e+03,3.2791e-01,1.0375e+01,2.2501e+01,2.1244e+00,4.6570e-02
2.0700e+03,3.2489e-01,1.0372e+01,2.2501e+01,2.1274e+00,4.6641e-02
2.0800e+03,3.2189e-01,1.0369e+01,2.2501e+01,2.1303e+00,4.6712e-02
2.0900e+03,3.1893e-01,1.0366e+01,2.2501e+01,2.1332e+00,4.6782e-02
2.1000e+03,3.1599e-01,1.0363e+01,2.2501e+01,2.1361e+00,4.6851e-02
2.1100e+03,3.1308e-01,1.0360e+01,2.2501e+01,2.1389e+00,4.6919e-02
2.1200e+03,3.1019e-01,1.0357e+01,2.2501e+01,2.1417e+00,4.6987e-02
2.1300e+03,3.0734e-01,1.0355e+01,2.2501e+01,2.1445e+00,4.7055e-02
2.1400e+03,3.0451e-01,1.0352e+01,2.2501e+01,2.1473e+00,4.7121e-02
2.1500e+03,3.0171e-01,1.0349e+01,2.2501e+01,2.1500e+00,4.7187e-02
2.1600e+03,2.9893e-01,1.0346e+01,2.2501e+01,2.1527e+00,4.7253e-02
2.1700e+03,2.9618e-01,1.0344e+01,2.2501e+01,2.1554e+00,4.7318e-02
2.1800e+03,2.9346e-01,1.0341e+01,2.2501e+01,2.1580e+00,4.7382e-02
2.1900e+03,2.9076e-01,1.0338e+01,2.2501e+01,2.1607e+00,4.7446e-02
2.2000e+03,2.8809e-01,1.0336e+01,2.2501e+01,2.1633e+00,4.7509e-02
2.2100e+03,2.8544e-01,1.0333e+01,2.2501e+01,2.1659e+00,4.7571e-02
2.2200e+03,2.8282e-01,1.0331e+01,2.2501e+01,2.1684e+00,4.7633e-02
2.2300e+03,2.8022e-01,1.0328e+01,2.2501e+01,2.1710e+00,4.7695e-02
2.2400e+03,2.7765e-01,1.0326e+01,2.2501e+01,2.1735e+00,4.7756e-02
2.2500e+03,2.7510e-01,1.0323e+01,2.2501e+01,2.1760e+00,4.7816e-02
2.2600e+03,2.7258e-01,1.0321e+01,2.2501e+01,2.1784e+00,4.7875e-02
2.2700e+03,2.7008e-01,1.0318e+01,2.2501e+01,2.1809e+00,4.7935e-02
2.2800e+03,2.6760e-01,1.0316e+01,2.2501e+01,2.1833e+00,4.7993e-02
2.2900e+03,2.6515e-01,1.0313e+01,2.2501e+01,2.1857e+00,4.8051e-02
2.3000e+03,2.6271e-01,1.0311e+01,2.2501e+01,2.1881e+00,4.8109e-02
2.3100e+03,2.6031e-01,1.0309e+01,2.2501e+01,2.1904e+00,4.8166e-02
2.3200e+03,2.5792e-01,1.0306e+01,2.2501e+01,2.1927e+00,4.8222e-02
2.3300e+03,2.5556e-01,1.0304e+01,2.2501e+01,2.1951e+00,4.8278e-02
2.3400e+03,2.5322e-01,1.0302e+01,2.2501e+01,2.1973e+00,4.8334e-02
2.3500e+03,2.5090e-01,1.0299e+01,2.2501e+01,2.1996e+00,4.8389e-02
2.3600e+03,2.4860e-01,1.0297e+01,2.2501e+01,2.2018e+00,4.8443e-02
2.3700e+03,2.4632e-01,1.0295e+01,2.2501e+01,2.2041e+00,4.8497e-02
2.3800e+03,2.4407e-01,1.0293e+01,2.2501e+01,2.2063e+00,4.8551e-02
2.3900e+03,2.4184e-01,1.0291e+01,2.2501e+01,2.2085e+00,4.8604e-02
2.4000e+03,2.3962e-01,1.0288e+01,2.2501e+01,2.2106e+00,4.8656e-02
2.4100e+03,2.3743e-01,1.0286e+01,2.2501e+01,2.2128e+00,4.8708e-02
2.4200e+03,2.3526e-01,1.0284e+01,2.2501e+01,2.2149e+00,4.8760e-02
2.4300e+03,2.3311e-01,1.0282e+01,2.2501e+01,2.2170e+00,4.8811e-02
2.4400e+03,2.3098e-01,1.0280e+01,2.2501e+01,2.2191e+00,4.8861e-02
2.4500e+03,2.2887e-01,1.0278e+01,2.2501e+01,2.2211e+00,4.8911e-02
2.4600e+03,2.2677e-01,1.0276e+01,2.2501e+01,2.2232e+00,4.8961e-02
2.4700e+03,2.2470e-01,1.0274e+01,2.2501e+01,2.2252e+00,4.9010e-02
2.4800e+03,2.2265e-01,1.0272e+01,2.2501e+01,2.2272e+00,4.9059e-02
2.4900e+03,2.2062e-01,1.0270e+01,2.2501e+01,2.2292e+00,4.9107e-02
2.5000e+03,2.1860e-01,1.0268e+01,2.2501e+01,2.2311e+00,4.9155e-02
2.5100e+03,2.1660e-01,1.0266e+01,2.2501e+01,2.2331e+00,4.9203e-02
2.5200e+03,2.1463e-01,1.0264e+01,2.2501e+01,2.2350e+00,4.9250e-02
2.5300e+03,2.1267e-01,1.0262e+01,2.2501e+01,2.2369e+00,4.9296e-02
2.5400e+03,2.1073e-01,1.0260e+01,2.2501e+01,2.2388e+00,4.9342e-02
2.5500e+03,2.0880e-01,1.0258e+01,2.2501e+01,2.2407e+00,4.9388e-02
2.5600e+03,2.0690e-01,1.0256e+01,2.2501e+01,2.2426e+00,4.9434e-02
2.5700e+03,2.0501e-01,1.0255e+01,2.2501e+01,2.2444e+00,4.9478e-02
2.5800e+03,2.0314e-01,1.0253e+01,2.2501e+01,2.2462e+00,4.9523e-02
2.5900e+03,2.0129e-01,1.0251e+01,2.2501e+01,2.2480e+00,4.9567e-02
2.6000e+03,1.9946e-01,1.0249e+01,2.2501e+01,2.2498e+00,4.9611e-02
2.6100e+03,1.9764e-01,1.0247e+01,2.2501e+01,2.2516e+00,4.9654e-02
2.6200e+03,1.9584e-01,1.0246e+01,2.2501e+01,2.2534e+00,4.9697e-02
2.6300e+03,1.9405e-01,1.0244e+01,2.2501e+01,2.2551e+00,4.9739e-02
2.6400e+03,1.9228e-01,1.0242e+01,2.2501e+01,2.2568e+00,4.9782e-02
2.6500e+03,1.9053e-01,1.0240e+01,2.2501e+01,2.2585e+00,4.9823e-02
2.6600e+03,1.8880e-01,1.0239e+01,2.2501e+01,2.2602e+00,4.9865e-02
2.6700e+03,1.8708e-01,1.0237e+01,2.2501e+01,2.2619e+00,4.9906e-02
2.6800e+03,1.8538e-01,1.0235e+01,2.2501e+01,2.2636e+00,4.9946e-02
2.6900e+03,1.8369e-01,1.0234e+01,2.2501e+01,2.2652e+00,4.9986e-02
2.7000e+03,1.8202e-01,1.0232e+01,2.2501e+01,2.2668e+00,5.0026e-02
2.7100e+03,1.8036e-01,1.0231e+01,2.2501e+01,2.2685e+00,5.0066e-02
2.7200e+03,1.7872e-01,1.0229e+01,2.2501e+01,2.2701e+00,5.0105e-02
2.7300e+03,1.7709e-01,1.0227e+01,2.2501e+01,2.2717e+00,5.0144e-02
2.7400e+03,1.7548e-01,1.0226e+01,2.2501e+01,2.2732e+00,5.0182e-02
2.7500e+03,1.7389e-01,1.0224e+01,2.2501e+01,2.2748e+00,5.0220e-02
2.7600e+03,1.7230e-01,1.0223e+01,2.2501e+01,2.2763e+00,5.0258e-02
2.7700e+03,1.7074e-01,1.0221e+01,2.2501e+01,2.2779e+00,5.0295e-02
2.7800e+03,1.6919e-01,1.0220e+01,2.2501e+01,2.2794e+00,5.0333e-02
2.7900e+03,1.6765e-01,1.0218e+01,2.2501e+01,2.2809e+00,5.0369e-02
2.8000e+03,1.6612e-01,1.0217e+01,2.2501e+01,2.2824e+00,5.0406e-02
2.8100e+03,1.6461e-01,1.0215e+01,2.2501e+01,2.2838e+00,5.0442e-02
2.8200e+03,1.6312e-01,1.0214e+01,2.2501e+01,2.2853e+00,5.0477e-02
2.8300e+03,1.6164e-01,1.0212e+01,2.2501e+01,2.2867e+00,5.0513e-02
2.8400e+03,1.6017e-01,1.0211e+01,2.2501e+01,2.2882e+00,5.0548e-02
2.8500e+03,1.5871e-01,1.0209e+01,2.2501e+01,2.2896e+00,5.0583e-02
2.8600e+03,1.5727e-01,1.0208e+01,2.2501e+01,2.2910e+00,5.0617e-02
2.8700e+03,1.5584e-01,1.0207e+01,2.2501e+01,2.2924e+00,5.0651e-02
2.8800e+03,1.5443e-01,1.0205e+01,2.2501e+01,2.2938e+00,5.0685e-02
2.8900e+03,1.5303e-01,1.0204e+01,2.2501e+01,2.2951e+00,5.0719e-02
2.9000e+03,1.5164e-01,1.0202e+01,2.2501e+01,2.2965e+00,5.0752e-02
2.9100e+03,1.5026e-01,1.0201e+01,2.2501e+01,2.2978e+00,5.0785e-02
2.9200e+03,1.4890e-01,1.0200e+01,2.2501e+01,2.2992e+00,5.0817e-02
2.9300e+03,1.4755e-01,1.0198e+01,2.2501e+01,2.3005e+00,5.0850e-02
2.9400e+03,1.4621e-01,1.0197e+01,2.2501e+01,2.3018e+00,5.0882e-02
2.9500e+03,1.4488e-01,1.0196e+01,2.2501e+01,2.3031e+00,5.0913e-02
2.9600e+03,1.4357e-01,1.0195e+01,2.2501e+01,2.3044e+00,5.0945e-02
2.9700e+03,1.4227e-01,1.0193e+01,2.2501e+01,2.3056e+00,5.0976e-02
2.9800e+03,1.4098e-01,1.0192e+01,2.2501e+01,2.3069e+00,5.1007e-02
2.9900e+03,1.3970e-01,1.0191e+01,2.2501e+01,2.3082e+00,5.1038e-02
3.0000e+03,1.3843e-01,1.0190e+01,2.2501e+01,2.3094e+00,5.1068e-02
3.0100e+03,1.3718e-01,1.0188e+01,2.2501e+01,2.3106e+00,5.1098e-02
3.0200e+03,1.3593e-01,1.0187e+01,2.2501e+01,2.3118e+00,5.1128e-02
3.0300e+03,1.3470e-01,1.0186e+01,2.2501e+01,2.3130e+00,5.1157e-02
3.0400e+03,1.3348e-01,1.0185e+01,2.2501e+01,2.3142e+00,5.1186e-02
3.0500e+03,1.3227e-01,1.0184e+01,2.2501e+01,2.3154e+00,5.1215e-02
3.0600e+03,1.3107e-01,1.0182e+01,2.2501e+01,2.3166e+00,5.1244e-02
3.0700e+03,1.2989e-01,1.0181e+01,2.2501e+01,2.3177e+00,5.1273e-02
3.0800e+03,1.2871e-01,1.0180e+01,2.2501e+01,2.3189e+00,5.1301e-02
3.0900e+03,1.2755e-01,1.0179e+01,2.2501e+01,2.3200e+00,5.1329e-02
3.1000e+03,1.2639e-01,1.0178e+01,2.2501e+01,2.3211e+00,5.1356e-02
3.1100e+03,1.2525e-01,1.0177e+01,2.2501e+01,2.3223e+00,5.1384e-02
3.1200e+03,1.2411e-01,1.0176e+01,2.2501e+01,2.3234e+00,5.1411e-02
3.1300e+03,1.2299e-01,1.0175e+01,2.2501e+01,2.3245e+00,5.1438e-02
3.1400e+03,1.2188e-01,1.0173e+01,2.2501e+01,2.3255e+00,5.1465e-02
3.1500e+03,1.2077e-01,1.0172e+01,2.2501e+01,2.3266e+00,5.1491e-02
3.1600e+03,1.1968e-01,1.0171e+01,2.2501e+01,2.3277e+00,5.1517e-02
3.1700e+03,1.1860e-01,1.0170e+01,2.2501e+01,2.3287e+00,5.1543e-02
3.1800e+03,1.1752e-01,1.0169e+01,2.2501e+01,2.3298e+00,5.1569e-02
3.1900e+03,1.1646e-01,1.0168e+01,2.2501e+01,2.3308e+00,5.1595e-02
3.2000e+03,1.1541e-01,1.0167e+01,2.2501e+01,2.3319e+00,5.1620e-02
3.2100e+03,1.1436e-01,1.0166e+01,2.2501e+01,2.3329e+00,5.1645e-02
3.2200e+03,1.1333e-01,1.0165e+01,2.2501e+01,2.3339e+00,5.1670e-02
3.2300e+03,1.1230e-01,1.0164e+01,2.2501e+01,2.3349e+00,5.1694e-02
3.2400e+03,1.1129e-01,1.0163e+01,2.2501e+01,2.3359e+00,5.1719e-02
3.2500e+03,1.1028e-01,1.0162e+01,2.2501e+01,2.3369e+00,5.1743e-02
3.2600e+03,1.0928e-01,1.0161e+01,2.2501e+01,2.3378e+00,5.1767e-02
3.2700e+03,1.0830e-01,1.0160e+01,2.2501e+01,2.3388e+00,5.1791e-02
3.2800e+03,1.0732e-01,1.0159e+01,2.2501e+01,2.3398e+00,5.1814e-02
3.2900e+03,1.0635e-01,1.0158e+01,2.2501e+01,2.3407e+00,5.1837e-02
3.3000e+03,1.0539e-01,1.0157e+01,2.2501e+01,2.3416e+00,5.1861e-02
3.3100e+03,1.0443e-01,1.0156e+01,2.2501e+01,2.3426e+00,5.1883e-02
3.3200e+03,1.0349e-01,1.0155e+01,2.2501e+01,2.3435e+00,5.1906e-02
3.3300e+03,1.0256e-01,1.0155e+01,2.2501e+01,2.3444e+00,5.1929e-02
3.3400e+03,1.0163e-01,1.0154e+01,2.2501e+01,2.3453e+00,5.1951e-02
3.3500e+03,1.0071e-01,1.0153e+01,2.2501e+01,2.3462e+00,5.1973e-02
3.3600e+03,9.9801e-02,1.0152e+01,2.2501e+01,2.3471e+00,5.1995e-02
3.3700e+03,9.8899e-02,1.0151e+01,2.2501e+01,2.3480e+00,5.2016e-02
3.3800e+03,9.8006e-02,1.0150e+01,2.2501e+01,2.3488e+00,5.2038e-02
3.3900e+03,9.7121e-02,1.0149e+01,2.2501e+01,2.3497e+00,5.2059e-02
3.4000e+03,9.6244e-02,1.0148e+01,2.2501e+01,2.3506e+00,5.2080e-02
3.4100e+03,9.5375e-02,1.0148e+01,2.2501e+01,2.3514e+00,5.2101e-02
3.4200e+03,9.4514e-02,1.0147e+01,2.2501e+01,2.3523e+00,5.2122e-02
3.4300e+03,9.3660e-02,1.0146e+01,2.2501e+01,2.3531e+00,5.2142e-02
3.4400e+03,9.2815e-02,1.0145e+01,2.2501e+01,2.3539e+00,5.2163e-02
3.4500e+03,9.1977e-02,1.0144e+01,2.2501e+01,2.3547e+00,5.2183e-02
3.4600e+03,9.1147e-02,1.0143e+01,2.2501e+01,2.3555e+00,5.2203e-02
3.4700e+03,9.0324e-02,1.0143e+01,2.2501e+01,2.3563e+00,5.2223e-02
3.4800e+03,8.9509e-02,1.0142e+01,2.2501e+01,2.3571e+00,5.2242e-02
3.4900e+03,8.8701e-02,1.0141e+01,2.2501e+01,2.3579e+00,5.2262e-02
3.5000e+03,8.7901e-02,1.0140e+01,2.2501e+01,2.3587e+00,5.2281e-02
3.5100e+03,8.7108e-02,1.0139e+01,2.2501e+01,2.3595e+00,5.2300e-02
3.5200e+03,8.6322e-02,1.0139e+01,2.2501e+01,2.3602e+00,5.2319e-02
3.5300e+03,8.5543e-02,1.0138e+01,2.2501e+01,2.3610e+00,5.2338e-02
3.5400e+03,8.4772e-02,1.0137e+01,2.2501e+01,2.3618e+00,5.2356e-02
3.5500e+03,8.4007e-02,1.0136e+01,2.2501e+01,2.3625e+00,5.2375e-02
3.5600e+03,8.3249e-02,1.0136e+01,2.2501e+01,2.3632e+00,5.2393e-02
3.5700e+03,8.2498e-02,1.0135e+01,2.2501e+01,2.3640e+00,5.2411e-02
3.5800e+03,8.1754e-02,1.0134e+01,2.2501e+01,2.3647e+00,5.2429e-02
3.5900e+03,8.1017e-02,1.0134e+01,2.2501e+01,2.3654e+00,5.2447e-02
3.6000e+03,8.0287e-02,1.0133e+01,2.2501e+01,2.3661e+00,5.2464e-02
3.6100e+03,7.9563e-02,1.0132e+01,2.2501e+01,2.3668e+00,5.2482e-02
3.6200e+03,7.8845e-02,1.0131e+01,2.2501e+01,2.3675e+00,5.2499e-02
3.6300e+03,7.8135e-02,1.0131e+01,2.2501e+01,2.3682e+00,5.2516e-02
3.6400e+03,7.7430e-02,1.0130e+01,2.2501e+01,2.3689e+00,5.2533e-02
3.6500e+03,7.6732e-02,1.0129e+01,2.2501e+01,2.3696e+00,5.2550e-02
3.6600e+03,7.6041e-02,1.0129e+01,2.2501e+01,2.3703e+00,5.2566e-02
3.6700e+03,7.5355e-02,1.0128e+01,2.2501e+01,2.3710e+00,5.2583e-02
3.6800e+03,7.4676e-02,1.0127e+01,2.2501e+01,2.3716e+00,5.2599e-02
3.6900e+03,7.4003e-02,1.0127e+01,2.2501e+01,2.3723e+00,5.2615e-02
3.7000e+03,7.3336e-02,1.0126e+01,2.2501e+01,2.3729e+00,5.2632e-02
3.7100e+03,7.2676e-02,1.0125e+01,2.2501e+01,2.3736e+00,5.2647e-02
3.7200e+03,7.2021e-02,1.0125e+01,2.2501e+01,2.3742e+00,5.2663e-02
3.7300e+03,7.1372e-02,1.0124e+01,2.2501e+01,2.3748e+00,5.2679e-02
3.7400e+03,7.0729e-02,1.0123e+01,2.2501e+01,2.3755e+00,5.2694e-02
3.7500e+03,7.0092e-02,1.0123e+01,2.2501e+01,2.3761e+00,5.2710e-02
3.7600e+03,6.9460e-02,1.0122e+01,2.2501e+01,2.3767e+00,5.2725e-02
3.7700e+03,6.8835e-02,1.0122e+01,2.2501e+01,2.3773e+00,5.2740e-02
3.7800e+03,6.8215e-02,1.0121e+01,2.2501e+01,2.3779e+00,5.2755e-02
3.7900e+03,6.7600e-02,1.0120e+01,2.2501e+01,2.3785e+00,5.2770e-02
3.8000e+03,6.6991e-02,1.0120e+01,2.2501e+01,2.3791e+00,5.2784e-02
3.8100e+03,6.6388e-02,1.0119e+01,2.2501e+01,2.3797e+00,5.2799e-02
3.8200e+03,6.5790e-02,1.0119e+01,2.2501e+01,2.3803e+00,5.2813e-02
3.8300e+03,6.5198e-02,1.0118e+01,2.2501e+01,2.3809e+00,5.2828e-02
3.8400e+03,6.4611e-02,1.0118e+01,2.2501e+01,2.3814e+00,5.2842e-02
3.8500e+03,6.4029e-02,1.0117e+01,2.2501e+01,2.3820e+00,5.2856e-02
3.8600e+03,6.3453e-02,1.0116e+01,2.2501e+01,2.3826e+00,5.2870e-02
3.8700e+03,6.2882e-02,1.0116e+01,2.2501e+01,2.3831e+00,5.2884e-02
3.8800e+03,6.2315e-02,1.0115e+01,2.2501e+01,2.3837e+00,5.2897e-02
3.8900e+03,6.1755e-02,1.0115e+01,2.2501e+01,2.3842e+00,5.2911e-02
3.9000e+03,6.1199e-02,1.0114e+01,2.2501e+01,2.3848e+00,5.2924e-02
3.9100e+03,6.0648e-02,1.0114e+01,2.2501e+01,2.3853e+00,5.2937e-02
3.9200e+03,6.0102e-02,1.0113e+01,2.2501e+01,2.3858e+00,5.2951e-02
3.9300e+03,5.9561e-02,1.0113e+01,2.2501e+01,2.3864e+00,5.2964e-02
3.9400e+03,5.9025e-02,1.0112e+01,2.2501e+01,2.3869e+00,5.2977e-02
3.9500e+03,5.8494e-02,1.0112e+01,2.2501e+01,2.3874e+00,5.2989e-02
3.9600e+03,5.7968e-02,1.0111e+01,2.2501e+01,2.3879e+00,5.3002e-02
3.9700e+03,5.7446e-02,1.0111e+01,2.2501e+01,2.3884e+00,5.3015e-02
3.9800e+03,5.6929e-02,1.0110e+01,2.2501e+01,2.3889e+00,5.3027e-02
3.9900e+03,5.6417e-02,1.0110e+01,2.2501e+01,2.3894e+00,5.3040e-02
4.0000e+03,5.5909e-02,1.0109e+01,2.2501e+01,2.3899e+00,5.3052e-02
4.0100e+03,5.5406e-02,1.0109e+01,2.2501e+01,2.3904e+00,5.3064e-02
4.0200e+03,5.4908e-02,1.0108e+01,2.2501e+01,2.3909e+00,5.3076e-02
4.0300e+03,5.4414e-02,1.0108e+01,2.2501e+01,2.3914e+00,5.3088e-02
4.0400e+03,5.3925e-02,1.0107e+01,2.2501e+01,2.3919e+00,5.3100e-02
4.0500e+03,5.3439e-02,1.0107e+01,2.2501e+01,2.3923e+00,5.3111e-02
4.0600e+03,5.2959e-02,1.0106e+01,2.2501e+01,2.3928e+00,5.3123e-02
4.0700e+03,5.2483e-02,1.0106e+01,2.2501e+01,2.3933e+00,5.3135e-02
4.0800e+03,5.2011e-02,1.0105e+01,2.2501e+01,2.3937e+00,5.3146e-02
4.0900e+03,5.1543e-02,1.0105e+01,2.2501e+01,2.3942e+00,5.3157e-02
4.1000e+03,5.1079e-02,1.0104e+01,2.2501e+01,2.3946e+00,5.3168e-02
4.1100e+03,5.0620e-02,1.0104e+01,2.2501e+01,2.3951e+00,5.3179e-02
4.1200e+03,5.0165e-02,1.0103e+01,2.2501e+01,2.3955e+00,5.3190e-02
4.1300e+03,4.9714e-02,1.0103e+01,2.2501e+01,2.3960e+00,5.3201e-02
4.1400e+03,4.9267e-02,1.0103e+01,2.2501e+01,2.3964e+00,5.3212e-02
4.1500e+03,4.8824e-02,1.0102e+01,2.2501e+01,2.3968e+00,5.3223e-02
4.1600e+03,4.8385e-02,1.0102e+01,2.2501e+01,2.3973e+00,5.3233e-02
4.1700e+03,4.7950e-02,1.0101e+01,2.2501e+01,2.3977e+00,5.3244e-02
4.1800e+03,4.7519e-02,1.0101e+01,2.2501e+01,2.3981e+00,5.3254e-02
4.1900e+03,4.7092e-02,1.0100e+01,2.2501e+01,2.3985e+00,5.3265e-02
4.2000e+03,4.6668e-02,1.0100e+01,2.2501e+01,2.3989e+00,5.3275e-02
4.2100e+03,4.6249e-02,1.0100e+01,2.2501e+01,2.3994e+00,5.3285e-02
4.2200e+03,4.5833e-02,1.0099e+01,2.2501e+01,2.3998e+00,5.3295e-02
4.2300e+03,4.5421e-02,1.0099e+01,2.2501e+01,2.4002e+00,5.3305e-02
4.2400e+03,4.5013e-02,1.0098e+01,2.2501e+01,2.4006e+00,5.3315e-02
4.2500e+03,4.4608e-02,1.0098e+01,2.2501e+01,2.4010e+00,5.3325e-02
4.2600e+03,4.4208e-02,1.0098e+01,2.2501e+01,2.4013e+00,5.3334e-02
4.2700e+03,4.3810e-02,1.0097e+01,2.2501e+01,2.4017e+00,5.3344e-02
4.2800e+03,4.3417e-02,1.0097e+01,2.2501e+01,2.4021e+00,5.3353e-02
4.2900e+03,4.3026e-02,1.0096e+01,2.2501e+01,2.4025e+00,5.3363e-02
4.3000e+03,4.2640e-02,1.0096e+01,2.2501e+01,2.4029e+00,5.3372e-02
4.3100e+03,4.2257e-02,1.0096e+01,2.2501e+01,2.4033e+00,5.3381e-02
4.3200e+03,4.1877e-02,1.0095e+01,2.2501e+01,2.4036e+00,5.3391e-02
4.3300e+03,4.1501e-02,1.0095e+01,2.2501e+01,2.4040e+00,5.3400e-02
4.3400e+03,4.1128e-02,1.0095e+01,2.2501e+01,2.4044e+00,5.3409e-02
4.3500e+03,4.0758e-02,1.0094e+01,2.2501e+01,2.4047e+00,5.3418e-02
4.3600e+03,4.0392e-02,1.0094e+01,2.2501e+01,2.4051e+00,5.3427e-02
4.3700e+03,4.0029e-02,1.0094e+01,2.2501e+01,2.4054e+00,5.3435e-02
4.3800e+03,3.9670e-02,1.0093e+01,2.2501e+01,2.4058e+00,5.3444e-02
4.3900e+03,3.9313e-02,1.0093e+01,2.2501e+01,2.4061e+00,5.3453e-02
4.4000e+03,3.8960e-02,1.0092e+01,2.2501e+01,2.4065e+00,5.3461e-02
4.4100e+03,3.8610e-02,1.0092e+01,2.2501e+01,2.4068e+00,5.3470e-02
4.4200e+03,3.8264e-02,1.0092e+01,2.2501e+01,2.4071e+00,5.3478e-02
4.4300e+03,3.7920e-02,1.0091e+01,2.2501e+01,2.4075e+00,5.3486e-02
4.4400e+03,3.7579e-02,1.0091e+01,2.2501e+01,2.4078e+00,5.3495e-02
4.4500e+03,3.7242e-02,1.0091e+01,2.2501e+01,2.4081e+00,5.3503e-02
4.4600e+03,3.6907e-02,1.0090e+01,2.2501e+01,2.4085e+00,5.3511e-02
4.4700e+03,3.6576e-02,1.0090e+01,2.2501e+01,2.4088e+00,5.3519e-02
4.4800e+03,3.6247e-02,1.0090e+01,2.2501e+01,2.4091e+00,5.3527e-02
4.4900e+03,3.5922e-02,1.0089e+01,2.2501e+01,2.4094e+00,5.3535e-02
4.5000e+03,3.5599e-02,1.0089e+01,2.2501e+01,2.4097e+00,5.3542e-02
4.5100e+03,3.5280e-02,1.0089e+01,2.2501e+01,2.4101e+00,5.3550e-02
4.5200e+03,3.4963e-02,1.0089e+01,2.2501e+01,2.4104e+00,5.3558e-02
4.5300e+03,3.4649e-02,1.0088e+01,2.2501e+01,2.4107e+00,5.3565e-02
4.5400e+03,3.4338e-02,1.0088e+01,2.2501e+01,2.4110e+00,5.3573e-02
4.5500e+03,3.4030e-02,1.0088e+01,2.2501e+01,2.4113e+00,5.3580e-02
4.5600e+03,3.3724e-02,1.0087e+01,2.2501e+01,2.4116e+00,5.3588e-02
4.5700e+03,3.3421e-02,1.0087e+01,2.2501e+01,2.4119e+00,5.3595e-02
4.5800e+03,3.3121e-02,1.0087e+01,2.2501e+01,2.4122e+00,5.3602e-02
4.5900e+03,3.2824e-02,1.0086e+01,2.2501e+01,2.4125e+00,5.3610e-02
4.6000e+03,3.2529e-02,1.0086e+01,2.2501e+01,2.4127e+00,5.3617e-02
4.6100e+03,3.2237e-02,1.0086e+01,2.2501e+01,2.4130e+00,5.3624e-02
4.6200e+03,3.1948e-02,1.0086e+01,2.2501e+01,2.4133e+00,5.3631e-02
4.6300e+03,3.1661e-02,1.0085e+01,2.2501e+01,2.4136e+00,5.3638e-02
4.6400e+03,3.1377e-02,1.0085e+01,2.2501e+01,2.4139e+00,5.3645e-02
4.6500e+03,3.1095e-02,1.0085e+01,2.2501e+01,2.4141e+00,5.3651e-02
4.6600e+03,3.0816e-02,1.0085e+01,2.2501e+01,2.4144e+00,5.3658e-02
4.6700e+03,3.0539e-02,1.0084e+01,2.2501e+01,2.4147e+00,5.3665e-02
4.6800e+03,3.0265e-02,1.0084e+01,2.2501e+01,2.4150e+00,5.3671e-02
4.6900e+03,2.9994e-02,1.0084e+01,2.2501e+01,2.4152e+00,5.3678e-02
4.7000e+03,2.9725e-02,1.0083e+01,2.2501e+01,2.4155e+00,5.3685e-02
4.7100e+03,2.9458e-02,1.0083e+01,2.2501e+01,2.4157e+00,5.3691e-02
4.7200e+03,2.9193e-02,1.0083e+01,2.2501e+01,2.4160e+00,5.3697e-02
4.7300e+03,2.8931e-02,1.0083e+01,2.2501e+01,2.4163e+00,5.3704e-02
4.7400e+03,2.8672e-02,1.0082e+01,2.2501e+01,2.4165e+00,5.3710e-02
4.7500e+03,2.8414e-02,1.0082e+01,2.2501e+01,2.4168e+00,5.3716e-02
4.7600e+03,2.8159e-02,1.0082e+01,2.2501e+01,2.4170e+00,5.3722e-02
4.7700e+03,2.7907e-02,1.0082e+01,2.2501e+01,2.4173e+00,5.3728e-02
4.7800e+03,2.7656e-02,1.0081e+01,2.2501e+01,2.4175e+00,5.3735e-02
4.7900e+03,2.7408e-02,1.0081e+01,2.2501e+01,2.4177e+00,5.3741e-02
4.8000e+03,2.7162e-02,1.0081e+01,2.2501e+01,2.4180e+00,5.3747e-02
4.8100e+03,2.6919e-02,1.0081e+01,2.2501e+01,2.4182e+00,5.3752e-02
4.8200e+03,2.6677e-02,1.0080e+01,2.2501e+01,2.4185e+00,5.3758e-02
4.8300e+03,2.6438e-02,1.0080e+01,2.2501e+01,2.4187e+00,5.3764e-02
4.8400e+03,2.6200e-02,1.0080e+01,2.2501e+01,2.4189e+00,5.3770e-02
4.8500e+03,2.5965e-02,1.0080e+01,2.2501e+01,2.4191e+00,5.3775e-02
4.8600e+03,2.5732e-02,1.0080e+01,2.2501e+01,2.4194e+00,5.3781e-02
4.8700e+03,2.5502e-02,1.0079e+01,2.2501e+01,2.4196e+00,5.3787e-02
4.8800e+03,2.5273e-02,1.0079e+01,2.2501e+01,2.4198e+00,5.3792e-02
4.8900e+03,2.5046e-02,1.0079e+01,2.2501e+01,2.4200e+00,5.3798e-02
4.9000e+03,2.4821e-02,1.0079e+01,2.2501e+01,2.4203e+00,5.3803e-02
4.9100e+03,2.4599e-02,1.0078e+01,2.2501e+01,2.4205e+00,5.3809e-02
4.9200e+03,2.4378e-02,1.0078e+01,2.2501e+01,2.4207e+00,5.3814e-02
4.9300e+03,2.4159e-02,1.0078e+01,2.2501e+01,2.4209e+00,5.3819e-02
4.9400e+03,2.3943e-02,1.0078e+01,2.2501e+01,2.4211e+00,5.3824e-02
4.9500e+03,2.3728e-02,1.0078e+01,2.2501e+01,2.4213e+00,5.3830e-02
4.9600e+03,2.3515e-02,1.0077e+01,2.2501e+01,2.4215e+00,5.3835e-02
4.9700e+03,2.3304e-02,1.0077e+01,2.2501e+01,2.4217e+00,5.3840e-02
4.9800e+03,2.3095e-02,1.0077e+01,2.2501e+01,2.4219e+00,5.3845e-02
4.9900e+03,2.2888e-02,1.0077e+01,2.2501e+01,2.4222e+00,5.3850e-02
5.0000e+03,2.2683e-02,1.0077e+01,2.2501e+01,2.4224e+00,5.3855e-02
5.0100e+03,2.2479e-02,1.0076e+01,2.2501e+01,2.4226e+00,5.3860e-02
5.0200e+03,2.2278e-02,1.0076e+01,2.2501e+01,2.4227e+00,5.3865e-02
5.0300e+03,2.2078e-02,1.0076e+01,2.2501e+01,2.4229e+00,5.3870e-02
5.0400e+03,2.1880e-02,1.0076e+01,2.2501e+01,2.4231e+00,5.3874e-02
5.0500e+03,2.1684e-02,1.0076e+01,2.2501e+01,2.4233e+00,5.3879e-02
5.0600e+03,2.1489e-02,1.0075e+01,2.2501e+01,2.4235e+00,5.3884e-02
5.0700e+03,2.1296e-02,1.0075e+01,2.2501e+01,2.4237e+00,5.3888e-02
5.0800e+03,2.1106e-02,1.0075e+01,2.2501e+01,2.4239e+00,5.3893e-02
5.0900e+03,2.0916e-02,1.0075e+01,2.2501e+01,2.4241e+00,5.3898e-02
5.1000e+03,2.0729e-02,1.0075e+01,2.2501e+01,2.4243e+00,5.3902e-02
5.1100e+03,2.0543e-02,1.0074e+01,2.2501e+01,2.4244e+00,5.3907e-02
5.1200e+03,2.0359e-02,1.0074e+01,2.2501e+01,2.4246e+00,5.3911e-02
5.1300e+03,2.0176e-02,1.0074e+01,2.2501e+01,2.4248e+00,5.3916e-02
5.1400e+03,1.9995e-02,1.0074e+01,2.2501e+01,2.4250e+00,5.3920e-02
5.1500e+03,1.9816e-02,1.0074e+01,2.2501e+01,2.4251e+00,5.3924e-02
5.1600e+03,1.9638e-02,1.0074e+01,2.2501e+01,2.4253e+00,5.3929e-02
5.1700e+03,1.9462e-02,1.0073e+01,2.2501e+01,2.4255e+00,5.3933e-02
5.1800e+03,1.9288e-02,1.0073e+01,2.2501e+01,2.4257e+00,5.3937e-02
5.1900e+03,1.9115e-02,1.0073e+01,2.2501e+01,2.4258e+00,5.3941e-02
5.2000e+03,1.8943e-02,1.0073e+01,2.2501e+01,2.4260e+00,5.3945e-02
5.2100e+03,1.8773e-02,1.0073e+01,2.2501e+01,2.4262e+00,5.3950e-02
5.2200e+03,1.8605e-02,1.0073e+01,2.2501e+01,2.4263e+00,5.3954e-02
5.2300e+03,1.8438e-02,1.0072e+01,2.2501e+01,2.4265e+00,5.3958e-02
5.2400e+03,1.8273e-02,1.0072e+01,2.2501e+01,2.4267e+00,5.3962e-02
5.2500e+03,1.8109e-02,1.0072e+01,2.2501e+01,2.4268e+00,5.3966e-02
5.2600e+03,1.7947e-02,1.0072e+01,2.2501e+01,2.4270e+00,5.3970e-02
5.2700e+03,1.7786e-02,1.0072e+01,2.2501e+01,2.4271e+00,5.3974e-02
5.2800e+03,1.7626e-02,1.0072e+01,2.2501e+01,2.4273e+00,5.3977e-02
5.2900e+03,1.7468e-02,1.0071e+01,2.2501e+01,2.4274e+00,5.3981e-02
5.3000e+03,1.7312e-02,1.0071e+01,2.2501e+01,2.4276e+00,5.3985e-02
5.3100e+03,1.7157e-02,1.0071e+01,2.2501e+01,2.4277e+00,5.3989e-02
5.3200e+03,1.7003e-02,1.0071e+01,2.2501e+01,2.4279e+00,5.3992e-02
5.3300e+03,1.6850e-02,1.0071e+01,2.2501e+01,2.4280e+00,5.3996e-02
5.3400e+03,1.6699e-02,1.0071e+01,2.2501e+01,2.4282e+00,5.4000e-02
5.3500e+03,1.6550e-02,1.0071e+01,2.2501e+01,2.4283e+00,5.4003e-02
5.3600e+03,1.6401e-02,1.0070e+01,2.2501e+01,2.4285e+00,5.4007e-02
5.3700e+03,1.6254e-02,1.0070e+01,2.2501e+01,2.4286e+00,5.4011e-02
5.3800e+03,1.6109e-02,1.0070e+01,2.2501e+01,2.4288e+00,5.4014e-02
5.3900e+03,1.5964e-02,1.0070e+01,2.2501e+01,2.4289e+00,5.4018e-02
5.4000e+03,1.5821e-02,1.0070e+01,2.2501e+01,2.4290e+00,5.4021e-02
5.4100e+03,1.5679e-02,1.0070e+01,2.2501e+01,2.4292e+00,5.4025e-02
5.4200e+03,1.5539e-02,1.0070e+01,2.2501e+01,2.4293e+00,5.4028e-02
5.4300e+03,1.5400e-02,1.0069e+01,2.2501e+01,2.4295e+00,5.4031e-02
5.4400e+03,1.5262e-02,1.0069e+01,2.2501e+01,2.4296e+00,5.4035e-02
5.4500e+03,1.5125e-02,1.0069e+01,2.2501e+01,2.4297e+00,5.4038e-02
5.4600e+03,1.4989e-02,1.0069e+01,2.2501e+01,2.4299e+00,5.4041e-02
5.4700e+03,1.4855e-02,1.0069e+01,2.2501e+01,2.4300e+00,5.4045e-02
5.4800e+03,1.4722e-02,1.0069e+01,2.2501e+01,2.4301e+00,5.4048e-02
5.4900e+03,1.4590e-02,1.0069e+01,2.2501e+01,2.4302e+00,5.4051e-02
5.5000e+03,1.4459e-02,1.0069e+01,2.2501e+01,2.4304e+00,5.4054e-02
5.5100e+03,1.4329e-02,1.0068e+01,2.2501e+01,2.4305e+00,5.4057e-02
5.5200e+03,1.4201e-02,1.0068e+01,2.2501e+01,2.4306e+00,5.4060e-02
5.5300e+03,1.4074e-02,1.0068e+01,2.2501e+01,2.4308e+00,5.4063e-02
5.5400e+03,1.3948e-02,1.0068e+01,2.2501e+01,2.4309e+00,5.4066e-02
5.5500e+03,1.3823e-02,1.0068e+01,2.2501e+01,2.4310e+00,5.4070e-02
5.5600e+03,1.3699e-02,1.0068e+01,2.2501e+01,2.4311e+00,5.4073e-02
5.5700e+03,1.3576e-02,1.0068e+01,2.2501e+01,2.4312e+00,5.4075e-02
5.5800e+03,1.3454e-02,1.0068e+01,2.2501e+01,2.4314e+00,5.4078e-02
5.5900e+03,1.3334e-02,1.0067e+01,2.2501e+01,2.4315e+00,5.4081e-02
5.6000e+03,1.3214e-02,1.0067e+01,2.2501e+01,2.4316e+00,5.4084e-02
5.6100e+03,1.3096e-02,1.0067e+01,2.2501e+01,2.4317e+00,5.4087e-02
5.6200e+03,1.2978e-02,1.0067e+01,2.2501e+01,2.4318e+00,5.4090e-02
5.6300e+03,1.2862e-02,1.0067e+01,2.2501e+01,2.4319e+00,5.4093e-02
5.6400e+03,1.2747e-02,1.0067e+01,2.2501e+01,2.4320e+00,5.4096e-02
5.6500e+03,1.2633e-02,1.0067e+01,2.2501e+01,2.4322e+00,5.4098e-02
5.6600e+03,1.2520e-02,1.0067e+01,2.2501e+01,2.4323e+00,5.4101e-02
5.6700e+03,1.2407e-02,1.0067e+01,2.2501e+01,2.4324e+00,5.4104e-02
5.6800e+03,1.2296e-02,1.0066e+01,2.2501e+01,2.4325e+00,5.4107e-02
5.6900e+03,1.2186e-02,1.0066e+01,2.2501e+01,2.4326e+00,5.4109e-02
5.7000e+03,1.2077e-02,1.0066e+01,2.2501e+01,2.4327e+00,5.4112e-02
5.7100e+03,1.1969e-02,1.0066e+01,2.2501e+01,2.4328e+00,5.4114e-02
5.7200e+03,1.1861e-02,1.0066e+01,2.2501e+01,2.4329e+00,5.4117e-02
5.7300e+03,1.1755e-02,1.0066e+01,2.2501e+01,2.4330e+00,5.4120e-02
5.7400e+03,1.1650e-02,1.0066e+01,2.2501e+01,2.4331e+00,5.4122e-02
5.7500e+03,1.1545e-02,1.0066e+01,2.2501e+01,2.4332e+00,5.4125e-02
5.7600e+03,1.1442e-02,1.0066e+01,2.2501e+01,2.4333e+00,5.4127e-02
5.7700e+03,1.1339e-02,1.0065e+01,2.2501e+01,2.4334e+00,5.4130e-02
5.7800e+03,1.1238e-02,1.0065e+01,2.2501e+01,2.4335e+00,5.4132e-02
5.7900e+03,1.1137e-02,1.0065e+01,2.2501e+01,2.4336e+00,5.4135e-02
5.8000e+03,1.1037e-02,1.0065e+01,2.2501e+01,2.4337e+00,5.4137e-02
5.8100e+03,1.0938e-02,1.0065e+01,2.2501e+01,2.4338e+00,5.4139e-02
5.8200e+03,1.0840e-02,1.0065e+01,2.2501e+01,2.4339e+00,5.4142e-02
5.8300e+03,1.0743e-02,1.0065e+01,2.2501e+01,2.4340e+00,5.4144e-02
5.8400e+03,1.0647e-02,1.0065e+01,2.2501e+01,2.4341e+00,5.4146e-02
5.8500e+03,1.0552e-02,1.0065e+01,2.2501e+01,2.4342e+00,5.4149e-02
5.8600e+03,1.0457e-02,1.0065e+01,2.2501e+01,2.4343e+00,5.4151e-02
5.8700e+03,1.0363e-02,1.0065e+01,2.2501e+01,2.4344e+00,5.4153e-02
5.8800e+03,1.0271e-02,1.0064e+01,2.2501e+01,2.4345e+00,5.4156e-02
5.8900e+03,1.0179e-02,1.0064e+01,2.2501e+01,2.4346e+00,5.4158e-02
5.9000e+03,1.0087e-02,1.0064e+01,2.2501e+01,2.4346e+00,5.4160e-02
5.9100e+03,9.9971e-03,1.0064e+01,2.2501e+01,2.4347e+00,5.4162e-02
5.9200e+03,9.9075e-03,1.0064e+01,2.2501e+01,2.4348e+00,5.4164e-02
5.9300e+03,9.8188e-03,1.0064e+01,2.2501e+01,2.4349e+00,5.4167e-02
5.9400e+03,9.7308e-03,1.0064e+01,2.2501e+01,2.4350e+00,5.4169e-02
5.9500e+03,9.6436e-03,1.0064e+01,2.2501e+01,2.4351e+00,5.4171e-02
5.9600e+03,9.5572e-03,1.0064e+01,2.2501e+01,2.4352e+00,5.4173e-02
5.9700e+03,9.4716e-03,1.0064e+01,2.2501e+01,2.4352e+00,5.4175e-02
5.9800e+03,9.3868e-03,1.0064e+01,2.2501e+01,2.4353e+00,5.4177e-02
5.9900e+03,9.3027e-03,1.0064e+01,2.2501e+01,2.4354e+00,5.4179e-02
6.0000e+03,9.2194e-03,1.0063e+01,2.2501e+01,2.4355e+00,5.4181e-02
6.0100e+03,9.1368e-03,1.0063e+01,2.2501e+01,2.4356e+00,5.4183e-02
6.0200e+03,9.0549e-03,1.0063e+01,2.2501e+01,2.4356e+00,5.4185e-02
6.0300e+03,8.9738e-03,1.0063e+01,2.2501e+01,2.4357e+00,5.4187e-02
6.0400e+03,8.8934e-03,1.0063e+01,2.2501e+01,2.4358e+00,5.4189e-02
6.0500e+03,8.8138e-03,1.0063e+01,2.2501e+01,2.4359e+00,5.4191e-02
6.0600e+03,8.7348e-03,1.0063e+01,2.2501e+01,2.4360e+00,5.4193e-02
6.0700e+03,8.6566e-03,1.0063e+01,2.2501e+01,2.4360e+00,5.4195e-02
6.0800e+03,8.5791e-03,1.0063e+01,2.2501e+01,2.4361e+00,5.4197e-02
6.0900e+03,8.5022e-03,1.0063e+01,2.2501e+01,2.4362e+00,5.4198e-02
6.1000e+03,8.4261e-03,1.0063e+01,2.2501e+01,2.4363e+00,5.4200e-02
6.1100e+03,8.3506e-03,1.0063e+01,2.2501e+01,2.4363e+00,5.4202e-02
6.1200e+03,8.2758e-03,1.0063e+01,2.2501e+01,2.4364e+00,5.4204e-02
6.1300e+03,8.2017e-03,1.0062e+01,2.2501e+01,2.4365e+00,5.4206e-02
6.1400e+03,8.1282e-03,1.0062e+01,2.2501e+01,2.4366e+00,5.4208e-02
6.1500e+03,8.0554e-03,1.0062e+01,2.2501e+01,2.4366e+00,5.4209e-02
6.1600e+03,7.9832e-03,1.0062e+01,2.2501e+01,2.4367e+00,5.4211e-02
6.1700e+03,7.9117e-03,1.0062e+01,2.2501e+01,2.4368e+00,5.4213e-02
6.1800e+03,7.8409e-03,1.0062e+01,2.2501e+01,2.4368e+00,5.4214e-02
6.1900e+03,7.7706e-03,1.0062e+01,2.2501e+01,2.4369e+00,5.4216e-02
6.2000e+03,7.7010e-03,1.0062e+01,2.2501e+01,2.4370e+00,5.4218e-02
6.2100e+03,7.6321e-03,1.0062e+01,2.2501e+01,2.4370e+00,5.4220e-02
6.2200e+03,7.5637e-03,1.0062e+01,2.2501e+01,2.4371e+00,5.4221e-02
6.2300e+03,7.4960e-03,1.0062e+01,2.2501e+01,2.4372e+00,5.4223e-02
6.2400e+03,7.4288e-03,1.0062e+01,2.2501e+01,2.4372e+00,5.4224e-02
6.2500e+03,7.3623e-03,1.0062e+01,2.2501e+01,2.4373e+00,5.4226e-02
6.2600e+03,7.2964e-03,1.0062e+01,2.2501e+01,2.4374e+00,5.4228e-02
6.2700e+03,7.2310e-03,1.0061e+01,2.2501e+01,2.4374e+00,5.4229e-02
6.2800e+03,7.1663e-03,1.0061e+01,2.2501e+01,2.4375e+00,5.4231e-02
6.2900e+03,7.1021e-03,1.0061e+01,2.2501e+01,2.4376e+00,5.4232e-02
6.3000e+03,7.0385e-03,1.0061e+01,2.2501e+01,2.4376e+00,5.4234e-02
6.3100e+03,6.9754e-03,1.0061e+01,2.2501e+01,2.4377e+00,5.4235e-02
6.3200e+03,6.9130e-03,1.0061e+01,2.2501e+01,2.4377e+00,5.4237e-02
6.3300e+03,6.8510e-03,1.0061e+01,2.2501e+01,2.4378e+00,5.4238e-02
6.3400e+03,6.7897e-03,1.0061e+01,2.2501e+01,2.4379e+00,5.4240e-02
6.3500e+03,6.7289e-03,1.0061e+01,2.2501e+01,2.4379e+00,5.4241e-02
6.3600e+03,6.6686e-03,1.0061e+01,2.2501e+01,2.4380e+00,5.4243e-02
6.3700e+03,6.6089e-03,1.0061e+01,2.2501e+01,2.4380e+00,5.4244e-02
6.3800e+03,6.5497e-03,1.0061e+01,2.2501e+01,2.4381e+00,5.4246e-02
6.3900e+03,6.4911e-03,1.0061e+01,2.2501e+01,2.4382e+00,5.4247e-02
6.4000e+03,6.4329e-03,1.0061e+01,2.2501e+01,2.4382e+00,5.4249e-02
6.4100e+03,6.3753e-03,1.0061e+01,2.2501e+01,2.4383e+00,5.4250e-02
6.4200e+03,6.3182e-03,1.0061e+01,2.2501e+01,2.4383e+00,5.4251e-02
6.4300e+03,6.2616e-03,1.0061e+01,2.2501e+01,2.4384e+00,5.4253e-02
6.4400e+03,6.2056e-03,1.0060e+01,2.2501e+01,2.4384e+00,5.4254e-02
6.4500e+03,6.1500e-03,1.0060e+01,2.2501e+01,2.4385e+00,5.4255e-02
6.4600e+03,6.0949e-03,1.0060e+01,2.2501e+01,2.4385e+00,5.4257e-02
6.4700e+03,6.0403e-03,1.0060e+01,2.2501e+01,2.4386e+00,5.4258e-02
6.4800e+03,5.9862e-03,1.0060e+01,2.2501e+01,2.4386e+00,5.4259e-02
6.4900e+03,5.9326e-03,1.0060e+01,2.2501e+01,2.4387e+00,5.4261e-02
6.5000e+03,5.8795e-03,1.0060e+01,2.2501e+01,2.4387e+00,5.4262e-02
6.5100e+03,5.8269e-03,1.0060e+01,2.2501e+01,2.4388e+00,5.4263e-02
6.5200e+03,5.7747e-03,1.0060e+01,2.2501e+01,2.4389e+00,5.4265e-02
6.5300e+03,5.7230e-03,1.0060e+01,2.2501e+01,2.4389e+00,5.4266e-02
