t,[L2M],[D],[L],[L2MD],[L2Ms]
0.0000e+00,2.5000e+00,6.2500e+00,1.2500e+01,0.0000e+00,0.0000e+00
1.0000e+01,2.4728e+00,6.2257e+00,1.2502e+01,2.4202e-02,9.6996e-04
2.0000e+01,2.4479e+00,6.2018e+00,1.2502e+01,4.8145e-02,1.9333e-03
3.0000e+01,2.4234e+00,6.1781e+00,1.2502e+01,7.1759e-02,2.8870e-03
4.0000e+01,2.3991e+00,6.1548e+00,1.2502e+01,9.5049e-02,3.8312e-03
5.0000e+01,2.3752e+00,6.1318e+00,1.2502e+01,1.1802e-01,4.7660e-03
6.0000e+01,2.3516e+00,6.1092e+00,1.2502e+01,1.4068e-01,5.6916e-03
7.0000e+01,2.3284e+00,6.0868e+00,1.2502e+01,1.6304e-01,6.6082e-03
8.0000e+01,2.3054e+00,6.0647e+00,1.2502e+01,1.8509e-01,7.5157e-03
9.0000e+01,2.2827e+00,6.0429e+00,1.2502e+01,2.0685e-01,8.4143e-03
1.0000e+02,2.2604e+00,6.0215e+00,1.2502e+01,2.2833e-01,9.3042e-03
1.1000e+02,2.2383e+00,6.0003e+00,1.2502e+01,2.4952e-01,1.0185e-02
1.2000e+02,2.2165e+00,5.9793e+00,1.2502e+01,2.7042e-01,1.1058e-02
1.3000e+02,2.1950e+00,5.9587e+00,1.2502e+01,2.9106e-01,1.1922e-02
1.4000e+02,2.1738e+00,5.9383e+00,1.2502e+01,3.1143e-01,1.2778e-02
1.5000e+02,2.1528e+00,5.9182e+00,1.2502e+01,3.3153e-01,1.3626e-02
1.6000e+02,2.1322e+00,5.8983e+00,1.2502e+01,3.5137e-01,1.4466e-02
1.7000e+02,2.1117e+00,5.8787e+00,1.2502e+01,3.7096e-01,1.5297e-02
1.8000e+02,2.0916e+00,5.8594e+00,1.2502e+01,3.9030e-01,1.6121e-02
1.9000e+02,2.0717e+00,5.8402e+00,1.2502e+01,4.0939e-01,1.6937e-02
2.0000e+02,2.0520e+00,5.8214e+00,1.2502e+01,4.2825e-01,1.7745e-02
2.1000e+02,2.0326e+00,5.8028e+00,1.2502e+01,4.4686e-01,1.8546e-02
2.2000e+02,2.0134e+00,5.7844e+00,1.2502e+01,4.6524e-01,1.9339e-02
2.3000e+02,1.9945e+00,5.7662e+00,1.2502e+01,4.8339e-01,2.0125e-02
2.4000e+02,1.9758e+00,5.7483e+00,1.2502e+01,5.0131e-01,2.0903e-02
2.5000e+02,1.9573e+00,5.7305e+00,1.2502e+01,5.1902e-01,2.1674e-02
2.6000e+02,1.9391e+00,5.7130e+00,1.2502e+01,5.3650e-01,2.2438e-02
2.7000e+02,1.9210e+00,5.6958e+00,1.2502e+01,5.5377e-01,2.3195e-02
2.8000e+02,1.9032e+00,5.6787e+00,1.2502e+01,5.7083e-01,2.3945e-02
2.9000e+02,1.8856e+00,5.6618e+00,1.2502e+01,5.8768e-01,2.4688e-02
3.0000e+02,1.8682e+00,5.6452e+00,1.2502e+01,6.0433e-01,2.5424e-02
3.1000e+02,1.8511e+00,5.6287e+00,1.2502e+01,6.2078e-01,2.6154e-02
3.2000e+02,1.8341e+00,5.6124e+00,1.2502e+01,6.3703e-01,2.6876e-02
3.3000e+02,1.8173e+00,5.5964e+00,1.2502e+01,6.5308e-01,2.7593e-02
3.4000e+02,1.8008e+00,5.5805e+00,1.2502e+01,6.6895e-01,2.8302e-02
3.5000e+02,1.7844e+00,5.5648e+00,1.2502e+01,6.8462e-01,2.9006e-02
3.6000e+02,1.7682e+00,5.5493e+00,1.2502e+01,7.0011e-01,2.9702e-02
3.7000e+02,1.7522e+00,5.5340e+00,1.2502e+01,7.1542e-01,3.0393e-02
3.8000e+02,1.7364e+00,5.5188e+00,1.2502e+01,7.3055e-01,3.1077e-02
3.9000e+02,1.7207e+00,5.5039e+00,1.2502e+01,7.4550e-01,3.1756e-02
4.0000e+02,1.7053e+00,5.4891e+00,1.2502e+01,7.6028e-01,3.2428e-02
4.1000e+02,1.6900e+00,5.4745e+00,1.2502e+01,7.7489e-01,3.3094e-02
4.2000e+02,1.6749e+00,5.4600e+00,1.2502e+01,7.8933e-01,3.3754e-02
4.3000e+02,1.6600e+00,5.4457e+00,1.2502e+01,8.0361e-01,3.4409e-02
4.4000e+02,1.6452e+00,5.4316e+00,1.2502e+01,8.1772e-01,3.5057e-02
4.5000e+02,1.6306e+00,5.4176e+00,1.2502e+01,8.3167e-01,3.5700e-02
4.6000e+02,1.6162e+00,5.4038e+00,1.2502e+01,8.4546e-01,3.6338e-02
4.7000e+02,1.6019e+00,5.3902e+00,1.2502e+01,8.5909e-01,3.6969e-02
4.8000e+02,1.5878e+00,5.3767e+00,1.2502e+01,8.7257e-01,3.7595e-02
4.9000e+02,1.5739e+00,5.3634e+00,1.2502e+01,8.8590e-01,3.8216e-02
5.0000e+02,1.5601e+00,5.3502e+00,1.2502e+01,8.9909e-01,3.8831e-02
5.1000e+02,1.5464e+00,5.3371e+00,1.2502e+01,9.1212e-01,3.9441e-02
5.2000e+02,1.5329e+00,5.3242e+00,1.2502e+01,9.2501e-01,4.0045e-02
5.3000e+02,1.5196e+00,5.3115e+00,1.2502e+01,9.3776e-01,4.0645e-02
5.4000e+02,1.5064e+00,5.2989e+00,1.2502e+01,9.5036e-01,4.1239e-02
5.5000e+02,1.4933e+00,5.2864e+00,1.2502e+01,9.6283e-01,4.1828e-02
5.6000e+02,1.4804e+00,5.2740e+00,1.2502e+01,9.7516e-01,4.2411e-02
5.7000e+02,1.4676e+00,5.2618e+00,1.2502e+01,9.8736e-01,4.2990e-02
5.8000e+02,1.4550e+00,5.2498e+00,1.2502e+01,9.9943e-01,4.3564e-02
5.9000e+02,1.4425e+00,5.2378e+00,1.2502e+01,1.0114e+00,4.4133e-02
6.0000e+02,1.4301e+00,5.2260e+00,1.2502e+01,1.0232e+00,4.4697e-02
6.1000e+02,1.4179e+00,5.2143e+00,1.2502e+01,1.0348e+00,4.5257e-02
6.2000e+02,1.4058e+00,5.2027e+00,1.2502e+01,1.0464e+00,4.5811e-02
6.3000e+02,1.3938e+00,5.1913e+00,1.2502e+01,1.0578e+00,4.6361e-02
6.4000e+02,1.3820e+00,5.1800e+00,1.2502e+01,1.0691e+00,4.6906e-02
6.5000e+02,1.3702e+00,5.1688e+00,1.2502e+01,1.0803e+00,4.7447e-02
6.6000e+02,1.3586e+00,5.1577e+00,1.2502e+01,1.0914e+00,4.7983e-02
6.7000e+02,1.3471e+00,5.1468e+00,1.2502e+01,1.1023e+00,4.8514e-02
6.8000e+02,1.3358e+00,5.1359e+00,1.2502e+01,1.1132e+00,4.9041e-02
6.9000e+02,1.3245e+00,5.1252e+00,1.2502e+01,1.1239e+00,4.9564e-02
7.0000e+02,1.3134e+00,5.1146e+00,1.2502e+01,1.1345e+00,5.0082e-02
7.1000e+02,1.3024e+00,5.1040e+00,1.2502e+01,1.1450e+00,5.0596e-02
7.2000e+02,1.2915e+00,5.0936e+00,1.2502e+01,1.1554e+00,5.1105e-02
7.3000e+02,1.2807e+00,5.0834e+00,1.2502e+01,1.1657e+00,5.1611e-02
7.4000e+02,1.2700e+00,5.0732e+00,1.2502e+01,1.1759e+00,5.2112e-02
7.5000e+02,1.2594e+00,5.0631e+00,1.2502e+01,1.1860e+00,5.2609e-02
7.6000e+02,1.2490e+00,5.0531e+00,1.2502e+01,1.1959e+00,5.3101e-02
7.7000e+02,1.2386e+00,5.0432e+00,1.2502e+01,1.2058e+00,5.3590e-02
7.8000e+02,1.2284e+00,5.0334e+00,1.2502e+01,1.2156e+00,5.4075e-02
7.9000e+02,1.2182e+00,5.0238e+00,1.2502e+01,1.2252e+00,5.4556e-02
8.0000e+02,1.2082e+00,5.0142e+00,1.2502e+01,1.2348e+00,5.5032e-02
8.1000e+02,1.1982e+00,5.0047e+00,1.2502e+01,1.2443e+00,5.5505e-02
8.2000e+02,1.1884e+00,4.9953e+00,1.2502e+01,1.2537e+00,5.5974e-02
8.3000e+02,1.1786e+00,4.9860e+00,1.2502e+01,1.2629e+00,5.6439e-02
8.4000e+02,1.1690e+00,4.9768e+00,1.2502e+01,1.2721e+00,5.6901e-02
8.5000e+02,1.1594e+00,4.9677e+00,1.2502e+01,1.2812e+00,5.7358e-02
8.6000e+02,1.1499e+00,4.9587e+00,1.2502e+01,1.2903e+00,5.7812e-02
8.7000e+02,1.1406e+00,4.9498e+00,1.2502e+01,1.2992e+00,5.8262e-02
8.8000e+02,1.1313e+00,4.9409e+00,1.2502e+01,1.3080e+00,5.8709e-02
8.9000e+02,1.1221e+00,4.9322e+00,1.2502e+01,1.3168e+00,5.9152e-02
9.0000e+02,1.1130e+00,4.9235e+00,1.2502e+01,1.3254e+00,5.9591e-02
9.1000e+02,1.1040e+00,4.9149e+00,1.2502e+01,1.3340e+00,6.0027e-02
9.2000e+02,1.0951e+00,4.9064e+00,1.2502e+01,1.3425e+00,6.0459e-02
9.3000e+02,1.0862e+00,4.8980e+00,1.2502e+01,1.3509e+00,6.0888e-02
9.4000e+02,1.0775e+00,4.8897e+00,1.2502e+01,1.3592e+00,6.1313e-02
9.5000e+02,1.0688e+00,4.8814e+00,1.2502e+01,1.3675e+00,6.1735e-02
9.6000e+02,1.0602e+00,4.8733e+00,1.2502e+01,1.3756e+00,6.2154e-02
9.7000e+02,1.0517e+00,4.8652e+00,1.2502e+01,1.3837e+00,6.2569e-02
9.8000e+02,1.0433e+00,4.8572e+00,1.2502e+01,1.3917e+00,6.2981e-02
9.9000e+02,1.0350e+00,4.8492e+00,1.2502e+01,1.3996e+00,6.3390e-02
1.0000e+03,1.0267e+00,4.8414e+00,1.2502e+01,1.4075e+00,6.3795e-02
1.0100e+03,1.0185e+00,4.8336e+00,1.2502e+01,1.4153e+00,6.4197e-02
1.0200e+03,1.0104e+00,4.8259e+00,1.2502e+01,1.4230e+00,6.4596e-02
1.0300e+03,1.0024e+00,4.8182e+00,1.2502e+01,1.4306e+00,6.4992e-02
1.0400e+03,9.9443e-01,4.8107e+00,1.2502e+01,1.4382e+00,6.5384e-02
1.0500e+03,9.8655e-01,4.8032e+00,1.2502e+01,1.4457e+00,6.5774e-02
1.0600e+03,9.7875e-01,4.7957e+00,1.2502e+01,1.4531e+00,6.6160e-02
1.0700e+03,9.7101e-01,4.7884e+00,1.2502e+01,1.4604e+00,6.6544e-02
1.0800e+03,9.6335e-01,4.7811e+00,1.2502e+01,1.4677e+00,6.6924e-02
1.0900e+03,9.5576e-01,4.7739e+00,1.2502e+01,1.4749e+00,6.7301e-02
1.1000e+03,9.4824e-01,4.7667e+00,1.2502e+01,1.4821e+00,6.7676e-02
1.1100e+03,9.4079e-01,4.7596e+00,1.2502e+01,1.4892e+00,6.8047e-02
1.1200e+03,9.3341e-01,4.7526e+00,1.2502e+01,1.4962e+00,6.8416e-02
1.1300e+03,9.2610e-01,4.7457e+00,1.2502e+01,1.5031e+00,6.8782e-02
1.1400e+03,9.1886e-01,4.7388e+00,1.2502e+01,1.5100e+00,6.9144e-02
1.1500e+03,9.1168e-01,4.7320e+00,1.2502e+01,1.5168e+00,6.9505e-02
1.1600e+03,9.0456e-01,4.7252e+00,1.2502e+01,1.5236e+00,6.9862e-02
1.1700e+03,8.9751e-01,4.7185e+00,1.2502e+01,1.5303e+00,7.0216e-02
1.1800e+03,8.9053e-01,4.7119e+00,1.2502e+01,1.5369e+00,7.0568e-02
1.1900e+03,8.8361e-01,4.7053e+00,1.2502e+01,1.5435e+00,7.0917e-02
1.2000e+03,8.7675e-01,4.6988e+00,1.2502e+01,1.5500e+00,7.1263e-02
1.2100e+03,8.6995e-01,4.6923e+00,1.2502e+01,1.5564e+00,7.1607e-02
1.2200e+03,8.6322e-01,4.6859e+00,1.2502e+01,1.5628e+00,7.1948e-02
1.2300e+03,8.5654e-01,4.6796e+00,1.2502e+01,1.5692e+00,7.2286e-02
1.2400e+03,8.4993e-01,4.6733e+00,1.2502e+01,1.5755e+00,7.2622e-02
1.2500e+03,8.4337e-01,4.6670e+00,1.2502e+01,1.5817e+00,7.2955e-02
1.2600e+03,8.3687e-01,4.6609e+00,1.2502e+01,1.5878e+00,7.3285e-02
1.2700e+03,8.3044e-01,4.6548e+00,1.2502e+01,1.5940e+00,7.3613e-02
1.2800e+03,8.2405e-01,4.6487e+00,1.2502e+01,1.6000e+00,7.3939e-02
1.2900e+03,8.1773e-01,4.6427e+00,1.2502e+01,1.6060e+00,7.4262e-02
1.3000e+03,8.1146e-01,4.6367e+00,1.2502e+01,1.6120e+00,7.4582e-02
1.3100e+03,8.0525e-01,4.6308e+00,1.2502e+01,1.6179e+00,7.4900e-02
1.3200e+03,7.9909e-01,4.6250e+00,1.2502e+01,1.6237e+00,7.5216e-02
1.3300e+03,7.9298e-01,4.6192e+00,1.2502e+01,1.6295e+00,7.5529e-02
1.3400e+03,7.8693e-01,4.6135e+00,1.2502e+01,1.6352e+00,7.5840e-02
1.3500e+03,7.8093e-01,4.6078e+00,1.2502e+01,1.6409e+00,7.6148e-02
1.3600e+03,7.7499e-01,4.6021e+00,1.2502e+01,1.6466e+00,7.6455e-02
1.3700e+03,7.6910e-01,4.5965e+00,1.2502e+01,1.6521e+00,7.6758e-02
1.3800e+03,7.6325e-01,4.5910e+00,1.2502e+01,1.6577e+00,7.7060e-02
1.3900e+03,7.5746e-01,4.5855e+00,1.2502e+01,1.6632e+00,7.7359e-02
1.4000e+03,7.5172e-01,4.5800e+00,1.2502e+01,1.6686e+00,7.7656e-02
1.4100e+03,7.4603e-01,4.5746e+00,1.2502e+01,1.6740e+00,7.7951e-02
1.4200e+03,7.4039e-01,4.5693e+00,1.2502e+01,1.6794e+00,7.8243e-02
1.4300e+03,7.3480e-01,4.5640e+00,1.2502e+01,1.6847e+00,7.8534e-02
1.4400e+03,7.2925e-01,4.5587e+00,1.2502e+01,1.6899e+00,7.8822e-02
1.4500e+03,7.2376e-01,4.5535e+00,1.2502e+01,1.6951e+00,7.9108e-02
1.4600e+03,7.1831e-01,4.5483e+00,1.2502e+01,1.7003e+00,7.9391e-02
1.4700e+03,7.1290e-01,4.5432e+00,1.2502e+01,1.7054e+00,7.9673e-02
1.4800e+03,7.0755e-01,4.5381e+00,1.2502e+01,1.7105e+00,7.9953e-02
1.4900e+03,7.0224e-01,4.5331e+00,1.2502e+01,1.7155e+00,8.0230e-02
1.5000e+03,6.9697e-01,4.5281e+00,1.2502e+01,1.7205e+00,8.0505e-02
1.5100e+03,6.9175e-01,4.5231e+00,1.2502e+01,1.7255e+00,8.0779e-02
1.5200e+03,6.8657e-01,4.5182e+00,1.2502e+01,1.7304e+00,8.1050e-02
1.5300e+03,6.8144e-01,4.5134e+00,1.2502e+01,1.7352e+00,8.1319e-02
1.5400e+03,6.7635e-01,4.5085e+00,1.2502e+01,1.7401e+00,8.1586e-02
1.5500e+03,6.7130e-01,4.5038e+00,1.2502e+01,1.7448e+00,8.1852e-02
1.5600e+03,6.6630e-01,4.4990e+00,1.2502e+01,1.7496e+00,8.2115e-02
1.5700e+03,6.6134e-01,4.4943e+00,1.2502e+01,1.7543e+00,8.2376e-02
1.5800e+03,6.5642e-01,4.4896e+00,1.2502e+01,1.7589e+00,8.2636e-02
1.5900e+03,6.5154e-01,4.4850e+00,1.2502e+01,1.7636e+00,8.2893e-02
1.6000e+03,6.4670e-01,4.4804e+00,1.2502e+01,1.7681e+00,8.3149e-02
1.6100e+03,6.4191e-01,4.4759e+00,1.2502e+01,1.7727e+00,8.3402e-02
1.6200e+03,6.3715e-01,4.4714e+00,1.2502e+01,1.7772e+00,8.3654e-02
1.6300e+03,6.3243e-01,4.4669e+00,1.2502e+01,1.7817e+00,8.3904e-02
1.6400e+03,6.2775e-01,4.4625e+00,1.2502e+01,1.7861e+00,8.4152e-02
1.6500e+03,6.2312e-01,4.4581e+00,1.2502e+01,1.7905e+00,8.4398e-02
1.6600e+03,6.1851e-01,4.4537e+00,1.2502e+01,1.7948e+00,8.4643e-02
1.6700e+03,6.1395e-01,4.4494e+00,1.2502e+01,1.7992e+00,8.4885e-02
1.6800e+03,6.0943e-01,4.4451e+00,1.2502e+01,1.8034e+00,8.5126e-02
1.6900e+03,6.0494e-01,4.4409e+00,1.2502e+01,1.8077e+00,8.5365e-02
1.7000e+03,6.0049e-01,4.4366e+00,1.2502e+01,1.8119e+00,8.5602e-02
1.7100e+03,5.9607e-01,4.4325e+00,1.2502e+01,1.8161e+00,8.5838e-02
1.7200e+03,5.9170e-01,4.4283e+00,1.2502e+01,1.8202e+00,8.6072e-02
1.7300e+03,5.8736e-01,4.4242e+00,1.2502e+01,1.8243e+00,8.6304e-02
1.7400e+03,5.8305e-01,4.4201e+00,1.2502e+01,1.8284e+00,8.6534e-02
1.7500e+03,5.7878e-01,4.4161e+00,1.2502e+01,1.8325e+00,8.6763e-02
1.7600e+03,5.7454e-01,4.4121e+00,1.2502e+01,1.8365e+00,8.6990e-02
1.7700e+03,5.7034e-01,4.4081e+00,1.2502e+01,1.8404e+00,8.7216e-02
1.7800e+03,5.6617e-01,4.4041e+00,1.2502e+01,1.8444e+00,8.7439e-02
1.7900e+03,5.6204e-01,4.4002e+00,1.2502e+01,1.8483e+00,8.7661e-02
1.8000e+03,5.5794e-01,4.3963e+00,1.2502e+01,1.8522e+00,8.7882e-02
1.8100e+03,5.5387e-01,4.3925e+00,1.2502e+01,1.8560e+00,8.8101e-02
1.8200e+03,5.4984e-01,4.3887e+00,1.2502e+01,1.8598e+00,8.8318e-02
1.8300e+03,5.4584e-01,4.3849e+00,1.2502e+01,1.8636e+00,8.8534e-02
1.8400e+03,5.4187e-01,4.3811e+00,1.2502e+01,1.8674e+00,8.8748e-02
1.8500e+03,5.3793e-01,4.3774e+00,1.2502e+01,1.8711e+00,8.8961e-02
1.8600e+03,5.3403e-01,4.3737e+00,1.2502e+01,1.8748e+00,8.9172e-02
1.8700e+03,5.3015e-01,4.3700e+00,1.2502e+01,1.8785e+00,8.9381e-02
1.8800e+03,5.2631e-01,4.3664e+00,1.2502e+01,1.8821e+00,8.9589e-02
1.8900e+03,5.2250e-01,4.3628e+00,1.2502e+01,1.8857e+00,8.9796e-02
1.9000e+03,5.1872e-01,4.3592e+00,1.2502e+01,1.8893e+00,9.0001e-02
1.9100e+03,5.1497e-01,4.3556e+00,1.2502e+01,1.8928e+00,9.0204e-02
1.9200e+03,5.1124e-01,4.3521e+00,1.2502e+01,1.8964e+00,9.0406e-02
1.9300e+03,5.0755e-01,4.3486e+00,1.2502e+01,1.8998e+00,9.0607e-02
1.9400e+03,5.0389e-01,4.3452e+00,1.2502e+01,1.9033e+00,9.0806e-02
1.9500e+03,5.0026e-01,4.3417e+00,1.2502e+01,1.9067e+00,9.1004e-02
1.9600e+03,4.9665e-01,4.3383e+00,1.2502e+01,1.9101e+00,9.1200e-02
1.9700e+03,4.9308e-01,4.3349e+00,1.2502e+01,1.9135e+00,9.1395e-02
1.9800e+03,4.8953e-01,4.3316e+00,1.2502e+01,1.9169e+00,9.1589e-02
1.9900e+03,4.8601e-01,4.3282e+00,1.2502e+01,1.9202e+00,9.1781e-02
2.0000e+03,4.8252e-01,4.3249e+00,1.2502e+01,1.9235e+00,9.1972e-02
2.0100e+03,4.7906e-01,4.3217e+00,1.2502e+01,1.9268e+00,9.2161e-02
2.0200e+03,4.7562e-01,4.3184e+00,1.2502e+01,1.9300e+00,9.2349e-02
2.0300e+03,4.7221e-01,4.3152e+00,1.2502e+01,1.9333e+00,9.2536e-02
2.0400e+03,4.6883e-01,4.3120e+00,1.2502e+01,1.9365e+00,9.2721e-02
2.0500e+03,4.6547e-01,4.3088e+00,1.2502e+01,1.9396e+00,9.2905e-02
2.0600e+03,4.6214e-01,4.3057e+00,1.2502e+01,1.9428e+00,9.3088e-02
2.0700e+03,4.5884e-01,4.3025e+00,1.2502e+01,1.9459e+00,9.3269e-02
2.0800e+03,4.5556e-01,4.2994e+00,1.2502e+01,1.9490e+00,9.3449e-02
2.0900e+03,4.5230e-01,4.2964e+00,1.2502e+01,1.9521e+00,9.3628e-02
2.1000e+03,4.4908e-01,4.2933e+00,1.2502e+01,1.9551e+00,9.3805e-02
2.1100e+03,4.4587e-01,4.2903e+00,1.2502e+01,1.9581e+00,9.3982e-02
2.1200e+03,4.4270e-01,4.2873e+00,1.2502e+01,1.9611e+00,9.4157e-02
2.1300e+03,4.3954e-01,4.2843e+00,1.2502e+01,1.9641e+00,9.4330e-02
2.1400e+03,4.3642e-01,4.2813e+00,1.2502e+01,1.9671e+00,9.4503e-02
2.1500e+03,4.3331e-01,4.2784e+00,1.2502e+01,1.9700e+00,9.4674e-02
2.1600e+03,4.3023e-01,4.2755e+00,1.2502e+01,1.9729e+00,9.4844e-02
2.1700e+03,4.2718e-01,4.2726e+00,1.2502e+01,1.9758e+00,9.5013e-02
2.1800e+03,4.2414e-01,4.2697e+00,1.2502e+01,1.9787e+00,9.5181e-02
2.1900e+03,4.2114e-01,4.2669e+00,1.2502e+01,1.9815e+00,9.5347e-02
2.2000e+03,4.1815e-01,4.2641e+00,1.2502e+01,1.9843e+00,9.5513e-02
2.2100e+03,4.1519e-01,4.2613e+00,1.2502e+01,1.9871e+00,9.5677e-02
2.2200e+03,4.1225e-01,4.2585e+00,1.2502e+01,1.9899e+00,9.5840e-02
2.2300e+03,4.0933e-01,4.2557e+00,1.2502e+01,1.9927e+00,9.6002e-02
2.2400e+03,4.0643e-01,4.2530e+00,1.2502e+01,1.9954e+00,9.6162e-02
2.2500e+03,4.0356e-01,4.2503e+00,1.2502e+01,1.9981e+00,9.6322e-02
2.2600e+03,4.0071e-01,4.2476e+00,1.2502e+01,2.0008e+00,9.6480e-02
2.2700e+03,3.9788e-01,4.2449e+00,1.2502e+01,2.0035e+00,9.6638e-02
2.2800e+03,3.9507e-01,4.2423e+00,1.2502e+01,2.0061e+00,9.6794e-02
2.2900e+03,3.9229e-01,4.2396e+00,1.2502e+01,2.0088e+00,9.6949e-02
2.3000e+03,3.8952e-01,4.2370e+00,1.2502e+01,2.0114e+00,9.7103e-02
2.3100e+03,3.8678e-01,4.2344e+00,1.2502e+01,2.0140e+00,9.7256e-02
2.3200e+03,3.8406e-01,4.2318e+00,1.2502e+01,2.0165e+00,9.7408e-02
2.3300e+03,3.8135e-01,4.2293e+00,1.2502e+01,2.0191e+00,9.7558e-02
2.3400e+03,3.7867e-01,4.2268e+00,1.2502e+01,2.0216e+00,9.7708e-02
2.3500e+03,3.7601e-01,4.2242e+00,1.2502e+01,2.0241e+00,9.7857e-02
2.3600e+03,3.7337e-01,4.2217e+00,1.2502e+01,2.0266e+00,9.8004e-02
2.3700e+03,3.7075e-01,4.2193e+00,1.2502e+01,2.0291e+00,9.8151e-02
2.3800e+03,3.6815e-01,4.2168e+00,1.2502e+01,2.0316e+00,9.8297e-02
2.3900e+03,3.6556e-01,4.2144e+00,1.2502e+01,2.0340e+00,9.8441e-02
2.4000e+03,3.6300e-01,4.2120e+00,1.2502e+01,2.0364e+00,9.8585e-02
2.4100e+03,3.6046e-01,4.2095e+00,1.2502e+01,2.0388e+00,9.8727e-02
2.4200e+03,3.5794e-01,4.2072e+00,1.2502e+01,2.0412e+00,9.8869e-02
2.4300e+03,3.5543e-01,4.2048e+00,1.2502e+01,2.0436e+00,9.9009e-02
2.4400e+03,3.5294e-01,4.2025e+00,1.2502e+01,2.0459e+00,9.9149e-02
2.4500e+03,3.5048e-01,4.2001e+00,1.2502e+01,2.0482e+00,9.9287e-02
2.4600e+03,3.4803e-01,4.1978e+00,1.2502e+01,2.0505e+00,9.9425e-02
2.4700e+03,3.4560e-01,4.1955e+00,1.2502e+01,2.0528e+00,9.9562e-02
2.4800e+03,3.4318e-01,4.1932e+00,1.2502e+01,2.0551e+00,9.9697e-02
2.4900e+03,3.4079e-01,4.1910e+00,1.2502e+01,2.0574e+00,9.9832e-02
2.5000e+03,3.3841e-01,4.1887e+00,1.2502e+01,2.0596e+00,9.9966e-02
2.5100e+03,3.3606e-01,4.1865e+00,1.2502e+01,2.0618e+00,1.0010e-01
2.5200e+03,3.3371e-01,4.1843e+00,1.2502e+01,2.0641e+00,1.0023e-01
2.5300e+03,3.3139e-01,4.1821e+00,1.2502e+01,2.0662e+00,1.0036e-01
2.5400e+03,3.2908e-01,4.1799e+00,1.2502e+01,2.0684e+00,1.0049e-01
2.5500e+03,3.2680e-01,4.1778e+00,1.2502e+01,2.0706e+00,1.0062e-01
2.5600e+03,3.2452e-01,4.1756e+00,1.2502e+01,2.0727e+00,1.0075e-01
2.5700e+03,3.2227e-01,4.1735e+00,1.2502e+01,2.0749e+00,1.0088e-01
2.5800e+03,3.2003e-01,4.1714e+00,1.2502e+01,2.0770e+00,1.0100e-01
2.5900e+03,3.1781e-01,4.1693e+00,1.2502e+01,2.0791e+00,1.0113e-01
2.6000e+03,3.1560e-01,4.1672e+00,1.2502e+01,2.0811e+00,1.0125e-01
2.6100e+03,3.1341e-01,4.1651e+00,1.2502e+01,2.0832e+00,1.0138e-01
2.6200e+03,3.1124e-01,4.1631e+00,1.2502e+01,2.0853e+00,1.0150e-01
2.6300e+03,3.0908e-01,4.1610e+00,1.2502e+01,2.0873e+00,1.0162e-01
2.6400e+03,3.0694e-01,4.1590e+00,1.2502e+01,2.0893e+00,1.0174e-01
2.6500e+03,3.0482e-01,4.1570e+00,1.2502e+01,2.0913e+00,1.0187e-01
2.6600e+03,3.0271e-01,4.1550e+00,1.2502e+01,2.0933e+00,1.0198e-01
2.6700e+03,3.0061e-01,4.1530e+00,1.2502e+01,2.0953e+00,1.0210e-01
2.6800e+03,2.9853e-01,4.1511e+00,1.2502e+01,2.0972e+00,1.0222e-01
2.6900e+03,2.9647e-01,4.1491e+00,1.2502e+01,2.0992e+00,1.0234e-01
2.7000e+03,2.9442e-01,4.1472e+00,1.2502e+01,2.1011e+00,1.0246e-01
2.7100e+03,2.9239e-01,4.1453e+00,1.2502e+01,2.1030e+00,1.0257e-01
2.7200e+03,2.9037e-01,4.1434e+00,1.2502e+01,2.1049e+00,1.0269e-01
2.7300e+03,2.8837e-01,4.1415e+00,1.2502e+01,2.1068e+00,1.0280e-01
2.7400e+03,2.8638e-01,4.1396e+00,1.2502e+01,2.1087e+00,1.0291e-01
2.7500e+03,2.8440e-01,4.1377e+00,1.2502e+01,2.1106e+00,1.0303e-01
2.7600e+03,2.8244e-01,4.1359e+00,1.2502e+01,2.1124e+00,1.0314e-01
2.7700e+03,2.8050e-01,4.1340e+00,1.2502e+01,2.1143e+00,1.0325e-01
2.7800e+03,2.7857e-01,4.1322e+00,1.2502e+01,2.1161e+00,1.0336e-01
2.7900e+03,2.7665e-01,4.1304e+00,1.2502e+01,2.1179e+00,1.0347e-01
2.8000e+03,2.7475e-01,4.1286e+00,1.2502e+01,2.1197e+00,1.0358e-01
2.8100e+03,2.7286e-01,4.1268e+00,1.2502e+01,2.1215e+00,1.0368e-01
2.8200e+03,2.7098e-01,4.1251e+00,1.2502e+01,2.1232e+00,1.0379e-01
2.8300e+03,2.6912e-01,4.1233e+00,1.2502e+01,2.1250e+00,1.0390e-01
2.8400e+03,2.6727e-01,4.1216e+00,1.2502e+01,2.1267e+00,1.0400e-01
2.8500e+03,2.6543e-01,4.1198e+00,1.2502e+01,2.1285e+00,1.0411e-01
2.8600e+03,2.6361e-01,4.1181e+00,1.2502e+01,2.1302e+00,1.0421e-01
2.8700e+03,2.6180e-01,4.1164e+00,1.2502e+01,2.1319e+00,1.0432e-01
2.8800e+03,2.6001e-01,4.1147e+00,1.2502e+01,2.1336e+00,1.0442e-01
2.8900e+03,2.5823e-01,4.1130e+00,1.2502e+01,2.1353e+00,1.0452e-01
2.9000e+03,2.5646e-01,4.1114e+00,1.2502e+01,2.1369e+00,1.0462e-01
2.9100e+03,2.5470e-01,4.1097e+00,1.2502e+01,2.1386e+00,1.0472e-01
2.9200e+03,2.5295e-01,4.1081e+00,1.2502e+01,2.1402e+00,1.0482e-01
2.9300e+03,2.5122e-01,4.1064e+00,1.2502e+01,2.1419e+00,1.0492e-01
2.9400e+03,2.4950e-01,4.1048e+00,1.2502e+01,2.1435e+00,1.0502e-01
2.9500e+03,2.4780e-01,4.1032e+00,1.2502e+01,2.1451e+00,1.0512e-01
2.9600e+03,2.4610e-01,4.1016e+00,1.2502e+01,2.1467e+00,1.0522e-01
2.9700e+03,2.4442e-01,4.1000e+00,1.2502e+01,2.1483e+00,1.0531e-01
2.9800e+03,2.4275e-01,4.0984e+00,1.2502e+01,2.1498e+00,1.0541e-01
2.9900e+03,2.4109e-01,4.0969e+00,1.2502e+01,2.1514e+00,1.0550e-01
3.0000e+03,2.3944e-01,4.0953e+00,1.2502e+01,2.1530e+00,1.0560e-01
3.0100e+03,2.3781e-01,4.0938e+00,1.2502e+01,2.1545e+00,1.0569e-01
3.0200e+03,2.3619e-01,4.0922e+00,1.2502e+01,2.1560e+00,1.0579e-01
3.0300e+03,2.3458e-01,4.0907e+00,1.2502e+01,2.1575e+00,1.0588e-01
3.0400e+03,2.3298e-01,4.0892e+00,1.2502e+01,2.1591e+00,1.0597e-01
3.0500e+03,2.3139e-01,4.0877e+00,1.2502e+01,2.1605e+00,1.0606e-01
3.0600e+03,2.2981e-01,4.0862e+00,1.2502e+01,2.1620e+00,1.0615e-01
3.0700e+03,2.2825e-01,4.0848e+00,1.2502e+01,2.1635e+00,1.0624e-01
3.0800e+03,2.2669e-01,4.0833e+00,1.2502e+01,2.1650e+00,1.0633e-01
3.0900e+03,2.2515e-01,4.0818e+00,1.2502e+01,2.1664e+00,1.0642e-01
3.1000e+03,2.2362e-01,4.0804e+00,1.2502e+01,2.1679e+00,1.0651e-01
3.1100e+03,2.2210e-01,4.0790e+00,1.2502e+01,2.1693e+00,1.0660e-01
3.1200e+03,2.2058e-01,4.0775e+00,1.2502e+01,2.1707e+00,1.0669e-01
3.1300e+03,2.1909e-01,4.0761e+00,1.2502e+01,2.1721e+00,1.0677e-01
3.1400e+03,2.1760e-01,4.0747e+00,1.2502e+01,2.1735e+00,1.0686e-01
3.1500e+03,2.1612e-01,4.0733e+00,1.2502e+01,2.1749e+00,1.0695e-01
3.1600e+03,2.1465e-01,4.0719e+00,1.2502e+01,2.1763e+00,1.0703e-01
3.1700e+03,2.1319e-01,4.0706e+00,1.2502e+01,2.1777e+00,1.0711e-01
3.1800e+03,2.1175e-01,4.0692e+00,1.2502e+01,2.1791e+00,1.0720e-01
3.1900e+03,2.1031e-01,4.0678e+00,1.2502e+01,2.1804e+00,1.0728e-01
3.2000e+03,2.0888e-01,4.0665e+00,1.2502e+01,2.1818e+00,1.0736e-01
3.2100e+03,2.0746e-01,4.0652e+00,1.2502e+01,2.1831e+00,1.0745e-01
3.2200e+03,2.0606e-01,4.0638e+00,1.2502e+01,2.1844e+00,1.0753e-01
3.2300e+03,2.0466e-01,4.0625e+00,1.2502e+01,2.1857e+00,1.0761e-01
3.2400e+03,2.0327e-01,4.0612e+00,1.2502e+01,2.1870e+00,1.0769e-01
3.2500e+03,2.0190e-01,4.0599e+00,1.2502e+01,2.1883e+00,1.0777e-01
3.2600e+03,2.0053e-01,4.0586e+00,1.2502e+01,2.1896e+00,1.0785e-01
3.2700e+03,1.9917e-01,4.0573e+00,1.2502e+01,2.1909e+00,1.0793e-01
3.2800e+03,1.9783e-01,4.0561e+00,1.2502e+01,2.1922e+00,1.0800e-01
3.2900e+03,1.9649e-01,4.0548e+00,1.2502e+01,2.1934e+00,1.0808e-01
3.3000e+03,1.9516e-01,4.0536e+00,1.2502e+01,2.1947e+00,1.0816e-01
3.3100e+03,1.9384e-01,4.0523e+00,1.2502e+01,2.1959e+00,1.0824e-01
3.3200e+03,1.9253e-01,4.0511e+00,1.2502e+01,2.1972e+00,1.0831e-01
3.3300e+03,1.9123e-01,4.0499e+00,1.2502e+01,2.1984e+00,1.0839e-01
3.3400e+03,1.8993e-01,4.0486e+00,1.2502e+01,2.1996e+00,1.0846e-01
3.3500e+03,1.8865e-01,4.0474e+00,1.2502e+01,2.2008e+00,1.0854e-01
3.3600e+03,1.8738e-01,4.0462e+00,1.2502e+01,2.2020e+00,1.0861e-01
3.3700e+03,1.8611e-01,4.0450e+00,1.2502e+01,2.2032e+00,1.0869e-01
3.3800e+03,1.8486e-01,4.0438e+00,1.2502e+01,2.2044e+00,1.0876e-01
3.3900e+03,1.8361e-01,4.0427e+00,1.2502e+01,2.2056e+00,1.0883e-01
3.4000e+03,1.8237e-01,4.0415e+00,1.2502e+01,2.2067e+00,1.0890e-01
3.4100e+03,1.8114e-01,4.0403e+00,1.2502e+01,2.2079e+00,1.0898e-01
3.4200e+03,1.7992e-01,4.0392e+00,1.2502e+01,2.2090e+00,1.0905e-01
3.4300e+03,1.7871e-01,4.0381e+00,1.2502e+01,2.2102e+00,1.0912e-01
3.4400e+03,1.7750e-01,4.0369e+00,1.2502e+01,2.2113e+00,1.0919e-01
3.4500e+03,1.7631e-01,4.0358e+00,1.2502e+01,2.2124e+00,1.0926e-01
3.4600e+03,1.7512e-01,4.0347e+00,1.2502e+01,2.2136e+00,1.0933e-01
3.4700e+03,1.7394e-01,4.0336e+00,1.2502e+01,2.2147e+00,1.0940e-01
3.4800e+03,1.7277e-01,4.0325e+00,1.2502e+01,2.2158e+00,1.0946e-01
3.4900e+03,1.7161e-01,4.0314e+00,1.2502e+01,2.2169e+00,1.0953e-01
3.5000e+03,1.7045e-01,4.0303e+00,1.2502e+01,2.2179e+00,1.0960e-01
3.5100e+03,1.6931e-01,4.0292e+00,1.2502e+01,2.2190e+00,1.0967e-01
3.5200e+03,1.6817e-01,4.0281e+00,1.2502e+01,2.2201e+00,1.0973e-01
3.5300e+03,1.6704e-01,4.0271e+00,1.2502e+01,2.2212e+00,1.0980e-01
3.5400e+03,1.6592e-01,4.0260e+00,1.2502e+01,2.2222e+00,1.0986e-01
3.5500e+03,1.6480e-01,4.0249e+00,1.2502e+01,2.2233e+00,1.0993e-01
3.5600e+03,1.6369e-01,4.0239e+00,1.2502e+01,2.2243e+00,1.0999e-01
3.5700e+03,1.6259e-01,4.0229e+00,1.2502e+01,2.2253e+00,1.1006e-01
3.5800e+03,1.6150e-01,4.0218e+00,1.2502e+01,2.2264e+00,1.1012e-01
3.5900e+03,1.6042e-01,4.0208e+00,1.2502e+01,2.2274e+00,1.1019e-01
3.6000e+03,1.5934e-01,4.0198e+00,1.2502e+01,2.2284e+00,1.1025e-01
3.6100e+03,1.5827e-01,4.0188e+00,1.2502e+01,2.2294e+00,1.1031e-01
3.6200e+03,1.5721e-01,4.0178e+00,1.2502e+01,2.2304e+00,1.1037e-01
3.6300e+03,1.5616e-01,4.0168e+00,1.2502e+01,2.2314e+00,1.1044e-01
3.6400e+03,1.5511e-01,4.0158e+00,1.2502e+01,2.2324e+00,1.1050e-01
3.6500e+03,1.5407e-01,4.0148e+00,1.2502e+01,2.2334e+00,1.1056e-01
3.6600e+03,1.5304e-01,4.0139e+00,1.2502e+01,2.2343e+00,1.1062e-01
3.6700e+03,1.5201e-01,4.0129e+00,1.2502e+01,2.2353e+00,1.1068e-01
3.6800e+03,1.5099e-01,4.0119e+00,1.2502e+01,2.2363e+00,1.1074e-01
3.6900e+03,1.4998e-01,4.0110e+00,1.2502e+01,2.2372e+00,1.1080e-01
3.7000e+03,1.4898e-01,4.0100e+00,1.2502e+01,2.2382e+00,1.1086e-01
3.7100e+03,1.4798e-01,4.0091e+00,1.2502e+01,2.2391e+00,1.1091e-01
3.7200e+03,1.4699e-01,4.0082e+00,1.2502e+01,2.2400e+00,1.1097e-01
3.7300e+03,1.4601e-01,4.0072e+00,1.2502e+01,2.2410e+00,1.1103e-01
3.7400e+03,1.4503e-01,4.0063e+00,1.2502e+01,2.2419e+00,1.1109e-01
3.7500e+03,1.4406e-01,4.0054e+00,1.2502e+01,2.2428e+00,1.1115e-01
3.7600e+03,1.4310e-01,4.0045e+00,1.2502e+01,2.2437e+00,1.1120e-01
3.7700e+03,1.4214e-01,4.0036e+00,1.2502e+01,2.2446e+00,1.1126e-01
3.7800e+03,1.4119e-01,4.0027e+00,1.2502e+01,2.2455e+00,1.1131e-01
3.7900e+03,1.4024e-01,4.0018e+00,1.2502e+01,2.2464e+00,1.1137e-01
3.8000e+03,1.3931e-01,4.0009e+00,1.2502e+01,2.2473e+00,1.1142e-01
3.8100e+03,1.3838e-01,4.0001e+00,1.2502e+01,2.2481e+00,1.1148e-01
3.8200e+03,1.3745e-01,3.9992e+00,1.2502e+01,2.2490e+00,1.1153e-01
3.8300e+03,1.3653e-01,3.9983e+00,1.2502e+01,2.2499e+00,1.1159e-01
3.8400e+03,1.3562e-01,3.9975e+00,1.2502e+01,2.2507e+00,1.1164e-01
3.8500e+03,1.3472e-01,3.9966e+00,1.2502e+01,2.2516e+00,1.1169e-01
3.8600e+03,1.3382e-01,3.9958e+00,1.2502e+01,2.2524e+00,1.1175e-01
3.8700e+03,1.3293e-01,3.9949e+00,1.2502e+01,2.2533e+00,1.1180e-01
3.8800e+03,1.3204e-01,3.9941e+00,1.2502e+01,2.2541e+00,1.1185e-01
3.8900e+03,1.3116e-01,3.9933e+00,1.2502e+01,2.2549e+00,1.1190e-01
3.9000e+03,1.3028e-01,3.9924e+00,1.2502e+01,2.2558e+00,1.1196e-01
3.9100e+03,1.2941e-01,3.9916e+00,1.2502e+01,2.2566e+00,1.1201e-01
3.9200e+03,1.2855e-01,3.9908e+00,1.2502e+01,2.2574e+00,1.1206e-01
3.9300e+03,1.2769e-01,3.9900e+00,1.2502e+01,2.2582e+00,1.1211e-01
3.9400e+03,1.2684e-01,3.9892e+00,1.2502e+01,2.2590e+00,1.1216e-01
3.9500e+03,1.2600e-01,3.9884e+00,1.2502e+01,2.2598e+00,1.1221e-01
3.9600e+03,1.2516e-01,3.9876e+00,1.2502e+01,2.2606e+00,1.1226e-01
3.9700e+03,1.2433e-01,3.9868e+00,1.2502e+01,2.2614e+00,1.1231e-01
3.9800e+03,1.2350e-01,3.9860e+00,1.2502e+01,2.2621e+00,1.1236e-01
3.9900e+03,1.2268e-01,3.9853e+00,1.2502e+01,2.2629e+00,1.1240e-01
4.0000e+03,1.2186e-01,3.9845e+00,1.2502e+01,2.2637e+00,1.1245e-01
4.0100e+03,1.2105e-01,3.9837e+00,1.2502e+01,2.2645e+00,1.1250e-01
4.0200e+03,1.2024e-01,3.9830e+00,1.2502e+01,2.2652e+00,1.1255e-01
4.0300e+03,1.1944e-01,3.9822e+00,1.2502e+01,2.2660e+00,1.1260e-01
4.0400e+03,1.1865e-01,3.9815e+00,1.2502e+01,2.2667e+00,1.1264e-01
4.0500e+03,1.1786e-01,3.9807e+00,1.2502e+01,2.2675e+00,1.1269e-01
4.0600e+03,1.1708e-01,3.9800e+00,1.2502e+01,2.2682e+00,1.1274e-01
4.0700e+03,1.1630e-01,3.9793e+00,1.2502e+01,2.2689e+00,1.1278e-01
4.0800e+03,1.1552e-01,3.9785e+00,1.2502e+01,2.2697e+00,1.1283e-01
4.0900e+03,1.1476e-01,3.9778e+00,1.2502e+01,2.2704e+00,1.1287e-01
4.1000e+03,1.1399e-01,3.9771e+00,1.2502e+01,2.2711e+00,1.1292e-01
4.1100e+03,1.1324e-01,3.9764e+00,1.2502e+01,2.2718e+00,1.1296e-01
4.1200e+03,1.1248e-01,3.9757e+00,1.2502e+01,2.2725e+00,1.1301e-01
4.1300e+03,1.1174e-01,3.9750e+00,1.2502e+01,2.2732e+00,1.1305e-01
4.1400e+03,1.1099e-01,3.9743e+00,1.2502e+01,2.2739e+00,1.1309e-01
4.1500e+03,1.1026e-01,3.9736e+00,1.2502e+01,2.2746e+00,1.1314e-01
4.1600e+03,1.0953e-01,3.9729e+00,1.2502e+01,2.2753e+00,1.1318e-01
4.1700e+03,1.0880e-01,3.9722e+00,1.2502e+01,2.2760e+00,1.1322e-01
4.1800e+03,1.0808e-01,3.9715e+00,1.2502e+01,2.2767e+00,1.1327e-01
4.1900e+03,1.0736e-01,3.9708e+00,1.2502e+01,2.2773e+00,1.1331e-01
4.2000e+03,1.0665e-01,3.9702e+00,1.2502e+01,2.2780e+00,1.1335e-01
4.2100e+03,1.0594e-01,3.9695e+00,1.2502e+01,2.2787e+00,1.1339e-01
4.2200e+03,1.0524e-01,3.9688e+00,1.2502e+01,2.2793e+00,1.1344e-01
4.2300e+03,1.0454e-01,3.9682e+00,1.2502e+01,2.2800e+00,1.1348e-01
4.2400e+03,1.0385e-01,3.9675e+00,1.2502e+01,2.2806e+00,1.1352e-01
4.2500e+03,1.0316e-01,3.9669e+00,1.2502e+01,2.2813e+00,1.1356e-01
4.2600e+03,1.0247e-01,3.9662e+00,1.2502e+01,2.2819e+00,1.1360e-01
4.2700e+03,1.0179e-01,3.9656e+00,1.2502e+01,2.2826e+00,1.1364e-01
4.2800e+03,1.0112e-01,3.9650e+00,1.2502e+01,2.2832e+00,1.1368e-01
4.2900e+03,1.0045e-01,3.9643e+00,1.2502e+01,2.2838e+00,1.1372e-01
4.3000e+03,9.9785e-02,3.9637e+00,1.2502e+01,2.2845e+00,1.1376e-01
4.3100e+03,9.9124e-02,3.9631e+00,1.2502e+01,2.2851e+00,1.1380e-01
4.3200e+03,9.8467e-02,3.9625e+00,1.2502e+01,2.2857e+00,1.1384e-01
4.3300e+03,9.7815e-02,3.9619e+00,1.2502e+01,2.2863e+00,1.1388e-01
4.3400e+03,9.7168e-02,3.9612e+00,1.2502e+01,2.2869e+00,1.1391e-01
4.3500e+03,9.6525e-02,3.9606e+00,1.2502e+01,2.2875e+00,1.1395e-01
4.3600e+03,9.5886e-02,3.9600e+00,1.2502e+01,2.2881e+00,1.1399e-01
4.3700e+03,9.5251e-02,3.9594e+00,1.2502e+01,2.2887e+00,1.1403e-01
4.3800e+03,9.4621e-02,3.9589e+00,1.2502e+01,2.2893e+00,1.1407e-01
4.3900e+03,9.3995e-02,3.9583e+00,1.2502e+01,2.2899e+00,1.1410e-01
4.4000e+03,9.3373e-02,3.9577e+00,1.2502e+01,2.2905e+00,1.1414e-01
4.4100e+03,9.2755e-02,3.9571e+00,1.2502e+01,2.2911e+00,1.1418e-01
4.4200e+03,9.2142e-02,3.9565e+00,1.2502e+01,2.2916e+00,1.1421e-01
4.4300e+03,9.1533e-02,3.9559e+00,1.2502e+01,2.2922e+00,1.1425e-01
4.4400e+03,9.0928e-02,3.9554e+00,1.2502e+01,2.2928e+00,1.1428e-01
4.4500e+03,9.0327e-02,3.9548e+00,1.2502e+01,2.2934e+00,1.1432e-01
4.4600e+03,8.9729e-02,3.9542e+00,1.2502e+01,2.2939e+00,1.1436e-01
4.4700e+03,8.9136e-02,3.9537e+00,1.2502e+01,2.2945e+00,1.1439e-01
4.4800e+03,8.8547e-02,3.9531e+00,1.2502e+01,2.2950e+00,1.1443e-01
4.4900e+03,8.7962e-02,3.9526e+00,1.2502e+01,2.2956e+00,1.1446e-01
4.5000e+03,8.7381e-02,3.9520e+00,1.2502e+01,2.2961e+00,1.1450e-01
4.5100e+03,8.6804e-02,3.9515e+00,1.2502e+01,2.2967e+00,1.1453e-01
4.5200e+03,8.6231e-02,3.9510e+00,1.2502e+01,2.2972e+00,1.1456e-01
4.5300e+03,8.5661e-02,3.9504e+00,1.2502e+01,2.2977e+00,1.1460e-01
4.5400e+03,8.5096e-02,3.9499e+00,1.2502e+01,2.2983e+00,1.1463e-01
4.5500e+03,8.4534e-02,3.9494e+00,1.2502e+01,2.2988e+00,1.1467e-01
4.5600e+03,8.3976e-02,3.9488e+00,1.2502e+01,2.2993e+00,1.1470e-01
4.5700e+03,8.3422e-02,3.9483e+00,1.2502e+01,2.2998e+00,1.1473e-01
4.5800e+03,8.2871e-02,3.9478e+00,1.2502e+01,2.3004e+00,1.1476e-01
4.5900e+03,8.2324e-02,3.9473e+00,1.2502e+01,2.3009e+00,1.1480e-01
4.6000e+03,8.1781e-02,3.9468e+00,1.2502e+01,2.3014e+00,1.1483e-01
4.6100e+03,8.1241e-02,3.9463e+00,1.2502e+01,2.3019e+00,1.1486e-01
4.6200e+03,8.0705e-02,3.9458e+00,1.2502e+01,2.3024e+00,1.1489e-01
4.6300e+03,8.0173e-02,3.9453e+00,1.2502e+01,2.3029e+00,1.1492e-01
4.6400e+03,7.9644e-02,3.9448e+00,1.2502e+01,2.3034e+00,1.1496e-01
4.6500e+03,7.9119e-02,3.9443e+00,1.2502e+01,2.3039e+00,1.1499e-01
4.6600e+03,7.8597e-02,3.9438e+00,1.2502e+01,2.3044e+00,1.1502e-01
4.6700e+03,7.8079e-02,3.9433e+00,1.2502e+01,2.3049e+00,1.1505e-01
4.6800e+03,7.7565e-02,3.9428e+00,1.2502e+01,2.3054e+00,1.1508e-01
4.6900e+03,7.7053e-02,3.9423e+00,1.2502e+01,2.3058e+00,1.1511e-01
4.7000e+03,7.6546e-02,3.9418e+00,1.2502e+01,2.3063e+00,1.1514e-01
4.7100e+03,7.6041e-02,3.9414e+00,1.2502e+01,2.3068e+00,1.1517e-01
4.7200e+03,7.5540e-02,3.9409e+00,1.2502e+01,2.3073e+00,1.1520e-01
4.7300e+03,7.5042e-02,3.9404e+00,1.2502e+01,2.3077e+00,1.1523e-01
4.7400e+03,7.4548e-02,3.9400e+00,1.2502e+01,2.3082e+00,1.1526e-01
4.7500e+03,7.4057e-02,3.9395e+00,1.2502e+01,2.3087e+00,1.1529e-01
4.7600e+03,7.3569e-02,3.9390e+00,1.2502e+01,2.3091e+00,1.1532e-01
4.7700e+03,7.3085e-02,3.9386e+00,1.2502e+01,2.3096e+00,1.1535e-01
4.7800e+03,7.2603e-02,3.9381e+00,1.2502e+01,2.3100e+00,1.1538e-01
4.7900e+03,7.2125e-02,3.9377e+00,1.2502e+01,2.3105e+00,1.1540e-01
4.8000e+03,7.1651e-02,3.9372e+00,1.2502e+01,2.3109e+00,1.1543e-01
4.8100e+03,7.1179e-02,3.9368e+00,1.2502e+01,2.3114e+00,1.1546e-01
4.8200e+03,7.0710e-02,3.9363e+00,1.2502e+01,2.3118e+00,1.1549e-01
4.8300e+03,7.0245e-02,3.9359e+00,1.2502e+01,2.3122e+00,1.1552e-01
4.8400e+03,6.9783e-02,3.9355e+00,1.2502e+01,2.3127e+00,1.1554e-01
4.8500e+03,6.9324e-02,3.9350e+00,1.2502e+01,2.3131e+00,1.1557e-01
4.8600e+03,6.8868e-02,3.9346e+00,1.2502e+01,2.3135e+00,1.1560e-01
4.8700e+03,6.8415e-02,3.9342e+00,1.2502e+01,2.3140e+00,1.1563e-01
4.8800e+03,6.7964e-02,3.9338e+00,1.2502e+01,2.3144e+00,1.1565e-01
4.8900e+03,6.7517e-02,3.9333e+00,1.2502e+01,2.3148e+00,1.1568e-01
4.9000e+03,6.7073e-02,3.9329e+00,1.2502e+01,2.3152e+00,1.1571e-01
4.9100e+03,6.6632e-02,3.9325e+00,1.2502e+01,2.3156e+00,1.1573e-01
4.9200e+03,6.6194e-02,3.9321e+00,1.2502e+01,2.3160e+00,1.1576e-01
4.9300e+03,6.5759e-02,3.9317e+00,1.2502e+01,2.3165e+00,1.1579e-01
4.9400e+03,6.5327e-02,3.9313e+00,1.2502e+01,2.3169e+00,1.1581e-01
4.9500e+03,6.4897e-02,3.9309e+00,1.2502e+01,2.3173e+00,1.1584e-01
4.9600e+03,6.4471e-02,3.9305e+00,1.2502e+01,2.3177e+00,1.1586e-01
4.9700e+03,6.4047e-02,3.9301e+00,1.2502e+01,2.3181e+00,1.1589e-01
4.9800e+03,6.3626e-02,3.9297e+00,1.2502e+01,2.3185e+00,1.1591e-01
4.9900e+03,6.3208e-02,3.9293e+00,1.2502e+01,2.3189e+00,1.1594e-01
5.0000e+03,6.2793e-02,3.9289e+00,1.2502e+01,2.3192e+00,1.1596e-01
5.0100e+03,6.2380e-02,3.9285e+00,1.2502e+01,2.3196e+00,1.1599e-01
5.0200e+03,6.1970e-02,3.9281e+00,1.2502e+01,2.3200e+00,1.1601e-01
5.0300e+03,6.1563e-02,3.9277e+00,1.2502e+01,2.3204e+00,1.1604e-01
5.0400e+03,6.1159e-02,3.9274e+00,1.2502e+01,2.3208e+00,1.1606e-01
5.0500e+03,6.0757e-02,3.9270e+00,1.2502e+01,2.3212e+00,1.1608e-01
5.0600e+03,6.0358e-02,3.9266e+00,1.2502e+01,2.3215e+00,1.1611e-01
5.0700e+03,5.9962e-02,3.9262e+00,1.2502e+01,2.3219e+00,1.1613e-01
5.0800e+03,5.9568e-02,3.9259e+00,1.2502e+01,2.3223e+00,1.1616e-01
5.0900e+03,5.9177e-02,3.9255e+00,1.2502e+01,2.3226e+00,1.1618e-01
5.1000e+03,5.8789e-02,3.9251e+00,1.2502e+01,2.3230e+00,1.1620e-01
5.1100e+03,5.8403e-02,3.9248e+00,1.2502e+01,2.3234e+00,1.1623e-01
5.1200e+03,5.8019e-02,3.9244e+00,1.2502e+01,2.3237e+00,1.1625e-01
5.1300e+03,5.7639e-02,3.9240e+00,1.2502e+01,2.3241e+00,1.1627e-01
5.1400e+03,5.7260e-02,3.9237e+00,1.2502e+01,2.3244e+00,1.1629e-01
5.1500e+03,5.6885e-02,3.9233e+00,1.2502e+01,2.3248e+00,1.1632e-01
5.1600e+03,5.6511e-02,3.9230e+00,1.2502e+01,2.3252e+00,1.1634e-01
5.1700e+03,5.6141e-02,3.9226e+00,1.2502e+01,2.3255e+00,1.1636e-01
5.1800e+03,5.5772e-02,3.9223e+00,1.2502e+01,2.3258e+00,1.1638e-01
5.1900e+03,5.5407e-02,3.9219e+00,1.2502e+01,2.3262e+00,1.1640e-01
5.2000e+03,5.5043e-02,3.9216e+00,1.2502e+01,2.3265e+00,1.1643e-01
5.2100e+03,5.4682e-02,3.9213e+00,1.2502e+01,2.3269e+00,1.1645e-01
5.2200e+03,5.4324e-02,3.9209e+00,1.2502e+01,2.3272e+00,1.1647e-01
5.2300e+03,5.3967e-02,3.9206e+00,1.2502e+01,2.3275e+00,1.1649e-01
5.2400e+03,5.3613e-02,3.9203e+00,1.2502e+01,2.3279e+00,1.1651e-01
5.2500e+03,5.3262e-02,3.9199e+00,1.2502e+01,2.3282e+00,1.1653e-01
5.2600e+03,5.2913e-02,3.9196e+00,1.2502e+01,2.3285e+00,1.1655e-01
5.2700e+03,5.2566e-02,3.9193e+00,1.2502e+01,2.3289e+00,1.1658e-01
5.2800e+03,5.2221e-02,3.9190e+00,1.2502e+01,2.3292e+00,1.1660e-01
5.2900e+03,5.1879e-02,3.9186e+00,1.2502e+01,2.3295e+00,1.1662e-01
5.3000e+03,5.1539e-02,3.9183e+00,1.2502e+01,2.3298e+00,1.1664e-01
5.3100e+03,5.1201e-02,3.9180e+00,1.2502e+01,2.3301e+00,1.1666e-01
5.3200e+03,5.0866e-02,3.9177e+00,1.2502e+01,2.3305e+00,1.1668e-01
5.3300e+03,5.0532e-02,3.9174e+00,1.2502e+01,2.3308e+00,1.1670e-01
5.3400e+03,5.0201e-02,3.9171e+00,1.2502e+01,2.3311e+00,1.1672e-01
5.3500e+03,4.9872e-02,3.9167e+00,1.2502e+01,2.3314e+00,1.1674e-01
5.3600e+03,4.9546e-02,3.9164e+00,1.2502e+01,2.3317e+00,1.1676e-01
5.3700e+03,4.9221e-02,3.9161e+00,1.2502e+01,2.3320e+00,1.1678e-01
5.3800e+03,4.8899e-02,3.9158e+00,1.2502e+01,2.3323e+00,1.1680e-01
5.3900e+03,4.8578e-02,3.9155e+00,1.2502e+01,2.3326e+00,1.1681e-01
5.4000e+03,4.8260e-02,3.9152e+00,1.2502e+01,2.3329e+00,1.1683e-01
5.4100e+03,4.7944e-02,3.9149e+00,1.2502e+01,2.3332e+00,1.1685e-01
5.4200e+03,4.7630e-02,3.9146e+00,1.2502e+01,2.3335e+00,1.1687e-01
5.4300e+03,4.7318e-02,3.9143e+00,1.2502e+01,2.3338e+00,1.1689e-01
5.4400e+03,4.7009e-02,3.9140e+00,1.2502e+01,2.3341e+00,1.1691e-01
5.4500e+03,4.6701e-02,3.9138e+00,1.2502e+01,2.3344e+00,1.1693e-01
5.4600e+03,4.6395e-02,3.9135e+00,1.2502e+01,2.3347e+00,1.1695e-01
5.4700e+03,4.6091e-02,3.9132e+00,1.2502e+01,2.3349e+00,1.1696e-01
5.4800e+03,4.5790e-02,3.9129e+00,1.2502e+01,2.3352e+00,1.1698e-01
5.4900e+03,4.5490e-02,3.9126e+00,1.2502e+01,2.3355e+00,1.1700e-01
5.5000e+03,4.5192e-02,3.9123e+00,1.2502e+01,2.3358e+00,1.1702e-01
5.5100e+03,4.4896e-02,3.9121e+00,1.2502e+01,2.3361e+00,1.1704e-01
5.5200e+03,4.4603e-02,3.9118e+00,1.2502e+01,2.3363e+00,1.1705e-01
5.5300e+03,4.4311e-02,3.9115e+00,1.2502e+01,2.3366e+00,1.1707e-01
5.5400e+03,4.4021e-02,3.9112e+00,1.2502e+01,2.3369e+00,1.1709e-01
5.5500e+03,4.3733e-02,3.9110e+00,1.2502e+01,2.3372e+00,1.1711e-01
5.5600e+03,4.3447e-02,3.9107e+00,1.2502e+01,2.3374e+00,1.1712e-01
5.5700e+03,4.3163e-02,3.9104e+00,1.2502e+01,2.3377e+00,1.1714e-01
5.5800e+03,4.2880e-02,3.9102e+00,1.2502e+01,2.3380e+00,1.1716e-01
5.5900e+03,4.2600e-02,3.9099e+00,1.2502e+01,2.3382e+00,1.1717e-01
5.6000e+03,4.2321e-02,3.9096e+00,1.2502e+01,2.3385e+00,1.1719e-01
5.6100e+03,4.2044e-02,3.9094e+00,1.2502e+01,2.3388e+00,1.1721e-01
5.6200e+03,4.1769e-02,3.9091e+00,1.2502e+01,2.3390e+00,1.1722e-01
5.6300e+03,4.1496e-02,3.9089e+00,1.2502e+01,2.3393e+00,1.1724e-01
5.6400e+03,4.1225e-02,3.9086e+00,1.2502e+01,2.3395e+00,1.1726e-01
5.6500e+03,4.0955e-02,3.9084e+00,1.2502e+01,2.3398e+00,1.1727e-01
5.6600e+03,4.0688e-02,3.9081e+00,1.2502e+01,2.3400e+00,1.1729e-01
5.6700e+03,4.0422e-02,3.9079e+00,1.2502e+01,2.3403e+00,1.1730e-01
5.6800e+03,4.0157e-02,3.9076e+00,1.2502e+01,2.3405e+00,1.1732e-01
5.6900e+03,3.9895e-02,3.9074e+00,1.2502e+01,2.3408e+00,1.1734e-01
5.7000e+03,3.9634e-02,3.9071e+00,1.2502e+01,2.3410e+00,1.1735e-01
5.7100e+03,3.9375e-02,3.9069e+00,1.2502e+01,2.3413e+00,1.1737e-01
5.7200e+03,3.9118e-02,3.9066e+00,1.2502e+01,2.3415e+00,1.1738e-01
5.7300e+03,3.8862e-02,3.9064e+00,1.2502e+01,2.3417e+00,1.1740e-01
5.7400e+03,3.8608e-02,3.9061e+00,1.2502e+01,2.3420e+00,1.1741e-01
5.7500e+03,3.8356e-02,3.9059e+00,1.2502e+01,2.3422e+00,1.1743e-01
5.7600e+03,3.8105e-02,3.9057e+00,1.2502e+01,2.3425e+00,1.1744e-01
5.7700e+03,3.7856e-02,3.9054e+00,1.2502e+01,2.3427e+00,1.1746e-01
5.7800e+03,3.7609e-02,3.9052e+00,1.2502e+01,2.3429e+00,1.1747e-01
5.7900e+03,3.7363e-02,3.9050e+00,1.2502e+01,2.3432e+00,1.1749e-01
5.8000e+03,3.7119e-02,3.9047e+00,1.2502e+01,2.3434e+00,1.1750e-01
5.8100e+03,3.6876e-02,3.9045e+00,1.2502e+01,2.3436e+00,1.1752e-01
5.8200e+03,3.6636e-02,3.9043e+00,1.2502e+01,2.3438e+00,1.1753e-01
5.8300e+03,3.6396e-02,3.9041e+00,1.2502e+01,2.3441e+00,1.1755e-01
5.8400e+03,3.6159e-02,3.9038e+00,1.2502e+01,2.3443e+00,1.1756e-01
5.8500e+03,3.5922e-02,3.9036e+00,1.2502e+01,2.3445e+00,1.1758e-01
5.8600e+03,3.5688e-02,3.9034e+00,1.2502e+01,2.3447e+00,1.1759e-01
5.8700e+03,3.5455e-02,3.9032e+00,1.2502e+01,2.3449e+00,1.1760e-01
5.8800e+03,3.5223e-02,3.9030e+00,1.2502e+01,2.3452e+00,1.1762e-01
5.8900e+03,3.4993e-02,3.9027e+00,1.2502e+01,2.3454e+00,1.1763e-01
5.9000e+03,3.4765e-02,3.9025e+00,1.2502e+01,2.3456e+00,1.1764e-01
5.9100e+03,3.4538e-02,3.9023e+00,1.2502e+01,2.3458e+00,1.1766e-01
5.9200e+03,3.4312e-02,3.9021e+00,1.2502e+01,2.3460e+00,1.1767e-01
5.9300e+03,3.4088e-02,3.9019e+00,1.2502e+01,2.3462e+00,1.1769e-01
5.9400e+03,3.3866e-02,3.9017e+00,1.2502e+01,2.3464e+00,1.1770e-01
5.9500e+03,3.3645e-02,3.9015e+00,1.2502e+01,2.3466e+00,1.1771e-01
5.9600e+03,3.3425e-02,3.9013e+00,1.2502e+01,2.3469e+00,1.1773e-01
5.9700e+03,3.3207e-02,3.9011e+00,1.2502e+01,2.3471e+00,1.1774e-01
5.9800e+03,3.2990e-02,3.9009e+00,1.2502e+01,2.3473e+00,1.1775e-01
5.9900e+03,3.2775e-02,3.9007e+00,1.2502e+01,2.3475e+00,1.1776e-01
6.0000e+03,3.2561e-02,3.9005e+00,1.2502e+01,2.3477e+00,1.1778e-01
6.0100e+03,3.2348e-02,3.9003e+00,1.2502e+01,2.3479e+00,1.1779e-01
6.0200e+03,3.2137e-02,3.9001e+00,1.2502e+01,2.3481e+00,1.1780e-01
6.0300e+03,3.1928e-02,3.8999e+00,1.2502e+01,2.3483e+00,1.1782e-01
6.0400e+03,3.1719e-02,3.8997e+00,1.2502e+01,2.3485e+00,1.1783e-01
6.0500e+03,3.1512e-02,3.8995e+00,1.2502e+01,2.3486e+00,1.1784e-01
6.0600e+03,3.1307e-02,3.8993e+00,1.2502e+01,2.3488e+00,1.1785e-01
6.0700e+03,3.1102e-02,3.8991e+00,1.2502e+01,2.3490e+00,1.1787e-01
6.0800e+03,3.0899e-02,3.8989e+00,1.2502e+01,2.3492e+00,1.1788e-01
6.0900e+03,3.0698e-02,3.8987e+00,1.2502e+01,2.3494e+00,1.1789e-01
6.1000e+03,3.0498e-02,3.8985e+00,1.2502e+01,2.3496e+00,1.1790e-01
6.1100e+03,3.0299e-02,3.8983e+00,1.2502e+01,2.3498e+00,1.1791e-01
6.1200e+03,3.0101e-02,3.8981e+00,1.2502e+01,2.3500e+00,1.1793e-01
6.1300e+03,2.9905e-02,3.8980e+00,1.2502e+01,2.3502e+00,1.1794e-01
6.1400e+03,2.9710e-02,3.8978e+00,1.2502e+01,2.3503e+00,1.1795e-01
6.1500e+03,2.9516e-02,3.8976e+00,1.2502e+01,2.3505e+00,1.1796e-01
6.1600e+03,2.9323e-02,3.8974e+00,1.2502e+01,2.3507e+00,1.1797e-01
6.1700e+03,2.9132e-02,3.8972e+00,1.2502e+01,2.3509e+00,1.1798e-01
6.1800e+03,2.8942e-02,3.8971e+00,1.2502e+01,2.3511e+00,1.1800e-01
6.1900e+03,2.8754e-02,3.8969e+00,1.2502e+01,2.3512e+00,1.1801e-01
6.2000e+03,2.8566e-02,3.8967e+00,1.2502e+01,2.3514e+00,1.1802e-01
6.2100e+03,2.8380e-02,3.8965e+00,1.2502e+01,2.3516e+00,1.1803e-01
6.2200e+03,2.8195e-02,3.8964e+00,1.2502e+01,2.3518e+00,1.1804e-01
6.2300e+03,2.8011e-02,3.8962e+00,1.2502e+01,2.3519e+00,1.1805e-01
6.2400e+03,2.7828e-02,3.8960e+00,1.2502e+01,2.3521e+00,1.1806e-01
6.2500e+03,2.7647e-02,3.8958e+00,1.2502e+01,2.3523e+00,1.1807e-01
6.2600e+03,2.7467e-02,3.8957e+00,1.2502e+01,2.3525e+00,1.1808e-01
6.2700e+03,2.7288e-02,3.8955e+00,1.2502e+01,2.3526e+00,1.1810e-01
6.2800e+03,2.7110e-02,3.8953e+00,1.2502e+01,2.3528e+00,1.1811e-01
6.2900e+03,2.6933e-02,3.8952e+00,1.2502e+01,2.3530e+00,1.1812e-01
6.3000e+03,2.6757e-02,3.8950e+00,1.2502e+01,2.3531e+00,1.1813e-01
6.3100e+03,2.6583e-02,3.8948e+00,1.2502e+01,2.3533e+00,1.1814e-01
6.3200e+03,2.6410e-02,3.8947e+00,1.2502e+01,2.3534e+00,1.1815e-01
6.3300e+03,2.6238e-02,3.8945e+00,1.2502e+01,2.3536e+00,1.1816e-01
6.3400e+03,2.6067e-02,3.8944e+00,1.2502e+01,2.3538e+00,1.1817e-01
6.3500e+03,2.5897e-02,3.8942e+00,1.2502e+01,2.3539e+00,1.1818e-01
6.3600e+03,2.5728e-02,3.8940e+00,1.2502e+01,2.3541e+00,1.1819e-01
6.3700e+03,2.5560e-02,3.8939e+00,1.2502e+01,2.3542e+00,1.1820e-01
6.3800e+03,2.5394e-02,3.8937e+00,1.2502e+01,2.3544e+00,1.1821e-01
6.3900e+03,2.5228e-02,3.8936e+00,1.2502e+01,2.3546e+00,1.1822e-01
6.4000e+03,2.5064e-02,3.8934e+00,1.2502e+01,2.3547e+00,1.1823e-01
6.4100e+03,2.4901e-02,3.8933e+00,1.2502e+01,2.3549e+00,1.1824e-01
6.4200e+03,2.4739e-02,3.8931e+00,1.2502e+01,2.3550e+00,1.1825e-01
6.4300e+03,2.4577e-02,3.8930e+00,1.2502e+01,2.3552e+00,1.1826e-01
6.4400e+03,2.4417e-02,3.8928e+00,1.2502e+01,2.3553e+00,1.1827e-01
6.4500e+03,2.4258e-02,3.8927e+00,1.2502e+01,2.3555e+00,1.1828e-01
6.4600e+03,2.4100e-02,3.8925e+00,1.2502e+01,2.3556e+00,1.1829e-01
6.4700e+03,2.3943e-02,3.8924e+00,1.2502e+01,2.3558e+00,1.1830e-01
6.4800e+03,2.3787e-02,3.8922e+00,1.2502e+01,2.3559e+00,1.1831e-01
6.4900e+03,2.3632e-02,3.8921e+00,1.2502e+01,2.3561e+00,1.1832e-01
6.5000e+03,2.3478e-02,3.8919e+00,1.2502e+01,2.3562e+00,1.1833e-01
6.5100e+03,2.3326e-02,3.8918e+00,1.2502e+01,2.3563e+00,1.1833e-01
6.5200e+03,2.3174e-02,3.8916e+00,1.2502e+01,2.3565e+00,1.1834e-01
6.5300e+03,2.3023e-02,3.8915e+00,1.2502e+01,2.3566e+00,1.1835e-01
6.5400e+03,2.2873e-02,3.8913e+00,1.2502e+01,2.3568e+00,1.1836e-01
6.5500e+03,2.2724e-02,3.8912e+00,1.2502e+01,2.3569e+00,1.1837e-01
6.5600e+03,2.2576e-02,3.8911e+00,1.2502e+01,2.3570e+00,1.1838e-01
6.5700e+03,2.2429e-02,3.8909e+00,1.2502e+01,2.3572e+00,1.1839e-01
6.5800e+03,2.2283e-02,3.8908e+00,1.2502e+01,2.3573e+00,1.1840e-01
6.5900e+03,2.2138e-02,3.8907e+00,1.2502e+01,2.3575e+00,1.1841e-01
6.6000e+03,2.1994e-02,3.8905e+00,1.2502e+01,2.3576e+00,1.1841e-01
6.6100e+03,2.1850e-02,3.8904e+00,1.2502e+01,2.3577e+00,1.1842e-01
6.6200e+03,2.1708e-02,3.8903e+00,1.2502e+01,2.3579e+00,1.1843e-01
6.6300e+03,2.1567e-02,3.8901e+00,1.2502e+01,2.3580e+00,1.1844e-01
6.6400e+03,2.1426e-02,3.8900e+00,1.2502e+01,2.3581e+00,1.1845e-01
6.6500e+03,2.1287e-02,3.8899e+00,1.2502e+01,2.3583e+00,1.1846e-01
6.6600e+03,2.1148e-02,3.8897e+00,1.2502e+01,2.3584e+00,1.1847e-01
6.6700e+03,2.1011e-02,3.8896e+00,1.2502e+01,2.3585e+00,1.1847e-01
6.6800e+03,2.0874e-02,3.8895e+00,1.2502e+01,2.3586e+00,1.1848e-01
6.6900e+03,2.0738e-02,3.8893e+00,1.2502e+01,2.3588e+00,1.1849e-01
6.7000e+03,2.0603e-02,3.8892e+00,1.2502e+01,2.3589e+00,1.1850e-01
6.7100e+03,2.0469e-02,3.8891e+00,1.2502e+01,2.3590e+00,1.1851e-01
6.7200e+03,2.0336e-02,3.8890e+00,1.2502e+01,2.3592e+00,1.1851e-01
6.7300e+03,2.0203e-02,3.8888e+00,1.2502e+01,2.3593e+00,1.1852e-01
6.7400e+03,2.0072e-02,3.8887e+00,1.2502e+01,2.3594e+00,1.1853e-01
6.7500e+03,1.9941e-02,3.8886e+00,1.2502e+01,2.3595e+00,1.1854e-01
6.7600e+03,1.9811e-02,3.8885e+00,1.2502e+01,2.3596e+00,1.1855e-01
6.7700e+03,1.9683e-02,3.8883e+00,1.2502e+01,2.3598e+00,1.1855e-01
6.7800e+03,1.9554e-02,3.8882e+00,1.2502e+01,2.3599e+00,1.1856e-01
6.7900e+03,1.9427e-02,3.8881e+00,1.2502e+01,2.3600e+00,1.1857e-01
6.8000e+03,1.9301e-02,3.8880e+00,1.2502e+01,2.3601e+00,1.1858e-01
6.8100e+03,1.9175e-02,3.8879e+00,1.2502e+01,2.3602e+00,1.1859e-01
6.8200e+03,1.9050e-02,3.8878e+00,1.2502e+01,2.3604e+00,1.1859e-01
6.8300e+03,1.8927e-02,3.8876e+00,1.2502e+01,2.3605e+00,1.1860e-01
6.8400e+03,1.8803e-02,3.8875e+00,1.2502e+01,2.3606e+00,1.1861e-01
6.8500e+03,1.8681e-02,3.8874e+00,1.2502e+01,2.3607e+00,1.1861e-01
6.8600e+03,1.8560e-02,3.8873e+00,1.2502e+01,2.3608e+00,1.1862e-01
6.8700e+03,1.8439e-02,3.8872e+00,1.2502e+01,2.3609e+00,1.1863e-01
6.8800e+03,1.8319e-02,3.8871e+00,1.2502e+01,2.3610e+00,1.1864e-01
6.8900e+03,1.8200e-02,3.8870e+00,1.2502e+01,2.3612e+00,1.1864e-01
6.9000e+03,1.8081e-02,3.8868e+00,1.2502e+01,2.3613e+00,1.1865e-01
6.9100e+03,1.7964e-02,3.8867e+00,1.2502e+01,2.3614e+00,1.1866e-01
6.9200e+03,1.7847e-02,3.8866e+00,1.2502e+01,2.3615e+00,1.1867e-01
6.9300e+03,1.7731e-02,3.8865e+00,1.2502e+01,2.3616e+00,1.1867e-01
6.9400e+03,1.7615e-02,3.8864e+00,1.2502e+01,2.3617e+00,1.1868e-01
6.9500e+03,1.7501e-02,3.8863e+00,1.2502e+01,2.3618e+00,1.1869e-01
6.9600e+03,1.7387e-02,3.8862e+00,1.2502e+01,2.3619e+00,1.1869e-01
6.9700e+03,1.7274e-02,3.8861e+00,1.2502e+01,2.3620e+00,1.1870e-01
6.9800e+03,1.7162e-02,3.8860e+00,1.2502e+01,2.3621e+00,1.1871e-01
6.9900e+03,1.7050e-02,3.8859e+00,1.2502e+01,2.3622e+00,1.1871e-01
7.0000e+03,1.6939e-02,3.8858e+00,1.2502e+01,2.3623e+00,1.1872e-01
7.0100e+03,1.6829e-02,3.8857e+00,1.2502e+01,2.3624e+00,1.1873e-01
7.0200e+03,1.6719e-02,3.8856e+00,1.2502e+01,2.3625e+00,1.1873e-01
7.0300e+03,1.6611e-02,3.8855e+00,1.2502e+01,2.3627e+00,1.1874e-01
7.0400e+03,1.6503e-02,3.8854e+00,1.2502e+01,2.3628e+00,1.1875e-01
7.0500e+03,1.6395e-02,3.8853e+00,1.2502e+01,2.3629e+00,1.1875e-01
7.0600e+03,1.6289e-02,3.8852e+00,1.2502e+01,2.3630e+00,1.1876e-01
7.0700e+03,1.6183e-02,3.8851e+00,1.2502e+01,2.3631e+00,1.1877e-01
7.0800e+03,1.6078e-02,3.8850e+00,1.2502e+01,2.3632e+00,1.1877e-01
7.0900e+03,1.5973e-02,3.8849e+00,1.2502e+01,2.3633e+00,1.1878e-01
7.1000e+03,1.5869e-02,3.8848e+00,1.2502e+01,2.3633e+00,1.1878e-01
7.1100e+03,1.5766e-02,3.8847e+00,1.2502e+01,2.3634e+00,1.1879e-01
7.1200e+03,1.5664e-02,3.8846e+00,1.2502e+01,2.3635e+00,1.1880e-01
7.1300e+03,1.5562e-02,3.8845e+00,1.2502e+01,2.3636e+00,1.1880e-01
7.1400e+03,1.5461e-02,3.8844e+00,1.2502e+01,2.3637e+00,1.1881e-01
7.1500e+03,1.5360e-02,3.8843e+00,1.2502e+01,2.3638e+00,1.1882e-01
7.1600e+03,1.5260e-02,3.8842e+00,1.2502e+01,2.3639e+00,1.1882e-01
7.1700e+03,1.5161e-02,3.8841e+00,1.2502e+01,2.3640e+00,1.1883e-01
7.1800e+03,1.5062e-02,3.8840e+00,1.2502e+01,2.3641e+00,1.1883e-01
7.1900e+03,1.4964e-02,3.8839e+00,1.2502e+01,2.3642e+00,1.1884e-01
7.2000e+03,1.4867e-02,3.8838e+00,1.2502e+01,2.3643e+00,1.1885e-01
7.2100e+03,1.4771e-02,3.8837e+00,1.2502e+01,2.3644e+00,1.1885e-01
7.2200e+03,1.4675e-02,3.8836e+00,1.2502e+01,2.3645e+00,1.1886e-01
7.2300e+03,1.4579e-02,3.8835e+00,1.2502e+01,2.3646e+00,1.1886e-01
7.2400e+03,1.4484e-02,3.8835e+00,1.2502e+01,2.3646e+00,1.1887e-01
7.2500e+03,1.4390e-02,3.8834e+00,1.2502e+01,2.3647e+00,1.1887e-01
7.2600e+03,1.4297e-02,3.8833e+00,1.2502e+01,2.3648e+00,1.1888e-01
7.2700e+03,1.4204e-02,3.8832e+00,1.2502e+01,2.3649e+00,1.1889e-01
7.2800e+03,1.4111e-02,3.8831e+00,1.2502e+01,2.3650e+00,1.1889e-01
7.2900e+03,1.4020e-02,3.8830e+00,1.2502e+01,2.3651e+00,1.1890e-01
7.3000e+03,1.3929e-02,3.8829e+00,1.2502e+01,2.3652e+00,1.1890e-01
7.3100e+03,1.3838e-02,3.8829e+00,1.2502e+01,2.3653e+00,1.1891e-01
7.3200e+03,1.3748e-02,3.8828e+00,1.2502e+01,2.3653e+00,1.1891e-01
7.3300e+03,1.3659e-02,3.8827e+00,1.2502e+01,2.3654e+00,1.1892e-01
7.3400e+03,1.3570e-02,3.8826e+00,1.2502e+01,2.3655e+00,1.1892e-01
7.3500e+03,1.3482e-02,3.8825e+00,1.2502e+01,2.3656e+00,1.1893e-01
7.3600e+03,1.3394e-02,3.8824e+00,1.2502e+01,2.3657e+00,1.1893e-01
7.3700e+03,1.3307e-02,3.8824e+00,1.2502e+01,2.3658e+00,1.1894e-01
7.3800e+03,1.3221e-02,3.8823e+00,1.2502e+01,2.3658e+00,1.1895e-01
7.3900e+03,1.3135e-02,3.8822e+00,1.2502e+01,2.3659e+00,1.1895e-01
7.4000e+03,1.3050e-02,3.8821e+00,1.2502e+01,2.3660e+00,1.1896e-01
7.4100e+03,1.2965e-02,3.8820e+00,1.2502e+01,2.3661e+00,1.1896e-01
7.4200e+03,1.2880e-02,3.8820e+00,1.2502e+01,2.3662e+00,1.1897e-01
7.4300e+03,1.2797e-02,3.8819e+00,1.2502e+01,2.3662e+00,1.1897e-01
7.4400e+03,1.2714e-02,3.8818e+00,1.2502e+01,2.3663e+00,1.1898e-01
7.4500e+03,1.2631e-02,3.8817e+00,1.2502e+01,2.3664e+00,1.1898e-01
7.4600e+03,1.2549e-02,3.8816e+00,1.2502e+01,2.3665e+00,1.1899e-01
7.4700e+03,1.2467e-02,3.8816e+00,1.2502e+01,2.3665e+00,1.1899e-01
7.4800e+03,1.2386e-02,3.8815e+00,1.2502e+01,2.3666e+00,1.1900e-01
7.4900e+03,1.2306e-02,3.8814e+00,1.2502e+01,2.3667e+00,1.1900e-01
7.5000e+03,1.2226e-02,3.8813e+00,1.2502e+01,2.3668e+00,1.1901e-01
7.5100e+03,1.2147e-02,3.8813e+00,1.2502e+01,2.3668e+00,1.1901e-01
7.5200e+03,1.2068e-02,3.8812e+00,1.2502e+01,2.3669e+00,1.1901e-01
7.5300e+03,1.1989e-02,3.8811e+00,1.2502e+01,2.3670e+00,1.1902e-01
7.5400e+03,1.1911e-02,3.8810e+00,1.2502e+01,2.3671e+00,1.1902e-01
7.5500e+03,1.1834e-02,3.8810e+00,1.2502e+01,2.3671e+00,1.1903e-01
7.5600e+03,1.1757e-02,3.8809e+00,1.2502e+01,2.3672e+00,1.1903e-01
7.5700e+03,1.1681e-02,3.8808e+00,1.2502e+01,2.3673e+00,1.1904e-01
7.5800e+03,1.1605e-02,3.8808e+00,1.2502e+01,2.3674e+00,1.1904e-01
7.5900e+03,1.1530e-02,3.8807e+00,1.2502e+01,2.3674e+00,1.1905e-01
7.6000e+03,1.1455e-02,3.8806e+00,1.2502e+01,2.3675e+00,1.1905e-01
7.6100e+03,1.1380e-02,3.8805e+00,1.2502e+01,2.3676e+00,1.1906e-01
7.6200e+03,1.1306e-02,3.8805e+00,1.2502e+01,2.3676e+00,1.1906e-01
7.6300e+03,1.1233e-02,3.8804e+00,1.2502e+01,2.3677e+00,1.1907e-01
7.6400e+03,1.1160e-02,3.8803e+00,1.2502e+01,2.3678e+00,1.1907e-01
7.6500e+03,1.1087e-02,3.8803e+00,1.2502e+01,2.3678e+00,1.1907e-01
7.6600e+03,1.1015e-02,3.8802e+00,1.2502e+01,2.3679e+00,1.1908e-01
7.6700e+03,1.0944e-02,3.8801e+00,1.2502e+01,2.3680e+00,1.1908e-01
7.6800e+03,1.0873e-02,3.8801e+00,1.2502e+01,2.3680e+00,1.1909e-01
7.6900e+03,1.0802e-02,3.8800e+00,1.2502e+01,2.3681e+00,1.1909e-01
7.7000e+03,1.0732e-02,3.8799e+00,1.2502e+01,2.3682e+00,1.1910e-01
7.7100e+03,1.0662e-02,3.8799e+00,1.2502e+01,2.3682e+00,1.1910e-01
7.7200e+03,1.0593e-02,3.8798e+00,1.2502e+01,2.3683e+00,1.1910e-01
7.7300e+03,1.0524e-02,3.8797e+00,1.2502e+01,2.3684e+00,1.1911e-01
7.7400e+03,1.0456e-02,3.8797e+00,1.2502e+01,2.3684e+00,1.1911e-01
7.7500e+03,1.0388e-02,3.8796e+00,1.2502e+01,2.3685e+00,1.1912e-01
7.7600e+03,1.0321e-02,3.8795e+00,1.2502e+01,2.3686e+00,1.1912e-01
7.7700e+03,1.0254e-02,3.8795e+00,1.2502e+01,2.3686e+00,1.1912e-01
7.7800e+03,1.0187e-02,3.8794e+00,1.2502e+01,2.3687e+00,1.1913e-01
7.7900e+03,1.0121e-02,3.8794e+00,1.2502e+01,2.3687e+00,1.1913e-01
7.8000e+03,1.0055e-02,3.8793e+00,1.2502e+01,2.3688e+00,1.1914e-01
7.8100e+03,9.9898e-03,3.8792e+00,1.2502e+01,2.3689e+00,1.1914e-01
7.8200e+03,9.9250e-03,3.8792e+00,1.2502e+01,2.3689e+00,1.1914e-01
7.8300e+03,9.8605e-03,3.8791e+00,1.2502e+01,2.3690e+00,1.1915e-01
7.8400e+03,9.7965e-03,3.8791e+00,1.2502e+01,2.3691e+00,1.1915e-01
7.8500e+03,9.7329e-03,3.8790e+00,1.2502e+01,2.3691e+00,1.1916e-01
7.8600e+03,9.6697e-03,3.8789e+00,1.2502e+01,2.3692e+00,1.1916e-01
7.8700e+03,9.6069e-03,3.8789e+00,1.2502e+01,2.3692e+00,1.1916e-01
7.8800e+03,9.5445e-03,3.8788e+00,1.2502e+01,2.3693e+00,1.1917e-01
7.8900e+03,9.4826e-03,3.8788e+00,1.2502e+01,2.3693e+00,1.1917e-01
7.9000e+03,9.4210e-03,3.8787e+00,1.2502e+01,2.3694e+00,1.1917e-01
7.9100e+03,9.3598e-03,3.8786e+00,1.2502e+01,2.3695e+00,1.1918e-01
7.9200e+03,9.2991e-03,3.8786e+00,1.2502e+01,2.3695e+00,1.1918e-01
7.9300e+03,9.2387e-03,3.8785e+00,1.2502e+01,2.3696e+00,1.1919e-01
7.9400e+03,9.1787e-03,3.8785e+00,1.2502e+01,2.3696e+00,1.1919e-01
7.9500e+03,9.1191e-03,3.8784e+00,1.2502e+01,2.3697e+00,1.1919e-01
7.9600e+03,9.0599e-03,3.8784e+00,1.2502e+01,2.3697e+00,1.1920e-01
7.9700e+03,9.0011e-03,3.8783e+00,1.2502e+01,2.3698e+00,1.1920e-01
7.9800e+03,8.9427e-03,3.8782e+00,1.2502e+01,2.3699e+00,1.1920e-01
7.9900e+03,8.8846e-03,3.8782e+00,1.2502e+01,2.3699e+00,1.1921e-01
8.0000e+03,8.8269e-03,3.8781e+00,1.2502e+01,2.3700e+00,1.1921e-01
8.0100e+03,8.7696e-03,3.8781e+00,1.2502e+01,2.3700e+00,1.1921e-01
8.0200e+03,8.7127e-03,3.8780e+00,1.2502e+01,2.3701e+00,1.1922e-01
8.0300e+03,8.6561e-03,3.8780e+00,1.2502e+01,2.3701e+00,1.1922e-01
8.0400e+03,8.6000e-03,3.8779e+00,1.2502e+01,2.3702e+00,1.1922e-01
8.0500e+03,8.5441e-03,3.8779e+00,1.2502e+01,2.3702e+00,1.1923e-01
8.0600e+03,8.4887e-03,3.8778e+00,1.2502e+01,2.3703e+00,1.1923e-01
8.0700e+03,8.4336e-03,3.8778e+00,1.2502e+01,2.3703e+00,1.1923e-01
8.0800e+03,8.3788e-03,3.8777e+00,1.2502e+01,2.3704e+00,1.1924e-01
8.0900e+03,8.3244e-03,3.8777e+00,1.2502e+01,2.3704e+00,1.1924e-01
8.1000e+03,8.2704e-03,3.8776e+00,1.2502e+01,2.3705e+00,1.1924e-01
8.1100e+03,8.2167e-03,3.8776e+00,1.2502e+01,2.3705e+00,1.1925e-01
