t,[L2M],[D],[L],[L2MD],[L2Ms]
0.0000e+00,3.0000e+00,1.5000e+01,2.2500e+01,0.0000e+00,0.0000e+00
1.0000e+01,2.9595e+00,1.4961e+01,2.2501e+01,3.8538e-02,6.4312e-04
2.0000e+01,2.9208e+00,1.4923e+01,2.2501e+01,7.6544e-02,1.2790e-03
3.0000e+01,2.8828e+00,1.4886e+01,2.2501e+01,1.1396e-01,1.9066e-03
4.0000e+01,2.8453e+00,1.4849e+01,2.2501e+01,1.5080e-01,2.5261e-03
5.0000e+01,2.8084e+00,1.4813e+01,2.2501e+01,1.8708e-01,3.1376e-03
6.0000e+01,2.7721e+00,1.4777e+01,2.2501e+01,2.2280e-01,3.7412e-03
7.0000e+01,2.7364e+00,1.4742e+01,2.2501e+01,2.5798e-01,4.3371e-03
8.0000e+01,2.7011e+00,1.4707e+01,2.2501e+01,2.9262e-01,4.9253e-03
9.0000e+01,2.6664e+00,1.4673e+01,2.2501e+01,3.2675e-01,5.5060e-03
1.0000e+02,2.6322e+00,1.4639e+01,2.2501e+01,3.6035e-01,6.0792e-03
1.1000e+02,2.5986e+00,1.4606e+01,2.2501e+01,3.9346e-01,6.6452e-03
1.2000e+02,2.5654e+00,1.4574e+01,2.2501e+01,4.2607e-01,7.2039e-03
1.3000e+02,2.5327e+00,1.4542e+01,2.2501e+01,4.5819e-01,7.7556e-03
1.4000e+02,2.5005e+00,1.4510e+01,2.2501e+01,4.8984e-01,8.3003e-03
1.5000e+02,2.4688e+00,1.4479e+01,2.2501e+01,5.2102e-01,8.8380e-03
1.6000e+02,2.4376e+00,1.4448e+01,2.2501e+01,5.5174e-01,9.3690e-03
1.7000e+02,2.4068e+00,1.4418e+01,2.2501e+01,5.8200e-01,9.8934e-03
1.8000e+02,2.3764e+00,1.4388e+01,2.2501e+01,6.1183e-01,1.0411e-02
1.9000e+02,2.3465e+00,1.4358e+01,2.2501e+01,6.4122e-01,1.0922e-02
2.0000e+02,2.3171e+00,1.4329e+01,2.2501e+01,6.7019e-01,1.1427e-02
2.1000e+02,2.2880e+00,1.4301e+01,2.2501e+01,6.9873e-01,1.1926e-02
2.2000e+02,2.2594e+00,1.4273e+01,2.2501e+01,7.2687e-01,1.2418e-02
2.3000e+02,2.2312e+00,1.4245e+01,2.2501e+01,7.5460e-01,1.2904e-02
2.4000e+02,2.2034e+00,1.4218e+01,2.2501e+01,7.8193e-01,1.3384e-02
2.5000e+02,2.1759e+00,1.4191e+01,2.2501e+01,8.0887e-01,1.3858e-02
2.6000e+02,2.1489e+00,1.4164e+01,2.2501e+01,8.3542e-01,1.4327e-02
2.7000e+02,2.1223e+00,1.4138e+01,2.2501e+01,8.6160e-01,1.4789e-02
2.8000e+02,2.0960e+00,1.4112e+01,2.2501e+01,8.8741e-01,1.5246e-02
2.9000e+02,2.0701e+00,1.4087e+01,2.2501e+01,9.1286e-01,1.5697e-02
3.0000e+02,2.0446e+00,1.4062e+01,2.2501e+01,9.3795e-01,1.6143e-02
3.1000e+02,2.0194e+00,1.4037e+01,2.2501e+01,9.6268e-01,1.6583e-02
3.2000e+02,1.9946e+00,1.4012e+01,2.2501e+01,9.8707e-01,1.7018e-02
3.3000e+02,1.9701e+00,1.3988e+01,2.2501e+01,1.0111e+00,1.7447e-02
3.4000e+02,1.9460e+00,1.3965e+01,2.2501e+01,1.0348e+00,1.7871e-02
3.5000e+02,1.9222e+00,1.3941e+01,2.2501e+01,1.0582e+00,1.8290e-02
3.6000e+02,1.8987e+00,1.3918e+01,2.2501e+01,1.0813e+00,1.8704e-02
3.7000e+02,1.8755e+00,1.3895e+01,2.2501e+01,1.1040e+00,1.9113e-02
3.8000e+02,1.8527e+00,1.3873e+01,2.2501e+01,1.1265e+00,1.9517e-02
3.9000e+02,1.8302e+00,1.3851e+01,2.2501e+01,1.1486e+00,1.9916e-02
4.0000e+02,1.8080e+00,1.3829e+01,2.2501e+01,1.1704e+00,2.0310e-02
4.1000e+02,1.7860e+00,1.3808e+01,2.2501e+01,1.1919e+00,2.0699e-02
4.2000e+02,1.7644e+00,1.3786e+01,2.2501e+01,1.2132e+00,2.1084e-02
4.3000e+02,1.7431e+00,1.3765e+01,2.2501e+01,1.2341e+00,2.1464e-02
4.4000e+02,1.7221e+00,1.3745e+01,2.2501e+01,1.2548e+00,2.1840e-02
4.5000e+02,1.7013e+00,1.3724e+01,2.2501e+01,1.2751e+00,2.2211e-02
4.6000e+02,1.6808e+00,1.3704e+01,2.2501e+01,1.2952e+00,2.2577e-02
4.7000e+02,1.6607e+00,1.3684e+01,2.2501e+01,1.3151e+00,2.2939e-02
4.8000e+02,1.6407e+00,1.3665e+01,2.2501e+01,1.3346e+00,2.3297e-02
4.9000e+02,1.6211e+00,1.3645e+01,2.2501e+01,1.3540e+00,2.3651e-02
5.0000e+02,1.6017e+00,1.3626e+01,2.2501e+01,1.3730e+00,2.4000e-02
5.1000e+02,1.5825e+00,1.3608e+01,2.2501e+01,1.3918e+00,2.4345e-02
5.2000e+02,1.5636e+00,1.3589e+01,2.2501e+01,1.4104e+00,2.4686e-02
5.3000e+02,1.5450e+00,1.3571e+01,2.2501e+01,1.4287e+00,2.5023e-02
5.4000e+02,1.5266e+00,1.3553e+01,2.2501e+01,1.4467e+00,2.5356e-02
5.5000e+02,1.5084e+00,1.3535e+01,2.2501e+01,1.4645e+00,2.5685e-02
5.6000e+02,1.4905e+00,1.3517e+01,2.2501e+01,1.4821e+00,2.6010e-02
5.7000e+02,1.4728e+00,1.3500e+01,2.2501e+01,1.4995e+00,2.6331e-02
5.8000e+02,1.4554e+00,1.3483e+01,2.2501e+01,1.5166e+00,2.6649e-02
5.9000e+02,1.4382e+00,1.3466e+01,2.2501e+01,1.5335e+00,2.6962e-02
6.0000e+02,1.4212e+00,1.3449e+01,2.2501e+01,1.5502e+00,2.7272e-02
6.1000e+02,1.4044e+00,1.3433e+01,2.2501e+01,1.5667e+00,2.7579e-02
6.2000e+02,1.3878e+00,1.3416e+01,2.2501e+01,1.5829e+00,2.7881e-02
6.3000e+02,1.3715e+00,1.3400e+01,2.2501e+01,1.5990e+00,2.8181e-02
6.4000e+02,1.3554e+00,1.3384e+01,2.2501e+01,1.6148e+00,2.8476e-02
6.5000e+02,1.3394e+00,1.3369e+01,2.2501e+01,1.6305e+00,2.8769e-02
6.6000e+02,1.3237e+00,1.3353e+01,2.2501e+01,1.6459e+00,2.9057e-02
6.7000e+02,1.3082e+00,1.3338e+01,2.2501e+01,1.6611e+00,2.9343e-02
6.8000e+02,1.2929e+00,1.3323e+01,2.2501e+01,1.6762e+00,2.9625e-02
6.9000e+02,1.2777e+00,1.3308e+01,2.2501e+01,1.6910e+00,2.9904e-02
7.0000e+02,1.2628e+00,1.3294e+01,2.2501e+01,1.7057e+00,3.0179e-02
7.1000e+02,1.2481e+00,1.3279e+01,2.2501e+01,1.7201e+00,3.0451e-02
7.2000e+02,1.2335e+00,1.3265e+01,2.2501e+01,1.7344e+00,3.0720e-02
7.3000e+02,1.2191e+00,1.3251e+01,2.2501e+01,1.7485e+00,3.0986e-02
7.4000e+02,1.2050e+00,1.3237e+01,2.2501e+01,1.7625e+00,3.1249e-02
7.5000e+02,1.1909e+00,1.3223e+01,2.2501e+01,1.7762e+00,3.1509e-02
7.6000e+02,1.1771e+00,1.3209e+01,2.2501e+01,1.7898e+00,3.1766e-02
7.7000e+02,1.1634e+00,1.3196e+01,2.2501e+01,1.8032e+00,3.2020e-02
7.8000e+02,1.1500e+00,1.3183e+01,2.2501e+01,1.8164e+00,3.2271e-02
7.9000e+02,1.1366e+00,1.3170e+01,2.2501e+01,1.8295e+00,3.2519e-02
8.0000e+02,1.1235e+00,1.3157e+01,2.2501e+01,1.8424e+00,3.2764e-02
8.1000e+02,1.1105e+00,1.3144e+01,2.2501e+01,1.8552e+00,3.3006e-02
8.2000e+02,1.0977e+00,1.3131e+01,2.2501e+01,1.8678e+00,3.3246e-02
8.3000e+02,1.0850e+00,1.3119e+01,2.2501e+01,1.8802e+00,3.3483e-02
8.4000e+02,1.0725e+00,1.3107e+01,2.2501e+01,1.8925e+00,3.3717e-02
8.5000e+02,1.0601e+00,1.3095e+01,2.2501e+01,1.9046e+00,3.3948e-02
8.6000e+02,1.0479e+00,1.3083e+01,2.2501e+01,1.9166e+00,3.4177e-02
8.7000e+02,1.0359e+00,1.3071e+01,2.2501e+01,1.9284e+00,3.4403e-02
8.8000e+02,1.0240e+00,1.3059e+01,2.2501e+01,1.9401e+00,3.4626e-02
8.9000e+02,1.0122e+00,1.3048e+01,2.2501e+01,1.9516e+00,3.4847e-02
9.0000e+02,1.0006e+00,1.3036e+01,2.2501e+01,1.9630e+00,3.5066e-02
9.1000e+02,9.8915e-01,1.3025e+01,2.2501e+01,1.9742e+00,3.5281e-02
9.2000e+02,9.7782e-01,1.3014e+01,2.2501e+01,1.9854e+00,3.5495e-02
9.3000e+02,9.6663e-01,1.3003e+01,2.2501e+01,1.9963e+00,3.5706e-02
9.4000e+02,9.5558e-01,1.2992e+01,2.2501e+01,2.0072e+00,3.5914e-02
9.5000e+02,9.4466e-01,1.2981e+01,2.2501e+01,2.0179e+00,3.6121e-02
9.6000e+02,9.3388e-01,1.2971e+01,2.2501e+01,2.0285e+00,3.6324e-02
9.7000e+02,9.2323e-01,1.2960e+01,2.2501e+01,2.0389e+00,3.6526e-02
9.8000e+02,9.1270e-01,1.2950e+01,2.2501e+01,2.0492e+00,3.6725e-02
9.9000e+02,9.0231e-01,1.2940e+01,2.2501e+01,2.0594e+00,3.6922e-02
1.0000e+03,8.9204e-01,1.2930e+01,2.2501e+01,2.0695e+00,3.7117e-02
1.0100e+03,8.8190e-01,1.2920e+01,2.2501e+01,2.0795e+00,3.7309e-02
1.0200e+03,8.7187e-01,1.2910e+01,2.2501e+01,2.0893e+00,3.7500e-02
1.0300e+03,8.6197e-01,1.2900e+01,2.2501e+01,2.0990e+00,3.7688e-02
1.0400e+03,8.5219e-01,1.2890e+01,2.2501e+01,2.1086e+00,3.7874e-02
1.0500e+03,8.4253e-01,1.2881e+01,2.2501e+01,2.1181e+00,3.8058e-02
1.0600e+03,8.3298e-01,1.2872e+01,2.2501e+01,2.1274e+00,3.8240e-02
1.0700e+03,8.2355e-01,1.2862e+01,2.2501e+01,2.1367e+00,3.8419e-02
1.0800e+03,8.1423e-01,1.2853e+01,2.2501e+01,2.1458e+00,3.8597e-02
1.0900e+03,8.0502e-01,1.2844e+01,2.2501e+01,2.1549e+00,3.8773e-02
1.1000e+03,7.9593e-01,1.2835e+01,2.2501e+01,2.1638e+00,3.8947e-02
1.1100e+03,7.8694e-01,1.2826e+01,2.2501e+01,2.1726e+00,3.9118e-02
1.1200e+03,7.7805e-01,1.2818e+01,2.2501e+01,2.1813e+00,3.9288e-02
1.1300e+03,7.6928e-01,1.2809e+01,2.2501e+01,2.1899e+00,3.9456e-02
1.1400e+03,7.6061e-01,1.2801e+01,2.2501e+01,2.1984e+00,3.9622e-02
1.1500e+03,7.5204e-01,1.2792e+01,2.2501e+01,2.2068e+00,3.9786e-02
1.1600e+03,7.4357e-01,1.2784e+01,2.2501e+01,2.2151e+00,3.9949e-02
1.1700e+03,7.3521e-01,1.2776e+01,2.2501e+01,2.2233e+00,4.0109e-02
1.1800e+03,7.2694e-01,1.2768e+01,2.2501e+01,2.2315e+00,4.0268e-02
1.1900e+03,7.1877e-01,1.2760e+01,2.2501e+01,2.2395e+00,4.0425e-02
1.2000e+03,7.1070e-01,1.2752e+01,2.2501e+01,2.2474e+00,4.0580e-02
1.2100e+03,7.0272e-01,1.2744e+01,2.2501e+01,2.2552e+00,4.0733e-02
1.2200e+03,6.9484e-01,1.2736e+01,2.2501e+01,2.2629e+00,4.0885e-02
1.2300e+03,6.8705e-01,1.2728e+01,2.2501e+01,2.2706e+00,4.1035e-02
1.2400e+03,6.7935e-01,1.2721e+01,2.2501e+01,2.2781e+00,4.1183e-02
1.2500e+03,6.7175e-01,1.2713e+01,2.2501e+01,2.2856e+00,4.1330e-02
1.2600e+03,6.6423e-01,1.2706e+01,2.2501e+01,2.2930e+00,4.1475e-02
1.2700e+03,6.5680e-01,1.2699e+01,2.2501e+01,2.3002e+00,4.1619e-02
1.2800e+03,6.4946e-01,1.2692e+01,2.2501e+01,2.3075e+00,4.1760e-02
1.2900e+03,6.4220e-01,1.2684e+01,2.2501e+01,2.3146e+00,4.1901e-02
1.3000e+03,6.3503e-01,1.2677e+01,2.2501e+01,2.3216e+00,4.2039e-02
1.3100e+03,6.2794e-01,1.2670e+01,2.2501e+01,2.3286e+00,4.2176e-02
1.3200e+03,6.2093e-01,1.2664e+01,2.2501e+01,2.3354e+00,4.2312e-02
1.3300e+03,6.1401e-01,1.2657e+01,2.2501e+01,2.3422e+00,4.2446e-02
1.3400e+03,6.0717e-01,1.2650e+01,2.2501e+01,2.3489e+00,4.2579e-02
1.3500e+03,6.0040e-01,1.2643e+01,2.2501e+01,2.3556e+00,4.2710e-02
1.3600e+03,5.9372e-01,1.2637e+01,2.2501e+01,2.3621e+00,4.2839e-02
1.3700e+03,5.8711e-01,1.2630e+01,2.2501e+01,2.3686e+00,4.2968e-02
1.3800e+03,5.8058e-01,1.2624e+01,2.2501e+01,2.3750e+00,4.3094e-02
1.3900e+03,5.7413e-01,1.2618e+01,2.2501e+01,2.3813e+00,4.3220e-02
1.4000e+03,5.6775e-01,1.2611e+01,2.2501e+01,2.3876e+00,4.3344e-02
1.4100e+03,5.6144e-01,1.2605e+01,2.2501e+01,2.3938e+00,4.3466e-02
1.4200e+03,5.5521e-01,1.2599e+01,2.2501e+01,2.3999e+00,4.3588e-02
1.4300e+03,5.4905e-01,1.2593e+01,2.2501e+01,2.4059e+00,4.3707e-02
1.4400e+03,5.4296e-01,1.2587e+01,2.2501e+01,2.4119e+00,4.3826e-02
1.4500e+03,5.3694e-01,1.2581e+01,2.2501e+01,2.4178e+00,4.3943e-02
1.4600e+03,5.3099e-01,1.2575e+01,2.2501e+01,2.4236e+00,4.4059e-02
1.4700e+03,5.2511e-01,1.2570e+01,2.2501e+01,2.4294e+00,4.4174e-02
1.4800e+03,5.1929e-01,1.2564e+01,2.2501e+01,2.4351e+00,4.4287e-02
1.4900e+03,5.1355e-01,1.2558e+01,2.2501e+01,2.4407e+00,4.4399e-02
1.5000e+03,5.0787e-01,1.2553e+01,2.2501e+01,2.4463e+00,4.4510e-02
1.5100e+03,5.0225e-01,1.2547e+01,2.2501e+01,2.4518e+00,4.4620e-02
1.5200e+03,4.9670e-01,1.2542e+01,2.2501e+01,2.4572e+00,4.4728e-02
1.5300e+03,4.9121e-01,1.2536e+01,2.2501e+01,2.4626e+00,4.4836e-02
1.5400e+03,4.8579e-01,1.2531e+01,2.2501e+01,2.4679e+00,4.4942e-02
1.5500e+03,4.8042e-01,1.2526e+01,2.2501e+01,2.4732e+00,4.5047e-02
1.5600e+03,4.7512e-01,1.2520e+01,2.2501e+01,2.4784e+00,4.5151e-02
1.5700e+03,4.6988e-01,1.2515e+01,2.2501e+01,2.4835e+00,4.5253e-02
1.5800e+03,4.6470e-01,1.2510e+01,2.2501e+01,2.4886e+00,4.5355e-02
1.5900e+03,4.5958e-01,1.2505e+01,2.2501e+01,2.4936e+00,4.5455e-02
1.6000e+03,4.5451e-01,1.2500e+01,2.2501e+01,2.4986e+00,4.5554e-02
1.6100e+03,4.4951e-01,1.2495e+01,2.2501e+01,2.5035e+00,4.5652e-02
1.6200e+03,4.4456e-01,1.2491e+01,2.2501e+01,2.5084e+00,4.5750e-02
1.6300e+03,4.3967e-01,1.2486e+01,2.2501e+01,2.5132e+00,4.5846e-02
1.6400e+03,4.3483e-01,1.2481e+01,2.2501e+01,2.5179e+00,4.5941e-02
1.6500e+03,4.3005e-01,1.2476e+01,2.2501e+01,2.5226e+00,4.6034e-02
1.6600e+03,4.2532e-01,1.2472e+01,2.2501e+01,2.5272e+00,4.6127e-02
1.6700e+03,4.2065e-01,1.2467e+01,2.2501e+01,2.5318e+00,4.6219e-02
1.6800e+03,4.1602e-01,1.2463e+01,2.2501e+01,2.5363e+00,4.6310e-02
1.6900e+03,4.1146e-01,1.2458e+01,2.2501e+01,2.5408e+00,4.6400e-02
1.7000e+03,4.0694e-01,1.2454e+01,2.2501e+01,2.5452e+00,4.6489e-02
1.7100e+03,4.0247e-01,1.2449e+01,2.2501e+01,2.5496e+00,4.6577e-02
1.7200e+03,3.9806e-01,1.2445e+01,2.2501e+01,2.5539e+00,4.6664e-02
1.7300e+03,3.9369e-01,1.2441e+01,2.2501e+01,2.5582e+00,4.6750e-02
1.7400e+03,3.8937e-01,1.2436e+01,2.2501e+01,2.5625e+00,4.6835e-02
1.7500e+03,3.8511e-01,1.2432e+01,2.2501e+01,2.5666e+00,4.6919e-02
1.7600e+03,3.8089e-01,1.2428e+01,2.2501e+01,2.5708e+00,4.7002e-02
1.7700e+03,3.7671e-01,1.2424e+01,2.2501e+01,2.5749e+00,4.7084e-02
1.7800e+03,3.7259e-01,1.2420e+01,2.2501e+01,2.5789e+00,4.7166e-02
1.7900e+03,3.6851e-01,1.2416e+01,2.2501e+01,2.5829e+00,4.7246e-02
1.8000e+03,3.6448e-01,1.2412e+01,2.2501e+01,2.5869e+00,4.7326e-02
1.8100e+03,3.6049e-01,1.2408e+01,2.2501e+01,2.5908e+00,4.7405e-02
1.8200e+03,3.5655e-01,1.2404e+01,2.2501e+01,2.5946e+00,4.7482e-02
1.8300e+03,3.5265e-01,1.2400e+01,2.2501e+01,2.5985e+00,4.7559e-02
1.8400e+03,3.4880e-01,1.2397e+01,2.2501e+01,2.6022e+00,4.7636e-02
1.8500e+03,3.4498e-01,1.2393e+01,2.2501e+01,2.6060e+00,4.7711e-02
1.8600e+03,3.4122e-01,1.2389e+01,2.2501e+01,2.6097e+00,4.7786e-02
1.8700e+03,3.3749e-01,1.2386e+01,2.2501e+01,2.6133e+00,4.7859e-02
1.8800e+03,3.3380e-01,1.2382e+01,2.2501e+01,2.6169e+00,4.7932e-02
1.8900e+03,3.3016e-01,1.2378e+01,2.2501e+01,2.6205e+00,4.8004e-02
1.9000e+03,3.2656e-01,1.2375e+01,2.2501e+01,2.6240e+00,4.8076e-02
1.9100e+03,3.2300e-01,1.2371e+01,2.2501e+01,2.6275e+00,4.8146e-02
1.9200e+03,3.1947e-01,1.2368e+01,2.2501e+01,2.6310e+00,4.8216e-02
1.9300e+03,3.1599e-01,1.2364e+01,2.2501e+01,2.6344e+00,4.8285e-02
1.9400e+03,3.1255e-01,1.2361e+01,2.2501e+01,2.6378e+00,4.8353e-02
1.9500e+03,3.0914e-01,1.2358e+01,2.2501e+01,2.6411e+00,4.8421e-02
1.9600e+03,3.0577e-01,1.2354e+01,2.2501e+01,2.6444e+00,4.8488e-02
1.9700e+03,3.0244e-01,1.2351e+01,2.2501e+01,2.6477e+00,4.8554e-02
1.9800e+03,2.9915e-01,1.2348e+01,2.2501e+01,2.6509e+00,4.8619e-02
1.9900e+03,2.9589e-01,1.2345e+01,2.2501e+01,2.6541e+00,4.8684e-02
2.0000e+03,2.9267e-01,1.2342e+01,2.2501e+01,2.6572e+00,4.8748e-02
2.0100e+03,2.8949e-01,1.2338e+01,2.2501e+01,2.6604e+00,4.8811e-02
2.0200e+03,2.8634e-01,1.2335e+01,2.2501e+01,2.6635e+00,4.8873e-02
2.0300e+03,2.8322e-01,1.2332e+01,2.2501e+01,2.6665e+00,4.8935e-02
2.0400e+03,2.8014e-01,1.2329e+01,2.2501e+01,2.6695e+00,4.8996e-02
2.0500e+03,2.7710e-01,1.2326e+01,2.2501e+01,2.6725e+00,4.9057e-02
2.0600e+03,2.7409e-01,1.2323e+01,2.2501e+01,2.6755e+00,4.9117e-02
2.0700e+03,2.7111e-01,1.2320e+01,2.2501e+01,2.6784e+00,4.9176e-02
2.0800e+03,2.6816e-01,1.2318e+01,2.2501e+01,2.6813e+00,4.9235e-02
2.0900e+03,2.6525e-01,1.2315e+01,2.2501e+01,2.6841e+00,4.9293e-02
2.1000e+03,2.6237e-01,1.2312e+01,2.2501e+01,2.6869e+00,4.9350e-02
2.1100e+03,2.5952e-01,1.2309e+01,2.2501e+01,2.6897e+00,4.9407e-02
2.1200e+03,2.5670e-01,1.2306e+01,2.2501e+01,2.6925e+00,4.9463e-02
2.1300e+03,2.5392e-01,1.2304e+01,2.2501e+01,2.6952e+00,4.9518e-02
2.1400e+03,2.5116e-01,1.2301e+01,2.2501e+01,2.6979e+00,4.9573e-02
2.1500e+03,2.4844e-01,1.2298e+01,2.2501e+01,2.7006e+00,4.9627e-02
2.1600e+03,2.4574e-01,1.2296e+01,2.2501e+01,2.7032e+00,4.9681e-02
2.1700e+03,2.4308e-01,1.2293e+01,2.2501e+01,2.7059e+00,4.9734e-02
2.1800e+03,2.4044e-01,1.2290e+01,2.2501e+01,2.7084e+00,4.9787e-02
2.1900e+03,2.3784e-01,1.2288e+01,2.2501e+01,2.7110e+00,4.9839e-02
2.2000e+03,2.3526e-01,1.2285e+01,2.2501e+01,2.7135e+00,4.9890e-02
2.2100e+03,2.3271e-01,1.2283e+01,2.2501e+01,2.7160e+00,4.9941e-02
2.2200e+03,2.3019e-01,1.2280e+01,2.2501e+01,2.7185e+00,4.9991e-02
2.2300e+03,2.2770e-01,1.2278e+01,2.2501e+01,2.7209e+00,5.0041e-02
2.2400e+03,2.2523e-01,1.2275e+01,2.2501e+01,2.7233e+00,5.0090e-02
2.2500e+03,2.2280e-01,1.2273e+01,2.2501e+01,2.7257e+00,5.0139e-02
2.2600e+03,2.2038e-01,1.2271e+01,2.2501e+01,2.7281e+00,5.0187e-02
2.2700e+03,2.1800e-01,1.2268e+01,2.2501e+01,2.7304e+00,5.0234e-02
2.2800e+03,2.1564e-01,1.2266e+01,2.2501e+01,2.7327e+00,5.0282e-02
2.2900e+03,2.1331e-01,1.2264e+01,2.2501e+01,2.7350e+00,5.0328e-02
2.3000e+03,2.1100e-01,1.2261e+01,2.2501e+01,2.7373e+00,5.0374e-02
2.3100e+03,2.0872e-01,1.2259e+01,2.2501e+01,2.7395e+00,5.0420e-02
2.3200e+03,2.0646e-01,1.2257e+01,2.2501e+01,2.7417e+00,5.0465e-02
2.3300e+03,2.0423e-01,1.2255e+01,2.2501e+01,2.7439e+00,5.0510e-02
2.3400e+03,2.0202e-01,1.2253e+01,2.2501e+01,2.7461e+00,5.0554e-02
2.3500e+03,1.9984e-01,1.2251e+01,2.2501e+01,2.7482e+00,5.0597e-02
2.3600e+03,1.9768e-01,1.2248e+01,2.2501e+01,2.7503e+00,5.0641e-02
2.3700e+03,1.9554e-01,1.2246e+01,2.2501e+01,2.7524e+00,5.0683e-02
2.3800e+03,1.9343e-01,1.2244e+01,2.2501e+01,2.7545e+00,5.0726e-02
2.3900e+03,1.9134e-01,1.2242e+01,2.2501e+01,2.7566e+00,5.0767e-02
2.4000e+03,1.8928e-01,1.2240e+01,2.2501e+01,2.7586e+00,5.0809e-02
2.4100e+03,1.8723e-01,1.2238e+01,2.2501e+01,2.7606e+00,5.0850e-02
2.4200e+03,1.8521e-01,1.2236e+01,2.2501e+01,2.7626e+00,5.0890e-02
2.4300e+03,1.8321e-01,1.2234e+01,2.2501e+01,2.7645e+00,5.0930e-02
2.4400e+03,1.8124e-01,1.2232e+01,2.2501e+01,2.7665e+00,5.0970e-02
2.4500e+03,1.7928e-01,1.2230e+01,2.2501e+01,2.7684e+00,5.1009e-02
2.4600e+03,1.7735e-01,1.2228e+01,2.2501e+01,2.7703e+00,5.1048e-02
2.4700e+03,1.7543e-01,1.2227e+01,2.2501e+01,2.7721e+00,5.1086e-02
2.4800e+03,1.7354e-01,1.2225e+01,2.2501e+01,2.7740e+00,5.1124e-02
2.4900e+03,1.7167e-01,1.2223e+01,2.2501e+01,2.7758e+00,5.1161e-02
2.5000e+03,1.6982e-01,1.2221e+01,2.2501e+01,2.7777e+00,5.1198e-02
2.5100e+03,1.6799e-01,1.2219e+01,2.2501e+01,2.7794e+00,5.1235e-02
2.5200e+03,1.6618e-01,1.2218e+01,2.2501e+01,2.7812e+00,5.1271e-02
2.5300e+03,1.6439e-01,1.2216e+01,2.2501e+01,2.7830e+00,5.1307e-02
2.5400e+03,1.6261e-01,1.2214e+01,2.2501e+01,2.7847e+00,5.1343e-02
2.5500e+03,1.6086e-01,1.2212e+01,2.2501e+01,2.7864e+00,5.1378e-02
2.5600e+03,1.5913e-01,1.2211e+01,2.2501e+01,2.7881e+00,5.1413e-02
2.5700e+03,1.5742e-01,1.2209e+01,2.2501e+01,2.7898e+00,5.1447e-02
2.5800e+03,1.5572e-01,1.2207e+01,2.2501e+01,2.7915e+00,5.1481e-02
2.5900e+03,1.5404e-01,1.2206e+01,2.2501e+01,2.7931e+00,5.1515e-02
2.6000e+03,1.5238e-01,1.2204e+01,2.2501e+01,2.7947e+00,5.1548e-02
2.6100e+03,1.5074e-01,1.2202e+01,2.2501e+01,2.7963e+00,5.1581e-02
2.6200e+03,1.4912e-01,1.2201e+01,2.2501e+01,2.7979e+00,5.1614e-02
2.6300e+03,1.4752e-01,1.2199e+01,2.2501e+01,2.7995e+00,5.1646e-02
2.6400e+03,1.4593e-01,1.2198e+01,2.2501e+01,2.8011e+00,5.1678e-02
2.6500e+03,1.4436e-01,1.2196e+01,2.2501e+01,2.8026e+00,5.1709e-02
2.6600e+03,1.4280e-01,1.2195e+01,2.2501e+01,2.8041e+00,5.1741e-02
2.6700e+03,1.4127e-01,1.2193e+01,2.2501e+01,2.8056e+00,5.1771e-02
2.6800e+03,1.3975e-01,1.2192e+01,2.2501e+01,2.8071e+00,5.1802e-02
2.6900e+03,1.3825e-01,1.2190e+01,2.2501e+01,2.8086e+00,5.1832e-02
2.7000e+03,1.3676e-01,1.2189e+01,2.2501e+01,2.8100e+00,5.1862e-02
2.7100e+03,1.3529e-01,1.2187e+01,2.2501e+01,2.8115e+00,5.1892e-02
2.7200e+03,1.3383e-01,1.2186e+01,2.2501e+01,2.8129e+00,5.1921e-02
2.7300e+03,1.3239e-01,1.2184e+01,2.2501e+01,2.8143e+00,5.1950e-02
2.7400e+03,1.3097e-01,1.2183e+01,2.2501e+01,2.8157e+00,5.1978e-02
2.7500e+03,1.2956e-01,1.2182e+01,2.2501e+01,2.8171e+00,5.2007e-02
2.7600e+03,1.2817e-01,1.2180e+01,2.2501e+01,2.8185e+00,5.2035e-02
2.7700e+03,1.2679e-01,1.2179e+01,2.2501e+01,2.8198e+00,5.2062e-02
2.7800e+03,1.2543e-01,1.2178e+01,2.2501e+01,2.8211e+00,5.2090e-02
2.7900e+03,1.2408e-01,1.2176e+01,2.2501e+01,2.8225e+00,5.2117e-02
2.8000e+03,1.2275e-01,1.2175e+01,2.2501e+01,2.8238e+00,5.2144e-02
2.8100e+03,1.2143e-01,1.2174e+01,2.2501e+01,2.8251e+00,5.2170e-02
2.8200e+03,1.2013e-01,1.2172e+01,2.2501e+01,2.8263e+00,5.2197e-02
2.8300e+03,1.1884e-01,1.2171e+01,2.2501e+01,2.8276e+00,5.2222e-02
2.8400e+03,1.1756e-01,1.2170e+01,2.2501e+01,2.8289e+00,5.2248e-02
2.8500e+03,1.1630e-01,1.2169e+01,2.2501e+01,2.8301e+00,5.2274e-02
2.8600e+03,1.1505e-01,1.2167e+01,2.2501e+01,2.8313e+00,5.2299e-02
2.8700e+03,1.1382e-01,1.2166e+01,2.2501e+01,2.8325e+00,5.2324e-02
2.8800e+03,1.1259e-01,1.2165e+01,2.2501e+01,2.8337e+00,5.2348e-02
2.8900e+03,1.1139e-01,1.2164e+01,2.2501e+01,2.8349e+00,5.2373e-02
2.9000e+03,1.1019e-01,1.2163e+01,2.2501e+01,2.8361e+00,5.2397e-02
2.9100e+03,1.0901e-01,1.2161e+01,2.2501e+01,2.8372e+00,5.2420e-02
2.9200e+03,1.0784e-01,1.2160e+01,2.2501e+01,2.8384e+00,5.2444e-02
2.9300e+03,1.0668e-01,1.2159e+01,2.2501e+01,2.8395e+00,5.2467e-02
2.9400e+03,1.0554e-01,1.2158e+01,2.2501e+01,2.8406e+00,5.2490e-02
2.9500e+03,1.0440e-01,1.2157e+01,2.2501e+01,2.8418e+00,5.2513e-02
2.9600e+03,1.0328e-01,1.2156e+01,2.2501e+01,2.8428e+00,5.2536e-02
2.9700e+03,1.0218e-01,1.2155e+01,2.2501e+01,2.8439e+00,5.2558e-02
2.9800e+03,1.0108e-01,1.2154e+01,2.2501e+01,2.8450e+00,5.2580e-02
2.9900e+03,9.9996e-02,1.2153e+01,2.2501e+01,2.8461e+00,5.2602e-02
3.0000e+03,9.8924e-02,1.2152e+01,2.2501e+01,2.8471e+00,5.2624e-02
3.0100e+03,9.7863e-02,1.2151e+01,2.2501e+01,2.8482e+00,5.2645e-02
3.0200e+03,9.6814e-02,1.2150e+01,2.2501e+01,2.8492e+00,5.2666e-02
3.0300e+03,9.5776e-02,1.2149e+01,2.2501e+01,2.8502e+00,5.2687e-02
3.0400e+03,9.4749e-02,1.2148e+01,2.2501e+01,2.8512e+00,5.2708e-02
3.0500e+03,9.3734e-02,1.2147e+01,2.2501e+01,2.8522e+00,5.2728e-02
3.0600e+03,9.2729e-02,1.2146e+01,2.2501e+01,2.8532e+00,5.2749e-02
3.0700e+03,9.1735e-02,1.2145e+01,2.2501e+01,2.8542e+00,5.2769e-02
3.0800e+03,9.0752e-02,1.2144e+01,2.2501e+01,2.8551e+00,5.2788e-02
3.0900e+03,8.9780e-02,1.2143e+01,2.2501e+01,2.8561e+00,5.2808e-02
3.1000e+03,8.8818e-02,1.2142e+01,2.2501e+01,2.8570e+00,5.2827e-02
3.1100e+03,8.7866e-02,1.2141e+01,2.2501e+01,2.8580e+00,5.2847e-02
3.1200e+03,8.6925e-02,1.2140e+01,2.2501e+01,2.8589e+00,5.2866e-02
3.1300e+03,8.5994e-02,1.2139e+01,2.2501e+01,2.8598e+00,5.2884e-02
3.1400e+03,8.5073e-02,1.2138e+01,2.2501e+01,2.8607e+00,5.2903e-02
3.1500e+03,8.4161e-02,1.2137e+01,2.2501e+01,2.8616e+00,5.2921e-02
3.1600e+03,8.3260e-02,1.2136e+01,2.2501e+01,2.8625e+00,5.2940e-02
3.1700e+03,8.2368e-02,1.2135e+01,2.2501e+01,2.8633e+00,5.2958e-02
3.1800e+03,8.1486e-02,1.2135e+01,2.2501e+01,2.8642e+00,5.2975e-02
3.1900e+03,8.0614e-02,1.2134e+01,2.2501e+01,2.8651e+00,5.2993e-02
3.2000e+03,7.9750e-02,1.2133e+01,2.2501e+01,2.8659e+00,5.3010e-02
3.2100e+03,7.8897e-02,1.2132e+01,2.2501e+01,2.8667e+00,5.3028e-02
3.2200e+03,7.8052e-02,1.2131e+01,2.2501e+01,2.8676e+00,5.3045e-02
3.2300e+03,7.7216e-02,1.2130e+01,2.2501e+01,2.8684e+00,5.3062e-02
3.2400e+03,7.6390e-02,1.2130e+01,2.2501e+01,2.8692e+00,5.3078e-02
3.2500e+03,7.5572e-02,1.2129e+01,2.2501e+01,2.8700e+00,5.3095e-02
3.2600e+03,7.4763e-02,1.2128e+01,2.2501e+01,2.8708e+00,5.3111e-02
3.2700e+03,7.3963e-02,1.2127e+01,2.2501e+01,2.8716e+00,5.3127e-02
3.2800e+03,7.3172e-02,1.2126e+01,2.2501e+01,2.8724e+00,5.3143e-02
3.2900e+03,7.2389e-02,1.2126e+01,2.2501e+01,2.8731e+00,5.3159e-02
3.3000e+03,7.1614e-02,1.2125e+01,2.2501e+01,2.8739e+00,5.3175e-02
3.3100e+03,7.0848e-02,1.2124e+01,2.2501e+01,2.8746e+00,5.3190e-02
3.3200e+03,7.0090e-02,1.2123e+01,2.2501e+01,2.8754e+00,5.3206e-02
3.3300e+03,6.9340e-02,1.2123e+01,2.2501e+01,2.8761e+00,5.3221e-02
3.3400e+03,6.8598e-02,1.2122e+01,2.2501e+01,2.8768e+00,5.3236e-02
3.3500e+03,6.7864e-02,1.2121e+01,2.2501e+01,2.8776e+00,5.3251e-02
3.3600e+03,6.7138e-02,1.2120e+01,2.2501e+01,2.8783e+00,5.3265e-02
3.3700e+03,6.6420e-02,1.2120e+01,2.2501e+01,2.8790e+00,5.3280e-02
3.3800e+03,6.5710e-02,1.2119e+01,2.2501e+01,2.8797e+00,5.3294e-02
3.3900e+03,6.5007e-02,1.2118e+01,2.2501e+01,2.8804e+00,5.3308e-02
3.4000e+03,6.4312e-02,1.2118e+01,2.2501e+01,2.8810e+00,5.3322e-02
3.4100e+03,6.3624e-02,1.2117e+01,2.2501e+01,2.8817e+00,5.3336e-02
3.4200e+03,6.2944e-02,1.2116e+01,2.2501e+01,2.8824e+00,5.3350e-02
3.4300e+03,6.2271e-02,1.2116e+01,2.2501e+01,2.8830e+00,5.3364e-02
3.4400e+03,6.1605e-02,1.2115e+01,2.2501e+01,2.8837e+00,5.3377e-02
3.4500e+03,6.0946e-02,1.2114e+01,2.2501e+01,2.8843e+00,5.3390e-02
3.4600e+03,6.0294e-02,1.2114e+01,2.2501e+01,2.8850e+00,5.3404e-02
3.4700e+03,5.9650e-02,1.2113e+01,2.2501e+01,2.8856e+00,5.3417e-02
3.4800e+03,5.9012e-02,1.2112e+01,2.2501e+01,2.8862e+00,5.3429e-02
3.4900e+03,5.8381e-02,1.2112e+01,2.2501e+01,2.8868e+00,5.3442e-02
3.5000e+03,5.7757e-02,1.2111e+01,2.2501e+01,2.8875e+00,5.3455e-02
3.5100e+03,5.7140e-02,1.2111e+01,2.2501e+01,2.8881e+00,5.3467e-02
3.5200e+03,5.6529e-02,1.2110e+01,2.2501e+01,2.8887e+00,5.3480e-02
3.5300e+03,5.5925e-02,1.2109e+01,2.2501e+01,2.8893e+00,5.3492e-02
3.5400e+03,5.5327e-02,1.2109e+01,2.2501e+01,2.8898e+00,5.3504e-02
3.5500e+03,5.4736e-02,1.2108e+01,2.2501e+01,2.8904e+00,5.3516e-02
3.5600e+03,5.4151e-02,1.2108e+01,2.2501e+01,2.8910e+00,5.3528e-02
3.5700e+03,5.3573e-02,1.2107e+01,2.2501e+01,2.8916e+00,5.3539e-02
3.5800e+03,5.3000e-02,1.2107e+01,2.2501e+01,2.8921e+00,5.3551e-02
3.5900e+03,5.2434e-02,1.2106e+01,2.2501e+01,2.8927e+00,5.3563e-02
3.6000e+03,5.1874e-02,1.2105e+01,2.2501e+01,2.8932e+00,5.3574e-02
3.6100e+03,5.1320e-02,1.2105e+01,2.2501e+01,2.8938e+00,5.3585e-02
3.6200e+03,5.0771e-02,1.2104e+01,2.2501e+01,2.8943e+00,5.3596e-02
3.6300e+03,5.0229e-02,1.2104e+01,2.2501e+01,2.8948e+00,5.3607e-02
3.6400e+03,4.9692e-02,1.2103e+01,2.2501e+01,2.8954e+00,5.3618e-02
3.6500e+03,4.9161e-02,1.2103e+01,2.2501e+01,2.8959e+00,5.3629e-02
3.6600e+03,4.8636e-02,1.2102e+01,2.2501e+01,2.8964e+00,5.3639e-02
3.6700e+03,4.8117e-02,1.2102e+01,2.2501e+01,2.8969e+00,5.3650e-02
3.6800e+03,4.7603e-02,1.2101e+01,2.2501e+01,2.8974e+00,5.3660e-02
3.6900e+03,4.7095e-02,1.2101e+01,2.2501e+01,2.8979e+00,5.3671e-02
3.7000e+03,4.6592e-02,1.2100e+01,2.2501e+01,2.8984e+00,5.3681e-02
3.7100e+03,4.6094e-02,1.2100e+01,2.2501e+01,2.8989e+00,5.3691e-02
3.7200e+03,4.5602e-02,1.2099e+01,2.2501e+01,2.8994e+00,5.3701e-02
3.7300e+03,4.5115e-02,1.2099e+01,2.2501e+01,2.8998e+00,5.3711e-02
3.7400e+03,4.4633e-02,1.2098e+01,2.2501e+01,2.9003e+00,5.3720e-02
3.7500e+03,4.4156e-02,1.2098e+01,2.2501e+01,2.9008e+00,5.3730e-02
3.7600e+03,4.3685e-02,1.2097e+01,2.2501e+01,2.9012e+00,5.3740e-02
3.7700e+03,4.3219e-02,1.2097e+01,2.2501e+01,2.9017e+00,5.3749e-02
3.7800e+03,4.2757e-02,1.2097e+01,2.2501e+01,2.9022e+00,5.3758e-02
3.7900e+03,4.2301e-02,1.2096e+01,2.2501e+01,2.9026e+00,5.3768e-02
3.8000e+03,4.1849e-02,1.2096e+01,2.2501e+01,2.9030e+00,5.3777e-02
3.8100e+03,4.1402e-02,1.2095e+01,2.2501e+01,2.9035e+00,5.3786e-02
3.8200e+03,4.0960e-02,1.2095e+01,2.2501e+01,2.9039e+00,5.3795e-02
3.8300e+03,4.0523e-02,1.2094e+01,2.2501e+01,2.9043e+00,5.3804e-02
3.8400e+03,4.0091e-02,1.2094e+01,2.2501e+01,2.9048e+00,5.3812e-02
3.8500e+03,3.9663e-02,1.2094e+01,2.2501e+01,2.9052e+00,5.3821e-02
3.8600e+03,3.9239e-02,1.2093e+01,2.2501e+01,2.9056e+00,5.3830e-02
3.8700e+03,3.8820e-02,1.2093e+01,2.2501e+01,2.9060e+00,5.3838e-02
3.8800e+03,3.8406e-02,1.2092e+01,2.2501e+01,2.9064e+00,5.3846e-02
3.8900e+03,3.7996e-02,1.2092e+01,2.2501e+01,2.9068e+00,5.3855e-02
3.9000e+03,3.7591e-02,1.2091e+01,2.2501e+01,2.9072e+00,5.3863e-02
3.9100e+03,3.7190e-02,1.2091e+01,2.2501e+01,2.9076e+00,5.3871e-02
3.9200e+03,3.6793e-02,1.2091e+01,2.2501e+01,2.9080e+00,5.3879e-02
3.9300e+03,3.6400e-02,1.2090e+01,2.2501e+01,2.9084e+00,5.3887e-02
3.9400e+03,3.6012e-02,1.2090e+01,2.2501e+01,2.9088e+00,5.3895e-02
3.9500e+03,3.5627e-02,1.2090e+01,2.2501e+01,2.9091e+00,5.3903e-02
3.9600e+03,3.5247e-02,1.2089e+01,2.2501e+01,2.9095e+00,5.3910e-02
3.9700e+03,3.4871e-02,1.2089e+01,2.2501e+01,2.9099e+00,5.3918e-02
3.9800e+03,3.4499e-02,1.2088e+01,2.2501e+01,2.9102e+00,5.3926e-02
3.9900e+03,3.4131e-02,1.2088e+01,2.2501e+01,2.9106e+00,5.3933e-02
4.0000e+03,3.3767e-02,1.2088e+01,2.2501e+01,2.9110e+00,5.3940e-02
4.0100e+03,3.3407e-02,1.2087e+01,2.2501e+01,2.9113e+00,5.3948e-02
4.0200e+03,3.3050e-02,1.2087e+01,2.2501e+01,2.9117e+00,5.3955e-02
4.0300e+03,3.2698e-02,1.2087e+01,2.2501e+01,2.9120e+00,5.3962e-02
4.0400e+03,3.2349e-02,1.2086e+01,2.2501e+01,2.9123e+00,5.3969e-02
4.0500e+03,3.2004e-02,1.2086e+01,2.2501e+01,2.9127e+00,5.3976e-02
4.0600e+03,3.1662e-02,1.2086e+01,2.2501e+01,2.9130e+00,5.3983e-02
4.0700e+03,3.1324e-02,1.2085e+01,2.2501e+01,2.9134e+00,5.3990e-02
4.0800e+03,3.0990e-02,1.2085e+01,2.2501e+01,2.9137e+00,5.3997e-02
4.0900e+03,3.0660e-02,1.2085e+01,2.2501e+01,2.9140e+00,5.4003e-02
4.1000e+03,3.0333e-02,1.2084e+01,2.2501e+01,2.9143e+00,5.4010e-02
4.1100e+03,3.0009e-02,1.2084e+01,2.2501e+01,2.9146e+00,5.4017e-02
4.1200e+03,2.9689e-02,1.2084e+01,2.2501e+01,2.9150e+00,5.4023e-02
4.1300e+03,2.9372e-02,1.2083e+01,2.2501e+01,2.9153e+00,5.4030e-02
4.1400e+03,2.9059e-02,1.2083e+01,2.2501e+01,2.9156e+00,5.4036e-02
4.1500e+03,2.8749e-02,1.2083e+01,2.2501e+01,2.9159e+00,5.4042e-02
4.1600e+03,2.8443e-02,1.2083e+01,2.2501e+01,2.9162e+00,5.4048e-02
4.1700e+03,2.8139e-02,1.2082e+01,2.2501e+01,2.9165e+00,5.4055e-02
4.1800e+03,2.7839e-02,1.2082e+01,2.2501e+01,2.9168e+00,5.4061e-02
4.1900e+03,2.7542e-02,1.2082e+01,2.2501e+01,2.9171e+00,5.4067e-02
4.2000e+03,2.7249e-02,1.2081e+01,2.2501e+01,2.9173e+00,5.4073e-02
4.2100e+03,2.6958e-02,1.2081e+01,2.2501e+01,2.9176e+00,5.4078e-02
4.2200e+03,2.6671e-02,1.2081e+01,2.2501e+01,2.9179e+00,5.4084e-02
4.2300e+03,2.6386e-02,1.2081e+01,2.2501e+01,2.9182e+00,5.4090e-02
4.2400e+03,2.6105e-02,1.2080e+01,2.2501e+01,2.9185e+00,5.4096e-02
4.2500e+03,2.5827e-02,1.2080e+01,2.2501e+01,2.9187e+00,5.4101e-02
4.2600e+03,2.5551e-02,1.2080e+01,2.2501e+01,2.9190e+00,5.4107e-02
4.2700e+03,2.5279e-02,1.2079e+01,2.2501e+01,2.9193e+00,5.4113e-02
4.2800e+03,2.5009e-02,1.2079e+01,2.2501e+01,2.9195e+00,5.4118e-02
4.2900e+03,2.4743e-02,1.2079e+01,2.2501e+01,2.9198e+00,5.4123e-02
4.3000e+03,2.4479e-02,1.2079e+01,2.2501e+01,2.9201e+00,5.4129e-02
4.3100e+03,2.4218e-02,1.2078e+01,2.2501e+01,2.9203e+00,5.4134e-02
4.3200e+03,2.3960e-02,1.2078e+01,2.2501e+01,2.9206e+00,5.4139e-02
4.3300e+03,2.3704e-02,1.2078e+01,2.2501e+01,2.9208e+00,5.4144e-02
4.3400e+03,2.3452e-02,1.2078e+01,2.2501e+01,2.9211e+00,5.4150e-02
4.3500e+03,2.3202e-02,1.2077e+01,2.2501e+01,2.9213e+00,5.4155e-02
4.3600e+03,2.2954e-02,1.2077e+01,2.2501e+01,2.9216e+00,5.4160e-02
4.3700e+03,2.2709e-02,1.2077e+01,2.2501e+01,2.9218e+00,5.4165e-02
4.3800e+03,2.2467e-02,1.2077e+01,2.2501e+01,2.9220e+00,5.4170e-02
4.3900e+03,2.2228e-02,1.2076e+01,2.2501e+01,2.9223e+00,5.4174e-02
4.4000e+03,2.1991e-02,1.2076e+01,2.2501e+01,2.9225e+00,5.4179e-02
4.4100e+03,2.1757e-02,1.2076e+01,2.2501e+01,2.9227e+00,5.4184e-02
4.4200e+03,2.1525e-02,1.2076e+01,2.2501e+01,2.9230e+00,5.4189e-02
4.4300e+03,2.1295e-02,1.2076e+01,2.2501e+01,2.9232e+00,5.4193e-02
4.4400e+03,2.1068e-02,1.2075e+01,2.2501e+01,2.9234e+00,5.4198e-02
4.4500e+03,2.0844e-02,1.2075e+01,2.2501e+01,2.9236e+00,5.4202e-02
4.4600e+03,2.0622e-02,1.2075e+01,2.2501e+01,2.9238e+00,5.4207e-02
4.4700e+03,2.0402e-02,1.2075e+01,2.2501e+01,2.9241e+00,5.4211e-02
4.4800e+03,2.0184e-02,1.2074e+01,2.2501e+01,2.9243e+00,5.4216e-02
4.4900e+03,1.9969e-02,1.2074e+01,2.2501e+01,2.9245e+00,5.4220e-02
4.5000e+03,1.9756e-02,1.2074e+01,2.2501e+01,2.9247e+00,5.4225e-02
4.5100e+03,1.9546e-02,1.2074e+01,2.2501e+01,2.9249e+00,5.4229e-02
4.5200e+03,1.9338e-02,1.2074e+01,2.2501e+01,2.9251e+00,5.4233e-02
4.5300e+03,1.9131e-02,1.2073e+01,2.2501e+01,2.9253e+00,5.4237e-02
4.5400e+03,1.8928e-02,1.2073e+01,2.2501e+01,2.9255e+00,5.4241e-02
4.5500e+03,1.8726e-02,1.2073e+01,2.2501e+01,2.9257e+00,5.4245e-02
4.5600e+03,1.8526e-02,1.2073e+01,2.2501e+01,2.9259e+00,5.4249e-02
4.5700e+03,1.8329e-02,1.2073e+01,2.2501e+01,2.9261e+00,5.4253e-02
4.5800e+03,1.8134e-02,1.2072e+01,2.2501e+01,2.9263e+00,5.4257e-02
4.5900e+03,1.7940e-02,1.2072e+01,2.2501e+01,2.9265e+00,5.4261e-02
4.6000e+03,1.7749e-02,1.2072e+01,2.2501e+01,2.9267e+00,5.4265e-02
4.6100e+03,1.7560e-02,1.2072e+01,2.2501e+01,2.9268e+00,5.4269e-02
4.6200e+03,1.7373e-02,1.2072e+01,2.2501e+01,2.9270e+00,5.4273e-02
4.6300e+03,1.7188e-02,1.2071e+01,2.2501e+01,2.9272e+00,5.4277e-02
4.6400e+03,1.7005e-02,1.2071e+01,2.2501e+01,2.9274e+00,5.4280e-02
4.6500e+03,1.6823e-02,1.2071e+01,2.2501e+01,2.9276e+00,5.4284e-02
4.6600e+03,1.6644e-02,1.2071e+01,2.2501e+01,2.9277e+00,5.4288e-02
4.6700e+03,1.6467e-02,1.2071e+01,2.2501e+01,2.9279e+00,5.4291e-02
4.6800e+03,1.6291e-02,1.2071e+01,2.2501e+01,2.9281e+00,5.4295e-02
4.6900e+03,1.6118e-02,1.2070e+01,2.2501e+01,2.9283e+00,5.4298e-02
4.7000e+03,1.5946e-02,1.2070e+01,2.2501e+01,2.9284e+00,5.4302e-02
4.7100e+03,1.5776e-02,1.2070e+01,2.2501e+01,2.9286e+00,5.4305e-02
4.7200e+03,1.5608e-02,1.2070e+01,2.2501e+01,2.9288e+00,5.4309e-02
4.7300e+03,1.5442e-02,1.2070e+01,2.2501e+01,2.9289e+00,5.4312e-02
4.7400e+03,1.5277e-02,1.2070e+01,2.2501e+01,2.9291e+00,5.4315e-02
4.7500e+03,1.5115e-02,1.2069e+01,2.2501e+01,2.9292e+00,5.4319e-02
4.7600e+03,1.4954e-02,1.2069e+01,2.2501e+01,2.9294e+00,5.4322e-02
4.7700e+03,1.4794e-02,1.2069e+01,2.2501e+01,2.9295e+00,5.4325e-02
4.7800e+03,1.4637e-02,1.2069e+01,2.2501e+01,2.9297e+00,5.4328e-02
4.7900e+03,1.4481e-02,1.2069e+01,2.2501e+01,2.9299e+00,5.4332e-02
4.8000e+03,1.4326e-02,1.2069e+01,2.2501e+01,2.9300e+00,5.4335e-02
4.8100e+03,1.4174e-02,1.2069e+01,2.2501e+01,2.9302e+00,5.4338e-02
4.8200e+03,1.4023e-02,1.2068e+01,2.2501e+01,2.9303e+00,5.4341e-02
4.8300e+03,1.3873e-02,1.2068e+01,2.2501e+01,2.9304e+00,5.4344e-02
4.8400e+03,1.3726e-02,1.2068e+01,2.2501e+01,2.9306e+00,5.4347e-02
4.8500e+03,1.3579e-02,1.2068e+01,2.2501e+01,2.9307e+00,5.4350e-02
4.8600e+03,1.3435e-02,1.2068e+01,2.2501e+01,2.9309e+00,5.4353e-02
4.8700e+03,1.3292e-02,1.2068e+01,2.2501e+01,2.9310e+00,5.4356e-02
4.8800e+03,1.3150e-02,1.2068e+01,2.2501e+01,2.9312e+00,5.4359e-02
4.8900e+03,1.3010e-02,1.2067e+01,2.2501e+01,2.9313e+00,5.4361e-02
4.9000e+03,1.2871e-02,1.2067e+01,2.2501e+01,2.9314e+00,5.4364e-02
4.9100e+03,1.2734e-02,1.2067e+01,2.2501e+01,2.9316e+00,5.4367e-02
4.9200e+03,1.2599e-02,1.2067e+01,2.2501e+01,2.9317e+00,5.4370e-02
4.9300e+03,1.2465e-02,1.2067e+01,2.2501e+01,2.9318e+00,5.4372e-02
4.9400e+03,1.2332e-02,1.2067e+01,2.2501e+01,2.9320e+00,5.4375e-02
4.9500e+03,1.2200e-02,1.2067e+01,2.2501e+01,2.9321e+00,5.4378e-02
4.9600e+03,1.2070e-02,1.2066e+01,2.2501e+01,2.9322e+00,5.4380e-02
4.9700e+03,1.1942e-02,1.2066e+01,2.2501e+01,2.9323e+00,5.4383e-02
4.9800e+03,1.1815e-02,1.2066e+01,2.2501e+01,2.9325e+00,5.4386e-02
4.9900e+03,1.1689e-02,1.2066e+01,2.2501e+01,2.9326e+00,5.4388e-02
5.0000e+03,1.1564e-02,1.2066e+01,2.2501e+01,2.9327e+00,5.4391e-02
5.0100e+03,1.1441e-02,1.2066e+01,2.2501e+01,2.9328e+00,5.4393e-02
5.0200e+03,1.1319e-02,1.2066e+01,2.2501e+01,2.9330e+00,5.4396e-02
5.0300e+03,1.1199e-02,1.2066e+01,2.2501e+01,2.9331e+00,5.4398e-02
5.0400e+03,1.1080e-02,1.2066e+01,2.2501e+01,2.9332e+00,5.4401e-02
5.0500e+03,1.0962e-02,1.2065e+01,2.2501e+01,2.9333e+00,5.4403e-02
5.0600e+03,1.0845e-02,1.2065e+01,2.2501e+01,2.9334e+00,5.4405e-02
5.0700e+03,1.0729e-02,1.2065e+01,2.2501e+01,2.9335e+00,5.4408e-02
5.0800e+03,1.0615e-02,1.2065e+01,2.2501e+01,2.9336e+00,5.4410e-02
5.0900e+03,1.0502e-02,1.2065e+01,2.2501e+01,2.9338e+00,5.4412e-02
5.1000e+03,1.0390e-02,1.2065e+01,2.2501e+01,2.9339e+00,5.4415e-02
5.1100e+03,1.0279e-02,1.2065e+01,2.2501e+01,2.9340e+00,5.4417e-02
5.1200e+03,1.0170e-02,1.2065e+01,2.2501e+01,2.9341e+00,5.4419e-02
5.1300e+03,1.0062e-02,1.2065e+01,2.2501e+01,2.9342e+00,5.4421e-02
5.1400e+03,9.9545e-03,1.2064e+01,2.2501e+01,2.9343e+00,5.4423e-02
5.1500e+03,9.8485e-03,1.2064e+01,2.2501e+01,2.9344e+00,5.4426e-02
5.1600e+03,9.7436e-03,1.2064e+01,2.2501e+01,2.9345e+00,5.4428e-02
5.1700e+03,9.6399e-03,1.2064e+01,2.2501e+01,2.9346e+00,5.4430e-02
5.1800e+03,9.5372e-03,1.2064e+01,2.2501e+01,2.9347e+00,5.4432e-02
5.1900e+03,9.4357e-03,1.2064e+01,2.2501e+01,2.9348e+00,5.4434e-02
5.2000e+03,9.3352e-03,1.2064e+01,2.2501e+01,2.9349e+00,5.4436e-02
5.2100e+03,9.2358e-03,1.2064e+01,2.2501e+01,2.9350e+00,5.4438e-02
5.2200e+03,9.1374e-03,1.2064e+01,2.2501e+01,2.9351e+00,5.4440e-02
5.2300e+03,9.0401e-03,1.2064e+01,2.2501e+01,2.9352e+00,5.4442e-02
5.2400e+03,8.9439e-03,1.2063e+01,2.2501e+01,2.9353e+00,5.4444e-02
5.2500e+03,8.8486e-03,1.2063e+01,2.2501e+01,2.9354e+00,5.4446e-02
5.2600e+03,8.7544e-03,1.2063e+01,2.2501e+01,2.9355e+00,5.4448e-02
5.2700e+03,8.6612e-03,1.2063e+01,2.2501e+01,2.9356e+00,5.4450e-02
5.2800e+03,8.5689e-03,1.2063e+01,2.2501e+01,2.9356e+00,5.4452e-02
5.2900e+03,8.4777e-03,1.2063e+01,2.2501e+01,2.9357e+00,5.4453e-02
5.3000e+03,8.3874e-03,1.2063e+01,2.2501e+01,2.9358e+00,5.4455e-02
5.3100e+03,8.2981e-03,1.2063e+01,2.2501e+01,2.9359e+00,5.4457e-02
5.3200e+03,8.2098e-03,1.2063e+01,2.2501e+01,2.9360e+00,5.4459e-02
5.3300e+03,8.1223e-03,1.2063e+01,2.2501e+01,2.9361e+00,5.4461e-02
5.3400e+03,8.0359e-03,1.2063e+01,2.2501e+01,2.9362e+00,5.4462e-02
5.3500e+03,7.9503e-03,1.2062e+01,2.2501e+01,2.9363e+00,5.4464e-02
5.3600e+03,7.8656e-03,1.2062e+01,2.2501e+01,2.9363e+00,5.4466e-02
5.3700e+03,7.7819e-03,1.2062e+01,2.2501e+01,2.9364e+00,5.4468e-02
5.3800e+03,7.6990e-03,1.2062e+01,2.2501e+01,2.9365e+00,5.4469e-02
5.3900e+03,7.6171e-03,1.2062e+01,2.2501e+01,2.9366e+00,5.4471e-02
5.4000e+03,7.5360e-03,1.2062e+01,2.2501e+01,2.9367e+00,5.4473e-02
5.4100e+03,7.4557e-03,1.2062e+01,2.2501e+01,2.9367e+00,5.4474e-02
5.4200e+03,7.3763e-03,1.2062e+01,2.2501e+01,2.9368e+00,5.4476e-02
5.4300e+03,7.2978e-03,1.2062e+01,2.2501e+01,2.9369e+00,5.4477e-02
5.4400e+03,7.2201e-03,1.2062e+01,2.2501e+01,2.9370e+00,5.4479e-02
5.4500e+03,7.1432e-03,1.2062e+01,2.2501e+01,2.9370e+00,5.4481e-02
5.4600e+03,7.0672e-03,1.2062e+01,2.2501e+01,2.9371e+00,5.4482e-02
5.4700e+03,6.9919e-03,1.2062e+01,2.2501e+01,2.9372e+00,5.4484e-02
5.4800e+03,6.9175e-03,1.2061e+01,2.2501e+01,2.9373e+00,5.4485e-02
5.4900e+03,6.8438e-03,1.2061e+01,2.2501e+01,2.9373e+00,5.4487e-02
5.5000e+03,6.7710e-03,1.2061e+01,2.2501e+01,2.9374e+00,5.4488e-02
5.5100e+03,6.6989e-03,1.2061e+01,2.2501e+01,2.9375e+00,5.4490e-02
5.5200e+03,6.6276e-03,1.2061e+01,2.2501e+01,2.9375e+00,5.4491e-02
5.5300e+03,6.5570e-03,1.2061e+01,2.2501e+01,2.9376e+00,5.4492e-02
5.5400e+03,6.4872e-03,1.2061e+01,2.2501e+01,2.9377e+00,5.4494e-02
5.5500e+03,6.4181e-03,1.2061e+01,2.2501e+01,2.9378e+00,5.4495e-02
5.5600e+03,6.3498e-03,1.2061e+01,2.2501e+01,2.9378e+00,5.4497e-02
5.5700e+03,6.2822e-03,1.2061e+01,2.2501e+01,2.9379e+00,5.4498e-02
5.5800e+03,6.2153e-03,1.2061e+01,2.2501e+01,2.9380e+00,5.4499e-02
5.5900e+03,6.1491e-03,1.2061e+01,2.2501e+01,2.9380e+00,5.4501e-02
5.6000e+03,6.0837e-03,1.2061e+01,2.2501e+01,2.9381e+00,5.4502e-02
5.6100e+03,6.0189e-03,1.2061e+01,2.2501e+01,2.9381e+00,5.4503e-02
5.6200e+03,5.9548e-03,1.2060e+01,2.2501e+01,2.9382e+00,5.4505e-02
5.6300e+03,5.8914e-03,1.2060e+01,2.2501e+01,2.9383e+00,5.4506e-02
5.6400e+03,5.8287e-03,1.2060e+01,2.2501e+01,2.9383e+00,5.4507e-02
5.6500e+03,5.7667e-03,1.2060e+01,2.2501e+01,2.9384e+00,5.4508e-02
5.6600e+03,5.7053e-03,1.2060e+01,2.2501e+01,2.9385e+00,5.4510e-02
5.6700e+03,5.6445e-03,1.2060e+01,2.2501e+01,2.9385e+00,5.4511e-02
5.6800e+03,5.5844e-03,1.2060e+01,2.2501e+01,2.9386e+00,5.4512e-02
5.6900e+03,5.5250e-03,1.2060e+01,2.2501e+01,2.9386e+00,5.4513e-02
5.7000e+03,5.4662e-03,1.2060e+01,2.2501e+01,2.9387e+00,5.4515e-02
5.7100e+03,5.4080e-03,1.2060e+01,2.2501e+01,2.9387e+00,5.4516e-02
5.7200e+03,5.3504e-03,1.2060e+01,2.2501e+01,2.9388e+00,5.4517e-02
5.7300e+03,5.2934e-03,1.2060e+01,2.2501e+01,2.9389e+00,5.4518e-02
5.7400e+03,5.2371e-03,1.2060e+01,2.2501e+01,2.9389e+00,5.4519e-02
5.7500e+03,5.1813e-03,1.2060e+01,2.2501e+01,2.9390e+00,5.4520e-02
5.7600e+03,5.1262e-03,1.2060e+01,2.2501e+01,2.9390e+00,5.4521e-02
5.7700e+03,5.0716e-03,1.2060e+01,2.2501e+01,2.9391e+00,5.4523e-02
5.7800e+03,5.0176e-03,1.2060e+01,2.2501e+01,2.9391e+00,5.4524e-02
5.7900e+03,4.9642e-03,1.2060e+01,2.2501e+01,2.9392e+00,5.4525e-02
5.8000e+03,4.9114e-03,1.2059e+01,2.2501e+01,2.9392e+00,5.4526e-02
5.8100e+03,4.8591e-03,1.2059e+01,2.2501e+01,2.9393e+00,5.4527e-02
5.8200e+03,4.8074e-03,1.2059e+01,2.2501e+01,2.9393e+00,5.4528e-02
