t,[L2M],[D],[L],[L2MD],[L2Ms]
0.0000e+00,3.0000e+00,1.2000e+01,1.5000e+01,0.0000e+00,0.0000e+00
1.0000e+01,2.9512e+00,1.1954e+01,1.5002e+01,4.5847e-02,9.5697e-04
2.0000e+01,2.9052e+00,1.1909e+01,1.5002e+01,9.0930e-02,1.9016e-03
3.0000e+01,2.8600e+00,1.1865e+01,1.5002e+01,1.3515e-01,2.8316e-03
4.0000e+01,2.8157e+00,1.1821e+01,1.5002e+01,1.7853e-01,3.7473e-03
5.0000e+01,2.7723e+00,1.1779e+01,1.5002e+01,2.2109e-01,4.6490e-03
6.0000e+01,2.7296e+00,1.1737e+01,1.5002e+01,2.6284e-01,5.5368e-03
7.0000e+01,2.6878e+00,1.1696e+01,1.5002e+01,3.0382e-01,6.4111e-03
8.0000e+01,2.6467e+00,1.1656e+01,1.5002e+01,3.4403e-01,7.2721e-03
9.0000e+01,2.6064e+00,1.1616e+01,1.5002e+01,3.8350e-01,8.1201e-03
1.0000e+02,2.5668e+00,1.1577e+01,1.5002e+01,4.2224e-01,8.9552e-03
1.1000e+02,2.5280e+00,1.1539e+01,1.5002e+01,4.6027e-01,9.7778e-03
1.2000e+02,2.4898e+00,1.1502e+01,1.5002e+01,4.9761e-01,1.0588e-02
1.3000e+02,2.4523e+00,1.1465e+01,1.5002e+01,5.3427e-01,1.1386e-02
1.4000e+02,2.4156e+00,1.1429e+01,1.5002e+01,5.7026e-01,1.2172e-02
1.5000e+02,2.3794e+00,1.1394e+01,1.5002e+01,6.0562e-01,1.2947e-02
1.6000e+02,2.3440e+00,1.1359e+01,1.5002e+01,6.4034e-01,1.3710e-02
1.7000e+02,2.3091e+00,1.1325e+01,1.5002e+01,6.7444e-01,1.4461e-02
1.8000e+02,2.2749e+00,1.1292e+01,1.5002e+01,7.0794e-01,1.5202e-02
1.9000e+02,2.2412e+00,1.1259e+01,1.5002e+01,7.4085e-01,1.5932e-02
2.0000e+02,2.2082e+00,1.1226e+01,1.5002e+01,7.7318e-01,1.6651e-02
2.1000e+02,2.1757e+00,1.1194e+01,1.5002e+01,8.0495e-01,1.7359e-02
2.2000e+02,2.1438e+00,1.1163e+01,1.5002e+01,8.3616e-01,1.8057e-02
2.3000e+02,2.1124e+00,1.1133e+01,1.5002e+01,8.6684e-01,1.8745e-02
2.4000e+02,2.0816e+00,1.1102e+01,1.5002e+01,8.9698e-01,1.9423e-02
2.5000e+02,2.0513e+00,1.1073e+01,1.5002e+01,9.2661e-01,2.0091e-02
2.6000e+02,2.0215e+00,1.1044e+01,1.5002e+01,9.5574e-01,2.0749e-02
2.7000e+02,1.9922e+00,1.1015e+01,1.5002e+01,9.8437e-01,2.1398e-02
2.8000e+02,1.9635e+00,1.0987e+01,1.5002e+01,1.0125e+00,2.2038e-02
2.9000e+02,1.9352e+00,1.0959e+01,1.5002e+01,1.0402e+00,2.2668e-02
3.0000e+02,1.9073e+00,1.0932e+01,1.5002e+01,1.0674e+00,2.3290e-02
3.1000e+02,1.8800e+00,1.0905e+01,1.5002e+01,1.0941e+00,2.3902e-02
3.2000e+02,1.8531e+00,1.0879e+01,1.5002e+01,1.1204e+00,2.4506e-02
3.3000e+02,1.8266e+00,1.0853e+01,1.5002e+01,1.1463e+00,2.5101e-02
3.4000e+02,1.8006e+00,1.0827e+01,1.5002e+01,1.1717e+00,2.5688e-02
3.5000e+02,1.7750e+00,1.0802e+01,1.5002e+01,1.1968e+00,2.6266e-02
3.6000e+02,1.7498e+00,1.0778e+01,1.5002e+01,1.2214e+00,2.6836e-02
3.7000e+02,1.7250e+00,1.0754e+01,1.5002e+01,1.2456e+00,2.7399e-02
3.8000e+02,1.7006e+00,1.0730e+01,1.5002e+01,1.2694e+00,2.7953e-02
3.9000e+02,1.6767e+00,1.0706e+01,1.5002e+01,1.2928e+00,2.8499e-02
4.0000e+02,1.6531e+00,1.0683e+01,1.5002e+01,1.3159e+00,2.9038e-02
4.1000e+02,1.6299e+00,1.0661e+01,1.5002e+01,1.3386e+00,2.9569e-02
4.2000e+02,1.6070e+00,1.0638e+01,1.5002e+01,1.3609e+00,3.0093e-02
4.3000e+02,1.5846e+00,1.0616e+01,1.5002e+01,1.3828e+00,3.0610e-02
4.4000e+02,1.5624e+00,1.0595e+01,1.5002e+01,1.4044e+00,3.1119e-02
4.5000e+02,1.5407e+00,1.0573e+01,1.5002e+01,1.4257e+00,3.1621e-02
4.6000e+02,1.5193e+00,1.0552e+01,1.5002e+01,1.4466e+00,3.2117e-02
4.7000e+02,1.4982e+00,1.0532e+01,1.5002e+01,1.4672e+00,3.2605e-02
4.8000e+02,1.4774e+00,1.0511e+01,1.5002e+01,1.4875e+00,3.3087e-02
4.9000e+02,1.4570e+00,1.0492e+01,1.5002e+01,1.5075e+00,3.3562e-02
5.0000e+02,1.4369e+00,1.0472e+01,1.5002e+01,1.5271e+00,3.4031e-02
5.1000e+02,1.4171e+00,1.0453e+01,1.5002e+01,1.5464e+00,3.4493e-02
5.2000e+02,1.3976e+00,1.0433e+01,1.5002e+01,1.5655e+00,3.4948e-02
5.3000e+02,1.3784e+00,1.0415e+01,1.5002e+01,1.5842e+00,3.5398e-02
5.4000e+02,1.3595e+00,1.0396e+01,1.5002e+01,1.6027e+00,3.5841e-02
5.5000e+02,1.3409e+00,1.0378e+01,1.5002e+01,1.6208e+00,3.6279e-02
5.6000e+02,1.3226e+00,1.0360e+01,1.5002e+01,1.6387e+00,3.6710e-02
5.7000e+02,1.3045e+00,1.0343e+01,1.5002e+01,1.6564e+00,3.7135e-02
5.8000e+02,1.2867e+00,1.0325e+01,1.5002e+01,1.6737e+00,3.7555e-02
5.9000e+02,1.2692e+00,1.0308e+01,1.5002e+01,1.6908e+00,3.7969e-02
6.0000e+02,1.2520e+00,1.0291e+01,1.5002e+01,1.7076e+00,3.8377e-02
6.1000e+02,1.2350e+00,1.0275e+01,1.5002e+01,1.7242e+00,3.8780e-02
6.2000e+02,1.2183e+00,1.0258e+01,1.5002e+01,1.7405e+00,3.9178e-02
6.3000e+02,1.2019e+00,1.0242e+01,1.5002e+01,1.7566e+00,3.9570e-02
6.4000e+02,1.1856e+00,1.0226e+01,1.5002e+01,1.7724e+00,3.9957e-02
6.5000e+02,1.1697e+00,1.0211e+01,1.5002e+01,1.7880e+00,4.0338e-02
6.6000e+02,1.1539e+00,1.0195e+01,1.5002e+01,1.8034e+00,4.0715e-02
6.7000e+02,1.1384e+00,1.0180e+01,1.5002e+01,1.8185e+00,4.1086e-02
6.8000e+02,1.1231e+00,1.0165e+01,1.5002e+01,1.8334e+00,4.1453e-02
6.9000e+02,1.1081e+00,1.0151e+01,1.5002e+01,1.8481e+00,4.1814e-02
7.0000e+02,1.0932e+00,1.0136e+01,1.5002e+01,1.8626e+00,4.2171e-02
7.1000e+02,1.0786e+00,1.0122e+01,1.5002e+01,1.8768e+00,4.2523e-02
7.2000e+02,1.0642e+00,1.0108e+01,1.5002e+01,1.8909e+00,4.2870e-02
7.3000e+02,1.0500e+00,1.0094e+01,1.5002e+01,1.9047e+00,4.3213e-02
7.4000e+02,1.0361e+00,1.0080e+01,1.5002e+01,1.9184e+00,4.3551e-02
7.5000e+02,1.0223e+00,1.0067e+01,1.5002e+01,1.9318e+00,4.3884e-02
7.6000e+02,1.0087e+00,1.0054e+01,1.5002e+01,1.9451e+00,4.4214e-02
7.7000e+02,9.9534e-01,1.0041e+01,1.5002e+01,1.9581e+00,4.4538e-02
7.8000e+02,9.8215e-01,1.0028e+01,1.5002e+01,1.9710e+00,4.4859e-02
7.9000e+02,9.6916e-01,1.0015e+01,1.5002e+01,1.9837e+00,4.5175e-02
8.0000e+02,9.5635e-01,1.0002e+01,1.5002e+01,1.9962e+00,4.5487e-02
8.1000e+02,9.4372e-01,9.9902e+00,1.5002e+01,2.0085e+00,4.5795e-02
8.2000e+02,9.3128e-01,9.9780e+00,1.5002e+01,2.0206e+00,4.6099e-02
8.3000e+02,9.1902e-01,9.9660e+00,1.5002e+01,2.0326e+00,4.6399e-02
8.4000e+02,9.0693e-01,9.9542e+00,1.5002e+01,2.0444e+00,4.6695e-02
8.5000e+02,8.9501e-01,9.9426e+00,1.5002e+01,2.0560e+00,4.6988e-02
8.6000e+02,8.8326e-01,9.9311e+00,1.5002e+01,2.0675e+00,4.7276e-02
8.7000e+02,8.7168e-01,9.9198e+00,1.5002e+01,2.0788e+00,4.7560e-02
8.8000e+02,8.6026e-01,9.9087e+00,1.5002e+01,2.0899e+00,4.7841e-02
8.9000e+02,8.4900e-01,9.8977e+00,1.5002e+01,2.1009e+00,4.8118e-02
9.0000e+02,8.3791e-01,9.8869e+00,1.5002e+01,2.1117e+00,4.8392e-02
9.1000e+02,8.2697e-01,9.8762e+00,1.5002e+01,2.1224e+00,4.8662e-02
9.2000e+02,8.1618e-01,9.8657e+00,1.5002e+01,2.1329e+00,4.8928e-02
9.3000e+02,8.0554e-01,9.8553e+00,1.5002e+01,2.1433e+00,4.9191e-02
9.4000e+02,7.9506e-01,9.8451e+00,1.5002e+01,2.1535e+00,4.9451e-02
9.5000e+02,7.8472e-01,9.8350e+00,1.5002e+01,2.1636e+00,4.9707e-02
9.6000e+02,7.7452e-01,9.8250e+00,1.5002e+01,2.1735e+00,4.9960e-02
9.7000e+02,7.6447e-01,9.8152e+00,1.5002e+01,2.1833e+00,5.0210e-02
9.8000e+02,7.5455e-01,9.8055e+00,1.5002e+01,2.1930e+00,5.0456e-02
9.9000e+02,7.4478e-01,9.7960e+00,1.5002e+01,2.2025e+00,5.0699e-02
1.0000e+03,7.3514e-01,9.7866e+00,1.5002e+01,2.2119e+00,5.0939e-02
1.0100e+03,7.2563e-01,9.7773e+00,1.5002e+01,2.2212e+00,5.1176e-02
1.0200e+03,7.1625e-01,9.7682e+00,1.5002e+01,2.2303e+00,5.1410e-02
1.0300e+03,7.0700e-01,9.7591e+00,1.5002e+01,2.2394e+00,5.1641e-02
1.0400e+03,6.9788e-01,9.7502e+00,1.5002e+01,2.2482e+00,5.1869e-02
1.0500e+03,6.8889e-01,9.7415e+00,1.5002e+01,2.2570e+00,5.2094e-02
1.0600e+03,6.8002e-01,9.7328e+00,1.5002e+01,2.2657e+00,5.2316e-02
1.0700e+03,6.7127e-01,9.7243e+00,1.5002e+01,2.2742e+00,5.2535e-02
1.0800e+03,6.6264e-01,9.7159e+00,1.5002e+01,2.2826e+00,5.2751e-02
1.0900e+03,6.5413e-01,9.7076e+00,1.5002e+01,2.2909e+00,5.2965e-02
1.1000e+03,6.4573e-01,9.6994e+00,1.5002e+01,2.2991e+00,5.3176e-02
1.1100e+03,6.3745e-01,9.6913e+00,1.5002e+01,2.3072e+00,5.3384e-02
1.1200e+03,6.2928e-01,9.6833e+00,1.5002e+01,2.3151e+00,5.3590e-02
1.1300e+03,6.2122e-01,9.6755e+00,1.5002e+01,2.3230e+00,5.3792e-02
1.1400e+03,6.1327e-01,9.6677e+00,1.5002e+01,2.3307e+00,5.3993e-02
1.1500e+03,6.0543e-01,9.6601e+00,1.5002e+01,2.3384e+00,5.4190e-02
1.1600e+03,5.9770e-01,9.6525e+00,1.5002e+01,2.3459e+00,5.4386e-02
1.1700e+03,5.9007e-01,9.6451e+00,1.5002e+01,2.3534e+00,5.4578e-02
1.1800e+03,5.8254e-01,9.6377e+00,1.5002e+01,2.3607e+00,5.4769e-02
1.1900e+03,5.7511e-01,9.6305e+00,1.5002e+01,2.3679e+00,5.4956e-02
1.2000e+03,5.6779e-01,9.6233e+00,1.5002e+01,2.3751e+00,5.5142e-02
1.2100e+03,5.6056e-01,9.6163e+00,1.5002e+01,2.3821e+00,5.5325e-02
1.2200e+03,5.5343e-01,9.6093e+00,1.5002e+01,2.3891e+00,5.5506e-02
1.2300e+03,5.4639e-01,9.6025e+00,1.5002e+01,2.3959e+00,5.5684e-02
1.2400e+03,5.3945e-01,9.5957e+00,1.5002e+01,2.4027e+00,5.5860e-02
1.2500e+03,5.3260e-01,9.5890e+00,1.5002e+01,2.4094e+00,5.6034e-02
1.2600e+03,5.2584e-01,9.5824e+00,1.5002e+01,2.4160e+00,5.6206e-02
1.2700e+03,5.1917e-01,9.5759e+00,1.5002e+01,2.4225e+00,5.6376e-02
1.2800e+03,5.1259e-01,9.5695e+00,1.5002e+01,2.4289e+00,5.6543e-02
1.2900e+03,5.0610e-01,9.5632e+00,1.5002e+01,2.4352e+00,5.6709e-02
1.3000e+03,4.9970e-01,9.5569e+00,1.5002e+01,2.4414e+00,5.6872e-02
1.3100e+03,4.9338e-01,9.5508e+00,1.5002e+01,2.4476e+00,5.7033e-02
1.3200e+03,4.8714e-01,9.5447e+00,1.5002e+01,2.4537e+00,5.7192e-02
1.3300e+03,4.8099e-01,9.5387e+00,1.5002e+01,2.4597e+00,5.7349e-02
1.3400e+03,4.7491e-01,9.5328e+00,1.5002e+01,2.4656e+00,5.7504e-02
1.3500e+03,4.6892e-01,9.5269e+00,1.5002e+01,2.4714e+00,5.7658e-02
1.3600e+03,4.6301e-01,9.5212e+00,1.5002e+01,2.4772e+00,5.7809e-02
1.3700e+03,4.5717e-01,9.5155e+00,1.5002e+01,2.4829e+00,5.7958e-02
1.3800e+03,4.5141e-01,9.5098e+00,1.5002e+01,2.4885e+00,5.8106e-02
1.3900e+03,4.4573e-01,9.5043e+00,1.5002e+01,2.4940e+00,5.8251e-02
1.4000e+03,4.4012e-01,9.4988e+00,1.5002e+01,2.4995e+00,5.8395e-02
1.4100e+03,4.3458e-01,9.4934e+00,1.5002e+01,2.5049e+00,5.8537e-02
1.4200e+03,4.2912e-01,9.4881e+00,1.5002e+01,2.5102e+00,5.8677e-02
1.4300e+03,4.2373e-01,9.4829e+00,1.5002e+01,2.5155e+00,5.8816e-02
1.4400e+03,4.1841e-01,9.4777e+00,1.5002e+01,2.5206e+00,5.8952e-02
1.4500e+03,4.1316e-01,9.4726e+00,1.5002e+01,2.5258e+00,5.9087e-02
1.4600e+03,4.0798e-01,9.4675e+00,1.5002e+01,2.5308e+00,5.9221e-02
1.4700e+03,4.0286e-01,9.4625e+00,1.5002e+01,2.5358e+00,5.9352e-02
1.4800e+03,3.9781e-01,9.4576e+00,1.5002e+01,2.5407e+00,5.9482e-02
1.4900e+03,3.9283e-01,9.4527e+00,1.5002e+01,2.5456e+00,5.9611e-02
1.5000e+03,3.8791e-01,9.4479e+00,1.5002e+01,2.5504e+00,5.9737e-02
1.5100e+03,3.8306e-01,9.4432e+00,1.5002e+01,2.5551e+00,5.9863e-02
1.5200e+03,3.7827e-01,9.4385e+00,1.5002e+01,2.5597e+00,5.9986e-02
1.5300e+03,3.7354e-01,9.4339e+00,1.5002e+01,2.5644e+00,6.0108e-02
1.5400e+03,3.6887e-01,9.4294e+00,1.5002e+01,2.5689e+00,6.0229e-02
1.5500e+03,3.6426e-01,9.4249e+00,1.5002e+01,2.5734e+00,6.0348e-02
1.5600e+03,3.5972e-01,9.4205e+00,1.5002e+01,2.5778e+00,6.0465e-02
1.5700e+03,3.5523e-01,9.4161e+00,1.5002e+01,2.5822e+00,6.0581e-02
1.5800e+03,3.5080e-01,9.4118e+00,1.5002e+01,2.5865e+00,6.0696e-02
1.5900e+03,3.4642e-01,9.4075e+00,1.5002e+01,2.5908e+00,6.0809e-02
1.6000e+03,3.4211e-01,9.4033e+00,1.5002e+01,2.5950e+00,6.0921e-02
1.6100e+03,3.3784e-01,9.3991e+00,1.5002e+01,2.5991e+00,6.1031e-02
1.6200e+03,3.3364e-01,9.3950e+00,1.5002e+01,2.6032e+00,6.1140e-02
1.6300e+03,3.2948e-01,9.3910e+00,1.5002e+01,2.6073e+00,6.1248e-02
1.6400e+03,3.2538e-01,9.3870e+00,1.5002e+01,2.6113e+00,6.1354e-02
1.6500e+03,3.2134e-01,9.3830e+00,1.5002e+01,2.6152e+00,6.1459e-02
1.6600e+03,3.1734e-01,9.3792e+00,1.5002e+01,2.6191e+00,6.1563e-02
1.6700e+03,3.1340e-01,9.3753e+00,1.5002e+01,2.6229e+00,6.1665e-02
1.6800e+03,3.0951e-01,9.3715e+00,1.5002e+01,2.6267e+00,6.1767e-02
1.6900e+03,3.0566e-01,9.3678e+00,1.5002e+01,2.6305e+00,6.1867e-02
1.7000e+03,3.0187e-01,9.3641e+00,1.5002e+01,2.6342e+00,6.1965e-02
1.7100e+03,2.9812e-01,9.3604e+00,1.5002e+01,2.6378e+00,6.2063e-02
1.7200e+03,2.9442e-01,9.3568e+00,1.5002e+01,2.6414e+00,6.2159e-02
1.7300e+03,2.9077e-01,9.3533e+00,1.5002e+01,2.6450e+00,6.2254e-02
1.7400e+03,2.8717e-01,9.3497e+00,1.5002e+01,2.6485e+00,6.2348e-02
1.7500e+03,2.8361e-01,9.3463e+00,1.5002e+01,2.6520e+00,6.2440e-02
1.7600e+03,2.8010e-01,9.3429e+00,1.5002e+01,2.6554e+00,6.2532e-02
1.7700e+03,2.7663e-01,9.3395e+00,1.5002e+01,2.6588e+00,6.2622e-02
1.7800e+03,2.7320e-01,9.3361e+00,1.5002e+01,2.6621e+00,6.2712e-02
1.7900e+03,2.6982e-01,9.3328e+00,1.5002e+01,2.6654e+00,6.2800e-02
1.8000e+03,2.6649e-01,9.3296e+00,1.5002e+01,2.6686e+00,6.2887e-02
1.8100e+03,2.6319e-01,9.3264e+00,1.5002e+01,2.6718e+00,6.2973e-02
1.8200e+03,2.5994e-01,9.3232e+00,1.5002e+01,2.6750e+00,6.3058e-02
1.8300e+03,2.5672e-01,9.3201e+00,1.5002e+01,2.6781e+00,6.3142e-02
1.8400e+03,2.5355e-01,9.3170e+00,1.5002e+01,2.6812e+00,6.3225e-02
1.8500e+03,2.5042e-01,9.3139e+00,1.5002e+01,2.6843e+00,6.3306e-02
1.8600e+03,2.4733e-01,9.3109e+00,1.5002e+01,2.6873e+00,6.3387e-02
1.8700e+03,2.4428e-01,9.3079e+00,1.5002e+01,2.6903e+00,6.3467e-02
1.8800e+03,2.4126e-01,9.3050e+00,1.5002e+01,2.6932e+00,6.3546e-02
1.8900e+03,2.3829e-01,9.3021e+00,1.5002e+01,2.6961e+00,6.3624e-02
1.9000e+03,2.3535e-01,9.2992e+00,1.5002e+01,2.6990e+00,6.3701e-02
1.9100e+03,2.3245e-01,9.2964e+00,1.5002e+01,2.7018e+00,6.3777e-02
1.9200e+03,2.2958e-01,9.2936e+00,1.5002e+01,2.7046e+00,6.3852e-02
1.9300e+03,2.2675e-01,9.2909e+00,1.5002e+01,2.7073e+00,6.3926e-02
1.9400e+03,2.2396e-01,9.2881e+00,1.5002e+01,2.7100e+00,6.3999e-02
1.9500e+03,2.2120e-01,9.2855e+00,1.5002e+01,2.7127e+00,6.4071e-02
1.9600e+03,2.1848e-01,9.2828e+00,1.5002e+01,2.7154e+00,6.4143e-02
1.9700e+03,2.1579e-01,9.2802e+00,1.5002e+01,2.7180e+00,6.4213e-02
1.9800e+03,2.1313e-01,9.2776e+00,1.5002e+01,2.7206e+00,6.4283e-02
1.9900e+03,2.1051e-01,9.2750e+00,1.5002e+01,2.7231e+00,6.4352e-02
2.0000e+03,2.0792e-01,9.2725e+00,1.5002e+01,2.7257e+00,6.4420e-02
2.0100e+03,2.0537e-01,9.2700e+00,1.5002e+01,2.7281e+00,6.4487e-02
2.0200e+03,2.0284e-01,9.2676e+00,1.5002e+01,2.7306e+00,6.4553e-02
2.0300e+03,2.0035e-01,9.2651e+00,1.5002e+01,2.7330e+00,6.4619e-02
2.0400e+03,1.9789e-01,9.2627e+00,1.5002e+01,2.7354e+00,6.4683e-02
2.0500e+03,1.9546e-01,9.2604e+00,1.5002e+01,2.7378e+00,6.4747e-02
2.0600e+03,1.9306e-01,9.2580e+00,1.5002e+01,2.7401e+00,6.4810e-02
2.0700e+03,1.9069e-01,9.2557e+00,1.5002e+01,2.7424e+00,6.4873e-02
2.0800e+03,1.8835e-01,9.2534e+00,1.5002e+01,2.7447e+00,6.4934e-02
2.0900e+03,1.8604e-01,9.2512e+00,1.5002e+01,2.7470e+00,6.4995e-02
2.1000e+03,1.8375e-01,9.2490e+00,1.5002e+01,2.7492e+00,6.5055e-02
2.1100e+03,1.8150e-01,9.2468e+00,1.5002e+01,2.7514e+00,6.5114e-02
2.1200e+03,1.7927e-01,9.2446e+00,1.5002e+01,2.7536e+00,6.5173e-02
2.1300e+03,1.7708e-01,9.2425e+00,1.5002e+01,2.7557e+00,6.5231e-02
2.1400e+03,1.7491e-01,9.2404e+00,1.5002e+01,2.7578e+00,6.5288e-02
2.1500e+03,1.7276e-01,9.2383e+00,1.5002e+01,2.7599e+00,6.5345e-02
2.1600e+03,1.7064e-01,9.2362e+00,1.5002e+01,2.7620e+00,6.5400e-02
2.1700e+03,1.6855e-01,9.2342e+00,1.5002e+01,2.7640e+00,6.5455e-02
2.1800e+03,1.6649e-01,9.2322e+00,1.5002e+01,2.7660e+00,6.5510e-02
2.1900e+03,1.6445e-01,9.2302e+00,1.5002e+01,2.7680e+00,6.5564e-02
2.2000e+03,1.6244e-01,9.2282e+00,1.5002e+01,2.7699e+00,6.5617e-02
2.2100e+03,1.6045e-01,9.2263e+00,1.5002e+01,2.7719e+00,6.5669e-02
2.2200e+03,1.5849e-01,9.2244e+00,1.5002e+01,2.7738e+00,6.5721e-02
2.2300e+03,1.5655e-01,9.2225e+00,1.5002e+01,2.7757e+00,6.5772e-02
2.2400e+03,1.5463e-01,9.2206e+00,1.5002e+01,2.7775e+00,6.5823e-02
2.2500e+03,1.5274e-01,9.2188e+00,1.5002e+01,2.7794e+00,6.5873e-02
2.2600e+03,1.5087e-01,9.2169e+00,1.5002e+01,2.7812e+00,6.5922e-02
2.2700e+03,1.4903e-01,9.2151e+00,1.5002e+01,2.7830e+00,6.5971e-02
2.2800e+03,1.4721e-01,9.2134e+00,1.5002e+01,2.7848e+00,6.6019e-02
2.2900e+03,1.4541e-01,9.2116e+00,1.5002e+01,2.7865e+00,6.6066e-02
2.3000e+03,1.4363e-01,9.2099e+00,1.5002e+01,2.7883e+00,6.6113e-02
2.3100e+03,1.4188e-01,9.2082e+00,1.5002e+01,2.7900e+00,6.6160e-02
2.3200e+03,1.4014e-01,9.2065e+00,1.5002e+01,2.7917e+00,6.6205e-02
2.3300e+03,1.3843e-01,9.2048e+00,1.5002e+01,2.7933e+00,6.6251e-02
2.3400e+03,1.3674e-01,9.2032e+00,1.5002e+01,2.7950e+00,6.6295e-02
2.3500e+03,1.3507e-01,9.2015e+00,1.5002e+01,2.7966e+00,6.6340e-02
2.3600e+03,1.3342e-01,9.1999e+00,1.5002e+01,2.7982e+00,6.6383e-02
2.3700e+03,1.3179e-01,9.1984e+00,1.5002e+01,2.7998e+00,6.6426e-02
2.3800e+03,1.3019e-01,9.1968e+00,1.5002e+01,2.8013e+00,6.6469e-02
2.3900e+03,1.2860e-01,9.1952e+00,1.5002e+01,2.8029e+00,6.6511e-02
2.4000e+03,1.2703e-01,9.1937e+00,1.5002e+01,2.8044e+00,6.6552e-02
2.4100e+03,1.2548e-01,9.1922e+00,1.5002e+01,2.8059e+00,6.6593e-02
2.4200e+03,1.2395e-01,9.1907e+00,1.5002e+01,2.8074e+00,6.6634e-02
2.4300e+03,1.2244e-01,9.1892e+00,1.5002e+01,2.8089e+00,6.6674e-02
2.4400e+03,1.2095e-01,9.1878e+00,1.5002e+01,2.8103e+00,6.6713e-02
2.4500e+03,1.1947e-01,9.1863e+00,1.5002e+01,2.8118e+00,6.6752e-02
2.4600e+03,1.1802e-01,9.1849e+00,1.5002e+01,2.8132e+00,6.6791e-02
2.4700e+03,1.1658e-01,9.1835e+00,1.5002e+01,2.8146e+00,6.6829e-02
2.4800e+03,1.1516e-01,9.1821e+00,1.5002e+01,2.8160e+00,6.6867e-02
2.4900e+03,1.1375e-01,9.1808e+00,1.5002e+01,2.8173e+00,6.6904e-02
2.5000e+03,1.1237e-01,9.1794e+00,1.5002e+01,2.8187e+00,6.6941e-02
2.5100e+03,1.1100e-01,9.1781e+00,1.5002e+01,2.8200e+00,6.6977e-02
2.5200e+03,1.0965e-01,9.1768e+00,1.5002e+01,2.8213e+00,6.7013e-02
2.5300e+03,1.0831e-01,9.1755e+00,1.5002e+01,2.8226e+00,6.7048e-02
2.5400e+03,1.0699e-01,9.1742e+00,1.5002e+01,2.8239e+00,6.7083e-02
2.5500e+03,1.0569e-01,9.1729e+00,1.5002e+01,2.8252e+00,6.7118e-02
2.5600e+03,1.0441e-01,9.1717e+00,1.5002e+01,2.8264e+00,6.7152e-02
2.5700e+03,1.0313e-01,9.1704e+00,1.5002e+01,2.8277e+00,6.7186e-02
2.5800e+03,1.0188e-01,9.1692e+00,1.5002e+01,2.8289e+00,6.7219e-02
2.5900e+03,1.0064e-01,9.1680e+00,1.5002e+01,2.8301e+00,6.7252e-02
2.6000e+03,9.9416e-02,9.1668e+00,1.5002e+01,2.8313e+00,6.7284e-02
2.6100e+03,9.8207e-02,9.1656e+00,1.5002e+01,2.8325e+00,6.7316e-02
2.6200e+03,9.7012e-02,9.1645e+00,1.5002e+01,2.8336e+00,6.7348e-02
2.6300e+03,9.5833e-02,9.1633e+00,1.5002e+01,2.8348e+00,6.7380e-02
2.6400e+03,9.4667e-02,9.1622e+00,1.5002e+01,2.8359e+00,6.7410e-02
2.6500e+03,9.3517e-02,9.1611e+00,1.5002e+01,2.8370e+00,6.7441e-02
2.6600e+03,9.2380e-02,9.1600e+00,1.5002e+01,2.8382e+00,6.7471e-02
2.6700e+03,9.1257e-02,9.1589e+00,1.5002e+01,2.8392e+00,6.7501e-02
2.6800e+03,9.0148e-02,9.1578e+00,1.5002e+01,2.8403e+00,6.7531e-02
2.6900e+03,8.9052e-02,9.1567e+00,1.5002e+01,2.8414e+00,6.7560e-02
2.7000e+03,8.7970e-02,9.1557e+00,1.5002e+01,2.8424e+00,6.7588e-02
2.7100e+03,8.6901e-02,9.1546e+00,1.5002e+01,2.8435e+00,6.7617e-02
2.7200e+03,8.5846e-02,9.1536e+00,1.5002e+01,2.8445e+00,6.7645e-02
2.7300e+03,8.4803e-02,9.1526e+00,1.5002e+01,2.8455e+00,6.7673e-02
2.7400e+03,8.3773e-02,9.1516e+00,1.5002e+01,2.8465e+00,6.7700e-02
2.7500e+03,8.2755e-02,9.1506e+00,1.5002e+01,2.8475e+00,6.7727e-02
2.7600e+03,8.1751e-02,9.1496e+00,1.5002e+01,2.8485e+00,6.7754e-02
2.7700e+03,8.0758e-02,9.1486e+00,1.5002e+01,2.8495e+00,6.7780e-02
2.7800e+03,7.9777e-02,9.1477e+00,1.5002e+01,2.8504e+00,6.7806e-02
2.7900e+03,7.8809e-02,9.1467e+00,1.5002e+01,2.8514e+00,6.7832e-02
2.8000e+03,7.7852e-02,9.1458e+00,1.5002e+01,2.8523e+00,6.7857e-02
2.8100e+03,7.6907e-02,9.1449e+00,1.5002e+01,2.8532e+00,6.7883e-02
2.8200e+03,7.5974e-02,9.1440e+00,1.5002e+01,2.8541e+00,6.7907e-02
2.8300e+03,7.5052e-02,9.1431e+00,1.5002e+01,2.8550e+00,6.7932e-02
2.8400e+03,7.4141e-02,9.1422e+00,1.5002e+01,2.8559e+00,6.7956e-02
2.8500e+03,7.3242e-02,9.1413e+00,1.5002e+01,2.8568e+00,6.7980e-02
2.8600e+03,7.2353e-02,9.1404e+00,1.5002e+01,2.8576e+00,6.8004e-02
2.8700e+03,7.1476e-02,9.1396e+00,1.5002e+01,2.8585e+00,6.8027e-02
2.8800e+03,7.0609e-02,9.1388e+00,1.5002e+01,2.8593e+00,6.8050e-02
2.8900e+03,6.9752e-02,9.1379e+00,1.5002e+01,2.8602e+00,6.8073e-02
2.9000e+03,6.8906e-02,9.1371e+00,1.5002e+01,2.8610e+00,6.8096e-02
2.9100e+03,6.8071e-02,9.1363e+00,1.5002e+01,2.8618e+00,6.8118e-02
2.9200e+03,6.7245e-02,9.1355e+00,1.5002e+01,2.8626e+00,6.8140e-02
2.9300e+03,6.6430e-02,9.1347e+00,1.5002e+01,2.8634e+00,6.8162e-02
2.9400e+03,6.5625e-02,9.1339e+00,1.5002e+01,2.8642e+00,6.8183e-02
2.9500e+03,6.4829e-02,9.1331e+00,1.5002e+01,2.8650e+00,6.8204e-02
2.9600e+03,6.4043e-02,9.1324e+00,1.5002e+01,2.8657e+00,6.8225e-02
2.9700e+03,6.3267e-02,9.1316e+00,1.5002e+01,2.8665e+00,6.8246e-02
2.9800e+03,6.2500e-02,9.1309e+00,1.5002e+01,2.8672e+00,6.8266e-02
2.9900e+03,6.1743e-02,9.1301e+00,1.5002e+01,2.8680e+00,6.8286e-02
3.0000e+03,6.0995e-02,9.1294e+00,1.5002e+01,2.8687e+00,6.8306e-02
3.0100e+03,6.0256e-02,9.1287e+00,1.5002e+01,2.8694e+00,6.8326e-02
3.0200e+03,5.9525e-02,9.1280e+00,1.5002e+01,2.8701e+00,6.8346e-02
3.0300e+03,5.8804e-02,9.1273e+00,1.5002e+01,2.8708e+00,6.8365e-02
3.0400e+03,5.8092e-02,9.1266e+00,1.5002e+01,2.8715e+00,6.8384e-02
3.0500e+03,5.7388e-02,9.1259e+00,1.5002e+01,2.8722e+00,6.8403e-02
3.0600e+03,5.6693e-02,9.1252e+00,1.5002e+01,2.8729e+00,6.8421e-02
3.0700e+03,5.6006e-02,9.1245e+00,1.5002e+01,2.8736e+00,6.8439e-02
3.0800e+03,5.5328e-02,9.1239e+00,1.5002e+01,2.8742e+00,6.8458e-02
3.0900e+03,5.4658e-02,9.1232e+00,1.5002e+01,2.8749e+00,6.8475e-02
3.1000e+03,5.3996e-02,9.1226e+00,1.5002e+01,2.8755e+00,6.8493e-02
3.1100e+03,5.3342e-02,9.1219e+00,1.5002e+01,2.8761e+00,6.8510e-02
3.1200e+03,5.2697e-02,9.1213e+00,1.5002e+01,2.8768e+00,6.8528e-02
3.1300e+03,5.2059e-02,9.1207e+00,1.5002e+01,2.8774e+00,6.8545e-02
3.1400e+03,5.1428e-02,9.1201e+00,1.5002e+01,2.8780e+00,6.8562e-02
3.1500e+03,5.0806e-02,9.1195e+00,1.5002e+01,2.8786e+00,6.8578e-02
3.1600e+03,5.0191e-02,9.1189e+00,1.5002e+01,2.8792e+00,6.8595e-02
3.1700e+03,4.9583e-02,9.1183e+00,1.5002e+01,2.8798e+00,6.8611e-02
3.1800e+03,4.8983e-02,9.1177e+00,1.5002e+01,2.8804e+00,6.8627e-02
3.1900e+03,4.8390e-02,9.1171e+00,1.5002e+01,2.8810e+00,6.8643e-02
3.2000e+03,4.7805e-02,9.1165e+00,1.5002e+01,2.8815e+00,6.8658e-02
3.2100e+03,4.7226e-02,9.1160e+00,1.5002e+01,2.8821e+00,6.8674e-02
3.2200e+03,4.6655e-02,9.1154e+00,1.5002e+01,2.8827e+00,6.8689e-02
3.2300e+03,4.6090e-02,9.1149e+00,1.5002e+01,2.8832e+00,6.8704e-02
3.2400e+03,4.5533e-02,9.1143e+00,1.5002e+01,2.8838e+00,6.8719e-02
3.2500e+03,4.4982e-02,9.1138e+00,1.5002e+01,2.8843e+00,6.8734e-02
3.2600e+03,4.4438e-02,9.1133e+00,1.5002e+01,2.8848e+00,6.8748e-02
3.2700e+03,4.3900e-02,9.1127e+00,1.5002e+01,2.8853e+00,6.8762e-02
3.2800e+03,4.3369e-02,9.1122e+00,1.5002e+01,2.8859e+00,6.8777e-02
3.2900e+03,4.2845e-02,9.1117e+00,1.5002e+01,2.8864e+00,6.8791e-02
3.3000e+03,4.2326e-02,9.1112e+00,1.5002e+01,2.8869e+00,6.8804e-02
3.3100e+03,4.1814e-02,9.1107e+00,1.5002e+01,2.8874e+00,6.8818e-02
3.3200e+03,4.1309e-02,9.1102e+00,1.5002e+01,2.8879e+00,6.8832e-02
3.3300e+03,4.0809e-02,9.1097e+00,1.5002e+01,2.8883e+00,6.8845e-02
3.3400e+03,4.0316e-02,9.1092e+00,1.5002e+01,2.8888e+00,6.8858e-02
3.3500e+03,3.9828e-02,9.1088e+00,1.5002e+01,2.8893e+00,6.8871e-02
3.3600e+03,3.9347e-02,9.1083e+00,1.5002e+01,2.8898e+00,6.8884e-02
3.3700e+03,3.8871e-02,9.1078e+00,1.5002e+01,2.8902e+00,6.8897e-02
3.3800e+03,3.8401e-02,9.1074e+00,1.5002e+01,2.8907e+00,6.8909e-02
3.3900e+03,3.7937e-02,9.1069e+00,1.5002e+01,2.8911e+00,6.8922e-02
3.4000e+03,3.7478e-02,9.1065e+00,1.5002e+01,2.8916e+00,6.8934e-02
3.4100e+03,3.7025e-02,9.1060e+00,1.5002e+01,2.8920e+00,6.8946e-02
3.4200e+03,3.6577e-02,9.1056e+00,1.5002e+01,2.8925e+00,6.8958e-02
3.4300e+03,3.6135e-02,9.1052e+00,1.5002e+01,2.8929e+00,6.8970e-02
3.4400e+03,3.5699e-02,9.1047e+00,1.5002e+01,2.8933e+00,6.8982e-02
3.4500e+03,3.5267e-02,9.1043e+00,1.5002e+01,2.8937e+00,6.8993e-02
3.4600e+03,3.4841e-02,9.1039e+00,1.5002e+01,2.8942e+00,6.9004e-02
3.4700e+03,3.4420e-02,9.1035e+00,1.5002e+01,2.8946e+00,6.9016e-02
3.4800e+03,3.4004e-02,9.1031e+00,1.5002e+01,2.8950e+00,6.9027e-02
3.4900e+03,3.3593e-02,9.1027e+00,1.5002e+01,2.8954e+00,6.9038e-02
3.5000e+03,3.3187e-02,9.1023e+00,1.5002e+01,2.8958e+00,6.9049e-02
3.5100e+03,3.2786e-02,9.1019e+00,1.5002e+01,2.8962e+00,6.9059e-02
3.5200e+03,3.2390e-02,9.1015e+00,1.5002e+01,2.8965e+00,6.9070e-02
3.5300e+03,3.1999e-02,9.1011e+00,1.5002e+01,2.8969e+00,6.9080e-02
3.5400e+03,3.1612e-02,9.1008e+00,1.5002e+01,2.8973e+00,6.9091e-02
3.5500e+03,3.1230e-02,9.1004e+00,1.5002e+01,2.8977e+00,6.9101e-02
3.5600e+03,3.0853e-02,9.1000e+00,1.5002e+01,2.8980e+00,6.9111e-02
3.5700e+03,3.0480e-02,9.0997e+00,1.5002e+01,2.8984e+00,6.9121e-02
3.5800e+03,3.0112e-02,9.0993e+00,1.5002e+01,2.8988e+00,6.9131e-02
3.5900e+03,2.9748e-02,9.0990e+00,1.5002e+01,2.8991e+00,6.9141e-02
3.6000e+03,2.9389e-02,9.0986e+00,1.5002e+01,2.8995e+00,6.9150e-02
3.6100e+03,2.9034e-02,9.0983e+00,1.5002e+01,2.8998e+00,6.9160e-02
3.6200e+03,2.8683e-02,9.0979e+00,1.5002e+01,2.9001e+00,6.9169e-02
3.6300e+03,2.8337e-02,9.0976e+00,1.5002e+01,2.9005e+00,6.9178e-02
3.6400e+03,2.7994e-02,9.0972e+00,1.5002e+01,2.9008e+00,6.9188e-02
3.6500e+03,2.7656e-02,9.0969e+00,1.5002e+01,2.9011e+00,6.9197e-02
3.6600e+03,2.7322e-02,9.0966e+00,1.5002e+01,2.9015e+00,6.9206e-02
3.6700e+03,2.6992e-02,9.0963e+00,1.5002e+01,2.9018e+00,6.9214e-02
3.6800e+03,2.6666e-02,9.0960e+00,1.5002e+01,2.9021e+00,6.9223e-02
3.6900e+03,2.6344e-02,9.0956e+00,1.5002e+01,2.9024e+00,6.9232e-02
3.7000e+03,2.6026e-02,9.0953e+00,1.5002e+01,2.9027e+00,6.9240e-02
3.7100e+03,2.5712e-02,9.0950e+00,1.5002e+01,2.9030e+00,6.9249e-02
3.7200e+03,2.5402e-02,9.0947e+00,1.5002e+01,2.9033e+00,6.9257e-02
3.7300e+03,2.5095e-02,9.0944e+00,1.5002e+01,2.9036e+00,6.9265e-02
3.7400e+03,2.4792e-02,9.0941e+00,1.5002e+01,2.9039e+00,6.9273e-02
3.7500e+03,2.4493e-02,9.0938e+00,1.5002e+01,2.9042e+00,6.9281e-02
3.7600e+03,2.4197e-02,9.0935e+00,1.5002e+01,2.9045e+00,6.9289e-02
3.7700e+03,2.3905e-02,9.0933e+00,1.5002e+01,2.9048e+00,6.9297e-02
3.7800e+03,2.3616e-02,9.0930e+00,1.5002e+01,2.9051e+00,6.9305e-02
3.7900e+03,2.3331e-02,9.0927e+00,1.5002e+01,2.9054e+00,6.9312e-02
3.8000e+03,2.3050e-02,9.0924e+00,1.5002e+01,2.9056e+00,6.9320e-02
3.8100e+03,2.2771e-02,9.0922e+00,1.5002e+01,2.9059e+00,6.9327e-02
3.8200e+03,2.2496e-02,9.0919e+00,1.5002e+01,2.9062e+00,6.9335e-02
3.8300e+03,2.2225e-02,9.0916e+00,1.5002e+01,2.9064e+00,6.9342e-02
3.8400e+03,2.1957e-02,9.0914e+00,1.5002e+01,2.9067e+00,6.9349e-02
3.8500e+03,2.1692e-02,9.0911e+00,1.5002e+01,2.9070e+00,6.9356e-02
3.8600e+03,2.1430e-02,9.0909e+00,1.5002e+01,2.9072e+00,6.9363e-02
3.8700e+03,2.1171e-02,9.0906e+00,1.5002e+01,2.9075e+00,6.9370e-02
3.8800e+03,2.0916e-02,9.0904e+00,1.5002e+01,2.9077e+00,6.9377e-02
3.8900e+03,2.0663e-02,9.0901e+00,1.5002e+01,2.9080e+00,6.9384e-02
3.9000e+03,2.0414e-02,9.0899e+00,1.5002e+01,2.9082e+00,6.9390e-02
3.9100e+03,2.0168e-02,9.0896e+00,1.5002e+01,2.9084e+00,6.9397e-02
3.9200e+03,1.9924e-02,9.0894e+00,1.5002e+01,2.9087e+00,6.9403e-02
3.9300e+03,1.9684e-02,9.0892e+00,1.5002e+01,2.9089e+00,6.9410e-02
3.9400e+03,1.9446e-02,9.0889e+00,1.5002e+01,2.9091e+00,6.9416e-02
3.9500e+03,1.9212e-02,9.0887e+00,1.5002e+01,2.9094e+00,6.9423e-02
3.9600e+03,1.8980e-02,9.0885e+00,1.5002e+01,2.9096e+00,6.9429e-02
3.9700e+03,1.8751e-02,9.0882e+00,1.5002e+01,2.9098e+00,6.9435e-02
3.9800e+03,1.8525e-02,9.0880e+00,1.5002e+01,2.9100e+00,6.9441e-02
3.9900e+03,1.8301e-02,9.0878e+00,1.5002e+01,2.9103e+00,6.9447e-02
4.0000e+03,1.8080e-02,9.0876e+00,1.5002e+01,2.9105e+00,6.9453e-02
4.0100e+03,1.7862e-02,9.0874e+00,1.5002e+01,2.9107e+00,6.9459e-02
4.0200e+03,1.7647e-02,9.0872e+00,1.5002e+01,2.9109e+00,6.9464e-02
4.0300e+03,1.7434e-02,9.0870e+00,1.5002e+01,2.9111e+00,6.9470e-02
4.0400e+03,1.7223e-02,9.0868e+00,1.5002e+01,2.9113e+00,6.9476e-02
4.0500e+03,1.7016e-02,9.0866e+00,1.5002e+01,2.9115e+00,6.9481e-02
4.0600e+03,1.6810e-02,9.0864e+00,1.5002e+01,2.9117e+00,6.9487e-02
4.0700e+03,1.6608e-02,9.0862e+00,1.5002e+01,2.9119e+00,6.9492e-02
4.0800e+03,1.6407e-02,9.0860e+00,1.5002e+01,2.9121e+00,6.9498e-02
4.0900e+03,1.6209e-02,9.0858e+00,1.5002e+01,2.9123e+00,6.9503e-02
4.1000e+03,1.6014e-02,9.0856e+00,1.5002e+01,2.9125e+00,6.9508e-02
4.1100e+03,1.5821e-02,9.0854e+00,1.5002e+01,2.9127e+00,6.9513e-02
4.1200e+03,1.5630e-02,9.0852e+00,1.5002e+01,2.9129e+00,6.9518e-02
4.1300e+03,1.5441e-02,9.0850e+00,1.5002e+01,2.9130e+00,6.9523e-02
4.1400e+03,1.5255e-02,9.0848e+00,1.5002e+01,2.9132e+00,6.9528e-02
4.1500e+03,1.5071e-02,9.0847e+00,1.5002e+01,2.9134e+00,6.9533e-02
4.1600e+03,1.4889e-02,9.0845e+00,1.5002e+01,2.9136e+00,6.9538e-02
4.1700e+03,1.4710e-02,9.0843e+00,1.5002e+01,2.9137e+00,6.9543e-02
4.1800e+03,1.4532e-02,9.0841e+00,1.5002e+01,2.9139e+00,6.9548e-02
4.1900e+03,1.4357e-02,9.0840e+00,1.5002e+01,2.9141e+00,6.9553e-02
4.2000e+03,1.4184e-02,9.0838e+00,1.5002e+01,2.9143e+00,6.9557e-02
4.2100e+03,1.4013e-02,9.0836e+00,1.5002e+01,2.9144e+00,6.9562e-02
4.2200e+03,1.3844e-02,9.0835e+00,1.5002e+01,2.9146e+00,6.9566e-02
4.2300e+03,1.3677e-02,9.0833e+00,1.5002e+01,2.9148e+00,6.9571e-02
4.2400e+03,1.3512e-02,9.0831e+00,1.5002e+01,2.9149e+00,6.9575e-02
4.2500e+03,1.3349e-02,9.0830e+00,1.5002e+01,2.9151e+00,6.9580e-02
4.2600e+03,1.3188e-02,9.0828e+00,1.5002e+01,2.9152e+00,6.9584e-02
4.2700e+03,1.3029e-02,9.0827e+00,1.5002e+01,2.9154e+00,6.9588e-02
4.2800e+03,1.2872e-02,9.0825e+00,1.5002e+01,2.9155e+00,6.9592e-02
4.2900e+03,1.2717e-02,9.0824e+00,1.5002e+01,2.9157e+00,6.9596e-02
4.3000e+03,1.2563e-02,9.0822e+00,1.5002e+01,2.9158e+00,6.9601e-02
4.3100e+03,1.2412e-02,9.0821e+00,1.5002e+01,2.9160e+00,6.9605e-02
4.3200e+03,1.2262e-02,9.0819e+00,1.5002e+01,2.9161e+00,6.9609e-02
4.3300e+03,1.2114e-02,9.0818e+00,1.5002e+01,2.9163e+00,6.9613e-02
4.3400e+03,1.1968e-02,9.0816e+00,1.5002e+01,2.9164e+00,6.9617e-02
4.3500e+03,1.1824e-02,9.0815e+00,1.5002e+01,2.9166e+00,6.9620e-02
4.3600e+03,1.1681e-02,9.0814e+00,1.5002e+01,2.9167e+00,6.9624e-02
4.3700e+03,1.1540e-02,9.0812e+00,1.5002e+01,2.9168e+00,6.9628e-02
4.3800e+03,1.1401e-02,9.0811e+00,1.5002e+01,2.9170e+00,6.9632e-02
4.3900e+03,1.1264e-02,9.0810e+00,1.5002e+01,2.9171e+00,6.9635e-02
4.4000e+03,1.1128e-02,9.0808e+00,1.5002e+01,2.9172e+00,6.9639e-02
4.4100e+03,1.0994e-02,9.0807e+00,1.5002e+01,2.9174e+00,6.9643e-02
4.4200e+03,1.0861e-02,9.0806e+00,1.5002e+01,2.9175e+00,6.9646e-02
4.4300e+03,1.0730e-02,9.0804e+00,1.5002e+01,2.9176e+00,6.9650e-02
4.4400e+03,1.0601e-02,9.0803e+00,1.5002e+01,2.9177e+00,6.9653e-02
4.4500e+03,1.0473e-02,9.0802e+00,1.5002e+01,2.9179e+00,6.9657e-02
4.4600e+03,1.0347e-02,9.0801e+00,1.5002e+01,2.9180e+00,6.9660e-02
4.4700e+03,1.0222e-02,9.0799e+00,1.5002e+01,2.9181e+00,6.9663e-02
4.4800e+03,1.0099e-02,9.0798e+00,1.5002e+01,2.9182e+00,6.9667e-02
4.4900e+03,9.9772e-03,9.0797e+00,1.5002e+01,2.9184e+00,6.9670e-02
4.5000e+03,9.8569e-03,9.0796e+00,1.5002e+01,2.9185e+00,6.9673e-02
4.5100e+03,9.7381e-03,9.0795e+00,1.5002e+01,2.9186e+00,6.9676e-02
4.5200e+03,9.6207e-03,9.0794e+00,1.5002e+01,2.9187e+00,6.9679e-02
4.5300e+03,9.5047e-03,9.0792e+00,1.5002e+01,2.9188e+00,6.9683e-02
4.5400e+03,9.3902e-03,9.0791e+00,1.5002e+01,2.9189e+00,6.9686e-02
4.5500e+03,9.2770e-03,9.0790e+00,1.5002e+01,2.9190e+00,6.9689e-02
4.5600e+03,9.1651e-03,9.0789e+00,1.5002e+01,2.9191e+00,6.9692e-02
4.5700e+03,9.0547e-03,9.0788e+00,1.5002e+01,2.9193e+00,6.9695e-02
4.5800e+03,8.9455e-03,9.0787e+00,1.5002e+01,2.9194e+00,6.9698e-02
4.5900e+03,8.8377e-03,9.0786e+00,1.5002e+01,2.9195e+00,6.9700e-02
4.6000e+03,8.7312e-03,9.0785e+00,1.5002e+01,2.9196e+00,6.9703e-02
4.6100e+03,8.6259e-03,9.0784e+00,1.5002e+01,2.9197e+00,6.9706e-02
4.6200e+03,8.5220e-03,9.0783e+00,1.5002e+01,2.9198e+00,6.9709e-02
4.6300e+03,8.4192e-03,9.0782e+00,1.5002e+01,2.9199e+00,6.9712e-02
4.6400e+03,8.3178e-03,9.0781e+00,1.5002e+01,2.9200e+00,6.9714e-02
4.6500e+03,8.2175e-03,9.0780e+00,1.5002e+01,2.9201e+00,6.9717e-02
4.6600e+03,8.1185e-03,9.0779e+00,1.5002e+01,2.9202e+00,6.9720e-02
4.6700e+03,8.0206e-03,9.0778e+00,1.5002e+01,2.9203e+00,6.9722e-02
4.6800e+03,7.9239e-03,9.0777e+00,1.5002e+01,2.9204e+00,6.9725e-02
4.6900e+03,7.8284e-03,9.0776e+00,1.5002e+01,2.9204e+00,6.9727e-02
4.7000e+03,7.7341e-03,9.0775e+00,1.5002e+01,2.9205e+00,6.9730e-02
4.7100e+03,7.6409e-03,9.0774e+00,1.5002e+01,2.9206e+00,6.9732e-02
4.7200e+03,7.5488e-03,9.0773e+00,1.5002e+01,2.9207e+00,6.9735e-02
4.7300e+03,7.4578e-03,9.0772e+00,1.5002e+01,2.9208e+00,6.9737e-02
4.7400e+03,7.3679e-03,9.0772e+00,1.5002e+01,2.9209e+00,6.9740e-02
4.7500e+03,7.2791e-03,9.0771e+00,1.5002e+01,2.9210e+00,6.9742e-02
4.7600e+03,7.1914e-03,9.0770e+00,1.5002e+01,2.9211e+00,6.9745e-02
4.7700e+03,7.1047e-03,9.0769e+00,1.5002e+01,2.9212e+00,6.9747e-02
4.7800e+03,7.0191e-03,9.0768e+00,1.5002e+01,2.9212e+00,6.9749e-02
4.7900e+03,6.9345e-03,9.0767e+00,1.5002e+01,2.9213e+00,6.9751e-02
4.8000e+03,6.8509e-03,9.0767e+00,1.5002e+01,2.9214e+00,6.9754e-02
4.8100e+03,6.7684e-03,9.0766e+00,1.5002e+01,2.9215e+00,6.9756e-02
4.8200e+03,6.6868e-03,9.0765e+00,1.5002e+01,2.9216e+00,6.9758e-02
4.8300e+03,6.6062e-03,9.0764e+00,1.5002e+01,2.9216e+00,6.9760e-02
4.8400e+03,6.5266e-03,9.0763e+00,1.5002e+01,2.9217e+00,6.9762e-02
4.8500e+03,6.4480e-03,9.0763e+00,1.5002e+01,2.9218e+00,6.9764e-02
4.8600e+03,6.3703e-03,9.0762e+00,1.5002e+01,2.9219e+00,6.9767e-02
4.8700e+03,6.2935e-03,9.0761e+00,1.5002e+01,2.9219e+00,6.9769e-02
4.8800e+03,6.2177e-03,9.0760e+00,1.5002e+01,2.9220e+00,6.9771e-02
4.8900e+03,6.1427e-03,9.0760e+00,1.5002e+01,2.9221e+00,6.9773e-02
4.9000e+03,6.0687e-03,9.0759e+00,1.5002e+01,2.9222e+00,6.9775e-02
4.9100e+03,5.9956e-03,9.0758e+00,1.5002e+01,2.9222e+00,6.9777e-02
4.9200e+03,5.9233e-03,9.0758e+00,1.5002e+01,2.9223e+00,6.9779e-02
4.9300e+03,5.8519e-03,9.0757e+00,1.5002e+01,2.9224e+00,6.9780e-02
4.9400e+03,5.7814e-03,9.0756e+00,1.5002e+01,2.9224e+00,6.9782e-02
4.9500e+03,5.7118e-03,9.0755e+00,1.5002e+01,2.9225e+00,6.9784e-02
4.9600e+03,5.6429e-03,9.0755e+00,1.5002e+01,2.9226e+00,6.9786e-02
4.9700e+03,5.5749e-03,9.0754e+00,1.5002e+01,2.9226e+00,6.9788e-02
4.9800e+03,5.5078e-03,9.0753e+00,1.5002e+01,2.9227e+00,6.9790e-02
4.9900e+03,5.4414e-03,9.0753e+00,1.5002e+01,2.9228e+00,6.9791e-02
5.0000e+03,5.3758e-03,9.0752e+00,1.5002e+01,2.9228e+00,6.9793e-02
5.0100e+03,5.3111e-03,9.0752e+00,1.5002e+01,2.9229e+00,6.9795e-02
5.0200e+03,5.2471e-03,9.0751e+00,1.5002e+01,2.9230e+00,6.9797e-02
5.0300e+03,5.1838e-03,9.0750e+00,1.5002e+01,2.9230e+00,6.9798e-02
5.0400e+03,5.1214e-03,9.0750e+00,1.5002e+01,2.9231e+00,6.9800e-02
5.0500e+03,5.0597e-03,9.0749e+00,1.5002e+01,2.9231e+00,6.9802e-02
5.0600e+03,4.9987e-03,9.0749e+00,1.5002e+01,2.9232e+00,6.9803e-02
5.0700e+03,4.9385e-03,9.0748e+00,1.5002e+01,2.9233e+00,6.9805e-02
5.0800e+03,4.8790e-03,9.0747e+00,1.5002e+01,2.9233e+00,6.9807e-02
5.0900e+03,4.8202e-03,9.0747e+00,1.5002e+01,2.9234e+00,6.9808e-02
5.1000e+03,4.7621e-03,9.0746e+00,1.5002e+01,2.9234e+00,6.9810e-02
5.1100e+03,4.7047e-03,9.0746e+00,1.5002e+01,2.9235e+00,6.9811e-02
5.1200e+03,4.6480e-03,9.0745e+00,1.5002e+01,2.9235e+00,6.9813e-02
5.1300e+03,4.5920e-03,9.0745e+00,1.5002e+01,2.9236e+00,6.9814e-02
5.1400e+03,4.5367e-03,9.0744e+00,1.5002e+01,2.9236e+00,6.9816e-02
5.1500e+03,4.4821e-03,9.0743e+00,1.5002e+01,2.9237e+00,6.9817e-02
5.1600e+03,4.4280e-03,9.0743e+00,1.5002e+01,2.9238e+00,6.9819e-02
5.1700e+03,4.3747e-03,9.0742e+00,1.5002e+01,2.9238e+00,6.9820e-02
5.1800e+03,4.3220e-03,9.0742e+00,1.5002e+01,2.9239e+00,6.9821e-02
5.1900e+03,4.2699e-03,9.0741e+00,1.5002e+01,2.9239e+00,6.9823e-02
