t,[L2M],[D],[L],[L2MD],[L2Ms]
0.0000e+00,3.0000e+00,1.2000e+01,1.2500e+01,0.0000e+00,0.0000e+00
1.0000e+01,2.9419e+00,1.1945e+01,1.2502e+01,5.4525e-02,1.1385e-03
2.0000e+01,2.8874e+00,1.1892e+01,1.2502e+01,1.0797e-01,2.2596e-03
3.0000e+01,2.8340e+00,1.1840e+01,1.2502e+01,1.6021e-01,3.3601e-03
4.0000e+01,2.7819e+00,1.1788e+01,1.2502e+01,2.1126e-01,4.4406e-03
5.0000e+01,2.7309e+00,1.1739e+01,1.2502e+01,2.6118e-01,5.5013e-03
6.0000e+01,2.6811e+00,1.1690e+01,1.2502e+01,3.0998e-01,6.5428e-03
7.0000e+01,2.6323e+00,1.1642e+01,1.2502e+01,3.5770e-01,7.5655e-03
8.0000e+01,2.5847e+00,1.1595e+01,1.2502e+01,4.0437e-01,8.5697e-03
9.0000e+01,2.5380e+00,1.1550e+01,1.2502e+01,4.5003e-01,9.5560e-03
1.0000e+02,2.4924e+00,1.1505e+01,1.2502e+01,4.9469e-01,1.0525e-02
1.1000e+02,2.4477e+00,1.1461e+01,1.2502e+01,5.3839e-01,1.1476e-02
1.2000e+02,2.4040e+00,1.1418e+01,1.2502e+01,5.8115e-01,1.2410e-02
1.3000e+02,2.3613e+00,1.1376e+01,1.2502e+01,6.2300e-01,1.3328e-02
1.4000e+02,2.3194e+00,1.1335e+01,1.2502e+01,6.6396e-01,1.4230e-02
1.5000e+02,2.2784e+00,1.1295e+01,1.2502e+01,7.0406e-01,1.5116e-02
1.6000e+02,2.2383e+00,1.1256e+01,1.2502e+01,7.4331e-01,1.5986e-02
1.7000e+02,2.1990e+00,1.1218e+01,1.2502e+01,7.8175e-01,1.6842e-02
1.8000e+02,2.1605e+00,1.1180e+01,1.2502e+01,8.1939e-01,1.7682e-02
1.9000e+02,2.1228e+00,1.1143e+01,1.2502e+01,8.5626e-01,1.8508e-02
2.0000e+02,2.0859e+00,1.1107e+01,1.2502e+01,8.9236e-01,1.9319e-02
2.1000e+02,2.0498e+00,1.1071e+01,1.2502e+01,9.2774e-01,2.0116e-02
2.2000e+02,2.0143e+00,1.1037e+01,1.2502e+01,9.6239e-01,2.0900e-02
2.3000e+02,1.9796e+00,1.1003e+01,1.2502e+01,9.9634e-01,2.1670e-02
2.4000e+02,1.9456e+00,1.0970e+01,1.2502e+01,1.0296e+00,2.2427e-02
2.5000e+02,1.9122e+00,1.0937e+01,1.2502e+01,1.0622e+00,2.3172e-02
2.6000e+02,1.8795e+00,1.0905e+01,1.2502e+01,1.0942e+00,2.3903e-02
2.7000e+02,1.8475e+00,1.0874e+01,1.2502e+01,1.1255e+00,2.4622e-02
2.8000e+02,1.8161e+00,1.0843e+01,1.2502e+01,1.1562e+00,2.5329e-02
2.9000e+02,1.7853e+00,1.0813e+01,1.2502e+01,1.1863e+00,2.6024e-02
3.0000e+02,1.7551e+00,1.0783e+01,1.2502e+01,1.2158e+00,2.6707e-02
3.1000e+02,1.7255e+00,1.0754e+01,1.2502e+01,1.2447e+00,2.7379e-02
3.2000e+02,1.6965e+00,1.0726e+01,1.2502e+01,1.2731e+00,2.8040e-02
3.3000e+02,1.6680e+00,1.0698e+01,1.2502e+01,1.3009e+00,2.8689e-02
3.4000e+02,1.6400e+00,1.0671e+01,1.2502e+01,1.3282e+00,2.9328e-02
3.5000e+02,1.6126e+00,1.0644e+01,1.2502e+01,1.3550e+00,2.9956e-02
3.6000e+02,1.5858e+00,1.0618e+01,1.2502e+01,1.3813e+00,3.0573e-02
3.7000e+02,1.5594e+00,1.0592e+01,1.2502e+01,1.4070e+00,3.1181e-02
3.8000e+02,1.5335e+00,1.0567e+01,1.2502e+01,1.4323e+00,3.1778e-02
3.9000e+02,1.5081e+00,1.0542e+01,1.2502e+01,1.4571e+00,3.2365e-02
4.0000e+02,1.4832e+00,1.0517e+01,1.2502e+01,1.4814e+00,3.2943e-02
4.1000e+02,1.4588e+00,1.0493e+01,1.2502e+01,1.5053e+00,3.3511e-02
4.2000e+02,1.4348e+00,1.0470e+01,1.2502e+01,1.5288e+00,3.4070e-02
4.3000e+02,1.4112e+00,1.0447e+01,1.2502e+01,1.5518e+00,3.4620e-02
4.4000e+02,1.3881e+00,1.0424e+01,1.2502e+01,1.5743e+00,3.5161e-02
4.5000e+02,1.3654e+00,1.0402e+01,1.2502e+01,1.5965e+00,3.5693e-02
4.6000e+02,1.3431e+00,1.0380e+01,1.2502e+01,1.6182e+00,3.6216e-02
4.7000e+02,1.3213e+00,1.0359e+01,1.2502e+01,1.6396e+00,3.6731e-02
4.8000e+02,1.2998e+00,1.0338e+01,1.2502e+01,1.6606e+00,3.7238e-02
4.9000e+02,1.2787e+00,1.0317e+01,1.2502e+01,1.6812e+00,3.7736e-02
5.0000e+02,1.2580e+00,1.0297e+01,1.2502e+01,1.7014e+00,3.8226e-02
5.1000e+02,1.2377e+00,1.0277e+01,1.2502e+01,1.7212e+00,3.8709e-02
5.2000e+02,1.2177e+00,1.0258e+01,1.2502e+01,1.7407e+00,3.9183e-02
5.3000e+02,1.1981e+00,1.0239e+01,1.2502e+01,1.7599e+00,3.9650e-02
5.4000e+02,1.1788e+00,1.0220e+01,1.2502e+01,1.7787e+00,4.0110e-02
5.5000e+02,1.1599e+00,1.0201e+01,1.2502e+01,1.7971e+00,4.0562e-02
5.6000e+02,1.1413e+00,1.0183e+01,1.2502e+01,1.8153e+00,4.1007e-02
5.7000e+02,1.1231e+00,1.0165e+01,1.2502e+01,1.8331e+00,4.1445e-02
5.8000e+02,1.1051e+00,1.0148e+01,1.2502e+01,1.8506e+00,4.1876e-02
5.9000e+02,1.0875e+00,1.0131e+01,1.2502e+01,1.8678e+00,4.2300e-02
6.0000e+02,1.0702e+00,1.0114e+01,1.2502e+01,1.8847e+00,4.2717e-02
6.1000e+02,1.0532e+00,1.0097e+01,1.2502e+01,1.9013e+00,4.3128e-02
6.2000e+02,1.0365e+00,1.0081e+01,1.2502e+01,1.9176e+00,4.3532e-02
6.3000e+02,1.0200e+00,1.0065e+01,1.2502e+01,1.9336e+00,4.3930e-02
6.4000e+02,1.0039e+00,1.0049e+01,1.2502e+01,1.9494e+00,4.4321e-02
6.5000e+02,9.8805e-01,1.0034e+01,1.2502e+01,1.9648e+00,4.4707e-02
6.6000e+02,9.7246e-01,1.0018e+01,1.2502e+01,1.9801e+00,4.5086e-02
6.7000e+02,9.5714e-01,1.0003e+01,1.2502e+01,1.9950e+00,4.5459e-02
6.8000e+02,9.4208e-01,9.9887e+00,1.2502e+01,2.0097e+00,4.5826e-02
6.9000e+02,9.2728e-01,9.9742e+00,1.2502e+01,2.0241e+00,4.6188e-02
7.0000e+02,9.1273e-01,9.9600e+00,1.2502e+01,2.0383e+00,4.6544e-02
7.1000e+02,8.9842e-01,9.9461e+00,1.2502e+01,2.0523e+00,4.6895e-02
7.2000e+02,8.8436e-01,9.9323e+00,1.2502e+01,2.0660e+00,4.7240e-02
7.3000e+02,8.7054e-01,9.9188e+00,1.2502e+01,2.0795e+00,4.7579e-02
7.4000e+02,8.5695e-01,9.9056e+00,1.2502e+01,2.0927e+00,4.7913e-02
7.5000e+02,8.4359e-01,9.8925e+00,1.2502e+01,2.1058e+00,4.8243e-02
7.6000e+02,8.3046e-01,9.8797e+00,1.2502e+01,2.1186e+00,4.8567e-02
7.7000e+02,8.1754e-01,9.8671e+00,1.2502e+01,2.1312e+00,4.8886e-02
7.8000e+02,8.0484e-01,9.8547e+00,1.2502e+01,2.1436e+00,4.9200e-02
7.9000e+02,7.9235e-01,9.8425e+00,1.2502e+01,2.1557e+00,4.9509e-02
8.0000e+02,7.8007e-01,9.8305e+00,1.2502e+01,2.1677e+00,4.9813e-02
8.1000e+02,7.6800e-01,9.8187e+00,1.2502e+01,2.1795e+00,5.0113e-02
8.2000e+02,7.5612e-01,9.8072e+00,1.2502e+01,2.1911e+00,5.0408e-02
8.3000e+02,7.4444e-01,9.7958e+00,1.2502e+01,2.2025e+00,5.0698e-02
8.4000e+02,7.3296e-01,9.7845e+00,1.2502e+01,2.2137e+00,5.0984e-02
8.5000e+02,7.2166e-01,9.7735e+00,1.2502e+01,2.2247e+00,5.1266e-02
8.6000e+02,7.1055e-01,9.7627e+00,1.2502e+01,2.2355e+00,5.1543e-02
8.7000e+02,6.9962e-01,9.7520e+00,1.2502e+01,2.2462e+00,5.1816e-02
8.8000e+02,6.8887e-01,9.7415e+00,1.2502e+01,2.2566e+00,5.2085e-02
8.9000e+02,6.7829e-01,9.7312e+00,1.2502e+01,2.2670e+00,5.2350e-02
9.0000e+02,6.6789e-01,9.7211e+00,1.2502e+01,2.2771e+00,5.2610e-02
9.1000e+02,6.5766e-01,9.7111e+00,1.2502e+01,2.2871e+00,5.2867e-02
9.2000e+02,6.4760e-01,9.7013e+00,1.2502e+01,2.2969e+00,5.3120e-02
9.3000e+02,6.3769e-01,9.6916e+00,1.2502e+01,2.3065e+00,5.3369e-02
9.4000e+02,6.2795e-01,9.6821e+00,1.2502e+01,2.3160e+00,5.3614e-02
9.5000e+02,6.1837e-01,9.6727e+00,1.2502e+01,2.3254e+00,5.3855e-02
9.6000e+02,6.0894e-01,9.6635e+00,1.2502e+01,2.3346e+00,5.4093e-02
9.7000e+02,5.9966e-01,9.6545e+00,1.2502e+01,2.3436e+00,5.4327e-02
9.8000e+02,5.9053e-01,9.6456e+00,1.2502e+01,2.3525e+00,5.4557e-02
9.9000e+02,5.8155e-01,9.6368e+00,1.2502e+01,2.3613e+00,5.4784e-02
1.0000e+03,5.7271e-01,9.6282e+00,1.2502e+01,2.3699e+00,5.5008e-02
1.0100e+03,5.6402e-01,9.6197e+00,1.2502e+01,2.3784e+00,5.5228e-02
1.0200e+03,5.5546e-01,9.6114e+00,1.2502e+01,2.3867e+00,5.5445e-02
1.0300e+03,5.4704e-01,9.6032e+00,1.2502e+01,2.3949e+00,5.5659e-02
1.0400e+03,5.3875e-01,9.5951e+00,1.2502e+01,2.4030e+00,5.5869e-02
1.0500e+03,5.3060e-01,9.5871e+00,1.2502e+01,2.4109e+00,5.6076e-02
1.0600e+03,5.2257e-01,9.5793e+00,1.2502e+01,2.4187e+00,5.6280e-02
1.0700e+03,5.1468e-01,9.5716e+00,1.2502e+01,2.4264e+00,5.6481e-02
1.0800e+03,5.0691e-01,9.5640e+00,1.2502e+01,2.4340e+00,5.6679e-02
1.0900e+03,4.9926e-01,9.5566e+00,1.2502e+01,2.4415e+00,5.6874e-02
1.1000e+03,4.9173e-01,9.5492e+00,1.2502e+01,2.4488e+00,5.7066e-02
1.1100e+03,4.8432e-01,9.5420e+00,1.2502e+01,2.4560e+00,5.7255e-02
1.1200e+03,4.7703e-01,9.5349e+00,1.2502e+01,2.4631e+00,5.7441e-02
1.1300e+03,4.6985e-01,9.5279e+00,1.2502e+01,2.4701e+00,5.7625e-02
1.1400e+03,4.6278e-01,9.5210e+00,1.2502e+01,2.4770e+00,5.7805e-02
1.1500e+03,4.5583e-01,9.5142e+00,1.2502e+01,2.4838e+00,5.7983e-02
1.1600e+03,4.4899e-01,9.5075e+00,1.2502e+01,2.4905e+00,5.8159e-02
1.1700e+03,4.4225e-01,9.5010e+00,1.2502e+01,2.4970e+00,5.8331e-02
1.1800e+03,4.3562e-01,9.4945e+00,1.2502e+01,2.5035e+00,5.8501e-02
1.1900e+03,4.2909e-01,9.4881e+00,1.2502e+01,2.5098e+00,5.8669e-02
1.2000e+03,4.2266e-01,9.4819e+00,1.2502e+01,2.5161e+00,5.8834e-02
1.2100e+03,4.1633e-01,9.4757e+00,1.2502e+01,2.5223e+00,5.8996e-02
1.2200e+03,4.1010e-01,9.4696e+00,1.2502e+01,2.5283e+00,5.9157e-02
1.2300e+03,4.0397e-01,9.4636e+00,1.2502e+01,2.5343e+00,5.9314e-02
1.2400e+03,3.9794e-01,9.4578e+00,1.2502e+01,2.5402e+00,5.9470e-02
1.2500e+03,3.9199e-01,9.4520e+00,1.2502e+01,2.5460e+00,5.9623e-02
1.2600e+03,3.8614e-01,9.4463e+00,1.2502e+01,2.5517e+00,5.9774e-02
1.2700e+03,3.8038e-01,9.4406e+00,1.2502e+01,2.5573e+00,5.9922e-02
1.2800e+03,3.7471e-01,9.4351e+00,1.2502e+01,2.5628e+00,6.0069e-02
1.2900e+03,3.6913e-01,9.4297e+00,1.2502e+01,2.5683e+00,6.0213e-02
1.3000e+03,3.6363e-01,9.4243e+00,1.2502e+01,2.5736e+00,6.0355e-02
1.3100e+03,3.5822e-01,9.4190e+00,1.2502e+01,2.5789e+00,6.0495e-02
1.3200e+03,3.5289e-01,9.4138e+00,1.2502e+01,2.5841e+00,6.0632e-02
1.3300e+03,3.4764e-01,9.4087e+00,1.2502e+01,2.5892e+00,6.0768e-02
1.3400e+03,3.4248e-01,9.4037e+00,1.2502e+01,2.5942e+00,6.0902e-02
1.3500e+03,3.3739e-01,9.3987e+00,1.2502e+01,2.5992e+00,6.1034e-02
1.3600e+03,3.3238e-01,9.3939e+00,1.2502e+01,2.6041e+00,6.1164e-02
1.3700e+03,3.2745e-01,9.3890e+00,1.2502e+01,2.6089e+00,6.1292e-02
1.3800e+03,3.2259e-01,9.3843e+00,1.2502e+01,2.6136e+00,6.1418e-02
1.3900e+03,3.1781e-01,9.3796e+00,1.2502e+01,2.6183e+00,6.1542e-02
1.4000e+03,3.1310e-01,9.3751e+00,1.2502e+01,2.6228e+00,6.1664e-02
1.4100e+03,3.0846e-01,9.3705e+00,1.2502e+01,2.6274e+00,6.1784e-02
1.4200e+03,3.0390e-01,9.3661e+00,1.2502e+01,2.6318e+00,6.1903e-02
1.4300e+03,2.9940e-01,9.3617e+00,1.2502e+01,2.6362e+00,6.2020e-02
1.4400e+03,2.9497e-01,9.3574e+00,1.2502e+01,2.6405e+00,6.2135e-02
1.4500e+03,2.9061e-01,9.3531e+00,1.2502e+01,2.6447e+00,6.2249e-02
1.4600e+03,2.8631e-01,9.3489e+00,1.2502e+01,2.6489e+00,6.2361e-02
1.4700e+03,2.8208e-01,9.3448e+00,1.2502e+01,2.6530e+00,6.2471e-02
1.4800e+03,2.7792e-01,9.3408e+00,1.2502e+01,2.6571e+00,6.2579e-02
1.4900e+03,2.7382e-01,9.3368e+00,1.2502e+01,2.6611e+00,6.2686e-02
1.5000e+03,2.6977e-01,9.3328e+00,1.2502e+01,2.6650e+00,6.2792e-02
1.5100e+03,2.6580e-01,9.3289e+00,1.2502e+01,2.6689e+00,6.2896e-02
1.5200e+03,2.6188e-01,9.3251e+00,1.2502e+01,2.6727e+00,6.2998e-02
1.5300e+03,2.5802e-01,9.3214e+00,1.2502e+01,2.6765e+00,6.3099e-02
1.5400e+03,2.5422e-01,9.3177e+00,1.2502e+01,2.6802e+00,6.3198e-02
1.5500e+03,2.5047e-01,9.3140e+00,1.2502e+01,2.6838e+00,6.3296e-02
1.5600e+03,2.4678e-01,9.3104e+00,1.2502e+01,2.6874e+00,6.3392e-02
1.5700e+03,2.4315e-01,9.3069e+00,1.2502e+01,2.6910e+00,6.3487e-02
1.5800e+03,2.3958e-01,9.3034e+00,1.2502e+01,2.6944e+00,6.3581e-02
1.5900e+03,2.3605e-01,9.3000e+00,1.2502e+01,2.6979e+00,6.3673e-02
1.6000e+03,2.3258e-01,9.2966e+00,1.2502e+01,2.7013e+00,6.3764e-02
1.6100e+03,2.2916e-01,9.2932e+00,1.2502e+01,2.7046e+00,6.3853e-02
1.6200e+03,2.2580e-01,9.2900e+00,1.2502e+01,2.7079e+00,6.3942e-02
1.6300e+03,2.2248e-01,9.2867e+00,1.2502e+01,2.7111e+00,6.4029e-02
1.6400e+03,2.1921e-01,9.2836e+00,1.2502e+01,2.7143e+00,6.4114e-02
1.6500e+03,2.1600e-01,9.2804e+00,1.2502e+01,2.7174e+00,6.4199e-02
1.6600e+03,2.1283e-01,9.2773e+00,1.2502e+01,2.7205e+00,6.4282e-02
1.6700e+03,2.0971e-01,9.2743e+00,1.2502e+01,2.7235e+00,6.4364e-02
1.6800e+03,2.0663e-01,9.2713e+00,1.2502e+01,2.7265e+00,6.4444e-02
1.6900e+03,2.0360e-01,9.2683e+00,1.2502e+01,2.7295e+00,6.4524e-02
1.7000e+03,2.0062e-01,9.2654e+00,1.2502e+01,2.7324e+00,6.4602e-02
1.7100e+03,1.9768e-01,9.2626e+00,1.2502e+01,2.7352e+00,6.4680e-02
1.7200e+03,1.9478e-01,9.2597e+00,1.2502e+01,2.7381e+00,6.4756e-02
1.7300e+03,1.9193e-01,9.2570e+00,1.2502e+01,2.7408e+00,6.4831e-02
1.7400e+03,1.8912e-01,9.2542e+00,1.2502e+01,2.7436e+00,6.4904e-02
1.7500e+03,1.8635e-01,9.2515e+00,1.2502e+01,2.7463e+00,6.4977e-02
1.7600e+03,1.8363e-01,9.2489e+00,1.2502e+01,2.7489e+00,6.5049e-02
1.7700e+03,1.8094e-01,9.2463e+00,1.2502e+01,2.7515e+00,6.5120e-02
1.7800e+03,1.7830e-01,9.2437e+00,1.2502e+01,2.7541e+00,6.5189e-02
1.7900e+03,1.7569e-01,9.2411e+00,1.2502e+01,2.7567e+00,6.5258e-02
1.8000e+03,1.7312e-01,9.2386e+00,1.2502e+01,2.7592e+00,6.5326e-02
1.8100e+03,1.7059e-01,9.2362e+00,1.2502e+01,2.7616e+00,6.5392e-02
1.8200e+03,1.6810e-01,9.2337e+00,1.2502e+01,2.7640e+00,6.5458e-02
1.8300e+03,1.6565e-01,9.2313e+00,1.2502e+01,2.7664e+00,6.5523e-02
1.8400e+03,1.6323e-01,9.2290e+00,1.2502e+01,2.7688e+00,6.5587e-02
1.8500e+03,1.6085e-01,9.2267e+00,1.2502e+01,2.7711e+00,6.5649e-02
1.8600e+03,1.5850e-01,9.2244e+00,1.2502e+01,2.7734e+00,6.5711e-02
1.8700e+03,1.5619e-01,9.2221e+00,1.2502e+01,2.7756e+00,6.5772e-02
1.8800e+03,1.5391e-01,9.2199e+00,1.2502e+01,2.7779e+00,6.5832e-02
1.8900e+03,1.5166e-01,9.2177e+00,1.2502e+01,2.7800e+00,6.5892e-02
1.9000e+03,1.4945e-01,9.2156e+00,1.2502e+01,2.7822e+00,6.5950e-02
1.9100e+03,1.4727e-01,9.2134e+00,1.2502e+01,2.7843e+00,6.6008e-02
1.9200e+03,1.4513e-01,9.2114e+00,1.2502e+01,2.7864e+00,6.6064e-02
1.9300e+03,1.4301e-01,9.2093e+00,1.2502e+01,2.7885e+00,6.6120e-02
1.9400e+03,1.4093e-01,9.2073e+00,1.2502e+01,2.7905e+00,6.6175e-02
1.9500e+03,1.3888e-01,9.2053e+00,1.2502e+01,2.7925e+00,6.6230e-02
1.9600e+03,1.3685e-01,9.2033e+00,1.2502e+01,2.7945e+00,6.6283e-02
1.9700e+03,1.3486e-01,9.2014e+00,1.2502e+01,2.7964e+00,6.6336e-02
1.9800e+03,1.3290e-01,9.1994e+00,1.2502e+01,2.7983e+00,6.6388e-02
1.9900e+03,1.3096e-01,9.1976e+00,1.2502e+01,2.8002e+00,6.6439e-02
2.0000e+03,1.2906e-01,9.1957e+00,1.2502e+01,2.8021e+00,6.6489e-02
2.0100e+03,1.2718e-01,9.1939e+00,1.2502e+01,2.8039e+00,6.6539e-02
2.0200e+03,1.2533e-01,9.1921e+00,1.2502e+01,2.8057e+00,6.6588e-02
2.0300e+03,1.2351e-01,9.1903e+00,1.2502e+01,2.8075e+00,6.6636e-02
2.0400e+03,1.2171e-01,9.1885e+00,1.2502e+01,2.8092e+00,6.6684e-02
2.0500e+03,1.1994e-01,9.1868e+00,1.2502e+01,2.8109e+00,6.6731e-02
2.0600e+03,1.1820e-01,9.1851e+00,1.2502e+01,2.8126e+00,6.6777e-02
2.0700e+03,1.1648e-01,9.1834e+00,1.2502e+01,2.8143e+00,6.6822e-02
2.0800e+03,1.1479e-01,9.1818e+00,1.2502e+01,2.8159e+00,6.6867e-02
2.0900e+03,1.1312e-01,9.1802e+00,1.2502e+01,2.8176e+00,6.6911e-02
2.1000e+03,1.1148e-01,9.1786e+00,1.2502e+01,2.8192e+00,6.6955e-02
2.1100e+03,1.0986e-01,9.1770e+00,1.2502e+01,2.8207e+00,6.6998e-02
2.1200e+03,1.0826e-01,9.1754e+00,1.2502e+01,2.8223e+00,6.7040e-02
2.1300e+03,1.0669e-01,9.1739e+00,1.2502e+01,2.8238e+00,6.7082e-02
2.1400e+03,1.0514e-01,9.1724e+00,1.2502e+01,2.8253e+00,6.7123e-02
2.1500e+03,1.0362e-01,9.1709e+00,1.2502e+01,2.8268e+00,6.7164e-02
2.1600e+03,1.0211e-01,9.1695e+00,1.2502e+01,2.8283e+00,6.7203e-02
2.1700e+03,1.0063e-01,9.1680e+00,1.2502e+01,2.8297e+00,6.7243e-02
2.1800e+03,9.9173e-02,9.1666e+00,1.2502e+01,2.8311e+00,6.7281e-02
2.1900e+03,9.7735e-02,9.1652e+00,1.2502e+01,2.8325e+00,6.7320e-02
2.2000e+03,9.6317e-02,9.1638e+00,1.2502e+01,2.8339e+00,6.7357e-02
2.2100e+03,9.4921e-02,9.1624e+00,1.2502e+01,2.8353e+00,6.7394e-02
2.2200e+03,9.3544e-02,9.1611e+00,1.2502e+01,2.8366e+00,6.7431e-02
2.2300e+03,9.2188e-02,9.1598e+00,1.2502e+01,2.8379e+00,6.7467e-02
2.2400e+03,9.0852e-02,9.1585e+00,1.2502e+01,2.8392e+00,6.7503e-02
2.2500e+03,8.9535e-02,9.1572e+00,1.2502e+01,2.8405e+00,6.7537e-02
2.2600e+03,8.8238e-02,9.1559e+00,1.2502e+01,2.8418e+00,6.7572e-02
2.2700e+03,8.6959e-02,9.1547e+00,1.2502e+01,2.8430e+00,6.7606e-02
2.2800e+03,8.5699e-02,9.1535e+00,1.2502e+01,2.8443e+00,6.7639e-02
2.2900e+03,8.4458e-02,9.1523e+00,1.2502e+01,2.8455e+00,6.7672e-02
2.3000e+03,8.3235e-02,9.1511e+00,1.2502e+01,2.8467e+00,6.7705e-02
2.3100e+03,8.2029e-02,9.1499e+00,1.2502e+01,2.8478e+00,6.7737e-02
2.3200e+03,8.0842e-02,9.1487e+00,1.2502e+01,2.8490e+00,6.7769e-02
2.3300e+03,7.9671e-02,9.1476e+00,1.2502e+01,2.8501e+00,6.7800e-02
2.3400e+03,7.8518e-02,9.1465e+00,1.2502e+01,2.8513e+00,6.7830e-02
2.3500e+03,7.7381e-02,9.1454e+00,1.2502e+01,2.8524e+00,6.7861e-02
2.3600e+03,7.6261e-02,9.1443e+00,1.2502e+01,2.8535e+00,6.7891e-02
2.3700e+03,7.5158e-02,9.1432e+00,1.2502e+01,2.8545e+00,6.7920e-02
2.3800e+03,7.4070e-02,9.1421e+00,1.2502e+01,2.8556e+00,6.7949e-02
2.3900e+03,7.2998e-02,9.1411e+00,1.2502e+01,2.8566e+00,6.7977e-02
2.4000e+03,7.1942e-02,9.1401e+00,1.2502e+01,2.8577e+00,6.8005e-02
2.4100e+03,7.0901e-02,9.1390e+00,1.2502e+01,2.8587e+00,6.8033e-02
2.4200e+03,6.9876e-02,9.1380e+00,1.2502e+01,2.8597e+00,6.8060e-02
2.4300e+03,6.8865e-02,9.1371e+00,1.2502e+01,2.8606e+00,6.8087e-02
2.4400e+03,6.7869e-02,9.1361e+00,1.2502e+01,2.8616e+00,6.8114e-02
2.4500e+03,6.6888e-02,9.1351e+00,1.2502e+01,2.8626e+00,6.8140e-02
2.4600e+03,6.5921e-02,9.1342e+00,1.2502e+01,2.8635e+00,6.8166e-02
2.4700e+03,6.4968e-02,9.1333e+00,1.2502e+01,2.8644e+00,6.8191e-02
2.4800e+03,6.4029e-02,9.1323e+00,1.2502e+01,2.8654e+00,6.8216e-02
2.4900e+03,6.3103e-02,9.1314e+00,1.2502e+01,2.8663e+00,6.8241e-02
2.5000e+03,6.2191e-02,9.1306e+00,1.2502e+01,2.8671e+00,6.8265e-02
2.5100e+03,6.1292e-02,9.1297e+00,1.2502e+01,2.8680e+00,6.8289e-02
2.5200e+03,6.0407e-02,9.1288e+00,1.2502e+01,2.8689e+00,6.8313e-02
2.5300e+03,5.9534e-02,9.1280e+00,1.2502e+01,2.8697e+00,6.8336e-02
2.5400e+03,5.8674e-02,9.1271e+00,1.2502e+01,2.8706e+00,6.8359e-02
2.5500e+03,5.7826e-02,9.1263e+00,1.2502e+01,2.8714e+00,6.8382e-02
2.5600e+03,5.6991e-02,9.1255e+00,1.2502e+01,2.8722e+00,6.8404e-02
2.5700e+03,5.6168e-02,9.1247e+00,1.2502e+01,2.8730e+00,6.8426e-02
2.5800e+03,5.5356e-02,9.1239e+00,1.2502e+01,2.8738e+00,6.8447e-02
2.5900e+03,5.4557e-02,9.1231e+00,1.2502e+01,2.8746e+00,6.8469e-02
2.6000e+03,5.3769e-02,9.1224e+00,1.2502e+01,2.8753e+00,6.8490e-02
2.6100e+03,5.2993e-02,9.1216e+00,1.2502e+01,2.8761e+00,6.8510e-02
2.6200e+03,5.2227e-02,9.1209e+00,1.2502e+01,2.8768e+00,6.8531e-02
2.6300e+03,5.1473e-02,9.1201e+00,1.2502e+01,2.8776e+00,6.8551e-02
2.6400e+03,5.0730e-02,9.1194e+00,1.2502e+01,2.8783e+00,6.8571e-02
2.6500e+03,4.9998e-02,9.1187e+00,1.2502e+01,2.8790e+00,6.8590e-02
2.6600e+03,4.9276e-02,9.1180e+00,1.2502e+01,2.8797e+00,6.8610e-02
2.6700e+03,4.8565e-02,9.1173e+00,1.2502e+01,2.8804e+00,6.8629e-02
2.6800e+03,4.7864e-02,9.1166e+00,1.2502e+01,2.8811e+00,6.8647e-02
2.6900e+03,4.7173e-02,9.1159e+00,1.2502e+01,2.8818e+00,6.8666e-02
2.7000e+03,4.6493e-02,9.1153e+00,1.2502e+01,2.8824e+00,6.8684e-02
2.7100e+03,4.5822e-02,9.1146e+00,1.2502e+01,2.8831e+00,6.8702e-02
2.7200e+03,4.5161e-02,9.1140e+00,1.2502e+01,2.8837e+00,6.8719e-02
2.7300e+03,4.4509e-02,9.1133e+00,1.2502e+01,2.8844e+00,6.8737e-02
2.7400e+03,4.3867e-02,9.1127e+00,1.2502e+01,2.8850e+00,6.8754e-02
2.7500e+03,4.3234e-02,9.1121e+00,1.2502e+01,2.8856e+00,6.8771e-02
2.7600e+03,4.2611e-02,9.1115e+00,1.2502e+01,2.8862e+00,6.8788e-02
2.7700e+03,4.1996e-02,9.1109e+00,1.2502e+01,2.8868e+00,6.8804e-02
2.7800e+03,4.1390e-02,9.1103e+00,1.2502e+01,2.8874e+00,6.8820e-02
2.7900e+03,4.0793e-02,9.1097e+00,1.2502e+01,2.8880e+00,6.8836e-02
2.8000e+03,4.0205e-02,9.1091e+00,1.2502e+01,2.8885e+00,6.8852e-02
2.8100e+03,3.9625e-02,9.1086e+00,1.2502e+01,2.8891e+00,6.8867e-02
2.8200e+03,3.9054e-02,9.1080e+00,1.2502e+01,2.8897e+00,6.8883e-02
2.8300e+03,3.8491e-02,9.1075e+00,1.2502e+01,2.8902e+00,6.8898e-02
2.8400e+03,3.7936e-02,9.1069e+00,1.2502e+01,2.8908e+00,6.8912e-02
2.8500e+03,3.7389e-02,9.1064e+00,1.2502e+01,2.8913e+00,6.8927e-02
2.8600e+03,3.6850e-02,9.1059e+00,1.2502e+01,2.8918e+00,6.8941e-02
2.8700e+03,3.6319e-02,9.1054e+00,1.2502e+01,2.8923e+00,6.8956e-02
2.8800e+03,3.5795e-02,9.1048e+00,1.2502e+01,2.8928e+00,6.8970e-02
2.8900e+03,3.5279e-02,9.1043e+00,1.2502e+01,2.8933e+00,6.8983e-02
2.9000e+03,3.4771e-02,9.1039e+00,1.2502e+01,2.8938e+00,6.8997e-02
2.9100e+03,3.4270e-02,9.1034e+00,1.2502e+01,2.8943e+00,6.9010e-02
2.9200e+03,3.3776e-02,9.1029e+00,1.2502e+01,2.8948e+00,6.9024e-02
2.9300e+03,3.3289e-02,9.1024e+00,1.2502e+01,2.8953e+00,6.9037e-02
2.9400e+03,3.2809e-02,9.1019e+00,1.2502e+01,2.8957e+00,6.9049e-02
2.9500e+03,3.2337e-02,9.1015e+00,1.2502e+01,2.8962e+00,6.9062e-02
2.9600e+03,3.1871e-02,9.1010e+00,1.2502e+01,2.8967e+00,6.9075e-02
2.9700e+03,3.1411e-02,9.1006e+00,1.2502e+01,2.8971e+00,6.9087e-02
2.9800e+03,3.0959e-02,9.1001e+00,1.2502e+01,2.8975e+00,6.9099e-02
2.9900e+03,3.0513e-02,9.0997e+00,1.2502e+01,2.8980e+00,6.9111e-02
3.0000e+03,3.0073e-02,9.0993e+00,1.2502e+01,2.8984e+00,6.9123e-02
3.0100e+03,2.9640e-02,9.0989e+00,1.2502e+01,2.8988e+00,6.9134e-02
3.0200e+03,2.9213e-02,9.0984e+00,1.2502e+01,2.8992e+00,6.9146e-02
3.0300e+03,2.8792e-02,9.0980e+00,1.2502e+01,2.8997e+00,6.9157e-02
3.0400e+03,2.8378e-02,9.0976e+00,1.2502e+01,2.9001e+00,6.9168e-02
3.0500e+03,2.7969e-02,9.0972e+00,1.2502e+01,2.9005e+00,6.9179e-02
3.0600e+03,2.7566e-02,9.0968e+00,1.2502e+01,2.9008e+00,6.9190e-02
3.0700e+03,2.7169e-02,9.0964e+00,1.2502e+01,2.9012e+00,6.9200e-02
3.0800e+03,2.6778e-02,9.0961e+00,1.2502e+01,2.9016e+00,6.9211e-02
3.0900e+03,2.6392e-02,9.0957e+00,1.2502e+01,2.9020e+00,6.9221e-02
3.1000e+03,2.6012e-02,9.0953e+00,1.2502e+01,2.9024e+00,6.9231e-02
3.1100e+03,2.5638e-02,9.0950e+00,1.2502e+01,2.9027e+00,6.9241e-02
3.1200e+03,2.5268e-02,9.0946e+00,1.2502e+01,2.9031e+00,6.9251e-02
3.1300e+03,2.4905e-02,9.0942e+00,1.2502e+01,2.9034e+00,6.9261e-02
3.1400e+03,2.4546e-02,9.0939e+00,1.2502e+01,2.9038e+00,6.9270e-02
3.1500e+03,2.4193e-02,9.0935e+00,1.2502e+01,2.9041e+00,6.9280e-02
3.1600e+03,2.3844e-02,9.0932e+00,1.2502e+01,2.9045e+00,6.9289e-02
3.1700e+03,2.3501e-02,9.0929e+00,1.2502e+01,2.9048e+00,6.9298e-02
3.1800e+03,2.3163e-02,9.0925e+00,1.2502e+01,2.9051e+00,6.9307e-02
3.1900e+03,2.2829e-02,9.0922e+00,1.2502e+01,2.9055e+00,6.9316e-02
3.2000e+03,2.2501e-02,9.0919e+00,1.2502e+01,2.9058e+00,6.9325e-02
3.2100e+03,2.2177e-02,9.0916e+00,1.2502e+01,2.9061e+00,6.9334e-02
3.2200e+03,2.1857e-02,9.0913e+00,1.2502e+01,2.9064e+00,6.9342e-02
3.2300e+03,2.1543e-02,9.0910e+00,1.2502e+01,2.9067e+00,6.9351e-02
3.2400e+03,2.1233e-02,9.0907e+00,1.2502e+01,2.9070e+00,6.9359e-02
3.2500e+03,2.0927e-02,9.0904e+00,1.2502e+01,2.9073e+00,6.9367e-02
3.2600e+03,2.0626e-02,9.0901e+00,1.2502e+01,2.9076e+00,6.9375e-02
3.2700e+03,2.0329e-02,9.0898e+00,1.2502e+01,2.9079e+00,6.9383e-02
3.2800e+03,2.0037e-02,9.0895e+00,1.2502e+01,2.9082e+00,6.9391e-02
3.2900e+03,1.9748e-02,9.0892e+00,1.2502e+01,2.9085e+00,6.9399e-02
3.3000e+03,1.9464e-02,9.0889e+00,1.2502e+01,2.9087e+00,6.9406e-02
3.3100e+03,1.9184e-02,9.0887e+00,1.2502e+01,2.9090e+00,6.9414e-02
3.3200e+03,1.8908e-02,9.0884e+00,1.2502e+01,2.9093e+00,6.9421e-02
3.3300e+03,1.8636e-02,9.0881e+00,1.2502e+01,2.9095e+00,6.9429e-02
3.3400e+03,1.8368e-02,9.0879e+00,1.2502e+01,2.9098e+00,6.9436e-02
3.3500e+03,1.8103e-02,9.0876e+00,1.2502e+01,2.9101e+00,6.9443e-02
3.3600e+03,1.7843e-02,9.0874e+00,1.2502e+01,2.9103e+00,6.9450e-02
3.3700e+03,1.7586e-02,9.0871e+00,1.2502e+01,2.9106e+00,6.9457e-02
3.3800e+03,1.7333e-02,9.0869e+00,1.2502e+01,2.9108e+00,6.9464e-02
3.3900e+03,1.7084e-02,9.0866e+00,1.2502e+01,2.9110e+00,6.9470e-02
3.4000e+03,1.6838e-02,9.0864e+00,1.2502e+01,2.9113e+00,6.9477e-02
3.4100e+03,1.6596e-02,9.0861e+00,1.2502e+01,2.9115e+00,6.9483e-02
3.4200e+03,1.6357e-02,9.0859e+00,1.2502e+01,2.9118e+00,6.9490e-02
3.4300e+03,1.6122e-02,9.0857e+00,1.2502e+01,2.9120e+00,6.9496e-02
3.4400e+03,1.5890e-02,9.0855e+00,1.2502e+01,2.9122e+00,6.9502e-02
3.4500e+03,1.5661e-02,9.0852e+00,1.2502e+01,2.9124e+00,6.9508e-02
3.4600e+03,1.5436e-02,9.0850e+00,1.2502e+01,2.9127e+00,6.9514e-02
3.4700e+03,1.5214e-02,9.0848e+00,1.2502e+01,2.9129e+00,6.9520e-02
3.4800e+03,1.4995e-02,9.0846e+00,1.2502e+01,2.9131e+00,6.9526e-02
3.4900e+03,1.4779e-02,9.0844e+00,1.2502e+01,2.9133e+00,6.9532e-02
3.5000e+03,1.4567e-02,9.0842e+00,1.2502e+01,2.9135e+00,6.9538e-02
3.5100e+03,1.4357e-02,9.0840e+00,1.2502e+01,2.9137e+00,6.9543e-02
3.5200e+03,1.4151e-02,9.0838e+00,1.2502e+01,2.9139e+00,6.9549e-02
3.5300e+03,1.3947e-02,9.0836e+00,1.2502e+01,2.9141e+00,6.9554e-02
3.5400e+03,1.3747e-02,9.0834e+00,1.2502e+01,2.9143e+00,6.9560e-02
3.5500e+03,1.3549e-02,9.0832e+00,1.2502e+01,2.9145e+00,6.9565e-02
3.5600e+03,1.3354e-02,9.0830e+00,1.2502e+01,2.9147e+00,6.9570e-02
3.5700e+03,1.3162e-02,9.0828e+00,1.2502e+01,2.9149e+00,6.9575e-02
3.5800e+03,1.2973e-02,9.0826e+00,1.2502e+01,2.9150e+00,6.9580e-02
3.5900e+03,1.2786e-02,9.0824e+00,1.2502e+01,2.9152e+00,6.9585e-02
3.6000e+03,1.2602e-02,9.0823e+00,1.2502e+01,2.9154e+00,6.9590e-02
3.6100e+03,1.2421e-02,9.0821e+00,1.2502e+01,2.9156e+00,6.9595e-02
3.6200e+03,1.2242e-02,9.0819e+00,1.2502e+01,2.9158e+00,6.9600e-02
3.6300e+03,1.2066e-02,9.0817e+00,1.2502e+01,2.9159e+00,6.9605e-02
3.6400e+03,1.1893e-02,9.0816e+00,1.2502e+01,2.9161e+00,6.9609e-02
3.6500e+03,1.1722e-02,9.0814e+00,1.2502e+01,2.9163e+00,6.9614e-02
3.6600e+03,1.1553e-02,9.0812e+00,1.2502e+01,2.9164e+00,6.9618e-02
3.6700e+03,1.1387e-02,9.0811e+00,1.2502e+01,2.9166e+00,6.9623e-02
3.6800e+03,1.1223e-02,9.0809e+00,1.2502e+01,2.9168e+00,6.9627e-02
3.6900e+03,1.1062e-02,9.0808e+00,1.2502e+01,2.9169e+00,6.9631e-02
3.7000e+03,1.0903e-02,9.0806e+00,1.2502e+01,2.9171e+00,6.9636e-02
3.7100e+03,1.0746e-02,9.0805e+00,1.2502e+01,2.9172e+00,6.9640e-02
3.7200e+03,1.0592e-02,9.0803e+00,1.2502e+01,2.9174e+00,6.9644e-02
3.7300e+03,1.0439e-02,9.0802e+00,1.2502e+01,2.9175e+00,6.9648e-02
3.7400e+03,1.0289e-02,9.0800e+00,1.2502e+01,2.9177e+00,6.9652e-02
3.7500e+03,1.0141e-02,9.0799e+00,1.2502e+01,2.9178e+00,6.9656e-02
3.7600e+03,9.9956e-03,9.0797e+00,1.2502e+01,2.9179e+00,6.9660e-02
3.7700e+03,9.8519e-03,9.0796e+00,1.2502e+01,2.9181e+00,6.9664e-02
3.7800e+03,9.7102e-03,9.0794e+00,1.2502e+01,2.9182e+00,6.9668e-02
3.7900e+03,9.5706e-03,9.0793e+00,1.2502e+01,2.9184e+00,6.9671e-02
3.8000e+03,9.4330e-03,9.0792e+00,1.2502e+01,2.9185e+00,6.9675e-02
3.8100e+03,9.2974e-03,9.0790e+00,1.2502e+01,2.9186e+00,6.9679e-02
3.8200e+03,9.1638e-03,9.0789e+00,1.2502e+01,2.9188e+00,6.9682e-02
3.8300e+03,9.0320e-03,9.0788e+00,1.2502e+01,2.9189e+00,6.9686e-02
3.8400e+03,8.9022e-03,9.0787e+00,1.2502e+01,2.9190e+00,6.9689e-02
3.8500e+03,8.7742e-03,9.0785e+00,1.2502e+01,2.9191e+00,6.9693e-02
3.8600e+03,8.6481e-03,9.0784e+00,1.2502e+01,2.9193e+00,6.9696e-02
3.8700e+03,8.5238e-03,9.0783e+00,1.2502e+01,2.9194e+00,6.9699e-02
3.8800e+03,8.4013e-03,9.0782e+00,1.2502e+01,2.9195e+00,6.9703e-02
3.8900e+03,8.2805e-03,9.0780e+00,1.2502e+01,2.9196e+00,6.9706e-02
3.9000e+03,8.1615e-03,9.0779e+00,1.2502e+01,2.9197e+00,6.9709e-02
3.9100e+03,8.0442e-03,9.0778e+00,1.2502e+01,2.9198e+00,6.9712e-02
3.9200e+03,7.9285e-03,9.0777e+00,1.2502e+01,2.9200e+00,6.9715e-02
3.9300e+03,7.8146e-03,9.0776e+00,1.2502e+01,2.9201e+00,6.9718e-02
3.9400e+03,7.7022e-03,9.0775e+00,1.2502e+01,2.9202e+00,6.9722e-02
3.9500e+03,7.5915e-03,9.0774e+00,1.2502e+01,2.9203e+00,6.9724e-02
3.9600e+03,7.4824e-03,9.0773e+00,1.2502e+01,2.9204e+00,6.9727e-02
3.9700e+03,7.3749e-03,9.0772e+00,1.2502e+01,2.9205e+00,6.9730e-02
3.9800e+03,7.2689e-03,9.0771e+00,1.2502e+01,2.9206e+00,6.9733e-02
3.9900e+03,7.1644e-03,9.0770e+00,1.2502e+01,2.9207e+00,6.9736e-02
4.0000e+03,7.0614e-03,9.0769e+00,1.2502e+01,2.9208e+00,6.9739e-02
4.0100e+03,6.9599e-03,9.0768e+00,1.2502e+01,2.9209e+00,6.9741e-02
4.0200e+03,6.8599e-03,9.0767e+00,1.2502e+01,2.9210e+00,6.9744e-02
4.0300e+03,6.7613e-03,9.0766e+00,1.2502e+01,2.9211e+00,6.9747e-02
4.0400e+03,6.6641e-03,9.0765e+00,1.2502e+01,2.9212e+00,6.9749e-02
4.0500e+03,6.5684e-03,9.0764e+00,1.2502e+01,2.9213e+00,6.9752e-02
4.0600e+03,6.4740e-03,9.0763e+00,1.2502e+01,2.9214e+00,6.9754e-02
4.0700e+03,6.3809e-03,9.0762e+00,1.2502e+01,2.9215e+00,6.9757e-02
4.0800e+03,6.2892e-03,9.0761e+00,1.2502e+01,2.9216e+00,6.9759e-02
4.0900e+03,6.1988e-03,9.0760e+00,1.2502e+01,2.9216e+00,6.9762e-02
4.1000e+03,6.1097e-03,9.0759e+00,1.2502e+01,2.9217e+00,6.9764e-02
4.1100e+03,6.0219e-03,9.0758e+00,1.2502e+01,2.9218e+00,6.9767e-02
4.1200e+03,5.9354e-03,9.0758e+00,1.2502e+01,2.9219e+00,6.9769e-02
4.1300e+03,5.8501e-03,9.0757e+00,1.2502e+01,2.9220e+00,6.9771e-02
4.1400e+03,5.7660e-03,9.0756e+00,1.2502e+01,2.9221e+00,6.9773e-02
4.1500e+03,5.6832e-03,9.0755e+00,1.2502e+01,2.9221e+00,6.9776e-02
4.1600e+03,5.6015e-03,9.0754e+00,1.2502e+01,2.9222e+00,6.9778e-02
4.1700e+03,5.5210e-03,9.0754e+00,1.2502e+01,2.9223e+00,6.9780e-02
4.1800e+03,5.4417e-03,9.0753e+00,1.2502e+01,2.9224e+00,6.9782e-02
4.1900e+03,5.3635e-03,9.0752e+00,1.2502e+01,2.9225e+00,6.9784e-02
4.2000e+03,5.2864e-03,9.0751e+00,1.2502e+01,2.9225e+00,6.9786e-02
4.2100e+03,5.2104e-03,9.0751e+00,1.2502e+01,2.9226e+00,6.9788e-02
4.2200e+03,5.1355e-03,9.0750e+00,1.2502e+01,2.9227e+00,6.9790e-02
4.2300e+03,5.0617e-03,9.0749e+00,1.2502e+01,2.9227e+00,6.9792e-02
4.2400e+03,4.9890e-03,9.0748e+00,1.2502e+01,2.9228e+00,6.9794e-02
4.2500e+03,4.9173e-03,9.0748e+00,1.2502e+01,2.9229e+00,6.9796e-02
4.2600e+03,4.8467e-03,9.0747e+00,1.2502e+01,2.9230e+00,6.9798e-02
4.2700e+03,4.7770e-03,9.0746e+00,1.2502e+01,2.9230e+00,6.9800e-02
4.2800e+03,4.7084e-03,9.0746e+00,1.2502e+01,2.9231e+00,6.9802e-02
4.2900e+03,4.6407e-03,9.0745e+00,1.2502e+01,2.9232e+00,6.9804e-02
4.3000e+03,4.5740e-03,9.0744e+00,1.2502e+01,2.9232e+00,6.9805e-02
4.3100e+03,4.5083e-03,9.0744e+00,1.2502e+01,2.9233e+00,6.9807e-02
4.3200e+03,4.4435e-03,9.0743e+00,1.2502e+01,2.9233e+00,6.9809e-02
4.3300e+03,4.3797e-03,9.0742e+00,1.2502e+01,2.9234e+00,6.9811e-02
4.3400e+03,4.3167e-03,9.0742e+00,1.2502e+01,2.9235e+00,6.9812e-02
4.3500e+03,4.2547e-03,9.0741e+00,1.2502e+01,2.9235e+00,6.9814e-02
4.3600e+03,4.1936e-03,9.0741e+00,1.2502e+01,2.9236e+00,6.9816e-02
4.3700e+03,4.1333e-03,9.0740e+00,1.2502e+01,2.9237e+00,6.9817e-02
4.3800e+03,4.0739e-03,9.0740e+00,1.2502e+01,2.9237e+00,6.9819e-02
4.3900e+03,4.0154e-03,9.0739e+00,1.2502e+01,2.9238e+00,6.9820e-02
4.4000e+03,3.9577e-03,9.0738e+00,1.2502e+01,2.9238e+00,6.9822e-02
4.4100e+03,3.9008e-03,9.0738e+00,1.2502e+01,2.9239e+00,6.9823e-02
4.4200e+03,3.8448e-03,9.0737e+00,1.2502e+01,2.9239e+00,6.9825e-02
4.4300e+03,3.7896e-03,9.0737e+00,1.2502e+01,2.9240e+00,6.9826e-02
4.4400e+03,3.7351e-03,9.0736e+00,1.2502e+01,2.9240e+00,6.9828e-02
4.4500e+03,3.6814e-03,9.0736e+00,1.2502e+01,2.9241e+00,6.9829e-02
4.4600e+03,3.6286e-03,9.0735e+00,1.2502e+01,2.9241e+00,6.9831e-02
4.4700e+03,3.5764e-03,9.0735e+00,1.2502e+01,2.9242e+00,6.9832e-02
