t,[L2M],[D],[L],[L2MD],[L2Ms]
0.0000e+00,3.0000e+00,4.5000e+00,7.5000e+00,0.0000e+00,0.0000e+00
1.0000e+01,2.9596e+00,4.4654e+00,7.5040e+00,3.4476e-02,1.9227e-03
2.0000e+01,2.9237e+00,4.4314e+00,7.5040e+00,6.8457e-02,3.8324e-03
3.0000e+01,2.8885e+00,4.3980e+00,7.5040e+00,1.0178e-01,5.7194e-03
4.0000e+01,2.8540e+00,4.3653e+00,7.5040e+00,1.3446e-01,7.5840e-03
5.0000e+01,2.8201e+00,4.3332e+00,7.5040e+00,1.6652e-01,9.4268e-03
6.0000e+01,2.7868e+00,4.3017e+00,7.5040e+00,1.9797e-01,1.1248e-02
7.0000e+01,2.7541e+00,4.2708e+00,7.5040e+00,2.2883e-01,1.3048e-02
8.0000e+01,2.7221e+00,4.2405e+00,7.5040e+00,2.5912e-01,1.4827e-02
9.0000e+01,2.6906e+00,4.2107e+00,7.5040e+00,2.8886e-01,1.6586e-02
1.0000e+02,2.6596e+00,4.1815e+00,7.5040e+00,3.1804e-01,1.8325e-02
1.1000e+02,2.6293e+00,4.1528e+00,7.5040e+00,3.4670e-01,2.0045e-02
1.2000e+02,2.5994e+00,4.1246e+00,7.5040e+00,3.7484e-01,2.1745e-02
1.3000e+02,2.5701e+00,4.0969e+00,7.5040e+00,4.0248e-01,2.3426e-02
1.4000e+02,2.5413e+00,4.0697e+00,7.5040e+00,4.2964e-01,2.5088e-02
1.5000e+02,2.5130e+00,4.0430e+00,7.5040e+00,4.5631e-01,2.6732e-02
1.6000e+02,2.4851e+00,4.0168e+00,7.5040e+00,4.8252e-01,2.8358e-02
1.7000e+02,2.4578e+00,3.9910e+00,7.5040e+00,5.0828e-01,2.9966e-02
1.8000e+02,2.4309e+00,3.9656e+00,7.5040e+00,5.3359e-01,3.1557e-02
1.9000e+02,2.4044e+00,3.9407e+00,7.5040e+00,5.5847e-01,3.3130e-02
2.0000e+02,2.3784e+00,3.9162e+00,7.5040e+00,5.8294e-01,3.4687e-02
2.1000e+02,2.3528e+00,3.8921e+00,7.5040e+00,6.0699e-01,3.6227e-02
2.2000e+02,2.3276e+00,3.8685e+00,7.5040e+00,6.3064e-01,3.7751e-02
2.3000e+02,2.3029e+00,3.8452e+00,7.5040e+00,6.5390e-01,3.9258e-02
2.4000e+02,2.2785e+00,3.8223e+00,7.5040e+00,6.7678e-01,4.0750e-02
2.5000e+02,2.2545e+00,3.7997e+00,7.5040e+00,6.9928e-01,4.2227e-02
2.6000e+02,2.2309e+00,3.7776e+00,7.5040e+00,7.2142e-01,4.3688e-02
2.7000e+02,2.2077e+00,3.7557e+00,7.5040e+00,7.4321e-01,4.5133e-02
2.8000e+02,2.1848e+00,3.7343e+00,7.5040e+00,7.6464e-01,4.6564e-02
2.9000e+02,2.1623e+00,3.7132e+00,7.5040e+00,7.8574e-01,4.7981e-02
3.0000e+02,2.1401e+00,3.6924e+00,7.5040e+00,8.0651e-01,4.9383e-02
3.1000e+02,2.1183e+00,3.6719e+00,7.5040e+00,8.2695e-01,5.0771e-02
3.2000e+02,2.0968e+00,3.6517e+00,7.5040e+00,8.4707e-01,5.2145e-02
3.3000e+02,2.0756e+00,3.6319e+00,7.5040e+00,8.6688e-01,5.3505e-02
3.4000e+02,2.0548e+00,3.6124e+00,7.5040e+00,8.8639e-01,5.4851e-02
3.5000e+02,2.0342e+00,3.5931e+00,7.5040e+00,9.0560e-01,5.6184e-02
3.6000e+02,2.0140e+00,3.5742e+00,7.5040e+00,9.2453e-01,5.7504e-02
3.7000e+02,1.9940e+00,3.5555e+00,7.5040e+00,9.4316e-01,5.8811e-02
3.8000e+02,1.9744e+00,3.5371e+00,7.5040e+00,9.6152e-01,6.0105e-02
3.9000e+02,1.9550e+00,3.5190e+00,7.5040e+00,9.7961e-01,6.1387e-02
4.0000e+02,1.9359e+00,3.5012e+00,7.5040e+00,9.9743e-01,6.2656e-02
4.1000e+02,1.9171e+00,3.4836e+00,7.5040e+00,1.0150e+00,6.3913e-02
4.2000e+02,1.8986e+00,3.4663e+00,7.5040e+00,1.0323e+00,6.5158e-02
4.3000e+02,1.8803e+00,3.4492e+00,7.5040e+00,1.0493e+00,6.6391e-02
4.4000e+02,1.8622e+00,3.4324e+00,7.5040e+00,1.0662e+00,6.7612e-02
4.5000e+02,1.8445e+00,3.4158e+00,7.5040e+00,1.0827e+00,6.8822e-02
4.6000e+02,1.8269e+00,3.3994e+00,7.5040e+00,1.0991e+00,7.0020e-02
4.7000e+02,1.8096e+00,3.3833e+00,7.5040e+00,1.1152e+00,7.1207e-02
4.8000e+02,1.7926e+00,3.3674e+00,7.5040e+00,1.1310e+00,7.2383e-02
4.9000e+02,1.7758e+00,3.3517e+00,7.5040e+00,1.1467e+00,7.3548e-02
5.0000e+02,1.7592e+00,3.3363e+00,7.5040e+00,1.1621e+00,7.4702e-02
5.1000e+02,1.7428e+00,3.3210e+00,7.5040e+00,1.1773e+00,7.5845e-02
5.2000e+02,1.7267e+00,3.3060e+00,7.5040e+00,1.1924e+00,7.6978e-02
5.3000e+02,1.7107e+00,3.2912e+00,7.5040e+00,1.2072e+00,7.8100e-02
5.4000e+02,1.6950e+00,3.2766e+00,7.5040e+00,1.2218e+00,7.9213e-02
5.5000e+02,1.6795e+00,3.2621e+00,7.5040e+00,1.2362e+00,8.0315e-02
5.6000e+02,1.6642e+00,3.2479e+00,7.5040e+00,1.2504e+00,8.1407e-02
5.7000e+02,1.6491e+00,3.2338e+00,7.5040e+00,1.2644e+00,8.2489e-02
5.8000e+02,1.6342e+00,3.2200e+00,7.5040e+00,1.2783e+00,8.3562e-02
5.9000e+02,1.6194e+00,3.2063e+00,7.5040e+00,1.2919e+00,8.4625e-02
6.0000e+02,1.6049e+00,3.1928e+00,7.5040e+00,1.3054e+00,8.5678e-02
6.1000e+02,1.5905e+00,3.1795e+00,7.5040e+00,1.3187e+00,8.6722e-02
6.2000e+02,1.5764e+00,3.1663e+00,7.5040e+00,1.3319e+00,8.7757e-02
6.3000e+02,1.5624e+00,3.1533e+00,7.5040e+00,1.3448e+00,8.8783e-02
6.4000e+02,1.5486e+00,3.1405e+00,7.5040e+00,1.3576e+00,8.9799e-02
6.5000e+02,1.5349e+00,3.1279e+00,7.5040e+00,1.3703e+00,9.0807e-02
6.6000e+02,1.5215e+00,3.1154e+00,7.5040e+00,1.3827e+00,9.1806e-02
6.7000e+02,1.5082e+00,3.1030e+00,7.5040e+00,1.3951e+00,9.2797e-02
6.8000e+02,1.4950e+00,3.0909e+00,7.5040e+00,1.4072e+00,9.3778e-02
6.9000e+02,1.4820e+00,3.0788e+00,7.5040e+00,1.4192e+00,9.4751e-02
7.0000e+02,1.4692e+00,3.0670e+00,7.5040e+00,1.4311e+00,9.5716e-02
7.1000e+02,1.4565e+00,3.0552e+00,7.5040e+00,1.4428e+00,9.6673e-02
7.2000e+02,1.4440e+00,3.0437e+00,7.5040e+00,1.4544e+00,9.7621e-02
7.3000e+02,1.4316e+00,3.0322e+00,7.5040e+00,1.4658e+00,9.8562e-02
7.4000e+02,1.4194e+00,3.0209e+00,7.5040e+00,1.4771e+00,9.9494e-02
7.5000e+02,1.4074e+00,3.0098e+00,7.5040e+00,1.4882e+00,1.0042e-01
7.6000e+02,1.3954e+00,2.9987e+00,7.5040e+00,1.4993e+00,1.0134e-01
7.7000e+02,1.3836e+00,2.9878e+00,7.5040e+00,1.5101e+00,1.0224e-01
7.8000e+02,1.3720e+00,2.9771e+00,7.5040e+00,1.5209e+00,1.0315e-01
7.9000e+02,1.3605e+00,2.9664e+00,7.5040e+00,1.5315e+00,1.0404e-01
8.0000e+02,1.3491e+00,2.9559e+00,7.5040e+00,1.5420e+00,1.0493e-01
8.1000e+02,1.3378e+00,2.9455e+00,7.5040e+00,1.5524e+00,1.0580e-01
8.2000e+02,1.3267e+00,2.9353e+00,7.5040e+00,1.5626e+00,1.0668e-01
8.3000e+02,1.3157e+00,2.9251e+00,7.5040e+00,1.5728e+00,1.0754e-01
8.4000e+02,1.3048e+00,2.9151e+00,7.5040e+00,1.5828e+00,1.0840e-01
8.5000e+02,1.2941e+00,2.9052e+00,7.5040e+00,1.5927e+00,1.0925e-01
8.6000e+02,1.2834e+00,2.8954e+00,7.5040e+00,1.6025e+00,1.1009e-01
8.7000e+02,1.2729e+00,2.8857e+00,7.5040e+00,1.6121e+00,1.1093e-01
8.8000e+02,1.2625e+00,2.8761e+00,7.5040e+00,1.6217e+00,1.1176e-01
8.9000e+02,1.2523e+00,2.8666e+00,7.5040e+00,1.6312e+00,1.1258e-01
9.0000e+02,1.2421e+00,2.8573e+00,7.5040e+00,1.6405e+00,1.1340e-01
9.1000e+02,1.2321e+00,2.8480e+00,7.5040e+00,1.6497e+00,1.1421e-01
9.2000e+02,1.2221e+00,2.8389e+00,7.5040e+00,1.6589e+00,1.1501e-01
9.3000e+02,1.2123e+00,2.8298e+00,7.5040e+00,1.6679e+00,1.1581e-01
9.4000e+02,1.2026e+00,2.8209e+00,7.5040e+00,1.6769e+00,1.1660e-01
9.5000e+02,1.1929e+00,2.8120e+00,7.5040e+00,1.6857e+00,1.1738e-01
9.6000e+02,1.1834e+00,2.8033e+00,7.5040e+00,1.6944e+00,1.1816e-01
9.7000e+02,1.1740e+00,2.7946e+00,7.5040e+00,1.7031e+00,1.1893e-01
9.8000e+02,1.1647e+00,2.7861e+00,7.5040e+00,1.7116e+00,1.1970e-01
9.9000e+02,1.1555e+00,2.7776e+00,7.5040e+00,1.7201e+00,1.2046e-01
1.0000e+03,1.1464e+00,2.7692e+00,7.5040e+00,1.7284e+00,1.2121e-01
1.0100e+03,1.1373e+00,2.7610e+00,7.5040e+00,1.7367e+00,1.2196e-01
1.0200e+03,1.1284e+00,2.7528e+00,7.5040e+00,1.7449e+00,1.2270e-01
1.0300e+03,1.1196e+00,2.7447e+00,7.5040e+00,1.7530e+00,1.2344e-01
1.0400e+03,1.1109e+00,2.7366e+00,7.5040e+00,1.7610e+00,1.2417e-01
1.0500e+03,1.1022e+00,2.7287e+00,7.5040e+00,1.7689e+00,1.2489e-01
1.0600e+03,1.0936e+00,2.7209e+00,7.5040e+00,1.7767e+00,1.2561e-01
1.0700e+03,1.0852e+00,2.7131e+00,7.5040e+00,1.7845e+00,1.2633e-01
1.0800e+03,1.0768e+00,2.7054e+00,7.5040e+00,1.7922e+00,1.2703e-01
1.0900e+03,1.0685e+00,2.6978e+00,7.5040e+00,1.7998e+00,1.2774e-01
1.1000e+03,1.0603e+00,2.6903e+00,7.5040e+00,1.8073e+00,1.2843e-01
1.1100e+03,1.0522e+00,2.6828e+00,7.5040e+00,1.8147e+00,1.2913e-01
1.1200e+03,1.0441e+00,2.6755e+00,7.5040e+00,1.8221e+00,1.2981e-01
1.1300e+03,1.0361e+00,2.6682e+00,7.5040e+00,1.8294e+00,1.3049e-01
1.1400e+03,1.0283e+00,2.6610e+00,7.5040e+00,1.8366e+00,1.3117e-01
1.1500e+03,1.0205e+00,2.6538e+00,7.5040e+00,1.8437e+00,1.3184e-01
1.1600e+03,1.0127e+00,2.6467e+00,7.5040e+00,1.8508e+00,1.3251e-01
1.1700e+03,1.0051e+00,2.6397e+00,7.5040e+00,1.8578e+00,1.3317e-01
1.1800e+03,9.9750e-01,2.6328e+00,7.5040e+00,1.8647e+00,1.3383e-01
1.1900e+03,9.9000e-01,2.6260e+00,7.5040e+00,1.8715e+00,1.3448e-01
1.2000e+03,9.8257e-01,2.6192e+00,7.5040e+00,1.8783e+00,1.3512e-01
1.2100e+03,9.7521e-01,2.6124e+00,7.5040e+00,1.8850e+00,1.3576e-01
1.2200e+03,9.6793e-01,2.6058e+00,7.5040e+00,1.8917e+00,1.3640e-01
1.2300e+03,9.6072e-01,2.5992e+00,7.5040e+00,1.8983e+00,1.3703e-01
1.2400e+03,9.5358e-01,2.5927e+00,7.5040e+00,1.9048e+00,1.3766e-01
1.2500e+03,9.4650e-01,2.5862e+00,7.5040e+00,1.9112e+00,1.3828e-01
1.2600e+03,9.3950e-01,2.5798e+00,7.5040e+00,1.9176e+00,1.3890e-01
1.2700e+03,9.3256e-01,2.5735e+00,7.5040e+00,1.9239e+00,1.3952e-01
1.2800e+03,9.2569e-01,2.5672e+00,7.5040e+00,1.9302e+00,1.4013e-01
1.2900e+03,9.1888e-01,2.5610e+00,7.5040e+00,1.9364e+00,1.4073e-01
1.3000e+03,9.1214e-01,2.5549e+00,7.5040e+00,1.9425e+00,1.4133e-01
1.3100e+03,9.0546e-01,2.5488e+00,7.5040e+00,1.9486e+00,1.4193e-01
1.3200e+03,8.9885e-01,2.5427e+00,7.5040e+00,1.9546e+00,1.4252e-01
1.3300e+03,8.9229e-01,2.5368e+00,7.5040e+00,1.9606e+00,1.4310e-01
1.3400e+03,8.8580e-01,2.5308e+00,7.5040e+00,1.9665e+00,1.4369e-01
1.3500e+03,8.7937e-01,2.5250e+00,7.5040e+00,1.9724e+00,1.4427e-01
1.3600e+03,8.7300e-01,2.5192e+00,7.5040e+00,1.9782e+00,1.4484e-01
1.3700e+03,8.6669e-01,2.5134e+00,7.5040e+00,1.9839e+00,1.4541e-01
1.3800e+03,8.6044e-01,2.5077e+00,7.5040e+00,1.9896e+00,1.4598e-01
1.3900e+03,8.5424e-01,2.5021e+00,7.5040e+00,1.9952e+00,1.4654e-01
1.4000e+03,8.4810e-01,2.4965e+00,7.5040e+00,2.0008e+00,1.4710e-01
1.4100e+03,8.4202e-01,2.4910e+00,7.5040e+00,2.0063e+00,1.4765e-01
1.4200e+03,8.3599e-01,2.4855e+00,7.5040e+00,2.0118e+00,1.4820e-01
1.4300e+03,8.3002e-01,2.4801e+00,7.5040e+00,2.0172e+00,1.4875e-01
1.4400e+03,8.2410e-01,2.4747e+00,7.5040e+00,2.0226e+00,1.4929e-01
1.4500e+03,8.1824e-01,2.4693e+00,7.5040e+00,2.0279e+00,1.4983e-01
1.4600e+03,8.1242e-01,2.4641e+00,7.5040e+00,2.0332e+00,1.5036e-01
1.4700e+03,8.0666e-01,2.4588e+00,7.5040e+00,2.0384e+00,1.5090e-01
1.4800e+03,8.0096e-01,2.4536e+00,7.5040e+00,2.0436e+00,1.5142e-01
1.4900e+03,7.9530e-01,2.4485e+00,7.5040e+00,2.0488e+00,1.5195e-01
1.5000e+03,7.8969e-01,2.4434e+00,7.5040e+00,2.0538e+00,1.5247e-01
1.5100e+03,7.8414e-01,2.4384e+00,7.5040e+00,2.0589e+00,1.5298e-01
1.5200e+03,7.7863e-01,2.4334e+00,7.5040e+00,2.0639e+00,1.5350e-01
1.5300e+03,7.7317e-01,2.4284e+00,7.5040e+00,2.0688e+00,1.5400e-01
1.5400e+03,7.6776e-01,2.4235e+00,7.5040e+00,2.0737e+00,1.5451e-01
1.5500e+03,7.6240e-01,2.4186e+00,7.5040e+00,2.0786e+00,1.5501e-01
1.5600e+03,7.5708e-01,2.4138e+00,7.5040e+00,2.0834e+00,1.5551e-01
1.5700e+03,7.5181e-01,2.4090e+00,7.5040e+00,2.0882e+00,1.5601e-01
1.5800e+03,7.4659e-01,2.4043e+00,7.5040e+00,2.0929e+00,1.5650e-01
1.5900e+03,7.4141e-01,2.3996e+00,7.5040e+00,2.0976e+00,1.5699e-01
1.6000e+03,7.3627e-01,2.3949e+00,7.5040e+00,2.1023e+00,1.5747e-01
1.6100e+03,7.3118e-01,2.3903e+00,7.5040e+00,2.1069e+00,1.5795e-01
1.6200e+03,7.2614e-01,2.3857e+00,7.5040e+00,2.1114e+00,1.5843e-01
1.6300e+03,7.2114e-01,2.3812e+00,7.5040e+00,2.1160e+00,1.5890e-01
1.6400e+03,7.1618e-01,2.3767e+00,7.5040e+00,2.1205e+00,1.5938e-01
1.6500e+03,7.1126e-01,2.3723e+00,7.5040e+00,2.1249e+00,1.5984e-01
1.6600e+03,7.0638e-01,2.3678e+00,7.5040e+00,2.1293e+00,1.6031e-01
1.6700e+03,7.0155e-01,2.3635e+00,7.5040e+00,2.1337e+00,1.6077e-01
1.6800e+03,6.9676e-01,2.3591e+00,7.5040e+00,2.1380e+00,1.6123e-01
1.6900e+03,6.9200e-01,2.3548e+00,7.5040e+00,2.1423e+00,1.6169e-01
1.7000e+03,6.8729e-01,2.3506e+00,7.5040e+00,2.1466e+00,1.6214e-01
1.7100e+03,6.8262e-01,2.3463e+00,7.5040e+00,2.1508e+00,1.6259e-01
1.7200e+03,6.7799e-01,2.3421e+00,7.5040e+00,2.1550e+00,1.6304e-01
1.7300e+03,6.7339e-01,2.3380e+00,7.5040e+00,2.1591e+00,1.6348e-01
1.7400e+03,6.6883e-01,2.3339e+00,7.5040e+00,2.1633e+00,1.6392e-01
1.7500e+03,6.6432e-01,2.3298e+00,7.5040e+00,2.1673e+00,1.6436e-01
1.7600e+03,6.5983e-01,2.3257e+00,7.5040e+00,2.1714e+00,1.6479e-01
1.7700e+03,6.5539e-01,2.3217e+00,7.5040e+00,2.1754e+00,1.6522e-01
1.7800e+03,6.5098e-01,2.3177e+00,7.5040e+00,2.1794e+00,1.6565e-01
1.7900e+03,6.4661e-01,2.3138e+00,7.5040e+00,2.1833e+00,1.6608e-01
1.8000e+03,6.4228e-01,2.3098e+00,7.5040e+00,2.1872e+00,1.6650e-01
1.8100e+03,6.3798e-01,2.3060e+00,7.5040e+00,2.1911e+00,1.6692e-01
1.8200e+03,6.3371e-01,2.3021e+00,7.5040e+00,2.1950e+00,1.6734e-01
1.8300e+03,6.2948e-01,2.2983e+00,7.5040e+00,2.1988e+00,1.6775e-01
1.8400e+03,6.2529e-01,2.2945e+00,7.5040e+00,2.2026e+00,1.6817e-01
1.8500e+03,6.2113e-01,2.2907e+00,7.5040e+00,2.2063e+00,1.6857e-01
1.8600e+03,6.1700e-01,2.2870e+00,7.5040e+00,2.2100e+00,1.6898e-01
1.8700e+03,6.1290e-01,2.2833e+00,7.5040e+00,2.2137e+00,1.6938e-01
1.8800e+03,6.0884e-01,2.2797e+00,7.5040e+00,2.2174e+00,1.6979e-01
1.8900e+03,6.0481e-01,2.2760e+00,7.5040e+00,2.2210e+00,1.7018e-01
1.9000e+03,6.0082e-01,2.2724e+00,7.5040e+00,2.2246e+00,1.7058e-01
1.9100e+03,5.9685e-01,2.2688e+00,7.5040e+00,2.2282e+00,1.7097e-01
1.9200e+03,5.9292e-01,2.2653e+00,7.5040e+00,2.2317e+00,1.7136e-01
1.9300e+03,5.8902e-01,2.2618e+00,7.5040e+00,2.2352e+00,1.7175e-01
1.9400e+03,5.8515e-01,2.2583e+00,7.5040e+00,2.2387e+00,1.7214e-01
1.9500e+03,5.8131e-01,2.2548e+00,7.5040e+00,2.2422e+00,1.7252e-01
1.9600e+03,5.7750e-01,2.2514e+00,7.5040e+00,2.2456e+00,1.7290e-01
1.9700e+03,5.7372e-01,2.2480e+00,7.5040e+00,2.2490e+00,1.7328e-01
1.9800e+03,5.6997e-01,2.2446e+00,7.5040e+00,2.2524e+00,1.7365e-01
1.9900e+03,5.6625e-01,2.2413e+00,7.5040e+00,2.2557e+00,1.7403e-01
2.0000e+03,5.6256e-01,2.2379e+00,7.5040e+00,2.2591e+00,1.7440e-01
2.0100e+03,5.5889e-01,2.2346e+00,7.5040e+00,2.2623e+00,1.7477e-01
2.0200e+03,5.5526e-01,2.2314e+00,7.5040e+00,2.2656e+00,1.7513e-01
2.0300e+03,5.5165e-01,2.2281e+00,7.5040e+00,2.2689e+00,1.7550e-01
2.0400e+03,5.4808e-01,2.2249e+00,7.5040e+00,2.2721e+00,1.7586e-01
2.0500e+03,5.4453e-01,2.2217e+00,7.5040e+00,2.2753e+00,1.7622e-01
2.0600e+03,5.4101e-01,2.2185e+00,7.5040e+00,2.2784e+00,1.7657e-01
2.0700e+03,5.3751e-01,2.2154e+00,7.5040e+00,2.2816e+00,1.7693e-01
2.0800e+03,5.3404e-01,2.2123e+00,7.5040e+00,2.2847e+00,1.7728e-01
2.0900e+03,5.3060e-01,2.2092e+00,7.5040e+00,2.2878e+00,1.7763e-01
2.1000e+03,5.2719e-01,2.2061e+00,7.5040e+00,2.2908e+00,1.7798e-01
2.1100e+03,5.2380e-01,2.2030e+00,7.5040e+00,2.2939e+00,1.7832e-01
2.1200e+03,5.2043e-01,2.2000e+00,7.5040e+00,2.2969e+00,1.7866e-01
2.1300e+03,5.1710e-01,2.1970e+00,7.5040e+00,2.2999e+00,1.7900e-01
2.1400e+03,5.1378e-01,2.1940e+00,7.5040e+00,2.3029e+00,1.7934e-01
2.1500e+03,5.1050e-01,2.1911e+00,7.5040e+00,2.3058e+00,1.7968e-01
2.1600e+03,5.0723e-01,2.1882e+00,7.5040e+00,2.3088e+00,1.8001e-01
2.1700e+03,5.0400e-01,2.1852e+00,7.5040e+00,2.3117e+00,1.8035e-01
2.1800e+03,5.0078e-01,2.1824e+00,7.5040e+00,2.3145e+00,1.8068e-01
2.1900e+03,4.9760e-01,2.1795e+00,7.5040e+00,2.3174e+00,1.8100e-01
2.2000e+03,4.9443e-01,2.1767e+00,7.5040e+00,2.3202e+00,1.8133e-01
2.2100e+03,4.9129e-01,2.1738e+00,7.5040e+00,2.3231e+00,1.8165e-01
2.2200e+03,4.8817e-01,2.1710e+00,7.5040e+00,2.3259e+00,1.8197e-01
2.2300e+03,4.8508e-01,2.1683e+00,7.5040e+00,2.3286e+00,1.8229e-01
2.2400e+03,4.8201e-01,2.1655e+00,7.5040e+00,2.3314e+00,1.8261e-01
2.2500e+03,4.7896e-01,2.1628e+00,7.5040e+00,2.3341e+00,1.8293e-01
2.2600e+03,4.7593e-01,2.1600e+00,7.5040e+00,2.3368e+00,1.8324e-01
2.2700e+03,4.7293e-01,2.1574e+00,7.5040e+00,2.3395e+00,1.8355e-01
2.2800e+03,4.6995e-01,2.1547e+00,7.5040e+00,2.3422e+00,1.8386e-01
2.2900e+03,4.6699e-01,2.1520e+00,7.5040e+00,2.3448e+00,1.8417e-01
2.3000e+03,4.6405e-01,2.1494e+00,7.5040e+00,2.3475e+00,1.8448e-01
2.3100e+03,4.6114e-01,2.1468e+00,7.5040e+00,2.3501e+00,1.8478e-01
2.3200e+03,4.5824e-01,2.1442e+00,7.5040e+00,2.3527e+00,1.8508e-01
2.3300e+03,4.5537e-01,2.1416e+00,7.5040e+00,2.3553e+00,1.8538e-01
2.3400e+03,4.5252e-01,2.1390e+00,7.5040e+00,2.3578e+00,1.8568e-01
2.3500e+03,4.4969e-01,2.1365e+00,7.5040e+00,2.3603e+00,1.8598e-01
2.3600e+03,4.4688e-01,2.1340e+00,7.5040e+00,2.3629e+00,1.8627e-01
2.3700e+03,4.4409e-01,2.1315e+00,7.5040e+00,2.3654e+00,1.8656e-01
2.3800e+03,4.4132e-01,2.1290e+00,7.5040e+00,2.3678e+00,1.8686e-01
2.3900e+03,4.3857e-01,2.1265e+00,7.5040e+00,2.3703e+00,1.8714e-01
2.4000e+03,4.3584e-01,2.1241e+00,7.5040e+00,2.3727e+00,1.8743e-01
2.4100e+03,4.3313e-01,2.1217e+00,7.5040e+00,2.3752e+00,1.8772e-01
2.4200e+03,4.3044e-01,2.1193e+00,7.5040e+00,2.3776e+00,1.8800e-01
2.4300e+03,4.2777e-01,2.1169e+00,7.5040e+00,2.3800e+00,1.8828e-01
2.4400e+03,4.2511e-01,2.1145e+00,7.5040e+00,2.3823e+00,1.8856e-01
2.4500e+03,4.2248e-01,2.1121e+00,7.5040e+00,2.3847e+00,1.8884e-01
2.4600e+03,4.1987e-01,2.1098e+00,7.5040e+00,2.3870e+00,1.8912e-01
2.4700e+03,4.1727e-01,2.1075e+00,7.5040e+00,2.3893e+00,1.8939e-01
2.4800e+03,4.1470e-01,2.1052e+00,7.5040e+00,2.3916e+00,1.8967e-01
2.4900e+03,4.1214e-01,2.1029e+00,7.5040e+00,2.3939e+00,1.8994e-01
2.5000e+03,4.0960e-01,2.1006e+00,7.5040e+00,2.3962e+00,1.9021e-01
2.5100e+03,4.0708e-01,2.0983e+00,7.5040e+00,2.3985e+00,1.9048e-01
2.5200e+03,4.0457e-01,2.0961e+00,7.5040e+00,2.4007e+00,1.9074e-01
2.5300e+03,4.0208e-01,2.0939e+00,7.5040e+00,2.4029e+00,1.9101e-01
2.5400e+03,3.9962e-01,2.0917e+00,7.5040e+00,2.4051e+00,1.9127e-01
2.5500e+03,3.9716e-01,2.0895e+00,7.5040e+00,2.4073e+00,1.9153e-01
2.5600e+03,3.9473e-01,2.0873e+00,7.5040e+00,2.4095e+00,1.9179e-01
2.5700e+03,3.9231e-01,2.0851e+00,7.5040e+00,2.4116e+00,1.9205e-01
2.5800e+03,3.8991e-01,2.0830e+00,7.5040e+00,2.4138e+00,1.9231e-01
2.5900e+03,3.8753e-01,2.0809e+00,7.5040e+00,2.4159e+00,1.9257e-01
2.6000e+03,3.8516e-01,2.0787e+00,7.5040e+00,2.4180e+00,1.9282e-01
2.6100e+03,3.8281e-01,2.0766e+00,7.5040e+00,2.4201e+00,1.9307e-01
2.6200e+03,3.8048e-01,2.0746e+00,7.5040e+00,2.4222e+00,1.9332e-01
2.6300e+03,3.7816e-01,2.0725e+00,7.5040e+00,2.4243e+00,1.9357e-01
2.6400e+03,3.7586e-01,2.0704e+00,7.5040e+00,2.4263e+00,1.9382e-01
2.6500e+03,3.7358e-01,2.0684e+00,7.5040e+00,2.4284e+00,1.9407e-01
2.6600e+03,3.7131e-01,2.0664e+00,7.5040e+00,2.4304e+00,1.9431e-01
2.6700e+03,3.6905e-01,2.0644e+00,7.5040e+00,2.4324e+00,1.9455e-01
2.6800e+03,3.6681e-01,2.0624e+00,7.5040e+00,2.4344e+00,1.9480e-01
2.6900e+03,3.6459e-01,2.0604e+00,7.5040e+00,2.4364e+00,1.9504e-01
2.7000e+03,3.6239e-01,2.0584e+00,7.5040e+00,2.4383e+00,1.9528e-01
2.7100e+03,3.6019e-01,2.0564e+00,7.5040e+00,2.4403e+00,1.9551e-01
2.7200e+03,3.5802e-01,2.0545e+00,7.5040e+00,2.4422e+00,1.9575e-01
2.7300e+03,3.5585e-01,2.0526e+00,7.5040e+00,2.4442e+00,1.9598e-01
2.7400e+03,3.5371e-01,2.0507e+00,7.5040e+00,2.4461e+00,1.9622e-01
2.7500e+03,3.5157e-01,2.0487e+00,7.5040e+00,2.4480e+00,1.9645e-01
2.7600e+03,3.4946e-01,2.0469e+00,7.5040e+00,2.4499e+00,1.9668e-01
2.7700e+03,3.4735e-01,2.0450e+00,7.5040e+00,2.4517e+00,1.9691e-01
2.7800e+03,3.4526e-01,2.0431e+00,7.5040e+00,2.4536e+00,1.9714e-01
2.7900e+03,3.4319e-01,2.0413e+00,7.5040e+00,2.4555e+00,1.9736e-01
2.8000e+03,3.4113e-01,2.0394e+00,7.5040e+00,2.4573e+00,1.9759e-01
2.8100e+03,3.3908e-01,2.0376e+00,7.5040e+00,2.4591e+00,1.9781e-01
2.8200e+03,3.3705e-01,2.0358e+00,7.5040e+00,2.4609e+00,1.9803e-01
2.8300e+03,3.3503e-01,2.0340e+00,7.5040e+00,2.4627e+00,1.9825e-01
2.8400e+03,3.3302e-01,2.0322e+00,7.5040e+00,2.4645e+00,1.9847e-01
2.8500e+03,3.3103e-01,2.0304e+00,7.5040e+00,2.4663e+00,1.9869e-01
2.8600e+03,3.2905e-01,2.0287e+00,7.5040e+00,2.4680e+00,1.9891e-01
2.8700e+03,3.2709e-01,2.0269e+00,7.5040e+00,2.4698e+00,1.9912e-01
2.8800e+03,3.2514e-01,2.0252e+00,7.5040e+00,2.4715e+00,1.9934e-01
2.8900e+03,3.2320e-01,2.0234e+00,7.5040e+00,2.4733e+00,1.9955e-01
2.9000e+03,3.2127e-01,2.0217e+00,7.5040e+00,2.4750e+00,1.9976e-01
2.9100e+03,3.1936e-01,2.0200e+00,7.5040e+00,2.4767e+00,1.9997e-01
2.9200e+03,3.1746e-01,2.0183e+00,7.5040e+00,2.4784e+00,2.0018e-01
2.9300e+03,3.1557e-01,2.0166e+00,7.5040e+00,2.4800e+00,2.0039e-01
2.9400e+03,3.1370e-01,2.0150e+00,7.5040e+00,2.4817e+00,2.0060e-01
2.9500e+03,3.1183e-01,2.0133e+00,7.5040e+00,2.4834e+00,2.0080e-01
2.9600e+03,3.0998e-01,2.0117e+00,7.5040e+00,2.4850e+00,2.0101e-01
2.9700e+03,3.0815e-01,2.0100e+00,7.5040e+00,2.4866e+00,2.0121e-01
2.9800e+03,3.0632e-01,2.0084e+00,7.5040e+00,2.4883e+00,2.0141e-01
2.9900e+03,3.0451e-01,2.0068e+00,7.5040e+00,2.4899e+00,2.0162e-01
3.0000e+03,3.0270e-01,2.0052e+00,7.5040e+00,2.4915e+00,2.0182e-01
3.0100e+03,3.0092e-01,2.0036e+00,7.5040e+00,2.4931e+00,2.0201e-01
3.0200e+03,2.9914e-01,2.0020e+00,7.5040e+00,2.4947e+00,2.0221e-01
3.0300e+03,2.9737e-01,2.0004e+00,7.5040e+00,2.4962e+00,2.0241e-01
3.0400e+03,2.9562e-01,1.9989e+00,7.5040e+00,2.4978e+00,2.0260e-01
3.0500e+03,2.9387e-01,1.9973e+00,7.5040e+00,2.4993e+00,2.0280e-01
3.0600e+03,2.9214e-01,1.9958e+00,7.5040e+00,2.5009e+00,2.0299e-01
3.0700e+03,2.9042e-01,1.9943e+00,7.5040e+00,2.5024e+00,2.0318e-01
3.0800e+03,2.8871e-01,1.9927e+00,7.5040e+00,2.5039e+00,2.0337e-01
3.0900e+03,2.8702e-01,1.9912e+00,7.5040e+00,2.5054e+00,2.0356e-01
3.1000e+03,2.8533e-01,1.9897e+00,7.5040e+00,2.5069e+00,2.0375e-01
3.1100e+03,2.8365e-01,1.9882e+00,7.5040e+00,2.5084e+00,2.0393e-01
3.1200e+03,2.8199e-01,1.9868e+00,7.5040e+00,2.5099e+00,2.0412e-01
3.1300e+03,2.8034e-01,1.9853e+00,7.5040e+00,2.5114e+00,2.0431e-01
3.1400e+03,2.7869e-01,1.9838e+00,7.5040e+00,2.5128e+00,2.0449e-01
3.1500e+03,2.7706e-01,1.9824e+00,7.5040e+00,2.5143e+00,2.0467e-01
3.1600e+03,2.7544e-01,1.9809e+00,7.5040e+00,2.5157e+00,2.0485e-01
3.1700e+03,2.7383e-01,1.9795e+00,7.5040e+00,2.5171e+00,2.0503e-01
3.1800e+03,2.7223e-01,1.9781e+00,7.5040e+00,2.5186e+00,2.0521e-01
3.1900e+03,2.7064e-01,1.9767e+00,7.5040e+00,2.5200e+00,2.0539e-01
3.2000e+03,2.6906e-01,1.9753e+00,7.5040e+00,2.5214e+00,2.0557e-01
3.2100e+03,2.6749e-01,1.9739e+00,7.5040e+00,2.5228e+00,2.0575e-01
3.2200e+03,2.6593e-01,1.9725e+00,7.5040e+00,2.5242e+00,2.0592e-01
3.2300e+03,2.6438e-01,1.9711e+00,7.5040e+00,2.5255e+00,2.0610e-01
3.2400e+03,2.6284e-01,1.9697e+00,7.5040e+00,2.5269e+00,2.0627e-01
3.2500e+03,2.6131e-01,1.9684e+00,7.5040e+00,2.5283e+00,2.0644e-01
3.2600e+03,2.5979e-01,1.9670e+00,7.5040e+00,2.5296e+00,2.0661e-01
3.2700e+03,2.5828e-01,1.9657e+00,7.5040e+00,2.5309e+00,2.0678e-01
3.2800e+03,2.5678e-01,1.9643e+00,7.5040e+00,2.5323e+00,2.0695e-01
3.2900e+03,2.5529e-01,1.9630e+00,7.5040e+00,2.5336e+00,2.0712e-01
3.3000e+03,2.5380e-01,1.9617e+00,7.5040e+00,2.5349e+00,2.0729e-01
3.3100e+03,2.5233e-01,1.9604e+00,7.5040e+00,2.5362e+00,2.0746e-01
3.3200e+03,2.5087e-01,1.9591e+00,7.5040e+00,2.5375e+00,2.0762e-01
3.3300e+03,2.4942e-01,1.9578e+00,7.5040e+00,2.5388e+00,2.0779e-01
3.3400e+03,2.4797e-01,1.9565e+00,7.5040e+00,2.5401e+00,2.0795e-01
3.3500e+03,2.4654e-01,1.9553e+00,7.5040e+00,2.5414e+00,2.0811e-01
3.3600e+03,2.4511e-01,1.9540e+00,7.5040e+00,2.5426e+00,2.0827e-01
3.3700e+03,2.4369e-01,1.9527e+00,7.5040e+00,2.5439e+00,2.0843e-01
3.3800e+03,2.4229e-01,1.9515e+00,7.5040e+00,2.5451e+00,2.0859e-01
3.3900e+03,2.4089e-01,1.9502e+00,7.5040e+00,2.5464e+00,2.0875e-01
3.4000e+03,2.3950e-01,1.9490e+00,7.5040e+00,2.5476e+00,2.0891e-01
3.4100e+03,2.3812e-01,1.9478e+00,7.5040e+00,2.5488e+00,2.0907e-01
3.4200e+03,2.3674e-01,1.9466e+00,7.5040e+00,2.5500e+00,2.0922e-01
3.4300e+03,2.3538e-01,1.9453e+00,7.5040e+00,2.5512e+00,2.0938e-01
3.4400e+03,2.3403e-01,1.9441e+00,7.5040e+00,2.5524e+00,2.0953e-01
3.4500e+03,2.3268e-01,1.9430e+00,7.5040e+00,2.5536e+00,2.0969e-01
3.4600e+03,2.3134e-01,1.9418e+00,7.5040e+00,2.5548e+00,2.0984e-01
3.4700e+03,2.3001e-01,1.9406e+00,7.5040e+00,2.5560e+00,2.0999e-01
3.4800e+03,2.2869e-01,1.9394e+00,7.5040e+00,2.5572e+00,2.1014e-01
3.4900e+03,2.2738e-01,1.9382e+00,7.5040e+00,2.5583e+00,2.1029e-01
3.5000e+03,2.2607e-01,1.9371e+00,7.5040e+00,2.5595e+00,2.1044e-01
3.5100e+03,2.2477e-01,1.9359e+00,7.5040e+00,2.5606e+00,2.1059e-01
3.5200e+03,2.2348e-01,1.9348e+00,7.5040e+00,2.5618e+00,2.1074e-01
3.5300e+03,2.2220e-01,1.9337e+00,7.5040e+00,2.5629e+00,2.1088e-01
3.5400e+03,2.2093e-01,1.9325e+00,7.5040e+00,2.5640e+00,2.1103e-01
3.5500e+03,2.1967e-01,1.9314e+00,7.5040e+00,2.5652e+00,2.1117e-01
3.5600e+03,2.1841e-01,1.9303e+00,7.5040e+00,2.5663e+00,2.1132e-01
3.5700e+03,2.1716e-01,1.9292e+00,7.5040e+00,2.5674e+00,2.1146e-01
3.5800e+03,2.1592e-01,1.9281e+00,7.5040e+00,2.5685e+00,2.1160e-01
3.5900e+03,2.1469e-01,1.9270e+00,7.5040e+00,2.5696e+00,2.1175e-01
3.6000e+03,2.1346e-01,1.9259e+00,7.5040e+00,2.5707e+00,2.1189e-01
3.6100e+03,2.1224e-01,1.9248e+00,7.5040e+00,2.5717e+00,2.1203e-01
3.6200e+03,2.1103e-01,1.9238e+00,7.5040e+00,2.5728e+00,2.1217e-01
3.6300e+03,2.0983e-01,1.9227e+00,7.5040e+00,2.5739e+00,2.1230e-01
3.6400e+03,2.0863e-01,1.9216e+00,7.5040e+00,2.5749e+00,2.1244e-01
3.6500e+03,2.0744e-01,1.9206e+00,7.5040e+00,2.5760e+00,2.1258e-01
3.6600e+03,2.0626e-01,1.9195e+00,7.5040e+00,2.5770e+00,2.1271e-01
3.6700e+03,2.0509e-01,1.9185e+00,7.5040e+00,2.5781e+00,2.1285e-01
3.6800e+03,2.0392e-01,1.9175e+00,7.5040e+00,2.5791e+00,2.1298e-01
3.6900e+03,2.0276e-01,1.9164e+00,7.5040e+00,2.5801e+00,2.1312e-01
3.7000e+03,2.0161e-01,1.9154e+00,7.5040e+00,2.5811e+00,2.1325e-01
3.7100e+03,2.0046e-01,1.9144e+00,7.5040e+00,2.5822e+00,2.1338e-01
3.7200e+03,1.9933e-01,1.9134e+00,7.5040e+00,2.5832e+00,2.1352e-01
3.7300e+03,1.9819e-01,1.9124e+00,7.5040e+00,2.5842e+00,2.1365e-01
3.7400e+03,1.9707e-01,1.9114e+00,7.5040e+00,2.5852e+00,2.1378e-01
3.7500e+03,1.9595e-01,1.9104e+00,7.5040e+00,2.5861e+00,2.1391e-01
3.7600e+03,1.9484e-01,1.9094e+00,7.5040e+00,2.5871e+00,2.1403e-01
3.7700e+03,1.9374e-01,1.9084e+00,7.5040e+00,2.5881e+00,2.1416e-01
3.7800e+03,1.9264e-01,1.9075e+00,7.5040e+00,2.5891e+00,2.1429e-01
3.7900e+03,1.9155e-01,1.9065e+00,7.5040e+00,2.5900e+00,2.1442e-01
3.8000e+03,1.9047e-01,1.9055e+00,7.5040e+00,2.5910e+00,2.1454e-01
3.8100e+03,1.8939e-01,1.9046e+00,7.5040e+00,2.5920e+00,2.1467e-01
3.8200e+03,1.8832e-01,1.9036e+00,7.5040e+00,2.5929e+00,2.1479e-01
3.8300e+03,1.8726e-01,1.9027e+00,7.5040e+00,2.5938e+00,2.1491e-01
3.8400e+03,1.8620e-01,1.9018e+00,7.5040e+00,2.5948e+00,2.1504e-01
3.8500e+03,1.8515e-01,1.9008e+00,7.5040e+00,2.5957e+00,2.1516e-01
3.8600e+03,1.8410e-01,1.8999e+00,7.5040e+00,2.5966e+00,2.1528e-01
3.8700e+03,1.8306e-01,1.8990e+00,7.5040e+00,2.5975e+00,2.1540e-01
3.8800e+03,1.8203e-01,1.8981e+00,7.5040e+00,2.5985e+00,2.1552e-01
3.8900e+03,1.8101e-01,1.8972e+00,7.5040e+00,2.5994e+00,2.1564e-01
3.9000e+03,1.7999e-01,1.8963e+00,7.5040e+00,2.6003e+00,2.1576e-01
3.9100e+03,1.7897e-01,1.8954e+00,7.5040e+00,2.6012e+00,2.1588e-01
3.9200e+03,1.7796e-01,1.8945e+00,7.5040e+00,2.6020e+00,2.1599e-01
3.9300e+03,1.7696e-01,1.8936e+00,7.5040e+00,2.6029e+00,2.1611e-01
3.9400e+03,1.7597e-01,1.8927e+00,7.5040e+00,2.6038e+00,2.1623e-01
3.9500e+03,1.7498e-01,1.8918e+00,7.5040e+00,2.6047e+00,2.1634e-01
3.9600e+03,1.7400e-01,1.8910e+00,7.5040e+00,2.6056e+00,2.1646e-01
3.9700e+03,1.7302e-01,1.8901e+00,7.5040e+00,2.6064e+00,2.1657e-01
3.9800e+03,1.7205e-01,1.8892e+00,7.5040e+00,2.6073e+00,2.1669e-01
3.9900e+03,1.7108e-01,1.8884e+00,7.5040e+00,2.6081e+00,2.1680e-01
4.0000e+03,1.7012e-01,1.8875e+00,7.5040e+00,2.6090e+00,2.1691e-01
4.0100e+03,1.6917e-01,1.8867e+00,7.5040e+00,2.6098e+00,2.1702e-01
4.0200e+03,1.6822e-01,1.8859e+00,7.5040e+00,2.6107e+00,2.1713e-01
4.0300e+03,1.6728e-01,1.8850e+00,7.5040e+00,2.6115e+00,2.1724e-01
4.0400e+03,1.6634e-01,1.8842e+00,7.5040e+00,2.6123e+00,2.1735e-01
4.0500e+03,1.6541e-01,1.8834e+00,7.5040e+00,2.6131e+00,2.1746e-01
4.0600e+03,1.6448e-01,1.8826e+00,7.5040e+00,2.6140e+00,2.1757e-01
4.0700e+03,1.6356e-01,1.8817e+00,7.5040e+00,2.6148e+00,2.1768e-01
4.0800e+03,1.6265e-01,1.8809e+00,7.5040e+00,2.6156e+00,2.1779e-01
4.0900e+03,1.6174e-01,1.8801e+00,7.5040e+00,2.6164e+00,2.1789e-01
4.1000e+03,1.6083e-01,1.8793e+00,7.5040e+00,2.6172e+00,2.1800e-01
4.1100e+03,1.5993e-01,1.8785e+00,7.5040e+00,2.6180e+00,2.1810e-01
4.1200e+03,1.5904e-01,1.8778e+00,7.5040e+00,2.6188e+00,2.1821e-01
4.1300e+03,1.5815e-01,1.8770e+00,7.5040e+00,2.6195e+00,2.1831e-01
4.1400e+03,1.5727e-01,1.8762e+00,7.5040e+00,2.6203e+00,2.1842e-01
4.1500e+03,1.5639e-01,1.8754e+00,7.5040e+00,2.6211e+00,2.1852e-01
4.1600e+03,1.5552e-01,1.8746e+00,7.5040e+00,2.6219e+00,2.1862e-01
4.1700e+03,1.5465e-01,1.8739e+00,7.5040e+00,2.6226e+00,2.1873e-01
4.1800e+03,1.5379e-01,1.8731e+00,7.5040e+00,2.6234e+00,2.1883e-01
4.1900e+03,1.5293e-01,1.8724e+00,7.5040e+00,2.6241e+00,2.1893e-01
4.2000e+03,1.5208e-01,1.8716e+00,7.5040e+00,2.6249e+00,2.1903e-01
4.2100e+03,1.5124e-01,1.8709e+00,7.5040e+00,2.6256e+00,2.1913e-01
4.2200e+03,1.5039e-01,1.8701e+00,7.5040e+00,2.6264e+00,2.1923e-01
4.2300e+03,1.4956e-01,1.8694e+00,7.5040e+00,2.6271e+00,2.1933e-01
4.2400e+03,1.4873e-01,1.8686e+00,7.5040e+00,2.6279e+00,2.1942e-01
4.2500e+03,1.4790e-01,1.8679e+00,7.5040e+00,2.6286e+00,2.1952e-01
4.2600e+03,1.4708e-01,1.8672e+00,7.5040e+00,2.6293e+00,2.1962e-01
4.2700e+03,1.4626e-01,1.8665e+00,7.5040e+00,2.6300e+00,2.1972e-01
4.2800e+03,1.4545e-01,1.8657e+00,7.5040e+00,2.6307e+00,2.1981e-01
4.2900e+03,1.4464e-01,1.8650e+00,7.5040e+00,2.6315e+00,2.1991e-01
4.3000e+03,1.4384e-01,1.8643e+00,7.5040e+00,2.6322e+00,2.2000e-01
4.3100e+03,1.4304e-01,1.8636e+00,7.5040e+00,2.6329e+00,2.2010e-01
4.3200e+03,1.4224e-01,1.8629e+00,7.5040e+00,2.6336e+00,2.2019e-01
4.3300e+03,1.4146e-01,1.8622e+00,7.5040e+00,2.6343e+00,2.2028e-01
4.3400e+03,1.4067e-01,1.8615e+00,7.5040e+00,2.6350e+00,2.2038e-01
4.3500e+03,1.3989e-01,1.8608e+00,7.5040e+00,2.6356e+00,2.2047e-01
4.3600e+03,1.3912e-01,1.8602e+00,7.5040e+00,2.6363e+00,2.2056e-01
4.3700e+03,1.3835e-01,1.8595e+00,7.5040e+00,2.6370e+00,2.2065e-01
4.3800e+03,1.3758e-01,1.8588e+00,7.5040e+00,2.6377e+00,2.2074e-01
4.3900e+03,1.3682e-01,1.8581e+00,7.5040e+00,2.6384e+00,2.2083e-01
4.4000e+03,1.3606e-01,1.8575e+00,7.5040e+00,2.6390e+00,2.2092e-01
4.4100e+03,1.3531e-01,1.8568e+00,7.5040e+00,2.6397e+00,2.2101e-01
4.4200e+03,1.3456e-01,1.8561e+00,7.5040e+00,2.6403e+00,2.2110e-01
4.4300e+03,1.3382e-01,1.8555e+00,7.5040e+00,2.6410e+00,2.2119e-01
4.4400e+03,1.3308e-01,1.8548e+00,7.5040e+00,2.6417e+00,2.2128e-01
4.4500e+03,1.3234e-01,1.8542e+00,7.5040e+00,2.6423e+00,2.2136e-01
4.4600e+03,1.3161e-01,1.8535e+00,7.5040e+00,2.6429e+00,2.2145e-01
4.4700e+03,1.3089e-01,1.8529e+00,7.5040e+00,2.6436e+00,2.2154e-01
4.4800e+03,1.3016e-01,1.8523e+00,7.5040e+00,2.6442e+00,2.2162e-01
4.4900e+03,1.2945e-01,1.8516e+00,7.5040e+00,2.6449e+00,2.2171e-01
4.5000e+03,1.2873e-01,1.8510e+00,7.5040e+00,2.6455e+00,2.2179e-01
4.5100e+03,1.2802e-01,1.8504e+00,7.5040e+00,2.6461e+00,2.2188e-01
4.5200e+03,1.2732e-01,1.8497e+00,7.5040e+00,2.6467e+00,2.2196e-01
4.5300e+03,1.2661e-01,1.8491e+00,7.5040e+00,2.6473e+00,2.2205e-01
4.5400e+03,1.2592e-01,1.8485e+00,7.5040e+00,2.6480e+00,2.2213e-01
4.5500e+03,1.2522e-01,1.8479e+00,7.5040e+00,2.6486e+00,2.2221e-01
4.5600e+03,1.2453e-01,1.8473e+00,7.5040e+00,2.6492e+00,2.2229e-01
4.5700e+03,1.2385e-01,1.8467e+00,7.5040e+00,2.6498e+00,2.2237e-01
4.5800e+03,1.2317e-01,1.8461e+00,7.5040e+00,2.6504e+00,2.2246e-01
4.5900e+03,1.2249e-01,1.8455e+00,7.5040e+00,2.6510e+00,2.2254e-01
4.6000e+03,1.2181e-01,1.8449e+00,7.5040e+00,2.6516e+00,2.2262e-01
4.6100e+03,1.2115e-01,1.8443e+00,7.5040e+00,2.6522e+00,2.2270e-01
4.6200e+03,1.2048e-01,1.8437e+00,7.5040e+00,2.6528e+00,2.2278e-01
4.6300e+03,1.1982e-01,1.8431e+00,7.5040e+00,2.6533e+00,2.2286e-01
4.6400e+03,1.1916e-01,1.8425e+00,7.5040e+00,2.6539e+00,2.2293e-01
4.6500e+03,1.1850e-01,1.8420e+00,7.5040e+00,2.6545e+00,2.2301e-01
4.6600e+03,1.1785e-01,1.8414e+00,7.5040e+00,2.6551e+00,2.2309e-01
4.6700e+03,1.1721e-01,1.8408e+00,7.5040e+00,2.6556e+00,2.2317e-01
4.6800e+03,1.1656e-01,1.8403e+00,7.5040e+00,2.6562e+00,2.2324e-01
4.6900e+03,1.1592e-01,1.8397e+00,7.5040e+00,2.6568e+00,2.2332e-01
4.7000e+03,1.1529e-01,1.8391e+00,7.5040e+00,2.6573e+00,2.2340e-01
4.7100e+03,1.1466e-01,1.8386e+00,7.5040e+00,2.6579e+00,2.2347e-01
4.7200e+03,1.1403e-01,1.8380e+00,7.5040e+00,2.6584e+00,2.2355e-01
4.7300e+03,1.1340e-01,1.8375e+00,7.5040e+00,2.6590e+00,2.2362e-01
4.7400e+03,1.1278e-01,1.8369e+00,7.5040e+00,2.6595e+00,2.2370e-01
4.7500e+03,1.1216e-01,1.8364e+00,7.5040e+00,2.6601e+00,2.2377e-01
4.7600e+03,1.1155e-01,1.8358e+00,7.5040e+00,2.6606e+00,2.2385e-01
4.7700e+03,1.1094e-01,1.8353e+00,7.5040e+00,2.6612e+00,2.2392e-01
4.7800e+03,1.1033e-01,1.8348e+00,7.5040e+00,2.6617e+00,2.2399e-01
4.7900e+03,1.0973e-01,1.8342e+00,7.5040e+00,2.6622e+00,2.2406e-01
4.8000e+03,1.0913e-01,1.8337e+00,7.5040e+00,2.6627e+00,2.2414e-01
4.8100e+03,1.0853e-01,1.8332e+00,7.5040e+00,2.6633e+00,2.2421e-01
4.8200e+03,1.0794e-01,1.8327e+00,7.5040e+00,2.6638e+00,2.2428e-01
4.8300e+03,1.0735e-01,1.8321e+00,7.5040e+00,2.6643e+00,2.2435e-01
4.8400e+03,1.0676e-01,1.8316e+00,7.5040e+00,2.6648e+00,2.2442e-01
4.8500e+03,1.0618e-01,1.8311e+00,7.5040e+00,2.6653e+00,2.2449e-01
4.8600e+03,1.0560e-01,1.8306e+00,7.5040e+00,2.6659e+00,2.2456e-01
4.8700e+03,1.0502e-01,1.8301e+00,7.5040e+00,2.6664e+00,2.2463e-01
4.8800e+03,1.0445e-01,1.8296e+00,7.5040e+00,2.6669e+00,2.2470e-01
4.8900e+03,1.0388e-01,1.8291e+00,7.5040e+00,2.6674e+00,2.2477e-01
4.9000e+03,1.0331e-01,1.8286e+00,7.5040e+00,2.6679e+00,2.2483e-01
4.9100e+03,1.0274e-01,1.8281e+00,7.5040e+00,2.6684e+00,2.2490e-01
4.9200e+03,1.0218e-01,1.8276e+00,7.5040e+00,2.6689e+00,2.2497e-01
4.9300e+03,1.0163e-01,1.8271e+00,7.5040e+00,2.6693e+00,2.2504e-01
4.9400e+03,1.0107e-01,1.8266e+00,7.5040e+00,2.6698e+00,2.2510e-01
4.9500e+03,1.0052e-01,1.8261e+00,7.5040e+00,2.6703e+00,2.2517e-01
4.9600e+03,9.9974e-02,1.8256e+00,7.5040e+00,2.6708e+00,2.2524e-01
4.9700e+03,9.9429e-02,1.8252e+00,7.5040e+00,2.6713e+00,2.2530e-01
4.9800e+03,9.8888e-02,1.8247e+00,7.5040e+00,2.6718e+00,2.2537e-01
4.9900e+03,9.8349e-02,1.8242e+00,7.5040e+00,2.6722e+00,2.2543e-01
5.0000e+03,9.7814e-02,1.8237e+00,7.5040e+00,2.6727e+00,2.2550e-01
5.0100e+03,9.7281e-02,1.8233e+00,7.5040e+00,2.6732e+00,2.2556e-01
5.0200e+03,9.6752e-02,1.8228e+00,7.5040e+00,2.6736e+00,2.2562e-01
5.0300e+03,9.6225e-02,1.8223e+00,7.5040e+00,2.6741e+00,2.2569e-01
5.0400e+03,9.5702e-02,1.8219e+00,7.5040e+00,2.6746e+00,2.2575e-01
5.0500e+03,9.5181e-02,1.8214e+00,7.5040e+00,2.6750e+00,2.2581e-01
5.0600e+03,9.4663e-02,1.8210e+00,7.5040e+00,2.6755e+00,2.2588e-01
5.0700e+03,9.4149e-02,1.8205e+00,7.5040e+00,2.6759e+00,2.2594e-01
5.0800e+03,9.3637e-02,1.8201e+00,7.5040e+00,2.6764e+00,2.2600e-01
5.0900e+03,9.3128e-02,1.8196e+00,7.5040e+00,2.6768e+00,2.2606e-01
5.1000e+03,9.2622e-02,1.8192e+00,7.5040e+00,2.6773e+00,2.2612e-01
5.1100e+03,9.2119e-02,1.8187e+00,7.5040e+00,2.6777e+00,2.2618e-01
5.1200e+03,9.1619e-02,1.8183e+00,7.5040e+00,2.6781e+00,2.2624e-01
5.1300e+03,9.1121e-02,1.8178e+00,7.5040e+00,2.6786e+00,2.2630e-01
5.1400e+03,9.0627e-02,1.8174e+00,7.5040e+00,2.6790e+00,2.2636e-01
5.1500e+03,9.0135e-02,1.8170e+00,7.5040e+00,2.6794e+00,2.2642e-01
5.1600e+03,8.9646e-02,1.8165e+00,7.5040e+00,2.6799e+00,2.2648e-01
5.1700e+03,8.9159e-02,1.8161e+00,7.5040e+00,2.6803e+00,2.2654e-01
5.1800e+03,8.8676e-02,1.8157e+00,7.5040e+00,2.6807e+00,2.2660e-01
5.1900e+03,8.8195e-02,1.8153e+00,7.5040e+00,2.6812e+00,2.2666e-01
5.2000e+03,8.7716e-02,1.8149e+00,7.5040e+00,2.6816e+00,2.2672e-01
5.2100e+03,8.7241e-02,1.8144e+00,7.5040e+00,2.6820e+00,2.2677e-01
5.2200e+03,8.6768e-02,1.8140e+00,7.5040e+00,2.6824e+00,2.2683e-01
5.2300e+03,8.6298e-02,1.8136e+00,7.5040e+00,2.6828e+00,2.2689e-01
5.2400e+03,8.5830e-02,1.8132e+00,7.5040e+00,2.6832e+00,2.2694e-01
5.2500e+03,8.5365e-02,1.8128e+00,7.5040e+00,2.6836e+00,2.2700e-01
5.2600e+03,8.4903e-02,1.8124e+00,7.5040e+00,2.6840e+00,2.2706e-01
5.2700e+03,8.4443e-02,1.8120e+00,7.5040e+00,2.6845e+00,2.2711e-01
5.2800e+03,8.3986e-02,1.8116e+00,7.5040e+00,2.6849e+00,2.2717e-01
5.2900e+03,8.3532e-02,1.8112e+00,7.5040e+00,2.6853e+00,2.2722e-01
5.3000e+03,8.3080e-02,1.8108e+00,7.5040e+00,2.6856e+00,2.2728e-01
5.3100e+03,8.2630e-02,1.8104e+00,7.5040e+00,2.6860e+00,2.2733e-01
5.3200e+03,8.2183e-02,1.8100e+00,7.5040e+00,2.6864e+00,2.2739e-01
5.3300e+03,8.1739e-02,1.8096e+00,7.5040e+00,2.6868e+00,2.2744e-01
5.3400e+03,8.1297e-02,1.8092e+00,7.5040e+00,2.6872e+00,2.2749e-01
5.3500e+03,8.0857e-02,1.8088e+00,7.5040e+00,2.6876e+00,2.2755e-01
5.3600e+03,8.0420e-02,1.8084e+00,7.5040e+00,2.6880e+00,2.2760e-01
5.3700e+03,7.9985e-02,1.8080e+00,7.5040e+00,2.6884e+00,2.2765e-01
5.3800e+03,7.9553e-02,1.8077e+00,7.5040e+00,2.6887e+00,2.2771e-01
5.3900e+03,7.9123e-02,1.8073e+00,7.5040e+00,2.6891e+00,2.2776e-01
5.4000e+03,7.8696e-02,1.8069e+00,7.5040e+00,2.6895e+00,2.2781e-01
5.4100e+03,7.8271e-02,1.8065e+00,7.5040e+00,2.6899e+00,2.2786e-01
5.4200e+03,7.7848e-02,1.8062e+00,7.5040e+00,2.6902e+00,2.2791e-01
5.4300e+03,7.7428e-02,1.8058e+00,7.5040e+00,2.6906e+00,2.2796e-01
5.4400e+03,7.7010e-02,1.8054e+00,7.5040e+00,2.6910e+00,2.2802e-01
5.4500e+03,7.6595e-02,1.8051e+00,7.5040e+00,2.6913e+00,2.2807e-01
5.4600e+03,7.6181e-02,1.8047e+00,7.5040e+00,2.6917e+00,2.2812e-01
5.4700e+03,7.5770e-02,1.8043e+00,7.5040e+00,2.6921e+00,2.2817e-01
5.4800e+03,7.5362e-02,1.8040e+00,7.5040e+00,2.6924e+00,2.2822e-01
5.4900e+03,7.4955e-02,1.8036e+00,7.5040e+00,2.6928e+00,2.2827e-01
5.5000e+03,7.4551e-02,1.8033e+00,7.5040e+00,2.6931e+00,2.2831e-01
5.5100e+03,7.4149e-02,1.8029e+00,7.5040e+00,2.6935e+00,2.2836e-01
5.5200e+03,7.3749e-02,1.8026e+00,7.5040e+00,2.6938e+00,2.2841e-01
5.5300e+03,7.3352e-02,1.8022e+00,7.5040e+00,2.6942e+00,2.2846e-01
5.5400e+03,7.2957e-02,1.8019e+00,7.5040e+00,2.6945e+00,2.2851e-01
5.5500e+03,7.2564e-02,1.8015e+00,7.5040e+00,2.6949e+00,2.2856e-01
5.5600e+03,7.2173e-02,1.8012e+00,7.5040e+00,2.6952e+00,2.2860e-01
5.5700e+03,7.1784e-02,1.8008e+00,7.5040e+00,2.6956e+00,2.2865e-01
5.5800e+03,7.1398e-02,1.8005e+00,7.5040e+00,2.6959e+00,2.2870e-01
5.5900e+03,7.1013e-02,1.8002e+00,7.5040e+00,2.6962e+00,2.2875e-01
5.6000e+03,7.0631e-02,1.7998e+00,7.5040e+00,2.6966e+00,2.2879e-01
5.6100e+03,7.0251e-02,1.7995e+00,7.5040e+00,2.6969e+00,2.2884e-01
5.6200e+03,6.9873e-02,1.7992e+00,7.5040e+00,2.6973e+00,2.2888e-01
5.6300e+03,6.9497e-02,1.7988e+00,7.5040e+00,2.6976e+00,2.2893e-01
5.6400e+03,6.9123e-02,1.7985e+00,7.5040e+00,2.6979e+00,2.2898e-01
5.6500e+03,6.8751e-02,1.7982e+00,7.5040e+00,2.6982e+00,2.2902e-01
5.6600e+03,6.8381e-02,1.7978e+00,7.5040e+00,2.6986e+00,2.2907e-01
5.6700e+03,6.8014e-02,1.7975e+00,7.5040e+00,2.6989e+00,2.2911e-01
5.6800e+03,6.7648e-02,1.7972e+00,7.5040e+00,2.6992e+00,2.2916e-01
5.6900e+03,6.7284e-02,1.7969e+00,7.5040e+00,2.6995e+00,2.2920e-01
5.7000e+03,6.6923e-02,1.7966e+00,7.5040e+00,2.6998e+00,2.2924e-01
5.7100e+03,6.6563e-02,1.7962e+00,7.5040e+00,2.7002e+00,2.2929e-01
5.7200e+03,6.6205e-02,1.7959e+00,7.5040e+00,2.7005e+00,2.2933e-01
5.7300e+03,6.5850e-02,1.7956e+00,7.5040e+00,2.7008e+00,2.2938e-01
5.7400e+03,6.5496e-02,1.7953e+00,7.5040e+00,2.7011e+00,2.2942e-01
5.7500e+03,6.5144e-02,1.7950e+00,7.5040e+00,2.7014e+00,2.2946e-01
5.7600e+03,6.4794e-02,1.7947e+00,7.5040e+00,2.7017e+00,2.2950e-01
5.7700e+03,6.4447e-02,1.7944e+00,7.5040e+00,2.7020e+00,2.2955e-01
5.7800e+03,6.4101e-02,1.7941e+00,7.5040e+00,2.7023e+00,2.2959e-01
5.7900e+03,6.3757e-02,1.7938e+00,7.5040e+00,2.7026e+00,2.2963e-01
5.8000e+03,6.3414e-02,1.7935e+00,7.5040e+00,2.7029e+00,2.2967e-01
5.8100e+03,6.3074e-02,1.7932e+00,7.5040e+00,2.7032e+00,2.2972e-01
5.8200e+03,6.2736e-02,1.7929e+00,7.5040e+00,2.7035e+00,2.2976e-01
5.8300e+03,6.2399e-02,1.7926e+00,7.5040e+00,2.7038e+00,2.2980e-01
5.8400e+03,6.2065e-02,1.7923e+00,7.5040e+00,2.7041e+00,2.2984e-01
5.8500e+03,6.1732e-02,1.7920e+00,7.5040e+00,2.7044e+00,2.2988e-01
5.8600e+03,6.1401e-02,1.7917e+00,7.5040e+00,2.7047e+00,2.2992e-01
5.8700e+03,6.1072e-02,1.7914e+00,7.5040e+00,2.7050e+00,2.2996e-01
5.8800e+03,6.0744e-02,1.7911e+00,7.5040e+00,2.7053e+00,2.3000e-01
5.8900e+03,6.0419e-02,1.7908e+00,7.5040e+00,2.7055e+00,2.3004e-01
5.9000e+03,6.0095e-02,1.7906e+00,7.5040e+00,2.7058e+00,2.3008e-01
5.9100e+03,5.9773e-02,1.7903e+00,7.5040e+00,2.7061e+00,2.3012e-01
5.9200e+03,5.9453e-02,1.7900e+00,7.5040e+00,2.7064e+00,2.3016e-01
5.9300e+03,5.9134e-02,1.7897e+00,7.5040e+00,2.7067e+00,2.3020e-01
5.9400e+03,5.8817e-02,1.7894e+00,7.5040e+00,2.7070e+00,2.3024e-01
5.9500e+03,5.8502e-02,1.7892e+00,7.5040e+00,2.7072e+00,2.3028e-01
5.9600e+03,5.8189e-02,1.7889e+00,7.5040e+00,2.7075e+00,2.3031e-01
5.9700e+03,5.7878e-02,1.7886e+00,7.5040e+00,2.7078e+00,2.3035e-01
5.9800e+03,5.7568e-02,1.7883e+00,7.5040e+00,2.7080e+00,2.3039e-01
5.9900e+03,5.7260e-02,1.7881e+00,7.5040e+00,2.7083e+00,2.3043e-01
6.0000e+03,5.6953e-02,1.7878e+00,7.5040e+00,2.7086e+00,2.3047e-01
6.0100e+03,5.6648e-02,1.7875e+00,7.5040e+00,2.7089e+00,2.3050e-01
6.0200e+03,5.6345e-02,1.7873e+00,7.5040e+00,2.7091e+00,2.3054e-01
6.0300e+03,5.6044e-02,1.7870e+00,7.5040e+00,2.7094e+00,2.3058e-01
6.0400e+03,5.5744e-02,1.7867e+00,7.5040e+00,2.7096e+00,2.3061e-01
6.0500e+03,5.5446e-02,1.7865e+00,7.5040e+00,2.7099e+00,2.3065e-01
6.0600e+03,5.5149e-02,1.7862e+00,7.5040e+00,2.7102e+00,2.3069e-01
6.0700e+03,5.4854e-02,1.7860e+00,7.5040e+00,2.7104e+00,2.3072e-01
6.0800e+03,5.4561e-02,1.7857e+00,7.5040e+00,2.7107e+00,2.3076e-01
6.0900e+03,5.4270e-02,1.7854e+00,7.5040e+00,2.7109e+00,2.3079e-01
6.1000e+03,5.3979e-02,1.7852e+00,7.5040e+00,2.7112e+00,2.3083e-01
6.1100e+03,5.3691e-02,1.7849e+00,7.5040e+00,2.7115e+00,2.3087e-01
6.1200e+03,5.3404e-02,1.7847e+00,7.5040e+00,2.7117e+00,2.3090e-01
6.1300e+03,5.3119e-02,1.7844e+00,7.5040e+00,2.7120e+00,2.3094e-01
6.1400e+03,5.2835e-02,1.7842e+00,7.5040e+00,2.7122e+00,2.3097e-01
6.1500e+03,5.2553e-02,1.7839e+00,7.5040e+00,2.7124e+00,2.3101e-01
6.1600e+03,5.2272e-02,1.7837e+00,7.5040e+00,2.7127e+00,2.3104e-01
6.1700e+03,5.1993e-02,1.7834e+00,7.5040e+00,2.7129e+00,2.3107e-01
6.1800e+03,5.1715e-02,1.7832e+00,7.5040e+00,2.7132e+00,2.3111e-01
6.1900e+03,5.1439e-02,1.7830e+00,7.5040e+00,2.7134e+00,2.3114e-01
6.2000e+03,5.1164e-02,1.7827e+00,7.5040e+00,2.7137e+00,2.3118e-01
6.2100e+03,5.0891e-02,1.7825e+00,7.5040e+00,2.7139e+00,2.3121e-01
6.2200e+03,5.0620e-02,1.7822e+00,7.5040e+00,2.7141e+00,2.3124e-01
6.2300e+03,5.0350e-02,1.7820e+00,7.5040e+00,2.7144e+00,2.3128e-01
6.2400e+03,5.0081e-02,1.7818e+00,7.5040e+00,2.7146e+00,2.3131e-01
6.2500e+03,4.9814e-02,1.7815e+00,7.5040e+00,2.7149e+00,2.3134e-01
6.2600e+03,4.9548e-02,1.7813e+00,7.5040e+00,2.7151e+00,2.3138e-01
6.2700e+03,4.9284e-02,1.7811e+00,7.5040e+00,2.7153e+00,2.3141e-01
6.2800e+03,4.9021e-02,1.7808e+00,7.5040e+00,2.7155e+00,2.3144e-01
6.2900e+03,4.8759e-02,1.7806e+00,7.5040e+00,2.7158e+00,2.3147e-01
6.3000e+03,4.8499e-02,1.7804e+00,7.5040e+00,2.7160e+00,2.3150e-01
6.3100e+03,4.8241e-02,1.7801e+00,7.5040e+00,2.7162e+00,2.3154e-01
6.3200e+03,4.7984e-02,1.7799e+00,7.5040e+00,2.7165e+00,2.3157e-01
6.3300e+03,4.7728e-02,1.7797e+00,7.5040e+00,2.7167e+00,2.3160e-01
6.3400e+03,4.7473e-02,1.7795e+00,7.5040e+00,2.7169e+00,2.3163e-01
6.3500e+03,4.7220e-02,1.7793e+00,7.5040e+00,2.7171e+00,2.3166e-01
6.3600e+03,4.6969e-02,1.7790e+00,7.5040e+00,2.7173e+00,2.3169e-01
6.3700e+03,4.6718e-02,1.7788e+00,7.5040e+00,2.7176e+00,2.3172e-01
6.3800e+03,4.6469e-02,1.7786e+00,7.5040e+00,2.7178e+00,2.3175e-01
6.3900e+03,4.6222e-02,1.7784e+00,7.5040e+00,2.7180e+00,2.3178e-01
6.4000e+03,4.5976e-02,1.7782e+00,7.5040e+00,2.7182e+00,2.3182e-01
6.4100e+03,4.5731e-02,1.7779e+00,7.5040e+00,2.7184e+00,2.3185e-01
6.4200e+03,4.5487e-02,1.7777e+00,7.5040e+00,2.7186e+00,2.3188e-01
6.4300e+03,4.5245e-02,1.7775e+00,7.5040e+00,2.7189e+00,2.3191e-01
6.4400e+03,4.5004e-02,1.7773e+00,7.5040e+00,2.7191e+00,2.3193e-01
6.4500e+03,4.4765e-02,1.7771e+00,7.5040e+00,2.7193e+00,2.3196e-01
6.4600e+03,4.4526e-02,1.7769e+00,7.5040e+00,2.7195e+00,2.3199e-01
6.4700e+03,4.4289e-02,1.7767e+00,7.5040e+00,2.7197e+00,2.3202e-01
6.4800e+03,4.4053e-02,1.7765e+00,7.5040e+00,2.7199e+00,2.3205e-01
6.4900e+03,4.3819e-02,1.7763e+00,7.5040e+00,2.7201e+00,2.3208e-01
6.5000e+03,4.3586e-02,1.7761e+00,7.5040e+00,2.7203e+00,2.3211e-01
6.5100e+03,4.3354e-02,1.7759e+00,7.5040e+00,2.7205e+00,2.3214e-01
6.5200e+03,4.3123e-02,1.7757e+00,7.5040e+00,2.7207e+00,2.3217e-01
6.5300e+03,4.2894e-02,1.7755e+00,7.5040e+00,2.7209e+00,2.3220e-01
6.5400e+03,4.2666e-02,1.7753e+00,7.5040e+00,2.7211e+00,2.3222e-01
6.5500e+03,4.2439e-02,1.7751e+00,7.5040e+00,2.7213e+00,2.3225e-01
6.5600e+03,4.2213e-02,1.7749e+00,7.5040e+00,2.7215e+00,2.3228e-01
6.5700e+03,4.1989e-02,1.7747e+00,7.5040e+00,2.7217e+00,2.3231e-01
6.5800e+03,4.1765e-02,1.7745e+00,7.5040e+00,2.7219e+00,2.3233e-01
6.5900e+03,4.1543e-02,1.7743e+00,7.5040e+00,2.7221e+00,2.3236e-01
6.6000e+03,4.1322e-02,1.7741e+00,7.5040e+00,2.7223e+00,2.3239e-01
6.6100e+03,4.1103e-02,1.7739e+00,7.5040e+00,2.7225e+00,2.3242e-01
6.6200e+03,4.0884e-02,1.7737e+00,7.5040e+00,2.7227e+00,2.3244e-01
6.6300e+03,4.0667e-02,1.7735e+00,7.5040e+00,2.7229e+00,2.3247e-01
6.6400e+03,4.0451e-02,1.7733e+00,7.5040e+00,2.7231e+00,2.3250e-01
6.6500e+03,4.0236e-02,1.7731e+00,7.5040e+00,2.7232e+00,2.3252e-01
6.6600e+03,4.0022e-02,1.7729e+00,7.5040e+00,2.7234e+00,2.3255e-01
6.6700e+03,3.9810e-02,1.7727e+00,7.5040e+00,2.7236e+00,2.3258e-01
6.6800e+03,3.9598e-02,1.7726e+00,7.5040e+00,2.7238e+00,2.3260e-01
6.6900e+03,3.9388e-02,1.7724e+00,7.5040e+00,2.7240e+00,2.3263e-01
6.7000e+03,3.9179e-02,1.7722e+00,7.5040e+00,2.7242e+00,2.3265e-01
6.7100e+03,3.8970e-02,1.7720e+00,7.5040e+00,2.7244e+00,2.3268e-01
6.7200e+03,3.8764e-02,1.7718e+00,7.5040e+00,2.7245e+00,2.3271e-01
6.7300e+03,3.8558e-02,1.7716e+00,7.5040e+00,2.7247e+00,2.3273e-01
6.7400e+03,3.8353e-02,1.7715e+00,7.5040e+00,2.7249e+00,2.3276e-01
6.7500e+03,3.8149e-02,1.7713e+00,7.5040e+00,2.7251e+00,2.3278e-01
6.7600e+03,3.7947e-02,1.7711e+00,7.5040e+00,2.7253e+00,2.3281e-01
6.7700e+03,3.7745e-02,1.7709e+00,7.5040e+00,2.7254e+00,2.3283e-01
6.7800e+03,3.7545e-02,1.7708e+00,7.5040e+00,2.7256e+00,2.3286e-01
6.7900e+03,3.7346e-02,1.7706e+00,7.5040e+00,2.7258e+00,2.3288e-01
6.8000e+03,3.7148e-02,1.7704e+00,7.5040e+00,2.7260e+00,2.3291e-01
6.8100e+03,3.6951e-02,1.7702e+00,7.5040e+00,2.7261e+00,2.3293e-01
6.8200e+03,3.6754e-02,1.7701e+00,7.5040e+00,2.7263e+00,2.3295e-01
6.8300e+03,3.6559e-02,1.7699e+00,7.5040e+00,2.7265e+00,2.3298e-01
6.8400e+03,3.6366e-02,1.7697e+00,7.5040e+00,2.7266e+00,2.3300e-01
6.8500e+03,3.6173e-02,1.7696e+00,7.5040e+00,2.7268e+00,2.3303e-01
6.8600e+03,3.5981e-02,1.7694e+00,7.5040e+00,2.7270e+00,2.3305e-01
6.8700e+03,3.5790e-02,1.7692e+00,7.5040e+00,2.7271e+00,2.3307e-01
6.8800e+03,3.5600e-02,1.7691e+00,7.5040e+00,2.7273e+00,2.3310e-01
6.8900e+03,3.5411e-02,1.7689e+00,7.5040e+00,2.7275e+00,2.3312e-01
6.9000e+03,3.5224e-02,1.7687e+00,7.5040e+00,2.7276e+00,2.3314e-01
6.9100e+03,3.5037e-02,1.7686e+00,7.5040e+00,2.7278e+00,2.3317e-01
6.9200e+03,3.4851e-02,1.7684e+00,7.5040e+00,2.7280e+00,2.3319e-01
6.9300e+03,3.4666e-02,1.7682e+00,7.5040e+00,2.7281e+00,2.3321e-01
6.9400e+03,3.4483e-02,1.7681e+00,7.5040e+00,2.7283e+00,2.3324e-01
6.9500e+03,3.4300e-02,1.7679e+00,7.5040e+00,2.7284e+00,2.3326e-01
6.9600e+03,3.4118e-02,1.7678e+00,7.5040e+00,2.7286e+00,2.3328e-01
6.9700e+03,3.3937e-02,1.7676e+00,7.5040e+00,2.7288e+00,2.3330e-01
6.9800e+03,3.3757e-02,1.7674e+00,7.5040e+00,2.7289e+00,2.3333e-01
6.9900e+03,3.3579e-02,1.7673e+00,7.5040e+00,2.7291e+00,2.3335e-01
7.0000e+03,3.3401e-02,1.7671e+00,7.5040e+00,2.7292e+00,2.3337e-01
7.0100e+03,3.3224e-02,1.7670e+00,7.5040e+00,2.7294e+00,2.3339e-01
7.0200e+03,3.3048e-02,1.7668e+00,7.5040e+00,2.7295e+00,2.3341e-01
7.0300e+03,3.2873e-02,1.7667e+00,7.5040e+00,2.7297e+00,2.3343e-01
7.0400e+03,3.2699e-02,1.7665e+00,7.5040e+00,2.7299e+00,2.3346e-01
7.0500e+03,3.2525e-02,1.7664e+00,7.5040e+00,2.7300e+00,2.3348e-01
7.0600e+03,3.2353e-02,1.7662e+00,7.5040e+00,2.7302e+00,2.3350e-01
7.0700e+03,3.2182e-02,1.7661e+00,7.5040e+00,2.7303e+00,2.3352e-01
7.0800e+03,3.2011e-02,1.7659e+00,7.5040e+00,2.7305e+00,2.3354e-01
7.0900e+03,3.1842e-02,1.7658e+00,7.5040e+00,2.7306e+00,2.3356e-01
7.1000e+03,3.1673e-02,1.7656e+00,7.5040e+00,2.7308e+00,2.3358e-01
7.1100e+03,3.1506e-02,1.7655e+00,7.5040e+00,2.7309e+00,2.3360e-01
7.1200e+03,3.1339e-02,1.7653e+00,7.5040e+00,2.7310e+00,2.3363e-01
7.1300e+03,3.1173e-02,1.7652e+00,7.5040e+00,2.7312e+00,2.3365e-01
7.1400e+03,3.1008e-02,1.7650e+00,7.5040e+00,2.7313e+00,2.3367e-01
7.1500e+03,3.0844e-02,1.7649e+00,7.5040e+00,2.7315e+00,2.3369e-01
7.1600e+03,3.0681e-02,1.7647e+00,7.5040e+00,2.7316e+00,2.3371e-01
7.1700e+03,3.0518e-02,1.7646e+00,7.5040e+00,2.7318e+00,2.3373e-01
7.1800e+03,3.0357e-02,1.7645e+00,7.5040e+00,2.7319e+00,2.3375e-01
7.1900e+03,3.0196e-02,1.7643e+00,7.5040e+00,2.7320e+00,2.3377e-01
7.2000e+03,3.0036e-02,1.7642e+00,7.5040e+00,2.7322e+00,2.3379e-01
7.2100e+03,2.9878e-02,1.7640e+00,7.5040e+00,2.7323e+00,2.3381e-01
7.2200e+03,2.9720e-02,1.7639e+00,7.5040e+00,2.7325e+00,2.3383e-01
7.2300e+03,2.9562e-02,1.7638e+00,7.5040e+00,2.7326e+00,2.3385e-01
7.2400e+03,2.9406e-02,1.7636e+00,7.5040e+00,2.7327e+00,2.3386e-01
7.2500e+03,2.9250e-02,1.7635e+00,7.5040e+00,2.7329e+00,2.3388e-01
7.2600e+03,2.9096e-02,1.7633e+00,7.5040e+00,2.7330e+00,2.3390e-01
7.2700e+03,2.8942e-02,1.7632e+00,7.5040e+00,2.7331e+00,2.3392e-01
7.2800e+03,2.8789e-02,1.7631e+00,7.5040e+00,2.7333e+00,2.3394e-01
7.2900e+03,2.8637e-02,1.7629e+00,7.5040e+00,2.7334e+00,2.3396e-01
7.3000e+03,2.8485e-02,1.7628e+00,7.5040e+00,2.7335e+00,2.3398e-01
7.3100e+03,2.8335e-02,1.7627e+00,7.5040e+00,2.7337e+00,2.3400e-01
7.3200e+03,2.8185e-02,1.7626e+00,7.5040e+00,2.7338e+00,2.3402e-01
7.3300e+03,2.8036e-02,1.7624e+00,7.5040e+00,2.7339e+00,2.3404e-01
7.3400e+03,2.7888e-02,1.7623e+00,7.5040e+00,2.7341e+00,2.3405e-01
7.3500e+03,2.7740e-02,1.7622e+00,7.5040e+00,2.7342e+00,2.3407e-01
7.3600e+03,2.7594e-02,1.7620e+00,7.5040e+00,2.7343e+00,2.3409e-01
7.3700e+03,2.7448e-02,1.7619e+00,7.5040e+00,2.7345e+00,2.3411e-01
7.3800e+03,2.7303e-02,1.7618e+00,7.5040e+00,2.7346e+00,2.3413e-01
7.3900e+03,2.7159e-02,1.7617e+00,7.5040e+00,2.7347e+00,2.3414e-01
7.4000e+03,2.7015e-02,1.7615e+00,7.5040e+00,2.7348e+00,2.3416e-01
7.4100e+03,2.6872e-02,1.7614e+00,7.5040e+00,2.7350e+00,2.3418e-01
7.4200e+03,2.6730e-02,1.7613e+00,7.5040e+00,2.7351e+00,2.3420e-01
7.4300e+03,2.6589e-02,1.7612e+00,7.5040e+00,2.7352e+00,2.3421e-01
7.4400e+03,2.6449e-02,1.7610e+00,7.5040e+00,2.7353e+00,2.3423e-01
7.4500e+03,2.6309e-02,1.7609e+00,7.5040e+00,2.7354e+00,2.3425e-01
7.4600e+03,2.6170e-02,1.7608e+00,7.5040e+00,2.7356e+00,2.3427e-01
7.4700e+03,2.6032e-02,1.7607e+00,7.5040e+00,2.7357e+00,2.3428e-01
7.4800e+03,2.5894e-02,1.7605e+00,7.5040e+00,2.7358e+00,2.3430e-01
7.4900e+03,2.5758e-02,1.7604e+00,7.5040e+00,2.7359e+00,2.3432e-01
7.5000e+03,2.5622e-02,1.7603e+00,7.5040e+00,2.7361e+00,2.3434e-01
7.5100e+03,2.5486e-02,1.7602e+00,7.5040e+00,2.7362e+00,2.3435e-01
7.5200e+03,2.5352e-02,1.7601e+00,7.5040e+00,2.7363e+00,2.3437e-01
7.5300e+03,2.5218e-02,1.7599e+00,7.5040e+00,2.7364e+00,2.3439e-01
7.5400e+03,2.5085e-02,1.7598e+00,7.5040e+00,2.7365e+00,2.3440e-01
7.5500e+03,2.4952e-02,1.7597e+00,7.5040e+00,2.7366e+00,2.3442e-01
7.5600e+03,2.4821e-02,1.7596e+00,7.5040e+00,2.7368e+00,2.3443e-01
7.5700e+03,2.4690e-02,1.7595e+00,7.5040e+00,2.7369e+00,2.3445e-01
7.5800e+03,2.4559e-02,1.7594e+00,7.5040e+00,2.7370e+00,2.3447e-01
7.5900e+03,2.4430e-02,1.7593e+00,7.5040e+00,2.7371e+00,2.3448e-01
7.6000e+03,2.4301e-02,1.7591e+00,7.5040e+00,2.7372e+00,2.3450e-01
7.6100e+03,2.4173e-02,1.7590e+00,7.5040e+00,2.7373e+00,2.3452e-01
7.6200e+03,2.4045e-02,1.7589e+00,7.5040e+00,2.7374e+00,2.3453e-01
7.6300e+03,2.3918e-02,1.7588e+00,7.5040e+00,2.7375e+00,2.3455e-01
7.6400e+03,2.3792e-02,1.7587e+00,7.5040e+00,2.7377e+00,2.3456e-01
7.6500e+03,2.3666e-02,1.7586e+00,7.5040e+00,2.7378e+00,2.3458e-01
7.6600e+03,2.3542e-02,1.7585e+00,7.5040e+00,2.7379e+00,2.3459e-01
7.6700e+03,2.3417e-02,1.7584e+00,7.5040e+00,2.7380e+00,2.3461e-01
7.6800e+03,2.3294e-02,1.7583e+00,7.5040e+00,2.7381e+00,2.3462e-01
7.6900e+03,2.3171e-02,1.7582e+00,7.5040e+00,2.7382e+00,2.3464e-01
7.7000e+03,2.3049e-02,1.7580e+00,7.5040e+00,2.7383e+00,2.3466e-01
7.7100e+03,2.2927e-02,1.7579e+00,7.5040e+00,2.7384e+00,2.3467e-01
7.7200e+03,2.2806e-02,1.7578e+00,7.5040e+00,2.7385e+00,2.3469e-01
7.7300e+03,2.2686e-02,1.7577e+00,7.5040e+00,2.7386e+00,2.3470e-01
7.7400e+03,2.2566e-02,1.7576e+00,7.5040e+00,2.7387e+00,2.3472e-01
7.7500e+03,2.2447e-02,1.7575e+00,7.5040e+00,2.7388e+00,2.3473e-01
7.7600e+03,2.2329e-02,1.7574e+00,7.5040e+00,2.7389e+00,2.3474e-01
7.7700e+03,2.2211e-02,1.7573e+00,7.5040e+00,2.7390e+00,2.3476e-01
7.7800e+03,2.2094e-02,1.7572e+00,7.5040e+00,2.7391e+00,2.3477e-01
7.7900e+03,2.1978e-02,1.7571e+00,7.5040e+00,2.7392e+00,2.3479e-01
7.8000e+03,2.1862e-02,1.7570e+00,7.5040e+00,2.7393e+00,2.3480e-01
7.8100e+03,2.1747e-02,1.7569e+00,7.5040e+00,2.7394e+00,2.3482e-01
7.8200e+03,2.1632e-02,1.7568e+00,7.5040e+00,2.7395e+00,2.3483e-01
7.8300e+03,2.1518e-02,1.7567e+00,7.5040e+00,2.7396e+00,2.3485e-01
7.8400e+03,2.1405e-02,1.7566e+00,7.5040e+00,2.7397e+00,2.3486e-01
7.8500e+03,2.1292e-02,1.7565e+00,7.5040e+00,2.7398e+00,2.3487e-01
7.8600e+03,2.1179e-02,1.7564e+00,7.5040e+00,2.7399e+00,2.3489e-01
7.8700e+03,2.1068e-02,1.7563e+00,7.5040e+00,2.7400e+00,2.3490e-01
7.8800e+03,2.0957e-02,1.7562e+00,7.5040e+00,2.7401e+00,2.3492e-01
7.8900e+03,2.0846e-02,1.7561e+00,7.5040e+00,2.7402e+00,2.3493e-01
7.9000e+03,2.0737e-02,1.7560e+00,7.5040e+00,2.7403e+00,2.3494e-01
7.9100e+03,2.0627e-02,1.7559e+00,7.5040e+00,2.7404e+00,2.3496e-01
7.9200e+03,2.0519e-02,1.7558e+00,7.5040e+00,2.7405e+00,2.3497e-01
7.9300e+03,2.0411e-02,1.7557e+00,7.5040e+00,2.7406e+00,2.3498e-01
7.9400e+03,2.0303e-02,1.7556e+00,7.5040e+00,2.7407e+00,2.3500e-01
7.9500e+03,2.0196e-02,1.7555e+00,7.5040e+00,2.7408e+00,2.3501e-01
7.9600e+03,2.0090e-02,1.7555e+00,7.5040e+00,2.7409e+00,2.3502e-01
7.9700e+03,1.9984e-02,1.7554e+00,7.5040e+00,2.7410e+00,2.3504e-01
7.9800e+03,1.9879e-02,1.7553e+00,7.5040e+00,2.7411e+00,2.3505e-01
7.9900e+03,1.9774e-02,1.7552e+00,7.5040e+00,2.7412e+00,2.3506e-01
8.0000e+03,1.9670e-02,1.7551e+00,7.5040e+00,2.7413e+00,2.3508e-01
8.0100e+03,1.9566e-02,1.7550e+00,7.5040e+00,2.7414e+00,2.3509e-01
8.0200e+03,1.9463e-02,1.7549e+00,7.5040e+00,2.7414e+00,2.3510e-01
8.0300e+03,1.9361e-02,1.7548e+00,7.5040e+00,2.7415e+00,2.3511e-01
8.0400e+03,1.9259e-02,1.7547e+00,7.5040e+00,2.7416e+00,2.3513e-01
8.0500e+03,1.9157e-02,1.7546e+00,7.5040e+00,2.7417e+00,2.3514e-01
8.0600e+03,1.9056e-02,1.7545e+00,7.5040e+00,2.7418e+00,2.3515e-01
8.0700e+03,1.8956e-02,1.7545e+00,7.5040e+00,2.7419e+00,2.3517e-01
8.0800e+03,1.8856e-02,1.7544e+00,7.5040e+00,2.7420e+00,2.3518e-01
8.0900e+03,1.8757e-02,1.7543e+00,7.5040e+00,2.7421e+00,2.3519e-01
8.1000e+03,1.8658e-02,1.7542e+00,7.5040e+00,2.7421e+00,2.3520e-01
8.1100e+03,1.8560e-02,1.7541e+00,7.5040e+00,2.7422e+00,2.3521e-01
8.1200e+03,1.8462e-02,1.7540e+00,7.5040e+00,2.7423e+00,2.3523e-01
8.1300e+03,1.8365e-02,1.7539e+00,7.5040e+00,2.7424e+00,2.3524e-01
8.1400e+03,1.8268e-02,1.7539e+00,7.5040e+00,2.7425e+00,2.3525e-01
8.1500e+03,1.8172e-02,1.7538e+00,7.5040e+00,2.7426e+00,2.3526e-01
8.1600e+03,1.8077e-02,1.7537e+00,7.5040e+00,2.7427e+00,2.3527e-01
8.1700e+03,1.7981e-02,1.7536e+00,7.5040e+00,2.7427e+00,2.3529e-01
8.1800e+03,1.7887e-02,1.7535e+00,7.5040e+00,2.7428e+00,2.3530e-01
8.1900e+03,1.7793e-02,1.7534e+00,7.5040e+00,2.7429e+00,2.3531e-01
8.2000e+03,1.7699e-02,1.7534e+00,7.5040e+00,2.7430e+00,2.3532e-01
8.2100e+03,1.7606e-02,1.7533e+00,7.5040e+00,2.7431e+00,2.3533e-01
8.2200e+03,1.7513e-02,1.7532e+00,7.5040e+00,2.7431e+00,2.3535e-01
8.2300e+03,1.7421e-02,1.7531e+00,7.5040e+00,2.7432e+00,2.3536e-01
8.2400e+03,1.7329e-02,1.7530e+00,7.5040e+00,2.7433e+00,2.3537e-01
8.2500e+03,1.7238e-02,1.7530e+00,7.5040e+00,2.7434e+00,2.3538e-01
8.2600e+03,1.7148e-02,1.7529e+00,7.5040e+00,2.7435e+00,2.3539e-01
8.2700e+03,1.7057e-02,1.7528e+00,7.5040e+00,2.7435e+00,2.3540e-01
8.2800e+03,1.6968e-02,1.7527e+00,7.5040e+00,2.7436e+00,2.3541e-01
8.2900e+03,1.6878e-02,1.7526e+00,7.5040e+00,2.7437e+00,2.3542e-01
8.3000e+03,1.6790e-02,1.7526e+00,7.5040e+00,2.7438e+00,2.3544e-01
8.3100e+03,1.6701e-02,1.7525e+00,7.5040e+00,2.7439e+00,2.3545e-01
8.3200e+03,1.6613e-02,1.7524e+00,7.5040e+00,2.7439e+00,2.3546e-01
8.3300e+03,1.6526e-02,1.7523e+00,7.5040e+00,2.7440e+00,2.3547e-01
8.3400e+03,1.6439e-02,1.7523e+00,7.5040e+00,2.7441e+00,2.3548e-01
8.3500e+03,1.6353e-02,1.7522e+00,7.5040e+00,2.7442e+00,2.3549e-01
8.3600e+03,1.6267e-02,1.7521e+00,7.5040e+00,2.7442e+00,2.3550e-01
8.3700e+03,1.6181e-02,1.7520e+00,7.5040e+00,2.7443e+00,2.3551e-01
8.3800e+03,1.6096e-02,1.7520e+00,7.5040e+00,2.7444e+00,2.3552e-01
8.3900e+03,1.6011e-02,1.7519e+00,7.5040e+00,2.7445e+00,2.3553e-01
8.4000e+03,1.5927e-02,1.7518e+00,7.5040e+00,2.7445e+00,2.3554e-01
8.4100e+03,1.5843e-02,1.7517e+00,7.5040e+00,2.7446e+00,2.3555e-01
8.4200e+03,1.5760e-02,1.7517e+00,7.5040e+00,2.7447e+00,2.3556e-01
8.4300e+03,1.5677e-02,1.7516e+00,7.5040e+00,2.7448e+00,2.3557e-01
8.4400e+03,1.5595e-02,1.7515e+00,7.5040e+00,2.7448e+00,2.3558e-01
8.4500e+03,1.5513e-02,1.7514e+00,7.5040e+00,2.7449e+00,2.3560e-01
8.4600e+03,1.5431e-02,1.7514e+00,7.5040e+00,2.7450e+00,2.3561e-01
8.4700e+03,1.5350e-02,1.7513e+00,7.5040e+00,2.7450e+00,2.3562e-01
8.4800e+03,1.5270e-02,1.7512e+00,7.5040e+00,2.7451e+00,2.3563e-01
8.4900e+03,1.5189e-02,1.7512e+00,7.5040e+00,2.7452e+00,2.3564e-01
8.5000e+03,1.5109e-02,1.7511e+00,7.5040e+00,2.7453e+00,2.3565e-01
8.5100e+03,1.5030e-02,1.7510e+00,7.5040e+00,2.7453e+00,2.3566e-01
8.5200e+03,1.4951e-02,1.7510e+00,7.5040e+00,2.7454e+00,2.3567e-01
8.5300e+03,1.4872e-02,1.7509e+00,7.5040e+00,2.7455e+00,2.3568e-01
8.5400e+03,1.4794e-02,1.7508e+00,7.5040e+00,2.7455e+00,2.3568e-01
8.5500e+03,1.4717e-02,1.7507e+00,7.5040e+00,2.7456e+00,2.3569e-01
8.5600e+03,1.4639e-02,1.7507e+00,7.5040e+00,2.7457e+00,2.3570e-01
8.5700e+03,1.4562e-02,1.7506e+00,7.5040e+00,2.7457e+00,2.3571e-01
8.5800e+03,1.4486e-02,1.7505e+00,7.5040e+00,2.7458e+00,2.3572e-01
8.5900e+03,1.4410e-02,1.7505e+00,7.5040e+00,2.7459e+00,2.3573e-01
8.6000e+03,1.4334e-02,1.7504e+00,7.5040e+00,2.7459e+00,2.3574e-01
8.6100e+03,1.4259e-02,1.7503e+00,7.5040e+00,2.7460e+00,2.3575e-01
8.6200e+03,1.4184e-02,1.7503e+00,7.5040e+00,2.7461e+00,2.3576e-01
8.6300e+03,1.4109e-02,1.7502e+00,7.5040e+00,2.7461e+00,2.3577e-01
8.6400e+03,1.4035e-02,1.7501e+00,7.5040e+00,2.7462e+00,2.3578e-01
8.6500e+03,1.3961e-02,1.7501e+00,7.5040e+00,2.7463e+00,2.3579e-01
8.6600e+03,1.3888e-02,1.7500e+00,7.5040e+00,2.7463e+00,2.3580e-01
8.6700e+03,1.3815e-02,1.7500e+00,7.5040e+00,2.7464e+00,2.3581e-01
8.6800e+03,1.3742e-02,1.7499e+00,7.5040e+00,2.7464e+00,2.3582e-01
8.6900e+03,1.3670e-02,1.7498e+00,7.5040e+00,2.7465e+00,2.3583e-01
8.7000e+03,1.3598e-02,1.7498e+00,7.5040e+00,2.7466e+00,2.3583e-01
8.7100e+03,1.3527e-02,1.7497e+00,7.5040e+00,2.7466e+00,2.3584e-01
8.7200e+03,1.3456e-02,1.7496e+00,7.5040e+00,2.7467e+00,2.3585e-01
8.7300e+03,1.3385e-02,1.7496e+00,7.5040e+00,2.7468e+00,2.3586e-01
8.7400e+03,1.3315e-02,1.7495e+00,7.5040e+00,2.7468e+00,2.3587e-01
8.7500e+03,1.3245e-02,1.7495e+00,7.5040e+00,2.7469e+00,2.3588e-01
8.7600e+03,1.3175e-02,1.7494e+00,7.5040e+00,2.7469e+00,2.3589e-01
8.7700e+03,1.3106e-02,1.7493e+00,7.5040e+00,2.7470e+00,2.3590e-01
8.7800e+03,1.3037e-02,1.7493e+00,7.5040e+00,2.7471e+00,2.3590e-01
8.7900e+03,1.2969e-02,1.7492e+00,7.5040e+00,2.7471e+00,2.3591e-01
8.8000e+03,1.2901e-02,1.7492e+00,7.5040e+00,2.7472e+00,2.3592e-01
8.8100e+03,1.2833e-02,1.7491e+00,7.5040e+00,2.7472e+00,2.3593e-01
8.8200e+03,1.2766e-02,1.7490e+00,7.5040e+00,2.7473e+00,2.3594e-01
8.8300e+03,1.2699e-02,1.7490e+00,7.5040e+00,2.7474e+00,2.3595e-01
8.8400e+03,1.2632e-02,1.7489e+00,7.5040e+00,2.7474e+00,2.3596e-01
8.8500e+03,1.2566e-02,1.7489e+00,7.5040e+00,2.7475e+00,2.3596e-01
8.8600e+03,1.2500e-02,1.7488e+00,7.5040e+00,2.7475e+00,2.3597e-01
8.8700e+03,1.2434e-02,1.7487e+00,7.5040e+00,2.7476e+00,2.3598e-01
8.8800e+03,1.2369e-02,1.7487e+00,7.5040e+00,2.7477e+00,2.3599e-01
8.8900e+03,1.2304e-02,1.7486e+00,7.5040e+00,2.7477e+00,2.3600e-01
8.9000e+03,1.2239e-02,1.7486e+00,7.5040e+00,2.7478e+00,2.3600e-01
8.9100e+03,1.2175e-02,1.7485e+00,7.5040e+00,2.7478e+00,2.3601e-01
8.9200e+03,1.2111e-02,1.7485e+00,7.5040e+00,2.7479e+00,2.3602e-01
8.9300e+03,1.2047e-02,1.7484e+00,7.5040e+00,2.7479e+00,2.3603e-01
8.9400e+03,1.1984e-02,1.7484e+00,7.5040e+00,2.7480e+00,2.3604e-01
8.9500e+03,1.1921e-02,1.7483e+00,7.5040e+00,2.7480e+00,2.3604e-01
8.9600e+03,1.1859e-02,1.7482e+00,7.5040e+00,2.7481e+00,2.3605e-01
8.9700e+03,1.1796e-02,1.7482e+00,7.5040e+00,2.7482e+00,2.3606e-01
8.9800e+03,1.1735e-02,1.7481e+00,7.5040e+00,2.7482e+00,2.3607e-01
8.9900e+03,1.1673e-02,1.7481e+00,7.5040e+00,2.7483e+00,2.3608e-01
9.0000e+03,1.1612e-02,1.7480e+00,7.5040e+00,2.7483e+00,2.3608e-01
9.0100e+03,1.1551e-02,1.7480e+00,7.5040e+00,2.7484e+00,2.3609e-01
9.0200e+03,1.1490e-02,1.7479e+00,7.5040e+00,2.7484e+00,2.3610e-01
9.0300e+03,1.1430e-02,1.7479e+00,7.5040e+00,2.7485e+00,2.3611e-01
9.0400e+03,1.1370e-02,1.7478e+00,7.5040e+00,2.7485e+00,2.3611e-01
9.0500e+03,1.1310e-02,1.7478e+00,7.5040e+00,2.7486e+00,2.3612e-01
9.0600e+03,1.1251e-02,1.7477e+00,7.5040e+00,2.7486e+00,2.3613e-01
9.0700e+03,1.1192e-02,1.7477e+00,7.5040e+00,2.7487e+00,2.3614e-01
9.0800e+03,1.1133e-02,1.7476e+00,7.5040e+00,2.7487e+00,2.3614e-01
9.0900e+03,1.1075e-02,1.7476e+00,7.5040e+00,2.7488e+00,2.3615e-01
9.1000e+03,1.1017e-02,1.7475e+00,7.5040e+00,2.7488e+00,2.3616e-01
9.1100e+03,1.0959e-02,1.7475e+00,7.5040e+00,2.7489e+00,2.3616e-01
9.1200e+03,1.0901e-02,1.7474e+00,7.5040e+00,2.7489e+00,2.3617e-01
