t,[L2M],[D],[L],[L2MD],[L2Ms]
0.0000e+00,3.0000e+00,6.0000e+00,1.5000e+01,0.0000e+00,0.0000e+00
1.0000e+01,2.9737e+00,5.9766e+00,1.5002e+01,2.3370e-02,9.7564e-04
2.0000e+01,2.9495e+00,5.9534e+00,1.5002e+01,4.6522e-02,1.9460e-03
3.0000e+01,2.9257e+00,5.9305e+00,1.5002e+01,6.9400e-02,2.9085e-03
4.0000e+01,2.9021e+00,5.9079e+00,1.5002e+01,9.2008e-02,3.8634e-03
5.0000e+01,2.8788e+00,5.8855e+00,1.5002e+01,1.1435e-01,4.8106e-03
6.0000e+01,2.8558e+00,5.8634e+00,1.5002e+01,1.3643e-01,5.7503e-03
7.0000e+01,2.8331e+00,5.8416e+00,1.5002e+01,1.5825e-01,6.6825e-03
8.0000e+01,2.8106e+00,5.8200e+00,1.5002e+01,1.7983e-01,7.6074e-03
9.0000e+01,2.7883e+00,5.7987e+00,1.5002e+01,2.0115e-01,8.5250e-03
1.0000e+02,2.7663e+00,5.7776e+00,1.5002e+01,2.2223e-01,9.4354e-03
1.1000e+02,2.7446e+00,5.7567e+00,1.5002e+01,2.4306e-01,1.0339e-02
1.2000e+02,2.7231e+00,5.7361e+00,1.5002e+01,2.6367e-01,1.1235e-02
1.3000e+02,2.7018e+00,5.7158e+00,1.5002e+01,2.8403e-01,1.2124e-02
1.4000e+02,2.6808e+00,5.6956e+00,1.5002e+01,3.0417e-01,1.3007e-02
1.5000e+02,2.6600e+00,5.6757e+00,1.5002e+01,3.2409e-01,1.3882e-02
1.6000e+02,2.6395e+00,5.6560e+00,1.5002e+01,3.4378e-01,1.4751e-02
1.7000e+02,2.6191e+00,5.6365e+00,1.5002e+01,3.6325e-01,1.5613e-02
1.8000e+02,2.5990e+00,5.6172e+00,1.5002e+01,3.8251e-01,1.6469e-02
1.9000e+02,2.5791e+00,5.5982e+00,1.5002e+01,4.0155e-01,1.7318e-02
2.0000e+02,2.5595e+00,5.5793e+00,1.5002e+01,4.2039e-01,1.8161e-02
2.1000e+02,2.5400e+00,5.5607e+00,1.5002e+01,4.3902e-01,1.8997e-02
2.2000e+02,2.5207e+00,5.5422e+00,1.5002e+01,4.5745e-01,1.9827e-02
2.3000e+02,2.5017e+00,5.5240e+00,1.5002e+01,4.7568e-01,2.0650e-02
2.4000e+02,2.4828e+00,5.5059e+00,1.5002e+01,4.9372e-01,2.1468e-02
2.5000e+02,2.4642e+00,5.4881e+00,1.5002e+01,5.1156e-01,2.2279e-02
2.6000e+02,2.4457e+00,5.4704e+00,1.5002e+01,5.2921e-01,2.3085e-02
2.7000e+02,2.4274e+00,5.4529e+00,1.5002e+01,5.4667e-01,2.3884e-02
2.8000e+02,2.4094e+00,5.4356e+00,1.5002e+01,5.6395e-01,2.4678e-02
2.9000e+02,2.3915e+00,5.4185e+00,1.5002e+01,5.8105e-01,2.5465e-02
3.0000e+02,2.3738e+00,5.4016e+00,1.5002e+01,5.9797e-01,2.6247e-02
3.1000e+02,2.3563e+00,5.3849e+00,1.5002e+01,6.1471e-01,2.7023e-02
3.2000e+02,2.3389e+00,5.3683e+00,1.5002e+01,6.3128e-01,2.7793e-02
3.3000e+02,2.3218e+00,5.3519e+00,1.5002e+01,6.4767e-01,2.8558e-02
3.4000e+02,2.3048e+00,5.3356e+00,1.5002e+01,6.6390e-01,2.9317e-02
3.5000e+02,2.2880e+00,5.3196e+00,1.5002e+01,6.7996e-01,3.0071e-02
3.6000e+02,2.2713e+00,5.3037e+00,1.5002e+01,6.9586e-01,3.0819e-02
3.7000e+02,2.2548e+00,5.2879e+00,1.5002e+01,7.1159e-01,3.1562e-02
3.8000e+02,2.2385e+00,5.2723e+00,1.5002e+01,7.2717e-01,3.2299e-02
3.9000e+02,2.2224e+00,5.2569e+00,1.5002e+01,7.4259e-01,3.3032e-02
4.0000e+02,2.2064e+00,5.2416e+00,1.5002e+01,7.5785e-01,3.3758e-02
4.1000e+02,2.1906e+00,5.2265e+00,1.5002e+01,7.7296e-01,3.4480e-02
4.2000e+02,2.1749e+00,5.2115e+00,1.5002e+01,7.8792e-01,3.5197e-02
4.3000e+02,2.1594e+00,5.1967e+00,1.5002e+01,8.0273e-01,3.5908e-02
4.4000e+02,2.1440e+00,5.1820e+00,1.5002e+01,8.1739e-01,3.6615e-02
4.5000e+02,2.1288e+00,5.1675e+00,1.5002e+01,8.3191e-01,3.7316e-02
4.6000e+02,2.1137e+00,5.1531e+00,1.5002e+01,8.4629e-01,3.8012e-02
4.7000e+02,2.0988e+00,5.1389e+00,1.5002e+01,8.6052e-01,3.8704e-02
4.8000e+02,2.0840e+00,5.1248e+00,1.5002e+01,8.7462e-01,3.9391e-02
4.9000e+02,2.0693e+00,5.1108e+00,1.5002e+01,8.8858e-01,4.0073e-02
5.0000e+02,2.0548e+00,5.0970e+00,1.5002e+01,9.0240e-01,4.0750e-02
5.1000e+02,2.0405e+00,5.0833e+00,1.5002e+01,9.1610e-01,4.1422e-02
5.2000e+02,2.0263e+00,5.0697e+00,1.5002e+01,9.2966e-01,4.2090e-02
5.3000e+02,2.0122e+00,5.0563e+00,1.5002e+01,9.4309e-01,4.2753e-02
5.4000e+02,1.9982e+00,5.0430e+00,1.5002e+01,9.5639e-01,4.3412e-02
5.5000e+02,1.9844e+00,5.0298e+00,1.5002e+01,9.6956e-01,4.4066e-02
5.6000e+02,1.9707e+00,5.0167e+00,1.5002e+01,9.8261e-01,4.4715e-02
5.7000e+02,1.9571e+00,5.0038e+00,1.5002e+01,9.9554e-01,4.5360e-02
5.8000e+02,1.9437e+00,4.9910e+00,1.5002e+01,1.0083e+00,4.6001e-02
5.9000e+02,1.9303e+00,4.9783e+00,1.5002e+01,1.0210e+00,4.6637e-02
6.0000e+02,1.9171e+00,4.9657e+00,1.5002e+01,1.0336e+00,4.7269e-02
6.1000e+02,1.9041e+00,4.9532e+00,1.5002e+01,1.0461e+00,4.7897e-02
6.2000e+02,1.8911e+00,4.9409e+00,1.5002e+01,1.0584e+00,4.8520e-02
6.3000e+02,1.8783e+00,4.9287e+00,1.5002e+01,1.0706e+00,4.9140e-02
6.4000e+02,1.8655e+00,4.9165e+00,1.5002e+01,1.0827e+00,4.9755e-02
6.5000e+02,1.8529e+00,4.9045e+00,1.5002e+01,1.0947e+00,5.0365e-02
6.6000e+02,1.8404e+00,4.8926e+00,1.5002e+01,1.1066e+00,5.0972e-02
6.7000e+02,1.8280e+00,4.8808e+00,1.5002e+01,1.1184e+00,5.1575e-02
6.8000e+02,1.8158e+00,4.8692e+00,1.5002e+01,1.1301e+00,5.2173e-02
6.9000e+02,1.8036e+00,4.8576e+00,1.5002e+01,1.1416e+00,5.2768e-02
7.0000e+02,1.7915e+00,4.8461e+00,1.5002e+01,1.1531e+00,5.3359e-02
7.1000e+02,1.7796e+00,4.8348e+00,1.5002e+01,1.1645e+00,5.3946e-02
7.2000e+02,1.7678e+00,4.8235e+00,1.5002e+01,1.1757e+00,5.4528e-02
7.3000e+02,1.7560e+00,4.8123e+00,1.5002e+01,1.1869e+00,5.5107e-02
7.4000e+02,1.7444e+00,4.8013e+00,1.5002e+01,1.1979e+00,5.5683e-02
7.5000e+02,1.7329e+00,4.7903e+00,1.5002e+01,1.2089e+00,5.6254e-02
7.6000e+02,1.7214e+00,4.7794e+00,1.5002e+01,1.2198e+00,5.6822e-02
7.7000e+02,1.7101e+00,4.7686e+00,1.5002e+01,1.2305e+00,5.7386e-02
7.8000e+02,1.6989e+00,4.7580e+00,1.5002e+01,1.2412e+00,5.7946e-02
7.9000e+02,1.6877e+00,4.7474e+00,1.5002e+01,1.2518e+00,5.8502e-02
8.0000e+02,1.6767e+00,4.7369e+00,1.5002e+01,1.2623e+00,5.9055e-02
8.1000e+02,1.6657e+00,4.7265e+00,1.5002e+01,1.2727e+00,5.9605e-02
8.2000e+02,1.6549e+00,4.7162e+00,1.5002e+01,1.2830e+00,6.0150e-02
8.3000e+02,1.6441e+00,4.7059e+00,1.5002e+01,1.2932e+00,6.0693e-02
8.4000e+02,1.6334e+00,4.6958e+00,1.5002e+01,1.3033e+00,6.1231e-02
8.5000e+02,1.6229e+00,4.6857e+00,1.5002e+01,1.3134e+00,6.1767e-02
8.6000e+02,1.6124e+00,4.6758e+00,1.5002e+01,1.3233e+00,6.2298e-02
8.7000e+02,1.6020e+00,4.6659e+00,1.5002e+01,1.3332e+00,6.2827e-02
8.8000e+02,1.5917e+00,4.6561e+00,1.5002e+01,1.3430e+00,6.3352e-02
8.9000e+02,1.5814e+00,4.6464e+00,1.5002e+01,1.3527e+00,6.3873e-02
9.0000e+02,1.5713e+00,4.6368e+00,1.5002e+01,1.3623e+00,6.4392e-02
9.1000e+02,1.5612e+00,4.6272e+00,1.5002e+01,1.3719e+00,6.4907e-02
9.2000e+02,1.5513e+00,4.6178e+00,1.5002e+01,1.3813e+00,6.5418e-02
9.3000e+02,1.5414e+00,4.6084e+00,1.5002e+01,1.3907e+00,6.5927e-02
9.4000e+02,1.5316e+00,4.5991e+00,1.5002e+01,1.4000e+00,6.6432e-02
9.5000e+02,1.5218e+00,4.5898e+00,1.5002e+01,1.4092e+00,6.6934e-02
9.6000e+02,1.5122e+00,4.5807e+00,1.5002e+01,1.4184e+00,6.7433e-02
9.7000e+02,1.5026e+00,4.5716e+00,1.5002e+01,1.4274e+00,6.7929e-02
9.8000e+02,1.4931e+00,4.5626e+00,1.5002e+01,1.4364e+00,6.8421e-02
9.9000e+02,1.4837e+00,4.5537e+00,1.5002e+01,1.4454e+00,6.8911e-02
1.0000e+03,1.4744e+00,4.5448e+00,1.5002e+01,1.4542e+00,6.9397e-02
1.0100e+03,1.4651e+00,4.5360e+00,1.5002e+01,1.4630e+00,6.9880e-02
1.0200e+03,1.4559e+00,4.5273e+00,1.5002e+01,1.4717e+00,7.0361e-02
1.0300e+03,1.4468e+00,4.5187e+00,1.5002e+01,1.4803e+00,7.0838e-02
1.0400e+03,1.4378e+00,4.5101e+00,1.5002e+01,1.4889e+00,7.1312e-02
1.0500e+03,1.4288e+00,4.5016e+00,1.5002e+01,1.4974e+00,7.1784e-02
1.0600e+03,1.4199e+00,4.4932e+00,1.5002e+01,1.5058e+00,7.2252e-02
1.0700e+03,1.4111e+00,4.4848e+00,1.5002e+01,1.5142e+00,7.2718e-02
1.0800e+03,1.4023e+00,4.4765e+00,1.5002e+01,1.5225e+00,7.3181e-02
1.0900e+03,1.3937e+00,4.4683e+00,1.5002e+01,1.5307e+00,7.3640e-02
1.1000e+03,1.3850e+00,4.4601e+00,1.5002e+01,1.5389e+00,7.4097e-02
1.1100e+03,1.3765e+00,4.4520e+00,1.5002e+01,1.5470e+00,7.4552e-02
1.1200e+03,1.3680e+00,4.4440e+00,1.5002e+01,1.5550e+00,7.5003e-02
1.1300e+03,1.3596e+00,4.4360e+00,1.5002e+01,1.5630e+00,7.5452e-02
1.1400e+03,1.3512e+00,4.4281e+00,1.5002e+01,1.5709e+00,7.5898e-02
1.1500e+03,1.3429e+00,4.4202e+00,1.5002e+01,1.5787e+00,7.6341e-02
1.1600e+03,1.3347e+00,4.4124e+00,1.5002e+01,1.5865e+00,7.6781e-02
1.1700e+03,1.3266e+00,4.4047e+00,1.5002e+01,1.5942e+00,7.7219e-02
1.1800e+03,1.3185e+00,4.3970e+00,1.5002e+01,1.6019e+00,7.7654e-02
1.1900e+03,1.3104e+00,4.3894e+00,1.5002e+01,1.6095e+00,7.8086e-02
1.2000e+03,1.3025e+00,4.3819e+00,1.5002e+01,1.6170e+00,7.8516e-02
1.2100e+03,1.2946e+00,4.3744e+00,1.5002e+01,1.6245e+00,7.8944e-02
1.2200e+03,1.2867e+00,4.3670e+00,1.5002e+01,1.6319e+00,7.9368e-02
1.2300e+03,1.2789e+00,4.3596e+00,1.5002e+01,1.6393e+00,7.9790e-02
1.2400e+03,1.2712e+00,4.3523e+00,1.5002e+01,1.6466e+00,8.0210e-02
1.2500e+03,1.2635e+00,4.3450e+00,1.5002e+01,1.6538e+00,8.0627e-02
1.2600e+03,1.2559e+00,4.3378e+00,1.5002e+01,1.6610e+00,8.1041e-02
1.2700e+03,1.2484e+00,4.3307e+00,1.5002e+01,1.6682e+00,8.1453e-02
1.2800e+03,1.2409e+00,4.3236e+00,1.5002e+01,1.6753e+00,8.1863e-02
1.2900e+03,1.2334e+00,4.3166e+00,1.5002e+01,1.6823e+00,8.2270e-02
1.3000e+03,1.2260e+00,4.3096e+00,1.5002e+01,1.6893e+00,8.2675e-02
1.3100e+03,1.2187e+00,4.3026e+00,1.5002e+01,1.6962e+00,8.3077e-02
1.3200e+03,1.2114e+00,4.2958e+00,1.5002e+01,1.7031e+00,8.3477e-02
1.3300e+03,1.2042e+00,4.2889e+00,1.5002e+01,1.7099e+00,8.3874e-02
1.3400e+03,1.1970e+00,4.2821e+00,1.5002e+01,1.7167e+00,8.4269e-02
1.3500e+03,1.1899e+00,4.2754e+00,1.5002e+01,1.7234e+00,8.4662e-02
1.3600e+03,1.1829e+00,4.2687e+00,1.5002e+01,1.7301e+00,8.5053e-02
1.3700e+03,1.1758e+00,4.2621e+00,1.5002e+01,1.7367e+00,8.5441e-02
1.3800e+03,1.1689e+00,4.2555e+00,1.5002e+01,1.7433e+00,8.5826e-02
1.3900e+03,1.1620e+00,4.2490e+00,1.5002e+01,1.7498e+00,8.6210e-02
1.4000e+03,1.1551e+00,4.2425e+00,1.5002e+01,1.7563e+00,8.6591e-02
1.4100e+03,1.1483e+00,4.2361e+00,1.5002e+01,1.7627e+00,8.6970e-02
1.4200e+03,1.1416e+00,4.2297e+00,1.5002e+01,1.7691e+00,8.7347e-02
1.4300e+03,1.1349e+00,4.2234e+00,1.5002e+01,1.7754e+00,8.7722e-02
1.4400e+03,1.1282e+00,4.2171e+00,1.5002e+01,1.7817e+00,8.8094e-02
1.4500e+03,1.1216e+00,4.2108e+00,1.5002e+01,1.7880e+00,8.8465e-02
1.4600e+03,1.1150e+00,4.2046e+00,1.5002e+01,1.7942e+00,8.8833e-02
1.4700e+03,1.1085e+00,4.1985e+00,1.5002e+01,1.8003e+00,8.9199e-02
1.4800e+03,1.1020e+00,4.1924e+00,1.5002e+01,1.8064e+00,8.9562e-02
1.4900e+03,1.0956e+00,4.1863e+00,1.5002e+01,1.8125e+00,8.9924e-02
1.5000e+03,1.0892e+00,4.1803e+00,1.5002e+01,1.8185e+00,9.0284e-02
1.5100e+03,1.0829e+00,4.1743e+00,1.5002e+01,1.8245e+00,9.0641e-02
1.5200e+03,1.0766e+00,4.1684e+00,1.5002e+01,1.8304e+00,9.0997e-02
1.5300e+03,1.0704e+00,4.1625e+00,1.5002e+01,1.8363e+00,9.1350e-02
1.5400e+03,1.0642e+00,4.1566e+00,1.5002e+01,1.8421e+00,9.1701e-02
1.5500e+03,1.0580e+00,4.1508e+00,1.5002e+01,1.8479e+00,9.2051e-02
1.5600e+03,1.0519e+00,4.1451e+00,1.5002e+01,1.8537e+00,9.2398e-02
1.5700e+03,1.0458e+00,4.1393e+00,1.5002e+01,1.8594e+00,9.2743e-02
1.5800e+03,1.0398e+00,4.1337e+00,1.5002e+01,1.8651e+00,9.3087e-02
1.5900e+03,1.0338e+00,4.1280e+00,1.5002e+01,1.8707e+00,9.3428e-02
1.6000e+03,1.0279e+00,4.1224e+00,1.5002e+01,1.8763e+00,9.3767e-02
1.6100e+03,1.0220e+00,4.1168e+00,1.5002e+01,1.8819e+00,9.4105e-02
1.6200e+03,1.0161e+00,4.1113e+00,1.5002e+01,1.8874e+00,9.4440e-02
1.6300e+03,1.0103e+00,4.1058e+00,1.5002e+01,1.8929e+00,9.4774e-02
1.6400e+03,1.0046e+00,4.1004e+00,1.5002e+01,1.8983e+00,9.5106e-02
1.6500e+03,9.9882e-01,4.0950e+00,1.5002e+01,1.9037e+00,9.5436e-02
1.6600e+03,9.9312e-01,4.0896e+00,1.5002e+01,1.9091e+00,9.5764e-02
1.6700e+03,9.8746e-01,4.0843e+00,1.5002e+01,1.9144e+00,9.6090e-02
1.6800e+03,9.8185e-01,4.0790e+00,1.5002e+01,1.9197e+00,9.6414e-02
1.6900e+03,9.7627e-01,4.0737e+00,1.5002e+01,1.9250e+00,9.6736e-02
1.7000e+03,9.7073e-01,4.0685e+00,1.5002e+01,1.9302e+00,9.7057e-02
1.7100e+03,9.6522e-01,4.0633e+00,1.5002e+01,1.9354e+00,9.7375e-02
1.7200e+03,9.5976e-01,4.0582e+00,1.5002e+01,1.9405e+00,9.7692e-02
1.7300e+03,9.5433e-01,4.0530e+00,1.5002e+01,1.9457e+00,9.8008e-02
1.7400e+03,9.4894e-01,4.0480e+00,1.5002e+01,1.9507e+00,9.8321e-02
1.7500e+03,9.4359e-01,4.0429e+00,1.5002e+01,1.9558e+00,9.8633e-02
1.7600e+03,9.3827e-01,4.0379e+00,1.5002e+01,1.9608e+00,9.8942e-02
1.7700e+03,9.3299e-01,4.0329e+00,1.5002e+01,1.9658e+00,9.9250e-02
1.7800e+03,9.2774e-01,4.0280e+00,1.5002e+01,1.9707e+00,9.9557e-02
1.7900e+03,9.2253e-01,4.0231e+00,1.5002e+01,1.9756e+00,9.9862e-02
1.8000e+03,9.1736e-01,4.0182e+00,1.5002e+01,1.9805e+00,1.0016e-01
1.8100e+03,9.1222e-01,4.0134e+00,1.5002e+01,1.9853e+00,1.0047e-01
1.8200e+03,9.0711e-01,4.0085e+00,1.5002e+01,1.9901e+00,1.0077e-01
1.8300e+03,9.0204e-01,4.0038e+00,1.5002e+01,1.9949e+00,1.0106e-01
1.8400e+03,8.9700e-01,3.9990e+00,1.5002e+01,1.9996e+00,1.0136e-01
1.8500e+03,8.9200e-01,3.9943e+00,1.5002e+01,2.0044e+00,1.0165e-01
1.8600e+03,8.8703e-01,3.9896e+00,1.5002e+01,2.0090e+00,1.0195e-01
1.8700e+03,8.8209e-01,3.9850e+00,1.5002e+01,2.0137e+00,1.0224e-01
1.8800e+03,8.7718e-01,3.9804e+00,1.5002e+01,2.0183e+00,1.0253e-01
1.8900e+03,8.7231e-01,3.9758e+00,1.5002e+01,2.0229e+00,1.0282e-01
1.9000e+03,8.6747e-01,3.9712e+00,1.5002e+01,2.0274e+00,1.0310e-01
1.9100e+03,8.6266e-01,3.9667e+00,1.5002e+01,2.0320e+00,1.0339e-01
1.9200e+03,8.5789e-01,3.9622e+00,1.5002e+01,2.0364e+00,1.0367e-01
1.9300e+03,8.5314e-01,3.9577e+00,1.5002e+01,2.0409e+00,1.0395e-01
1.9400e+03,8.4843e-01,3.9533e+00,1.5002e+01,2.0453e+00,1.0423e-01
1.9500e+03,8.4374e-01,3.9489e+00,1.5002e+01,2.0497e+00,1.0451e-01
1.9600e+03,8.3909e-01,3.9445e+00,1.5002e+01,2.0541e+00,1.0479e-01
1.9700e+03,8.3447e-01,3.9402e+00,1.5002e+01,2.0585e+00,1.0506e-01
1.9800e+03,8.2988e-01,3.9358e+00,1.5002e+01,2.0628e+00,1.0534e-01
1.9900e+03,8.2531e-01,3.9315e+00,1.5002e+01,2.0671e+00,1.0561e-01
2.0000e+03,8.2078e-01,3.9273e+00,1.5002e+01,2.0713e+00,1.0588e-01
2.0100e+03,8.1628e-01,3.9230e+00,1.5002e+01,2.0756e+00,1.0615e-01
2.0200e+03,8.1181e-01,3.9188e+00,1.5002e+01,2.0798e+00,1.0642e-01
2.0300e+03,8.0736e-01,3.9147e+00,1.5002e+01,2.0840e+00,1.0669e-01
2.0400e+03,8.0294e-01,3.9105e+00,1.5002e+01,2.0881e+00,1.0695e-01
2.0500e+03,7.9856e-01,3.9064e+00,1.5002e+01,2.0922e+00,1.0722e-01
2.0600e+03,7.9420e-01,3.9023e+00,1.5002e+01,2.0963e+00,1.0748e-01
2.0700e+03,7.8987e-01,3.8982e+00,1.5002e+01,2.1004e+00,1.0774e-01
2.0800e+03,7.8556e-01,3.8942e+00,1.5002e+01,2.1044e+00,1.0800e-01
2.0900e+03,7.8129e-01,3.8901e+00,1.5002e+01,2.1085e+00,1.0826e-01
2.1000e+03,7.7704e-01,3.8861e+00,1.5002e+01,2.1125e+00,1.0851e-01
2.1100e+03,7.7282e-01,3.8822e+00,1.5002e+01,2.1164e+00,1.0877e-01
2.1200e+03,7.6862e-01,3.8782e+00,1.5002e+01,2.1204e+00,1.0902e-01
2.1300e+03,7.6445e-01,3.8743e+00,1.5002e+01,2.1243e+00,1.0928e-01
2.1400e+03,7.6031e-01,3.8704e+00,1.5002e+01,2.1282e+00,1.0953e-01
2.1500e+03,7.5620e-01,3.8665e+00,1.5002e+01,2.1320e+00,1.0978e-01
2.1600e+03,7.5211e-01,3.8627e+00,1.5002e+01,2.1359e+00,1.1002e-01
2.1700e+03,7.4804e-01,3.8589e+00,1.5002e+01,2.1397e+00,1.1027e-01
2.1800e+03,7.4400e-01,3.8551e+00,1.5002e+01,2.1435e+00,1.1052e-01
2.1900e+03,7.3999e-01,3.8513e+00,1.5002e+01,2.1472e+00,1.1076e-01
2.2000e+03,7.3601e-01,3.8476e+00,1.5002e+01,2.1510e+00,1.1100e-01
2.2100e+03,7.3204e-01,3.8438e+00,1.5002e+01,2.1547e+00,1.1125e-01
2.2200e+03,7.2811e-01,3.8401e+00,1.5002e+01,2.1584e+00,1.1149e-01
2.2300e+03,7.2419e-01,3.8365e+00,1.5002e+01,2.1621e+00,1.1173e-01
2.2400e+03,7.2031e-01,3.8328e+00,1.5002e+01,2.1657e+00,1.1196e-01
2.2500e+03,7.1644e-01,3.8292e+00,1.5002e+01,2.1694e+00,1.1220e-01
2.2600e+03,7.1260e-01,3.8256e+00,1.5002e+01,2.1730e+00,1.1244e-01
2.2700e+03,7.0879e-01,3.8220e+00,1.5002e+01,2.1765e+00,1.1267e-01
2.2800e+03,7.0499e-01,3.8184e+00,1.5002e+01,2.1801e+00,1.1290e-01
2.2900e+03,7.0123e-01,3.8149e+00,1.5002e+01,2.1836e+00,1.1314e-01
2.3000e+03,6.9748e-01,3.8114e+00,1.5002e+01,2.1872e+00,1.1337e-01
2.3100e+03,6.9376e-01,3.8079e+00,1.5002e+01,2.1906e+00,1.1360e-01
2.3200e+03,6.9006e-01,3.8044e+00,1.5002e+01,2.1941e+00,1.1382e-01
2.3300e+03,6.8638e-01,3.8010e+00,1.5002e+01,2.1976e+00,1.1405e-01
2.3400e+03,6.8273e-01,3.7975e+00,1.5002e+01,2.2010e+00,1.1428e-01
2.3500e+03,6.7910e-01,3.7941e+00,1.5002e+01,2.2044e+00,1.1450e-01
2.3600e+03,6.7549e-01,3.7907e+00,1.5002e+01,2.2078e+00,1.1472e-01
2.3700e+03,6.7190e-01,3.7874e+00,1.5002e+01,2.2112e+00,1.1494e-01
2.3800e+03,6.6834e-01,3.7840e+00,1.5002e+01,2.2145e+00,1.1517e-01
2.3900e+03,6.6480e-01,3.7807e+00,1.5002e+01,2.2178e+00,1.1539e-01
2.4000e+03,6.6127e-01,3.7774e+00,1.5002e+01,2.2211e+00,1.1560e-01
2.4100e+03,6.5777e-01,3.7741e+00,1.5002e+01,2.2244e+00,1.1582e-01
2.4200e+03,6.5430e-01,3.7708e+00,1.5002e+01,2.2277e+00,1.1604e-01
2.4300e+03,6.5084e-01,3.7676e+00,1.5002e+01,2.2309e+00,1.1625e-01
2.4400e+03,6.4740e-01,3.7644e+00,1.5002e+01,2.2341e+00,1.1647e-01
2.4500e+03,6.4399e-01,3.7612e+00,1.5002e+01,2.2373e+00,1.1668e-01
2.4600e+03,6.4059e-01,3.7580e+00,1.5002e+01,2.2405e+00,1.1689e-01
2.4700e+03,6.3722e-01,3.7548e+00,1.5002e+01,2.2437e+00,1.1710e-01
2.4800e+03,6.3386e-01,3.7517e+00,1.5002e+01,2.2468e+00,1.1731e-01
2.4900e+03,6.3053e-01,3.7485e+00,1.5002e+01,2.2500e+00,1.1752e-01
2.5000e+03,6.2722e-01,3.7454e+00,1.5002e+01,2.2531e+00,1.1773e-01
2.5100e+03,6.2392e-01,3.7423e+00,1.5002e+01,2.2561e+00,1.1793e-01
2.5200e+03,6.2065e-01,3.7393e+00,1.5002e+01,2.2592e+00,1.1814e-01
2.5300e+03,6.1740e-01,3.7362e+00,1.5002e+01,2.2623e+00,1.1834e-01
2.5400e+03,6.1416e-01,3.7332e+00,1.5002e+01,2.2653e+00,1.1854e-01
2.5500e+03,6.1095e-01,3.7302e+00,1.5002e+01,2.2683e+00,1.1875e-01
2.5600e+03,6.0775e-01,3.7272e+00,1.5002e+01,2.2713e+00,1.1895e-01
2.5700e+03,6.0457e-01,3.7242e+00,1.5002e+01,2.2743e+00,1.1915e-01
2.5800e+03,6.0141e-01,3.7212e+00,1.5002e+01,2.2772e+00,1.1935e-01
2.5900e+03,5.9827e-01,3.7183e+00,1.5002e+01,2.2802e+00,1.1954e-01
2.6000e+03,5.9515e-01,3.7154e+00,1.5002e+01,2.2831e+00,1.1974e-01
2.6100e+03,5.9205e-01,3.7125e+00,1.5002e+01,2.2860e+00,1.1994e-01
2.6200e+03,5.8897e-01,3.7096e+00,1.5002e+01,2.2889e+00,1.2013e-01
2.6300e+03,5.8590e-01,3.7067e+00,1.5002e+01,2.2918e+00,1.2032e-01
2.6400e+03,5.8286e-01,3.7038e+00,1.5002e+01,2.2946e+00,1.2052e-01
2.6500e+03,5.7983e-01,3.7010e+00,1.5002e+01,2.2975e+00,1.2071e-01
2.6600e+03,5.7682e-01,3.6982e+00,1.5002e+01,2.3003e+00,1.2090e-01
2.6700e+03,5.7382e-01,3.6954e+00,1.5002e+01,2.3031e+00,1.2109e-01
2.6800e+03,5.7085e-01,3.6926e+00,1.5002e+01,2.3059e+00,1.2128e-01
2.6900e+03,5.6789e-01,3.6898e+00,1.5002e+01,2.3086e+00,1.2146e-01
2.7000e+03,5.6495e-01,3.6871e+00,1.5002e+01,2.3114e+00,1.2165e-01
2.7100e+03,5.6202e-01,3.6843e+00,1.5002e+01,2.3141e+00,1.2184e-01
2.7200e+03,5.5912e-01,3.6816e+00,1.5002e+01,2.3169e+00,1.2202e-01
2.7300e+03,5.5623e-01,3.6789e+00,1.5002e+01,2.3196e+00,1.2221e-01
2.7400e+03,5.5335e-01,3.6762e+00,1.5002e+01,2.3223e+00,1.2239e-01
2.7500e+03,5.5050e-01,3.6735e+00,1.5002e+01,2.3249e+00,1.2257e-01
2.7600e+03,5.4766e-01,3.6709e+00,1.5002e+01,2.3276e+00,1.2275e-01
2.7700e+03,5.4483e-01,3.6682e+00,1.5002e+01,2.3302e+00,1.2293e-01
2.7800e+03,5.4203e-01,3.6656e+00,1.5002e+01,2.3329e+00,1.2311e-01
2.7900e+03,5.3924e-01,3.6630e+00,1.5002e+01,2.3355e+00,1.2329e-01
2.8000e+03,5.3646e-01,3.6604e+00,1.5002e+01,2.3381e+00,1.2347e-01
2.8100e+03,5.3370e-01,3.6578e+00,1.5002e+01,2.3407e+00,1.2364e-01
2.8200e+03,5.3096e-01,3.6552e+00,1.5002e+01,2.3432e+00,1.2382e-01
2.8300e+03,5.2824e-01,3.6527e+00,1.5002e+01,2.3458e+00,1.2399e-01
2.8400e+03,5.2553e-01,3.6501e+00,1.5002e+01,2.3483e+00,1.2417e-01
2.8500e+03,5.2283e-01,3.6476e+00,1.5002e+01,2.3508e+00,1.2434e-01
2.8600e+03,5.2015e-01,3.6451e+00,1.5002e+01,2.3533e+00,1.2451e-01
2.8700e+03,5.1749e-01,3.6426e+00,1.5002e+01,2.3558e+00,1.2468e-01
2.8800e+03,5.1484e-01,3.6401e+00,1.5002e+01,2.3583e+00,1.2485e-01
2.8900e+03,5.1221e-01,3.6376e+00,1.5002e+01,2.3608e+00,1.2502e-01
2.9000e+03,5.0959e-01,3.6352e+00,1.5002e+01,2.3632e+00,1.2519e-01
2.9100e+03,5.0699e-01,3.6328e+00,1.5002e+01,2.3657e+00,1.2536e-01
2.9200e+03,5.0440e-01,3.6303e+00,1.5002e+01,2.3681e+00,1.2552e-01
2.9300e+03,5.0182e-01,3.6279e+00,1.5002e+01,2.3705e+00,1.2569e-01
2.9400e+03,4.9926e-01,3.6255e+00,1.5002e+01,2.3729e+00,1.2586e-01
2.9500e+03,4.9672e-01,3.6232e+00,1.5002e+01,2.3753e+00,1.2602e-01
2.9600e+03,4.9419e-01,3.6208e+00,1.5002e+01,2.3776e+00,1.2618e-01
2.9700e+03,4.9168e-01,3.6184e+00,1.5002e+01,2.3800e+00,1.2635e-01
2.9800e+03,4.8917e-01,3.6161e+00,1.5002e+01,2.3823e+00,1.2651e-01
2.9900e+03,4.8669e-01,3.6138e+00,1.5002e+01,2.3846e+00,1.2667e-01
3.0000e+03,4.8421e-01,3.6114e+00,1.5002e+01,2.3870e+00,1.2683e-01
3.0100e+03,4.8176e-01,3.6091e+00,1.5002e+01,2.3893e+00,1.2699e-01
3.0200e+03,4.7931e-01,3.6069e+00,1.5002e+01,2.3915e+00,1.2715e-01
3.0300e+03,4.7688e-01,3.6046e+00,1.5002e+01,2.3938e+00,1.2730e-01
3.0400e+03,4.7446e-01,3.6023e+00,1.5002e+01,2.3961e+00,1.2746e-01
3.0500e+03,4.7206e-01,3.6001e+00,1.5002e+01,2.3983e+00,1.2762e-01
3.0600e+03,4.6967e-01,3.5978e+00,1.5002e+01,2.4006e+00,1.2777e-01
3.0700e+03,4.6729e-01,3.5956e+00,1.5002e+01,2.4028e+00,1.2793e-01
3.0800e+03,4.6493e-01,3.5934e+00,1.5002e+01,2.4050e+00,1.2808e-01
3.0900e+03,4.6258e-01,3.5912e+00,1.5002e+01,2.4072e+00,1.2823e-01
3.1000e+03,4.6024e-01,3.5890e+00,1.5002e+01,2.4094e+00,1.2838e-01
3.1100e+03,4.5792e-01,3.5868e+00,1.5002e+01,2.4115e+00,1.2854e-01
3.1200e+03,4.5561e-01,3.5847e+00,1.5002e+01,2.4137e+00,1.2869e-01
3.1300e+03,4.5331e-01,3.5825e+00,1.5002e+01,2.4159e+00,1.2884e-01
3.1400e+03,4.5103e-01,3.5804e+00,1.5002e+01,2.4180e+00,1.2899e-01
3.1500e+03,4.4875e-01,3.5783e+00,1.5002e+01,2.4201e+00,1.2913e-01
3.1600e+03,4.4650e-01,3.5762e+00,1.5002e+01,2.4222e+00,1.2928e-01
3.1700e+03,4.4425e-01,3.5741e+00,1.5002e+01,2.4243e+00,1.2943e-01
3.1800e+03,4.4201e-01,3.5720e+00,1.5002e+01,2.4264e+00,1.2957e-01
3.1900e+03,4.3979e-01,3.5699e+00,1.5002e+01,2.4285e+00,1.2972e-01
3.2000e+03,4.3758e-01,3.5678e+00,1.5002e+01,2.4306e+00,1.2986e-01
3.2100e+03,4.3539e-01,3.5658e+00,1.5002e+01,2.4326e+00,1.3001e-01
3.2200e+03,4.3320e-01,3.5637e+00,1.5002e+01,2.4346e+00,1.3015e-01
3.2300e+03,4.3103e-01,3.5617e+00,1.5002e+01,2.4367e+00,1.3029e-01
3.2400e+03,4.2887e-01,3.5597e+00,1.5002e+01,2.4387e+00,1.3044e-01
3.2500e+03,4.2672e-01,3.5577e+00,1.5002e+01,2.4407e+00,1.3058e-01
3.2600e+03,4.2458e-01,3.5557e+00,1.5002e+01,2.4427e+00,1.3072e-01
3.2700e+03,4.2246e-01,3.5537e+00,1.5002e+01,2.4447e+00,1.3086e-01
3.2800e+03,4.2034e-01,3.5517e+00,1.5002e+01,2.4467e+00,1.3100e-01
3.2900e+03,4.1824e-01,3.5497e+00,1.5002e+01,2.4486e+00,1.3113e-01
3.3000e+03,4.1615e-01,3.5478e+00,1.5002e+01,2.4506e+00,1.3127e-01
3.3100e+03,4.1407e-01,3.5458e+00,1.5002e+01,2.4525e+00,1.3141e-01
3.3200e+03,4.1200e-01,3.5439e+00,1.5002e+01,2.4545e+00,1.3154e-01
3.3300e+03,4.0995e-01,3.5420e+00,1.5002e+01,2.4564e+00,1.3168e-01
3.3400e+03,4.0790e-01,3.5401e+00,1.5002e+01,2.4583e+00,1.3181e-01
3.3500e+03,4.0587e-01,3.5382e+00,1.5002e+01,2.4602e+00,1.3195e-01
3.3600e+03,4.0385e-01,3.5363e+00,1.5002e+01,2.4621e+00,1.3208e-01
3.3700e+03,4.0184e-01,3.5344e+00,1.5002e+01,2.4640e+00,1.3222e-01
3.3800e+03,3.9984e-01,3.5325e+00,1.5002e+01,2.4658e+00,1.3235e-01
3.3900e+03,3.9785e-01,3.5307e+00,1.5002e+01,2.4677e+00,1.3248e-01
3.4000e+03,3.9587e-01,3.5288e+00,1.5002e+01,2.4695e+00,1.3261e-01
3.4100e+03,3.9390e-01,3.5270e+00,1.5002e+01,2.4714e+00,1.3274e-01
3.4200e+03,3.9194e-01,3.5252e+00,1.5002e+01,2.4732e+00,1.3287e-01
3.4300e+03,3.9000e-01,3.5233e+00,1.5002e+01,2.4750e+00,1.3300e-01
3.4400e+03,3.8806e-01,3.5215e+00,1.5002e+01,2.4768e+00,1.3313e-01
3.4500e+03,3.8614e-01,3.5197e+00,1.5002e+01,2.4786e+00,1.3325e-01
3.4600e+03,3.8422e-01,3.5179e+00,1.5002e+01,2.4804e+00,1.3338e-01
3.4700e+03,3.8232e-01,3.5162e+00,1.5002e+01,2.4822e+00,1.3351e-01
3.4800e+03,3.8042e-01,3.5144e+00,1.5002e+01,2.4839e+00,1.3363e-01
3.4900e+03,3.7854e-01,3.5126e+00,1.5002e+01,2.4857e+00,1.3376e-01
3.5000e+03,3.7666e-01,3.5109e+00,1.5002e+01,2.4875e+00,1.3388e-01
3.5100e+03,3.7480e-01,3.5091e+00,1.5002e+01,2.4892e+00,1.3401e-01
3.5200e+03,3.7295e-01,3.5074e+00,1.5002e+01,2.4909e+00,1.3413e-01
3.5300e+03,3.7110e-01,3.5057e+00,1.5002e+01,2.4926e+00,1.3425e-01
3.5400e+03,3.6927e-01,3.5040e+00,1.5002e+01,2.4944e+00,1.3438e-01
3.5500e+03,3.6745e-01,3.5023e+00,1.5002e+01,2.4961e+00,1.3450e-01
3.5600e+03,3.6563e-01,3.5006e+00,1.5002e+01,2.4978e+00,1.3462e-01
3.5700e+03,3.6383e-01,3.4989e+00,1.5002e+01,2.4994e+00,1.3474e-01
3.5800e+03,3.6204e-01,3.4972e+00,1.5002e+01,2.5011e+00,1.3486e-01
3.5900e+03,3.6025e-01,3.4956e+00,1.5002e+01,2.5028e+00,1.3498e-01
3.6000e+03,3.5848e-01,3.4939e+00,1.5002e+01,2.5044e+00,1.3510e-01
3.6100e+03,3.5671e-01,3.4922e+00,1.5002e+01,2.5061e+00,1.3521e-01
3.6200e+03,3.5495e-01,3.4906e+00,1.5002e+01,2.5077e+00,1.3533e-01
3.6300e+03,3.5321e-01,3.4890e+00,1.5002e+01,2.5093e+00,1.3545e-01
3.6400e+03,3.5147e-01,3.4874e+00,1.5002e+01,2.5110e+00,1.3556e-01
3.6500e+03,3.4974e-01,3.4857e+00,1.5002e+01,2.5126e+00,1.3568e-01
3.6600e+03,3.4802e-01,3.4841e+00,1.5002e+01,2.5142e+00,1.3579e-01
3.6700e+03,3.4631e-01,3.4825e+00,1.5002e+01,2.5158e+00,1.3591e-01
3.6800e+03,3.4461e-01,3.4810e+00,1.5002e+01,2.5174e+00,1.3602e-01
3.6900e+03,3.4292e-01,3.4794e+00,1.5002e+01,2.5189e+00,1.3614e-01
3.7000e+03,3.4124e-01,3.4778e+00,1.5002e+01,2.5205e+00,1.3625e-01
3.7100e+03,3.3956e-01,3.4762e+00,1.5002e+01,2.5221e+00,1.3636e-01
3.7200e+03,3.3790e-01,3.4747e+00,1.5002e+01,2.5236e+00,1.3647e-01
3.7300e+03,3.3624e-01,3.4731e+00,1.5002e+01,2.5252e+00,1.3658e-01
3.7400e+03,3.3460e-01,3.4716e+00,1.5002e+01,2.5267e+00,1.3669e-01
3.7500e+03,3.3296e-01,3.4701e+00,1.5002e+01,2.5282e+00,1.3680e-01
3.7600e+03,3.3133e-01,3.4686e+00,1.5002e+01,2.5298e+00,1.3691e-01
3.7700e+03,3.2971e-01,3.4670e+00,1.5002e+01,2.5313e+00,1.3702e-01
3.7800e+03,3.2809e-01,3.4655e+00,1.5002e+01,2.5328e+00,1.3713e-01
3.7900e+03,3.2649e-01,3.4640e+00,1.5002e+01,2.5343e+00,1.3724e-01
3.8000e+03,3.2490e-01,3.4625e+00,1.5002e+01,2.5358e+00,1.3735e-01
3.8100e+03,3.2331e-01,3.4611e+00,1.5002e+01,2.5372e+00,1.3745e-01
3.8200e+03,3.2173e-01,3.4596e+00,1.5002e+01,2.5387e+00,1.3756e-01
3.8300e+03,3.2016e-01,3.4581e+00,1.5002e+01,2.5402e+00,1.3767e-01
3.8400e+03,3.1860e-01,3.4567e+00,1.5002e+01,2.5416e+00,1.3777e-01
3.8500e+03,3.1704e-01,3.4552e+00,1.5002e+01,2.5431e+00,1.3788e-01
3.8600e+03,3.1550e-01,3.4538e+00,1.5002e+01,2.5445e+00,1.3798e-01
3.8700e+03,3.1396e-01,3.4523e+00,1.5002e+01,2.5460e+00,1.3808e-01
3.8800e+03,3.1243e-01,3.4509e+00,1.5002e+01,2.5474e+00,1.3819e-01
3.8900e+03,3.1091e-01,3.4495e+00,1.5002e+01,2.5488e+00,1.3829e-01
3.9000e+03,3.0940e-01,3.4481e+00,1.5002e+01,2.5502e+00,1.3839e-01
3.9100e+03,3.0789e-01,3.4467e+00,1.5002e+01,2.5516e+00,1.3849e-01
3.9200e+03,3.0639e-01,3.4453e+00,1.5002e+01,2.5530e+00,1.3860e-01
3.9300e+03,3.0490e-01,3.4439e+00,1.5002e+01,2.5544e+00,1.3870e-01
3.9400e+03,3.0342e-01,3.4425e+00,1.5002e+01,2.5558e+00,1.3880e-01
3.9500e+03,3.0195e-01,3.4411e+00,1.5002e+01,2.5572e+00,1.3890e-01
3.9600e+03,3.0048e-01,3.4398e+00,1.5002e+01,2.5585e+00,1.3900e-01
3.9700e+03,2.9902e-01,3.4384e+00,1.5002e+01,2.5599e+00,1.3909e-01
3.9800e+03,2.9757e-01,3.4371e+00,1.5002e+01,2.5612e+00,1.3919e-01
3.9900e+03,2.9613e-01,3.4357e+00,1.5002e+01,2.5626e+00,1.3929e-01
4.0000e+03,2.9469e-01,3.4344e+00,1.5002e+01,2.5639e+00,1.3939e-01
4.0100e+03,2.9326e-01,3.4330e+00,1.5002e+01,2.5653e+00,1.3949e-01
4.0200e+03,2.9184e-01,3.4317e+00,1.5002e+01,2.5666e+00,1.3958e-01
4.0300e+03,2.9043e-01,3.4304e+00,1.5002e+01,2.5679e+00,1.3968e-01
4.0400e+03,2.8902e-01,3.4291e+00,1.5002e+01,2.5692e+00,1.3977e-01
4.0500e+03,2.8762e-01,3.4278e+00,1.5002e+01,2.5705e+00,1.3987e-01
4.0600e+03,2.8623e-01,3.4265e+00,1.5002e+01,2.5718e+00,1.3996e-01
4.0700e+03,2.8484e-01,3.4252e+00,1.5002e+01,2.5731e+00,1.4006e-01
4.0800e+03,2.8347e-01,3.4239e+00,1.5002e+01,2.5744e+00,1.4015e-01
4.0900e+03,2.8210e-01,3.4226e+00,1.5002e+01,2.5757e+00,1.4024e-01
4.1000e+03,2.8073e-01,3.4213e+00,1.5002e+01,2.5769e+00,1.4034e-01
4.1100e+03,2.7938e-01,3.4201e+00,1.5002e+01,2.5782e+00,1.4043e-01
4.1200e+03,2.7803e-01,3.4188e+00,1.5002e+01,2.5795e+00,1.4052e-01
4.1300e+03,2.7668e-01,3.4176e+00,1.5002e+01,2.5807e+00,1.4061e-01
4.1400e+03,2.7535e-01,3.4163e+00,1.5002e+01,2.5819e+00,1.4070e-01
4.1500e+03,2.7402e-01,3.4151e+00,1.5002e+01,2.5832e+00,1.4079e-01
4.1600e+03,2.7270e-01,3.4139e+00,1.5002e+01,2.5844e+00,1.4088e-01
4.1700e+03,2.7138e-01,3.4126e+00,1.5002e+01,2.5856e+00,1.4097e-01
4.1800e+03,2.7008e-01,3.4114e+00,1.5002e+01,2.5869e+00,1.4106e-01
4.1900e+03,2.6877e-01,3.4102e+00,1.5002e+01,2.5881e+00,1.4115e-01
4.2000e+03,2.6748e-01,3.4090e+00,1.5002e+01,2.5893e+00,1.4124e-01
4.2100e+03,2.6619e-01,3.4078e+00,1.5002e+01,2.5905e+00,1.4133e-01
4.2200e+03,2.6491e-01,3.4066e+00,1.5002e+01,2.5917e+00,1.4142e-01
4.2300e+03,2.6364e-01,3.4054e+00,1.5002e+01,2.5929e+00,1.4150e-01
4.2400e+03,2.6237e-01,3.4042e+00,1.5002e+01,2.5940e+00,1.4159e-01
4.2500e+03,2.6111e-01,3.4030e+00,1.5002e+01,2.5952e+00,1.4168e-01
4.2600e+03,2.5985e-01,3.4019e+00,1.5002e+01,2.5964e+00,1.4176e-01
4.2700e+03,2.5860e-01,3.4007e+00,1.5002e+01,2.5976e+00,1.4185e-01
4.2800e+03,2.5736e-01,3.3996e+00,1.5002e+01,2.5987e+00,1.4193e-01
4.2900e+03,2.5612e-01,3.3984e+00,1.5002e+01,2.5999e+00,1.4202e-01
4.3000e+03,2.5489e-01,3.3973e+00,1.5002e+01,2.6010e+00,1.4210e-01
4.3100e+03,2.5367e-01,3.3961e+00,1.5002e+01,2.6021e+00,1.4219e-01
4.3200e+03,2.5245e-01,3.3950e+00,1.5002e+01,2.6033e+00,1.4227e-01
4.3300e+03,2.5124e-01,3.3939e+00,1.5002e+01,2.6044e+00,1.4235e-01
4.3400e+03,2.5004e-01,3.3927e+00,1.5002e+01,2.6055e+00,1.4244e-01
4.3500e+03,2.4884e-01,3.3916e+00,1.5002e+01,2.6066e+00,1.4252e-01
4.3600e+03,2.4764e-01,3.3905e+00,1.5002e+01,2.6078e+00,1.4260e-01
4.3700e+03,2.4646e-01,3.3894e+00,1.5002e+01,2.6089e+00,1.4268e-01
4.3800e+03,2.4528e-01,3.3883e+00,1.5002e+01,2.6100e+00,1.4276e-01
4.3900e+03,2.4410e-01,3.3872e+00,1.5002e+01,2.6111e+00,1.4284e-01
4.4000e+03,2.4293e-01,3.3861e+00,1.5002e+01,2.6121e+00,1.4292e-01
4.4100e+03,2.4177e-01,3.3850e+00,1.5002e+01,2.6132e+00,1.4300e-01
4.4200e+03,2.4062e-01,3.3840e+00,1.5002e+01,2.6143e+00,1.4308e-01
4.4300e+03,2.3946e-01,3.3829e+00,1.5002e+01,2.6154e+00,1.4316e-01
4.4400e+03,2.3832e-01,3.3818e+00,1.5002e+01,2.6164e+00,1.4324e-01
4.4500e+03,2.3718e-01,3.3808e+00,1.5002e+01,2.6175e+00,1.4332e-01
4.4600e+03,2.3605e-01,3.3797e+00,1.5002e+01,2.6186e+00,1.4340e-01
4.4700e+03,2.3492e-01,3.3786e+00,1.5002e+01,2.6196e+00,1.4348e-01
4.4800e+03,2.3380e-01,3.3776e+00,1.5002e+01,2.6207e+00,1.4355e-01
4.4900e+03,2.3268e-01,3.3766e+00,1.5002e+01,2.6217e+00,1.4363e-01
4.5000e+03,2.3157e-01,3.3755e+00,1.5002e+01,2.6227e+00,1.4371e-01
4.5100e+03,2.3047e-01,3.3745e+00,1.5002e+01,2.6238e+00,1.4378e-01
4.5200e+03,2.2937e-01,3.3735e+00,1.5002e+01,2.6248e+00,1.4386e-01
4.5300e+03,2.2827e-01,3.3725e+00,1.5002e+01,2.6258e+00,1.4393e-01
4.5400e+03,2.2718e-01,3.3714e+00,1.5002e+01,2.6268e+00,1.4401e-01
4.5500e+03,2.2610e-01,3.3704e+00,1.5002e+01,2.6278e+00,1.4408e-01
4.5600e+03,2.2502e-01,3.3694e+00,1.5002e+01,2.6288e+00,1.4416e-01
4.5700e+03,2.2395e-01,3.3684e+00,1.5002e+01,2.6298e+00,1.4423e-01
4.5800e+03,2.2288e-01,3.3674e+00,1.5002e+01,2.6308e+00,1.4431e-01
4.5900e+03,2.2182e-01,3.3664e+00,1.5002e+01,2.6318e+00,1.4438e-01
4.6000e+03,2.2077e-01,3.3655e+00,1.5002e+01,2.6328e+00,1.4445e-01
4.6100e+03,2.1972e-01,3.3645e+00,1.5002e+01,2.6338e+00,1.4452e-01
4.6200e+03,2.1867e-01,3.3635e+00,1.5002e+01,2.6347e+00,1.4460e-01
4.6300e+03,2.1763e-01,3.3625e+00,1.5002e+01,2.6357e+00,1.4467e-01
4.6400e+03,2.1660e-01,3.3616e+00,1.5002e+01,2.6367e+00,1.4474e-01
4.6500e+03,2.1557e-01,3.3606e+00,1.5002e+01,2.6376e+00,1.4481e-01
4.6600e+03,2.1454e-01,3.3597e+00,1.5002e+01,2.6386e+00,1.4488e-01
4.6700e+03,2.1352e-01,3.3587e+00,1.5002e+01,2.6395e+00,1.4495e-01
4.6800e+03,2.1251e-01,3.3578e+00,1.5002e+01,2.6405e+00,1.4502e-01
4.6900e+03,2.1150e-01,3.3568e+00,1.5002e+01,2.6414e+00,1.4509e-01
4.7000e+03,2.1050e-01,3.3559e+00,1.5002e+01,2.6423e+00,1.4516e-01
4.7100e+03,2.0950e-01,3.3550e+00,1.5002e+01,2.6433e+00,1.4523e-01
4.7200e+03,2.0850e-01,3.3540e+00,1.5002e+01,2.6442e+00,1.4530e-01
4.7300e+03,2.0751e-01,3.3531e+00,1.5002e+01,2.6451e+00,1.4537e-01
4.7400e+03,2.0653e-01,3.3522e+00,1.5002e+01,2.6460e+00,1.4544e-01
4.7500e+03,2.0555e-01,3.3513e+00,1.5002e+01,2.6469e+00,1.4551e-01
4.7600e+03,2.0458e-01,3.3504e+00,1.5002e+01,2.6479e+00,1.4557e-01
4.7700e+03,2.0361e-01,3.3495e+00,1.5002e+01,2.6488e+00,1.4564e-01
4.7800e+03,2.0264e-01,3.3486e+00,1.5002e+01,2.6497e+00,1.4571e-01
4.7900e+03,2.0168e-01,3.3477e+00,1.5002e+01,2.6505e+00,1.4578e-01
4.8000e+03,2.0073e-01,3.3468e+00,1.5002e+01,2.6514e+00,1.4584e-01
4.8100e+03,1.9978e-01,3.3459e+00,1.5002e+01,2.6523e+00,1.4591e-01
4.8200e+03,1.9883e-01,3.3450e+00,1.5002e+01,2.6532e+00,1.4597e-01
4.8300e+03,1.9789e-01,3.3442e+00,1.5002e+01,2.6541e+00,1.4604e-01
4.8400e+03,1.9695e-01,3.3433e+00,1.5002e+01,2.6549e+00,1.4610e-01
4.8500e+03,1.9602e-01,3.3424e+00,1.5002e+01,2.6558e+00,1.4617e-01
4.8600e+03,1.9509e-01,3.3416e+00,1.5002e+01,2.6567e+00,1.4623e-01
4.8700e+03,1.9417e-01,3.3407e+00,1.5002e+01,2.6575e+00,1.4630e-01
4.8800e+03,1.9325e-01,3.3398e+00,1.5002e+01,2.6584e+00,1.4636e-01
4.8900e+03,1.9234e-01,3.3390e+00,1.5002e+01,2.6592e+00,1.4642e-01
4.9000e+03,1.9143e-01,3.3381e+00,1.5002e+01,2.6601e+00,1.4649e-01
4.9100e+03,1.9053e-01,3.3373e+00,1.5002e+01,2.6609e+00,1.4655e-01
4.9200e+03,1.8963e-01,3.3365e+00,1.5002e+01,2.6618e+00,1.4661e-01
4.9300e+03,1.8873e-01,3.3356e+00,1.5002e+01,2.6626e+00,1.4668e-01
4.9400e+03,1.8784e-01,3.3348e+00,1.5002e+01,2.6634e+00,1.4674e-01
4.9500e+03,1.8696e-01,3.3340e+00,1.5002e+01,2.6642e+00,1.4680e-01
4.9600e+03,1.8607e-01,3.3332e+00,1.5002e+01,2.6651e+00,1.4686e-01
4.9700e+03,1.8520e-01,3.3323e+00,1.5002e+01,2.6659e+00,1.4692e-01
4.9800e+03,1.8432e-01,3.3315e+00,1.5002e+01,2.6667e+00,1.4698e-01
4.9900e+03,1.8345e-01,3.3307e+00,1.5002e+01,2.6675e+00,1.4704e-01
5.0000e+03,1.8259e-01,3.3299e+00,1.5002e+01,2.6683e+00,1.4711e-01
5.0100e+03,1.8173e-01,3.3291e+00,1.5002e+01,2.6691e+00,1.4717e-01
5.0200e+03,1.8087e-01,3.3283e+00,1.5002e+01,2.6699e+00,1.4722e-01
5.0300e+03,1.8002e-01,3.3275e+00,1.5002e+01,2.6707e+00,1.4728e-01
5.0400e+03,1.7917e-01,3.3267e+00,1.5002e+01,2.6715e+00,1.4734e-01
5.0500e+03,1.7833e-01,3.3259e+00,1.5002e+01,2.6723e+00,1.4740e-01
5.0600e+03,1.7749e-01,3.3252e+00,1.5002e+01,2.6731e+00,1.4746e-01
5.0700e+03,1.7665e-01,3.3244e+00,1.5002e+01,2.6738e+00,1.4752e-01
5.0800e+03,1.7582e-01,3.3236e+00,1.5002e+01,2.6746e+00,1.4758e-01
5.0900e+03,1.7500e-01,3.3228e+00,1.5002e+01,2.6754e+00,1.4764e-01
5.1000e+03,1.7417e-01,3.3221e+00,1.5002e+01,2.6761e+00,1.4769e-01
5.1100e+03,1.7335e-01,3.3213e+00,1.5002e+01,2.6769e+00,1.4775e-01
5.1200e+03,1.7254e-01,3.3206e+00,1.5002e+01,2.6777e+00,1.4781e-01
5.1300e+03,1.7173e-01,3.3198e+00,1.5002e+01,2.6784e+00,1.4786e-01
5.1400e+03,1.7092e-01,3.3191e+00,1.5002e+01,2.6792e+00,1.4792e-01
5.1500e+03,1.7012e-01,3.3183e+00,1.5002e+01,2.6799e+00,1.4798e-01
5.1600e+03,1.6932e-01,3.3176e+00,1.5002e+01,2.6807e+00,1.4803e-01
5.1700e+03,1.6852e-01,3.3168e+00,1.5002e+01,2.6814e+00,1.4809e-01
5.1800e+03,1.6773e-01,3.3161e+00,1.5002e+01,2.6821e+00,1.4814e-01
5.1900e+03,1.6694e-01,3.3154e+00,1.5002e+01,2.6829e+00,1.4820e-01
5.2000e+03,1.6616e-01,3.3146e+00,1.5002e+01,2.6836e+00,1.4825e-01
5.2100e+03,1.6538e-01,3.3139e+00,1.5002e+01,2.6843e+00,1.4831e-01
5.2200e+03,1.6460e-01,3.3132e+00,1.5002e+01,2.6850e+00,1.4836e-01
5.2300e+03,1.6383e-01,3.3125e+00,1.5002e+01,2.6858e+00,1.4842e-01
5.2400e+03,1.6306e-01,3.3117e+00,1.5002e+01,2.6865e+00,1.4847e-01
5.2500e+03,1.6230e-01,3.3110e+00,1.5002e+01,2.6872e+00,1.4853e-01
5.2600e+03,1.6154e-01,3.3103e+00,1.5002e+01,2.6879e+00,1.4858e-01
5.2700e+03,1.6078e-01,3.3096e+00,1.5002e+01,2.6886e+00,1.4863e-01
5.2800e+03,1.6003e-01,3.3089e+00,1.5002e+01,2.6893e+00,1.4869e-01
5.2900e+03,1.5928e-01,3.3082e+00,1.5002e+01,2.6900e+00,1.4874e-01
5.3000e+03,1.5853e-01,3.3075e+00,1.5002e+01,2.6907e+00,1.4879e-01
5.3100e+03,1.5779e-01,3.3068e+00,1.5002e+01,2.6914e+00,1.4884e-01
5.3200e+03,1.5705e-01,3.3061e+00,1.5002e+01,2.6921e+00,1.4889e-01
5.3300e+03,1.5632e-01,3.3055e+00,1.5002e+01,2.6927e+00,1.4895e-01
5.3400e+03,1.5558e-01,3.3048e+00,1.5002e+01,2.6934e+00,1.4900e-01
5.3500e+03,1.5486e-01,3.3041e+00,1.5002e+01,2.6941e+00,1.4905e-01
5.3600e+03,1.5413e-01,3.3034e+00,1.5002e+01,2.6948e+00,1.4910e-01
5.3700e+03,1.5341e-01,3.3028e+00,1.5002e+01,2.6954e+00,1.4915e-01
5.3800e+03,1.5269e-01,3.3021e+00,1.5002e+01,2.6961e+00,1.4920e-01
5.3900e+03,1.5198e-01,3.3014e+00,1.5002e+01,2.6968e+00,1.4925e-01
5.4000e+03,1.5127e-01,3.3008e+00,1.5002e+01,2.6974e+00,1.4930e-01
5.4100e+03,1.5056e-01,3.3001e+00,1.5002e+01,2.6981e+00,1.4935e-01
5.4200e+03,1.4986e-01,3.2995e+00,1.5002e+01,2.6987e+00,1.4940e-01
5.4300e+03,1.4916e-01,3.2988e+00,1.5002e+01,2.6994e+00,1.4945e-01
5.4400e+03,1.4846e-01,3.2982e+00,1.5002e+01,2.7000e+00,1.4950e-01
5.4500e+03,1.4777e-01,3.2975e+00,1.5002e+01,2.7007e+00,1.4955e-01
5.4600e+03,1.4708e-01,3.2969e+00,1.5002e+01,2.7013e+00,1.4960e-01
5.4700e+03,1.4639e-01,3.2962e+00,1.5002e+01,2.7020e+00,1.4965e-01
5.4800e+03,1.4571e-01,3.2956e+00,1.5002e+01,2.7026e+00,1.4969e-01
5.4900e+03,1.4503e-01,3.2950e+00,1.5002e+01,2.7032e+00,1.4974e-01
5.5000e+03,1.4435e-01,3.2943e+00,1.5002e+01,2.7039e+00,1.4979e-01
5.5100e+03,1.4367e-01,3.2937e+00,1.5002e+01,2.7045e+00,1.4984e-01
5.5200e+03,1.4300e-01,3.2931e+00,1.5002e+01,2.7051e+00,1.4988e-01
5.5300e+03,1.4234e-01,3.2925e+00,1.5002e+01,2.7057e+00,1.4993e-01
5.5400e+03,1.4167e-01,3.2918e+00,1.5002e+01,2.7064e+00,1.4998e-01
5.5500e+03,1.4101e-01,3.2912e+00,1.5002e+01,2.7070e+00,1.5002e-01
5.5600e+03,1.4036e-01,3.2906e+00,1.5002e+01,2.7076e+00,1.5007e-01
5.5700e+03,1.3970e-01,3.2900e+00,1.5002e+01,2.7082e+00,1.5012e-01
5.5800e+03,1.3905e-01,3.2894e+00,1.5002e+01,2.7088e+00,1.5016e-01
5.5900e+03,1.3840e-01,3.2888e+00,1.5002e+01,2.7094e+00,1.5021e-01
5.6000e+03,1.3776e-01,3.2882e+00,1.5002e+01,2.7100e+00,1.5025e-01
5.6100e+03,1.3712e-01,3.2876e+00,1.5002e+01,2.7106e+00,1.5030e-01
5.6200e+03,1.3648e-01,3.2870e+00,1.5002e+01,2.7112e+00,1.5034e-01
5.6300e+03,1.3584e-01,3.2864e+00,1.5002e+01,2.7118e+00,1.5039e-01
5.6400e+03,1.3521e-01,3.2858e+00,1.5002e+01,2.7124e+00,1.5043e-01
5.6500e+03,1.3458e-01,3.2852e+00,1.5002e+01,2.7129e+00,1.5048e-01
5.6600e+03,1.3395e-01,3.2847e+00,1.5002e+01,2.7135e+00,1.5052e-01
5.6700e+03,1.3333e-01,3.2841e+00,1.5002e+01,2.7141e+00,1.5057e-01
5.6800e+03,1.3271e-01,3.2835e+00,1.5002e+01,2.7147e+00,1.5061e-01
5.6900e+03,1.3209e-01,3.2829e+00,1.5002e+01,2.7153e+00,1.5065e-01
5.7000e+03,1.3148e-01,3.2824e+00,1.5002e+01,2.7158e+00,1.5070e-01
5.7100e+03,1.3087e-01,3.2818e+00,1.5002e+01,2.7164e+00,1.5074e-01
5.7200e+03,1.3026e-01,3.2812e+00,1.5002e+01,2.7170e+00,1.5078e-01
5.7300e+03,1.2965e-01,3.2807e+00,1.5002e+01,2.7175e+00,1.5083e-01
5.7400e+03,1.2905e-01,3.2801e+00,1.5002e+01,2.7181e+00,1.5087e-01
5.7500e+03,1.2845e-01,3.2795e+00,1.5002e+01,2.7186e+00,1.5091e-01
5.7600e+03,1.2785e-01,3.2790e+00,1.5002e+01,2.7192e+00,1.5096e-01
5.7700e+03,1.2726e-01,3.2784e+00,1.5002e+01,2.7197e+00,1.5100e-01
5.7800e+03,1.2667e-01,3.2779e+00,1.5002e+01,2.7203e+00,1.5104e-01
5.7900e+03,1.2608e-01,3.2773e+00,1.5002e+01,2.7208e+00,1.5108e-01
5.8000e+03,1.2549e-01,3.2768e+00,1.5002e+01,2.7214e+00,1.5112e-01
5.8100e+03,1.2491e-01,3.2763e+00,1.5002e+01,2.7219e+00,1.5116e-01
5.8200e+03,1.2433e-01,3.2757e+00,1.5002e+01,2.7225e+00,1.5120e-01
5.8300e+03,1.2375e-01,3.2752e+00,1.5002e+01,2.7230e+00,1.5125e-01
5.8400e+03,1.2318e-01,3.2746e+00,1.5002e+01,2.7235e+00,1.5129e-01
5.8500e+03,1.2261e-01,3.2741e+00,1.5002e+01,2.7241e+00,1.5133e-01
5.8600e+03,1.2204e-01,3.2736e+00,1.5002e+01,2.7246e+00,1.5137e-01
5.8700e+03,1.2147e-01,3.2731e+00,1.5002e+01,2.7251e+00,1.5141e-01
5.8800e+03,1.2091e-01,3.2725e+00,1.5002e+01,2.7256e+00,1.5145e-01
5.8900e+03,1.2035e-01,3.2720e+00,1.5002e+01,2.7262e+00,1.5149e-01
5.9000e+03,1.1979e-01,3.2715e+00,1.5002e+01,2.7267e+00,1.5153e-01
5.9100e+03,1.1923e-01,3.2710e+00,1.5002e+01,2.7272e+00,1.5157e-01
5.9200e+03,1.1868e-01,3.2705e+00,1.5002e+01,2.7277e+00,1.5161e-01
5.9300e+03,1.1813e-01,3.2700e+00,1.5002e+01,2.7282e+00,1.5164e-01
5.9400e+03,1.1758e-01,3.2694e+00,1.5002e+01,2.7287e+00,1.5168e-01
5.9500e+03,1.1704e-01,3.2689e+00,1.5002e+01,2.7292e+00,1.5172e-01
5.9600e+03,1.1650e-01,3.2684e+00,1.5002e+01,2.7297e+00,1.5176e-01
5.9700e+03,1.1596e-01,3.2679e+00,1.5002e+01,2.7302e+00,1.5180e-01
5.9800e+03,1.1542e-01,3.2674e+00,1.5002e+01,2.7307e+00,1.5184e-01
5.9900e+03,1.1488e-01,3.2669e+00,1.5002e+01,2.7312e+00,1.5188e-01
6.0000e+03,1.1435e-01,3.2664e+00,1.5002e+01,2.7317e+00,1.5191e-01
6.0100e+03,1.1382e-01,3.2659e+00,1.5002e+01,2.7322e+00,1.5195e-01
6.0200e+03,1.1330e-01,3.2655e+00,1.5002e+01,2.7327e+00,1.5199e-01
6.0300e+03,1.1277e-01,3.2650e+00,1.5002e+01,2.7332e+00,1.5203e-01
6.0400e+03,1.1225e-01,3.2645e+00,1.5002e+01,2.7337e+00,1.5206e-01
6.0500e+03,1.1173e-01,3.2640e+00,1.5002e+01,2.7342e+00,1.5210e-01
6.0600e+03,1.1121e-01,3.2635e+00,1.5002e+01,2.7347e+00,1.5214e-01
6.0700e+03,1.1070e-01,3.2630e+00,1.5002e+01,2.7351e+00,1.5217e-01
6.0800e+03,1.1019e-01,3.2626e+00,1.5002e+01,2.7356e+00,1.5221e-01
6.0900e+03,1.0968e-01,3.2621e+00,1.5002e+01,2.7361e+00,1.5225e-01
6.1000e+03,1.0917e-01,3.2616e+00,1.5002e+01,2.7366e+00,1.5228e-01
6.1100e+03,1.0866e-01,3.2612e+00,1.5002e+01,2.7370e+00,1.5232e-01
6.1200e+03,1.0816e-01,3.2607e+00,1.5002e+01,2.7375e+00,1.5235e-01
6.1300e+03,1.0766e-01,3.2602e+00,1.5002e+01,2.7380e+00,1.5239e-01
6.1400e+03,1.0716e-01,3.2598e+00,1.5002e+01,2.7384e+00,1.5242e-01
6.1500e+03,1.0667e-01,3.2593e+00,1.5002e+01,2.7389e+00,1.5246e-01
6.1600e+03,1.0618e-01,3.2588e+00,1.5002e+01,2.7393e+00,1.5249e-01
6.1700e+03,1.0569e-01,3.2584e+00,1.5002e+01,2.7398e+00,1.5253e-01
6.1800e+03,1.0520e-01,3.2579e+00,1.5002e+01,2.7402e+00,1.5256e-01
6.1900e+03,1.0471e-01,3.2575e+00,1.5002e+01,2.7407e+00,1.5260e-01
6.2000e+03,1.0423e-01,3.2570e+00,1.5002e+01,2.7411e+00,1.5263e-01
6.2100e+03,1.0375e-01,3.2566e+00,1.5002e+01,2.7416e+00,1.5267e-01
6.2200e+03,1.0327e-01,3.2561e+00,1.5002e+01,2.7420e+00,1.5270e-01
6.2300e+03,1.0279e-01,3.2557e+00,1.5002e+01,2.7425e+00,1.5274e-01
6.2400e+03,1.0232e-01,3.2553e+00,1.5002e+01,2.7429e+00,1.5277e-01
6.2500e+03,1.0184e-01,3.2548e+00,1.5002e+01,2.7434e+00,1.5280e-01
6.2600e+03,1.0137e-01,3.2544e+00,1.5002e+01,2.7438e+00,1.5284e-01
6.2700e+03,1.0091e-01,3.2539e+00,1.5002e+01,2.7442e+00,1.5287e-01
6.2800e+03,1.0044e-01,3.2535e+00,1.5002e+01,2.7447e+00,1.5290e-01
6.2900e+03,9.9977e-02,3.2531e+00,1.5002e+01,2.7451e+00,1.5294e-01
6.3000e+03,9.9516e-02,3.2527e+00,1.5002e+01,2.7455e+00,1.5297e-01
6.3100e+03,9.9057e-02,3.2522e+00,1.5002e+01,2.7459e+00,1.5300e-01
6.3200e+03,9.8600e-02,3.2518e+00,1.5002e+01,2.7464e+00,1.5304e-01
6.3300e+03,9.8145e-02,3.2514e+00,1.5002e+01,2.7468e+00,1.5307e-01
6.3400e+03,9.7693e-02,3.2510e+00,1.5002e+01,2.7472e+00,1.5310e-01
6.3500e+03,9.7243e-02,3.2505e+00,1.5002e+01,2.7476e+00,1.5313e-01
6.3600e+03,9.6794e-02,3.2501e+00,1.5002e+01,2.7480e+00,1.5316e-01
6.3700e+03,9.6348e-02,3.2497e+00,1.5002e+01,2.7485e+00,1.5320e-01
6.3800e+03,9.5904e-02,3.2493e+00,1.5002e+01,2.7489e+00,1.5323e-01
6.3900e+03,9.5462e-02,3.2489e+00,1.5002e+01,2.7493e+00,1.5326e-01
6.4000e+03,9.5022e-02,3.2485e+00,1.5002e+01,2.7497e+00,1.5329e-01
6.4100e+03,9.4585e-02,3.2481e+00,1.5002e+01,2.7501e+00,1.5332e-01
6.4200e+03,9.4149e-02,3.2477e+00,1.5002e+01,2.7505e+00,1.5335e-01
6.4300e+03,9.3715e-02,3.2473e+00,1.5002e+01,2.7509e+00,1.5338e-01
6.4400e+03,9.3284e-02,3.2469e+00,1.5002e+01,2.7513e+00,1.5342e-01
6.4500e+03,9.2854e-02,3.2465e+00,1.5002e+01,2.7517e+00,1.5345e-01
6.4600e+03,9.2427e-02,3.2461e+00,1.5002e+01,2.7521e+00,1.5348e-01
6.4700e+03,9.2001e-02,3.2457e+00,1.5002e+01,2.7525e+00,1.5351e-01
6.4800e+03,9.1578e-02,3.2453e+00,1.5002e+01,2.7529e+00,1.5354e-01
6.4900e+03,9.1156e-02,3.2449e+00,1.5002e+01,2.7533e+00,1.5357e-01
6.5000e+03,9.0737e-02,3.2445e+00,1.5002e+01,2.7537e+00,1.5360e-01
6.5100e+03,9.0319e-02,3.2441e+00,1.5002e+01,2.7541e+00,1.5363e-01
6.5200e+03,8.9903e-02,3.2437e+00,1.5002e+01,2.7544e+00,1.5366e-01
6.5300e+03,8.9490e-02,3.2433e+00,1.5002e+01,2.7548e+00,1.5369e-01
6.5400e+03,8.9078e-02,3.2430e+00,1.5002e+01,2.7552e+00,1.5372e-01
6.5500e+03,8.8668e-02,3.2426e+00,1.5002e+01,2.7556e+00,1.5375e-01
6.5600e+03,8.8260e-02,3.2422e+00,1.5002e+01,2.7560e+00,1.5377e-01
6.5700e+03,8.7855e-02,3.2418e+00,1.5002e+01,2.7563e+00,1.5380e-01
6.5800e+03,8.7451e-02,3.2414e+00,1.5002e+01,2.7567e+00,1.5383e-01
6.5900e+03,8.7049e-02,3.2411e+00,1.5002e+01,2.7571e+00,1.5386e-01
6.6000e+03,8.6648e-02,3.2407e+00,1.5002e+01,2.7575e+00,1.5389e-01
6.6100e+03,8.6250e-02,3.2403e+00,1.5002e+01,2.7578e+00,1.5392e-01
6.6200e+03,8.5854e-02,3.2400e+00,1.5002e+01,2.7582e+00,1.5395e-01
6.6300e+03,8.5459e-02,3.2396e+00,1.5002e+01,2.7586e+00,1.5398e-01
6.6400e+03,8.5066e-02,3.2392e+00,1.5002e+01,2.7589e+00,1.5400e-01
6.6500e+03,8.4675e-02,3.2389e+00,1.5002e+01,2.7593e+00,1.5403e-01
6.6600e+03,8.4286e-02,3.2385e+00,1.5002e+01,2.7597e+00,1.5406e-01
6.6700e+03,8.3899e-02,3.2381e+00,1.5002e+01,2.7600e+00,1.5409e-01
6.6800e+03,8.3514e-02,3.2378e+00,1.5002e+01,2.7604e+00,1.5411e-01
6.6900e+03,8.3130e-02,3.2374e+00,1.5002e+01,2.7607e+00,1.5414e-01
6.7000e+03,8.2748e-02,3.2371e+00,1.5002e+01,2.7611e+00,1.5417e-01
6.7100e+03,8.2368e-02,3.2367e+00,1.5002e+01,2.7614e+00,1.5420e-01
6.7200e+03,8.1990e-02,3.2364e+00,1.5002e+01,2.7618e+00,1.5422e-01
6.7300e+03,8.1614e-02,3.2360e+00,1.5002e+01,2.7621e+00,1.5425e-01
6.7400e+03,8.1239e-02,3.2357e+00,1.5002e+01,2.7625e+00,1.5428e-01
6.7500e+03,8.0866e-02,3.2353e+00,1.5002e+01,2.7628e+00,1.5430e-01
6.7600e+03,8.0495e-02,3.2350e+00,1.5002e+01,2.7632e+00,1.5433e-01
6.7700e+03,8.0126e-02,3.2346e+00,1.5002e+01,2.7635e+00,1.5436e-01
6.7800e+03,7.9758e-02,3.2343e+00,1.5002e+01,2.7639e+00,1.5438e-01
6.7900e+03,7.9392e-02,3.2340e+00,1.5002e+01,2.7642e+00,1.5441e-01
6.8000e+03,7.9028e-02,3.2336e+00,1.5002e+01,2.7645e+00,1.5444e-01
6.8100e+03,7.8665e-02,3.2333e+00,1.5002e+01,2.7649e+00,1.5446e-01
6.8200e+03,7.8304e-02,3.2329e+00,1.5002e+01,2.7652e+00,1.5449e-01
6.8300e+03,7.7945e-02,3.2326e+00,1.5002e+01,2.7655e+00,1.5451e-01
6.8400e+03,7.7588e-02,3.2323e+00,1.5002e+01,2.7659e+00,1.5454e-01
6.8500e+03,7.7232e-02,3.2320e+00,1.5002e+01,2.7662e+00,1.5457e-01
6.8600e+03,7.6878e-02,3.2316e+00,1.5002e+01,2.7665e+00,1.5459e-01
6.8700e+03,7.6525e-02,3.2313e+00,1.5002e+01,2.7669e+00,1.5462e-01
6.8800e+03,7.6174e-02,3.2310e+00,1.5002e+01,2.7672e+00,1.5464e-01
6.8900e+03,7.5825e-02,3.2306e+00,1.5002e+01,2.7675e+00,1.5467e-01
6.9000e+03,7.5477e-02,3.2303e+00,1.5002e+01,2.7678e+00,1.5469e-01
6.9100e+03,7.5132e-02,3.2300e+00,1.5002e+01,2.7682e+00,1.5472e-01
6.9200e+03,7.4787e-02,3.2297e+00,1.5002e+01,2.7685e+00,1.5474e-01
6.9300e+03,7.4444e-02,3.2294e+00,1.5002e+01,2.7688e+00,1.5477e-01
6.9400e+03,7.4103e-02,3.2290e+00,1.5002e+01,2.7691e+00,1.5479e-01
6.9500e+03,7.3764e-02,3.2287e+00,1.5002e+01,2.7694e+00,1.5481e-01
6.9600e+03,7.3426e-02,3.2284e+00,1.5002e+01,2.7697e+00,1.5484e-01
6.9700e+03,7.3090e-02,3.2281e+00,1.5002e+01,2.7700e+00,1.5486e-01
6.9800e+03,7.2755e-02,3.2278e+00,1.5002e+01,2.7704e+00,1.5489e-01
6.9900e+03,7.2422e-02,3.2275e+00,1.5002e+01,2.7707e+00,1.5491e-01
7.0000e+03,7.2090e-02,3.2272e+00,1.5002e+01,2.7710e+00,1.5493e-01
7.0100e+03,7.1760e-02,3.2269e+00,1.5002e+01,2.7713e+00,1.5496e-01
7.0200e+03,7.1431e-02,3.2266e+00,1.5002e+01,2.7716e+00,1.5498e-01
7.0300e+03,7.1104e-02,3.2263e+00,1.5002e+01,2.7719e+00,1.5501e-01
7.0400e+03,7.0779e-02,3.2260e+00,1.5002e+01,2.7722e+00,1.5503e-01
7.0500e+03,7.0455e-02,3.2257e+00,1.5002e+01,2.7725e+00,1.5505e-01
7.0600e+03,7.0132e-02,3.2254e+00,1.5002e+01,2.7728e+00,1.5508e-01
7.0700e+03,6.9811e-02,3.2251e+00,1.5002e+01,2.7731e+00,1.5510e-01
7.0800e+03,6.9492e-02,3.2248e+00,1.5002e+01,2.7734e+00,1.5512e-01
7.0900e+03,6.9174e-02,3.2245e+00,1.5002e+01,2.7737e+00,1.5514e-01
7.1000e+03,6.8857e-02,3.2242e+00,1.5002e+01,2.7740e+00,1.5517e-01
7.1100e+03,6.8542e-02,3.2239e+00,1.5002e+01,2.7743e+00,1.5519e-01
7.1200e+03,6.8228e-02,3.2236e+00,1.5002e+01,2.7746e+00,1.5521e-01
7.1300e+03,6.7916e-02,3.2233e+00,1.5002e+01,2.7749e+00,1.5523e-01
7.1400e+03,6.7606e-02,3.2230e+00,1.5002e+01,2.7751e+00,1.5526e-01
7.1500e+03,6.7296e-02,3.2227e+00,1.5002e+01,2.7754e+00,1.5528e-01
7.1600e+03,6.6989e-02,3.2224e+00,1.5002e+01,2.7757e+00,1.5530e-01
7.1700e+03,6.6682e-02,3.2222e+00,1.5002e+01,2.7760e+00,1.5532e-01
7.1800e+03,6.6377e-02,3.2219e+00,1.5002e+01,2.7763e+00,1.5535e-01
7.1900e+03,6.6074e-02,3.2216e+00,1.5002e+01,2.7766e+00,1.5537e-01
7.2000e+03,6.5772e-02,3.2213e+00,1.5002e+01,2.7768e+00,1.5539e-01
7.2100e+03,6.5471e-02,3.2210e+00,1.5002e+01,2.7771e+00,1.5541e-01
7.2200e+03,6.5172e-02,3.2208e+00,1.5002e+01,2.7774e+00,1.5543e-01
7.2300e+03,6.4874e-02,3.2205e+00,1.5002e+01,2.7777e+00,1.5545e-01
7.2400e+03,6.4577e-02,3.2202e+00,1.5002e+01,2.7779e+00,1.5548e-01
7.2500e+03,6.4282e-02,3.2199e+00,1.5002e+01,2.7782e+00,1.5550e-01
7.2600e+03,6.3988e-02,3.2197e+00,1.5002e+01,2.7785e+00,1.5552e-01
7.2700e+03,6.3696e-02,3.2194e+00,1.5002e+01,2.7788e+00,1.5554e-01
7.2800e+03,6.3405e-02,3.2191e+00,1.5002e+01,2.7790e+00,1.5556e-01
7.2900e+03,6.3115e-02,3.2188e+00,1.5002e+01,2.7793e+00,1.5558e-01
7.3000e+03,6.2827e-02,3.2186e+00,1.5002e+01,2.7796e+00,1.5560e-01
7.3100e+03,6.2540e-02,3.2183e+00,1.5002e+01,2.7798e+00,1.5562e-01
7.3200e+03,6.2254e-02,3.2180e+00,1.5002e+01,2.7801e+00,1.5564e-01
7.3300e+03,6.1970e-02,3.2178e+00,1.5002e+01,2.7804e+00,1.5566e-01
7.3400e+03,6.1687e-02,3.2175e+00,1.5002e+01,2.7806e+00,1.5568e-01
7.3500e+03,6.1405e-02,3.2173e+00,1.5002e+01,2.7809e+00,1.5570e-01
7.3600e+03,6.1125e-02,3.2170e+00,1.5002e+01,2.7812e+00,1.5572e-01
7.3700e+03,6.0846e-02,3.2167e+00,1.5002e+01,2.7814e+00,1.5574e-01
7.3800e+03,6.0568e-02,3.2165e+00,1.5002e+01,2.7817e+00,1.5576e-01
7.3900e+03,6.0291e-02,3.2162e+00,1.5002e+01,2.7819e+00,1.5578e-01
7.4000e+03,6.0016e-02,3.2160e+00,1.5002e+01,2.7822e+00,1.5580e-01
7.4100e+03,5.9742e-02,3.2157e+00,1.5002e+01,2.7824e+00,1.5582e-01
7.4200e+03,5.9470e-02,3.2155e+00,1.5002e+01,2.7827e+00,1.5584e-01
7.4300e+03,5.9198e-02,3.2152e+00,1.5002e+01,2.7829e+00,1.5586e-01
7.4400e+03,5.8928e-02,3.2150e+00,1.5002e+01,2.7832e+00,1.5588e-01
7.4500e+03,5.8659e-02,3.2147e+00,1.5002e+01,2.7834e+00,1.5590e-01
7.4600e+03,5.8391e-02,3.2145e+00,1.5002e+01,2.7837e+00,1.5592e-01
7.4700e+03,5.8125e-02,3.2142e+00,1.5002e+01,2.7839e+00,1.5594e-01
7.4800e+03,5.7860e-02,3.2140e+00,1.5002e+01,2.7842e+00,1.5596e-01
7.4900e+03,5.7596e-02,3.2137e+00,1.5002e+01,2.7844e+00,1.5598e-01
7.5000e+03,5.7333e-02,3.2135e+00,1.5002e+01,2.7847e+00,1.5600e-01
7.5100e+03,5.7072e-02,3.2132e+00,1.5002e+01,2.7849e+00,1.5602e-01
7.5200e+03,5.6811e-02,3.2130e+00,1.5002e+01,2.7852e+00,1.5604e-01
7.5300e+03,5.6552e-02,3.2127e+00,1.5002e+01,2.7854e+00,1.5605e-01
7.5400e+03,5.6294e-02,3.2125e+00,1.5002e+01,2.7856e+00,1.5607e-01
7.5500e+03,5.6037e-02,3.2123e+00,1.5002e+01,2.7859e+00,1.5609e-01
7.5600e+03,5.5782e-02,3.2120e+00,1.5002e+01,2.7861e+00,1.5611e-01
7.5700e+03,5.5528e-02,3.2118e+00,1.5002e+01,2.7863e+00,1.5613e-01
7.5800e+03,5.5274e-02,3.2116e+00,1.5002e+01,2.7866e+00,1.5615e-01
7.5900e+03,5.5022e-02,3.2113e+00,1.5002e+01,2.7868e+00,1.5616e-01
7.6000e+03,5.4772e-02,3.2111e+00,1.5002e+01,2.7870e+00,1.5618e-01
7.6100e+03,5.4522e-02,3.2109e+00,1.5002e+01,2.7873e+00,1.5620e-01
7.6200e+03,5.4273e-02,3.2106e+00,1.5002e+01,2.7875e+00,1.5622e-01
7.6300e+03,5.4026e-02,3.2104e+00,1.5002e+01,2.7877e+00,1.5624e-01
7.6400e+03,5.3780e-02,3.2102e+00,1.5002e+01,2.7880e+00,1.5625e-01
7.6500e+03,5.3535e-02,3.2099e+00,1.5002e+01,2.7882e+00,1.5627e-01
7.6600e+03,5.3291e-02,3.2097e+00,1.5002e+01,2.7884e+00,1.5629e-01
7.6700e+03,5.3048e-02,3.2095e+00,1.5002e+01,2.7886e+00,1.5631e-01
7.6800e+03,5.2806e-02,3.2093e+00,1.5002e+01,2.7889e+00,1.5632e-01
7.6900e+03,5.2566e-02,3.2090e+00,1.5002e+01,2.7891e+00,1.5634e-01
7.7000e+03,5.2326e-02,3.2088e+00,1.5002e+01,2.7893e+00,1.5636e-01
7.7100e+03,5.2088e-02,3.2086e+00,1.5002e+01,2.7895e+00,1.5638e-01
7.7200e+03,5.1851e-02,3.2084e+00,1.5002e+01,2.7898e+00,1.5639e-01
7.7300e+03,5.1614e-02,3.2082e+00,1.5002e+01,2.7900e+00,1.5641e-01
7.7400e+03,5.1379e-02,3.2079e+00,1.5002e+01,2.7902e+00,1.5643e-01
7.7500e+03,5.1145e-02,3.2077e+00,1.5002e+01,2.7904e+00,1.5644e-01
7.7600e+03,5.0912e-02,3.2075e+00,1.5002e+01,2.7906e+00,1.5646e-01
7.7700e+03,5.0680e-02,3.2073e+00,1.5002e+01,2.7908e+00,1.5648e-01
7.7800e+03,5.0450e-02,3.2071e+00,1.5002e+01,2.7911e+00,1.5649e-01
7.7900e+03,5.0220e-02,3.2069e+00,1.5002e+01,2.7913e+00,1.5651e-01
7.8000e+03,4.9991e-02,3.2067e+00,1.5002e+01,2.7915e+00,1.5653e-01
7.8100e+03,4.9764e-02,3.2064e+00,1.5002e+01,2.7917e+00,1.5654e-01
7.8200e+03,4.9537e-02,3.2062e+00,1.5002e+01,2.7919e+00,1.5656e-01
7.8300e+03,4.9312e-02,3.2060e+00,1.5002e+01,2.7921e+00,1.5658e-01
7.8400e+03,4.9087e-02,3.2058e+00,1.5002e+01,2.7923e+00,1.5659e-01
7.8500e+03,4.8864e-02,3.2056e+00,1.5002e+01,2.7925e+00,1.5661e-01
7.8600e+03,4.8641e-02,3.2054e+00,1.5002e+01,2.7927e+00,1.5663e-01
7.8700e+03,4.8420e-02,3.2052e+00,1.5002e+01,2.7929e+00,1.5664e-01
7.8800e+03,4.8200e-02,3.2050e+00,1.5002e+01,2.7931e+00,1.5666e-01
7.8900e+03,4.7980e-02,3.2048e+00,1.5002e+01,2.7933e+00,1.5667e-01
7.9000e+03,4.7762e-02,3.2046e+00,1.5002e+01,2.7936e+00,1.5669e-01
7.9100e+03,4.7545e-02,3.2044e+00,1.5002e+01,2.7938e+00,1.5671e-01
7.9200e+03,4.7328e-02,3.2042e+00,1.5002e+01,2.7940e+00,1.5672e-01
7.9300e+03,4.7113e-02,3.2040e+00,1.5002e+01,2.7942e+00,1.5674e-01
7.9400e+03,4.6899e-02,3.2038e+00,1.5002e+01,2.7944e+00,1.5675e-01
7.9500e+03,4.6685e-02,3.2036e+00,1.5002e+01,2.7945e+00,1.5677e-01
7.9600e+03,4.6473e-02,3.2034e+00,1.5002e+01,2.7947e+00,1.5678e-01
7.9700e+03,4.6262e-02,3.2032e+00,1.5002e+01,2.7949e+00,1.5680e-01
7.9800e+03,4.6051e-02,3.2030e+00,1.5002e+01,2.7951e+00,1.5681e-01
7.9900e+03,4.5842e-02,3.2028e+00,1.5002e+01,2.7953e+00,1.5683e-01
8.0000e+03,4.5633e-02,3.2026e+00,1.5002e+01,2.7955e+00,1.5684e-01
8.0100e+03,4.5426e-02,3.2024e+00,1.5002e+01,2.7957e+00,1.5686e-01
8.0200e+03,4.5219e-02,3.2022e+00,1.5002e+01,2.7959e+00,1.5687e-01
8.0300e+03,4.5014e-02,3.2020e+00,1.5002e+01,2.7961e+00,1.5689e-01
8.0400e+03,4.4809e-02,3.2018e+00,1.5002e+01,2.7963e+00,1.5690e-01
8.0500e+03,4.4605e-02,3.2017e+00,1.5002e+01,2.7965e+00,1.5692e-01
8.0600e+03,4.4403e-02,3.2015e+00,1.5002e+01,2.7967e+00,1.5693e-01
8.0700e+03,4.4201e-02,3.2013e+00,1.5002e+01,2.7969e+00,1.5695e-01
8.0800e+03,4.4000e-02,3.2011e+00,1.5002e+01,2.7970e+00,1.5696e-01
8.0900e+03,4.3800e-02,3.2009e+00,1.5002e+01,2.7972e+00,1.5698e-01
8.1000e+03,4.3601e-02,3.2007e+00,1.5002e+01,2.7974e+00,1.5699e-01
8.1100e+03,4.3403e-02,3.2005e+00,1.5002e+01,2.7976e+00,1.5701e-01
8.1200e+03,4.3205e-02,3.2004e+00,1.5002e+01,2.7978e+00,1.5702e-01
8.1300e+03,4.3009e-02,3.2002e+00,1.5002e+01,2.7980e+00,1.5703e-01
8.1400e+03,4.2814e-02,3.2000e+00,1.5002e+01,2.7981e+00,1.5705e-01
8.1500e+03,4.2619e-02,3.1998e+00,1.5002e+01,2.7983e+00,1.5706e-01
8.1600e+03,4.2425e-02,3.1996e+00,1.5002e+01,2.7985e+00,1.5708e-01
8.1700e+03,4.2233e-02,3.1995e+00,1.5002e+01,2.7987e+00,1.5709e-01
8.1800e+03,4.2041e-02,3.1993e+00,1.5002e+01,2.7989e+00,1.5710e-01
8.1900e+03,4.1850e-02,3.1991e+00,1.5002e+01,2.7990e+00,1.5712e-01
8.2000e+03,4.1660e-02,3.1989e+00,1.5002e+01,2.7992e+00,1.5713e-01
8.2100e+03,4.1470e-02,3.1987e+00,1.5002e+01,2.7994e+00,1.5715e-01
8.2200e+03,4.1282e-02,3.1986e+00,1.5002e+01,2.7996e+00,1.5716e-01
8.2300e+03,4.1094e-02,3.1984e+00,1.5002e+01,2.7997e+00,1.5717e-01
8.2400e+03,4.0908e-02,3.1982e+00,1.5002e+01,2.7999e+00,1.5719e-01
8.2500e+03,4.0722e-02,3.1981e+00,1.5002e+01,2.8001e+00,1.5720e-01
8.2600e+03,4.0537e-02,3.1979e+00,1.5002e+01,2.8003e+00,1.5721e-01
8.2700e+03,4.0353e-02,3.1977e+00,1.5002e+01,2.8004e+00,1.5723e-01
8.2800e+03,4.0170e-02,3.1975e+00,1.5002e+01,2.8006e+00,1.5724e-01
8.2900e+03,3.9987e-02,3.1974e+00,1.5002e+01,2.8008e+00,1.5725e-01
8.3000e+03,3.9806e-02,3.1972e+00,1.5002e+01,2.8009e+00,1.5727e-01
8.3100e+03,3.9625e-02,3.1970e+00,1.5002e+01,2.8011e+00,1.5728e-01
8.3200e+03,3.9445e-02,3.1969e+00,1.5002e+01,2.8013e+00,1.5729e-01
8.3300e+03,3.9266e-02,3.1967e+00,1.5002e+01,2.8014e+00,1.5730e-01
8.3400e+03,3.9088e-02,3.1965e+00,1.5002e+01,2.8016e+00,1.5732e-01
8.3500e+03,3.8910e-02,3.1964e+00,1.5002e+01,2.8018e+00,1.5733e-01
8.3600e+03,3.8734e-02,3.1962e+00,1.5002e+01,2.8019e+00,1.5734e-01
8.3700e+03,3.8558e-02,3.1960e+00,1.5002e+01,2.8021e+00,1.5736e-01
8.3800e+03,3.8383e-02,3.1959e+00,1.5002e+01,2.8022e+00,1.5737e-01
8.3900e+03,3.8209e-02,3.1957e+00,1.5002e+01,2.8024e+00,1.5738e-01
8.4000e+03,3.8035e-02,3.1956e+00,1.5002e+01,2.8026e+00,1.5739e-01
8.4100e+03,3.7863e-02,3.1954e+00,1.5002e+01,2.8027e+00,1.5741e-01
8.4200e+03,3.7691e-02,3.1952e+00,1.5002e+01,2.8029e+00,1.5742e-01
8.4300e+03,3.7520e-02,3.1951e+00,1.5002e+01,2.8031e+00,1.5743e-01
8.4400e+03,3.7350e-02,3.1949e+00,1.5002e+01,2.8032e+00,1.5744e-01
8.4500e+03,3.7180e-02,3.1948e+00,1.5002e+01,2.8034e+00,1.5746e-01
8.4600e+03,3.7011e-02,3.1946e+00,1.5002e+01,2.8035e+00,1.5747e-01
8.4700e+03,3.6843e-02,3.1945e+00,1.5002e+01,2.8037e+00,1.5748e-01
8.4800e+03,3.6676e-02,3.1943e+00,1.5002e+01,2.8038e+00,1.5749e-01
8.4900e+03,3.6510e-02,3.1941e+00,1.5002e+01,2.8040e+00,1.5750e-01
8.5000e+03,3.6344e-02,3.1940e+00,1.5002e+01,2.8041e+00,1.5752e-01
8.5100e+03,3.6179e-02,3.1938e+00,1.5002e+01,2.8043e+00,1.5753e-01
8.5200e+03,3.6015e-02,3.1937e+00,1.5002e+01,2.8044e+00,1.5754e-01
8.5300e+03,3.5852e-02,3.1935e+00,1.5002e+01,2.8046e+00,1.5755e-01
8.5400e+03,3.5689e-02,3.1934e+00,1.5002e+01,2.8047e+00,1.5756e-01
8.5500e+03,3.5527e-02,3.1932e+00,1.5002e+01,2.8049e+00,1.5758e-01
8.5600e+03,3.5366e-02,3.1931e+00,1.5002e+01,2.8050e+00,1.5759e-01
8.5700e+03,3.5206e-02,3.1929e+00,1.5002e+01,2.8052e+00,1.5760e-01
8.5800e+03,3.5046e-02,3.1928e+00,1.5002e+01,2.8053e+00,1.5761e-01
8.5900e+03,3.4887e-02,3.1926e+00,1.5002e+01,2.8055e+00,1.5762e-01
8.6000e+03,3.4729e-02,3.1925e+00,1.5002e+01,2.8056e+00,1.5763e-01
8.6100e+03,3.4572e-02,3.1923e+00,1.5002e+01,2.8058e+00,1.5765e-01
8.6200e+03,3.4415e-02,3.1922e+00,1.5002e+01,2.8059e+00,1.5766e-01
8.6300e+03,3.4259e-02,3.1921e+00,1.5002e+01,2.8061e+00,1.5767e-01
8.6400e+03,3.4104e-02,3.1919e+00,1.5002e+01,2.8062e+00,1.5768e-01
8.6500e+03,3.3949e-02,3.1918e+00,1.5002e+01,2.8064e+00,1.5769e-01
8.6600e+03,3.3795e-02,3.1916e+00,1.5002e+01,2.8065e+00,1.5770e-01
8.6700e+03,3.3642e-02,3.1915e+00,1.5002e+01,2.8066e+00,1.5771e-01
8.6800e+03,3.3489e-02,3.1913e+00,1.5002e+01,2.8068e+00,1.5772e-01
8.6900e+03,3.3338e-02,3.1912e+00,1.5002e+01,2.8069e+00,1.5774e-01
8.7000e+03,3.3187e-02,3.1911e+00,1.5002e+01,2.8071e+00,1.5775e-01
8.7100e+03,3.3036e-02,3.1909e+00,1.5002e+01,2.8072e+00,1.5776e-01
8.7200e+03,3.2886e-02,3.1908e+00,1.5002e+01,2.8073e+00,1.5777e-01
8.7300e+03,3.2737e-02,3.1906e+00,1.5002e+01,2.8075e+00,1.5778e-01
8.7400e+03,3.2589e-02,3.1905e+00,1.5002e+01,2.8076e+00,1.5779e-01
8.7500e+03,3.2441e-02,3.1904e+00,1.5002e+01,2.8078e+00,1.5780e-01
8.7600e+03,3.2294e-02,3.1902e+00,1.5002e+01,2.8079e+00,1.5781e-01
8.7700e+03,3.2148e-02,3.1901e+00,1.5002e+01,2.8080e+00,1.5782e-01
8.7800e+03,3.2002e-02,3.1900e+00,1.5002e+01,2.8082e+00,1.5783e-01
8.7900e+03,3.1857e-02,3.1898e+00,1.5002e+01,2.8083e+00,1.5784e-01
8.8000e+03,3.1713e-02,3.1897e+00,1.5002e+01,2.8084e+00,1.5785e-01
8.8100e+03,3.1569e-02,3.1896e+00,1.5002e+01,2.8086e+00,1.5786e-01
8.8200e+03,3.1426e-02,3.1894e+00,1.5002e+01,2.8087e+00,1.5787e-01
8.8300e+03,3.1284e-02,3.1893e+00,1.5002e+01,2.8088e+00,1.5788e-01
8.8400e+03,3.1142e-02,3.1892e+00,1.5002e+01,2.8090e+00,1.5789e-01
8.8500e+03,3.1001e-02,3.1890e+00,1.5002e+01,2.8091e+00,1.5791e-01
8.8600e+03,3.0861e-02,3.1889e+00,1.5002e+01,2.8092e+00,1.5792e-01
8.8700e+03,3.0721e-02,3.1888e+00,1.5002e+01,2.8094e+00,1.5793e-01
8.8800e+03,3.0582e-02,3.1886e+00,1.5002e+01,2.8095e+00,1.5794e-01
8.8900e+03,3.0443e-02,3.1885e+00,1.5002e+01,2.8096e+00,1.5795e-01
8.9000e+03,3.0305e-02,3.1884e+00,1.5002e+01,2.8097e+00,1.5796e-01
8.9100e+03,3.0168e-02,3.1883e+00,1.5002e+01,2.8099e+00,1.5797e-01
8.9200e+03,3.0031e-02,3.1881e+00,1.5002e+01,2.8100e+00,1.5798e-01
8.9300e+03,2.9895e-02,3.1880e+00,1.5002e+01,2.8101e+00,1.5799e-01
8.9400e+03,2.9760e-02,3.1879e+00,1.5002e+01,2.8102e+00,1.5800e-01
8.9500e+03,2.9625e-02,3.1878e+00,1.5002e+01,2.8104e+00,1.5801e-01
8.9600e+03,2.9491e-02,3.1876e+00,1.5002e+01,2.8105e+00,1.5801e-01
8.9700e+03,2.9358e-02,3.1875e+00,1.5002e+01,2.8106e+00,1.5802e-01
8.9800e+03,2.9225e-02,3.1874e+00,1.5002e+01,2.8107e+00,1.5803e-01
8.9900e+03,2.9092e-02,3.1873e+00,1.5002e+01,2.8109e+00,1.5804e-01
9.0000e+03,2.8961e-02,3.1871e+00,1.5002e+01,2.8110e+00,1.5805e-01
9.0100e+03,2.8830e-02,3.1870e+00,1.5002e+01,2.8111e+00,1.5806e-01
9.0200e+03,2.8699e-02,3.1869e+00,1.5002e+01,2.8112e+00,1.5807e-01
9.0300e+03,2.8569e-02,3.1868e+00,1.5002e+01,2.8114e+00,1.5808e-01
9.0400e+03,2.8440e-02,3.1867e+00,1.5002e+01,2.8115e+00,1.5809e-01
9.0500e+03,2.8311e-02,3.1865e+00,1.5002e+01,2.8116e+00,1.5810e-01
9.0600e+03,2.8183e-02,3.1864e+00,1.5002e+01,2.8117e+00,1.5811e-01
9.0700e+03,2.8055e-02,3.1863e+00,1.5002e+01,2.8118e+00,1.5812e-01
9.0800e+03,2.7928e-02,3.1862e+00,1.5002e+01,2.8119e+00,1.5813e-01
9.0900e+03,2.7802e-02,3.1861e+00,1.5002e+01,2.8121e+00,1.5814e-01
9.1000e+03,2.7676e-02,3.1859e+00,1.5002e+01,2.8122e+00,1.5815e-01
9.1100e+03,2.7551e-02,3.1858e+00,1.5002e+01,2.8123e+00,1.5816e-01
9.1200e+03,2.7426e-02,3.1857e+00,1.5002e+01,2.8124e+00,1.5817e-01
9.1300e+03,2.7302e-02,3.1856e+00,1.5002e+01,2.8125e+00,1.5817e-01
9.1400e+03,2.7178e-02,3.1855e+00,1.5002e+01,2.8126e+00,1.5818e-01
9.1500e+03,2.7056e-02,3.1854e+00,1.5002e+01,2.8128e+00,1.5819e-01
9.1600e+03,2.6933e-02,3.1853e+00,1.5002e+01,2.8129e+00,1.5820e-01
9.1700e+03,2.6811e-02,3.1851e+00,1.5002e+01,2.8130e+00,1.5821e-01
9.1800e+03,2.6690e-02,3.1850e+00,1.5002e+01,2.8131e+00,1.5822e-01
9.1900e+03,2.6569e-02,3.1849e+00,1.5002e+01,2.8132e+00,1.5823e-01
9.2000e+03,2.6449e-02,3.1848e+00,1.5002e+01,2.8133e+00,1.5824e-01
9.2100e+03,2.6329e-02,3.1847e+00,1.5002e+01,2.8134e+00,1.5824e-01
9.2200e+03,2.6210e-02,3.1846e+00,1.5002e+01,2.8135e+00,1.5825e-01
9.2300e+03,2.6092e-02,3.1845e+00,1.5002e+01,2.8136e+00,1.5826e-01
9.2400e+03,2.5974e-02,3.1844e+00,1.5002e+01,2.8138e+00,1.5827e-01
9.2500e+03,2.5856e-02,3.1843e+00,1.5002e+01,2.8139e+00,1.5828e-01
9.2600e+03,2.5739e-02,3.1841e+00,1.5002e+01,2.8140e+00,1.5829e-01
9.2700e+03,2.5623e-02,3.1840e+00,1.5002e+01,2.8141e+00,1.5830e-01
9.2800e+03,2.5507e-02,3.1839e+00,1.5002e+01,2.8142e+00,1.5830e-01
9.2900e+03,2.5391e-02,3.1838e+00,1.5002e+01,2.8143e+00,1.5831e-01
9.3000e+03,2.5277e-02,3.1837e+00,1.5002e+01,2.8144e+00,1.5832e-01
9.3100e+03,2.5162e-02,3.1836e+00,1.5002e+01,2.8145e+00,1.5833e-01
9.3200e+03,2.5048e-02,3.1835e+00,1.5002e+01,2.8146e+00,1.5834e-01
9.3300e+03,2.4935e-02,3.1834e+00,1.5002e+01,2.8147e+00,1.5835e-01
9.3400e+03,2.4822e-02,3.1833e+00,1.5002e+01,2.8148e+00,1.5835e-01
9.3500e+03,2.4710e-02,3.1832e+00,1.5002e+01,2.8149e+00,1.5836e-01
9.3600e+03,2.4598e-02,3.1831e+00,1.5002e+01,2.8150e+00,1.5837e-01
9.3700e+03,2.4487e-02,3.1830e+00,1.5002e+01,2.8151e+00,1.5838e-01
9.3800e+03,2.4376e-02,3.1829e+00,1.5002e+01,2.8152e+00,1.5839e-01
9.3900e+03,2.4266e-02,3.1828e+00,1.5002e+01,2.8153e+00,1.5840e-01
9.4000e+03,2.4156e-02,3.1827e+00,1.5002e+01,2.8154e+00,1.5840e-01
9.4100e+03,2.4047e-02,3.1826e+00,1.5002e+01,2.8155e+00,1.5841e-01
9.4200e+03,2.3939e-02,3.1825e+00,1.5002e+01,2.8156e+00,1.5842e-01
9.4300e+03,2.3830e-02,3.1824e+00,1.5002e+01,2.8157e+00,1.5843e-01
9.4400e+03,2.3723e-02,3.1823e+00,1.5002e+01,2.8158e+00,1.5843e-01
9.4500e+03,2.3615e-02,3.1822e+00,1.5002e+01,2.8159e+00,1.5844e-01
9.4600e+03,2.3509e-02,3.1821e+00,1.5002e+01,2.8160e+00,1.5845e-01
9.4700e+03,2.3402e-02,3.1820e+00,1.5002e+01,2.8161e+00,1.5846e-01
9.4800e+03,2.3296e-02,3.1819e+00,1.5002e+01,2.8162e+00,1.5847e-01
9.4900e+03,2.3191e-02,3.1818e+00,1.5002e+01,2.8163e+00,1.5847e-01
9.5000e+03,2.3086e-02,3.1817e+00,1.5002e+01,2.8164e+00,1.5848e-01
9.5100e+03,2.2982e-02,3.1816e+00,1.5002e+01,2.8165e+00,1.5849e-01
9.5200e+03,2.2878e-02,3.1815e+00,1.5002e+01,2.8166e+00,1.5850e-01
9.5300e+03,2.2775e-02,3.1814e+00,1.5002e+01,2.8167e+00,1.5850e-01
9.5400e+03,2.2672e-02,3.1813e+00,1.5002e+01,2.8168e+00,1.5851e-01
9.5500e+03,2.2569e-02,3.1812e+00,1.5002e+01,2.8169e+00,1.5852e-01
9.5600e+03,2.2467e-02,3.1811e+00,1.5002e+01,2.8170e+00,1.5853e-01
9.5700e+03,2.2366e-02,3.1810e+00,1.5002e+01,2.8171e+00,1.5853e-01
9.5800e+03,2.2265e-02,3.1809e+00,1.5002e+01,2.8172e+00,1.5854e-01
9.5900e+03,2.2164e-02,3.1808e+00,1.5002e+01,2.8173e+00,1.5855e-01
9.6000e+03,2.2064e-02,3.1807e+00,1.5002e+01,2.8174e+00,1.5856e-01
9.6100e+03,2.1964e-02,3.1806e+00,1.5002e+01,2.8175e+00,1.5856e-01
9.6200e+03,2.1865e-02,3.1806e+00,1.5002e+01,2.8176e+00,1.5857e-01
9.6300e+03,2.1766e-02,3.1805e+00,1.5002e+01,2.8177e+00,1.5858e-01
9.6400e+03,2.1668e-02,3.1804e+00,1.5002e+01,2.8177e+00,1.5858e-01
9.6500e+03,2.1570e-02,3.1803e+00,1.5002e+01,2.8178e+00,1.5859e-01
9.6600e+03,2.1472e-02,3.1802e+00,1.5002e+01,2.8179e+00,1.5860e-01
9.6700e+03,2.1375e-02,3.1801e+00,1.5002e+01,2.8180e+00,1.5861e-01
9.6800e+03,2.1279e-02,3.1800e+00,1.5002e+01,2.8181e+00,1.5861e-01
9.6900e+03,2.1183e-02,3.1799e+00,1.5002e+01,2.8182e+00,1.5862e-01
9.7000e+03,2.1087e-02,3.1798e+00,1.5002e+01,2.8183e+00,1.5863e-01
9.7100e+03,2.0992e-02,3.1797e+00,1.5002e+01,2.8184e+00,1.5863e-01
9.7200e+03,2.0897e-02,3.1797e+00,1.5002e+01,2.8185e+00,1.5864e-01
9.7300e+03,2.0802e-02,3.1796e+00,1.5002e+01,2.8186e+00,1.5865e-01
9.7400e+03,2.0708e-02,3.1795e+00,1.5002e+01,2.8186e+00,1.5865e-01
9.7500e+03,2.0615e-02,3.1794e+00,1.5002e+01,2.8187e+00,1.5866e-01
9.7600e+03,2.0522e-02,3.1793e+00,1.5002e+01,2.8188e+00,1.5867e-01
9.7700e+03,2.0429e-02,3.1792e+00,1.5002e+01,2.8189e+00,1.5867e-01
9.7800e+03,2.0337e-02,3.1791e+00,1.5002e+01,2.8190e+00,1.5868e-01
9.7900e+03,2.0245e-02,3.1791e+00,1.5002e+01,2.8191e+00,1.5869e-01
9.8000e+03,2.0154e-02,3.1790e+00,1.5002e+01,2.8192e+00,1.5869e-01
9.8100e+03,2.0062e-02,3.1789e+00,1.5002e+01,2.8192e+00,1.5870e-01
9.8200e+03,1.9972e-02,3.1788e+00,1.5002e+01,2.8193e+00,1.5871e-01
9.8300e+03,1.9882e-02,3.1787e+00,1.5002e+01,2.8194e+00,1.5871e-01
9.8400e+03,1.9792e-02,3.1786e+00,1.5002e+01,2.8195e+00,1.5872e-01
9.8500e+03,1.9702e-02,3.1785e+00,1.5002e+01,2.8196e+00,1.5873e-01
9.8600e+03,1.9614e-02,3.1785e+00,1.5002e+01,2.8197e+00,1.5873e-01
9.8700e+03,1.9525e-02,3.1784e+00,1.5002e+01,2.8197e+00,1.5874e-01
9.8800e+03,1.9437e-02,3.1783e+00,1.5002e+01,2.8198e+00,1.5875e-01
9.8900e+03,1.9349e-02,3.1782e+00,1.5002e+01,2.8199e+00,1.5875e-01
9.9000e+03,1.9262e-02,3.1781e+00,1.5002e+01,2.8200e+00,1.5876e-01
9.9100e+03,1.9175e-02,3.1781e+00,1.5002e+01,2.8201e+00,1.5877e-01
9.9200e+03,1.9088e-02,3.1780e+00,1.5002e+01,2.8201e+00,1.5877e-01
9.9300e+03,1.9002e-02,3.1779e+00,1.5002e+01,2.8202e+00,1.5878e-01
9.9400e+03,1.8916e-02,3.1778e+00,1.5002e+01,2.8203e+00,1.5879e-01
9.9500e+03,1.8831e-02,3.1777e+00,1.5002e+01,2.8204e+00,1.5879e-01
9.9600e+03,1.8746e-02,3.1777e+00,1.5002e+01,2.8205e+00,1.5880e-01
9.9700e+03,1.8661e-02,3.1776e+00,1.5002e+01,2.8205e+00,1.5880e-01
9.9800e+03,1.8577e-02,3.1775e+00,1.5002e+01,2.8206e+00,1.5881e-01
9.9900e+03,1.8493e-02,3.1774e+00,1.5002e+01,2.8207e+00,1.5882e-01
1.0000e+04,1.8409e-02,3.1773e+00,1.5002e+01,2.8208e+00,1.5882e-01
1.0010e+04,1.8326e-02,3.1773e+00,1.5002e+01,2.8208e+00,1.5883e-01
1.0020e+04,1.8244e-02,3.1772e+00,1.5002e+01,2.8209e+00,1.5883e-01
1.0030e+04,1.8161e-02,3.1771e+00,1.5002e+01,2.8210e+00,1.5884e-01
1.0040e+04,1.8079e-02,3.1770e+00,1.5002e+01,2.8211e+00,1.5885e-01
1.0050e+04,1.7998e-02,3.1770e+00,1.5002e+01,2.8212e+00,1.5885e-01
1.0060e+04,1.7916e-02,3.1769e+00,1.5002e+01,2.8212e+00,1.5886e-01
1.0070e+04,1.7835e-02,3.1768e+00,1.5002e+01,2.8213e+00,1.5886e-01
1.0080e+04,1.7755e-02,3.1767e+00,1.5002e+01,2.8214e+00,1.5887e-01
1.0090e+04,1.7675e-02,3.1767e+00,1.5002e+01,2.8215e+00,1.5888e-01
1.0100e+04,1.7595e-02,3.1766e+00,1.5002e+01,2.8215e+00,1.5888e-01
1.0110e+04,1.7516e-02,3.1765e+00,1.5002e+01,2.8216e+00,1.5889e-01
1.0120e+04,1.7437e-02,3.1764e+00,1.5002e+01,2.8217e+00,1.5889e-01
1.0130e+04,1.7358e-02,3.1764e+00,1.5002e+01,2.8217e+00,1.5890e-01
1.0140e+04,1.7280e-02,3.1763e+00,1.5002e+01,2.8218e+00,1.5890e-01
1.0150e+04,1.7202e-02,3.1762e+00,1.5002e+01,2.8219e+00,1.5891e-01
1.0160e+04,1.7124e-02,3.1762e+00,1.5002e+01,2.8220e+00,1.5892e-01
1.0170e+04,1.7047e-02,3.1761e+00,1.5002e+01,2.8220e+00,1.5892e-01
1.0180e+04,1.6970e-02,3.1760e+00,1.5002e+01,2.8221e+00,1.5893e-01
1.0190e+04,1.6893e-02,3.1759e+00,1.5002e+01,2.8222e+00,1.5893e-01
1.0200e+04,1.6817e-02,3.1759e+00,1.5002e+01,2.8222e+00,1.5894e-01
1.0210e+04,1.6741e-02,3.1758e+00,1.5002e+01,2.8223e+00,1.5894e-01
1.0220e+04,1.6665e-02,3.1757e+00,1.5002e+01,2.8224e+00,1.5895e-01
1.0230e+04,1.6590e-02,3.1757e+00,1.5002e+01,2.8225e+00,1.5895e-01
1.0240e+04,1.6515e-02,3.1756e+00,1.5002e+01,2.8225e+00,1.5896e-01
1.0250e+04,1.6441e-02,3.1755e+00,1.5002e+01,2.8226e+00,1.5897e-01
1.0260e+04,1.6367e-02,3.1755e+00,1.5002e+01,2.8227e+00,1.5897e-01
1.0270e+04,1.6293e-02,3.1754e+00,1.5002e+01,2.8227e+00,1.5898e-01
1.0280e+04,1.6219e-02,3.1753e+00,1.5002e+01,2.8228e+00,1.5898e-01
1.0290e+04,1.6146e-02,3.1752e+00,1.5002e+01,2.8229e+00,1.5899e-01
1.0300e+04,1.6073e-02,3.1752e+00,1.5002e+01,2.8229e+00,1.5899e-01
1.0310e+04,1.6001e-02,3.1751e+00,1.5002e+01,2.8230e+00,1.5900e-01
1.0320e+04,1.5929e-02,3.1750e+00,1.5002e+01,2.8231e+00,1.5900e-01
1.0330e+04,1.5857e-02,3.1750e+00,1.5002e+01,2.8231e+00,1.5901e-01
1.0340e+04,1.5785e-02,3.1749e+00,1.5002e+01,2.8232e+00,1.5901e-01
1.0350e+04,1.5714e-02,3.1748e+00,1.5002e+01,2.8233e+00,1.5902e-01
1.0360e+04,1.5643e-02,3.1748e+00,1.5002e+01,2.8233e+00,1.5902e-01
1.0370e+04,1.5572e-02,3.1747e+00,1.5002e+01,2.8234e+00,1.5903e-01
1.0380e+04,1.5502e-02,3.1747e+00,1.5002e+01,2.8235e+00,1.5903e-01
1.0390e+04,1.5432e-02,3.1746e+00,1.5002e+01,2.8235e+00,1.5904e-01
1.0400e+04,1.5363e-02,3.1745e+00,1.5002e+01,2.8236e+00,1.5904e-01
1.0410e+04,1.5293e-02,3.1745e+00,1.5002e+01,2.8237e+00,1.5905e-01
1.0420e+04,1.5224e-02,3.1744e+00,1.5002e+01,2.8237e+00,1.5905e-01
1.0430e+04,1.5156e-02,3.1743e+00,1.5002e+01,2.8238e+00,1.5906e-01
1.0440e+04,1.5087e-02,3.1743e+00,1.5002e+01,2.8238e+00,1.5906e-01
1.0450e+04,1.5019e-02,3.1742e+00,1.5002e+01,2.8239e+00,1.5907e-01
1.0460e+04,1.4952e-02,3.1741e+00,1.5002e+01,2.8240e+00,1.5907e-01
1.0470e+04,1.4884e-02,3.1741e+00,1.5002e+01,2.8240e+00,1.5908e-01
1.0480e+04,1.4817e-02,3.1740e+00,1.5002e+01,2.8241e+00,1.5908e-01
1.0490e+04,1.4750e-02,3.1740e+00,1.5002e+01,2.8242e+00,1.5909e-01
1.0500e+04,1.4684e-02,3.1739e+00,1.5002e+01,2.8242e+00,1.5909e-01
1.0510e+04,1.4617e-02,3.1738e+00,1.5002e+01,2.8243e+00,1.5910e-01
1.0520e+04,1.4551e-02,3.1738e+00,1.5002e+01,2.8243e+00,1.5910e-01
1.0530e+04,1.4486e-02,3.1737e+00,1.5002e+01,2.8244e+00,1.5911e-01
1.0540e+04,1.4421e-02,3.1736e+00,1.5002e+01,2.8245e+00,1.5911e-01
1.0550e+04,1.4356e-02,3.1736e+00,1.5002e+01,2.8245e+00,1.5912e-01
1.0560e+04,1.4291e-02,3.1735e+00,1.5002e+01,2.8246e+00,1.5912e-01
1.0570e+04,1.4226e-02,3.1735e+00,1.5002e+01,2.8246e+00,1.5913e-01
1.0580e+04,1.4162e-02,3.1734e+00,1.5002e+01,2.8247e+00,1.5913e-01
1.0590e+04,1.4098e-02,3.1734e+00,1.5002e+01,2.8248e+00,1.5914e-01
1.0600e+04,1.4035e-02,3.1733e+00,1.5002e+01,2.8248e+00,1.5914e-01
1.0610e+04,1.3971e-02,3.1732e+00,1.5002e+01,2.8249e+00,1.5915e-01
1.0620e+04,1.3908e-02,3.1732e+00,1.5002e+01,2.8249e+00,1.5915e-01
1.0630e+04,1.3846e-02,3.1731e+00,1.5002e+01,2.8250e+00,1.5916e-01
1.0640e+04,1.3783e-02,3.1731e+00,1.5002e+01,2.8251e+00,1.5916e-01
1.0650e+04,1.3721e-02,3.1730e+00,1.5002e+01,2.8251e+00,1.5916e-01
1.0660e+04,1.3659e-02,3.1729e+00,1.5002e+01,2.8252e+00,1.5917e-01
1.0670e+04,1.3598e-02,3.1729e+00,1.5002e+01,2.8252e+00,1.5917e-01
1.0680e+04,1.3536e-02,3.1728e+00,1.5002e+01,2.8253e+00,1.5918e-01
1.0690e+04,1.3475e-02,3.1728e+00,1.5002e+01,2.8253e+00,1.5918e-01
1.0700e+04,1.3415e-02,3.1727e+00,1.5002e+01,2.8254e+00,1.5919e-01
1.0710e+04,1.3354e-02,3.1727e+00,1.5002e+01,2.8255e+00,1.5919e-01
1.0720e+04,1.3294e-02,3.1726e+00,1.5002e+01,2.8255e+00,1.5920e-01
1.0730e+04,1.3234e-02,3.1725e+00,1.5002e+01,2.8256e+00,1.5920e-01
1.0740e+04,1.3174e-02,3.1725e+00,1.5002e+01,2.8256e+00,1.5920e-01
1.0750e+04,1.3115e-02,3.1724e+00,1.5002e+01,2.8257e+00,1.5921e-01
1.0760e+04,1.3056e-02,3.1724e+00,1.5002e+01,2.8257e+00,1.5921e-01
1.0770e+04,1.2997e-02,3.1723e+00,1.5002e+01,2.8258e+00,1.5922e-01
1.0780e+04,1.2938e-02,3.1723e+00,1.5002e+01,2.8258e+00,1.5922e-01
1.0790e+04,1.2880e-02,3.1722e+00,1.5002e+01,2.8259e+00,1.5923e-01
1.0800e+04,1.2822e-02,3.1722e+00,1.5002e+01,2.8259e+00,1.5923e-01
1.0810e+04,1.2764e-02,3.1721e+00,1.5002e+01,2.8260e+00,1.5923e-01
1.0820e+04,1.2707e-02,3.1721e+00,1.5002e+01,2.8261e+00,1.5924e-01
1.0830e+04,1.2649e-02,3.1720e+00,1.5002e+01,2.8261e+00,1.5924e-01
1.0840e+04,1.2592e-02,3.1720e+00,1.5002e+01,2.8262e+00,1.5925e-01
1.0850e+04,1.2536e-02,3.1719e+00,1.5002e+01,2.8262e+00,1.5925e-01
1.0860e+04,1.2479e-02,3.1718e+00,1.5002e+01,2.8263e+00,1.5925e-01
1.0870e+04,1.2423e-02,3.1718e+00,1.5002e+01,2.8263e+00,1.5926e-01
1.0880e+04,1.2367e-02,3.1717e+00,1.5002e+01,2.8264e+00,1.5926e-01
1.0890e+04,1.2311e-02,3.1717e+00,1.5002e+01,2.8264e+00,1.5927e-01
1.0900e+04,1.2256e-02,3.1716e+00,1.5002e+01,2.8265e+00,1.5927e-01
1.0910e+04,1.2200e-02,3.1716e+00,1.5002e+01,2.8265e+00,1.5928e-01
1.0920e+04,1.2145e-02,3.1715e+00,1.5002e+01,2.8266e+00,1.5928e-01
1.0930e+04,1.2091e-02,3.1715e+00,1.5002e+01,2.8266e+00,1.5928e-01
1.0940e+04,1.2036e-02,3.1714e+00,1.5002e+01,2.8267e+00,1.5929e-01
1.0950e+04,1.1982e-02,3.1714e+00,1.5002e+01,2.8267e+00,1.5929e-01
