t,[L2M],[D],[L],[L2MD],[L2Ms]
0.0000e+00,3.0000e+00,7.5000e+00,1.7500e+01,0.0000e+00,0.0000e+00
1.0000e+01,2.9724e+00,7.4749e+00,1.7502e+01,2.5029e-02,8.3569e-04
2.0000e+01,2.9468e+00,7.4501e+00,1.7502e+01,4.9817e-02,1.6661e-03
3.0000e+01,2.9215e+00,7.4256e+00,1.7502e+01,7.4312e-02,2.4894e-03
4.0000e+01,2.8965e+00,7.4014e+00,1.7502e+01,9.8518e-02,3.3057e-03
5.0000e+01,2.8717e+00,7.3775e+00,1.7502e+01,1.2244e-01,4.1151e-03
6.0000e+01,2.8473e+00,7.3538e+00,1.7502e+01,1.4609e-01,4.9176e-03
7.0000e+01,2.8231e+00,7.3304e+00,1.7502e+01,1.6945e-01,5.7133e-03
8.0000e+01,2.7992e+00,7.3073e+00,1.7502e+01,1.9255e-01,6.5023e-03
9.0000e+01,2.7756e+00,7.2845e+00,1.7502e+01,2.1539e-01,7.2847e-03
1.0000e+02,2.7523e+00,7.2619e+00,1.7502e+01,2.3796e-01,8.0605e-03
1.1000e+02,2.7292e+00,7.2396e+00,1.7502e+01,2.6027e-01,8.8299e-03
1.2000e+02,2.7064e+00,7.2175e+00,1.7502e+01,2.8233e-01,9.5929e-03
1.3000e+02,2.6838e+00,7.1957e+00,1.7502e+01,3.0414e-01,1.0349e-02
1.4000e+02,2.6615e+00,7.1741e+00,1.7502e+01,3.2571e-01,1.1100e-02
1.5000e+02,2.6394e+00,7.1527e+00,1.7502e+01,3.4703e-01,1.1844e-02
1.6000e+02,2.6176e+00,7.1316e+00,1.7502e+01,3.6812e-01,1.2582e-02
1.7000e+02,2.5960e+00,7.1108e+00,1.7502e+01,3.8897e-01,1.3314e-02
1.8000e+02,2.5747e+00,7.0902e+00,1.7502e+01,4.0959e-01,1.4040e-02
1.9000e+02,2.5535e+00,7.0698e+00,1.7502e+01,4.2998e-01,1.4760e-02
2.0000e+02,2.5327e+00,7.0496e+00,1.7502e+01,4.5015e-01,1.5474e-02
2.1000e+02,2.5120e+00,7.0296e+00,1.7502e+01,4.7009e-01,1.6183e-02
2.2000e+02,2.4916e+00,7.0099e+00,1.7502e+01,4.8982e-01,1.6885e-02
2.3000e+02,2.4714e+00,6.9903e+00,1.7502e+01,5.0934e-01,1.7582e-02
2.4000e+02,2.4514e+00,6.9710e+00,1.7502e+01,5.2864e-01,1.8274e-02
2.5000e+02,2.4316e+00,6.9519e+00,1.7502e+01,5.4774e-01,1.8959e-02
2.6000e+02,2.4120e+00,6.9330e+00,1.7502e+01,5.6663e-01,1.9640e-02
2.7000e+02,2.3926e+00,6.9143e+00,1.7502e+01,5.8532e-01,2.0315e-02
2.8000e+02,2.3735e+00,6.8958e+00,1.7502e+01,6.0381e-01,2.0984e-02
2.9000e+02,2.3545e+00,6.8775e+00,1.7502e+01,6.2211e-01,2.1648e-02
3.0000e+02,2.3358e+00,6.8594e+00,1.7502e+01,6.4021e-01,2.2307e-02
3.1000e+02,2.3172e+00,6.8415e+00,1.7502e+01,6.5812e-01,2.2961e-02
3.2000e+02,2.2988e+00,6.8237e+00,1.7502e+01,6.7585e-01,2.3609e-02
3.3000e+02,2.2806e+00,6.8062e+00,1.7502e+01,6.9339e-01,2.4253e-02
3.4000e+02,2.2627e+00,6.7888e+00,1.7502e+01,7.1074e-01,2.4891e-02
3.5000e+02,2.2448e+00,6.7716e+00,1.7502e+01,7.2792e-01,2.5524e-02
3.6000e+02,2.2272e+00,6.7546e+00,1.7502e+01,7.4492e-01,2.6153e-02
3.7000e+02,2.2098e+00,6.7378e+00,1.7502e+01,7.6174e-01,2.6776e-02
3.8000e+02,2.1925e+00,6.7211e+00,1.7502e+01,7.7840e-01,2.7395e-02
3.9000e+02,2.1754e+00,6.7046e+00,1.7502e+01,7.9488e-01,2.8009e-02
4.0000e+02,2.1585e+00,6.6883e+00,1.7502e+01,8.1119e-01,2.8618e-02
4.1000e+02,2.1417e+00,6.6722e+00,1.7502e+01,8.2734e-01,2.9222e-02
4.2000e+02,2.1251e+00,6.6562e+00,1.7502e+01,8.4333e-01,2.9822e-02
4.3000e+02,2.1087e+00,6.6403e+00,1.7502e+01,8.5915e-01,3.0417e-02
4.4000e+02,2.0925e+00,6.6247e+00,1.7502e+01,8.7482e-01,3.1007e-02
4.5000e+02,2.0764e+00,6.6091e+00,1.7502e+01,8.9032e-01,3.1593e-02
4.6000e+02,2.0604e+00,6.5938e+00,1.7502e+01,9.0568e-01,3.2175e-02
4.7000e+02,2.0447e+00,6.5786e+00,1.7502e+01,9.2088e-01,3.2752e-02
4.8000e+02,2.0290e+00,6.5635e+00,1.7502e+01,9.3593e-01,3.3324e-02
4.9000e+02,2.0136e+00,6.5486e+00,1.7502e+01,9.5084e-01,3.3893e-02
5.0000e+02,1.9982e+00,6.5338e+00,1.7502e+01,9.6559e-01,3.4457e-02
5.1000e+02,1.9831e+00,6.5192e+00,1.7502e+01,9.8020e-01,3.5016e-02
5.2000e+02,1.9680e+00,6.5047e+00,1.7502e+01,9.9467e-01,3.5572e-02
5.3000e+02,1.9532e+00,6.4904e+00,1.7502e+01,1.0090e+00,3.6123e-02
5.4000e+02,1.9384e+00,6.4762e+00,1.7502e+01,1.0232e+00,3.6670e-02
5.5000e+02,1.9238e+00,6.4621e+00,1.7502e+01,1.0372e+00,3.7213e-02
5.6000e+02,1.9094e+00,6.4482e+00,1.7502e+01,1.0512e+00,3.7752e-02
5.7000e+02,1.8951e+00,6.4344e+00,1.7502e+01,1.0649e+00,3.8287e-02
5.8000e+02,1.8809e+00,6.4208e+00,1.7502e+01,1.0786e+00,3.8818e-02
5.9000e+02,1.8668e+00,6.4072e+00,1.7502e+01,1.0921e+00,3.9345e-02
6.0000e+02,1.8529e+00,6.3938e+00,1.7502e+01,1.1055e+00,3.9868e-02
6.1000e+02,1.8391e+00,6.3806e+00,1.7502e+01,1.1188e+00,4.0388e-02
6.2000e+02,1.8255e+00,6.3674e+00,1.7502e+01,1.1319e+00,4.0903e-02
6.3000e+02,1.8119e+00,6.3544e+00,1.7502e+01,1.1449e+00,4.1415e-02
6.4000e+02,1.7985e+00,6.3415e+00,1.7502e+01,1.1578e+00,4.1922e-02
6.5000e+02,1.7853e+00,6.3287e+00,1.7502e+01,1.1706e+00,4.2426e-02
6.6000e+02,1.7721e+00,6.3161e+00,1.7502e+01,1.1833e+00,4.2927e-02
6.7000e+02,1.7591e+00,6.3035e+00,1.7502e+01,1.1958e+00,4.3423e-02
6.8000e+02,1.7462e+00,6.2911e+00,1.7502e+01,1.2082e+00,4.3916e-02
6.9000e+02,1.7334e+00,6.2788e+00,1.7502e+01,1.2205e+00,4.4406e-02
7.0000e+02,1.7207e+00,6.2666e+00,1.7502e+01,1.2327e+00,4.4892e-02
7.1000e+02,1.7081e+00,6.2545e+00,1.7502e+01,1.2448e+00,4.5374e-02
7.2000e+02,1.6957e+00,6.2425e+00,1.7502e+01,1.2567e+00,4.5853e-02
7.3000e+02,1.6834e+00,6.2307e+00,1.7502e+01,1.2686e+00,4.6328e-02
7.4000e+02,1.6711e+00,6.2189e+00,1.7502e+01,1.2804e+00,4.6800e-02
7.5000e+02,1.6590e+00,6.2072e+00,1.7502e+01,1.2920e+00,4.7269e-02
7.6000e+02,1.6470e+00,6.1957e+00,1.7502e+01,1.3035e+00,4.7734e-02
7.7000e+02,1.6351e+00,6.1843e+00,1.7502e+01,1.3150e+00,4.8196e-02
7.8000e+02,1.6233e+00,6.1729e+00,1.7502e+01,1.3263e+00,4.8654e-02
7.9000e+02,1.6116e+00,6.1617e+00,1.7502e+01,1.3375e+00,4.9109e-02
8.0000e+02,1.6001e+00,6.1506e+00,1.7502e+01,1.3487e+00,4.9561e-02
8.1000e+02,1.5886e+00,6.1395e+00,1.7502e+01,1.3597e+00,5.0010e-02
8.2000e+02,1.5772e+00,6.1286e+00,1.7502e+01,1.3706e+00,5.0455e-02
8.3000e+02,1.5659e+00,6.1177e+00,1.7502e+01,1.3814e+00,5.0898e-02
8.4000e+02,1.5548e+00,6.1070e+00,1.7502e+01,1.3922e+00,5.1337e-02
8.5000e+02,1.5437e+00,6.0964e+00,1.7502e+01,1.4028e+00,5.1773e-02
8.6000e+02,1.5327e+00,6.0858e+00,1.7502e+01,1.4134e+00,5.2206e-02
8.7000e+02,1.5218e+00,6.0753e+00,1.7502e+01,1.4238e+00,5.2635e-02
8.8000e+02,1.5110e+00,6.0650e+00,1.7502e+01,1.4342e+00,5.3062e-02
8.9000e+02,1.5003e+00,6.0547e+00,1.7502e+01,1.4445e+00,5.3486e-02
9.0000e+02,1.4897e+00,6.0445e+00,1.7502e+01,1.4547e+00,5.3907e-02
9.1000e+02,1.4792e+00,6.0344e+00,1.7502e+01,1.4647e+00,5.4325e-02
9.2000e+02,1.4688e+00,6.0244e+00,1.7502e+01,1.4748e+00,5.4740e-02
9.3000e+02,1.4585e+00,6.0145e+00,1.7502e+01,1.4847e+00,5.5152e-02
9.4000e+02,1.4482e+00,6.0046e+00,1.7502e+01,1.4945e+00,5.5561e-02
9.5000e+02,1.4381e+00,5.9949e+00,1.7502e+01,1.5043e+00,5.5967e-02
9.6000e+02,1.4280e+00,5.9852e+00,1.7502e+01,1.5139e+00,5.6370e-02
9.7000e+02,1.4180e+00,5.9756e+00,1.7502e+01,1.5235e+00,5.6771e-02
9.8000e+02,1.4081e+00,5.9661e+00,1.7502e+01,1.5330e+00,5.7169e-02
9.9000e+02,1.3983e+00,5.9567e+00,1.7502e+01,1.5424e+00,5.7564e-02
1.0000e+03,1.3886e+00,5.9473e+00,1.7502e+01,1.5518e+00,5.7956e-02
1.0100e+03,1.3789e+00,5.9381e+00,1.7502e+01,1.5610e+00,5.8346e-02
1.0200e+03,1.3693e+00,5.9289e+00,1.7502e+01,1.5702e+00,5.8733e-02
1.0300e+03,1.3599e+00,5.9198e+00,1.7502e+01,1.5793e+00,5.9117e-02
1.0400e+03,1.3504e+00,5.9107e+00,1.7502e+01,1.5883e+00,5.9498e-02
1.0500e+03,1.3411e+00,5.9018e+00,1.7502e+01,1.5973e+00,5.9877e-02
1.0600e+03,1.3319e+00,5.8929e+00,1.7502e+01,1.6062e+00,6.0254e-02
1.0700e+03,1.3227e+00,5.8841e+00,1.7502e+01,1.6150e+00,6.0627e-02
1.0800e+03,1.3136e+00,5.8754e+00,1.7502e+01,1.6237e+00,6.0999e-02
1.0900e+03,1.3046e+00,5.8667e+00,1.7502e+01,1.6324e+00,6.1367e-02
1.1000e+03,1.2956e+00,5.8581e+00,1.7502e+01,1.6409e+00,6.1733e-02
1.1100e+03,1.2867e+00,5.8496e+00,1.7502e+01,1.6495e+00,6.2097e-02
1.1200e+03,1.2779e+00,5.8411e+00,1.7502e+01,1.6579e+00,6.2458e-02
1.1300e+03,1.2692e+00,5.8328e+00,1.7502e+01,1.6663e+00,6.2817e-02
1.1400e+03,1.2605e+00,5.8245e+00,1.7502e+01,1.6746e+00,6.3173e-02
1.1500e+03,1.2519e+00,5.8162e+00,1.7502e+01,1.6828e+00,6.3527e-02
1.1600e+03,1.2434e+00,5.8080e+00,1.7502e+01,1.6910e+00,6.3878e-02
1.1700e+03,1.2350e+00,5.7999e+00,1.7502e+01,1.6991e+00,6.4227e-02
1.1800e+03,1.2266e+00,5.7919e+00,1.7502e+01,1.7071e+00,6.4574e-02
1.1900e+03,1.2183e+00,5.7839e+00,1.7502e+01,1.7151e+00,6.4918e-02
1.2000e+03,1.2100e+00,5.7760e+00,1.7502e+01,1.7230e+00,6.5260e-02
1.2100e+03,1.2018e+00,5.7682e+00,1.7502e+01,1.7308e+00,6.5600e-02
1.2200e+03,1.1937e+00,5.7604e+00,1.7502e+01,1.7386e+00,6.5937e-02
1.2300e+03,1.1857e+00,5.7527e+00,1.7502e+01,1.7463e+00,6.6272e-02
1.2400e+03,1.1777e+00,5.7450e+00,1.7502e+01,1.7540e+00,6.6605e-02
1.2500e+03,1.1698e+00,5.7374e+00,1.7502e+01,1.7616e+00,6.6935e-02
1.2600e+03,1.1619e+00,5.7299e+00,1.7502e+01,1.7691e+00,6.7264e-02
1.2700e+03,1.1541e+00,5.7224e+00,1.7502e+01,1.7766e+00,6.7590e-02
1.2800e+03,1.1464e+00,5.7150e+00,1.7502e+01,1.7840e+00,6.7914e-02
1.2900e+03,1.1387e+00,5.7076e+00,1.7502e+01,1.7914e+00,6.8236e-02
1.3000e+03,1.1311e+00,5.7003e+00,1.7502e+01,1.7986e+00,6.8556e-02
1.3100e+03,1.1235e+00,5.6931e+00,1.7502e+01,1.8059e+00,6.8873e-02
1.3200e+03,1.1160e+00,5.6859e+00,1.7502e+01,1.8131e+00,6.9189e-02
1.3300e+03,1.1086e+00,5.6788e+00,1.7502e+01,1.8202e+00,6.9502e-02
1.3400e+03,1.1012e+00,5.6717e+00,1.7502e+01,1.8272e+00,6.9813e-02
1.3500e+03,1.0939e+00,5.6647e+00,1.7502e+01,1.8343e+00,7.0122e-02
1.3600e+03,1.0866e+00,5.6577e+00,1.7502e+01,1.8412e+00,7.0430e-02
1.3700e+03,1.0794e+00,5.6508e+00,1.7502e+01,1.8481e+00,7.0735e-02
1.3800e+03,1.0723e+00,5.6440e+00,1.7502e+01,1.8550e+00,7.1038e-02
1.3900e+03,1.0652e+00,5.6372e+00,1.7502e+01,1.8618e+00,7.1339e-02
1.4000e+03,1.0582e+00,5.6304e+00,1.7502e+01,1.8685e+00,7.1638e-02
1.4100e+03,1.0512e+00,5.6237e+00,1.7502e+01,1.8752e+00,7.1935e-02
1.4200e+03,1.0442e+00,5.6171e+00,1.7502e+01,1.8818e+00,7.2230e-02
1.4300e+03,1.0374e+00,5.6105e+00,1.7502e+01,1.8884e+00,7.2524e-02
1.4400e+03,1.0305e+00,5.6040e+00,1.7502e+01,1.8949e+00,7.2815e-02
1.4500e+03,1.0238e+00,5.5975e+00,1.7502e+01,1.9014e+00,7.3104e-02
1.4600e+03,1.0170e+00,5.5910e+00,1.7502e+01,1.9079e+00,7.3392e-02
1.4700e+03,1.0104e+00,5.5847e+00,1.7502e+01,1.9142e+00,7.3677e-02
1.4800e+03,1.0037e+00,5.5783e+00,1.7502e+01,1.9206e+00,7.3961e-02
1.4900e+03,9.9718e-01,5.5720e+00,1.7502e+01,1.9269e+00,7.4243e-02
1.5000e+03,9.9066e-01,5.5658e+00,1.7502e+01,1.9331e+00,7.4523e-02
1.5100e+03,9.8419e-01,5.5596e+00,1.7502e+01,1.9393e+00,7.4801e-02
1.5200e+03,9.7777e-01,5.5534e+00,1.7502e+01,1.9454e+00,7.5078e-02
1.5300e+03,9.7140e-01,5.5473e+00,1.7502e+01,1.9515e+00,7.5352e-02
1.5400e+03,9.6508e-01,5.5413e+00,1.7502e+01,1.9576e+00,7.5625e-02
1.5500e+03,9.5880e-01,5.5353e+00,1.7502e+01,1.9636e+00,7.5896e-02
1.5600e+03,9.5257e-01,5.5293e+00,1.7502e+01,1.9695e+00,7.6166e-02
1.5700e+03,9.4639e-01,5.5234e+00,1.7502e+01,1.9755e+00,7.6433e-02
1.5800e+03,9.4025e-01,5.5175e+00,1.7502e+01,1.9813e+00,7.6699e-02
1.5900e+03,9.3416e-01,5.5117e+00,1.7502e+01,1.9872e+00,7.6963e-02
1.6000e+03,9.2812e-01,5.5059e+00,1.7502e+01,1.9929e+00,7.7226e-02
1.6100e+03,9.2212e-01,5.5002e+00,1.7502e+01,1.9987e+00,7.7486e-02
1.6200e+03,9.1616e-01,5.4945e+00,1.7502e+01,2.0044e+00,7.7745e-02
1.6300e+03,9.1025e-01,5.4888e+00,1.7502e+01,2.0100e+00,7.8003e-02
1.6400e+03,9.0439e-01,5.4832e+00,1.7502e+01,2.0156e+00,7.8258e-02
1.6500e+03,8.9856e-01,5.4776e+00,1.7502e+01,2.0212e+00,7.8513e-02
1.6600e+03,8.9278e-01,5.4721e+00,1.7502e+01,2.0267e+00,7.8765e-02
1.6700e+03,8.8704e-01,5.4666e+00,1.7502e+01,2.0322e+00,7.9016e-02
1.6800e+03,8.8135e-01,5.4612e+00,1.7502e+01,2.0377e+00,7.9265e-02
1.6900e+03,8.7569e-01,5.4557e+00,1.7502e+01,2.0431e+00,7.9513e-02
1.7000e+03,8.7008e-01,5.4504e+00,1.7502e+01,2.0484e+00,7.9759e-02
1.7100e+03,8.6451e-01,5.4450e+00,1.7502e+01,2.0538e+00,8.0003e-02
1.7200e+03,8.5898e-01,5.4398e+00,1.7502e+01,2.0591e+00,8.0246e-02
1.7300e+03,8.5349e-01,5.4345e+00,1.7502e+01,2.0643e+00,8.0487e-02
1.7400e+03,8.4804e-01,5.4293e+00,1.7502e+01,2.0695e+00,8.0727e-02
1.7500e+03,8.4263e-01,5.4241e+00,1.7502e+01,2.0747e+00,8.0965e-02
1.7600e+03,8.3726e-01,5.4190e+00,1.7502e+01,2.0798e+00,8.1202e-02
1.7700e+03,8.3193e-01,5.4139e+00,1.7502e+01,2.0849e+00,8.1437e-02
1.7800e+03,8.2663e-01,5.4088e+00,1.7502e+01,2.0900e+00,8.1671e-02
1.7900e+03,8.2138e-01,5.4038e+00,1.7502e+01,2.0950e+00,8.1903e-02
1.8000e+03,8.1616e-01,5.3988e+00,1.7502e+01,2.1000e+00,8.2134e-02
1.8100e+03,8.1098e-01,5.3938e+00,1.7502e+01,2.1049e+00,8.2364e-02
1.8200e+03,8.0584e-01,5.3889e+00,1.7502e+01,2.1099e+00,8.2591e-02
1.8300e+03,8.0073e-01,5.3840e+00,1.7502e+01,2.1147e+00,8.2818e-02
1.8400e+03,7.9566e-01,5.3792e+00,1.7502e+01,2.1196e+00,8.3043e-02
1.8500e+03,7.9063e-01,5.3744e+00,1.7502e+01,2.1244e+00,8.3267e-02
1.8600e+03,7.8563e-01,5.3696e+00,1.7502e+01,2.1292e+00,8.3489e-02
1.8700e+03,7.8067e-01,5.3649e+00,1.7502e+01,2.1339e+00,8.3709e-02
1.8800e+03,7.7575e-01,5.3602e+00,1.7502e+01,2.1386e+00,8.3929e-02
1.8900e+03,7.7086e-01,5.3555e+00,1.7502e+01,2.1433e+00,8.4147e-02
1.9000e+03,7.6600e-01,5.3508e+00,1.7502e+01,2.1479e+00,8.4363e-02
1.9100e+03,7.6118e-01,5.3462e+00,1.7502e+01,2.1525e+00,8.4579e-02
1.9200e+03,7.5640e-01,5.3417e+00,1.7502e+01,2.1571e+00,8.4793e-02
1.9300e+03,7.5164e-01,5.3371e+00,1.7502e+01,2.1616e+00,8.5005e-02
1.9400e+03,7.4692e-01,5.3326e+00,1.7502e+01,2.1661e+00,8.5217e-02
1.9500e+03,7.4224e-01,5.3281e+00,1.7502e+01,2.1706e+00,8.5426e-02
1.9600e+03,7.3759e-01,5.3237e+00,1.7502e+01,2.1751e+00,8.5635e-02
1.9700e+03,7.3297e-01,5.3193e+00,1.7502e+01,2.1795e+00,8.5842e-02
1.9800e+03,7.2838e-01,5.3149e+00,1.7502e+01,2.1839e+00,8.6048e-02
1.9900e+03,7.2382e-01,5.3105e+00,1.7502e+01,2.1882e+00,8.6253e-02
2.0000e+03,7.1930e-01,5.3062e+00,1.7502e+01,2.1925e+00,8.6456e-02
2.0100e+03,7.1481e-01,5.3019e+00,1.7502e+01,2.1968e+00,8.6659e-02
2.0200e+03,7.1035e-01,5.2977e+00,1.7502e+01,2.2011e+00,8.6860e-02
2.0300e+03,7.0592e-01,5.2934e+00,1.7502e+01,2.2053e+00,8.7059e-02
2.0400e+03,7.0152e-01,5.2892e+00,1.7502e+01,2.2095e+00,8.7258e-02
2.0500e+03,6.9715e-01,5.2851e+00,1.7502e+01,2.2137e+00,8.7455e-02
2.0600e+03,6.9282e-01,5.2809e+00,1.7502e+01,2.2178e+00,8.7651e-02
2.0700e+03,6.8851e-01,5.2768e+00,1.7502e+01,2.2219e+00,8.7846e-02
2.0800e+03,6.8423e-01,5.2727e+00,1.7502e+01,2.2260e+00,8.8039e-02
2.0900e+03,6.7999e-01,5.2687e+00,1.7502e+01,2.2301e+00,8.8231e-02
2.1000e+03,6.7577e-01,5.2646e+00,1.7502e+01,2.2341e+00,8.8423e-02
2.1100e+03,6.7158e-01,5.2606e+00,1.7502e+01,2.2381e+00,8.8613e-02
2.1200e+03,6.6742e-01,5.2566e+00,1.7502e+01,2.2421e+00,8.8801e-02
2.1300e+03,6.6329e-01,5.2527e+00,1.7502e+01,2.2460e+00,8.8989e-02
2.1400e+03,6.5919e-01,5.2488e+00,1.7502e+01,2.2499e+00,8.9175e-02
2.1500e+03,6.5511e-01,5.2449e+00,1.7502e+01,2.2538e+00,8.9361e-02
2.1600e+03,6.5107e-01,5.2410e+00,1.7502e+01,2.2577e+00,8.9545e-02
2.1700e+03,6.4705e-01,5.2372e+00,1.7502e+01,2.2615e+00,8.9728e-02
2.1800e+03,6.4306e-01,5.2334e+00,1.7502e+01,2.2653e+00,8.9910e-02
2.1900e+03,6.3909e-01,5.2296e+00,1.7502e+01,2.2691e+00,9.0091e-02
2.2000e+03,6.3516e-01,5.2258e+00,1.7502e+01,2.2729e+00,9.0270e-02
2.2100e+03,6.3125e-01,5.2221e+00,1.7502e+01,2.2766e+00,9.0449e-02
2.2200e+03,6.2736e-01,5.2184e+00,1.7502e+01,2.2803e+00,9.0626e-02
2.2300e+03,6.2351e-01,5.2147e+00,1.7502e+01,2.2840e+00,9.0803e-02
2.2400e+03,6.1968e-01,5.2111e+00,1.7502e+01,2.2876e+00,9.0978e-02
2.2500e+03,6.1587e-01,5.2074e+00,1.7502e+01,2.2913e+00,9.1152e-02
2.2600e+03,6.1209e-01,5.2038e+00,1.7502e+01,2.2949e+00,9.1325e-02
2.2700e+03,6.0834e-01,5.2002e+00,1.7502e+01,2.2985e+00,9.1497e-02
2.2800e+03,6.0461e-01,5.1967e+00,1.7502e+01,2.3020e+00,9.1668e-02
2.2900e+03,6.0091e-01,5.1931e+00,1.7502e+01,2.3055e+00,9.1838e-02
2.3000e+03,5.9723e-01,5.1896e+00,1.7502e+01,2.3090e+00,9.2007e-02
2.3100e+03,5.9358e-01,5.1861e+00,1.7502e+01,2.3125e+00,9.2175e-02
2.3200e+03,5.8995e-01,5.1827e+00,1.7502e+01,2.3160e+00,9.2342e-02
2.3300e+03,5.8635e-01,5.1792e+00,1.7502e+01,2.3194e+00,9.2508e-02
2.3400e+03,5.8277e-01,5.1758e+00,1.7502e+01,2.3228e+00,9.2673e-02
2.3500e+03,5.7921e-01,5.1724e+00,1.7502e+01,2.3262e+00,9.2837e-02
2.3600e+03,5.7568e-01,5.1691e+00,1.7502e+01,2.3296e+00,9.3000e-02
2.3700e+03,5.7218e-01,5.1657e+00,1.7502e+01,2.3330e+00,9.3161e-02
2.3800e+03,5.6869e-01,5.1624e+00,1.7502e+01,2.3363e+00,9.3322e-02
2.3900e+03,5.6523e-01,5.1591e+00,1.7502e+01,2.3396e+00,9.3482e-02
2.4000e+03,5.6179e-01,5.1558e+00,1.7502e+01,2.3429e+00,9.3641e-02
2.4100e+03,5.5838e-01,5.1525e+00,1.7502e+01,2.3461e+00,9.3799e-02
2.4200e+03,5.5499e-01,5.1493e+00,1.7502e+01,2.3493e+00,9.3956e-02
2.4300e+03,5.5162e-01,5.1461e+00,1.7502e+01,2.3526e+00,9.4112e-02
2.4400e+03,5.4827e-01,5.1429e+00,1.7502e+01,2.3558e+00,9.4267e-02
2.4500e+03,5.4494e-01,5.1397e+00,1.7502e+01,2.3589e+00,9.4422e-02
2.4600e+03,5.4164e-01,5.1366e+00,1.7502e+01,2.3621e+00,9.4575e-02
2.4700e+03,5.3836e-01,5.1334e+00,1.7502e+01,2.3652e+00,9.4727e-02
2.4800e+03,5.3510e-01,5.1303e+00,1.7502e+01,2.3683e+00,9.4878e-02
2.4900e+03,5.3186e-01,5.1272e+00,1.7502e+01,2.3714e+00,9.5029e-02
2.5000e+03,5.2865e-01,5.1242e+00,1.7502e+01,2.3745e+00,9.5178e-02
2.5100e+03,5.2545e-01,5.1211e+00,1.7502e+01,2.3775e+00,9.5327e-02
2.5200e+03,5.2228e-01,5.1181e+00,1.7502e+01,2.3805e+00,9.5475e-02
2.5300e+03,5.1913e-01,5.1151e+00,1.7502e+01,2.3835e+00,9.5622e-02
2.5400e+03,5.1600e-01,5.1121e+00,1.7502e+01,2.3865e+00,9.5768e-02
2.5500e+03,5.1288e-01,5.1091e+00,1.7502e+01,2.3895e+00,9.5913e-02
2.5600e+03,5.0979e-01,5.1062e+00,1.7502e+01,2.3924e+00,9.6057e-02
2.5700e+03,5.0672e-01,5.1033e+00,1.7502e+01,2.3954e+00,9.6200e-02
2.5800e+03,5.0367e-01,5.1004e+00,1.7502e+01,2.3983e+00,9.6343e-02
2.5900e+03,5.0064e-01,5.0975e+00,1.7502e+01,2.4012e+00,9.6485e-02
2.6000e+03,4.9763e-01,5.0946e+00,1.7502e+01,2.4040e+00,9.6625e-02
2.6100e+03,4.9464e-01,5.0917e+00,1.7502e+01,2.4069e+00,9.6765e-02
2.6200e+03,4.9167e-01,5.0889e+00,1.7502e+01,2.4097e+00,9.6904e-02
2.6300e+03,4.8871e-01,5.0861e+00,1.7502e+01,2.4125e+00,9.7043e-02
2.6400e+03,4.8578e-01,5.0833e+00,1.7502e+01,2.4153e+00,9.7180e-02
2.6500e+03,4.8287e-01,5.0805e+00,1.7502e+01,2.4181e+00,9.7317e-02
2.6600e+03,4.7997e-01,5.0778e+00,1.7502e+01,2.4209e+00,9.7453e-02
2.6700e+03,4.7710e-01,5.0750e+00,1.7502e+01,2.4236e+00,9.7588e-02
2.6800e+03,4.7424e-01,5.0723e+00,1.7502e+01,2.4263e+00,9.7722e-02
2.6900e+03,4.7140e-01,5.0696e+00,1.7502e+01,2.4290e+00,9.7855e-02
2.7000e+03,4.6858e-01,5.0669e+00,1.7502e+01,2.4317e+00,9.7988e-02
2.7100e+03,4.6578e-01,5.0642e+00,1.7502e+01,2.4344e+00,9.8120e-02
2.7200e+03,4.6299e-01,5.0616e+00,1.7502e+01,2.4370e+00,9.8251e-02
2.7300e+03,4.6023e-01,5.0589e+00,1.7502e+01,2.4397e+00,9.8381e-02
2.7400e+03,4.5748e-01,5.0563e+00,1.7502e+01,2.4423e+00,9.8510e-02
2.7500e+03,4.5475e-01,5.0537e+00,1.7502e+01,2.4449e+00,9.8639e-02
2.7600e+03,4.5204e-01,5.0511e+00,1.7502e+01,2.4475e+00,9.8767e-02
2.7700e+03,4.4934e-01,5.0485e+00,1.7502e+01,2.4501e+00,9.8894e-02
2.7800e+03,4.4666e-01,5.0460e+00,1.7502e+01,2.4526e+00,9.9020e-02
2.7900e+03,4.4400e-01,5.0435e+00,1.7502e+01,2.4551e+00,9.9146e-02
2.8000e+03,4.4136e-01,5.0409e+00,1.7502e+01,2.4577e+00,9.9271e-02
2.8100e+03,4.3873e-01,5.0384e+00,1.7502e+01,2.4602e+00,9.9395e-02
2.8200e+03,4.3612e-01,5.0359e+00,1.7502e+01,2.4626e+00,9.9518e-02
2.8300e+03,4.3353e-01,5.0335e+00,1.7502e+01,2.4651e+00,9.9641e-02
2.8400e+03,4.3095e-01,5.0310e+00,1.7502e+01,2.4676e+00,9.9763e-02
2.8500e+03,4.2839e-01,5.0286e+00,1.7502e+01,2.4700e+00,9.9884e-02
2.8600e+03,4.2585e-01,5.0262e+00,1.7502e+01,2.4724e+00,1.0000e-01
2.8700e+03,4.2332e-01,5.0237e+00,1.7502e+01,2.4748e+00,1.0012e-01
2.8800e+03,4.2081e-01,5.0213e+00,1.7502e+01,2.4772e+00,1.0024e-01
2.8900e+03,4.1831e-01,5.0190e+00,1.7502e+01,2.4796e+00,1.0036e-01
2.9000e+03,4.1584e-01,5.0166e+00,1.7502e+01,2.4820e+00,1.0048e-01
2.9100e+03,4.1337e-01,5.0143e+00,1.7502e+01,2.4843e+00,1.0060e-01
2.9200e+03,4.1092e-01,5.0119e+00,1.7502e+01,2.4867e+00,1.0071e-01
2.9300e+03,4.0849e-01,5.0096e+00,1.7502e+01,2.4890e+00,1.0083e-01
2.9400e+03,4.0607e-01,5.0073e+00,1.7502e+01,2.4913e+00,1.0094e-01
2.9500e+03,4.0367e-01,5.0050e+00,1.7502e+01,2.4936e+00,1.0106e-01
2.9600e+03,4.0129e-01,5.0027e+00,1.7502e+01,2.4958e+00,1.0117e-01
2.9700e+03,3.9891e-01,5.0005e+00,1.7502e+01,2.4981e+00,1.0128e-01
2.9800e+03,3.9656e-01,4.9982e+00,1.7502e+01,2.5003e+00,1.0140e-01
2.9900e+03,3.9422e-01,4.9960e+00,1.7502e+01,2.5026e+00,1.0151e-01
3.0000e+03,3.9189e-01,4.9938e+00,1.7502e+01,2.5048e+00,1.0162e-01
3.0100e+03,3.8958e-01,4.9916e+00,1.7502e+01,2.5070e+00,1.0173e-01
3.0200e+03,3.8728e-01,4.9894e+00,1.7502e+01,2.5092e+00,1.0184e-01
3.0300e+03,3.8500e-01,4.9872e+00,1.7502e+01,2.5113e+00,1.0195e-01
3.0400e+03,3.8273e-01,4.9851e+00,1.7502e+01,2.5135e+00,1.0206e-01
3.0500e+03,3.8048e-01,4.9829e+00,1.7502e+01,2.5156e+00,1.0216e-01
3.0600e+03,3.7824e-01,4.9808e+00,1.7502e+01,2.5178e+00,1.0227e-01
3.0700e+03,3.7601e-01,4.9787e+00,1.7502e+01,2.5199e+00,1.0238e-01
3.0800e+03,3.7380e-01,4.9766e+00,1.7502e+01,2.5220e+00,1.0248e-01
3.0900e+03,3.7160e-01,4.9745e+00,1.7502e+01,2.5241e+00,1.0259e-01
3.1000e+03,3.6942e-01,4.9724e+00,1.7502e+01,2.5262e+00,1.0269e-01
3.1100e+03,3.6724e-01,4.9703e+00,1.7502e+01,2.5282e+00,1.0280e-01
3.1200e+03,3.6509e-01,4.9683e+00,1.7502e+01,2.5303e+00,1.0290e-01
3.1300e+03,3.6294e-01,4.9662e+00,1.7502e+01,2.5323e+00,1.0300e-01
3.1400e+03,3.6081e-01,4.9642e+00,1.7502e+01,2.5344e+00,1.0310e-01
3.1500e+03,3.5870e-01,4.9622e+00,1.7502e+01,2.5364e+00,1.0321e-01
3.1600e+03,3.5659e-01,4.9602e+00,1.7502e+01,2.5384e+00,1.0331e-01
3.1700e+03,3.5450e-01,4.9582e+00,1.7502e+01,2.5404e+00,1.0341e-01
3.1800e+03,3.5243e-01,4.9562e+00,1.7502e+01,2.5424e+00,1.0351e-01
3.1900e+03,3.5036e-01,4.9542e+00,1.7502e+01,2.5443e+00,1.0361e-01
3.2000e+03,3.4831e-01,4.9523e+00,1.7502e+01,2.5463e+00,1.0370e-01
3.2100e+03,3.4627e-01,4.9503e+00,1.7502e+01,2.5482e+00,1.0380e-01
3.2200e+03,3.4425e-01,4.9484e+00,1.7502e+01,2.5501e+00,1.0390e-01
3.2300e+03,3.4223e-01,4.9465e+00,1.7502e+01,2.5521e+00,1.0400e-01
3.2400e+03,3.4023e-01,4.9446e+00,1.7502e+01,2.5540e+00,1.0409e-01
3.2500e+03,3.3824e-01,4.9427e+00,1.7502e+01,2.5559e+00,1.0419e-01
3.2600e+03,3.3627e-01,4.9408e+00,1.7502e+01,2.5577e+00,1.0428e-01
3.2700e+03,3.3430e-01,4.9389e+00,1.7502e+01,2.5596e+00,1.0438e-01
3.2800e+03,3.3235e-01,4.9371e+00,1.7502e+01,2.5615e+00,1.0447e-01
3.2900e+03,3.3041e-01,4.9352e+00,1.7502e+01,2.5633e+00,1.0457e-01
3.3000e+03,3.2848e-01,4.9334e+00,1.7502e+01,2.5651e+00,1.0466e-01
3.3100e+03,3.2657e-01,4.9316e+00,1.7502e+01,2.5670e+00,1.0475e-01
3.3200e+03,3.2466e-01,4.9297e+00,1.7502e+01,2.5688e+00,1.0484e-01
3.3300e+03,3.2277e-01,4.9279e+00,1.7502e+01,2.5706e+00,1.0493e-01
3.3400e+03,3.2089e-01,4.9262e+00,1.7502e+01,2.5724e+00,1.0503e-01
3.3500e+03,3.1902e-01,4.9244e+00,1.7502e+01,2.5742e+00,1.0512e-01
3.3600e+03,3.1716e-01,4.9226e+00,1.7502e+01,2.5759e+00,1.0521e-01
3.3700e+03,3.1532e-01,4.9208e+00,1.7502e+01,2.5777e+00,1.0530e-01
3.3800e+03,3.1348e-01,4.9191e+00,1.7502e+01,2.5794e+00,1.0538e-01
3.3900e+03,3.1166e-01,4.9174e+00,1.7502e+01,2.5812e+00,1.0547e-01
3.4000e+03,3.0985e-01,4.9156e+00,1.7502e+01,2.5829e+00,1.0556e-01
3.4100e+03,3.0804e-01,4.9139e+00,1.7502e+01,2.5846e+00,1.0565e-01
3.4200e+03,3.0625e-01,4.9122e+00,1.7502e+01,2.5863e+00,1.0573e-01
3.4300e+03,3.0448e-01,4.9105e+00,1.7502e+01,2.5880e+00,1.0582e-01
3.4400e+03,3.0271e-01,4.9088e+00,1.7502e+01,2.5897e+00,1.0591e-01
3.4500e+03,3.0095e-01,4.9072e+00,1.7502e+01,2.5913e+00,1.0599e-01
3.4600e+03,2.9920e-01,4.9055e+00,1.7502e+01,2.5930e+00,1.0608e-01
3.4700e+03,2.9747e-01,4.9039e+00,1.7502e+01,2.5947e+00,1.0616e-01
3.4800e+03,2.9574e-01,4.9022e+00,1.7502e+01,2.5963e+00,1.0624e-01
3.4900e+03,2.9403e-01,4.9006e+00,1.7502e+01,2.5979e+00,1.0633e-01
3.5000e+03,2.9232e-01,4.8990e+00,1.7502e+01,2.5996e+00,1.0641e-01
3.5100e+03,2.9063e-01,4.8973e+00,1.7502e+01,2.6012e+00,1.0649e-01
3.5200e+03,2.8895e-01,4.8957e+00,1.7502e+01,2.6028e+00,1.0657e-01
3.5300e+03,2.8727e-01,4.8942e+00,1.7502e+01,2.6044e+00,1.0665e-01
3.5400e+03,2.8561e-01,4.8926e+00,1.7502e+01,2.6059e+00,1.0674e-01
3.5500e+03,2.8396e-01,4.8910e+00,1.7502e+01,2.6075e+00,1.0682e-01
3.5600e+03,2.8231e-01,4.8894e+00,1.7502e+01,2.6091e+00,1.0690e-01
3.5700e+03,2.8068e-01,4.8879e+00,1.7502e+01,2.6106e+00,1.0698e-01
3.5800e+03,2.7906e-01,4.8863e+00,1.7502e+01,2.6122e+00,1.0705e-01
3.5900e+03,2.7744e-01,4.8848e+00,1.7502e+01,2.6137e+00,1.0713e-01
3.6000e+03,2.7584e-01,4.8833e+00,1.7502e+01,2.6152e+00,1.0721e-01
3.6100e+03,2.7425e-01,4.8818e+00,1.7502e+01,2.6168e+00,1.0729e-01
3.6200e+03,2.7266e-01,4.8802e+00,1.7502e+01,2.6183e+00,1.0737e-01
3.6300e+03,2.7109e-01,4.8787e+00,1.7502e+01,2.6198e+00,1.0744e-01
3.6400e+03,2.6952e-01,4.8773e+00,1.7502e+01,2.6212e+00,1.0752e-01
3.6500e+03,2.6797e-01,4.8758e+00,1.7502e+01,2.6227e+00,1.0759e-01
3.6600e+03,2.6642e-01,4.8743e+00,1.7502e+01,2.6242e+00,1.0767e-01
3.6700e+03,2.6489e-01,4.8728e+00,1.7502e+01,2.6257e+00,1.0774e-01
3.6800e+03,2.6336e-01,4.8714e+00,1.7502e+01,2.6271e+00,1.0782e-01
3.6900e+03,2.6184e-01,4.8699e+00,1.7502e+01,2.6286e+00,1.0789e-01
3.7000e+03,2.6033e-01,4.8685e+00,1.7502e+01,2.6300e+00,1.0797e-01
3.7100e+03,2.5883e-01,4.8671e+00,1.7502e+01,2.6314e+00,1.0804e-01
3.7200e+03,2.5734e-01,4.8657e+00,1.7502e+01,2.6328e+00,1.0811e-01
3.7300e+03,2.5586e-01,4.8643e+00,1.7502e+01,2.6342e+00,1.0819e-01
3.7400e+03,2.5439e-01,4.8629e+00,1.7502e+01,2.6356e+00,1.0826e-01
3.7500e+03,2.5292e-01,4.8615e+00,1.7502e+01,2.6370e+00,1.0833e-01
3.7600e+03,2.5147e-01,4.8601e+00,1.7502e+01,2.6384e+00,1.0840e-01
3.7700e+03,2.5002e-01,4.8587e+00,1.7502e+01,2.6398e+00,1.0847e-01
3.7800e+03,2.4859e-01,4.8573e+00,1.7502e+01,2.6412e+00,1.0854e-01
3.7900e+03,2.4716e-01,4.8560e+00,1.7502e+01,2.6425e+00,1.0861e-01
3.8000e+03,2.4574e-01,4.8546e+00,1.7502e+01,2.6439e+00,1.0868e-01
3.8100e+03,2.4432e-01,4.8533e+00,1.7502e+01,2.6452e+00,1.0875e-01
3.8200e+03,2.4292e-01,4.8519e+00,1.7502e+01,2.6465e+00,1.0882e-01
3.8300e+03,2.4153e-01,4.8506e+00,1.7502e+01,2.6479e+00,1.0889e-01
3.8400e+03,2.4014e-01,4.8493e+00,1.7502e+01,2.6492e+00,1.0896e-01
3.8500e+03,2.3876e-01,4.8480e+00,1.7502e+01,2.6505e+00,1.0902e-01
3.8600e+03,2.3739e-01,4.8467e+00,1.7502e+01,2.6518e+00,1.0909e-01
3.8700e+03,2.3603e-01,4.8454e+00,1.7502e+01,2.6531e+00,1.0916e-01
3.8800e+03,2.3467e-01,4.8441e+00,1.7502e+01,2.6544e+00,1.0922e-01
3.8900e+03,2.3333e-01,4.8428e+00,1.7502e+01,2.6557e+00,1.0929e-01
3.9000e+03,2.3199e-01,4.8415e+00,1.7502e+01,2.6569e+00,1.0935e-01
3.9100e+03,2.3066e-01,4.8403e+00,1.7502e+01,2.6582e+00,1.0942e-01
3.9200e+03,2.2934e-01,4.8390e+00,1.7502e+01,2.6595e+00,1.0949e-01
3.9300e+03,2.2803e-01,4.8378e+00,1.7502e+01,2.6607e+00,1.0955e-01
3.9400e+03,2.2672e-01,4.8365e+00,1.7502e+01,2.6620e+00,1.0961e-01
3.9500e+03,2.2542e-01,4.8353e+00,1.7502e+01,2.6632e+00,1.0968e-01
3.9600e+03,2.2413e-01,4.8341e+00,1.7502e+01,2.6644e+00,1.0974e-01
3.9700e+03,2.2285e-01,4.8328e+00,1.7502e+01,2.6656e+00,1.0980e-01
3.9800e+03,2.2157e-01,4.8316e+00,1.7502e+01,2.6668e+00,1.0987e-01
3.9900e+03,2.2031e-01,4.8304e+00,1.7502e+01,2.6681e+00,1.0993e-01
4.0000e+03,2.1905e-01,4.8292e+00,1.7502e+01,2.6692e+00,1.0999e-01
4.0100e+03,2.1780e-01,4.8280e+00,1.7502e+01,2.6704e+00,1.1005e-01
4.0200e+03,2.1655e-01,4.8268e+00,1.7502e+01,2.6716e+00,1.1011e-01
4.0300e+03,2.1531e-01,4.8257e+00,1.7502e+01,2.6728e+00,1.1018e-01
4.0400e+03,2.1408e-01,4.8245e+00,1.7502e+01,2.6740e+00,1.1024e-01
4.0500e+03,2.1286e-01,4.8233e+00,1.7502e+01,2.6751e+00,1.1030e-01
4.0600e+03,2.1164e-01,4.8222e+00,1.7502e+01,2.6763e+00,1.1036e-01
4.0700e+03,2.1044e-01,4.8210e+00,1.7502e+01,2.6774e+00,1.1042e-01
4.0800e+03,2.0923e-01,4.8199e+00,1.7502e+01,2.6786e+00,1.1047e-01
4.0900e+03,2.0804e-01,4.8188e+00,1.7502e+01,2.6797e+00,1.1053e-01
4.1000e+03,2.0685e-01,4.8176e+00,1.7502e+01,2.6808e+00,1.1059e-01
4.1100e+03,2.0567e-01,4.8165e+00,1.7502e+01,2.6820e+00,1.1065e-01
4.1200e+03,2.0450e-01,4.8154e+00,1.7502e+01,2.6831e+00,1.1071e-01
4.1300e+03,2.0333e-01,4.8143e+00,1.7502e+01,2.6842e+00,1.1077e-01
4.1400e+03,2.0218e-01,4.8132e+00,1.7502e+01,2.6853e+00,1.1082e-01
4.1500e+03,2.0102e-01,4.8121e+00,1.7502e+01,2.6864e+00,1.1088e-01
4.1600e+03,1.9988e-01,4.8110e+00,1.7502e+01,2.6875e+00,1.1094e-01
4.1700e+03,1.9874e-01,4.8099e+00,1.7502e+01,2.6886e+00,1.1099e-01
4.1800e+03,1.9761e-01,4.8088e+00,1.7502e+01,2.6896e+00,1.1105e-01
4.1900e+03,1.9648e-01,4.8078e+00,1.7502e+01,2.6907e+00,1.1110e-01
4.2000e+03,1.9536e-01,4.8067e+00,1.7502e+01,2.6918e+00,1.1116e-01
4.2100e+03,1.9425e-01,4.8056e+00,1.7502e+01,2.6928e+00,1.1121e-01
4.2200e+03,1.9314e-01,4.8046e+00,1.7502e+01,2.6939e+00,1.1127e-01
4.2300e+03,1.9205e-01,4.8035e+00,1.7502e+01,2.6949e+00,1.1132e-01
4.2400e+03,1.9095e-01,4.8025e+00,1.7502e+01,2.6960e+00,1.1138e-01
4.2500e+03,1.8987e-01,4.8015e+00,1.7502e+01,2.6970e+00,1.1143e-01
4.2600e+03,1.8879e-01,4.8004e+00,1.7502e+01,2.6980e+00,1.1148e-01
4.2700e+03,1.8771e-01,4.7994e+00,1.7502e+01,2.6990e+00,1.1154e-01
4.2800e+03,1.8665e-01,4.7984e+00,1.7502e+01,2.7000e+00,1.1159e-01
4.2900e+03,1.8559e-01,4.7974e+00,1.7502e+01,2.7011e+00,1.1164e-01
4.3000e+03,1.8453e-01,4.7964e+00,1.7502e+01,2.7021e+00,1.1170e-01
4.3100e+03,1.8348e-01,4.7954e+00,1.7502e+01,2.7031e+00,1.1175e-01
4.3200e+03,1.8244e-01,4.7944e+00,1.7502e+01,2.7040e+00,1.1180e-01
4.3300e+03,1.8141e-01,4.7934e+00,1.7502e+01,2.7050e+00,1.1185e-01
4.3400e+03,1.8038e-01,4.7924e+00,1.7502e+01,2.7060e+00,1.1190e-01
4.3500e+03,1.7935e-01,4.7915e+00,1.7502e+01,2.7070e+00,1.1195e-01
4.3600e+03,1.7833e-01,4.7905e+00,1.7502e+01,2.7080e+00,1.1200e-01
4.3700e+03,1.7732e-01,4.7895e+00,1.7502e+01,2.7089e+00,1.1205e-01
4.3800e+03,1.7632e-01,4.7886e+00,1.7502e+01,2.7099e+00,1.1210e-01
4.3900e+03,1.7532e-01,4.7876e+00,1.7502e+01,2.7108e+00,1.1215e-01
4.4000e+03,1.7432e-01,4.7867e+00,1.7502e+01,2.7118e+00,1.1220e-01
4.4100e+03,1.7333e-01,4.7857e+00,1.7502e+01,2.7127e+00,1.1225e-01
4.4200e+03,1.7235e-01,4.7848e+00,1.7502e+01,2.7136e+00,1.1230e-01
4.4300e+03,1.7137e-01,4.7839e+00,1.7502e+01,2.7146e+00,1.1235e-01
4.4400e+03,1.7040e-01,4.7830e+00,1.7502e+01,2.7155e+00,1.1240e-01
4.4500e+03,1.6944e-01,4.7820e+00,1.7502e+01,2.7164e+00,1.1244e-01
4.4600e+03,1.6848e-01,4.7811e+00,1.7502e+01,2.7173e+00,1.1249e-01
4.4700e+03,1.6752e-01,4.7802e+00,1.7502e+01,2.7182e+00,1.1254e-01
4.4800e+03,1.6657e-01,4.7793e+00,1.7502e+01,2.7191e+00,1.1259e-01
4.4900e+03,1.6563e-01,4.7784e+00,1.7502e+01,2.7200e+00,1.1263e-01
4.5000e+03,1.6469e-01,4.7775e+00,1.7502e+01,2.7209e+00,1.1268e-01
4.5100e+03,1.6376e-01,4.7766e+00,1.7502e+01,2.7218e+00,1.1273e-01
4.5200e+03,1.6283e-01,4.7758e+00,1.7502e+01,2.7227e+00,1.1277e-01
4.5300e+03,1.6191e-01,4.7749e+00,1.7502e+01,2.7236e+00,1.1282e-01
4.5400e+03,1.6100e-01,4.7740e+00,1.7502e+01,2.7244e+00,1.1286e-01
4.5500e+03,1.6009e-01,4.7731e+00,1.7502e+01,2.7253e+00,1.1291e-01
4.5600e+03,1.5918e-01,4.7723e+00,1.7502e+01,2.7262e+00,1.1295e-01
4.5700e+03,1.5828e-01,4.7714e+00,1.7502e+01,2.7270e+00,1.1300e-01
4.5800e+03,1.5739e-01,4.7706e+00,1.7502e+01,2.7279e+00,1.1304e-01
4.5900e+03,1.5650e-01,4.7697e+00,1.7502e+01,2.7287e+00,1.1309e-01
4.6000e+03,1.5561e-01,4.7689e+00,1.7502e+01,2.7295e+00,1.1313e-01
4.6100e+03,1.5473e-01,4.7681e+00,1.7502e+01,2.7304e+00,1.1318e-01
4.6200e+03,1.5386e-01,4.7672e+00,1.7502e+01,2.7312e+00,1.1322e-01
4.6300e+03,1.5299e-01,4.7664e+00,1.7502e+01,2.7320e+00,1.1326e-01
4.6400e+03,1.5212e-01,4.7656e+00,1.7502e+01,2.7329e+00,1.1331e-01
4.6500e+03,1.5127e-01,4.7648e+00,1.7502e+01,2.7337e+00,1.1335e-01
4.6600e+03,1.5041e-01,4.7640e+00,1.7502e+01,2.7345e+00,1.1339e-01
4.6700e+03,1.4956e-01,4.7631e+00,1.7502e+01,2.7353e+00,1.1343e-01
4.6800e+03,1.4872e-01,4.7623e+00,1.7502e+01,2.7361e+00,1.1348e-01
4.6900e+03,1.4788e-01,4.7615e+00,1.7502e+01,2.7369e+00,1.1352e-01
4.7000e+03,1.4704e-01,4.7608e+00,1.7502e+01,2.7377e+00,1.1356e-01
4.7100e+03,1.4621e-01,4.7600e+00,1.7502e+01,2.7385e+00,1.1360e-01
4.7200e+03,1.4539e-01,4.7592e+00,1.7502e+01,2.7393e+00,1.1364e-01
4.7300e+03,1.4457e-01,4.7584e+00,1.7502e+01,2.7400e+00,1.1368e-01
4.7400e+03,1.4375e-01,4.7576e+00,1.7502e+01,2.7408e+00,1.1372e-01
4.7500e+03,1.4294e-01,4.7569e+00,1.7502e+01,2.7416e+00,1.1376e-01
4.7600e+03,1.4214e-01,4.7561e+00,1.7502e+01,2.7423e+00,1.1380e-01
4.7700e+03,1.4134e-01,4.7553e+00,1.7502e+01,2.7431e+00,1.1384e-01
4.7800e+03,1.4054e-01,4.7546e+00,1.7502e+01,2.7439e+00,1.1388e-01
4.7900e+03,1.3975e-01,4.7538e+00,1.7502e+01,2.7446e+00,1.1392e-01
4.8000e+03,1.3896e-01,4.7531e+00,1.7502e+01,2.7454e+00,1.1396e-01
4.8100e+03,1.3818e-01,4.7523e+00,1.7502e+01,2.7461e+00,1.1400e-01
4.8200e+03,1.3740e-01,4.7516e+00,1.7502e+01,2.7468e+00,1.1404e-01
4.8300e+03,1.3663e-01,4.7508e+00,1.7502e+01,2.7476e+00,1.1408e-01
4.8400e+03,1.3586e-01,4.7501e+00,1.7502e+01,2.7483e+00,1.1412e-01
4.8500e+03,1.3509e-01,4.7494e+00,1.7502e+01,2.7490e+00,1.1416e-01
4.8600e+03,1.3433e-01,4.7487e+00,1.7502e+01,2.7498e+00,1.1419e-01
4.8700e+03,1.3358e-01,4.7479e+00,1.7502e+01,2.7505e+00,1.1423e-01
4.8800e+03,1.3282e-01,4.7472e+00,1.7502e+01,2.7512e+00,1.1427e-01
4.8900e+03,1.3208e-01,4.7465e+00,1.7502e+01,2.7519e+00,1.1431e-01
4.9000e+03,1.3133e-01,4.7458e+00,1.7502e+01,2.7526e+00,1.1434e-01
4.9100e+03,1.3060e-01,4.7451e+00,1.7502e+01,2.7533e+00,1.1438e-01
4.9200e+03,1.2986e-01,4.7444e+00,1.7502e+01,2.7540e+00,1.1442e-01
4.9300e+03,1.2913e-01,4.7437e+00,1.7502e+01,2.7547e+00,1.1445e-01
4.9400e+03,1.2840e-01,4.7430e+00,1.7502e+01,2.7554e+00,1.1449e-01
4.9500e+03,1.2768e-01,4.7423e+00,1.7502e+01,2.7561e+00,1.1453e-01
4.9600e+03,1.2696e-01,4.7417e+00,1.7502e+01,2.7568e+00,1.1456e-01
4.9700e+03,1.2625e-01,4.7410e+00,1.7502e+01,2.7574e+00,1.1460e-01
4.9800e+03,1.2554e-01,4.7403e+00,1.7502e+01,2.7581e+00,1.1463e-01
4.9900e+03,1.2484e-01,4.7396e+00,1.7502e+01,2.7588e+00,1.1467e-01
5.0000e+03,1.2413e-01,4.7390e+00,1.7502e+01,2.7594e+00,1.1470e-01
5.0100e+03,1.2344e-01,4.7383e+00,1.7502e+01,2.7601e+00,1.1474e-01
5.0200e+03,1.2274e-01,4.7377e+00,1.7502e+01,2.7608e+00,1.1477e-01
5.0300e+03,1.2205e-01,4.7370e+00,1.7502e+01,2.7614e+00,1.1481e-01
5.0400e+03,1.2137e-01,4.7363e+00,1.7502e+01,2.7621e+00,1.1484e-01
5.0500e+03,1.2069e-01,4.7357e+00,1.7502e+01,2.7627e+00,1.1488e-01
5.0600e+03,1.2001e-01,4.7351e+00,1.7502e+01,2.7634e+00,1.1491e-01
5.0700e+03,1.1934e-01,4.7344e+00,1.7502e+01,2.7640e+00,1.1495e-01
5.0800e+03,1.1867e-01,4.7338e+00,1.7502e+01,2.7646e+00,1.1498e-01
5.0900e+03,1.1800e-01,4.7331e+00,1.7502e+01,2.7653e+00,1.1501e-01
5.1000e+03,1.1734e-01,4.7325e+00,1.7502e+01,2.7659e+00,1.1505e-01
5.1100e+03,1.1668e-01,4.7319e+00,1.7502e+01,2.7665e+00,1.1508e-01
5.1200e+03,1.1603e-01,4.7313e+00,1.7502e+01,2.7671e+00,1.1511e-01
5.1300e+03,1.1538e-01,4.7307e+00,1.7502e+01,2.7678e+00,1.1514e-01
5.1400e+03,1.1473e-01,4.7300e+00,1.7502e+01,2.7684e+00,1.1518e-01
5.1500e+03,1.1409e-01,4.7294e+00,1.7502e+01,2.7690e+00,1.1521e-01
5.1600e+03,1.1345e-01,4.7288e+00,1.7502e+01,2.7696e+00,1.1524e-01
5.1700e+03,1.1281e-01,4.7282e+00,1.7502e+01,2.7702e+00,1.1527e-01
5.1800e+03,1.1218e-01,4.7276e+00,1.7502e+01,2.7708e+00,1.1530e-01
5.1900e+03,1.1155e-01,4.7270e+00,1.7502e+01,2.7714e+00,1.1534e-01
5.2000e+03,1.1092e-01,4.7264e+00,1.7502e+01,2.7720e+00,1.1537e-01
5.2100e+03,1.1030e-01,4.7258e+00,1.7502e+01,2.7726e+00,1.1540e-01
5.2200e+03,1.0968e-01,4.7252e+00,1.7502e+01,2.7732e+00,1.1543e-01
5.2300e+03,1.0907e-01,4.7247e+00,1.7502e+01,2.7738e+00,1.1546e-01
5.2400e+03,1.0846e-01,4.7241e+00,1.7502e+01,2.7743e+00,1.1549e-01
5.2500e+03,1.0785e-01,4.7235e+00,1.7502e+01,2.7749e+00,1.1552e-01
5.2600e+03,1.0725e-01,4.7229e+00,1.7502e+01,2.7755e+00,1.1555e-01
5.2700e+03,1.0665e-01,4.7224e+00,1.7502e+01,2.7761e+00,1.1558e-01
5.2800e+03,1.0605e-01,4.7218e+00,1.7502e+01,2.7766e+00,1.1561e-01
5.2900e+03,1.0546e-01,4.7212e+00,1.7502e+01,2.7772e+00,1.1564e-01
5.3000e+03,1.0486e-01,4.7207e+00,1.7502e+01,2.7777e+00,1.1567e-01
5.3100e+03,1.0428e-01,4.7201e+00,1.7502e+01,2.7783e+00,1.1570e-01
5.3200e+03,1.0369e-01,4.7196e+00,1.7502e+01,2.7789e+00,1.1573e-01
5.3300e+03,1.0311e-01,4.7190e+00,1.7502e+01,2.7794e+00,1.1576e-01
5.3400e+03,1.0254e-01,4.7185e+00,1.7502e+01,2.7800e+00,1.1579e-01
5.3500e+03,1.0196e-01,4.7179e+00,1.7502e+01,2.7805e+00,1.1582e-01
5.3600e+03,1.0139e-01,4.7174e+00,1.7502e+01,2.7810e+00,1.1585e-01
5.3700e+03,1.0083e-01,4.7168e+00,1.7502e+01,2.7816e+00,1.1588e-01
5.3800e+03,1.0026e-01,4.7163e+00,1.7502e+01,2.7821e+00,1.1590e-01
5.3900e+03,9.9701e-02,4.7158e+00,1.7502e+01,2.7827e+00,1.1593e-01
5.4000e+03,9.9144e-02,4.7152e+00,1.7502e+01,2.7832e+00,1.1596e-01
5.4100e+03,9.8589e-02,4.7147e+00,1.7502e+01,2.7837e+00,1.1599e-01
5.4200e+03,9.8038e-02,4.7142e+00,1.7502e+01,2.7842e+00,1.1602e-01
5.4300e+03,9.7490e-02,4.7137e+00,1.7502e+01,2.7848e+00,1.1604e-01
5.4400e+03,9.6945e-02,4.7131e+00,1.7502e+01,2.7853e+00,1.1607e-01
5.4500e+03,9.6403e-02,4.7126e+00,1.7502e+01,2.7858e+00,1.1610e-01
5.4600e+03,9.5865e-02,4.7121e+00,1.7502e+01,2.7863e+00,1.1613e-01
5.4700e+03,9.5329e-02,4.7116e+00,1.7502e+01,2.7868e+00,1.1615e-01
5.4800e+03,9.4796e-02,4.7111e+00,1.7502e+01,2.7873e+00,1.1618e-01
5.4900e+03,9.4267e-02,4.7106e+00,1.7502e+01,2.7878e+00,1.1621e-01
5.5000e+03,9.3740e-02,4.7101e+00,1.7502e+01,2.7883e+00,1.1623e-01
5.5100e+03,9.3217e-02,4.7096e+00,1.7502e+01,2.7888e+00,1.1626e-01
5.5200e+03,9.2696e-02,4.7091e+00,1.7502e+01,2.7893e+00,1.1628e-01
5.5300e+03,9.2178e-02,4.7086e+00,1.7502e+01,2.7898e+00,1.1631e-01
5.5400e+03,9.1664e-02,4.7081e+00,1.7502e+01,2.7903e+00,1.1634e-01
5.5500e+03,9.1152e-02,4.7076e+00,1.7502e+01,2.7908e+00,1.1636e-01
5.5600e+03,9.0643e-02,4.7071e+00,1.7502e+01,2.7913e+00,1.1639e-01
5.5700e+03,9.0137e-02,4.7067e+00,1.7502e+01,2.7917e+00,1.1641e-01
5.5800e+03,8.9634e-02,4.7062e+00,1.7502e+01,2.7922e+00,1.1644e-01
5.5900e+03,8.9134e-02,4.7057e+00,1.7502e+01,2.7927e+00,1.1646e-01
5.6000e+03,8.8636e-02,4.7052e+00,1.7502e+01,2.7932e+00,1.1649e-01
5.6100e+03,8.8142e-02,4.7048e+00,1.7502e+01,2.7936e+00,1.1651e-01
5.6200e+03,8.7650e-02,4.7043e+00,1.7502e+01,2.7941e+00,1.1654e-01
5.6300e+03,8.7161e-02,4.7038e+00,1.7502e+01,2.7946e+00,1.1656e-01
5.6400e+03,8.6675e-02,4.7034e+00,1.7502e+01,2.7950e+00,1.1659e-01
5.6500e+03,8.6191e-02,4.7029e+00,1.7502e+01,2.7955e+00,1.1661e-01
5.6600e+03,8.5710e-02,4.7025e+00,1.7502e+01,2.7959e+00,1.1664e-01
5.6700e+03,8.5232e-02,4.7020e+00,1.7502e+01,2.7964e+00,1.1666e-01
5.6800e+03,8.4757e-02,4.7016e+00,1.7502e+01,2.7968e+00,1.1669e-01
5.6900e+03,8.4284e-02,4.7011e+00,1.7502e+01,2.7973e+00,1.1671e-01
5.7000e+03,8.3814e-02,4.7007e+00,1.7502e+01,2.7977e+00,1.1673e-01
5.7100e+03,8.3347e-02,4.7002e+00,1.7502e+01,2.7982e+00,1.1676e-01
5.7200e+03,8.2883e-02,4.6998e+00,1.7502e+01,2.7986e+00,1.1678e-01
5.7300e+03,8.2421e-02,4.6993e+00,1.7502e+01,2.7991e+00,1.1680e-01
5.7400e+03,8.1961e-02,4.6989e+00,1.7502e+01,2.7995e+00,1.1683e-01
5.7500e+03,8.1504e-02,4.6985e+00,1.7502e+01,2.7999e+00,1.1685e-01
5.7600e+03,8.1050e-02,4.6980e+00,1.7502e+01,2.8004e+00,1.1687e-01
5.7700e+03,8.0599e-02,4.6976e+00,1.7502e+01,2.8008e+00,1.1690e-01
5.7800e+03,8.0149e-02,4.6972e+00,1.7502e+01,2.8012e+00,1.1692e-01
5.7900e+03,7.9703e-02,4.6968e+00,1.7502e+01,2.8016e+00,1.1694e-01
5.8000e+03,7.9259e-02,4.6963e+00,1.7502e+01,2.8021e+00,1.1696e-01
5.8100e+03,7.8817e-02,4.6959e+00,1.7502e+01,2.8025e+00,1.1699e-01
5.8200e+03,7.8378e-02,4.6955e+00,1.7502e+01,2.8029e+00,1.1701e-01
5.8300e+03,7.7942e-02,4.6951e+00,1.7502e+01,2.8033e+00,1.1703e-01
5.8400e+03,7.7508e-02,4.6947e+00,1.7502e+01,2.8037e+00,1.1705e-01
5.8500e+03,7.7076e-02,4.6943e+00,1.7502e+01,2.8041e+00,1.1707e-01
5.8600e+03,7.6647e-02,4.6939e+00,1.7502e+01,2.8045e+00,1.1710e-01
5.8700e+03,7.6220e-02,4.6934e+00,1.7502e+01,2.8049e+00,1.1712e-01
5.8800e+03,7.5796e-02,4.6930e+00,1.7502e+01,2.8054e+00,1.1714e-01
5.8900e+03,7.5374e-02,4.6926e+00,1.7502e+01,2.8058e+00,1.1716e-01
5.9000e+03,7.4955e-02,4.6922e+00,1.7502e+01,2.8062e+00,1.1718e-01
5.9100e+03,7.4537e-02,4.6918e+00,1.7502e+01,2.8065e+00,1.1720e-01
5.9200e+03,7.4123e-02,4.6915e+00,1.7502e+01,2.8069e+00,1.1722e-01
5.9300e+03,7.3710e-02,4.6911e+00,1.7502e+01,2.8073e+00,1.1724e-01
5.9400e+03,7.3300e-02,4.6907e+00,1.7502e+01,2.8077e+00,1.1726e-01
5.9500e+03,7.2892e-02,4.6903e+00,1.7502e+01,2.8081e+00,1.1729e-01
5.9600e+03,7.2487e-02,4.6899e+00,1.7502e+01,2.8085e+00,1.1731e-01
5.9700e+03,7.2083e-02,4.6895e+00,1.7502e+01,2.8089e+00,1.1733e-01
5.9800e+03,7.1682e-02,4.6891e+00,1.7502e+01,2.8093e+00,1.1735e-01
5.9900e+03,7.1284e-02,4.6888e+00,1.7502e+01,2.8096e+00,1.1737e-01
6.0000e+03,7.0887e-02,4.6884e+00,1.7502e+01,2.8100e+00,1.1739e-01
6.0100e+03,7.0493e-02,4.6880e+00,1.7502e+01,2.8104e+00,1.1741e-01
6.0200e+03,7.0101e-02,4.6876e+00,1.7502e+01,2.8108e+00,1.1743e-01
6.0300e+03,6.9711e-02,4.6873e+00,1.7502e+01,2.8111e+00,1.1745e-01
6.0400e+03,6.9323e-02,4.6869e+00,1.7502e+01,2.8115e+00,1.1747e-01
6.0500e+03,6.8938e-02,4.6865e+00,1.7502e+01,2.8119e+00,1.1749e-01
6.0600e+03,6.8555e-02,4.6862e+00,1.7502e+01,2.8122e+00,1.1750e-01
6.0700e+03,6.8174e-02,4.6858e+00,1.7502e+01,2.8126e+00,1.1752e-01
6.0800e+03,6.7795e-02,4.6854e+00,1.7502e+01,2.8129e+00,1.1754e-01
6.0900e+03,6.7418e-02,4.6851e+00,1.7502e+01,2.8133e+00,1.1756e-01
6.1000e+03,6.7043e-02,4.6847e+00,1.7502e+01,2.8137e+00,1.1758e-01
6.1100e+03,6.6671e-02,4.6844e+00,1.7502e+01,2.8140e+00,1.1760e-01
6.1200e+03,6.6300e-02,4.6840e+00,1.7502e+01,2.8144e+00,1.1762e-01
6.1300e+03,6.5932e-02,4.6837e+00,1.7502e+01,2.8147e+00,1.1764e-01
6.1400e+03,6.5565e-02,4.6833e+00,1.7502e+01,2.8151e+00,1.1766e-01
6.1500e+03,6.5201e-02,4.6830e+00,1.7502e+01,2.8154e+00,1.1767e-01
6.1600e+03,6.4839e-02,4.6826e+00,1.7502e+01,2.8158e+00,1.1769e-01
6.1700e+03,6.4479e-02,4.6823e+00,1.7502e+01,2.8161e+00,1.1771e-01
6.1800e+03,6.4120e-02,4.6820e+00,1.7502e+01,2.8164e+00,1.1773e-01
6.1900e+03,6.3764e-02,4.6816e+00,1.7502e+01,2.8168e+00,1.1775e-01
6.2000e+03,6.3410e-02,4.6813e+00,1.7502e+01,2.8171e+00,1.1777e-01
6.2100e+03,6.3058e-02,4.6809e+00,1.7502e+01,2.8174e+00,1.1778e-01
6.2200e+03,6.2708e-02,4.6806e+00,1.7502e+01,2.8178e+00,1.1780e-01
6.2300e+03,6.2360e-02,4.6803e+00,1.7502e+01,2.8181e+00,1.1782e-01
6.2400e+03,6.2013e-02,4.6800e+00,1.7502e+01,2.8184e+00,1.1784e-01
6.2500e+03,6.1669e-02,4.6796e+00,1.7502e+01,2.8188e+00,1.1785e-01
6.2600e+03,6.1327e-02,4.6793e+00,1.7502e+01,2.8191e+00,1.1787e-01
6.2700e+03,6.0986e-02,4.6790e+00,1.7502e+01,2.8194e+00,1.1789e-01
6.2800e+03,6.0648e-02,4.6787e+00,1.7502e+01,2.8197e+00,1.1791e-01
6.2900e+03,6.0311e-02,4.6783e+00,1.7502e+01,2.8201e+00,1.1792e-01
6.3000e+03,5.9976e-02,4.6780e+00,1.7502e+01,2.8204e+00,1.1794e-01
6.3100e+03,5.9643e-02,4.6777e+00,1.7502e+01,2.8207e+00,1.1796e-01
6.3200e+03,5.9312e-02,4.6774e+00,1.7502e+01,2.8210e+00,1.1797e-01
6.3300e+03,5.8983e-02,4.6771e+00,1.7502e+01,2.8213e+00,1.1799e-01
6.3400e+03,5.8656e-02,4.6768e+00,1.7502e+01,2.8216e+00,1.1801e-01
6.3500e+03,5.8331e-02,4.6765e+00,1.7502e+01,2.8219e+00,1.1802e-01
6.3600e+03,5.8007e-02,4.6761e+00,1.7502e+01,2.8222e+00,1.1804e-01
6.3700e+03,5.7685e-02,4.6758e+00,1.7502e+01,2.8225e+00,1.1806e-01
6.3800e+03,5.7365e-02,4.6755e+00,1.7502e+01,2.8228e+00,1.1807e-01
6.3900e+03,5.7047e-02,4.6752e+00,1.7502e+01,2.8232e+00,1.1809e-01
6.4000e+03,5.6730e-02,4.6749e+00,1.7502e+01,2.8235e+00,1.1810e-01
6.4100e+03,5.6416e-02,4.6746e+00,1.7502e+01,2.8238e+00,1.1812e-01
6.4200e+03,5.6103e-02,4.6743e+00,1.7502e+01,2.8240e+00,1.1814e-01
6.4300e+03,5.5792e-02,4.6740e+00,1.7502e+01,2.8243e+00,1.1815e-01
6.4400e+03,5.5482e-02,4.6737e+00,1.7502e+01,2.8246e+00,1.1817e-01
6.4500e+03,5.5175e-02,4.6735e+00,1.7502e+01,2.8249e+00,1.1818e-01
6.4600e+03,5.4869e-02,4.6732e+00,1.7502e+01,2.8252e+00,1.1820e-01
6.4700e+03,5.4565e-02,4.6729e+00,1.7502e+01,2.8255e+00,1.1821e-01
6.4800e+03,5.4262e-02,4.6726e+00,1.7502e+01,2.8258e+00,1.1823e-01
6.4900e+03,5.3961e-02,4.6723e+00,1.7502e+01,2.8261e+00,1.1824e-01
6.5000e+03,5.3662e-02,4.6720e+00,1.7502e+01,2.8264e+00,1.1826e-01
6.5100e+03,5.3365e-02,4.6717e+00,1.7502e+01,2.8266e+00,1.1828e-01
6.5200e+03,5.3069e-02,4.6715e+00,1.7502e+01,2.8269e+00,1.1829e-01
6.5300e+03,5.2775e-02,4.6712e+00,1.7502e+01,2.8272e+00,1.1831e-01
6.5400e+03,5.2482e-02,4.6709e+00,1.7502e+01,2.8275e+00,1.1832e-01
6.5500e+03,5.2191e-02,4.6706e+00,1.7502e+01,2.8278e+00,1.1833e-01
6.5600e+03,5.1902e-02,4.6703e+00,1.7502e+01,2.8280e+00,1.1835e-01
6.5700e+03,5.1614e-02,4.6701e+00,1.7502e+01,2.8283e+00,1.1836e-01
6.5800e+03,5.1328e-02,4.6698e+00,1.7502e+01,2.8286e+00,1.1838e-01
6.5900e+03,5.1044e-02,4.6695e+00,1.7502e+01,2.8288e+00,1.1839e-01
6.6000e+03,5.0761e-02,4.6693e+00,1.7502e+01,2.8291e+00,1.1841e-01
6.6100e+03,5.0480e-02,4.6690e+00,1.7502e+01,2.8294e+00,1.1842e-01
6.6200e+03,5.0200e-02,4.6687e+00,1.7502e+01,2.8297e+00,1.1844e-01
6.6300e+03,4.9922e-02,4.6685e+00,1.7502e+01,2.8299e+00,1.1845e-01
6.6400e+03,4.9646e-02,4.6682e+00,1.7502e+01,2.8302e+00,1.1846e-01
6.6500e+03,4.9371e-02,4.6679e+00,1.7502e+01,2.8304e+00,1.1848e-01
6.6600e+03,4.9097e-02,4.6677e+00,1.7502e+01,2.8307e+00,1.1849e-01
6.6700e+03,4.8825e-02,4.6674e+00,1.7502e+01,2.8310e+00,1.1851e-01
6.6800e+03,4.8555e-02,4.6672e+00,1.7502e+01,2.8312e+00,1.1852e-01
6.6900e+03,4.8286e-02,4.6669e+00,1.7502e+01,2.8315e+00,1.1853e-01
6.7000e+03,4.8019e-02,4.6667e+00,1.7502e+01,2.8317e+00,1.1855e-01
6.7100e+03,4.7753e-02,4.6664e+00,1.7502e+01,2.8320e+00,1.1856e-01
6.7200e+03,4.7488e-02,4.6662e+00,1.7502e+01,2.8322e+00,1.1857e-01
6.7300e+03,4.7225e-02,4.6659e+00,1.7502e+01,2.8325e+00,1.1859e-01
6.7400e+03,4.6964e-02,4.6657e+00,1.7502e+01,2.8327e+00,1.1860e-01
6.7500e+03,4.6704e-02,4.6654e+00,1.7502e+01,2.8330e+00,1.1861e-01
6.7600e+03,4.6445e-02,4.6652e+00,1.7502e+01,2.8332e+00,1.1863e-01
6.7700e+03,4.6188e-02,4.6649e+00,1.7502e+01,2.8335e+00,1.1864e-01
6.7800e+03,4.5932e-02,4.6647e+00,1.7502e+01,2.8337e+00,1.1865e-01
6.7900e+03,4.5678e-02,4.6644e+00,1.7502e+01,2.8339e+00,1.1867e-01
6.8000e+03,4.5425e-02,4.6642e+00,1.7502e+01,2.8342e+00,1.1868e-01
6.8100e+03,4.5174e-02,4.6640e+00,1.7502e+01,2.8344e+00,1.1869e-01
6.8200e+03,4.4924e-02,4.6637e+00,1.7502e+01,2.8347e+00,1.1870e-01
6.8300e+03,4.4675e-02,4.6635e+00,1.7502e+01,2.8349e+00,1.1872e-01
6.8400e+03,4.4428e-02,4.6633e+00,1.7502e+01,2.8351e+00,1.1873e-01
6.8500e+03,4.4182e-02,4.6630e+00,1.7502e+01,2.8354e+00,1.1874e-01
6.8600e+03,4.3938e-02,4.6628e+00,1.7502e+01,2.8356e+00,1.1875e-01
6.8700e+03,4.3695e-02,4.6626e+00,1.7502e+01,2.8358e+00,1.1877e-01
6.8800e+03,4.3453e-02,4.6623e+00,1.7502e+01,2.8361e+00,1.1878e-01
6.8900e+03,4.3213e-02,4.6621e+00,1.7502e+01,2.8363e+00,1.1879e-01
6.9000e+03,4.2973e-02,4.6619e+00,1.7502e+01,2.8365e+00,1.1880e-01
6.9100e+03,4.2736e-02,4.6616e+00,1.7502e+01,2.8367e+00,1.1882e-01
6.9200e+03,4.2499e-02,4.6614e+00,1.7502e+01,2.8370e+00,1.1883e-01
6.9300e+03,4.2264e-02,4.6612e+00,1.7502e+01,2.8372e+00,1.1884e-01
6.9400e+03,4.2030e-02,4.6610e+00,1.7502e+01,2.8374e+00,1.1885e-01
6.9500e+03,4.1798e-02,4.6608e+00,1.7502e+01,2.8376e+00,1.1886e-01
6.9600e+03,4.1567e-02,4.6605e+00,1.7502e+01,2.8378e+00,1.1888e-01
6.9700e+03,4.1337e-02,4.6603e+00,1.7502e+01,2.8381e+00,1.1889e-01
6.9800e+03,4.1108e-02,4.6601e+00,1.7502e+01,2.8383e+00,1.1890e-01
6.9900e+03,4.0881e-02,4.6599e+00,1.7502e+01,2.8385e+00,1.1891e-01
7.0000e+03,4.0655e-02,4.6597e+00,1.7502e+01,2.8387e+00,1.1892e-01
7.0100e+03,4.0430e-02,4.6595e+00,1.7502e+01,2.8389e+00,1.1893e-01
7.0200e+03,4.0206e-02,4.6592e+00,1.7502e+01,2.8391e+00,1.1894e-01
7.0300e+03,3.9984e-02,4.6590e+00,1.7502e+01,2.8393e+00,1.1896e-01
7.0400e+03,3.9763e-02,4.6588e+00,1.7502e+01,2.8396e+00,1.1897e-01
7.0500e+03,3.9543e-02,4.6586e+00,1.7502e+01,2.8398e+00,1.1898e-01
7.0600e+03,3.9325e-02,4.6584e+00,1.7502e+01,2.8400e+00,1.1899e-01
7.0700e+03,3.9107e-02,4.6582e+00,1.7502e+01,2.8402e+00,1.1900e-01
7.0800e+03,3.8891e-02,4.6580e+00,1.7502e+01,2.8404e+00,1.1901e-01
7.0900e+03,3.8676e-02,4.6578e+00,1.7502e+01,2.8406e+00,1.1902e-01
7.1000e+03,3.8462e-02,4.6576e+00,1.7502e+01,2.8408e+00,1.1903e-01
7.1100e+03,3.8250e-02,4.6574e+00,1.7502e+01,2.8410e+00,1.1904e-01
7.1200e+03,3.8038e-02,4.6572e+00,1.7502e+01,2.8412e+00,1.1905e-01
7.1300e+03,3.7828e-02,4.6570e+00,1.7502e+01,2.8414e+00,1.1907e-01
7.1400e+03,3.7619e-02,4.6568e+00,1.7502e+01,2.8416e+00,1.1908e-01
7.1500e+03,3.7411e-02,4.6566e+00,1.7502e+01,2.8418e+00,1.1909e-01
7.1600e+03,3.7204e-02,4.6564e+00,1.7502e+01,2.8420e+00,1.1910e-01
7.1700e+03,3.6999e-02,4.6562e+00,1.7502e+01,2.8422e+00,1.1911e-01
7.1800e+03,3.6794e-02,4.6560e+00,1.7502e+01,2.8424e+00,1.1912e-01
7.1900e+03,3.6591e-02,4.6558e+00,1.7502e+01,2.8426e+00,1.1913e-01
7.2000e+03,3.6389e-02,4.6556e+00,1.7502e+01,2.8428e+00,1.1914e-01
7.2100e+03,3.6188e-02,4.6554e+00,1.7502e+01,2.8429e+00,1.1915e-01
7.2200e+03,3.5988e-02,4.6552e+00,1.7502e+01,2.8431e+00,1.1916e-01
7.2300e+03,3.5789e-02,4.6550e+00,1.7502e+01,2.8433e+00,1.1917e-01
7.2400e+03,3.5591e-02,4.6549e+00,1.7502e+01,2.8435e+00,1.1918e-01
7.2500e+03,3.5395e-02,4.6547e+00,1.7502e+01,2.8437e+00,1.1919e-01
7.2600e+03,3.5199e-02,4.6545e+00,1.7502e+01,2.8439e+00,1.1920e-01
7.2700e+03,3.5005e-02,4.6543e+00,1.7502e+01,2.8441e+00,1.1921e-01
7.2800e+03,3.4811e-02,4.6541e+00,1.7502e+01,2.8443e+00,1.1922e-01
7.2900e+03,3.4619e-02,4.6539e+00,1.7502e+01,2.8444e+00,1.1923e-01
7.3000e+03,3.4428e-02,4.6538e+00,1.7502e+01,2.8446e+00,1.1924e-01
7.3100e+03,3.4238e-02,4.6536e+00,1.7502e+01,2.8448e+00,1.1925e-01
7.3200e+03,3.4049e-02,4.6534e+00,1.7502e+01,2.8450e+00,1.1926e-01
7.3300e+03,3.3861e-02,4.6532e+00,1.7502e+01,2.8452e+00,1.1927e-01
7.3400e+03,3.3674e-02,4.6530e+00,1.7502e+01,2.8453e+00,1.1928e-01
7.3500e+03,3.3488e-02,4.6529e+00,1.7502e+01,2.8455e+00,1.1929e-01
7.3600e+03,3.3303e-02,4.6527e+00,1.7502e+01,2.8457e+00,1.1930e-01
7.3700e+03,3.3119e-02,4.6525e+00,1.7502e+01,2.8459e+00,1.1931e-01
7.3800e+03,3.2936e-02,4.6523e+00,1.7502e+01,2.8460e+00,1.1932e-01
7.3900e+03,3.2754e-02,4.6522e+00,1.7502e+01,2.8462e+00,1.1932e-01
7.4000e+03,3.2573e-02,4.6520e+00,1.7502e+01,2.8464e+00,1.1933e-01
7.4100e+03,3.2393e-02,4.6518e+00,1.7502e+01,2.8466e+00,1.1934e-01
7.4200e+03,3.2215e-02,4.6517e+00,1.7502e+01,2.8467e+00,1.1935e-01
7.4300e+03,3.2037e-02,4.6515e+00,1.7502e+01,2.8469e+00,1.1936e-01
7.4400e+03,3.1860e-02,4.6513e+00,1.7502e+01,2.8471e+00,1.1937e-01
7.4500e+03,3.1684e-02,4.6511e+00,1.7502e+01,2.8472e+00,1.1938e-01
7.4600e+03,3.1509e-02,4.6510e+00,1.7502e+01,2.8474e+00,1.1939e-01
7.4700e+03,3.1335e-02,4.6508e+00,1.7502e+01,2.8476e+00,1.1940e-01
7.4800e+03,3.1162e-02,4.6507e+00,1.7502e+01,2.8477e+00,1.1941e-01
7.4900e+03,3.0990e-02,4.6505e+00,1.7502e+01,2.8479e+00,1.1941e-01
7.5000e+03,3.0819e-02,4.6503e+00,1.7502e+01,2.8480e+00,1.1942e-01
7.5100e+03,3.0649e-02,4.6502e+00,1.7502e+01,2.8482e+00,1.1943e-01
7.5200e+03,3.0480e-02,4.6500e+00,1.7502e+01,2.8484e+00,1.1944e-01
7.5300e+03,3.0312e-02,4.6498e+00,1.7502e+01,2.8485e+00,1.1945e-01
7.5400e+03,3.0144e-02,4.6497e+00,1.7502e+01,2.8487e+00,1.1946e-01
7.5500e+03,2.9978e-02,4.6495e+00,1.7502e+01,2.8488e+00,1.1947e-01
7.5600e+03,2.9813e-02,4.6494e+00,1.7502e+01,2.8490e+00,1.1947e-01
7.5700e+03,2.9648e-02,4.6492e+00,1.7502e+01,2.8492e+00,1.1948e-01
7.5800e+03,2.9484e-02,4.6491e+00,1.7502e+01,2.8493e+00,1.1949e-01
7.5900e+03,2.9322e-02,4.6489e+00,1.7502e+01,2.8495e+00,1.1950e-01
7.6000e+03,2.9160e-02,4.6488e+00,1.7502e+01,2.8496e+00,1.1951e-01
7.6100e+03,2.8999e-02,4.6486e+00,1.7502e+01,2.8498e+00,1.1952e-01
7.6200e+03,2.8839e-02,4.6484e+00,1.7502e+01,2.8499e+00,1.1952e-01
7.6300e+03,2.8680e-02,4.6483e+00,1.7502e+01,2.8501e+00,1.1953e-01
7.6400e+03,2.8522e-02,4.6481e+00,1.7502e+01,2.8502e+00,1.1954e-01
7.6500e+03,2.8364e-02,4.6480e+00,1.7502e+01,2.8504e+00,1.1955e-01
7.6600e+03,2.8208e-02,4.6478e+00,1.7502e+01,2.8505e+00,1.1956e-01
7.6700e+03,2.8052e-02,4.6477e+00,1.7502e+01,2.8507e+00,1.1956e-01
7.6800e+03,2.7897e-02,4.6476e+00,1.7502e+01,2.8508e+00,1.1957e-01
7.6900e+03,2.7744e-02,4.6474e+00,1.7502e+01,2.8510e+00,1.1958e-01
7.7000e+03,2.7591e-02,4.6473e+00,1.7502e+01,2.8511e+00,1.1959e-01
7.7100e+03,2.7438e-02,4.6471e+00,1.7502e+01,2.8513e+00,1.1960e-01
7.7200e+03,2.7287e-02,4.6470e+00,1.7502e+01,2.8514e+00,1.1960e-01
7.7300e+03,2.7137e-02,4.6468e+00,1.7502e+01,2.8515e+00,1.1961e-01
7.7400e+03,2.6987e-02,4.6467e+00,1.7502e+01,2.8517e+00,1.1962e-01
7.7500e+03,2.6838e-02,4.6465e+00,1.7502e+01,2.8518e+00,1.1963e-01
7.7600e+03,2.6690e-02,4.6464e+00,1.7502e+01,2.8520e+00,1.1963e-01
7.7700e+03,2.6543e-02,4.6463e+00,1.7502e+01,2.8521e+00,1.1964e-01
7.7800e+03,2.6396e-02,4.6461e+00,1.7502e+01,2.8522e+00,1.1965e-01
7.7900e+03,2.6251e-02,4.6460e+00,1.7502e+01,2.8524e+00,1.1966e-01
7.8000e+03,2.6106e-02,4.6459e+00,1.7502e+01,2.8525e+00,1.1966e-01
7.8100e+03,2.5962e-02,4.6457e+00,1.7502e+01,2.8527e+00,1.1967e-01
7.8200e+03,2.5819e-02,4.6456e+00,1.7502e+01,2.8528e+00,1.1968e-01
7.8300e+03,2.5677e-02,4.6454e+00,1.7502e+01,2.8529e+00,1.1969e-01
7.8400e+03,2.5535e-02,4.6453e+00,1.7502e+01,2.8531e+00,1.1969e-01
7.8500e+03,2.5394e-02,4.6452e+00,1.7502e+01,2.8532e+00,1.1970e-01
7.8600e+03,2.5254e-02,4.6450e+00,1.7502e+01,2.8533e+00,1.1971e-01
7.8700e+03,2.5115e-02,4.6449e+00,1.7502e+01,2.8535e+00,1.1971e-01
7.8800e+03,2.4977e-02,4.6448e+00,1.7502e+01,2.8536e+00,1.1972e-01
7.8900e+03,2.4839e-02,4.6446e+00,1.7502e+01,2.8537e+00,1.1973e-01
7.9000e+03,2.4702e-02,4.6445e+00,1.7502e+01,2.8538e+00,1.1974e-01
7.9100e+03,2.4566e-02,4.6444e+00,1.7502e+01,2.8540e+00,1.1974e-01
7.9200e+03,2.4430e-02,4.6443e+00,1.7502e+01,2.8541e+00,1.1975e-01
7.9300e+03,2.4296e-02,4.6441e+00,1.7502e+01,2.8542e+00,1.1976e-01
7.9400e+03,2.4162e-02,4.6440e+00,1.7502e+01,2.8544e+00,1.1976e-01
7.9500e+03,2.4028e-02,4.6439e+00,1.7502e+01,2.8545e+00,1.1977e-01
7.9600e+03,2.3896e-02,4.6438e+00,1.7502e+01,2.8546e+00,1.1978e-01
7.9700e+03,2.3764e-02,4.6436e+00,1.7502e+01,2.8547e+00,1.1978e-01
7.9800e+03,2.3633e-02,4.6435e+00,1.7502e+01,2.8549e+00,1.1979e-01
7.9900e+03,2.3503e-02,4.6434e+00,1.7502e+01,2.8550e+00,1.1980e-01
8.0000e+03,2.3374e-02,4.6433e+00,1.7502e+01,2.8551e+00,1.1980e-01
8.0100e+03,2.3245e-02,4.6431e+00,1.7502e+01,2.8552e+00,1.1981e-01
8.0200e+03,2.3117e-02,4.6430e+00,1.7502e+01,2.8554e+00,1.1982e-01
8.0300e+03,2.2989e-02,4.6429e+00,1.7502e+01,2.8555e+00,1.1982e-01
8.0400e+03,2.2862e-02,4.6428e+00,1.7502e+01,2.8556e+00,1.1983e-01
8.0500e+03,2.2736e-02,4.6427e+00,1.7502e+01,2.8557e+00,1.1984e-01
8.0600e+03,2.2611e-02,4.6425e+00,1.7502e+01,2.8558e+00,1.1984e-01
8.0700e+03,2.2487e-02,4.6424e+00,1.7502e+01,2.8560e+00,1.1985e-01
8.0800e+03,2.2363e-02,4.6423e+00,1.7502e+01,2.8561e+00,1.1985e-01
8.0900e+03,2.2239e-02,4.6422e+00,1.7502e+01,2.8562e+00,1.1986e-01
8.1000e+03,2.2117e-02,4.6421e+00,1.7502e+01,2.8563e+00,1.1987e-01
8.1100e+03,2.1995e-02,4.6419e+00,1.7502e+01,2.8564e+00,1.1987e-01
8.1200e+03,2.1874e-02,4.6418e+00,1.7502e+01,2.8565e+00,1.1988e-01
8.1300e+03,2.1753e-02,4.6417e+00,1.7502e+01,2.8566e+00,1.1989e-01
8.1400e+03,2.1633e-02,4.6416e+00,1.7502e+01,2.8568e+00,1.1989e-01
8.1500e+03,2.1514e-02,4.6415e+00,1.7502e+01,2.8569e+00,1.1990e-01
8.1600e+03,2.1396e-02,4.6414e+00,1.7502e+01,2.8570e+00,1.1990e-01
8.1700e+03,2.1278e-02,4.6413e+00,1.7502e+01,2.8571e+00,1.1991e-01
8.1800e+03,2.1161e-02,4.6412e+00,1.7502e+01,2.8572e+00,1.1992e-01
8.1900e+03,2.1044e-02,4.6410e+00,1.7502e+01,2.8573e+00,1.1992e-01
8.2000e+03,2.0928e-02,4.6409e+00,1.7502e+01,2.8574e+00,1.1993e-01
8.2100e+03,2.0813e-02,4.6408e+00,1.7502e+01,2.8575e+00,1.1993e-01
8.2200e+03,2.0698e-02,4.6407e+00,1.7502e+01,2.8576e+00,1.1994e-01
8.2300e+03,2.0584e-02,4.6406e+00,1.7502e+01,2.8578e+00,1.1995e-01
8.2400e+03,2.0471e-02,4.6405e+00,1.7502e+01,2.8579e+00,1.1995e-01
8.2500e+03,2.0358e-02,4.6404e+00,1.7502e+01,2.8580e+00,1.1996e-01
8.2600e+03,2.0246e-02,4.6403e+00,1.7502e+01,2.8581e+00,1.1996e-01
8.2700e+03,2.0134e-02,4.6402e+00,1.7502e+01,2.8582e+00,1.1997e-01
8.2800e+03,2.0023e-02,4.6401e+00,1.7502e+01,2.8583e+00,1.1997e-01
8.2900e+03,1.9913e-02,4.6400e+00,1.7502e+01,2.8584e+00,1.1998e-01
8.3000e+03,1.9803e-02,4.6399e+00,1.7502e+01,2.8585e+00,1.1999e-01
8.3100e+03,1.9694e-02,4.6398e+00,1.7502e+01,2.8586e+00,1.1999e-01
8.3200e+03,1.9586e-02,4.6397e+00,1.7502e+01,2.8587e+00,1.2000e-01
8.3300e+03,1.9478e-02,4.6396e+00,1.7502e+01,2.8588e+00,1.2000e-01
8.3400e+03,1.9371e-02,4.6395e+00,1.7502e+01,2.8589e+00,1.2001e-01
8.3500e+03,1.9264e-02,4.6394e+00,1.7502e+01,2.8590e+00,1.2001e-01
8.3600e+03,1.9158e-02,4.6393e+00,1.7502e+01,2.8591e+00,1.2002e-01
8.3700e+03,1.9053e-02,4.6392e+00,1.7502e+01,2.8592e+00,1.2002e-01
8.3800e+03,1.8948e-02,4.6391e+00,1.7502e+01,2.8593e+00,1.2003e-01
8.3900e+03,1.8843e-02,4.6390e+00,1.7502e+01,2.8594e+00,1.2003e-01
8.4000e+03,1.8739e-02,4.6389e+00,1.7502e+01,2.8595e+00,1.2004e-01
8.4100e+03,1.8636e-02,4.6388e+00,1.7502e+01,2.8596e+00,1.2005e-01
8.4200e+03,1.8534e-02,4.6387e+00,1.7502e+01,2.8597e+00,1.2005e-01
8.4300e+03,1.8432e-02,4.6386e+00,1.7502e+01,2.8598e+00,1.2006e-01
8.4400e+03,1.8330e-02,4.6385e+00,1.7502e+01,2.8599e+00,1.2006e-01
8.4500e+03,1.8229e-02,4.6384e+00,1.7502e+01,2.8600e+00,1.2007e-01
8.4600e+03,1.8129e-02,4.6383e+00,1.7502e+01,2.8601e+00,1.2007e-01
8.4700e+03,1.8029e-02,4.6382e+00,1.7502e+01,2.8602e+00,1.2008e-01
8.4800e+03,1.7930e-02,4.6381e+00,1.7502e+01,2.8603e+00,1.2008e-01
8.4900e+03,1.7831e-02,4.6380e+00,1.7502e+01,2.8604e+00,1.2009e-01
8.5000e+03,1.7733e-02,4.6379e+00,1.7502e+01,2.8605e+00,1.2009e-01
8.5100e+03,1.7635e-02,4.6378e+00,1.7502e+01,2.8606e+00,1.2010e-01
8.5200e+03,1.7538e-02,4.6377e+00,1.7502e+01,2.8606e+00,1.2010e-01
8.5300e+03,1.7442e-02,4.6376e+00,1.7502e+01,2.8607e+00,1.2011e-01
8.5400e+03,1.7346e-02,4.6375e+00,1.7502e+01,2.8608e+00,1.2011e-01
8.5500e+03,1.7250e-02,4.6374e+00,1.7502e+01,2.8609e+00,1.2012e-01
8.5600e+03,1.7155e-02,4.6374e+00,1.7502e+01,2.8610e+00,1.2012e-01
8.5700e+03,1.7061e-02,4.6373e+00,1.7502e+01,2.8611e+00,1.2013e-01
8.5800e+03,1.6967e-02,4.6372e+00,1.7502e+01,2.8612e+00,1.2013e-01
8.5900e+03,1.6873e-02,4.6371e+00,1.7502e+01,2.8613e+00,1.2014e-01
8.6000e+03,1.6780e-02,4.6370e+00,1.7502e+01,2.8614e+00,1.2014e-01
8.6100e+03,1.6688e-02,4.6369e+00,1.7502e+01,2.8615e+00,1.2014e-01
8.6200e+03,1.6596e-02,4.6368e+00,1.7502e+01,2.8615e+00,1.2015e-01
8.6300e+03,1.6505e-02,4.6367e+00,1.7502e+01,2.8616e+00,1.2015e-01
8.6400e+03,1.6414e-02,4.6367e+00,1.7502e+01,2.8617e+00,1.2016e-01
8.6500e+03,1.6324e-02,4.6366e+00,1.7502e+01,2.8618e+00,1.2016e-01
8.6600e+03,1.6234e-02,4.6365e+00,1.7502e+01,2.8619e+00,1.2017e-01
8.6700e+03,1.6144e-02,4.6364e+00,1.7502e+01,2.8620e+00,1.2017e-01
8.6800e+03,1.6056e-02,4.6363e+00,1.7502e+01,2.8621e+00,1.2018e-01
8.6900e+03,1.5967e-02,4.6362e+00,1.7502e+01,2.8621e+00,1.2018e-01
8.7000e+03,1.5879e-02,4.6361e+00,1.7502e+01,2.8622e+00,1.2019e-01
8.7100e+03,1.5792e-02,4.6361e+00,1.7502e+01,2.8623e+00,1.2019e-01
8.7200e+03,1.5705e-02,4.6360e+00,1.7502e+01,2.8624e+00,1.2020e-01
8.7300e+03,1.5619e-02,4.6359e+00,1.7502e+01,2.8625e+00,1.2020e-01
8.7400e+03,1.5533e-02,4.6358e+00,1.7502e+01,2.8626e+00,1.2020e-01
8.7500e+03,1.5447e-02,4.6357e+00,1.7502e+01,2.8626e+00,1.2021e-01
8.7600e+03,1.5362e-02,4.6357e+00,1.7502e+01,2.8627e+00,1.2021e-01
8.7700e+03,1.5278e-02,4.6356e+00,1.7502e+01,2.8628e+00,1.2022e-01
8.7800e+03,1.5194e-02,4.6355e+00,1.7502e+01,2.8629e+00,1.2022e-01
8.7900e+03,1.5110e-02,4.6354e+00,1.7502e+01,2.8630e+00,1.2023e-01
8.8000e+03,1.5027e-02,4.6353e+00,1.7502e+01,2.8630e+00,1.2023e-01
8.8100e+03,1.4944e-02,4.6353e+00,1.7502e+01,2.8631e+00,1.2023e-01
8.8200e+03,1.4862e-02,4.6352e+00,1.7502e+01,2.8632e+00,1.2024e-01
8.8300e+03,1.4780e-02,4.6351e+00,1.7502e+01,2.8633e+00,1.2024e-01
8.8400e+03,1.4699e-02,4.6350e+00,1.7502e+01,2.8633e+00,1.2025e-01
8.8500e+03,1.4618e-02,4.6349e+00,1.7502e+01,2.8634e+00,1.2025e-01
8.8600e+03,1.4537e-02,4.6349e+00,1.7502e+01,2.8635e+00,1.2025e-01
8.8700e+03,1.4458e-02,4.6348e+00,1.7502e+01,2.8636e+00,1.2026e-01
8.8800e+03,1.4378e-02,4.6347e+00,1.7502e+01,2.8636e+00,1.2026e-01
8.8900e+03,1.4299e-02,4.6346e+00,1.7502e+01,2.8637e+00,1.2027e-01
8.9000e+03,1.4220e-02,4.6346e+00,1.7502e+01,2.8638e+00,1.2027e-01
8.9100e+03,1.4142e-02,4.6345e+00,1.7502e+01,2.8639e+00,1.2028e-01
8.9200e+03,1.4064e-02,4.6344e+00,1.7502e+01,2.8639e+00,1.2028e-01
8.9300e+03,1.3987e-02,4.6343e+00,1.7502e+01,2.8640e+00,1.2028e-01
8.9400e+03,1.3910e-02,4.6343e+00,1.7502e+01,2.8641e+00,1.2029e-01
8.9500e+03,1.3833e-02,4.6342e+00,1.7502e+01,2.8642e+00,1.2029e-01
8.9600e+03,1.3757e-02,4.6341e+00,1.7502e+01,2.8642e+00,1.2029e-01
8.9700e+03,1.3681e-02,4.6341e+00,1.7502e+01,2.8643e+00,1.2030e-01
8.9800e+03,1.3606e-02,4.6340e+00,1.7502e+01,2.8644e+00,1.2030e-01
8.9900e+03,1.3531e-02,4.6339e+00,1.7502e+01,2.8644e+00,1.2031e-01
9.0000e+03,1.3457e-02,4.6338e+00,1.7502e+01,2.8645e+00,1.2031e-01
9.0100e+03,1.3383e-02,4.6338e+00,1.7502e+01,2.8646e+00,1.2031e-01
9.0200e+03,1.3309e-02,4.6337e+00,1.7502e+01,2.8647e+00,1.2032e-01
9.0300e+03,1.3236e-02,4.6336e+00,1.7502e+01,2.8647e+00,1.2032e-01
9.0400e+03,1.3163e-02,4.6336e+00,1.7502e+01,2.8648e+00,1.2033e-01
9.0500e+03,1.3091e-02,4.6335e+00,1.7502e+01,2.8649e+00,1.2033e-01
9.0600e+03,1.3019e-02,4.6334e+00,1.7502e+01,2.8649e+00,1.2033e-01
9.0700e+03,1.2947e-02,4.6334e+00,1.7502e+01,2.8650e+00,1.2034e-01
9.0800e+03,1.2876e-02,4.6333e+00,1.7502e+01,2.8651e+00,1.2034e-01
9.0900e+03,1.2805e-02,4.6332e+00,1.7502e+01,2.8651e+00,1.2034e-01
9.1000e+03,1.2735e-02,4.6332e+00,1.7502e+01,2.8652e+00,1.2035e-01
9.1100e+03,1.2665e-02,4.6331e+00,1.7502e+01,2.8653e+00,1.2035e-01
9.1200e+03,1.2595e-02,4.6330e+00,1.7502e+01,2.8653e+00,1.2035e-01
9.1300e+03,1.2526e-02,4.6330e+00,1.7502e+01,2.8654e+00,1.2036e-01
9.1400e+03,1.2457e-02,4.6329e+00,1.7502e+01,2.8655e+00,1.2036e-01
9.1500e+03,1.2388e-02,4.6328e+00,1.7502e+01,2.8655e+00,1.2036e-01
9.1600e+03,1.2320e-02,4.6328e+00,1.7502e+01,2.8656e+00,1.2037e-01
9.1700e+03,1.2252e-02,4.6327e+00,1.7502e+01,2.8657e+00,1.2037e-01
9.1800e+03,1.2185e-02,4.6326e+00,1.7502e+01,2.8657e+00,1.2038e-01
9.1900e+03,1.2118e-02,4.6326e+00,1.7502e+01,2.8658e+00,1.2038e-01
9.2000e+03,1.2051e-02,4.6325e+00,1.7502e+01,2.8659e+00,1.2038e-01
9.2100e+03,1.1985e-02,4.6324e+00,1.7502e+01,2.8659e+00,1.2039e-01
9.2200e+03,1.1919e-02,4.6324e+00,1.7502e+01,2.8660e+00,1.2039e-01
9.2300e+03,1.1854e-02,4.6323e+00,1.7502e+01,2.8660e+00,1.2039e-01
9.2400e+03,1.1789e-02,4.6323e+00,1.7502e+01,2.8661e+00,1.2040e-01
9.2500e+03,1.1724e-02,4.6322e+00,1.7502e+01,2.8662e+00,1.2040e-01
9.2600e+03,1.1659e-02,4.6321e+00,1.7502e+01,2.8662e+00,1.2040e-01
9.2700e+03,1.1595e-02,4.6321e+00,1.7502e+01,2.8663e+00,1.2041e-01
9.2800e+03,1.1531e-02,4.6320e+00,1.7502e+01,2.8663e+00,1.2041e-01
9.2900e+03,1.1468e-02,4.6320e+00,1.7502e+01,2.8664e+00,1.2041e-01
9.3000e+03,1.1405e-02,4.6319e+00,1.7502e+01,2.8665e+00,1.2042e-01
9.3100e+03,1.1342e-02,4.6318e+00,1.7502e+01,2.8665e+00,1.2042e-01
9.3200e+03,1.1280e-02,4.6318e+00,1.7502e+01,2.8666e+00,1.2042e-01
9.3300e+03,1.1218e-02,4.6317e+00,1.7502e+01,2.8666e+00,1.2042e-01
9.3400e+03,1.1156e-02,4.6317e+00,1.7502e+01,2.8667e+00,1.2043e-01
9.3500e+03,1.1095e-02,4.6316e+00,1.7502e+01,2.8668e+00,1.2043e-01
9.3600e+03,1.1034e-02,4.6315e+00,1.7502e+01,2.8668e+00,1.2043e-01
9.3700e+03,1.0973e-02,4.6315e+00,1.7502e+01,2.8669e+00,1.2044e-01
9.3800e+03,1.0913e-02,4.6314e+00,1.7502e+01,2.8669e+00,1.2044e-01
9.3900e+03,1.0853e-02,4.6314e+00,1.7502e+01,2.8670e+00,1.2044e-01
9.4000e+03,1.0793e-02,4.6313e+00,1.7502e+01,2.8670e+00,1.2045e-01
9.4100e+03,1.0734e-02,4.6313e+00,1.7502e+01,2.8671e+00,1.2045e-01
9.4200e+03,1.0675e-02,4.6312e+00,1.7502e+01,2.8672e+00,1.2045e-01
9.4300e+03,1.0616e-02,4.6311e+00,1.7502e+01,2.8672e+00,1.2046e-01
9.4400e+03,1.0558e-02,4.6311e+00,1.7502e+01,2.8673e+00,1.2046e-01
9.4500e+03,1.0500e-02,4.6310e+00,1.7502e+01,2.8673e+00,1.2046e-01
9.4600e+03,1.0442e-02,4.6310e+00,1.7502e+01,2.8674e+00,1.2046e-01
9.4700e+03,1.0384e-02,4.6309e+00,1.7502e+01,2.8674e+00,1.2047e-01
9.4800e+03,1.0327e-02,4.6309e+00,1.7502e+01,2.8675e+00,1.2047e-01
9.4900e+03,1.0271e-02,4.6308e+00,1.7502e+01,2.8675e+00,1.2047e-01
9.5000e+03,1.0214e-02,4.6308e+00,1.7502e+01,2.8676e+00,1.2048e-01
9.5100e+03,1.0158e-02,4.6307e+00,1.7502e+01,2.8676e+00,1.2048e-01
9.5200e+03,1.0102e-02,4.6307e+00,1.7502e+01,2.8677e+00,1.2048e-01
9.5300e+03,1.0047e-02,4.6306e+00,1.7502e+01,2.8678e+00,1.2048e-01
9.5400e+03,9.9913e-03,4.6306e+00,1.7502e+01,2.8678e+00,1.2049e-01
9.5500e+03,9.9364e-03,4.6305e+00,1.7502e+01,2.8679e+00,1.2049e-01
9.5600e+03,9.8818e-03,4.6304e+00,1.7502e+01,2.8679e+00,1.2049e-01
9.5700e+03,9.8275e-03,4.6304e+00,1.7502e+01,2.8680e+00,1.2050e-01
9.5800e+03,9.7734e-03,4.6303e+00,1.7502e+01,2.8680e+00,1.2050e-01
9.5900e+03,9.7197e-03,4.6303e+00,1.7502e+01,2.8681e+00,1.2050e-01
9.6000e+03,9.6663e-03,4.6302e+00,1.7502e+01,2.8681e+00,1.2050e-01
9.6100e+03,9.6131e-03,4.6302e+00,1.7502e+01,2.8682e+00,1.2051e-01
