t,[L2M],[D],[L],[L2MD],[L2Ms]
0.0000e+00,3.0000e+00,7.5000e+00,1.0000e+01,0.0000e+00,0.0000e+00
1.0000e+01,2.9526e+00,7.4569e+00,1.0003e+01,4.2937e-02,1.4353e-03
2.0000e+01,2.9090e+00,7.4147e+00,1.0003e+01,8.5170e-02,2.8553e-03
3.0000e+01,2.8662e+00,7.3732e+00,1.0003e+01,1.2655e-01,4.2545e-03
4.0000e+01,2.8243e+00,7.3326e+00,1.0003e+01,1.6711e-01,5.6334e-03
5.0000e+01,2.7831e+00,7.2929e+00,1.0003e+01,2.0686e-01,6.9924e-03
6.0000e+01,2.7428e+00,7.2538e+00,1.0003e+01,2.4583e-01,8.3318e-03
7.0000e+01,2.7033e+00,7.2156e+00,1.0003e+01,2.8404e-01,9.6521e-03
8.0000e+01,2.6645e+00,7.1781e+00,1.0003e+01,3.2151e-01,1.0954e-02
9.0000e+01,2.6265e+00,7.1413e+00,1.0003e+01,3.5825e-01,1.2237e-02
1.0000e+02,2.5892e+00,7.1052e+00,1.0003e+01,3.9430e-01,1.3502e-02
1.1000e+02,2.5526e+00,7.0698e+00,1.0003e+01,4.2966e-01,1.4749e-02
1.2000e+02,2.5167e+00,7.0351e+00,1.0003e+01,4.6435e-01,1.5979e-02
1.3000e+02,2.4814e+00,7.0010e+00,1.0003e+01,4.9840e-01,1.7191e-02
1.4000e+02,2.4468e+00,6.9676e+00,1.0003e+01,5.3181e-01,1.8387e-02
1.5000e+02,2.4128e+00,6.9348e+00,1.0003e+01,5.6460e-01,1.9567e-02
1.6000e+02,2.3795e+00,6.9025e+00,1.0003e+01,5.9679e-01,2.0730e-02
1.7000e+02,2.3467e+00,6.8709e+00,1.0003e+01,6.2840e-01,2.1877e-02
1.8000e+02,2.3146e+00,6.8398e+00,1.0003e+01,6.5943e-01,2.3009e-02
1.9000e+02,2.2830e+00,6.8093e+00,1.0003e+01,6.8991e-01,2.4125e-02
2.0000e+02,2.2519e+00,6.7794e+00,1.0003e+01,7.1984e-01,2.5227e-02
2.1000e+02,2.2215e+00,6.7500e+00,1.0003e+01,7.4923e-01,2.6313e-02
2.2000e+02,2.1915e+00,6.7211e+00,1.0003e+01,7.7811e-01,2.7385e-02
2.3000e+02,2.1621e+00,6.6926e+00,1.0003e+01,8.0649e-01,2.8443e-02
2.4000e+02,2.1332e+00,6.6647e+00,1.0003e+01,8.3437e-01,2.9486e-02
2.5000e+02,2.1047e+00,6.6373e+00,1.0003e+01,8.6176e-01,3.0516e-02
2.6000e+02,2.0768e+00,6.6104e+00,1.0003e+01,8.8868e-01,3.1532e-02
2.7000e+02,2.0493e+00,6.5839e+00,1.0003e+01,9.1515e-01,3.2535e-02
2.8000e+02,2.0223e+00,6.5579e+00,1.0003e+01,9.4116e-01,3.3524e-02
2.9000e+02,1.9958e+00,6.5323e+00,1.0003e+01,9.6673e-01,3.4501e-02
3.0000e+02,1.9697e+00,6.5071e+00,1.0003e+01,9.9187e-01,3.5465e-02
3.1000e+02,1.9440e+00,6.4823e+00,1.0003e+01,1.0166e+00,3.6417e-02
3.2000e+02,1.9188e+00,6.4580e+00,1.0003e+01,1.0409e+00,3.7356e-02
3.3000e+02,1.8939e+00,6.4341e+00,1.0003e+01,1.0648e+00,3.8283e-02
3.4000e+02,1.8695e+00,6.4106e+00,1.0003e+01,1.0883e+00,3.9198e-02
3.5000e+02,1.8455e+00,6.3874e+00,1.0003e+01,1.1114e+00,4.0102e-02
3.6000e+02,1.8218e+00,6.3646e+00,1.0003e+01,1.1342e+00,4.0994e-02
3.7000e+02,1.7986e+00,6.3422e+00,1.0003e+01,1.1566e+00,4.1875e-02
3.8000e+02,1.7757e+00,6.3202e+00,1.0003e+01,1.1786e+00,4.2744e-02
3.9000e+02,1.7531e+00,6.2985e+00,1.0003e+01,1.2003e+00,4.3603e-02
4.0000e+02,1.7310e+00,6.2771e+00,1.0003e+01,1.2216e+00,4.4451e-02
4.1000e+02,1.7091e+00,6.2561e+00,1.0003e+01,1.2426e+00,4.5288e-02
4.2000e+02,1.6877e+00,6.2355e+00,1.0003e+01,1.2632e+00,4.6114e-02
4.3000e+02,1.6665e+00,6.2151e+00,1.0003e+01,1.2836e+00,4.6931e-02
4.4000e+02,1.6457e+00,6.1951e+00,1.0003e+01,1.3036e+00,4.7737e-02
4.5000e+02,1.6252e+00,6.1754e+00,1.0003e+01,1.3233e+00,4.8533e-02
4.6000e+02,1.6050e+00,6.1560e+00,1.0003e+01,1.3427e+00,4.9319e-02
4.7000e+02,1.5852e+00,6.1368e+00,1.0003e+01,1.3618e+00,5.0096e-02
4.8000e+02,1.5656e+00,6.1180e+00,1.0003e+01,1.3806e+00,5.0863e-02
4.9000e+02,1.5463e+00,6.0995e+00,1.0003e+01,1.3991e+00,5.1621e-02
5.0000e+02,1.5273e+00,6.0812e+00,1.0003e+01,1.4173e+00,5.2369e-02
5.1000e+02,1.5086e+00,6.0633e+00,1.0003e+01,1.4353e+00,5.3109e-02
5.2000e+02,1.4902e+00,6.0456e+00,1.0003e+01,1.4529e+00,5.3839e-02
5.3000e+02,1.4721e+00,6.0281e+00,1.0003e+01,1.4704e+00,5.4561e-02
5.4000e+02,1.4542e+00,6.0109e+00,1.0003e+01,1.4875e+00,5.5273e-02
5.5000e+02,1.4366e+00,5.9940e+00,1.0003e+01,1.5044e+00,5.5978e-02
5.6000e+02,1.4192e+00,5.9773e+00,1.0003e+01,1.5211e+00,5.6673e-02
5.7000e+02,1.4021e+00,5.9609e+00,1.0003e+01,1.5375e+00,5.7361e-02
5.8000e+02,1.3853e+00,5.9447e+00,1.0003e+01,1.5537e+00,5.8040e-02
5.9000e+02,1.3687e+00,5.9288e+00,1.0003e+01,1.5696e+00,5.8711e-02
6.0000e+02,1.3523e+00,5.9131e+00,1.0003e+01,1.5853e+00,5.9374e-02
6.1000e+02,1.3362e+00,5.8976e+00,1.0003e+01,1.6008e+00,6.0029e-02
6.2000e+02,1.3203e+00,5.8823e+00,1.0003e+01,1.6160e+00,6.0676e-02
6.3000e+02,1.3046e+00,5.8673e+00,1.0003e+01,1.6311e+00,6.1316e-02
6.4000e+02,1.2892e+00,5.8524e+00,1.0003e+01,1.6459e+00,6.1948e-02
6.5000e+02,1.2739e+00,5.8378e+00,1.0003e+01,1.6605e+00,6.2573e-02
6.6000e+02,1.2589e+00,5.8234e+00,1.0003e+01,1.6749e+00,6.3190e-02
6.7000e+02,1.2441e+00,5.8092e+00,1.0003e+01,1.6891e+00,6.3801e-02
6.8000e+02,1.2295e+00,5.7952e+00,1.0003e+01,1.7031e+00,6.4404e-02
6.9000e+02,1.2151e+00,5.7814e+00,1.0003e+01,1.7169e+00,6.5000e-02
7.0000e+02,1.2009e+00,5.7677e+00,1.0003e+01,1.7305e+00,6.5589e-02
7.1000e+02,1.1869e+00,5.7543e+00,1.0003e+01,1.7439e+00,6.6171e-02
7.2000e+02,1.1731e+00,5.7411e+00,1.0003e+01,1.7571e+00,6.6746e-02
7.3000e+02,1.1595e+00,5.7280e+00,1.0003e+01,1.7702e+00,6.7315e-02
7.4000e+02,1.1461e+00,5.7151e+00,1.0003e+01,1.7831e+00,6.7877e-02
7.5000e+02,1.1328e+00,5.7024e+00,1.0003e+01,1.7958e+00,6.8433e-02
7.6000e+02,1.1198e+00,5.6899e+00,1.0003e+01,1.8083e+00,6.8983e-02
7.7000e+02,1.1069e+00,5.6775e+00,1.0003e+01,1.8206e+00,6.9526e-02
7.8000e+02,1.0941e+00,5.6653e+00,1.0003e+01,1.8328e+00,7.0062e-02
7.9000e+02,1.0816e+00,5.6533e+00,1.0003e+01,1.8448e+00,7.0593e-02
8.0000e+02,1.0692e+00,5.6415e+00,1.0003e+01,1.8567e+00,7.1118e-02
8.1000e+02,1.0570e+00,5.6298e+00,1.0003e+01,1.8684e+00,7.1636e-02
8.2000e+02,1.0450e+00,5.6182e+00,1.0003e+01,1.8799e+00,7.2149e-02
8.3000e+02,1.0331e+00,5.6068e+00,1.0003e+01,1.8913e+00,7.2656e-02
8.4000e+02,1.0213e+00,5.5956e+00,1.0003e+01,1.9025e+00,7.3157e-02
8.5000e+02,1.0098e+00,5.5845e+00,1.0003e+01,1.9136e+00,7.3653e-02
8.6000e+02,9.9834e-01,5.5735e+00,1.0003e+01,1.9245e+00,7.4143e-02
8.7000e+02,9.8707e-01,5.5627e+00,1.0003e+01,1.9353e+00,7.4627e-02
8.8000e+02,9.7594e-01,5.5521e+00,1.0003e+01,1.9460e+00,7.5106e-02
8.9000e+02,9.6496e-01,5.5416e+00,1.0003e+01,1.9565e+00,7.5580e-02
9.0000e+02,9.5412e-01,5.5312e+00,1.0003e+01,1.9668e+00,7.6048e-02
9.1000e+02,9.4342e-01,5.5209e+00,1.0003e+01,1.9771e+00,7.6512e-02
9.2000e+02,9.3286e-01,5.5108e+00,1.0003e+01,1.9872e+00,7.6969e-02
9.3000e+02,9.2243e-01,5.5008e+00,1.0003e+01,1.9971e+00,7.7422e-02
9.4000e+02,9.1214e-01,5.4910e+00,1.0003e+01,2.0070e+00,7.7870e-02
9.5000e+02,9.0198e-01,5.4813e+00,1.0003e+01,2.0167e+00,7.8313e-02
9.6000e+02,8.9195e-01,5.4717e+00,1.0003e+01,2.0263e+00,7.8751e-02
9.7000e+02,8.8205e-01,5.4622e+00,1.0003e+01,2.0358e+00,7.9184e-02
9.8000e+02,8.7227e-01,5.4528e+00,1.0003e+01,2.0451e+00,7.9612e-02
9.9000e+02,8.6262e-01,5.4436e+00,1.0003e+01,2.0543e+00,8.0036e-02
1.0000e+03,8.5309e-01,5.4345e+00,1.0003e+01,2.0635e+00,8.0454e-02
1.0100e+03,8.4368e-01,5.4255e+00,1.0003e+01,2.0725e+00,8.0869e-02
1.0200e+03,8.3438e-01,5.4166e+00,1.0003e+01,2.0813e+00,8.1278e-02
1.0300e+03,8.2521e-01,5.4078e+00,1.0003e+01,2.0901e+00,8.1684e-02
1.0400e+03,8.1614e-01,5.3991e+00,1.0003e+01,2.0988e+00,8.2084e-02
1.0500e+03,8.0719e-01,5.3905e+00,1.0003e+01,2.1073e+00,8.2481e-02
1.0600e+03,7.9835e-01,5.3821e+00,1.0003e+01,2.1158e+00,8.2873e-02
1.0700e+03,7.8962e-01,5.3737e+00,1.0003e+01,2.1241e+00,8.3261e-02
1.0800e+03,7.8100e-01,5.3655e+00,1.0003e+01,2.1324e+00,8.3644e-02
1.0900e+03,7.7249e-01,5.3574e+00,1.0003e+01,2.1405e+00,8.4023e-02
1.1000e+03,7.6408e-01,5.3493e+00,1.0003e+01,2.1485e+00,8.4399e-02
1.1100e+03,7.5577e-01,5.3414e+00,1.0003e+01,2.1565e+00,8.4770e-02
1.1200e+03,7.4756e-01,5.3335e+00,1.0003e+01,2.1643e+00,8.5137e-02
1.1300e+03,7.3946e-01,5.3258e+00,1.0003e+01,2.1720e+00,8.5500e-02
1.1400e+03,7.3145e-01,5.3181e+00,1.0003e+01,2.1797e+00,8.5859e-02
1.1500e+03,7.2354e-01,5.3106e+00,1.0003e+01,2.1872e+00,8.6215e-02
1.1600e+03,7.1573e-01,5.3031e+00,1.0003e+01,2.1947e+00,8.6566e-02
1.1700e+03,7.0801e-01,5.2957e+00,1.0003e+01,2.2021e+00,8.6914e-02
1.1800e+03,7.0038e-01,5.2884e+00,1.0003e+01,2.2094e+00,8.7258e-02
1.1900e+03,6.9285e-01,5.2812e+00,1.0003e+01,2.2166e+00,8.7599e-02
1.2000e+03,6.8540e-01,5.2741e+00,1.0003e+01,2.2237e+00,8.7935e-02
1.2100e+03,6.7805e-01,5.2671e+00,1.0003e+01,2.2307e+00,8.8268e-02
1.2200e+03,6.7078e-01,5.2601e+00,1.0003e+01,2.2376e+00,8.8598e-02
1.2300e+03,6.6360e-01,5.2533e+00,1.0003e+01,2.2445e+00,8.8924e-02
1.2400e+03,6.5650e-01,5.2465e+00,1.0003e+01,2.2513e+00,8.9246e-02
1.2500e+03,6.4949e-01,5.2398e+00,1.0003e+01,2.2579e+00,8.9565e-02
1.2600e+03,6.4256e-01,5.2332e+00,1.0003e+01,2.2646e+00,8.9881e-02
1.2700e+03,6.3572e-01,5.2266e+00,1.0003e+01,2.2711e+00,9.0193e-02
1.2800e+03,6.2895e-01,5.2202e+00,1.0003e+01,2.2775e+00,9.0502e-02
1.2900e+03,6.2227e-01,5.2138e+00,1.0003e+01,2.2839e+00,9.0808e-02
1.3000e+03,6.1566e-01,5.2075e+00,1.0003e+01,2.2902e+00,9.1111e-02
1.3100e+03,6.0913e-01,5.2012e+00,1.0003e+01,2.2965e+00,9.1410e-02
1.3200e+03,6.0268e-01,5.1951e+00,1.0003e+01,2.3026e+00,9.1706e-02
1.3300e+03,5.9630e-01,5.1890e+00,1.0003e+01,2.3087e+00,9.1999e-02
1.3400e+03,5.9000e-01,5.1830e+00,1.0003e+01,2.3147e+00,9.2289e-02
1.3500e+03,5.8377e-01,5.1770e+00,1.0003e+01,2.3207e+00,9.2576e-02
1.3600e+03,5.7761e-01,5.1711e+00,1.0003e+01,2.3265e+00,9.2860e-02
1.3700e+03,5.7152e-01,5.1653e+00,1.0003e+01,2.3323e+00,9.3140e-02
1.3800e+03,5.6551e-01,5.1596e+00,1.0003e+01,2.3381e+00,9.3418e-02
1.3900e+03,5.5956e-01,5.1539e+00,1.0003e+01,2.3438e+00,9.3693e-02
1.4000e+03,5.5368e-01,5.1483e+00,1.0003e+01,2.3494e+00,9.3965e-02
1.4100e+03,5.4787e-01,5.1427e+00,1.0003e+01,2.3549e+00,9.4235e-02
1.4200e+03,5.4213e-01,5.1373e+00,1.0003e+01,2.3604e+00,9.4501e-02
1.4300e+03,5.3645e-01,5.1318e+00,1.0003e+01,2.3658e+00,9.4765e-02
1.4400e+03,5.3083e-01,5.1265e+00,1.0003e+01,2.3711e+00,9.5025e-02
1.4500e+03,5.2529e-01,5.1212e+00,1.0003e+01,2.3764e+00,9.5284e-02
1.4600e+03,5.1980e-01,5.1159e+00,1.0003e+01,2.3817e+00,9.5539e-02
1.4700e+03,5.1438e-01,5.1108e+00,1.0003e+01,2.3868e+00,9.5792e-02
1.4800e+03,5.0902e-01,5.1057e+00,1.0003e+01,2.3919e+00,9.6042e-02
1.4900e+03,5.0371e-01,5.1006e+00,1.0003e+01,2.3970e+00,9.6290e-02
1.5000e+03,4.9847e-01,5.0956e+00,1.0003e+01,2.4020e+00,9.6535e-02
1.5100e+03,4.9329e-01,5.0906e+00,1.0003e+01,2.4069e+00,9.6777e-02
1.5200e+03,4.8817e-01,5.0858e+00,1.0003e+01,2.4118e+00,9.7017e-02
1.5300e+03,4.8310e-01,5.0809e+00,1.0003e+01,2.4166e+00,9.7254e-02
1.5400e+03,4.7809e-01,5.0761e+00,1.0003e+01,2.4214e+00,9.7489e-02
1.5500e+03,4.7314e-01,5.0714e+00,1.0003e+01,2.4261e+00,9.7722e-02
1.5600e+03,4.6824e-01,5.0668e+00,1.0003e+01,2.4308e+00,9.7952e-02
1.5700e+03,4.6340e-01,5.0621e+00,1.0003e+01,2.4354e+00,9.8180e-02
1.5800e+03,4.5861e-01,5.0576e+00,1.0003e+01,2.4400e+00,9.8405e-02
1.5900e+03,4.5388e-01,5.0531e+00,1.0003e+01,2.4445e+00,9.8628e-02
1.6000e+03,4.4920e-01,5.0486e+00,1.0003e+01,2.4490e+00,9.8849e-02
1.6100e+03,4.4457e-01,5.0442e+00,1.0003e+01,2.4534e+00,9.9068e-02
1.6200e+03,4.3999e-01,5.0398e+00,1.0003e+01,2.4577e+00,9.9284e-02
1.6300e+03,4.3546e-01,5.0355e+00,1.0003e+01,2.4620e+00,9.9498e-02
1.6400e+03,4.3099e-01,5.0312e+00,1.0003e+01,2.4663e+00,9.9710e-02
1.6500e+03,4.2656e-01,5.0270e+00,1.0003e+01,2.4705e+00,9.9920e-02
1.6600e+03,4.2218e-01,5.0228e+00,1.0003e+01,2.4747e+00,1.0013e-01
1.6700e+03,4.1785e-01,5.0187e+00,1.0003e+01,2.4788e+00,1.0033e-01
1.6800e+03,4.1356e-01,5.0146e+00,1.0003e+01,2.4829e+00,1.0054e-01
1.6900e+03,4.0933e-01,5.0106e+00,1.0003e+01,2.4869e+00,1.0074e-01
1.7000e+03,4.0514e-01,5.0066e+00,1.0003e+01,2.4909e+00,1.0094e-01
1.7100e+03,4.0100e-01,5.0026e+00,1.0003e+01,2.4949e+00,1.0113e-01
1.7200e+03,3.9690e-01,4.9987e+00,1.0003e+01,2.4988e+00,1.0133e-01
1.7300e+03,3.9284e-01,4.9949e+00,1.0003e+01,2.5026e+00,1.0152e-01
1.7400e+03,3.8884e-01,4.9910e+00,1.0003e+01,2.5065e+00,1.0171e-01
1.7500e+03,3.8487e-01,4.9873e+00,1.0003e+01,2.5102e+00,1.0190e-01
1.7600e+03,3.8095e-01,4.9835e+00,1.0003e+01,2.5140e+00,1.0209e-01
1.7700e+03,3.7707e-01,4.9798e+00,1.0003e+01,2.5177e+00,1.0227e-01
1.7800e+03,3.7323e-01,4.9762e+00,1.0003e+01,2.5213e+00,1.0246e-01
1.7900e+03,3.6944e-01,4.9725e+00,1.0003e+01,2.5249e+00,1.0264e-01
1.8000e+03,3.6568e-01,4.9690e+00,1.0003e+01,2.5285e+00,1.0282e-01
1.8100e+03,3.6197e-01,4.9654e+00,1.0003e+01,2.5320e+00,1.0300e-01
1.8200e+03,3.5829e-01,4.9619e+00,1.0003e+01,2.5355e+00,1.0317e-01
1.8300e+03,3.5466e-01,4.9585e+00,1.0003e+01,2.5390e+00,1.0335e-01
1.8400e+03,3.5106e-01,4.9550e+00,1.0003e+01,2.5424e+00,1.0352e-01
1.8500e+03,3.4751e-01,4.9516e+00,1.0003e+01,2.5458e+00,1.0369e-01
1.8600e+03,3.4399e-01,4.9483e+00,1.0003e+01,2.5492e+00,1.0386e-01
1.8700e+03,3.4051e-01,4.9450e+00,1.0003e+01,2.5525e+00,1.0403e-01
1.8800e+03,3.3707e-01,4.9417e+00,1.0003e+01,2.5557e+00,1.0419e-01
1.8900e+03,3.3366e-01,4.9384e+00,1.0003e+01,2.5590e+00,1.0436e-01
1.9000e+03,3.3029e-01,4.9352e+00,1.0003e+01,2.5622e+00,1.0452e-01
1.9100e+03,3.2696e-01,4.9321e+00,1.0003e+01,2.5654e+00,1.0468e-01
1.9200e+03,3.2366e-01,4.9289e+00,1.0003e+01,2.5685e+00,1.0484e-01
1.9300e+03,3.2040e-01,4.9258e+00,1.0003e+01,2.5716e+00,1.0500e-01
1.9400e+03,3.1717e-01,4.9227e+00,1.0003e+01,2.5747e+00,1.0515e-01
1.9500e+03,3.1397e-01,4.9197e+00,1.0003e+01,2.5777e+00,1.0531e-01
1.9600e+03,3.1081e-01,4.9167e+00,1.0003e+01,2.5807e+00,1.0546e-01
1.9700e+03,3.0769e-01,4.9137e+00,1.0003e+01,2.5837e+00,1.0561e-01
1.9800e+03,3.0460e-01,4.9108e+00,1.0003e+01,2.5866e+00,1.0576e-01
1.9900e+03,3.0154e-01,4.9078e+00,1.0003e+01,2.5896e+00,1.0591e-01
2.0000e+03,2.9851e-01,4.9050e+00,1.0003e+01,2.5924e+00,1.0606e-01
2.0100e+03,2.9551e-01,4.9021e+00,1.0003e+01,2.5953e+00,1.0620e-01
2.0200e+03,2.9255e-01,4.8993e+00,1.0003e+01,2.5981e+00,1.0635e-01
2.0300e+03,2.8962e-01,4.8965e+00,1.0003e+01,2.6009e+00,1.0649e-01
2.0400e+03,2.8671e-01,4.8937e+00,1.0003e+01,2.6037e+00,1.0663e-01
2.0500e+03,2.8384e-01,4.8910e+00,1.0003e+01,2.6064e+00,1.0677e-01
2.0600e+03,2.8100e-01,4.8883e+00,1.0003e+01,2.6091e+00,1.0691e-01
2.0700e+03,2.7819e-01,4.8856e+00,1.0003e+01,2.6118e+00,1.0704e-01
2.0800e+03,2.7541e-01,4.8830e+00,1.0003e+01,2.6144e+00,1.0718e-01
2.0900e+03,2.7266e-01,4.8803e+00,1.0003e+01,2.6170e+00,1.0731e-01
2.1000e+03,2.6993e-01,4.8778e+00,1.0003e+01,2.6196e+00,1.0745e-01
2.1100e+03,2.6724e-01,4.8752e+00,1.0003e+01,2.6222e+00,1.0758e-01
2.1200e+03,2.6457e-01,4.8726e+00,1.0003e+01,2.6247e+00,1.0771e-01
2.1300e+03,2.6193e-01,4.8701e+00,1.0003e+01,2.6272e+00,1.0784e-01
2.1400e+03,2.5932e-01,4.8676e+00,1.0003e+01,2.6297e+00,1.0796e-01
2.1500e+03,2.5674e-01,4.8652e+00,1.0003e+01,2.6322e+00,1.0809e-01
2.1600e+03,2.5418e-01,4.8628e+00,1.0003e+01,2.6346e+00,1.0822e-01
2.1700e+03,2.5165e-01,4.8603e+00,1.0003e+01,2.6370e+00,1.0834e-01
2.1800e+03,2.4914e-01,4.8580e+00,1.0003e+01,2.6394e+00,1.0846e-01
2.1900e+03,2.4667e-01,4.8556e+00,1.0003e+01,2.6418e+00,1.0858e-01
2.2000e+03,2.4421e-01,4.8533e+00,1.0003e+01,2.6441e+00,1.0870e-01
2.2100e+03,2.4179e-01,4.8510e+00,1.0003e+01,2.6464e+00,1.0882e-01
2.2200e+03,2.3938e-01,4.8487e+00,1.0003e+01,2.6487e+00,1.0894e-01
2.2300e+03,2.3701e-01,4.8464e+00,1.0003e+01,2.6509e+00,1.0906e-01
2.2400e+03,2.3466e-01,4.8442e+00,1.0003e+01,2.6532e+00,1.0917e-01
2.2500e+03,2.3233e-01,4.8420e+00,1.0003e+01,2.6554e+00,1.0929e-01
2.2600e+03,2.3002e-01,4.8398e+00,1.0003e+01,2.6576e+00,1.0940e-01
2.2700e+03,2.2774e-01,4.8376e+00,1.0003e+01,2.6597e+00,1.0951e-01
2.2800e+03,2.2549e-01,4.8354e+00,1.0003e+01,2.6619e+00,1.0962e-01
2.2900e+03,2.2325e-01,4.8333e+00,1.0003e+01,2.6640e+00,1.0973e-01
2.3000e+03,2.2104e-01,4.8312e+00,1.0003e+01,2.6661e+00,1.0984e-01
2.3100e+03,2.1886e-01,4.8291e+00,1.0003e+01,2.6682e+00,1.0995e-01
2.3200e+03,2.1669e-01,4.8271e+00,1.0003e+01,2.6703e+00,1.1006e-01
2.3300e+03,2.1455e-01,4.8250e+00,1.0003e+01,2.6723e+00,1.1016e-01
2.3400e+03,2.1243e-01,4.8230e+00,1.0003e+01,2.6743e+00,1.1027e-01
2.3500e+03,2.1033e-01,4.8210e+00,1.0003e+01,2.6763e+00,1.1037e-01
2.3600e+03,2.0825e-01,4.8190e+00,1.0003e+01,2.6783e+00,1.1047e-01
2.3700e+03,2.0619e-01,4.8171e+00,1.0003e+01,2.6802e+00,1.1057e-01
2.3800e+03,2.0416e-01,4.8151e+00,1.0003e+01,2.6822e+00,1.1067e-01
2.3900e+03,2.0215e-01,4.8132e+00,1.0003e+01,2.6841e+00,1.1077e-01
2.4000e+03,2.0015e-01,4.8113e+00,1.0003e+01,2.6860e+00,1.1087e-01
2.4100e+03,1.9818e-01,4.8095e+00,1.0003e+01,2.6879e+00,1.1097e-01
2.4200e+03,1.9623e-01,4.8076e+00,1.0003e+01,2.6897e+00,1.1107e-01
2.4300e+03,1.9429e-01,4.8058e+00,1.0003e+01,2.6916e+00,1.1116e-01
2.4400e+03,1.9238e-01,4.8039e+00,1.0003e+01,2.6934e+00,1.1126e-01
2.4500e+03,1.9048e-01,4.8021e+00,1.0003e+01,2.6952e+00,1.1135e-01
2.4600e+03,1.8861e-01,4.8003e+00,1.0003e+01,2.6970e+00,1.1144e-01
2.4700e+03,1.8675e-01,4.7986e+00,1.0003e+01,2.6987e+00,1.1153e-01
2.4800e+03,1.8492e-01,4.7968e+00,1.0003e+01,2.7005e+00,1.1162e-01
2.4900e+03,1.8310e-01,4.7951e+00,1.0003e+01,2.7022e+00,1.1171e-01
2.5000e+03,1.8130e-01,4.7934e+00,1.0003e+01,2.7039e+00,1.1180e-01
2.5100e+03,1.7952e-01,4.7917e+00,1.0003e+01,2.7056e+00,1.1189e-01
2.5200e+03,1.7776e-01,4.7900e+00,1.0003e+01,2.7073e+00,1.1198e-01
2.5300e+03,1.7601e-01,4.7884e+00,1.0003e+01,2.7089e+00,1.1207e-01
2.5400e+03,1.7428e-01,4.7867e+00,1.0003e+01,2.7106e+00,1.1215e-01
2.5500e+03,1.7257e-01,4.7851e+00,1.0003e+01,2.7122e+00,1.1224e-01
2.5600e+03,1.7088e-01,4.7835e+00,1.0003e+01,2.7138e+00,1.1232e-01
2.5700e+03,1.6920e-01,4.7819e+00,1.0003e+01,2.7154e+00,1.1240e-01
2.5800e+03,1.6755e-01,4.7803e+00,1.0003e+01,2.7170e+00,1.1249e-01
2.5900e+03,1.6590e-01,4.7787e+00,1.0003e+01,2.7185e+00,1.1257e-01
2.6000e+03,1.6428e-01,4.7772e+00,1.0003e+01,2.7201e+00,1.1265e-01
2.6100e+03,1.6267e-01,4.7757e+00,1.0003e+01,2.7216e+00,1.1273e-01
2.6200e+03,1.6108e-01,4.7742e+00,1.0003e+01,2.7231e+00,1.1281e-01
2.6300e+03,1.5950e-01,4.7727e+00,1.0003e+01,2.7246e+00,1.1289e-01
2.6400e+03,1.5794e-01,4.7712e+00,1.0003e+01,2.7261e+00,1.1296e-01
2.6500e+03,1.5639e-01,4.7697e+00,1.0003e+01,2.7276e+00,1.1304e-01
2.6600e+03,1.5486e-01,4.7682e+00,1.0003e+01,2.7290e+00,1.1312e-01
2.6700e+03,1.5335e-01,4.7668e+00,1.0003e+01,2.7305e+00,1.1319e-01
2.6800e+03,1.5185e-01,4.7654e+00,1.0003e+01,2.7319e+00,1.1327e-01
2.6900e+03,1.5037e-01,4.7640e+00,1.0003e+01,2.7333e+00,1.1334e-01
2.7000e+03,1.4890e-01,4.7626e+00,1.0003e+01,2.7347e+00,1.1342e-01
2.7100e+03,1.4744e-01,4.7612e+00,1.0003e+01,2.7361e+00,1.1349e-01
2.7200e+03,1.4601e-01,4.7598e+00,1.0003e+01,2.7374e+00,1.1356e-01
2.7300e+03,1.4458e-01,4.7585e+00,1.0003e+01,2.7388e+00,1.1363e-01
2.7400e+03,1.4317e-01,4.7571e+00,1.0003e+01,2.7401e+00,1.1370e-01
2.7500e+03,1.4177e-01,4.7558e+00,1.0003e+01,2.7415e+00,1.1377e-01
2.7600e+03,1.4039e-01,4.7545e+00,1.0003e+01,2.7428e+00,1.1384e-01
2.7700e+03,1.3902e-01,4.7532e+00,1.0003e+01,2.7441e+00,1.1391e-01
2.7800e+03,1.3767e-01,4.7519e+00,1.0003e+01,2.7454e+00,1.1398e-01
2.7900e+03,1.3632e-01,4.7506e+00,1.0003e+01,2.7466e+00,1.1404e-01
2.8000e+03,1.3500e-01,4.7494e+00,1.0003e+01,2.7479e+00,1.1411e-01
2.8100e+03,1.3368e-01,4.7481e+00,1.0003e+01,2.7491e+00,1.1418e-01
2.8200e+03,1.3238e-01,4.7469e+00,1.0003e+01,2.7504e+00,1.1424e-01
2.8300e+03,1.3109e-01,4.7456e+00,1.0003e+01,2.7516e+00,1.1430e-01
2.8400e+03,1.2981e-01,4.7444e+00,1.0003e+01,2.7528e+00,1.1437e-01
2.8500e+03,1.2855e-01,4.7432e+00,1.0003e+01,2.7540e+00,1.1443e-01
2.8600e+03,1.2730e-01,4.7420e+00,1.0003e+01,2.7552e+00,1.1449e-01
2.8700e+03,1.2606e-01,4.7409e+00,1.0003e+01,2.7564e+00,1.1456e-01
2.8800e+03,1.2483e-01,4.7397e+00,1.0003e+01,2.7576e+00,1.1462e-01
2.8900e+03,1.2362e-01,4.7385e+00,1.0003e+01,2.7587e+00,1.1468e-01
2.9000e+03,1.2242e-01,4.7374e+00,1.0003e+01,2.7598e+00,1.1474e-01
2.9100e+03,1.2123e-01,4.7363e+00,1.0003e+01,2.7610e+00,1.1480e-01
2.9200e+03,1.2005e-01,4.7351e+00,1.0003e+01,2.7621e+00,1.1486e-01
2.9300e+03,1.1889e-01,4.7340e+00,1.0003e+01,2.7632e+00,1.1492e-01
2.9400e+03,1.1773e-01,4.7329e+00,1.0003e+01,2.7643e+00,1.1497e-01
2.9500e+03,1.1659e-01,4.7318e+00,1.0003e+01,2.7654e+00,1.1503e-01
2.9600e+03,1.1546e-01,4.7308e+00,1.0003e+01,2.7665e+00,1.1509e-01
2.9700e+03,1.1433e-01,4.7297e+00,1.0003e+01,2.7675e+00,1.1514e-01
2.9800e+03,1.1323e-01,4.7287e+00,1.0003e+01,2.7686e+00,1.1520e-01
2.9900e+03,1.1213e-01,4.7276e+00,1.0003e+01,2.7696e+00,1.1526e-01
3.0000e+03,1.1104e-01,4.7266e+00,1.0003e+01,2.7707e+00,1.1531e-01
3.0100e+03,1.0996e-01,4.7255e+00,1.0003e+01,2.7717e+00,1.1536e-01
3.0200e+03,1.0890e-01,4.7245e+00,1.0003e+01,2.7727e+00,1.1542e-01
3.0300e+03,1.0784e-01,4.7235e+00,1.0003e+01,2.7737e+00,1.1547e-01
3.0400e+03,1.0680e-01,4.7225e+00,1.0003e+01,2.7747e+00,1.1552e-01
3.0500e+03,1.0576e-01,4.7216e+00,1.0003e+01,2.7757e+00,1.1558e-01
3.0600e+03,1.0474e-01,4.7206e+00,1.0003e+01,2.7766e+00,1.1563e-01
3.0700e+03,1.0372e-01,4.7196e+00,1.0003e+01,2.7776e+00,1.1568e-01
3.0800e+03,1.0272e-01,4.7187e+00,1.0003e+01,2.7786e+00,1.1573e-01
3.0900e+03,1.0172e-01,4.7177e+00,1.0003e+01,2.7795e+00,1.1578e-01
3.1000e+03,1.0074e-01,4.7168e+00,1.0003e+01,2.7804e+00,1.1583e-01
3.1100e+03,9.9762e-02,4.7159e+00,1.0003e+01,2.7814e+00,1.1588e-01
3.1200e+03,9.8796e-02,4.7149e+00,1.0003e+01,2.7823e+00,1.1593e-01
3.1300e+03,9.7840e-02,4.7140e+00,1.0003e+01,2.7832e+00,1.1597e-01
3.1400e+03,9.6894e-02,4.7131e+00,1.0003e+01,2.7841e+00,1.1602e-01
3.1500e+03,9.5956e-02,4.7122e+00,1.0003e+01,2.7850e+00,1.1607e-01
3.1600e+03,9.5028e-02,4.7114e+00,1.0003e+01,2.7859e+00,1.1612e-01
3.1700e+03,9.4109e-02,4.7105e+00,1.0003e+01,2.7867e+00,1.1616e-01
3.1800e+03,9.3200e-02,4.7096e+00,1.0003e+01,2.7876e+00,1.1621e-01
3.1900e+03,9.2299e-02,4.7088e+00,1.0003e+01,2.7885e+00,1.1625e-01
3.2000e+03,9.1407e-02,4.7079e+00,1.0003e+01,2.7893e+00,1.1630e-01
3.2100e+03,9.0523e-02,4.7071e+00,1.0003e+01,2.7901e+00,1.1634e-01
3.2200e+03,8.9649e-02,4.7062e+00,1.0003e+01,2.7910e+00,1.1639e-01
3.2300e+03,8.8783e-02,4.7054e+00,1.0003e+01,2.7918e+00,1.1643e-01
3.2400e+03,8.7925e-02,4.7046e+00,1.0003e+01,2.7926e+00,1.1647e-01
3.2500e+03,8.7076e-02,4.7038e+00,1.0003e+01,2.7934e+00,1.1652e-01
3.2600e+03,8.6236e-02,4.7030e+00,1.0003e+01,2.7942e+00,1.1656e-01
3.2700e+03,8.5403e-02,4.7022e+00,1.0003e+01,2.7950e+00,1.1660e-01
3.2800e+03,8.4579e-02,4.7014e+00,1.0003e+01,2.7958e+00,1.1664e-01
3.2900e+03,8.3762e-02,4.7006e+00,1.0003e+01,2.7966e+00,1.1668e-01
3.3000e+03,8.2954e-02,4.6999e+00,1.0003e+01,2.7973e+00,1.1672e-01
3.3100e+03,8.2154e-02,4.6991e+00,1.0003e+01,2.7981e+00,1.1677e-01
3.3200e+03,8.1361e-02,4.6984e+00,1.0003e+01,2.7988e+00,1.1681e-01
3.3300e+03,8.0577e-02,4.6976e+00,1.0003e+01,2.7996e+00,1.1684e-01
3.3400e+03,7.9800e-02,4.6969e+00,1.0003e+01,2.8003e+00,1.1688e-01
3.3500e+03,7.9030e-02,4.6961e+00,1.0003e+01,2.8011e+00,1.1692e-01
3.3600e+03,7.8268e-02,4.6954e+00,1.0003e+01,2.8018e+00,1.1696e-01
3.3700e+03,7.7514e-02,4.6947e+00,1.0003e+01,2.8025e+00,1.1700e-01
3.3800e+03,7.6767e-02,4.6940e+00,1.0003e+01,2.8032e+00,1.1704e-01
3.3900e+03,7.6027e-02,4.6933e+00,1.0003e+01,2.8039e+00,1.1707e-01
3.4000e+03,7.5294e-02,4.6926e+00,1.0003e+01,2.8046e+00,1.1711e-01
3.4100e+03,7.4569e-02,4.6919e+00,1.0003e+01,2.8053e+00,1.1715e-01
3.4200e+03,7.3851e-02,4.6912e+00,1.0003e+01,2.8060e+00,1.1718e-01
3.4300e+03,7.3139e-02,4.6905e+00,1.0003e+01,2.8066e+00,1.1722e-01
3.4400e+03,7.2435e-02,4.6899e+00,1.0003e+01,2.8073e+00,1.1726e-01
3.4500e+03,7.1738e-02,4.6892e+00,1.0003e+01,2.8080e+00,1.1729e-01
3.4600e+03,7.1047e-02,4.6886e+00,1.0003e+01,2.8086e+00,1.1733e-01
3.4700e+03,7.0363e-02,4.6879e+00,1.0003e+01,2.8093e+00,1.1736e-01
3.4800e+03,6.9686e-02,4.6873e+00,1.0003e+01,2.8099e+00,1.1740e-01
3.4900e+03,6.9015e-02,4.6866e+00,1.0003e+01,2.8106e+00,1.1743e-01
3.5000e+03,6.8351e-02,4.6860e+00,1.0003e+01,2.8112e+00,1.1746e-01
3.5100e+03,6.7693e-02,4.6854e+00,1.0003e+01,2.8118e+00,1.1750e-01
3.5200e+03,6.7042e-02,4.6848e+00,1.0003e+01,2.8124e+00,1.1753e-01
3.5300e+03,6.6397e-02,4.6841e+00,1.0003e+01,2.8130e+00,1.1756e-01
3.5400e+03,6.5759e-02,4.6835e+00,1.0003e+01,2.8137e+00,1.1759e-01
3.5500e+03,6.5126e-02,4.6829e+00,1.0003e+01,2.8143e+00,1.1763e-01
3.5600e+03,6.4500e-02,4.6823e+00,1.0003e+01,2.8148e+00,1.1766e-01
3.5700e+03,6.3880e-02,4.6818e+00,1.0003e+01,2.8154e+00,1.1769e-01
3.5800e+03,6.3266e-02,4.6812e+00,1.0003e+01,2.8160e+00,1.1772e-01
3.5900e+03,6.2658e-02,4.6806e+00,1.0003e+01,2.8166e+00,1.1775e-01
3.6000e+03,6.2055e-02,4.6800e+00,1.0003e+01,2.8172e+00,1.1778e-01
3.6100e+03,6.1459e-02,4.6794e+00,1.0003e+01,2.8177e+00,1.1781e-01
3.6200e+03,6.0868e-02,4.6789e+00,1.0003e+01,2.8183e+00,1.1784e-01
3.6300e+03,6.0284e-02,4.6783e+00,1.0003e+01,2.8188e+00,1.1787e-01
3.6400e+03,5.9704e-02,4.6778e+00,1.0003e+01,2.8194e+00,1.1790e-01
3.6500e+03,5.9131e-02,4.6772e+00,1.0003e+01,2.8199e+00,1.1793e-01
3.6600e+03,5.8563e-02,4.6767e+00,1.0003e+01,2.8205e+00,1.1796e-01
3.6700e+03,5.8000e-02,4.6762e+00,1.0003e+01,2.8210e+00,1.1799e-01
3.6800e+03,5.7444e-02,4.6756e+00,1.0003e+01,2.8215e+00,1.1802e-01
3.6900e+03,5.6892e-02,4.6751e+00,1.0003e+01,2.8221e+00,1.1804e-01
3.7000e+03,5.6346e-02,4.6746e+00,1.0003e+01,2.8226e+00,1.1807e-01
3.7100e+03,5.5805e-02,4.6741e+00,1.0003e+01,2.8231e+00,1.1810e-01
3.7200e+03,5.5269e-02,4.6736e+00,1.0003e+01,2.8236e+00,1.1813e-01
3.7300e+03,5.4739e-02,4.6731e+00,1.0003e+01,2.8241e+00,1.1815e-01
3.7400e+03,5.4213e-02,4.6726e+00,1.0003e+01,2.8246e+00,1.1818e-01
3.7500e+03,5.3693e-02,4.6721e+00,1.0003e+01,2.8251e+00,1.1821e-01
3.7600e+03,5.3178e-02,4.6716e+00,1.0003e+01,2.8256e+00,1.1823e-01
3.7700e+03,5.2668e-02,4.6711e+00,1.0003e+01,2.8261e+00,1.1826e-01
3.7800e+03,5.2162e-02,4.6706e+00,1.0003e+01,2.8266e+00,1.1828e-01
3.7900e+03,5.1662e-02,4.6701e+00,1.0003e+01,2.8270e+00,1.1831e-01
3.8000e+03,5.1167e-02,4.6697e+00,1.0003e+01,2.8275e+00,1.1834e-01
3.8100e+03,5.0676e-02,4.6692e+00,1.0003e+01,2.8280e+00,1.1836e-01
3.8200e+03,5.0190e-02,4.6687e+00,1.0003e+01,2.8284e+00,1.1838e-01
3.8300e+03,4.9709e-02,4.6683e+00,1.0003e+01,2.8289e+00,1.1841e-01
3.8400e+03,4.9232e-02,4.6678e+00,1.0003e+01,2.8293e+00,1.1843e-01
3.8500e+03,4.8760e-02,4.6674e+00,1.0003e+01,2.8298e+00,1.1846e-01
3.8600e+03,4.8293e-02,4.6669e+00,1.0003e+01,2.8302e+00,1.1848e-01
3.8700e+03,4.7830e-02,4.6665e+00,1.0003e+01,2.8307e+00,1.1850e-01
3.8800e+03,4.7371e-02,4.6661e+00,1.0003e+01,2.8311e+00,1.1853e-01
3.8900e+03,4.6917e-02,4.6656e+00,1.0003e+01,2.8315e+00,1.1855e-01
3.9000e+03,4.6468e-02,4.6652e+00,1.0003e+01,2.8320e+00,1.1857e-01
3.9100e+03,4.6022e-02,4.6648e+00,1.0003e+01,2.8324e+00,1.1860e-01
3.9200e+03,4.5581e-02,4.6644e+00,1.0003e+01,2.8328e+00,1.1862e-01
3.9300e+03,4.5145e-02,4.6639e+00,1.0003e+01,2.8332e+00,1.1864e-01
3.9400e+03,4.4712e-02,4.6635e+00,1.0003e+01,2.8336e+00,1.1866e-01
3.9500e+03,4.4284e-02,4.6631e+00,1.0003e+01,2.8340e+00,1.1869e-01
3.9600e+03,4.3860e-02,4.6627e+00,1.0003e+01,2.8344e+00,1.1871e-01
3.9700e+03,4.3440e-02,4.6623e+00,1.0003e+01,2.8348e+00,1.1873e-01
3.9800e+03,4.3024e-02,4.6619e+00,1.0003e+01,2.8352e+00,1.1875e-01
3.9900e+03,4.2612e-02,4.6615e+00,1.0003e+01,2.8356e+00,1.1877e-01
4.0000e+03,4.2204e-02,4.6612e+00,1.0003e+01,2.8360e+00,1.1879e-01
4.0100e+03,4.1800e-02,4.6608e+00,1.0003e+01,2.8364e+00,1.1881e-01
4.0200e+03,4.1399e-02,4.6604e+00,1.0003e+01,2.8368e+00,1.1883e-01
4.0300e+03,4.1003e-02,4.6600e+00,1.0003e+01,2.8371e+00,1.1885e-01
4.0400e+03,4.0611e-02,4.6596e+00,1.0003e+01,2.8375e+00,1.1887e-01
4.0500e+03,4.0222e-02,4.6593e+00,1.0003e+01,2.8379e+00,1.1889e-01
4.0600e+03,3.9837e-02,4.6589e+00,1.0003e+01,2.8383e+00,1.1891e-01
4.0700e+03,3.9456e-02,4.6585e+00,1.0003e+01,2.8386e+00,1.1893e-01
4.0800e+03,3.9078e-02,4.6582e+00,1.0003e+01,2.8390e+00,1.1895e-01
4.0900e+03,3.8704e-02,4.6578e+00,1.0003e+01,2.8393e+00,1.1897e-01
4.1000e+03,3.8334e-02,4.6575e+00,1.0003e+01,2.8397e+00,1.1899e-01
4.1100e+03,3.7967e-02,4.6571e+00,1.0003e+01,2.8400e+00,1.1901e-01
4.1200e+03,3.7604e-02,4.6568e+00,1.0003e+01,2.8404e+00,1.1903e-01
4.1300e+03,3.7244e-02,4.6564e+00,1.0003e+01,2.8407e+00,1.1904e-01
4.1400e+03,3.6888e-02,4.6561e+00,1.0003e+01,2.8411e+00,1.1906e-01
4.1500e+03,3.6535e-02,4.6558e+00,1.0003e+01,2.8414e+00,1.1908e-01
4.1600e+03,3.6186e-02,4.6554e+00,1.0003e+01,2.8417e+00,1.1910e-01
4.1700e+03,3.5839e-02,4.6551e+00,1.0003e+01,2.8420e+00,1.1912e-01
4.1800e+03,3.5497e-02,4.6548e+00,1.0003e+01,2.8424e+00,1.1913e-01
4.1900e+03,3.5157e-02,4.6545e+00,1.0003e+01,2.8427e+00,1.1915e-01
4.2000e+03,3.4821e-02,4.6541e+00,1.0003e+01,2.8430e+00,1.1917e-01
4.2100e+03,3.4488e-02,4.6538e+00,1.0003e+01,2.8433e+00,1.1918e-01
4.2200e+03,3.4158e-02,4.6535e+00,1.0003e+01,2.8436e+00,1.1920e-01
4.2300e+03,3.3832e-02,4.6532e+00,1.0003e+01,2.8440e+00,1.1922e-01
4.2400e+03,3.3509e-02,4.6529e+00,1.0003e+01,2.8443e+00,1.1923e-01
4.2500e+03,3.3188e-02,4.6526e+00,1.0003e+01,2.8446e+00,1.1925e-01
4.2600e+03,3.2871e-02,4.6523e+00,1.0003e+01,2.8449e+00,1.1927e-01
4.2700e+03,3.2557e-02,4.6520e+00,1.0003e+01,2.8452e+00,1.1928e-01
4.2800e+03,3.2246e-02,4.6517e+00,1.0003e+01,2.8455e+00,1.1930e-01
4.2900e+03,3.1938e-02,4.6514e+00,1.0003e+01,2.8458e+00,1.1931e-01
4.3000e+03,3.1632e-02,4.6511e+00,1.0003e+01,2.8460e+00,1.1933e-01
4.3100e+03,3.1330e-02,4.6508e+00,1.0003e+01,2.8463e+00,1.1935e-01
4.3200e+03,3.1031e-02,4.6505e+00,1.0003e+01,2.8466e+00,1.1936e-01
4.3300e+03,3.0734e-02,4.6503e+00,1.0003e+01,2.8469e+00,1.1938e-01
4.3400e+03,3.0441e-02,4.6500e+00,1.0003e+01,2.8472e+00,1.1939e-01
4.3500e+03,3.0150e-02,4.6497e+00,1.0003e+01,2.8474e+00,1.1941e-01
4.3600e+03,2.9862e-02,4.6494e+00,1.0003e+01,2.8477e+00,1.1942e-01
4.3700e+03,2.9576e-02,4.6492e+00,1.0003e+01,2.8480e+00,1.1943e-01
4.3800e+03,2.9294e-02,4.6489e+00,1.0003e+01,2.8483e+00,1.1945e-01
4.3900e+03,2.9014e-02,4.6486e+00,1.0003e+01,2.8485e+00,1.1946e-01
4.4000e+03,2.8737e-02,4.6484e+00,1.0003e+01,2.8488e+00,1.1948e-01
4.4100e+03,2.8463e-02,4.6481e+00,1.0003e+01,2.8490e+00,1.1949e-01
4.4200e+03,2.8191e-02,4.6478e+00,1.0003e+01,2.8493e+00,1.1951e-01
4.4300e+03,2.7922e-02,4.6476e+00,1.0003e+01,2.8496e+00,1.1952e-01
4.4400e+03,2.7655e-02,4.6473e+00,1.0003e+01,2.8498e+00,1.1953e-01
4.4500e+03,2.7391e-02,4.6471e+00,1.0003e+01,2.8501e+00,1.1955e-01
4.4600e+03,2.7129e-02,4.6468e+00,1.0003e+01,2.8503e+00,1.1956e-01
4.4700e+03,2.6870e-02,4.6466e+00,1.0003e+01,2.8506e+00,1.1957e-01
4.4800e+03,2.6614e-02,4.6463e+00,1.0003e+01,2.8508e+00,1.1959e-01
4.4900e+03,2.6360e-02,4.6461e+00,1.0003e+01,2.8510e+00,1.1960e-01
4.5000e+03,2.6108e-02,4.6459e+00,1.0003e+01,2.8513e+00,1.1961e-01
4.5100e+03,2.5859e-02,4.6456e+00,1.0003e+01,2.8515e+00,1.1962e-01
4.5200e+03,2.5612e-02,4.6454e+00,1.0003e+01,2.8518e+00,1.1964e-01
4.5300e+03,2.5368e-02,4.6452e+00,1.0003e+01,2.8520e+00,1.1965e-01
4.5400e+03,2.5126e-02,4.6449e+00,1.0003e+01,2.8522e+00,1.1966e-01
4.5500e+03,2.4886e-02,4.6447e+00,1.0003e+01,2.8524e+00,1.1967e-01
4.5600e+03,2.4648e-02,4.6445e+00,1.0003e+01,2.8527e+00,1.1969e-01
4.5700e+03,2.4413e-02,4.6443e+00,1.0003e+01,2.8529e+00,1.1970e-01
4.5800e+03,2.4180e-02,4.6440e+00,1.0003e+01,2.8531e+00,1.1971e-01
4.5900e+03,2.3949e-02,4.6438e+00,1.0003e+01,2.8533e+00,1.1972e-01
4.6000e+03,2.3721e-02,4.6436e+00,1.0003e+01,2.8535e+00,1.1973e-01
4.6100e+03,2.3495e-02,4.6434e+00,1.0003e+01,2.8538e+00,1.1975e-01
4.6200e+03,2.3270e-02,4.6432e+00,1.0003e+01,2.8540e+00,1.1976e-01
4.6300e+03,2.3048e-02,4.6430e+00,1.0003e+01,2.8542e+00,1.1977e-01
4.6400e+03,2.2828e-02,4.6427e+00,1.0003e+01,2.8544e+00,1.1978e-01
4.6500e+03,2.2611e-02,4.6425e+00,1.0003e+01,2.8546e+00,1.1979e-01
4.6600e+03,2.2395e-02,4.6423e+00,1.0003e+01,2.8548e+00,1.1980e-01
4.6700e+03,2.2181e-02,4.6421e+00,1.0003e+01,2.8550e+00,1.1981e-01
4.6800e+03,2.1970e-02,4.6419e+00,1.0003e+01,2.8552e+00,1.1982e-01
4.6900e+03,2.1760e-02,4.6417e+00,1.0003e+01,2.8554e+00,1.1983e-01
4.7000e+03,2.1553e-02,4.6415e+00,1.0003e+01,2.8556e+00,1.1984e-01
4.7100e+03,2.1347e-02,4.6413e+00,1.0003e+01,2.8558e+00,1.1985e-01
4.7200e+03,2.1144e-02,4.6411e+00,1.0003e+01,2.8560e+00,1.1987e-01
4.7300e+03,2.0942e-02,4.6410e+00,1.0003e+01,2.8562e+00,1.1988e-01
4.7400e+03,2.0742e-02,4.6408e+00,1.0003e+01,2.8564e+00,1.1989e-01
4.7500e+03,2.0544e-02,4.6406e+00,1.0003e+01,2.8566e+00,1.1990e-01
4.7600e+03,2.0349e-02,4.6404e+00,1.0003e+01,2.8567e+00,1.1991e-01
4.7700e+03,2.0154e-02,4.6402e+00,1.0003e+01,2.8569e+00,1.1992e-01
4.7800e+03,1.9962e-02,4.6400e+00,1.0003e+01,2.8571e+00,1.1993e-01
4.7900e+03,1.9772e-02,4.6398e+00,1.0003e+01,2.8573e+00,1.1994e-01
4.8000e+03,1.9583e-02,4.6397e+00,1.0003e+01,2.8575e+00,1.1994e-01
4.8100e+03,1.9397e-02,4.6395e+00,1.0003e+01,2.8577e+00,1.1995e-01
4.8200e+03,1.9212e-02,4.6393e+00,1.0003e+01,2.8578e+00,1.1996e-01
4.8300e+03,1.9029e-02,4.6391e+00,1.0003e+01,2.8580e+00,1.1997e-01
4.8400e+03,1.8847e-02,4.6390e+00,1.0003e+01,2.8582e+00,1.1998e-01
4.8500e+03,1.8668e-02,4.6388e+00,1.0003e+01,2.8583e+00,1.1999e-01
4.8600e+03,1.8490e-02,4.6386e+00,1.0003e+01,2.8585e+00,1.2000e-01
4.8700e+03,1.8313e-02,4.6385e+00,1.0003e+01,2.8587e+00,1.2001e-01
4.8800e+03,1.8139e-02,4.6383e+00,1.0003e+01,2.8588e+00,1.2002e-01
4.8900e+03,1.7966e-02,4.6381e+00,1.0003e+01,2.8590e+00,1.2003e-01
4.9000e+03,1.7795e-02,4.6380e+00,1.0003e+01,2.8592e+00,1.2004e-01
4.9100e+03,1.7625e-02,4.6378e+00,1.0003e+01,2.8593e+00,1.2005e-01
4.9200e+03,1.7457e-02,4.6376e+00,1.0003e+01,2.8595e+00,1.2005e-01
4.9300e+03,1.7291e-02,4.6375e+00,1.0003e+01,2.8597e+00,1.2006e-01
4.9400e+03,1.7126e-02,4.6373e+00,1.0003e+01,2.8598e+00,1.2007e-01
4.9500e+03,1.6963e-02,4.6372e+00,1.0003e+01,2.8600e+00,1.2008e-01
4.9600e+03,1.6801e-02,4.6370e+00,1.0003e+01,2.8601e+00,1.2009e-01
4.9700e+03,1.6641e-02,4.6369e+00,1.0003e+01,2.8603e+00,1.2010e-01
4.9800e+03,1.6483e-02,4.6367e+00,1.0003e+01,2.8604e+00,1.2010e-01
4.9900e+03,1.6326e-02,4.6366e+00,1.0003e+01,2.8606e+00,1.2011e-01
5.0000e+03,1.6170e-02,4.6364e+00,1.0003e+01,2.8607e+00,1.2012e-01
5.0100e+03,1.6016e-02,4.6363e+00,1.0003e+01,2.8609e+00,1.2013e-01
5.0200e+03,1.5863e-02,4.6361e+00,1.0003e+01,2.8610e+00,1.2014e-01
5.0300e+03,1.5712e-02,4.6360e+00,1.0003e+01,2.8611e+00,1.2014e-01
5.0400e+03,1.5562e-02,4.6358e+00,1.0003e+01,2.8613e+00,1.2015e-01
5.0500e+03,1.5414e-02,4.6357e+00,1.0003e+01,2.8614e+00,1.2016e-01
5.0600e+03,1.5267e-02,4.6356e+00,1.0003e+01,2.8616e+00,1.2017e-01
5.0700e+03,1.5122e-02,4.6354e+00,1.0003e+01,2.8617e+00,1.2017e-01
5.0800e+03,1.4978e-02,4.6353e+00,1.0003e+01,2.8618e+00,1.2018e-01
5.0900e+03,1.4835e-02,4.6352e+00,1.0003e+01,2.8620e+00,1.2019e-01
5.1000e+03,1.4694e-02,4.6350e+00,1.0003e+01,2.8621e+00,1.2020e-01
5.1100e+03,1.4554e-02,4.6349e+00,1.0003e+01,2.8622e+00,1.2020e-01
5.1200e+03,1.4415e-02,4.6348e+00,1.0003e+01,2.8624e+00,1.2021e-01
5.1300e+03,1.4278e-02,4.6346e+00,1.0003e+01,2.8625e+00,1.2022e-01
5.1400e+03,1.4142e-02,4.6345e+00,1.0003e+01,2.8626e+00,1.2022e-01
5.1500e+03,1.4007e-02,4.6344e+00,1.0003e+01,2.8628e+00,1.2023e-01
5.1600e+03,1.3874e-02,4.6342e+00,1.0003e+01,2.8629e+00,1.2024e-01
5.1700e+03,1.3742e-02,4.6341e+00,1.0003e+01,2.8630e+00,1.2024e-01
5.1800e+03,1.3611e-02,4.6340e+00,1.0003e+01,2.8631e+00,1.2025e-01
5.1900e+03,1.3481e-02,4.6339e+00,1.0003e+01,2.8633e+00,1.2026e-01
5.2000e+03,1.3353e-02,4.6338e+00,1.0003e+01,2.8634e+00,1.2026e-01
5.2100e+03,1.3226e-02,4.6336e+00,1.0003e+01,2.8635e+00,1.2027e-01
5.2200e+03,1.3100e-02,4.6335e+00,1.0003e+01,2.8636e+00,1.2028e-01
5.2300e+03,1.2975e-02,4.6334e+00,1.0003e+01,2.8637e+00,1.2028e-01
5.2400e+03,1.2852e-02,4.6333e+00,1.0003e+01,2.8639e+00,1.2029e-01
5.2500e+03,1.2729e-02,4.6332e+00,1.0003e+01,2.8640e+00,1.2030e-01
5.2600e+03,1.2608e-02,4.6330e+00,1.0003e+01,2.8641e+00,1.2030e-01
5.2700e+03,1.2488e-02,4.6329e+00,1.0003e+01,2.8642e+00,1.2031e-01
5.2800e+03,1.2369e-02,4.6328e+00,1.0003e+01,2.8643e+00,1.2031e-01
5.2900e+03,1.2251e-02,4.6327e+00,1.0003e+01,2.8644e+00,1.2032e-01
5.3000e+03,1.2135e-02,4.6326e+00,1.0003e+01,2.8645e+00,1.2033e-01
5.3100e+03,1.2019e-02,4.6325e+00,1.0003e+01,2.8647e+00,1.2033e-01
5.3200e+03,1.1905e-02,4.6324e+00,1.0003e+01,2.8648e+00,1.2034e-01
5.3300e+03,1.1791e-02,4.6323e+00,1.0003e+01,2.8649e+00,1.2034e-01
5.3400e+03,1.1679e-02,4.6322e+00,1.0003e+01,2.8650e+00,1.2035e-01
5.3500e+03,1.1568e-02,4.6321e+00,1.0003e+01,2.8651e+00,1.2036e-01
5.3600e+03,1.1458e-02,4.6320e+00,1.0003e+01,2.8652e+00,1.2036e-01
5.3700e+03,1.1349e-02,4.6318e+00,1.0003e+01,2.8653e+00,1.2037e-01
5.3800e+03,1.1241e-02,4.6317e+00,1.0003e+01,2.8654e+00,1.2037e-01
5.3900e+03,1.1134e-02,4.6316e+00,1.0003e+01,2.8655e+00,1.2038e-01
5.4000e+03,1.1028e-02,4.6315e+00,1.0003e+01,2.8656e+00,1.2038e-01
5.4100e+03,1.0923e-02,4.6314e+00,1.0003e+01,2.8657e+00,1.2039e-01
5.4200e+03,1.0819e-02,4.6313e+00,1.0003e+01,2.8658e+00,1.2039e-01
5.4300e+03,1.0716e-02,4.6312e+00,1.0003e+01,2.8659e+00,1.2040e-01
5.4400e+03,1.0614e-02,4.6311e+00,1.0003e+01,2.8660e+00,1.2040e-01
5.4500e+03,1.0513e-02,4.6311e+00,1.0003e+01,2.8661e+00,1.2041e-01
5.4600e+03,1.0413e-02,4.6310e+00,1.0003e+01,2.8662e+00,1.2041e-01
5.4700e+03,1.0314e-02,4.6309e+00,1.0003e+01,2.8663e+00,1.2042e-01
5.4800e+03,1.0216e-02,4.6308e+00,1.0003e+01,2.8664e+00,1.2042e-01
5.4900e+03,1.0118e-02,4.6307e+00,1.0003e+01,2.8665e+00,1.2043e-01
5.5000e+03,1.0022e-02,4.6306e+00,1.0003e+01,2.8665e+00,1.2043e-01
5.5100e+03,9.9266e-03,4.6305e+00,1.0003e+01,2.8666e+00,1.2044e-01
5.5200e+03,9.8322e-03,4.6304e+00,1.0003e+01,2.8667e+00,1.2044e-01
5.5300e+03,9.7386e-03,4.6303e+00,1.0003e+01,2.8668e+00,1.2045e-01
5.5400e+03,9.6459e-03,4.6302e+00,1.0003e+01,2.8669e+00,1.2045e-01
5.5500e+03,9.5541e-03,4.6301e+00,1.0003e+01,2.8670e+00,1.2046e-01
5.5600e+03,9.4632e-03,4.6301e+00,1.0003e+01,2.8671e+00,1.2046e-01
5.5700e+03,9.3732e-03,4.6300e+00,1.0003e+01,2.8672e+00,1.2047e-01
5.5800e+03,9.2840e-03,4.6299e+00,1.0003e+01,2.8672e+00,1.2047e-01
5.5900e+03,9.1956e-03,4.6298e+00,1.0003e+01,2.8673e+00,1.2048e-01
5.6000e+03,9.1081e-03,4.6297e+00,1.0003e+01,2.8674e+00,1.2048e-01
5.6100e+03,9.0215e-03,4.6296e+00,1.0003e+01,2.8675e+00,1.2049e-01
5.6200e+03,8.9356e-03,4.6296e+00,1.0003e+01,2.8676e+00,1.2049e-01
5.6300e+03,8.8506e-03,4.6295e+00,1.0003e+01,2.8677e+00,1.2049e-01
5.6400e+03,8.7664e-03,4.6294e+00,1.0003e+01,2.8677e+00,1.2050e-01
5.6500e+03,8.6830e-03,4.6293e+00,1.0003e+01,2.8678e+00,1.2050e-01
5.6600e+03,8.6004e-03,4.6292e+00,1.0003e+01,2.8679e+00,1.2051e-01
5.6700e+03,8.5186e-03,4.6292e+00,1.0003e+01,2.8680e+00,1.2051e-01
5.6800e+03,8.4375e-03,4.6291e+00,1.0003e+01,2.8681e+00,1.2052e-01
5.6900e+03,8.3572e-03,4.6290e+00,1.0003e+01,2.8681e+00,1.2052e-01
5.7000e+03,8.2777e-03,4.6289e+00,1.0003e+01,2.8682e+00,1.2052e-01
5.7100e+03,8.1990e-03,4.6289e+00,1.0003e+01,2.8683e+00,1.2053e-01
5.7200e+03,8.1210e-03,4.6288e+00,1.0003e+01,2.8684e+00,1.2053e-01
5.7300e+03,8.0437e-03,4.6287e+00,1.0003e+01,2.8684e+00,1.2054e-01
5.7400e+03,7.9672e-03,4.6286e+00,1.0003e+01,2.8685e+00,1.2054e-01
5.7500e+03,7.8914e-03,4.6286e+00,1.0003e+01,2.8686e+00,1.2054e-01
5.7600e+03,7.8163e-03,4.6285e+00,1.0003e+01,2.8686e+00,1.2055e-01
5.7700e+03,7.7420e-03,4.6284e+00,1.0003e+01,2.8687e+00,1.2055e-01
5.7800e+03,7.6683e-03,4.6284e+00,1.0003e+01,2.8688e+00,1.2055e-01
5.7900e+03,7.5954e-03,4.6283e+00,1.0003e+01,2.8688e+00,1.2056e-01
5.8000e+03,7.5231e-03,4.6282e+00,1.0003e+01,2.8689e+00,1.2056e-01
5.8100e+03,7.4516e-03,4.6281e+00,1.0003e+01,2.8690e+00,1.2057e-01
5.8200e+03,7.3807e-03,4.6281e+00,1.0003e+01,2.8691e+00,1.2057e-01
5.8300e+03,7.3105e-03,4.6280e+00,1.0003e+01,2.8691e+00,1.2057e-01
5.8400e+03,7.2410e-03,4.6279e+00,1.0003e+01,2.8692e+00,1.2058e-01
5.8500e+03,7.1721e-03,4.6279e+00,1.0003e+01,2.8693e+00,1.2058e-01
5.8600e+03,7.1039e-03,4.6278e+00,1.0003e+01,2.8693e+00,1.2058e-01
5.8700e+03,7.0363e-03,4.6278e+00,1.0003e+01,2.8694e+00,1.2059e-01
5.8800e+03,6.9694e-03,4.6277e+00,1.0003e+01,2.8694e+00,1.2059e-01
5.8900e+03,6.9031e-03,4.6276e+00,1.0003e+01,2.8695e+00,1.2059e-01
5.9000e+03,6.8374e-03,4.6276e+00,1.0003e+01,2.8696e+00,1.2060e-01
5.9100e+03,6.7724e-03,4.6275e+00,1.0003e+01,2.8696e+00,1.2060e-01
5.9200e+03,6.7080e-03,4.6274e+00,1.0003e+01,2.8697e+00,1.2060e-01
5.9300e+03,6.6442e-03,4.6274e+00,1.0003e+01,2.8698e+00,1.2061e-01
5.9400e+03,6.5810e-03,4.6273e+00,1.0003e+01,2.8698e+00,1.2061e-01
5.9500e+03,6.5184e-03,4.6273e+00,1.0003e+01,2.8699e+00,1.2061e-01
5.9600e+03,6.4564e-03,4.6272e+00,1.0003e+01,2.8699e+00,1.2062e-01
5.9700e+03,6.3950e-03,4.6271e+00,1.0003e+01,2.8700e+00,1.2062e-01
5.9800e+03,6.3342e-03,4.6271e+00,1.0003e+01,2.8700e+00,1.2062e-01
5.9900e+03,6.2740e-03,4.6270e+00,1.0003e+01,2.8701e+00,1.2063e-01
6.0000e+03,6.2143e-03,4.6270e+00,1.0003e+01,2.8702e+00,1.2063e-01
6.0100e+03,6.1552e-03,4.6269e+00,1.0003e+01,2.8702e+00,1.2063e-01
6.0200e+03,6.0967e-03,4.6269e+00,1.0003e+01,2.8703e+00,1.2064e-01
6.0300e+03,6.0387e-03,4.6268e+00,1.0003e+01,2.8703e+00,1.2064e-01
6.0400e+03,5.9813e-03,4.6267e+00,1.0003e+01,2.8704e+00,1.2064e-01
6.0500e+03,5.9244e-03,4.6267e+00,1.0003e+01,2.8704e+00,1.2064e-01
6.0600e+03,5.8681e-03,4.6266e+00,1.0003e+01,2.8705e+00,1.2065e-01
6.0700e+03,5.8123e-03,4.6266e+00,1.0003e+01,2.8705e+00,1.2065e-01
6.0800e+03,5.7570e-03,4.6265e+00,1.0003e+01,2.8706e+00,1.2065e-01
6.0900e+03,5.7022e-03,4.6265e+00,1.0003e+01,2.8706e+00,1.2066e-01
6.1000e+03,5.6480e-03,4.6264e+00,1.0003e+01,2.8707e+00,1.2066e-01
6.1100e+03,5.5943e-03,4.6264e+00,1.0003e+01,2.8707e+00,1.2066e-01
6.1200e+03,5.5411e-03,4.6263e+00,1.0003e+01,2.8708e+00,1.2066e-01
