t,[L2M],[D],[L],[L2MD],[L2Ms]
0.0000e+00,3.0000e+00,1.3500e+01,1.7500e+01,0.0000e+00,0.0000e+00
1.0000e+01,2.9532e+00,1.3456e+01,1.7502e+01,4.4313e-02,8.2195e-04
2.0000e+01,2.9087e+00,1.3412e+01,1.7502e+01,8.7918e-02,1.6334e-03
3.0000e+01,2.8651e+00,1.3369e+01,1.7502e+01,1.3074e-01,2.4328e-03
4.0000e+01,2.8223e+00,1.3327e+01,1.7502e+01,1.7278e-01,3.2203e-03
5.0000e+01,2.7802e+00,1.3286e+01,1.7502e+01,2.1407e-01,3.9961e-03
6.0000e+01,2.7389e+00,1.3245e+01,1.7502e+01,2.5463e-01,4.7604e-03
7.0000e+01,2.6983e+00,1.3205e+01,1.7502e+01,2.9447e-01,5.5135e-03
8.0000e+01,2.6584e+00,1.3166e+01,1.7502e+01,3.3360e-01,6.2554e-03
9.0000e+01,2.6193e+00,1.3128e+01,1.7502e+01,3.7205e-01,6.9865e-03
1.0000e+02,2.5808e+00,1.3090e+01,1.7502e+01,4.0982e-01,7.7069e-03
1.1000e+02,2.5429e+00,1.3053e+01,1.7502e+01,4.4694e-01,8.4168e-03
1.2000e+02,2.5058e+00,1.3016e+01,1.7502e+01,4.8341e-01,9.1163e-03
1.3000e+02,2.4692e+00,1.2980e+01,1.7502e+01,5.1925e-01,9.8057e-03
1.4000e+02,2.4333e+00,1.2945e+01,1.7502e+01,5.5448e-01,1.0485e-02
1.5000e+02,2.3980e+00,1.2911e+01,1.7502e+01,5.8910e-01,1.1155e-02
1.6000e+02,2.3633e+00,1.2876e+01,1.7502e+01,6.2314e-01,1.1815e-02
1.7000e+02,2.3292e+00,1.2843e+01,1.7502e+01,6.5660e-01,1.2465e-02
1.8000e+02,2.2957e+00,1.2810e+01,1.7502e+01,6.8949e-01,1.3106e-02
1.9000e+02,2.2627e+00,1.2778e+01,1.7502e+01,7.2183e-01,1.3738e-02
2.0000e+02,2.2303e+00,1.2746e+01,1.7502e+01,7.5363e-01,1.4361e-02
2.1000e+02,2.1984e+00,1.2715e+01,1.7502e+01,7.8490e-01,1.4975e-02
2.2000e+02,2.1671e+00,1.2684e+01,1.7502e+01,8.1565e-01,1.5580e-02
2.3000e+02,2.1362e+00,1.2654e+01,1.7502e+01,8.4589e-01,1.6177e-02
2.4000e+02,2.1059e+00,1.2624e+01,1.7502e+01,8.7563e-01,1.6765e-02
2.5000e+02,2.0761e+00,1.2595e+01,1.7502e+01,9.0488e-01,1.7345e-02
2.6000e+02,2.0467e+00,1.2566e+01,1.7502e+01,9.3365e-01,1.7917e-02
2.7000e+02,2.0178e+00,1.2537e+01,1.7502e+01,9.6196e-01,1.8481e-02
2.8000e+02,1.9894e+00,1.2510e+01,1.7502e+01,9.8981e-01,1.9037e-02
2.9000e+02,1.9615e+00,1.2482e+01,1.7502e+01,1.0172e+00,1.9585e-02
3.0000e+02,1.9340e+00,1.2455e+01,1.7502e+01,1.0442e+00,2.0125e-02
3.1000e+02,1.9070e+00,1.2429e+01,1.7502e+01,1.0707e+00,2.0658e-02
3.2000e+02,1.8803e+00,1.2403e+01,1.7502e+01,1.0968e+00,2.1184e-02
3.3000e+02,1.8541e+00,1.2377e+01,1.7502e+01,1.1225e+00,2.1702e-02
3.4000e+02,1.8283e+00,1.2352e+01,1.7502e+01,1.1477e+00,2.2213e-02
3.5000e+02,1.8030e+00,1.2327e+01,1.7502e+01,1.1726e+00,2.2717e-02
3.6000e+02,1.7780e+00,1.2302e+01,1.7502e+01,1.1971e+00,2.3214e-02
3.7000e+02,1.7534e+00,1.2278e+01,1.7502e+01,1.2212e+00,2.3704e-02
3.8000e+02,1.7292e+00,1.2254e+01,1.7502e+01,1.2449e+00,2.4187e-02
3.9000e+02,1.7054e+00,1.2231e+01,1.7502e+01,1.2682e+00,2.4664e-02
4.0000e+02,1.6819e+00,1.2208e+01,1.7502e+01,1.2912e+00,2.5134e-02
4.1000e+02,1.6588e+00,1.2185e+01,1.7502e+01,1.3138e+00,2.5598e-02
4.2000e+02,1.6361e+00,1.2163e+01,1.7502e+01,1.3361e+00,2.6055e-02
4.3000e+02,1.6137e+00,1.2141e+01,1.7502e+01,1.3580e+00,2.6507e-02
4.4000e+02,1.5917e+00,1.2120e+01,1.7502e+01,1.3796e+00,2.6952e-02
4.5000e+02,1.5700e+00,1.2098e+01,1.7502e+01,1.4009e+00,2.7391e-02
4.6000e+02,1.5486e+00,1.2077e+01,1.7502e+01,1.4218e+00,2.7824e-02
4.7000e+02,1.5276e+00,1.2057e+01,1.7502e+01,1.4425e+00,2.8251e-02
4.8000e+02,1.5069e+00,1.2036e+01,1.7502e+01,1.4628e+00,2.8672e-02
4.9000e+02,1.4864e+00,1.2016e+01,1.7502e+01,1.4828e+00,2.9088e-02
5.0000e+02,1.4663e+00,1.1997e+01,1.7502e+01,1.5025e+00,2.9498e-02
5.1000e+02,1.4465e+00,1.1977e+01,1.7502e+01,1.5218e+00,2.9902e-02
5.2000e+02,1.4270e+00,1.1958e+01,1.7502e+01,1.5410e+00,3.0301e-02
5.3000e+02,1.4078e+00,1.1939e+01,1.7502e+01,1.5598e+00,3.0695e-02
5.4000e+02,1.3889e+00,1.1921e+01,1.7502e+01,1.5783e+00,3.1084e-02
5.5000e+02,1.3703e+00,1.1902e+01,1.7502e+01,1.5966e+00,3.1467e-02
5.6000e+02,1.3519e+00,1.1884e+01,1.7502e+01,1.6146e+00,3.1845e-02
5.7000e+02,1.3338e+00,1.1867e+01,1.7502e+01,1.6323e+00,3.2218e-02
5.8000e+02,1.3160e+00,1.1849e+01,1.7502e+01,1.6497e+00,3.2586e-02
5.9000e+02,1.2984e+00,1.1832e+01,1.7502e+01,1.6669e+00,3.2949e-02
6.0000e+02,1.2811e+00,1.1815e+01,1.7502e+01,1.6839e+00,3.3308e-02
6.1000e+02,1.2640e+00,1.1798e+01,1.7502e+01,1.7006e+00,3.3661e-02
6.2000e+02,1.2472e+00,1.1782e+01,1.7502e+01,1.7170e+00,3.4010e-02
6.3000e+02,1.2307e+00,1.1766e+01,1.7502e+01,1.7333e+00,3.4355e-02
6.4000e+02,1.2144e+00,1.1750e+01,1.7502e+01,1.7492e+00,3.4694e-02
6.5000e+02,1.1983e+00,1.1734e+01,1.7502e+01,1.7650e+00,3.5030e-02
6.6000e+02,1.1824e+00,1.1718e+01,1.7502e+01,1.7805e+00,3.5360e-02
6.7000e+02,1.1668e+00,1.1703e+01,1.7502e+01,1.7958e+00,3.5687e-02
6.8000e+02,1.1514e+00,1.1688e+01,1.7502e+01,1.8109e+00,3.6009e-02
6.9000e+02,1.1362e+00,1.1673e+01,1.7502e+01,1.8257e+00,3.6327e-02
7.0000e+02,1.1213e+00,1.1659e+01,1.7502e+01,1.8404e+00,3.6641e-02
7.1000e+02,1.1065e+00,1.1644e+01,1.7502e+01,1.8548e+00,3.6950e-02
7.2000e+02,1.0920e+00,1.1630e+01,1.7502e+01,1.8690e+00,3.7256e-02
7.3000e+02,1.0777e+00,1.1616e+01,1.7502e+01,1.8830e+00,3.7558e-02
7.4000e+02,1.0636e+00,1.1602e+01,1.7502e+01,1.8969e+00,3.7855e-02
7.5000e+02,1.0497e+00,1.1588e+01,1.7502e+01,1.9105e+00,3.8149e-02
7.6000e+02,1.0359e+00,1.1575e+01,1.7502e+01,1.9239e+00,3.8439e-02
7.7000e+02,1.0224e+00,1.1562e+01,1.7502e+01,1.9372e+00,3.8725e-02
7.8000e+02,1.0091e+00,1.1549e+01,1.7502e+01,1.9502e+00,3.9007e-02
7.9000e+02,9.9593e-01,1.1536e+01,1.7502e+01,1.9631e+00,3.9286e-02
8.0000e+02,9.8296e-01,1.1523e+01,1.7502e+01,1.9758e+00,3.9561e-02
8.1000e+02,9.7018e-01,1.1511e+01,1.7502e+01,1.9883e+00,3.9833e-02
8.2000e+02,9.5758e-01,1.1498e+01,1.7502e+01,2.0006e+00,4.0101e-02
8.3000e+02,9.4516e-01,1.1486e+01,1.7502e+01,2.0128e+00,4.0365e-02
8.4000e+02,9.3290e-01,1.1474e+01,1.7502e+01,2.0248e+00,4.0626e-02
8.5000e+02,9.2082e-01,1.1462e+01,1.7502e+01,2.0366e+00,4.0884e-02
8.6000e+02,9.0891e-01,1.1451e+01,1.7502e+01,2.0482e+00,4.1139e-02
8.7000e+02,8.9716e-01,1.1439e+01,1.7502e+01,2.0597e+00,4.1390e-02
8.8000e+02,8.8558e-01,1.1428e+01,1.7502e+01,2.0711e+00,4.1638e-02
8.9000e+02,8.7415e-01,1.1417e+01,1.7502e+01,2.0823e+00,4.1882e-02
9.0000e+02,8.6289e-01,1.1406e+01,1.7502e+01,2.0933e+00,4.2124e-02
9.1000e+02,8.5177e-01,1.1395e+01,1.7502e+01,2.1042e+00,4.2362e-02
9.2000e+02,8.4082e-01,1.1384e+01,1.7502e+01,2.1149e+00,4.2598e-02
9.3000e+02,8.3001e-01,1.1373e+01,1.7502e+01,2.1254e+00,4.2830e-02
9.4000e+02,8.1935e-01,1.1363e+01,1.7502e+01,2.1359e+00,4.3059e-02
9.5000e+02,8.0883e-01,1.1353e+01,1.7502e+01,2.1462e+00,4.3286e-02
9.6000e+02,7.9846e-01,1.1342e+01,1.7502e+01,2.1563e+00,4.3509e-02
9.7000e+02,7.8824e-01,1.1332e+01,1.7502e+01,2.1663e+00,4.3730e-02
9.8000e+02,7.7815e-01,1.1323e+01,1.7502e+01,2.1762e+00,4.3948e-02
9.9000e+02,7.6819e-01,1.1313e+01,1.7502e+01,2.1859e+00,4.4163e-02
1.0000e+03,7.5838e-01,1.1303e+01,1.7502e+01,2.1955e+00,4.4375e-02
1.0100e+03,7.4869e-01,1.1294e+01,1.7502e+01,2.2050e+00,4.4585e-02
1.0200e+03,7.3914e-01,1.1284e+01,1.7502e+01,2.2144e+00,4.4792e-02
1.0300e+03,7.2972e-01,1.1275e+01,1.7502e+01,2.2236e+00,4.4996e-02
1.0400e+03,7.2042e-01,1.1266e+01,1.7502e+01,2.2327e+00,4.5198e-02
1.0500e+03,7.1125e-01,1.1257e+01,1.7502e+01,2.2416e+00,4.5397e-02
1.0600e+03,7.0221e-01,1.1248e+01,1.7502e+01,2.2505e+00,4.5594e-02
1.0700e+03,6.9328e-01,1.1239e+01,1.7502e+01,2.2592e+00,4.5788e-02
1.0800e+03,6.8448e-01,1.1231e+01,1.7502e+01,2.2678e+00,4.5979e-02
1.0900e+03,6.7579e-01,1.1222e+01,1.7502e+01,2.2763e+00,4.6169e-02
1.1000e+03,6.6722e-01,1.1214e+01,1.7502e+01,2.2847e+00,4.6356e-02
1.1100e+03,6.5876e-01,1.1206e+01,1.7502e+01,2.2930e+00,4.6540e-02
1.1200e+03,6.5042e-01,1.1198e+01,1.7502e+01,2.3011e+00,4.6722e-02
1.1300e+03,6.4219e-01,1.1189e+01,1.7502e+01,2.3092e+00,4.6902e-02
1.1400e+03,6.3407e-01,1.1182e+01,1.7502e+01,2.3171e+00,4.7080e-02
1.1500e+03,6.2605e-01,1.1174e+01,1.7502e+01,2.3250e+00,4.7255e-02
1.1600e+03,6.1814e-01,1.1166e+01,1.7502e+01,2.3327e+00,4.7428e-02
1.1700e+03,6.1034e-01,1.1158e+01,1.7502e+01,2.3403e+00,4.7599e-02
1.1800e+03,6.0264e-01,1.1151e+01,1.7502e+01,2.3479e+00,4.7768e-02
1.1900e+03,5.9505e-01,1.1143e+01,1.7502e+01,2.3553e+00,4.7934e-02
1.2000e+03,5.8755e-01,1.1136e+01,1.7502e+01,2.3626e+00,4.8099e-02
1.2100e+03,5.8015e-01,1.1129e+01,1.7502e+01,2.3699e+00,4.8261e-02
1.2200e+03,5.7285e-01,1.1122e+01,1.7502e+01,2.3770e+00,4.8422e-02
1.2300e+03,5.6565e-01,1.1115e+01,1.7502e+01,2.3841e+00,4.8580e-02
1.2400e+03,5.5854e-01,1.1108e+01,1.7502e+01,2.3910e+00,4.8737e-02
1.2500e+03,5.5152e-01,1.1101e+01,1.7502e+01,2.3979e+00,4.8891e-02
1.2600e+03,5.4460e-01,1.1094e+01,1.7502e+01,2.4046e+00,4.9044e-02
1.2700e+03,5.3777e-01,1.1087e+01,1.7502e+01,2.4113e+00,4.9194e-02
1.2800e+03,5.3102e-01,1.1081e+01,1.7502e+01,2.4179e+00,4.9343e-02
1.2900e+03,5.2437e-01,1.1074e+01,1.7502e+01,2.4244e+00,4.9490e-02
1.3000e+03,5.1780e-01,1.1068e+01,1.7502e+01,2.4309e+00,4.9635e-02
1.3100e+03,5.1132e-01,1.1061e+01,1.7502e+01,2.4372e+00,4.9778e-02
1.3200e+03,5.0492e-01,1.1055e+01,1.7502e+01,2.4434e+00,4.9920e-02
1.3300e+03,4.9861e-01,1.1049e+01,1.7502e+01,2.4496e+00,5.0059e-02
1.3400e+03,4.9238e-01,1.1043e+01,1.7502e+01,2.4557e+00,5.0197e-02
1.3500e+03,4.8623e-01,1.1037e+01,1.7502e+01,2.4617e+00,5.0333e-02
1.3600e+03,4.8016e-01,1.1031e+01,1.7502e+01,2.4677e+00,5.0468e-02
1.3700e+03,4.7416e-01,1.1025e+01,1.7502e+01,2.4735e+00,5.0601e-02
1.3800e+03,4.6825e-01,1.1019e+01,1.7502e+01,2.4793e+00,5.0732e-02
1.3900e+03,4.6241e-01,1.1014e+01,1.7502e+01,2.4850e+00,5.0861e-02
1.4000e+03,4.5665e-01,1.1008e+01,1.7502e+01,2.4906e+00,5.0989e-02
1.4100e+03,4.5096e-01,1.1002e+01,1.7502e+01,2.4962e+00,5.1116e-02
1.4200e+03,4.4535e-01,1.0997e+01,1.7502e+01,2.5017e+00,5.1240e-02
1.4300e+03,4.3981e-01,1.0991e+01,1.7502e+01,2.5071e+00,5.1364e-02
1.4400e+03,4.3434e-01,1.0986e+01,1.7502e+01,2.5125e+00,5.1485e-02
1.4500e+03,4.2894e-01,1.0981e+01,1.7502e+01,2.5177e+00,5.1605e-02
1.4600e+03,4.2361e-01,1.0976e+01,1.7502e+01,2.5230e+00,5.1724e-02
1.4700e+03,4.1835e-01,1.0970e+01,1.7502e+01,2.5281e+00,5.1841e-02
1.4800e+03,4.1316e-01,1.0965e+01,1.7502e+01,2.5332e+00,5.1957e-02
1.4900e+03,4.0803e-01,1.0960e+01,1.7502e+01,2.5382e+00,5.2071e-02
1.5000e+03,4.0297e-01,1.0955e+01,1.7502e+01,2.5431e+00,5.2184e-02
1.5100e+03,3.9797e-01,1.0951e+01,1.7502e+01,2.5480e+00,5.2296e-02
1.5200e+03,3.9304e-01,1.0946e+01,1.7502e+01,2.5528e+00,5.2406e-02
1.5300e+03,3.8817e-01,1.0941e+01,1.7502e+01,2.5576e+00,5.2515e-02
1.5400e+03,3.8336e-01,1.0936e+01,1.7502e+01,2.5623e+00,5.2622e-02
1.5500e+03,3.7862e-01,1.0932e+01,1.7502e+01,2.5669e+00,5.2728e-02
1.5600e+03,3.7393e-01,1.0927e+01,1.7502e+01,2.5715e+00,5.2833e-02
1.5700e+03,3.6931e-01,1.0922e+01,1.7502e+01,2.5760e+00,5.2936e-02
1.5800e+03,3.6474e-01,1.0918e+01,1.7502e+01,2.5805e+00,5.3038e-02
1.5900e+03,3.6024e-01,1.0914e+01,1.7502e+01,2.5849e+00,5.3139e-02
1.6000e+03,3.5579e-01,1.0909e+01,1.7502e+01,2.5893e+00,5.3239e-02
1.6100e+03,3.5139e-01,1.0905e+01,1.7502e+01,2.5936e+00,5.3337e-02
1.6200e+03,3.4705e-01,1.0901e+01,1.7502e+01,2.5978e+00,5.3435e-02
1.6300e+03,3.4277e-01,1.0897e+01,1.7502e+01,2.6020e+00,5.3531e-02
1.6400e+03,3.3854e-01,1.0892e+01,1.7502e+01,2.6061e+00,5.3626e-02
1.6500e+03,3.3437e-01,1.0888e+01,1.7502e+01,2.6102e+00,5.3719e-02
1.6600e+03,3.3025e-01,1.0884e+01,1.7502e+01,2.6142e+00,5.3812e-02
1.6700e+03,3.2618e-01,1.0880e+01,1.7502e+01,2.6182e+00,5.3903e-02
1.6800e+03,3.2216e-01,1.0876e+01,1.7502e+01,2.6221e+00,5.3993e-02
1.6900e+03,3.1819e-01,1.0872e+01,1.7502e+01,2.6260e+00,5.4083e-02
1.7000e+03,3.1427e-01,1.0869e+01,1.7502e+01,2.6298e+00,5.4171e-02
1.7100e+03,3.1041e-01,1.0865e+01,1.7502e+01,2.6336e+00,5.4258e-02
1.7200e+03,3.0659e-01,1.0861e+01,1.7502e+01,2.6374e+00,5.4344e-02
1.7300e+03,3.0282e-01,1.0857e+01,1.7502e+01,2.6410e+00,5.4428e-02
1.7400e+03,2.9910e-01,1.0854e+01,1.7502e+01,2.6447e+00,5.4512e-02
1.7500e+03,2.9542e-01,1.0850e+01,1.7502e+01,2.6483e+00,5.4595e-02
1.7600e+03,2.9179e-01,1.0847e+01,1.7502e+01,2.6518e+00,5.4677e-02
1.7700e+03,2.8821e-01,1.0843e+01,1.7502e+01,2.6553e+00,5.4757e-02
1.7800e+03,2.8467e-01,1.0840e+01,1.7502e+01,2.6588e+00,5.4837e-02
1.7900e+03,2.8117e-01,1.0836e+01,1.7502e+01,2.6622e+00,5.4916e-02
1.8000e+03,2.7772e-01,1.0833e+01,1.7502e+01,2.6656e+00,5.4994e-02
1.8100e+03,2.7432e-01,1.0830e+01,1.7502e+01,2.6689e+00,5.5071e-02
1.8200e+03,2.7095e-01,1.0826e+01,1.7502e+01,2.6722e+00,5.5147e-02
1.8300e+03,2.6763e-01,1.0823e+01,1.7502e+01,2.6754e+00,5.5222e-02
1.8400e+03,2.6435e-01,1.0820e+01,1.7502e+01,2.6786e+00,5.5296e-02
1.8500e+03,2.6111e-01,1.0817e+01,1.7502e+01,2.6818e+00,5.5369e-02
1.8600e+03,2.5791e-01,1.0814e+01,1.7502e+01,2.6849e+00,5.5441e-02
1.8700e+03,2.5475e-01,1.0810e+01,1.7502e+01,2.6880e+00,5.5513e-02
1.8800e+03,2.5163e-01,1.0807e+01,1.7502e+01,2.6911e+00,5.5583e-02
1.8900e+03,2.4855e-01,1.0804e+01,1.7502e+01,2.6941e+00,5.5653e-02
1.9000e+03,2.4551e-01,1.0801e+01,1.7502e+01,2.6971e+00,5.5721e-02
1.9100e+03,2.4251e-01,1.0798e+01,1.7502e+01,2.7000e+00,5.5789e-02
1.9200e+03,2.3954e-01,1.0796e+01,1.7502e+01,2.7029e+00,5.5857e-02
1.9300e+03,2.3661e-01,1.0793e+01,1.7502e+01,2.7058e+00,5.5923e-02
1.9400e+03,2.3372e-01,1.0790e+01,1.7502e+01,2.7086e+00,5.5988e-02
1.9500e+03,2.3086e-01,1.0787e+01,1.7502e+01,2.7114e+00,5.6053e-02
1.9600e+03,2.2804e-01,1.0784e+01,1.7502e+01,2.7141e+00,5.6117e-02
1.9700e+03,2.2526e-01,1.0782e+01,1.7502e+01,2.7168e+00,5.6180e-02
1.9800e+03,2.2251e-01,1.0779e+01,1.7502e+01,2.7195e+00,5.6242e-02
1.9900e+03,2.1979e-01,1.0776e+01,1.7502e+01,2.7222e+00,5.6304e-02
2.0000e+03,2.1711e-01,1.0774e+01,1.7502e+01,2.7248e+00,5.6365e-02
2.0100e+03,2.1446e-01,1.0771e+01,1.7502e+01,2.7274e+00,5.6425e-02
2.0200e+03,2.1184e-01,1.0768e+01,1.7502e+01,2.7300e+00,5.6484e-02
2.0300e+03,2.0926e-01,1.0766e+01,1.7502e+01,2.7325e+00,5.6543e-02
2.0400e+03,2.0670e-01,1.0763e+01,1.7502e+01,2.7350e+00,5.6601e-02
2.0500e+03,2.0418e-01,1.0761e+01,1.7502e+01,2.7374e+00,5.6658e-02
2.0600e+03,2.0169e-01,1.0759e+01,1.7502e+01,2.7399e+00,5.6715e-02
2.0700e+03,1.9924e-01,1.0756e+01,1.7502e+01,2.7423e+00,5.6770e-02
2.0800e+03,1.9681e-01,1.0754e+01,1.7502e+01,2.7447e+00,5.6826e-02
2.0900e+03,1.9441e-01,1.0751e+01,1.7502e+01,2.7470e+00,5.6880e-02
2.1000e+03,1.9204e-01,1.0749e+01,1.7502e+01,2.7493e+00,5.6934e-02
2.1100e+03,1.8970e-01,1.0747e+01,1.7502e+01,2.7516e+00,5.6987e-02
2.1200e+03,1.8739e-01,1.0745e+01,1.7502e+01,2.7539e+00,5.7040e-02
2.1300e+03,1.8511e-01,1.0742e+01,1.7502e+01,2.7561e+00,5.7091e-02
2.1400e+03,1.8286e-01,1.0740e+01,1.7502e+01,2.7583e+00,5.7143e-02
2.1500e+03,1.8063e-01,1.0738e+01,1.7502e+01,2.7605e+00,5.7193e-02
2.1600e+03,1.7844e-01,1.0736e+01,1.7502e+01,2.7626e+00,5.7243e-02
2.1700e+03,1.7627e-01,1.0734e+01,1.7502e+01,2.7647e+00,5.7293e-02
2.1800e+03,1.7412e-01,1.0732e+01,1.7502e+01,2.7668e+00,5.7342e-02
2.1900e+03,1.7200e-01,1.0730e+01,1.7502e+01,2.7689e+00,5.7390e-02
2.2000e+03,1.6991e-01,1.0727e+01,1.7502e+01,2.7709e+00,5.7437e-02
2.2100e+03,1.6785e-01,1.0725e+01,1.7502e+01,2.7730e+00,5.7484e-02
2.2200e+03,1.6581e-01,1.0723e+01,1.7502e+01,2.7749e+00,5.7531e-02
2.2300e+03,1.6379e-01,1.0721e+01,1.7502e+01,2.7769e+00,5.7577e-02
2.2400e+03,1.6180e-01,1.0720e+01,1.7502e+01,2.7789e+00,5.7622e-02
2.2500e+03,1.5984e-01,1.0718e+01,1.7502e+01,2.7808e+00,5.7667e-02
2.2600e+03,1.5790e-01,1.0716e+01,1.7502e+01,2.7827e+00,5.7711e-02
2.2700e+03,1.5598e-01,1.0714e+01,1.7502e+01,2.7846e+00,5.7755e-02
2.2800e+03,1.5409e-01,1.0712e+01,1.7502e+01,2.7864e+00,5.7798e-02
2.2900e+03,1.5222e-01,1.0710e+01,1.7502e+01,2.7882e+00,5.7841e-02
2.3000e+03,1.5037e-01,1.0708e+01,1.7502e+01,2.7900e+00,5.7883e-02
2.3100e+03,1.4854e-01,1.0707e+01,1.7502e+01,2.7918e+00,5.7925e-02
2.3200e+03,1.4674e-01,1.0705e+01,1.7502e+01,2.7936e+00,5.7966e-02
2.3300e+03,1.4496e-01,1.0703e+01,1.7502e+01,2.7953e+00,5.8006e-02
2.3400e+03,1.4320e-01,1.0701e+01,1.7502e+01,2.7970e+00,5.8046e-02
2.3500e+03,1.4147e-01,1.0700e+01,1.7502e+01,2.7987e+00,5.8086e-02
2.3600e+03,1.3975e-01,1.0698e+01,1.7502e+01,2.8004e+00,5.8125e-02
2.3700e+03,1.3806e-01,1.0696e+01,1.7502e+01,2.8021e+00,5.8164e-02
2.3800e+03,1.3638e-01,1.0695e+01,1.7502e+01,2.8037e+00,5.8202e-02
2.3900e+03,1.3473e-01,1.0693e+01,1.7502e+01,2.8053e+00,5.8240e-02
2.4000e+03,1.3310e-01,1.0691e+01,1.7502e+01,2.8069e+00,5.8277e-02
2.4100e+03,1.3148e-01,1.0690e+01,1.7502e+01,2.8085e+00,5.8314e-02
2.4200e+03,1.2989e-01,1.0688e+01,1.7502e+01,2.8100e+00,5.8350e-02
2.4300e+03,1.2832e-01,1.0687e+01,1.7502e+01,2.8116e+00,5.8386e-02
2.4400e+03,1.2676e-01,1.0685e+01,1.7502e+01,2.8131e+00,5.8422e-02
2.4500e+03,1.2523e-01,1.0684e+01,1.7502e+01,2.8146e+00,5.8457e-02
2.4600e+03,1.2371e-01,1.0682e+01,1.7502e+01,2.8161e+00,5.8492e-02
2.4700e+03,1.2221e-01,1.0681e+01,1.7502e+01,2.8175e+00,5.8526e-02
2.4800e+03,1.2073e-01,1.0679e+01,1.7502e+01,2.8190e+00,5.8560e-02
2.4900e+03,1.1927e-01,1.0678e+01,1.7502e+01,2.8204e+00,5.8593e-02
2.5000e+03,1.1783e-01,1.0677e+01,1.7502e+01,2.8218e+00,5.8626e-02
2.5100e+03,1.1640e-01,1.0675e+01,1.7502e+01,2.8232e+00,5.8659e-02
2.5200e+03,1.1500e-01,1.0674e+01,1.7502e+01,2.8246e+00,5.8691e-02
2.5300e+03,1.1360e-01,1.0672e+01,1.7502e+01,2.8260e+00,5.8723e-02
2.5400e+03,1.1223e-01,1.0671e+01,1.7502e+01,2.8273e+00,5.8754e-02
2.5500e+03,1.1087e-01,1.0670e+01,1.7502e+01,2.8286e+00,5.8785e-02
2.5600e+03,1.0953e-01,1.0668e+01,1.7502e+01,2.8299e+00,5.8816e-02
2.5700e+03,1.0821e-01,1.0667e+01,1.7502e+01,2.8312e+00,5.8847e-02
2.5800e+03,1.0690e-01,1.0666e+01,1.7502e+01,2.8325e+00,5.8876e-02
2.5900e+03,1.0561e-01,1.0665e+01,1.7502e+01,2.8338e+00,5.8906e-02
2.6000e+03,1.0433e-01,1.0663e+01,1.7502e+01,2.8350e+00,5.8935e-02
2.6100e+03,1.0307e-01,1.0662e+01,1.7502e+01,2.8363e+00,5.8964e-02
2.6200e+03,1.0182e-01,1.0661e+01,1.7502e+01,2.8375e+00,5.8993e-02
2.6300e+03,1.0059e-01,1.0660e+01,1.7502e+01,2.8387e+00,5.9021e-02
2.6400e+03,9.9378e-02,1.0659e+01,1.7502e+01,2.8399e+00,5.9049e-02
2.6500e+03,9.8177e-02,1.0657e+01,1.7502e+01,2.8410e+00,5.9076e-02
2.6600e+03,9.6991e-02,1.0656e+01,1.7502e+01,2.8422e+00,5.9104e-02
2.6700e+03,9.5819e-02,1.0655e+01,1.7502e+01,2.8433e+00,5.9130e-02
2.6800e+03,9.4662e-02,1.0654e+01,1.7502e+01,2.8445e+00,5.9157e-02
2.6900e+03,9.3519e-02,1.0653e+01,1.7502e+01,2.8456e+00,5.9183e-02
2.7000e+03,9.2390e-02,1.0652e+01,1.7502e+01,2.8467e+00,5.9209e-02
2.7100e+03,9.1274e-02,1.0651e+01,1.7502e+01,2.8478e+00,5.9235e-02
2.7200e+03,9.0172e-02,1.0650e+01,1.7502e+01,2.8489e+00,5.9260e-02
2.7300e+03,8.9084e-02,1.0648e+01,1.7502e+01,2.8499e+00,5.9285e-02
2.7400e+03,8.8008e-02,1.0647e+01,1.7502e+01,2.8510e+00,5.9310e-02
2.7500e+03,8.6946e-02,1.0646e+01,1.7502e+01,2.8520e+00,5.9334e-02
2.7600e+03,8.5897e-02,1.0645e+01,1.7502e+01,2.8530e+00,5.9358e-02
2.7700e+03,8.4860e-02,1.0644e+01,1.7502e+01,2.8540e+00,5.9382e-02
2.7800e+03,8.3836e-02,1.0643e+01,1.7502e+01,2.8550e+00,5.9405e-02
2.7900e+03,8.2825e-02,1.0642e+01,1.7502e+01,2.8560e+00,5.9428e-02
2.8000e+03,8.1825e-02,1.0641e+01,1.7502e+01,2.8570e+00,5.9451e-02
2.8100e+03,8.0838e-02,1.0640e+01,1.7502e+01,2.8580e+00,5.9474e-02
2.8200e+03,7.9863e-02,1.0639e+01,1.7502e+01,2.8589e+00,5.9496e-02
2.8300e+03,7.8900e-02,1.0638e+01,1.7502e+01,2.8599e+00,5.9519e-02
2.8400e+03,7.7948e-02,1.0638e+01,1.7502e+01,2.8608e+00,5.9540e-02
2.8500e+03,7.7008e-02,1.0637e+01,1.7502e+01,2.8617e+00,5.9562e-02
2.8600e+03,7.6080e-02,1.0636e+01,1.7502e+01,2.8626e+00,5.9583e-02
2.8700e+03,7.5162e-02,1.0635e+01,1.7502e+01,2.8635e+00,5.9604e-02
2.8800e+03,7.4256e-02,1.0634e+01,1.7502e+01,2.8644e+00,5.9625e-02
2.8900e+03,7.3361e-02,1.0633e+01,1.7502e+01,2.8653e+00,5.9646e-02
2.9000e+03,7.2477e-02,1.0632e+01,1.7502e+01,2.8661e+00,5.9666e-02
2.9100e+03,7.1603e-02,1.0631e+01,1.7502e+01,2.8670e+00,5.9686e-02
2.9200e+03,7.0740e-02,1.0631e+01,1.7502e+01,2.8678e+00,5.9706e-02
2.9300e+03,6.9888e-02,1.0630e+01,1.7502e+01,2.8687e+00,5.9726e-02
2.9400e+03,6.9045e-02,1.0629e+01,1.7502e+01,2.8695e+00,5.9745e-02
2.9500e+03,6.8213e-02,1.0628e+01,1.7502e+01,2.8703e+00,5.9764e-02
2.9600e+03,6.7391e-02,1.0627e+01,1.7502e+01,2.8711e+00,5.9783e-02
2.9700e+03,6.6580e-02,1.0626e+01,1.7502e+01,2.8719e+00,5.9802e-02
2.9800e+03,6.5777e-02,1.0626e+01,1.7502e+01,2.8727e+00,5.9820e-02
2.9900e+03,6.4985e-02,1.0625e+01,1.7502e+01,2.8735e+00,5.9838e-02
3.0000e+03,6.4202e-02,1.0624e+01,1.7502e+01,2.8742e+00,5.9856e-02
3.0100e+03,6.3429e-02,1.0623e+01,1.7502e+01,2.8750e+00,5.9874e-02
3.0200e+03,6.2665e-02,1.0623e+01,1.7502e+01,2.8757e+00,5.9892e-02
3.0300e+03,6.1910e-02,1.0622e+01,1.7502e+01,2.8765e+00,5.9909e-02
3.0400e+03,6.1165e-02,1.0621e+01,1.7502e+01,2.8772e+00,5.9926e-02
3.0500e+03,6.0428e-02,1.0620e+01,1.7502e+01,2.8779e+00,5.9943e-02
3.0600e+03,5.9701e-02,1.0620e+01,1.7502e+01,2.8786e+00,5.9960e-02
3.0700e+03,5.8982e-02,1.0619e+01,1.7502e+01,2.8793e+00,5.9976e-02
3.0800e+03,5.8272e-02,1.0618e+01,1.7502e+01,2.8800e+00,5.9993e-02
3.0900e+03,5.7570e-02,1.0618e+01,1.7502e+01,2.8807e+00,6.0009e-02
3.1000e+03,5.6877e-02,1.0617e+01,1.7502e+01,2.8814e+00,6.0025e-02
3.1100e+03,5.6192e-02,1.0616e+01,1.7502e+01,2.8821e+00,6.0040e-02
3.1200e+03,5.5516e-02,1.0616e+01,1.7502e+01,2.8827e+00,6.0056e-02
3.1300e+03,5.4848e-02,1.0615e+01,1.7502e+01,2.8834e+00,6.0071e-02
3.1400e+03,5.4188e-02,1.0614e+01,1.7502e+01,2.8840e+00,6.0087e-02
3.1500e+03,5.3536e-02,1.0614e+01,1.7502e+01,2.8846e+00,6.0102e-02
3.1600e+03,5.2891e-02,1.0613e+01,1.7502e+01,2.8853e+00,6.0116e-02
3.1700e+03,5.2255e-02,1.0612e+01,1.7502e+01,2.8859e+00,6.0131e-02
3.1800e+03,5.1626e-02,1.0612e+01,1.7502e+01,2.8865e+00,6.0146e-02
3.1900e+03,5.1005e-02,1.0611e+01,1.7502e+01,2.8871e+00,6.0160e-02
3.2000e+03,5.0391e-02,1.0611e+01,1.7502e+01,2.8877e+00,6.0174e-02
3.2100e+03,4.9785e-02,1.0610e+01,1.7502e+01,2.8883e+00,6.0188e-02
3.2200e+03,4.9186e-02,1.0609e+01,1.7502e+01,2.8889e+00,6.0202e-02
3.2300e+03,4.8595e-02,1.0609e+01,1.7502e+01,2.8895e+00,6.0215e-02
3.2400e+03,4.8010e-02,1.0608e+01,1.7502e+01,2.8900e+00,6.0229e-02
3.2500e+03,4.7433e-02,1.0608e+01,1.7502e+01,2.8906e+00,6.0242e-02
3.2600e+03,4.6862e-02,1.0607e+01,1.7502e+01,2.8912e+00,6.0255e-02
3.2700e+03,4.6299e-02,1.0607e+01,1.7502e+01,2.8917e+00,6.0268e-02
3.2800e+03,4.5742e-02,1.0606e+01,1.7502e+01,2.8923e+00,6.0281e-02
3.2900e+03,4.5192e-02,1.0606e+01,1.7502e+01,2.8928e+00,6.0294e-02
3.3000e+03,4.4648e-02,1.0605e+01,1.7502e+01,2.8933e+00,6.0306e-02
3.3100e+03,4.4111e-02,1.0604e+01,1.7502e+01,2.8939e+00,6.0319e-02
3.3200e+03,4.3581e-02,1.0604e+01,1.7502e+01,2.8944e+00,6.0331e-02
3.3300e+03,4.3057e-02,1.0603e+01,1.7502e+01,2.8949e+00,6.0343e-02
3.3400e+03,4.2539e-02,1.0603e+01,1.7502e+01,2.8954e+00,6.0355e-02
3.3500e+03,4.2028e-02,1.0602e+01,1.7502e+01,2.8959e+00,6.0367e-02
3.3600e+03,4.1523e-02,1.0602e+01,1.7502e+01,2.8964e+00,6.0378e-02
3.3700e+03,4.1023e-02,1.0601e+01,1.7502e+01,2.8969e+00,6.0390e-02
3.3800e+03,4.0530e-02,1.0601e+01,1.7502e+01,2.8974e+00,6.0401e-02
3.3900e+03,4.0043e-02,1.0601e+01,1.7502e+01,2.8978e+00,6.0412e-02
3.4000e+03,3.9562e-02,1.0600e+01,1.7502e+01,2.8983e+00,6.0423e-02
3.4100e+03,3.9086e-02,1.0600e+01,1.7502e+01,2.8988e+00,6.0434e-02
3.4200e+03,3.8617e-02,1.0599e+01,1.7502e+01,2.8992e+00,6.0445e-02
3.4300e+03,3.8152e-02,1.0599e+01,1.7502e+01,2.8997e+00,6.0456e-02
3.4400e+03,3.7694e-02,1.0598e+01,1.7502e+01,2.9001e+00,6.0466e-02
3.4500e+03,3.7241e-02,1.0598e+01,1.7502e+01,2.9006e+00,6.0477e-02
3.4600e+03,3.6793e-02,1.0597e+01,1.7502e+01,2.9010e+00,6.0487e-02
3.4700e+03,3.6351e-02,1.0597e+01,1.7502e+01,2.9014e+00,6.0497e-02
3.4800e+03,3.5915e-02,1.0596e+01,1.7502e+01,2.9019e+00,6.0507e-02
3.4900e+03,3.5483e-02,1.0596e+01,1.7502e+01,2.9023e+00,6.0517e-02
3.5000e+03,3.5057e-02,1.0596e+01,1.7502e+01,2.9027e+00,6.0527e-02
3.5100e+03,3.4635e-02,1.0595e+01,1.7502e+01,2.9031e+00,6.0537e-02
3.5200e+03,3.4219e-02,1.0595e+01,1.7502e+01,2.9035e+00,6.0546e-02
3.5300e+03,3.3808e-02,1.0594e+01,1.7502e+01,2.9039e+00,6.0556e-02
3.5400e+03,3.3402e-02,1.0594e+01,1.7502e+01,2.9043e+00,6.0565e-02
3.5500e+03,3.3001e-02,1.0594e+01,1.7502e+01,2.9047e+00,6.0575e-02
3.5600e+03,3.2604e-02,1.0593e+01,1.7502e+01,2.9051e+00,6.0584e-02
3.5700e+03,3.2213e-02,1.0593e+01,1.7502e+01,2.9055e+00,6.0593e-02
3.5800e+03,3.1826e-02,1.0592e+01,1.7502e+01,2.9059e+00,6.0602e-02
3.5900e+03,3.1444e-02,1.0592e+01,1.7502e+01,2.9062e+00,6.0610e-02
3.6000e+03,3.1066e-02,1.0592e+01,1.7502e+01,2.9066e+00,6.0619e-02
3.6100e+03,3.0693e-02,1.0591e+01,1.7502e+01,2.9070e+00,6.0628e-02
3.6200e+03,3.0324e-02,1.0591e+01,1.7502e+01,2.9073e+00,6.0636e-02
3.6300e+03,2.9960e-02,1.0591e+01,1.7502e+01,2.9077e+00,6.0645e-02
3.6400e+03,2.9600e-02,1.0590e+01,1.7502e+01,2.9080e+00,6.0653e-02
3.6500e+03,2.9245e-02,1.0590e+01,1.7502e+01,2.9084e+00,6.0661e-02
3.6600e+03,2.8894e-02,1.0590e+01,1.7502e+01,2.9087e+00,6.0669e-02
3.6700e+03,2.8547e-02,1.0589e+01,1.7502e+01,2.9091e+00,6.0677e-02
3.6800e+03,2.8204e-02,1.0589e+01,1.7502e+01,2.9094e+00,6.0685e-02
3.6900e+03,2.7865e-02,1.0589e+01,1.7502e+01,2.9097e+00,6.0693e-02
3.7000e+03,2.7531e-02,1.0588e+01,1.7502e+01,2.9101e+00,6.0701e-02
3.7100e+03,2.7200e-02,1.0588e+01,1.7502e+01,2.9104e+00,6.0708e-02
3.7200e+03,2.6873e-02,1.0588e+01,1.7502e+01,2.9107e+00,6.0716e-02
3.7300e+03,2.6551e-02,1.0587e+01,1.7502e+01,2.9110e+00,6.0723e-02
3.7400e+03,2.6232e-02,1.0587e+01,1.7502e+01,2.9113e+00,6.0731e-02
3.7500e+03,2.5917e-02,1.0587e+01,1.7502e+01,2.9116e+00,6.0738e-02
3.7600e+03,2.5606e-02,1.0586e+01,1.7502e+01,2.9119e+00,6.0745e-02
3.7700e+03,2.5299e-02,1.0586e+01,1.7502e+01,2.9122e+00,6.0752e-02
3.7800e+03,2.4995e-02,1.0586e+01,1.7502e+01,2.9125e+00,6.0759e-02
3.7900e+03,2.4695e-02,1.0586e+01,1.7502e+01,2.9128e+00,6.0766e-02
3.8000e+03,2.4398e-02,1.0585e+01,1.7502e+01,2.9131e+00,6.0773e-02
3.8100e+03,2.4106e-02,1.0585e+01,1.7502e+01,2.9134e+00,6.0780e-02
3.8200e+03,2.3816e-02,1.0585e+01,1.7502e+01,2.9137e+00,6.0786e-02
3.8300e+03,2.3530e-02,1.0584e+01,1.7502e+01,2.9140e+00,6.0793e-02
3.8400e+03,2.3248e-02,1.0584e+01,1.7502e+01,2.9142e+00,6.0800e-02
3.8500e+03,2.2969e-02,1.0584e+01,1.7502e+01,2.9145e+00,6.0806e-02
3.8600e+03,2.2693e-02,1.0584e+01,1.7502e+01,2.9148e+00,6.0812e-02
3.8700e+03,2.2421e-02,1.0583e+01,1.7502e+01,2.9150e+00,6.0819e-02
3.8800e+03,2.2152e-02,1.0583e+01,1.7502e+01,2.9153e+00,6.0825e-02
3.8900e+03,2.1886e-02,1.0583e+01,1.7502e+01,2.9156e+00,6.0831e-02
3.9000e+03,2.1623e-02,1.0583e+01,1.7502e+01,2.9158e+00,6.0837e-02
3.9100e+03,2.1364e-02,1.0582e+01,1.7502e+01,2.9161e+00,6.0843e-02
3.9200e+03,2.1107e-02,1.0582e+01,1.7502e+01,2.9163e+00,6.0849e-02
3.9300e+03,2.0854e-02,1.0582e+01,1.7502e+01,2.9166e+00,6.0855e-02
3.9400e+03,2.0604e-02,1.0582e+01,1.7502e+01,2.9168e+00,6.0861e-02
3.9500e+03,2.0357e-02,1.0581e+01,1.7502e+01,2.9171e+00,6.0866e-02
3.9600e+03,2.0112e-02,1.0581e+01,1.7502e+01,2.9173e+00,6.0872e-02
3.9700e+03,1.9871e-02,1.0581e+01,1.7502e+01,2.9175e+00,6.0877e-02
3.9800e+03,1.9633e-02,1.0581e+01,1.7502e+01,2.9178e+00,6.0883e-02
3.9900e+03,1.9397e-02,1.0580e+01,1.7502e+01,2.9180e+00,6.0888e-02
4.0000e+03,1.9164e-02,1.0580e+01,1.7502e+01,2.9182e+00,6.0894e-02
4.0100e+03,1.8934e-02,1.0580e+01,1.7502e+01,2.9185e+00,6.0899e-02
4.0200e+03,1.8707e-02,1.0580e+01,1.7502e+01,2.9187e+00,6.0904e-02
4.0300e+03,1.8483e-02,1.0579e+01,1.7502e+01,2.9189e+00,6.0910e-02
4.0400e+03,1.8261e-02,1.0579e+01,1.7502e+01,2.9191e+00,6.0915e-02
4.0500e+03,1.8042e-02,1.0579e+01,1.7502e+01,2.9193e+00,6.0920e-02
4.0600e+03,1.7826e-02,1.0579e+01,1.7502e+01,2.9195e+00,6.0925e-02
4.0700e+03,1.7612e-02,1.0579e+01,1.7502e+01,2.9197e+00,6.0930e-02
4.0800e+03,1.7400e-02,1.0578e+01,1.7502e+01,2.9200e+00,6.0934e-02
4.0900e+03,1.7192e-02,1.0578e+01,1.7502e+01,2.9202e+00,6.0939e-02
4.1000e+03,1.6986e-02,1.0578e+01,1.7502e+01,2.9204e+00,6.0944e-02
4.1100e+03,1.6782e-02,1.0578e+01,1.7502e+01,2.9206e+00,6.0949e-02
4.1200e+03,1.6580e-02,1.0578e+01,1.7502e+01,2.9208e+00,6.0953e-02
4.1300e+03,1.6382e-02,1.0577e+01,1.7502e+01,2.9209e+00,6.0958e-02
4.1400e+03,1.6185e-02,1.0577e+01,1.7502e+01,2.9211e+00,6.0963e-02
4.1500e+03,1.5991e-02,1.0577e+01,1.7502e+01,2.9213e+00,6.0967e-02
4.1600e+03,1.5799e-02,1.0577e+01,1.7502e+01,2.9215e+00,6.0971e-02
4.1700e+03,1.5610e-02,1.0577e+01,1.7502e+01,2.9217e+00,6.0976e-02
4.1800e+03,1.5422e-02,1.0576e+01,1.7502e+01,2.9219e+00,6.0980e-02
4.1900e+03,1.5237e-02,1.0576e+01,1.7502e+01,2.9221e+00,6.0984e-02
4.2000e+03,1.5055e-02,1.0576e+01,1.7502e+01,2.9222e+00,6.0989e-02
4.2100e+03,1.4874e-02,1.0576e+01,1.7502e+01,2.9224e+00,6.0993e-02
4.2200e+03,1.4696e-02,1.0576e+01,1.7502e+01,2.9226e+00,6.0997e-02
4.2300e+03,1.4519e-02,1.0576e+01,1.7502e+01,2.9228e+00,6.1001e-02
4.2400e+03,1.4345e-02,1.0575e+01,1.7502e+01,2.9229e+00,6.1005e-02
4.2500e+03,1.4173e-02,1.0575e+01,1.7502e+01,2.9231e+00,6.1009e-02
4.2600e+03,1.4003e-02,1.0575e+01,1.7502e+01,2.9233e+00,6.1013e-02
4.2700e+03,1.3835e-02,1.0575e+01,1.7502e+01,2.9234e+00,6.1017e-02
4.2800e+03,1.3669e-02,1.0575e+01,1.7502e+01,2.9236e+00,6.1021e-02
4.2900e+03,1.3506e-02,1.0575e+01,1.7502e+01,2.9238e+00,6.1024e-02
4.3000e+03,1.3344e-02,1.0574e+01,1.7502e+01,2.9239e+00,6.1028e-02
4.3100e+03,1.3184e-02,1.0574e+01,1.7502e+01,2.9241e+00,6.1032e-02
4.3200e+03,1.3025e-02,1.0574e+01,1.7502e+01,2.9242e+00,6.1036e-02
4.3300e+03,1.2869e-02,1.0574e+01,1.7502e+01,2.9244e+00,6.1039e-02
4.3400e+03,1.2715e-02,1.0574e+01,1.7502e+01,2.9245e+00,6.1043e-02
4.3500e+03,1.2562e-02,1.0574e+01,1.7502e+01,2.9247e+00,6.1046e-02
4.3600e+03,1.2412e-02,1.0574e+01,1.7502e+01,2.9248e+00,6.1050e-02
4.3700e+03,1.2263e-02,1.0573e+01,1.7502e+01,2.9250e+00,6.1053e-02
4.3800e+03,1.2116e-02,1.0573e+01,1.7502e+01,2.9251e+00,6.1057e-02
4.3900e+03,1.1971e-02,1.0573e+01,1.7502e+01,2.9253e+00,6.1060e-02
4.4000e+03,1.1827e-02,1.0573e+01,1.7502e+01,2.9254e+00,6.1063e-02
4.4100e+03,1.1685e-02,1.0573e+01,1.7502e+01,2.9255e+00,6.1066e-02
4.4200e+03,1.1545e-02,1.0573e+01,1.7502e+01,2.9257e+00,6.1070e-02
4.4300e+03,1.1407e-02,1.0573e+01,1.7502e+01,2.9258e+00,6.1073e-02
4.4400e+03,1.1270e-02,1.0572e+01,1.7502e+01,2.9259e+00,6.1076e-02
4.4500e+03,1.1135e-02,1.0572e+01,1.7502e+01,2.9261e+00,6.1079e-02
4.4600e+03,1.1001e-02,1.0572e+01,1.7502e+01,2.9262e+00,6.1082e-02
4.4700e+03,1.0870e-02,1.0572e+01,1.7502e+01,2.9263e+00,6.1085e-02
4.4800e+03,1.0739e-02,1.0572e+01,1.7502e+01,2.9265e+00,6.1088e-02
4.4900e+03,1.0610e-02,1.0572e+01,1.7502e+01,2.9266e+00,6.1091e-02
4.5000e+03,1.0483e-02,1.0572e+01,1.7502e+01,2.9267e+00,6.1094e-02
4.5100e+03,1.0358e-02,1.0571e+01,1.7502e+01,2.9268e+00,6.1097e-02
4.5200e+03,1.0233e-02,1.0571e+01,1.7502e+01,2.9270e+00,6.1100e-02
4.5300e+03,1.0111e-02,1.0571e+01,1.7502e+01,2.9271e+00,6.1103e-02
4.5400e+03,9.9895e-03,1.0571e+01,1.7502e+01,2.9272e+00,6.1106e-02
4.5500e+03,9.8697e-03,1.0571e+01,1.7502e+01,2.9273e+00,6.1108e-02
4.5600e+03,9.7514e-03,1.0571e+01,1.7502e+01,2.9274e+00,6.1111e-02
4.5700e+03,9.6345e-03,1.0571e+01,1.7502e+01,2.9275e+00,6.1114e-02
4.5800e+03,9.5190e-03,1.0571e+01,1.7502e+01,2.9277e+00,6.1117e-02
4.5900e+03,9.4049e-03,1.0571e+01,1.7502e+01,2.9278e+00,6.1119e-02
4.6000e+03,9.2921e-03,1.0570e+01,1.7502e+01,2.9279e+00,6.1122e-02
4.6100e+03,9.1808e-03,1.0570e+01,1.7502e+01,2.9280e+00,6.1124e-02
4.6200e+03,9.0707e-03,1.0570e+01,1.7502e+01,2.9281e+00,6.1127e-02
4.6300e+03,8.9620e-03,1.0570e+01,1.7502e+01,2.9282e+00,6.1129e-02
4.6400e+03,8.8545e-03,1.0570e+01,1.7502e+01,2.9283e+00,6.1132e-02
4.6500e+03,8.7484e-03,1.0570e+01,1.7502e+01,2.9284e+00,6.1134e-02
4.6600e+03,8.6435e-03,1.0570e+01,1.7502e+01,2.9285e+00,6.1137e-02
4.6700e+03,8.5399e-03,1.0570e+01,1.7502e+01,2.9286e+00,6.1139e-02
4.6800e+03,8.4376e-03,1.0570e+01,1.7502e+01,2.9287e+00,6.1142e-02
4.6900e+03,8.3364e-03,1.0570e+01,1.7502e+01,2.9288e+00,6.1144e-02
4.7000e+03,8.2365e-03,1.0569e+01,1.7502e+01,2.9289e+00,6.1146e-02
4.7100e+03,8.1378e-03,1.0569e+01,1.7502e+01,2.9290e+00,6.1148e-02
4.7200e+03,8.0402e-03,1.0569e+01,1.7502e+01,2.9291e+00,6.1151e-02
4.7300e+03,7.9438e-03,1.0569e+01,1.7502e+01,2.9292e+00,6.1153e-02
4.7400e+03,7.8486e-03,1.0569e+01,1.7502e+01,2.9293e+00,6.1155e-02
4.7500e+03,7.7546e-03,1.0569e+01,1.7502e+01,2.9294e+00,6.1157e-02
4.7600e+03,7.6616e-03,1.0569e+01,1.7502e+01,2.9295e+00,6.1159e-02
4.7700e+03,7.5698e-03,1.0569e+01,1.7502e+01,2.9296e+00,6.1162e-02
4.7800e+03,7.4790e-03,1.0569e+01,1.7502e+01,2.9296e+00,6.1164e-02
4.7900e+03,7.3894e-03,1.0569e+01,1.7502e+01,2.9297e+00,6.1166e-02
4.8000e+03,7.3008e-03,1.0569e+01,1.7502e+01,2.9298e+00,6.1168e-02
4.8100e+03,7.2133e-03,1.0568e+01,1.7502e+01,2.9299e+00,6.1170e-02
4.8200e+03,7.1269e-03,1.0568e+01,1.7502e+01,2.9300e+00,6.1172e-02
4.8300e+03,7.0415e-03,1.0568e+01,1.7502e+01,2.9301e+00,6.1174e-02
4.8400e+03,6.9571e-03,1.0568e+01,1.7502e+01,2.9302e+00,6.1176e-02
4.8500e+03,6.8737e-03,1.0568e+01,1.7502e+01,2.9302e+00,6.1178e-02
4.8600e+03,6.7913e-03,1.0568e+01,1.7502e+01,2.9303e+00,6.1180e-02
4.8700e+03,6.7099e-03,1.0568e+01,1.7502e+01,2.9304e+00,6.1181e-02
4.8800e+03,6.6295e-03,1.0568e+01,1.7502e+01,2.9305e+00,6.1183e-02
4.8900e+03,6.5500e-03,1.0568e+01,1.7502e+01,2.9306e+00,6.1185e-02
4.9000e+03,6.4715e-03,1.0568e+01,1.7502e+01,2.9306e+00,6.1187e-02
4.9100e+03,6.3940e-03,1.0568e+01,1.7502e+01,2.9307e+00,6.1189e-02
4.9200e+03,6.3173e-03,1.0568e+01,1.7502e+01,2.9308e+00,6.1190e-02
4.9300e+03,6.2416e-03,1.0567e+01,1.7502e+01,2.9309e+00,6.1192e-02
4.9400e+03,6.1668e-03,1.0567e+01,1.7502e+01,2.9309e+00,6.1194e-02
4.9500e+03,6.0929e-03,1.0567e+01,1.7502e+01,2.9310e+00,6.1196e-02
4.9600e+03,6.0199e-03,1.0567e+01,1.7502e+01,2.9311e+00,6.1197e-02
4.9700e+03,5.9478e-03,1.0567e+01,1.7502e+01,2.9311e+00,6.1199e-02
4.9800e+03,5.8765e-03,1.0567e+01,1.7502e+01,2.9312e+00,6.1201e-02
4.9900e+03,5.8061e-03,1.0567e+01,1.7502e+01,2.9313e+00,6.1202e-02
5.0000e+03,5.7365e-03,1.0567e+01,1.7502e+01,2.9313e+00,6.1204e-02
5.0100e+03,5.6677e-03,1.0567e+01,1.7502e+01,2.9314e+00,6.1206e-02
5.0200e+03,5.5998e-03,1.0567e+01,1.7502e+01,2.9315e+00,6.1207e-02
5.0300e+03,5.5327e-03,1.0567e+01,1.7502e+01,2.9315e+00,6.1209e-02
5.0400e+03,5.4664e-03,1.0567e+01,1.7502e+01,2.9316e+00,6.1210e-02
5.0500e+03,5.4009e-03,1.0567e+01,1.7502e+01,2.9317e+00,6.1212e-02
5.0600e+03,5.3362e-03,1.0567e+01,1.7502e+01,2.9317e+00,6.1213e-02
5.0700e+03,5.2722e-03,1.0567e+01,1.7502e+01,2.9318e+00,6.1215e-02
5.0800e+03,5.2091e-03,1.0566e+01,1.7502e+01,2.9319e+00,6.1216e-02
5.0900e+03,5.1466e-03,1.0566e+01,1.7502e+01,2.9319e+00,6.1218e-02
5.1000e+03,5.0850e-03,1.0566e+01,1.7502e+01,2.9320e+00,6.1219e-02
5.1100e+03,5.0240e-03,1.0566e+01,1.7502e+01,2.9320e+00,6.1220e-02
5.1200e+03,4.9638e-03,1.0566e+01,1.7502e+01,2.9321e+00,6.1222e-02
5.1300e+03,4.9043e-03,1.0566e+01,1.7502e+01,2.9322e+00,6.1223e-02
5.1400e+03,4.8456e-03,1.0566e+01,1.7502e+01,2.9322e+00,6.1225e-02
5.1500e+03,4.7875e-03,1.0566e+01,1.7502e+01,2.9323e+00,6.1226e-02
5.1600e+03,4.7301e-03,1.0566e+01,1.7502e+01,2.9323e+00,6.1227e-02
5.1700e+03,4.6735e-03,1.0566e+01,1.7502e+01,2.9324e+00,6.1228e-02
5.1800e+03,4.6175e-03,1.0566e+01,1.7502e+01,2.9324e+00,6.1230e-02
5.1900e+03,4.5621e-03,1.0566e+01,1.7502e+01,2.9325e+00,6.1231e-02
5.2000e+03,4.5075e-03,1.0566e+01,1.7502e+01,2.9325e+00,6.1232e-02
5.2100e+03,4.4534e-03,1.0566e+01,1.7502e+01,2.9326e+00,6.1234e-02
5.2200e+03,4.4001e-03,1.0566e+01,1.7502e+01,2.9327e+00,6.1235e-02
5.2300e+03,4.3474e-03,1.0566e+01,1.7502e+01,2.9327e+00,6.1236e-02
5.2400e+03,4.2953e-03,1.0566e+01,1.7502e+01,2.9328e+00,6.1237e-02
