t,[L2M],[D],[L],[L2MD],[L2Ms]
0.0000e+00,3.0000e+00,1.5000e+01,1.5000e+01,0.0000e+00,0.0000e+00
1.0000e+01,2.9403e+00,1.4943e+01,1.5002e+01,5.6766e-02,9.4789e-04
2.0000e+01,2.8837e+00,1.4887e+01,1.5002e+01,1.1238e-01,1.8801e-03
3.0000e+01,2.8285e+00,1.4833e+01,1.5002e+01,1.6674e-01,2.7946e-03
4.0000e+01,2.7744e+00,1.4780e+01,1.5002e+01,2.1987e-01,3.6916e-03
5.0000e+01,2.7216e+00,1.4728e+01,1.5002e+01,2.7181e-01,4.5717e-03
6.0000e+01,2.6700e+00,1.4677e+01,1.5002e+01,3.2259e-01,5.4352e-03
7.0000e+01,2.6195e+00,1.4627e+01,1.5002e+01,3.7225e-01,6.2824e-03
8.0000e+01,2.5701e+00,1.4579e+01,1.5002e+01,4.2081e-01,7.1138e-03
9.0000e+01,2.5218e+00,1.4531e+01,1.5002e+01,4.6830e-01,7.9296e-03
1.0000e+02,2.4745e+00,1.4485e+01,1.5002e+01,5.1476e-01,8.7301e-03
1.1000e+02,2.4283e+00,1.4439e+01,1.5002e+01,5.6021e-01,9.5158e-03
1.2000e+02,2.3830e+00,1.4395e+01,1.5002e+01,6.0468e-01,1.0287e-02
1.3000e+02,2.3388e+00,1.4351e+01,1.5002e+01,6.4819e-01,1.1044e-02
1.4000e+02,2.2954e+00,1.4309e+01,1.5002e+01,6.9078e-01,1.1787e-02
1.5000e+02,2.2530e+00,1.4267e+01,1.5002e+01,7.3245e-01,1.2516e-02
1.6000e+02,2.2115e+00,1.4226e+01,1.5002e+01,7.7325e-01,1.3232e-02
1.7000e+02,2.1709e+00,1.4186e+01,1.5002e+01,8.1318e-01,1.3934e-02
1.8000e+02,2.1311e+00,1.4147e+01,1.5002e+01,8.5228e-01,1.4624e-02
1.9000e+02,2.0921e+00,1.4109e+01,1.5002e+01,8.9056e-01,1.5302e-02
2.0000e+02,2.0540e+00,1.4071e+01,1.5002e+01,9.2804e-01,1.5967e-02
2.1000e+02,2.0166e+00,1.4035e+01,1.5002e+01,9.6475e-01,1.6620e-02
2.2000e+02,1.9800e+00,1.3999e+01,1.5002e+01,1.0007e+00,1.7261e-02
2.3000e+02,1.9442e+00,1.3963e+01,1.5002e+01,1.0359e+00,1.7891e-02
2.4000e+02,1.9091e+00,1.3929e+01,1.5002e+01,1.0704e+00,1.8509e-02
2.5000e+02,1.8747e+00,1.3895e+01,1.5002e+01,1.1042e+00,1.9116e-02
2.6000e+02,1.8410e+00,1.3862e+01,1.5002e+01,1.1373e+00,1.9713e-02
2.7000e+02,1.8080e+00,1.3829e+01,1.5002e+01,1.1697e+00,2.0298e-02
2.8000e+02,1.7756e+00,1.3798e+01,1.5002e+01,1.2015e+00,2.0873e-02
2.9000e+02,1.7439e+00,1.3766e+01,1.5002e+01,1.2327e+00,2.1438e-02
3.0000e+02,1.7128e+00,1.3736e+01,1.5002e+01,1.2632e+00,2.1993e-02
3.1000e+02,1.6824e+00,1.3706e+01,1.5002e+01,1.2931e+00,2.2539e-02
3.2000e+02,1.6525e+00,1.3677e+01,1.5002e+01,1.3224e+00,2.3074e-02
3.3000e+02,1.6232e+00,1.3648e+01,1.5002e+01,1.3512e+00,2.3600e-02
3.4000e+02,1.5945e+00,1.3620e+01,1.5002e+01,1.3794e+00,2.4117e-02
3.5000e+02,1.5664e+00,1.3592e+01,1.5002e+01,1.4070e+00,2.4624e-02
3.6000e+02,1.5388e+00,1.3565e+01,1.5002e+01,1.4341e+00,2.5123e-02
3.7000e+02,1.5117e+00,1.3538e+01,1.5002e+01,1.4606e+00,2.5613e-02
3.8000e+02,1.4852e+00,1.3512e+01,1.5002e+01,1.4867e+00,2.6095e-02
3.9000e+02,1.4592e+00,1.3487e+01,1.5002e+01,1.5122e+00,2.6568e-02
4.0000e+02,1.4337e+00,1.3462e+01,1.5002e+01,1.5373e+00,2.7032e-02
4.1000e+02,1.4087e+00,1.3437e+01,1.5002e+01,1.5618e+00,2.7489e-02
4.2000e+02,1.3841e+00,1.3413e+01,1.5002e+01,1.5859e+00,2.7938e-02
4.3000e+02,1.3600e+00,1.3389e+01,1.5002e+01,1.6096e+00,2.8379e-02
4.4000e+02,1.3364e+00,1.3366e+01,1.5002e+01,1.6328e+00,2.8812e-02
4.5000e+02,1.3132e+00,1.3343e+01,1.5002e+01,1.6555e+00,2.9238e-02
4.6000e+02,1.2905e+00,1.3321e+01,1.5002e+01,1.6778e+00,2.9656e-02
4.7000e+02,1.2682e+00,1.3299e+01,1.5002e+01,1.6997e+00,3.0068e-02
4.8000e+02,1.2463e+00,1.3278e+01,1.5002e+01,1.7212e+00,3.0472e-02
4.9000e+02,1.2248e+00,1.3257e+01,1.5002e+01,1.7423e+00,3.0869e-02
5.0000e+02,1.2038e+00,1.3236e+01,1.5002e+01,1.7630e+00,3.1259e-02
5.1000e+02,1.1831e+00,1.3216e+01,1.5002e+01,1.7833e+00,3.1643e-02
5.2000e+02,1.1628e+00,1.3196e+01,1.5002e+01,1.8032e+00,3.2020e-02
5.3000e+02,1.1429e+00,1.3176e+01,1.5002e+01,1.8227e+00,3.2391e-02
5.4000e+02,1.1233e+00,1.3157e+01,1.5002e+01,1.8419e+00,3.2755e-02
5.5000e+02,1.1041e+00,1.3138e+01,1.5002e+01,1.8608e+00,3.3114e-02
5.6000e+02,1.0853e+00,1.3119e+01,1.5002e+01,1.8793e+00,3.3466e-02
5.7000e+02,1.0668e+00,1.3101e+01,1.5002e+01,1.8974e+00,3.3812e-02
5.8000e+02,1.0486e+00,1.3083e+01,1.5002e+01,1.9152e+00,3.4152e-02
5.9000e+02,1.0308e+00,1.3066e+01,1.5002e+01,1.9327e+00,3.4486e-02
6.0000e+02,1.0133e+00,1.3049e+01,1.5002e+01,1.9499e+00,3.4815e-02
6.1000e+02,9.9612e-01,1.3032e+01,1.5002e+01,1.9667e+00,3.5138e-02
6.2000e+02,9.7925e-01,1.3015e+01,1.5002e+01,1.9833e+00,3.5456e-02
6.3000e+02,9.6268e-01,1.2999e+01,1.5002e+01,1.9995e+00,3.5768e-02
6.4000e+02,9.4642e-01,1.2983e+01,1.5002e+01,2.0155e+00,3.6075e-02
6.5000e+02,9.3045e-01,1.2967e+01,1.5002e+01,2.0312e+00,3.6377e-02
6.6000e+02,9.1476e-01,1.2952e+01,1.5002e+01,2.0466e+00,3.6674e-02
6.7000e+02,8.9936e-01,1.2937e+01,1.5002e+01,2.0617e+00,3.6966e-02
6.8000e+02,8.8423e-01,1.2922e+01,1.5002e+01,2.0765e+00,3.7253e-02
6.9000e+02,8.6937e-01,1.2907e+01,1.5002e+01,2.0911e+00,3.7535e-02
7.0000e+02,8.5478e-01,1.2893e+01,1.5002e+01,2.1054e+00,3.7812e-02
7.1000e+02,8.4045e-01,1.2879e+01,1.5002e+01,2.1195e+00,3.8085e-02
7.2000e+02,8.2637e-01,1.2865e+01,1.5002e+01,2.1333e+00,3.8353e-02
7.3000e+02,8.1254e-01,1.2852e+01,1.5002e+01,2.1468e+00,3.8617e-02
7.4000e+02,7.9896e-01,1.2838e+01,1.5002e+01,2.1602e+00,3.8877e-02
7.5000e+02,7.8562e-01,1.2825e+01,1.5002e+01,2.1733e+00,3.9132e-02
7.6000e+02,7.7251e-01,1.2812e+01,1.5002e+01,2.1861e+00,3.9382e-02
7.7000e+02,7.5963e-01,1.2800e+01,1.5002e+01,2.1987e+00,3.9629e-02
7.8000e+02,7.4698e-01,1.2787e+01,1.5002e+01,2.2111e+00,3.9871e-02
7.9000e+02,7.3455e-01,1.2775e+01,1.5002e+01,2.2233e+00,4.0110e-02
8.0000e+02,7.2234e-01,1.2763e+01,1.5002e+01,2.2353e+00,4.0344e-02
8.1000e+02,7.1034e-01,1.2751e+01,1.5002e+01,2.2471e+00,4.0575e-02
8.2000e+02,6.9855e-01,1.2740e+01,1.5002e+01,2.2586e+00,4.0802e-02
8.3000e+02,6.8697e-01,1.2728e+01,1.5002e+01,2.2700e+00,4.1025e-02
8.4000e+02,6.7559e-01,1.2717e+01,1.5002e+01,2.2812e+00,4.1244e-02
8.5000e+02,6.6441e-01,1.2706e+01,1.5002e+01,2.2921e+00,4.1460e-02
8.6000e+02,6.5342e-01,1.2696e+01,1.5002e+01,2.3029e+00,4.1672e-02
8.7000e+02,6.4262e-01,1.2685e+01,1.5002e+01,2.3135e+00,4.1880e-02
8.8000e+02,6.3200e-01,1.2675e+01,1.5002e+01,2.3239e+00,4.2086e-02
8.9000e+02,6.2157e-01,1.2664e+01,1.5002e+01,2.3341e+00,4.2287e-02
9.0000e+02,6.1132e-01,1.2654e+01,1.5002e+01,2.3442e+00,4.2486e-02
9.1000e+02,6.0125e-01,1.2644e+01,1.5002e+01,2.3541e+00,4.2681e-02
9.2000e+02,5.9135e-01,1.2635e+01,1.5002e+01,2.3638e+00,4.2873e-02
9.3000e+02,5.8162e-01,1.2625e+01,1.5002e+01,2.3733e+00,4.3062e-02
9.4000e+02,5.7206e-01,1.2616e+01,1.5002e+01,2.3827e+00,4.3248e-02
9.5000e+02,5.6266e-01,1.2606e+01,1.5002e+01,2.3919e+00,4.3431e-02
9.6000e+02,5.5342e-01,1.2597e+01,1.5002e+01,2.4010e+00,4.3610e-02
9.7000e+02,5.4434e-01,1.2589e+01,1.5002e+01,2.4099e+00,4.3787e-02
9.8000e+02,5.3541e-01,1.2580e+01,1.5002e+01,2.4186e+00,4.3961e-02
9.9000e+02,5.2664e-01,1.2571e+01,1.5002e+01,2.4272e+00,4.4132e-02
1.0000e+03,5.1802e-01,1.2563e+01,1.5002e+01,2.4357e+00,4.4300e-02
1.0100e+03,5.0954e-01,1.2554e+01,1.5002e+01,2.4440e+00,4.4466e-02
1.0200e+03,5.0120e-01,1.2546e+01,1.5002e+01,2.4522e+00,4.4628e-02
1.0300e+03,4.9301e-01,1.2538e+01,1.5002e+01,2.4602e+00,4.4788e-02
1.0400e+03,4.8496e-01,1.2530e+01,1.5002e+01,2.4681e+00,4.4946e-02
1.0500e+03,4.7704e-01,1.2522e+01,1.5002e+01,2.4759e+00,4.5101e-02
1.0600e+03,4.6925e-01,1.2515e+01,1.5002e+01,2.4835e+00,4.5253e-02
1.0700e+03,4.6160e-01,1.2507e+01,1.5002e+01,2.4910e+00,4.5403e-02
1.0800e+03,4.5408e-01,1.2500e+01,1.5002e+01,2.4984e+00,4.5551e-02
1.0900e+03,4.4668e-01,1.2493e+01,1.5002e+01,2.5056e+00,4.5696e-02
1.1000e+03,4.3941e-01,1.2486e+01,1.5002e+01,2.5128e+00,4.5839e-02
1.1100e+03,4.3226e-01,1.2479e+01,1.5002e+01,2.5198e+00,4.5979e-02
1.1200e+03,4.2523e-01,1.2472e+01,1.5002e+01,2.5267e+00,4.6117e-02
1.1300e+03,4.1832e-01,1.2465e+01,1.5002e+01,2.5334e+00,4.6253e-02
1.1400e+03,4.1152e-01,1.2458e+01,1.5002e+01,2.5401e+00,4.6387e-02
1.1500e+03,4.0484e-01,1.2452e+01,1.5002e+01,2.5466e+00,4.6518e-02
1.1600e+03,3.9827e-01,1.2445e+01,1.5002e+01,2.5531e+00,4.6647e-02
1.1700e+03,3.9180e-01,1.2439e+01,1.5002e+01,2.5594e+00,4.6775e-02
1.1800e+03,3.8545e-01,1.2433e+01,1.5002e+01,2.5657e+00,4.6900e-02
1.1900e+03,3.7920e-01,1.2427e+01,1.5002e+01,2.5718e+00,4.7023e-02
1.2000e+03,3.7306e-01,1.2420e+01,1.5002e+01,2.5778e+00,4.7144e-02
1.2100e+03,3.6702e-01,1.2415e+01,1.5002e+01,2.5837e+00,4.7264e-02
1.2200e+03,3.6108e-01,1.2409e+01,1.5002e+01,2.5895e+00,4.7381e-02
1.2300e+03,3.5524e-01,1.2403e+01,1.5002e+01,2.5953e+00,4.7496e-02
1.2400e+03,3.4949e-01,1.2397e+01,1.5002e+01,2.6009e+00,4.7610e-02
1.2500e+03,3.4384e-01,1.2392e+01,1.5002e+01,2.6064e+00,4.7721e-02
1.2600e+03,3.3829e-01,1.2386e+01,1.5002e+01,2.6119e+00,4.7831e-02
1.2700e+03,3.3282e-01,1.2381e+01,1.5002e+01,2.6172e+00,4.7939e-02
1.2800e+03,3.2745e-01,1.2376e+01,1.5002e+01,2.6225e+00,4.8046e-02
1.2900e+03,3.2216e-01,1.2371e+01,1.5002e+01,2.6277e+00,4.8151e-02
1.3000e+03,3.1697e-01,1.2365e+01,1.5002e+01,2.6328e+00,4.8253e-02
1.3100e+03,3.1185e-01,1.2360e+01,1.5002e+01,2.6378e+00,4.8355e-02
1.3200e+03,3.0683e-01,1.2356e+01,1.5002e+01,2.6427e+00,4.8454e-02
1.3300e+03,3.0188e-01,1.2351e+01,1.5002e+01,2.6476e+00,4.8553e-02
1.3400e+03,2.9702e-01,1.2346e+01,1.5002e+01,2.6523e+00,4.8649e-02
1.3500e+03,2.9224e-01,1.2341e+01,1.5002e+01,2.6570e+00,4.8744e-02
1.3600e+03,2.8753e-01,1.2337e+01,1.5002e+01,2.6616e+00,4.8837e-02
1.3700e+03,2.8291e-01,1.2332e+01,1.5002e+01,2.6662e+00,4.8929e-02
1.3800e+03,2.7836e-01,1.2328e+01,1.5002e+01,2.6706e+00,4.9020e-02
1.3900e+03,2.7388e-01,1.2323e+01,1.5002e+01,2.6750e+00,4.9109e-02
1.4000e+03,2.6948e-01,1.2319e+01,1.5002e+01,2.6793e+00,4.9196e-02
1.4100e+03,2.6515e-01,1.2315e+01,1.5002e+01,2.6836e+00,4.9282e-02
1.4200e+03,2.6089e-01,1.2310e+01,1.5002e+01,2.6877e+00,4.9367e-02
1.4300e+03,2.5670e-01,1.2306e+01,1.5002e+01,2.6919e+00,4.9451e-02
1.4400e+03,2.5258e-01,1.2302e+01,1.5002e+01,2.6959e+00,4.9533e-02
1.4500e+03,2.4852e-01,1.2298e+01,1.5002e+01,2.6999e+00,4.9613e-02
1.4600e+03,2.4453e-01,1.2294e+01,1.5002e+01,2.7038e+00,4.9693e-02
1.4700e+03,2.4061e-01,1.2291e+01,1.5002e+01,2.7076e+00,4.9771e-02
1.4800e+03,2.3675e-01,1.2287e+01,1.5002e+01,2.7114e+00,4.9848e-02
1.4900e+03,2.3296e-01,1.2283e+01,1.5002e+01,2.7151e+00,4.9924e-02
1.5000e+03,2.2923e-01,1.2279e+01,1.5002e+01,2.7188e+00,4.9998e-02
1.5100e+03,2.2555e-01,1.2276e+01,1.5002e+01,2.7224e+00,5.0071e-02
1.5200e+03,2.2194e-01,1.2272e+01,1.5002e+01,2.7259e+00,5.0144e-02
1.5300e+03,2.1839e-01,1.2269e+01,1.5002e+01,2.7294e+00,5.0215e-02
1.5400e+03,2.1489e-01,1.2265e+01,1.5002e+01,2.7328e+00,5.0284e-02
1.5500e+03,2.1145e-01,1.2262e+01,1.5002e+01,2.7362e+00,5.0353e-02
1.5600e+03,2.0807e-01,1.2259e+01,1.5002e+01,2.7395e+00,5.0421e-02
1.5700e+03,2.0474e-01,1.2255e+01,1.5002e+01,2.7428e+00,5.0487e-02
1.5800e+03,2.0146e-01,1.2252e+01,1.5002e+01,2.7460e+00,5.0553e-02
1.5900e+03,1.9824e-01,1.2249e+01,1.5002e+01,2.7491e+00,5.0617e-02
1.6000e+03,1.9507e-01,1.2246e+01,1.5002e+01,2.7522e+00,5.0681e-02
1.6100e+03,1.9196e-01,1.2243e+01,1.5002e+01,2.7553e+00,5.0743e-02
1.6200e+03,1.8889e-01,1.2240e+01,1.5002e+01,2.7583e+00,5.0804e-02
1.6300e+03,1.8587e-01,1.2237e+01,1.5002e+01,2.7613e+00,5.0865e-02
1.6400e+03,1.8290e-01,1.2234e+01,1.5002e+01,2.7642e+00,5.0924e-02
1.6500e+03,1.7998e-01,1.2231e+01,1.5002e+01,2.7670e+00,5.0983e-02
1.6600e+03,1.7711e-01,1.2228e+01,1.5002e+01,2.7698e+00,5.1040e-02
1.6700e+03,1.7428e-01,1.2226e+01,1.5002e+01,2.7726e+00,5.1097e-02
1.6800e+03,1.7150e-01,1.2223e+01,1.5002e+01,2.7753e+00,5.1153e-02
1.6900e+03,1.6877e-01,1.2220e+01,1.5002e+01,2.7780e+00,5.1207e-02
1.7000e+03,1.6608e-01,1.2217e+01,1.5002e+01,2.7807e+00,5.1261e-02
1.7100e+03,1.6343e-01,1.2215e+01,1.5002e+01,2.7833e+00,5.1314e-02
1.7200e+03,1.6082e-01,1.2212e+01,1.5002e+01,2.7858e+00,5.1367e-02
1.7300e+03,1.5826e-01,1.2210e+01,1.5002e+01,2.7883e+00,5.1418e-02
1.7400e+03,1.5574e-01,1.2207e+01,1.5002e+01,2.7908e+00,5.1469e-02
1.7500e+03,1.5326e-01,1.2205e+01,1.5002e+01,2.7932e+00,5.1519e-02
1.7600e+03,1.5081e-01,1.2203e+01,1.5002e+01,2.7956e+00,5.1568e-02
1.7700e+03,1.4841e-01,1.2200e+01,1.5002e+01,2.7980e+00,5.1616e-02
1.7800e+03,1.4605e-01,1.2198e+01,1.5002e+01,2.8003e+00,5.1663e-02
1.7900e+03,1.4372e-01,1.2196e+01,1.5002e+01,2.8026e+00,5.1710e-02
1.8000e+03,1.4143e-01,1.2193e+01,1.5002e+01,2.8048e+00,5.1756e-02
1.8100e+03,1.3918e-01,1.2191e+01,1.5002e+01,2.8070e+00,5.1801e-02
1.8200e+03,1.3697e-01,1.2189e+01,1.5002e+01,2.8092e+00,5.1846e-02
1.8300e+03,1.3479e-01,1.2187e+01,1.5002e+01,2.8113e+00,5.1890e-02
1.8400e+03,1.3264e-01,1.2185e+01,1.5002e+01,2.8134e+00,5.1933e-02
1.8500e+03,1.3053e-01,1.2183e+01,1.5002e+01,2.8155e+00,5.1975e-02
1.8600e+03,1.2846e-01,1.2181e+01,1.5002e+01,2.8175e+00,5.2017e-02
1.8700e+03,1.2642e-01,1.2179e+01,1.5002e+01,2.8195e+00,5.2058e-02
1.8800e+03,1.2441e-01,1.2177e+01,1.5002e+01,2.8215e+00,5.2098e-02
1.8900e+03,1.2243e-01,1.2175e+01,1.5002e+01,2.8234e+00,5.2138e-02
1.9000e+03,1.2048e-01,1.2173e+01,1.5002e+01,2.8253e+00,5.2177e-02
1.9100e+03,1.1857e-01,1.2171e+01,1.5002e+01,2.8272e+00,5.2216e-02
1.9200e+03,1.1668e-01,1.2169e+01,1.5002e+01,2.8291e+00,5.2254e-02
1.9300e+03,1.1483e-01,1.2167e+01,1.5002e+01,2.8309e+00,5.2291e-02
1.9400e+03,1.1301e-01,1.2165e+01,1.5002e+01,2.8327e+00,5.2328e-02
1.9500e+03,1.1121e-01,1.2164e+01,1.5002e+01,2.8344e+00,5.2364e-02
1.9600e+03,1.0945e-01,1.2162e+01,1.5002e+01,2.8362e+00,5.2399e-02
1.9700e+03,1.0771e-01,1.2160e+01,1.5002e+01,2.8379e+00,5.2434e-02
1.9800e+03,1.0600e-01,1.2159e+01,1.5002e+01,2.8395e+00,5.2469e-02
1.9900e+03,1.0431e-01,1.2157e+01,1.5002e+01,2.8412e+00,5.2503e-02
2.0000e+03,1.0266e-01,1.2155e+01,1.5002e+01,2.8428e+00,5.2536e-02
2.0100e+03,1.0103e-01,1.2154e+01,1.5002e+01,2.8444e+00,5.2569e-02
2.0200e+03,9.9426e-02,1.2152e+01,1.5002e+01,2.8460e+00,5.2601e-02
2.0300e+03,9.7849e-02,1.2151e+01,1.5002e+01,2.8475e+00,5.2633e-02
2.0400e+03,9.6297e-02,1.2149e+01,1.5002e+01,2.8490e+00,5.2664e-02
2.0500e+03,9.4769e-02,1.2148e+01,1.5002e+01,2.8505e+00,5.2695e-02
2.0600e+03,9.3266e-02,1.2146e+01,1.5002e+01,2.8520e+00,5.2726e-02
2.0700e+03,9.1787e-02,1.2145e+01,1.5002e+01,2.8535e+00,5.2755e-02
2.0800e+03,9.0331e-02,1.2143e+01,1.5002e+01,2.8549e+00,5.2785e-02
2.0900e+03,8.8899e-02,1.2142e+01,1.5002e+01,2.8563e+00,5.2814e-02
2.1000e+03,8.7490e-02,1.2140e+01,1.5002e+01,2.8577e+00,5.2842e-02
2.1100e+03,8.6103e-02,1.2139e+01,1.5002e+01,2.8590e+00,5.2870e-02
2.1200e+03,8.4738e-02,1.2138e+01,1.5002e+01,2.8604e+00,5.2898e-02
2.1300e+03,8.3395e-02,1.2136e+01,1.5002e+01,2.8617e+00,5.2925e-02
2.1400e+03,8.2073e-02,1.2135e+01,1.5002e+01,2.8630e+00,5.2951e-02
2.1500e+03,8.0773e-02,1.2134e+01,1.5002e+01,2.8643e+00,5.2978e-02
2.1600e+03,7.9493e-02,1.2133e+01,1.5002e+01,2.8655e+00,5.3003e-02
2.1700e+03,7.8233e-02,1.2131e+01,1.5002e+01,2.8667e+00,5.3029e-02
2.1800e+03,7.6994e-02,1.2130e+01,1.5002e+01,2.8680e+00,5.3054e-02
2.1900e+03,7.5775e-02,1.2129e+01,1.5002e+01,2.8691e+00,5.3079e-02
2.2000e+03,7.4574e-02,1.2128e+01,1.5002e+01,2.8703e+00,5.3103e-02
2.2100e+03,7.3393e-02,1.2127e+01,1.5002e+01,2.8715e+00,5.3127e-02
2.2200e+03,7.2231e-02,1.2125e+01,1.5002e+01,2.8726e+00,5.3150e-02
2.2300e+03,7.1087e-02,1.2124e+01,1.5002e+01,2.8737e+00,5.3173e-02
2.2400e+03,6.9962e-02,1.2123e+01,1.5002e+01,2.8748e+00,5.3196e-02
2.2500e+03,6.8854e-02,1.2122e+01,1.5002e+01,2.8759e+00,5.3218e-02
2.2600e+03,6.7764e-02,1.2121e+01,1.5002e+01,2.8770e+00,5.3240e-02
2.2700e+03,6.6692e-02,1.2120e+01,1.5002e+01,2.8780e+00,5.3262e-02
2.2800e+03,6.5636e-02,1.2119e+01,1.5002e+01,2.8791e+00,5.3283e-02
2.2900e+03,6.4597e-02,1.2118e+01,1.5002e+01,2.8801e+00,5.3304e-02
2.3000e+03,6.3575e-02,1.2117e+01,1.5002e+01,2.8811e+00,5.3325e-02
2.3100e+03,6.2569e-02,1.2116e+01,1.5002e+01,2.8821e+00,5.3345e-02
2.3200e+03,6.1579e-02,1.2115e+01,1.5002e+01,2.8831e+00,5.3365e-02
2.3300e+03,6.0605e-02,1.2114e+01,1.5002e+01,2.8840e+00,5.3385e-02
2.3400e+03,5.9646e-02,1.2113e+01,1.5002e+01,2.8850e+00,5.3404e-02
2.3500e+03,5.8703e-02,1.2112e+01,1.5002e+01,2.8859e+00,5.3424e-02
2.3600e+03,5.7774e-02,1.2111e+01,1.5002e+01,2.8868e+00,5.3442e-02
2.3700e+03,5.6860e-02,1.2110e+01,1.5002e+01,2.8877e+00,5.3461e-02
2.3800e+03,5.5961e-02,1.2110e+01,1.5002e+01,2.8886e+00,5.3479e-02
2.3900e+03,5.5076e-02,1.2109e+01,1.5002e+01,2.8894e+00,5.3497e-02
2.4000e+03,5.4205e-02,1.2108e+01,1.5002e+01,2.8903e+00,5.3515e-02
2.4100e+03,5.3348e-02,1.2107e+01,1.5002e+01,2.8911e+00,5.3532e-02
2.4200e+03,5.2504e-02,1.2106e+01,1.5002e+01,2.8919e+00,5.3549e-02
2.4300e+03,5.1674e-02,1.2105e+01,1.5002e+01,2.8928e+00,5.3566e-02
2.4400e+03,5.0857e-02,1.2105e+01,1.5002e+01,2.8936e+00,5.3582e-02
2.4500e+03,5.0053e-02,1.2104e+01,1.5002e+01,2.8943e+00,5.3599e-02
2.4600e+03,4.9262e-02,1.2103e+01,1.5002e+01,2.8951e+00,5.3615e-02
2.4700e+03,4.8483e-02,1.2102e+01,1.5002e+01,2.8959e+00,5.3630e-02
2.4800e+03,4.7717e-02,1.2101e+01,1.5002e+01,2.8966e+00,5.3646e-02
2.4900e+03,4.6963e-02,1.2101e+01,1.5002e+01,2.8974e+00,5.3661e-02
2.5000e+03,4.6221e-02,1.2100e+01,1.5002e+01,2.8981e+00,5.3676e-02
2.5100e+03,4.5490e-02,1.2099e+01,1.5002e+01,2.8988e+00,5.3691e-02
2.5200e+03,4.4771e-02,1.2099e+01,1.5002e+01,2.8995e+00,5.3705e-02
2.5300e+03,4.4064e-02,1.2098e+01,1.5002e+01,2.9002e+00,5.3720e-02
2.5400e+03,4.3368e-02,1.2097e+01,1.5002e+01,2.9009e+00,5.3734e-02
2.5500e+03,4.2682e-02,1.2096e+01,1.5002e+01,2.9016e+00,5.3748e-02
2.5600e+03,4.2008e-02,1.2096e+01,1.5002e+01,2.9022e+00,5.3761e-02
2.5700e+03,4.1345e-02,1.2095e+01,1.5002e+01,2.9029e+00,5.3775e-02
2.5800e+03,4.0691e-02,1.2095e+01,1.5002e+01,2.9035e+00,5.3788e-02
2.5900e+03,4.0049e-02,1.2094e+01,1.5002e+01,2.9042e+00,5.3801e-02
2.6000e+03,3.9416e-02,1.2093e+01,1.5002e+01,2.9048e+00,5.3814e-02
2.6100e+03,3.8793e-02,1.2093e+01,1.5002e+01,2.9054e+00,5.3827e-02
2.6200e+03,3.8181e-02,1.2092e+01,1.5002e+01,2.9060e+00,5.3839e-02
2.6300e+03,3.7578e-02,1.2091e+01,1.5002e+01,2.9066e+00,5.3851e-02
2.6400e+03,3.6984e-02,1.2091e+01,1.5002e+01,2.9072e+00,5.3863e-02
2.6500e+03,3.6400e-02,1.2090e+01,1.5002e+01,2.9077e+00,5.3875e-02
2.6600e+03,3.5825e-02,1.2090e+01,1.5002e+01,2.9083e+00,5.3887e-02
2.6700e+03,3.5260e-02,1.2089e+01,1.5002e+01,2.9088e+00,5.3898e-02
2.6800e+03,3.4703e-02,1.2089e+01,1.5002e+01,2.9094e+00,5.3909e-02
2.6900e+03,3.4155e-02,1.2088e+01,1.5002e+01,2.9099e+00,5.3920e-02
2.7000e+03,3.3616e-02,1.2088e+01,1.5002e+01,2.9105e+00,5.3931e-02
2.7100e+03,3.3085e-02,1.2087e+01,1.5002e+01,2.9110e+00,5.3942e-02
2.7200e+03,3.2563e-02,1.2087e+01,1.5002e+01,2.9115e+00,5.3953e-02
2.7300e+03,3.2049e-02,1.2086e+01,1.5002e+01,2.9120e+00,5.3963e-02
2.7400e+03,3.1543e-02,1.2086e+01,1.5002e+01,2.9125e+00,5.3973e-02
2.7500e+03,3.1045e-02,1.2085e+01,1.5002e+01,2.9130e+00,5.3984e-02
2.7600e+03,3.0555e-02,1.2085e+01,1.5002e+01,2.9135e+00,5.3993e-02
2.7700e+03,3.0072e-02,1.2084e+01,1.5002e+01,2.9139e+00,5.4003e-02
2.7800e+03,2.9598e-02,1.2084e+01,1.5002e+01,2.9144e+00,5.4013e-02
2.7900e+03,2.9131e-02,1.2083e+01,1.5002e+01,2.9148e+00,5.4022e-02
2.8000e+03,2.8671e-02,1.2083e+01,1.5002e+01,2.9153e+00,5.4032e-02
2.8100e+03,2.8218e-02,1.2082e+01,1.5002e+01,2.9157e+00,5.4041e-02
2.8200e+03,2.7773e-02,1.2082e+01,1.5002e+01,2.9162e+00,5.4050e-02
2.8300e+03,2.7335e-02,1.2081e+01,1.5002e+01,2.9166e+00,5.4059e-02
2.8400e+03,2.6903e-02,1.2081e+01,1.5002e+01,2.9170e+00,5.4067e-02
2.8500e+03,2.6479e-02,1.2081e+01,1.5002e+01,2.9174e+00,5.4076e-02
2.8600e+03,2.6061e-02,1.2080e+01,1.5002e+01,2.9179e+00,5.4085e-02
2.8700e+03,2.5650e-02,1.2080e+01,1.5002e+01,2.9183e+00,5.4093e-02
2.8800e+03,2.5245e-02,1.2079e+01,1.5002e+01,2.9187e+00,5.4101e-02
2.8900e+03,2.4847e-02,1.2079e+01,1.5002e+01,2.9190e+00,5.4109e-02
2.9000e+03,2.4455e-02,1.2079e+01,1.5002e+01,2.9194e+00,5.4117e-02
2.9100e+03,2.4069e-02,1.2078e+01,1.5002e+01,2.9198e+00,5.4125e-02
2.9200e+03,2.3689e-02,1.2078e+01,1.5002e+01,2.9202e+00,5.4133e-02
2.9300e+03,2.3316e-02,1.2078e+01,1.5002e+01,2.9205e+00,5.4140e-02
2.9400e+03,2.2948e-02,1.2077e+01,1.5002e+01,2.9209e+00,5.4148e-02
2.9500e+03,2.2586e-02,1.2077e+01,1.5002e+01,2.9213e+00,5.4155e-02
2.9600e+03,2.2229e-02,1.2076e+01,1.5002e+01,2.9216e+00,5.4162e-02
2.9700e+03,2.1879e-02,1.2076e+01,1.5002e+01,2.9220e+00,5.4169e-02
2.9800e+03,2.1534e-02,1.2076e+01,1.5002e+01,2.9223e+00,5.4176e-02
2.9900e+03,2.1194e-02,1.2075e+01,1.5002e+01,2.9226e+00,5.4183e-02
3.0000e+03,2.0860e-02,1.2075e+01,1.5002e+01,2.9230e+00,5.4190e-02
3.0100e+03,2.0531e-02,1.2075e+01,1.5002e+01,2.9233e+00,5.4197e-02
3.0200e+03,2.0207e-02,1.2074e+01,1.5002e+01,2.9236e+00,5.4203e-02
3.0300e+03,1.9888e-02,1.2074e+01,1.5002e+01,2.9239e+00,5.4210e-02
3.0400e+03,1.9574e-02,1.2074e+01,1.5002e+01,2.9242e+00,5.4216e-02
3.0500e+03,1.9266e-02,1.2074e+01,1.5002e+01,2.9245e+00,5.4222e-02
3.0600e+03,1.8962e-02,1.2073e+01,1.5002e+01,2.9248e+00,5.4229e-02
3.0700e+03,1.8663e-02,1.2073e+01,1.5002e+01,2.9251e+00,5.4235e-02
3.0800e+03,1.8369e-02,1.2073e+01,1.5002e+01,2.9254e+00,5.4241e-02
3.0900e+03,1.8079e-02,1.2072e+01,1.5002e+01,2.9257e+00,5.4246e-02
3.1000e+03,1.7794e-02,1.2072e+01,1.5002e+01,2.9260e+00,5.4252e-02
3.1100e+03,1.7513e-02,1.2072e+01,1.5002e+01,2.9262e+00,5.4258e-02
3.1200e+03,1.7237e-02,1.2072e+01,1.5002e+01,2.9265e+00,5.4264e-02
3.1300e+03,1.6965e-02,1.2071e+01,1.5002e+01,2.9268e+00,5.4269e-02
3.1400e+03,1.6698e-02,1.2071e+01,1.5002e+01,2.9270e+00,5.4274e-02
3.1500e+03,1.6434e-02,1.2071e+01,1.5002e+01,2.9273e+00,5.4280e-02
3.1600e+03,1.6175e-02,1.2071e+01,1.5002e+01,2.9275e+00,5.4285e-02
3.1700e+03,1.5920e-02,1.2070e+01,1.5002e+01,2.9278e+00,5.4290e-02
3.1800e+03,1.5669e-02,1.2070e+01,1.5002e+01,2.9280e+00,5.4295e-02
3.1900e+03,1.5422e-02,1.2070e+01,1.5002e+01,2.9283e+00,5.4300e-02
3.2000e+03,1.5179e-02,1.2070e+01,1.5002e+01,2.9285e+00,5.4305e-02
3.2100e+03,1.4940e-02,1.2069e+01,1.5002e+01,2.9288e+00,5.4310e-02
3.2200e+03,1.4704e-02,1.2069e+01,1.5002e+01,2.9290e+00,5.4315e-02
3.2300e+03,1.4472e-02,1.2069e+01,1.5002e+01,2.9292e+00,5.4320e-02
3.2400e+03,1.4244e-02,1.2069e+01,1.5002e+01,2.9294e+00,5.4324e-02
3.2500e+03,1.4020e-02,1.2068e+01,1.5002e+01,2.9297e+00,5.4329e-02
3.2600e+03,1.3799e-02,1.2068e+01,1.5002e+01,2.9299e+00,5.4333e-02
3.2700e+03,1.3581e-02,1.2068e+01,1.5002e+01,2.9301e+00,5.4338e-02
3.2800e+03,1.3367e-02,1.2068e+01,1.5002e+01,2.9303e+00,5.4342e-02
3.2900e+03,1.3156e-02,1.2068e+01,1.5002e+01,2.9305e+00,5.4346e-02
3.3000e+03,1.2949e-02,1.2067e+01,1.5002e+01,2.9307e+00,5.4351e-02
3.3100e+03,1.2745e-02,1.2067e+01,1.5002e+01,2.9309e+00,5.4355e-02
3.3200e+03,1.2544e-02,1.2067e+01,1.5002e+01,2.9311e+00,5.4359e-02
3.3300e+03,1.2346e-02,1.2067e+01,1.5002e+01,2.9313e+00,5.4363e-02
3.3400e+03,1.2152e-02,1.2067e+01,1.5002e+01,2.9315e+00,5.4367e-02
3.3500e+03,1.1960e-02,1.2066e+01,1.5002e+01,2.9317e+00,5.4371e-02
3.3600e+03,1.1772e-02,1.2066e+01,1.5002e+01,2.9319e+00,5.4374e-02
3.3700e+03,1.1586e-02,1.2066e+01,1.5002e+01,2.9320e+00,5.4378e-02
3.3800e+03,1.1403e-02,1.2066e+01,1.5002e+01,2.9322e+00,5.4382e-02
3.3900e+03,1.1224e-02,1.2066e+01,1.5002e+01,2.9324e+00,5.4386e-02
3.4000e+03,1.1047e-02,1.2065e+01,1.5002e+01,2.9326e+00,5.4389e-02
3.4100e+03,1.0873e-02,1.2065e+01,1.5002e+01,2.9327e+00,5.4393e-02
3.4200e+03,1.0701e-02,1.2065e+01,1.5002e+01,2.9329e+00,5.4396e-02
3.4300e+03,1.0533e-02,1.2065e+01,1.5002e+01,2.9331e+00,5.4400e-02
3.4400e+03,1.0367e-02,1.2065e+01,1.5002e+01,2.9332e+00,5.4403e-02
3.4500e+03,1.0203e-02,1.2065e+01,1.5002e+01,2.9334e+00,5.4406e-02
3.4600e+03,1.0042e-02,1.2064e+01,1.5002e+01,2.9335e+00,5.4410e-02
3.4700e+03,9.8842e-03,1.2064e+01,1.5002e+01,2.9337e+00,5.4413e-02
3.4800e+03,9.7284e-03,1.2064e+01,1.5002e+01,2.9339e+00,5.4416e-02
3.4900e+03,9.5751e-03,1.2064e+01,1.5002e+01,2.9340e+00,5.4419e-02
3.5000e+03,9.4242e-03,1.2064e+01,1.5002e+01,2.9342e+00,5.4422e-02
3.5100e+03,9.2757e-03,1.2064e+01,1.5002e+01,2.9343e+00,5.4425e-02
3.5200e+03,9.1295e-03,1.2064e+01,1.5002e+01,2.9344e+00,5.4428e-02
3.5300e+03,8.9856e-03,1.2063e+01,1.5002e+01,2.9346e+00,5.4431e-02
3.5400e+03,8.8440e-03,1.2063e+01,1.5002e+01,2.9347e+00,5.4434e-02
3.5500e+03,8.7047e-03,1.2063e+01,1.5002e+01,2.9349e+00,5.4437e-02
3.5600e+03,8.5675e-03,1.2063e+01,1.5002e+01,2.9350e+00,5.4439e-02
3.5700e+03,8.4325e-03,1.2063e+01,1.5002e+01,2.9351e+00,5.4442e-02
3.5800e+03,8.2996e-03,1.2063e+01,1.5002e+01,2.9353e+00,5.4445e-02
3.5900e+03,8.1688e-03,1.2063e+01,1.5002e+01,2.9354e+00,5.4448e-02
3.6000e+03,8.0401e-03,1.2063e+01,1.5002e+01,2.9355e+00,5.4450e-02
3.6100e+03,7.9134e-03,1.2062e+01,1.5002e+01,2.9356e+00,5.4453e-02
3.6200e+03,7.7887e-03,1.2062e+01,1.5002e+01,2.9358e+00,5.4455e-02
3.6300e+03,7.6660e-03,1.2062e+01,1.5002e+01,2.9359e+00,5.4458e-02
3.6400e+03,7.5452e-03,1.2062e+01,1.5002e+01,2.9360e+00,5.4460e-02
3.6500e+03,7.4263e-03,1.2062e+01,1.5002e+01,2.9361e+00,5.4463e-02
3.6600e+03,7.3093e-03,1.2062e+01,1.5002e+01,2.9362e+00,5.4465e-02
3.6700e+03,7.1941e-03,1.2062e+01,1.5002e+01,2.9363e+00,5.4467e-02
3.6800e+03,7.0808e-03,1.2062e+01,1.5002e+01,2.9365e+00,5.4470e-02
3.6900e+03,6.9692e-03,1.2061e+01,1.5002e+01,2.9366e+00,5.4472e-02
3.7000e+03,6.8594e-03,1.2061e+01,1.5002e+01,2.9367e+00,5.4474e-02
3.7100e+03,6.7513e-03,1.2061e+01,1.5002e+01,2.9368e+00,5.4476e-02
3.7200e+03,6.6450e-03,1.2061e+01,1.5002e+01,2.9369e+00,5.4479e-02
3.7300e+03,6.5403e-03,1.2061e+01,1.5002e+01,2.9370e+00,5.4481e-02
3.7400e+03,6.4372e-03,1.2061e+01,1.5002e+01,2.9371e+00,5.4483e-02
3.7500e+03,6.3358e-03,1.2061e+01,1.5002e+01,2.9372e+00,5.4485e-02
3.7600e+03,6.2360e-03,1.2061e+01,1.5002e+01,2.9373e+00,5.4487e-02
3.7700e+03,6.1377e-03,1.2061e+01,1.5002e+01,2.9374e+00,5.4489e-02
3.7800e+03,6.0410e-03,1.2061e+01,1.5002e+01,2.9375e+00,5.4491e-02
3.7900e+03,5.9458e-03,1.2060e+01,1.5002e+01,2.9376e+00,5.4493e-02
3.8000e+03,5.8522e-03,1.2060e+01,1.5002e+01,2.9377e+00,5.4495e-02
3.8100e+03,5.7600e-03,1.2060e+01,1.5002e+01,2.9377e+00,5.4496e-02
3.8200e+03,5.6692e-03,1.2060e+01,1.5002e+01,2.9378e+00,5.4498e-02
3.8300e+03,5.5799e-03,1.2060e+01,1.5002e+01,2.9379e+00,5.4500e-02
3.8400e+03,5.4920e-03,1.2060e+01,1.5002e+01,2.9380e+00,5.4502e-02
3.8500e+03,5.4055e-03,1.2060e+01,1.5002e+01,2.9381e+00,5.4504e-02
3.8600e+03,5.3203e-03,1.2060e+01,1.5002e+01,2.9382e+00,5.4505e-02
3.8700e+03,5.2365e-03,1.2060e+01,1.5002e+01,2.9383e+00,5.4507e-02
3.8800e+03,5.1540e-03,1.2060e+01,1.5002e+01,2.9383e+00,5.4509e-02
3.8900e+03,5.0728e-03,1.2060e+01,1.5002e+01,2.9384e+00,5.4510e-02
3.9000e+03,4.9929e-03,1.2060e+01,1.5002e+01,2.9385e+00,5.4512e-02
3.9100e+03,4.9142e-03,1.2059e+01,1.5002e+01,2.9386e+00,5.4514e-02
3.9200e+03,4.8368e-03,1.2059e+01,1.5002e+01,2.9386e+00,5.4515e-02
3.9300e+03,4.7606e-03,1.2059e+01,1.5002e+01,2.9387e+00,5.4517e-02
3.9400e+03,4.6856e-03,1.2059e+01,1.5002e+01,2.9388e+00,5.4518e-02
3.9500e+03,4.6118e-03,1.2059e+01,1.5002e+01,2.9389e+00,5.4520e-02
3.9600e+03,4.5392e-03,1.2059e+01,1.5002e+01,2.9389e+00,5.4521e-02
3.9700e+03,4.4676e-03,1.2059e+01,1.5002e+01,2.9390e+00,5.4523e-02
3.9800e+03,4.3973e-03,1.2059e+01,1.5002e+01,2.9391e+00,5.4524e-02
3.9900e+03,4.3280e-03,1.2059e+01,1.5002e+01,2.9391e+00,5.4526e-02
4.0000e+03,4.2598e-03,1.2059e+01,1.5002e+01,2.9392e+00,5.4527e-02
4.0100e+03,4.1927e-03,1.2059e+01,1.5002e+01,2.9393e+00,5.4528e-02
4.0200e+03,4.1267e-03,1.2059e+01,1.5002e+01,2.9393e+00,5.4530e-02
4.0300e+03,4.0617e-03,1.2059e+01,1.5002e+01,2.9394e+00,5.4531e-02
4.0400e+03,3.9977e-03,1.2059e+01,1.5002e+01,2.9395e+00,5.4532e-02
4.0500e+03,3.9347e-03,1.2059e+01,1.5002e+01,2.9395e+00,5.4534e-02
4.0600e+03,3.8727e-03,1.2058e+01,1.5002e+01,2.9396e+00,5.4535e-02
4.0700e+03,3.8117e-03,1.2058e+01,1.5002e+01,2.9397e+00,5.4536e-02
4.0800e+03,3.7517e-03,1.2058e+01,1.5002e+01,2.9397e+00,5.4537e-02
4.0900e+03,3.6926e-03,1.2058e+01,1.5002e+01,2.9398e+00,5.4538e-02
4.1000e+03,3.6344e-03,1.2058e+01,1.5002e+01,2.9398e+00,5.4540e-02
4.1100e+03,3.5772e-03,1.2058e+01,1.5002e+01,2.9399e+00,5.4541e-02
4.1200e+03,3.5208e-03,1.2058e+01,1.5002e+01,2.9399e+00,5.4542e-02
4.1300e+03,3.4654e-03,1.2058e+01,1.5002e+01,2.9400e+00,5.4543e-02
4.1400e+03,3.4108e-03,1.2058e+01,1.5002e+01,2.9400e+00,5.4544e-02
4.1500e+03,3.3570e-03,1.2058e+01,1.5002e+01,2.9401e+00,5.4545e-02
4.1600e+03,3.3042e-03,1.2058e+01,1.5002e+01,2.9402e+00,5.4546e-02
4.1700e+03,3.2521e-03,1.2058e+01,1.5002e+01,2.9402e+00,5.4547e-02
