t,[L2M],[D],[L],[L2MD],[L2Ms]
0.0000e+00,3.0000e+00,1.2000e+01,2.2500e+01,0.0000e+00,0.0000e+00
1.0000e+01,2.9670e+00,1.1969e+01,2.2501e+01,3.1029e-02,6.4728e-04
2.0000e+01,2.9357e+00,1.1938e+01,2.2501e+01,6.1708e-02,1.2889e-03
3.0000e+01,2.9048e+00,1.1908e+01,2.2501e+01,9.1987e-02,1.9238e-03
4.0000e+01,2.8742e+00,1.1878e+01,2.2501e+01,1.2187e-01,2.5520e-03
5.0000e+01,2.8441e+00,1.1849e+01,2.2501e+01,1.5137e-01,3.1737e-03
6.0000e+01,2.8144e+00,1.1819e+01,2.2501e+01,1.8049e-01,3.7889e-03
7.0000e+01,2.7850e+00,1.1791e+01,2.2501e+01,2.0924e-01,4.3977e-03
8.0000e+01,2.7560e+00,1.1762e+01,2.2501e+01,2.3762e-01,5.0002e-03
9.0000e+01,2.7274e+00,1.1734e+01,2.2501e+01,2.6564e-01,5.5964e-03
1.0000e+02,2.6992e+00,1.1707e+01,2.2501e+01,2.9331e-01,6.1865e-03
1.1000e+02,2.6713e+00,1.1679e+01,2.2501e+01,3.2062e-01,6.7706e-03
1.2000e+02,2.6437e+00,1.1652e+01,2.2501e+01,3.4760e-01,7.3486e-03
1.3000e+02,2.6165e+00,1.1626e+01,2.2501e+01,3.7423e-01,7.9207e-03
1.4000e+02,2.5896e+00,1.1599e+01,2.2501e+01,4.0053e-01,8.4869e-03
1.5000e+02,2.5631e+00,1.1573e+01,2.2501e+01,4.2651e-01,9.0474e-03
1.6000e+02,2.5369e+00,1.1548e+01,2.2501e+01,4.5216e-01,9.6021e-03
1.7000e+02,2.5110e+00,1.1522e+01,2.2501e+01,4.7749e-01,1.0151e-02
1.8000e+02,2.4855e+00,1.1497e+01,2.2501e+01,5.0252e-01,1.0695e-02
1.9000e+02,2.4602e+00,1.1473e+01,2.2501e+01,5.2723e-01,1.1233e-02
2.0000e+02,2.4353e+00,1.1448e+01,2.2501e+01,5.5165e-01,1.1765e-02
2.1000e+02,2.4106e+00,1.1424e+01,2.2501e+01,5.7577e-01,1.2293e-02
2.2000e+02,2.3863e+00,1.1400e+01,2.2501e+01,5.9959e-01,1.2814e-02
2.3000e+02,2.3622e+00,1.1377e+01,2.2501e+01,6.2313e-01,1.3331e-02
2.4000e+02,2.3384e+00,1.1353e+01,2.2501e+01,6.4638e-01,1.3843e-02
2.5000e+02,2.3150e+00,1.1330e+01,2.2501e+01,6.6935e-01,1.4349e-02
2.6000e+02,2.2918e+00,1.1308e+01,2.2501e+01,6.9205e-01,1.4850e-02
2.7000e+02,2.2688e+00,1.1285e+01,2.2501e+01,7.1447e-01,1.5347e-02
2.8000e+02,2.2462e+00,1.1263e+01,2.2501e+01,7.3663e-01,1.5838e-02
2.9000e+02,2.2238e+00,1.1241e+01,2.2501e+01,7.5853e-01,1.6324e-02
3.0000e+02,2.2017e+00,1.1219e+01,2.2501e+01,7.8016e-01,1.6806e-02
3.1000e+02,2.1798e+00,1.1198e+01,2.2501e+01,8.0154e-01,1.7283e-02
3.2000e+02,2.1582e+00,1.1177e+01,2.2501e+01,8.2267e-01,1.7755e-02
3.3000e+02,2.1369e+00,1.1156e+01,2.2501e+01,8.4356e-01,1.8223e-02
3.4000e+02,2.1158e+00,1.1135e+01,2.2501e+01,8.6419e-01,1.8686e-02
3.5000e+02,2.0949e+00,1.1115e+01,2.2501e+01,8.8459e-01,1.9144e-02
3.6000e+02,2.0743e+00,1.1095e+01,2.2501e+01,9.0475e-01,1.9598e-02
3.7000e+02,2.0539e+00,1.1075e+01,2.2501e+01,9.2468e-01,2.0047e-02
3.8000e+02,2.0338e+00,1.1055e+01,2.2501e+01,9.4438e-01,2.0492e-02
3.9000e+02,2.0139e+00,1.1036e+01,2.2501e+01,9.6384e-01,2.0933e-02
4.0000e+02,1.9942e+00,1.1016e+01,2.2501e+01,9.8309e-01,2.1369e-02
4.1000e+02,1.9747e+00,1.0997e+01,2.2501e+01,1.0021e+00,2.1801e-02
4.2000e+02,1.9555e+00,1.0979e+01,2.2501e+01,1.0209e+00,2.2229e-02
4.3000e+02,1.9365e+00,1.0960e+01,2.2501e+01,1.0395e+00,2.2653e-02
4.4000e+02,1.9177e+00,1.0942e+01,2.2501e+01,1.0579e+00,2.3073e-02
4.5000e+02,1.8991e+00,1.0923e+01,2.2501e+01,1.0761e+00,2.3488e-02
4.6000e+02,1.8807e+00,1.0905e+01,2.2501e+01,1.0940e+00,2.3900e-02
4.7000e+02,1.8625e+00,1.0888e+01,2.2501e+01,1.1118e+00,2.4308e-02
4.8000e+02,1.8446e+00,1.0870e+01,2.2501e+01,1.1294e+00,2.4711e-02
4.9000e+02,1.8268e+00,1.0853e+01,2.2501e+01,1.1468e+00,2.5111e-02
5.0000e+02,1.8092e+00,1.0836e+01,2.2501e+01,1.1639e+00,2.5507e-02
5.1000e+02,1.7919e+00,1.0819e+01,2.2501e+01,1.1809e+00,2.5899e-02
5.2000e+02,1.7747e+00,1.0802e+01,2.2501e+01,1.1977e+00,2.6288e-02
5.3000e+02,1.7577e+00,1.0785e+01,2.2501e+01,1.2143e+00,2.6673e-02
5.4000e+02,1.7409e+00,1.0769e+01,2.2501e+01,1.2308e+00,2.7054e-02
5.5000e+02,1.7242e+00,1.0752e+01,2.2501e+01,1.2470e+00,2.7431e-02
5.6000e+02,1.7078e+00,1.0736e+01,2.2501e+01,1.2631e+00,2.7805e-02
5.7000e+02,1.6915e+00,1.0720e+01,2.2501e+01,1.2790e+00,2.8175e-02
5.8000e+02,1.6755e+00,1.0705e+01,2.2501e+01,1.2947e+00,2.8542e-02
5.9000e+02,1.6595e+00,1.0689e+01,2.2501e+01,1.3102e+00,2.8905e-02
6.0000e+02,1.6438e+00,1.0674e+01,2.2501e+01,1.3256e+00,2.9265e-02
6.1000e+02,1.6282e+00,1.0659e+01,2.2501e+01,1.3408e+00,2.9622e-02
6.2000e+02,1.6128e+00,1.0644e+01,2.2501e+01,1.3558e+00,2.9975e-02
6.3000e+02,1.5976e+00,1.0629e+01,2.2501e+01,1.3707e+00,3.0324e-02
6.4000e+02,1.5826e+00,1.0614e+01,2.2501e+01,1.3854e+00,3.0671e-02
6.5000e+02,1.5676e+00,1.0599e+01,2.2501e+01,1.4000e+00,3.1014e-02
6.6000e+02,1.5529e+00,1.0585e+01,2.2501e+01,1.4144e+00,3.1354e-02
6.7000e+02,1.5383e+00,1.0571e+01,2.2501e+01,1.4287e+00,3.1691e-02
6.8000e+02,1.5239e+00,1.0557e+01,2.2501e+01,1.4428e+00,3.2025e-02
6.9000e+02,1.5096e+00,1.0543e+01,2.2501e+01,1.4567e+00,3.2355e-02
7.0000e+02,1.4955e+00,1.0529e+01,2.2501e+01,1.4705e+00,3.2683e-02
7.1000e+02,1.4815e+00,1.0515e+01,2.2501e+01,1.4842e+00,3.3007e-02
7.2000e+02,1.4677e+00,1.0502e+01,2.2501e+01,1.4977e+00,3.3328e-02
7.3000e+02,1.4540e+00,1.0488e+01,2.2501e+01,1.5110e+00,3.3647e-02
7.4000e+02,1.4404e+00,1.0475e+01,2.2501e+01,1.5243e+00,3.3962e-02
7.5000e+02,1.4270e+00,1.0462e+01,2.2501e+01,1.5373e+00,3.4275e-02
7.6000e+02,1.4138e+00,1.0449e+01,2.2501e+01,1.5503e+00,3.4584e-02
7.7000e+02,1.4007e+00,1.0436e+01,2.2501e+01,1.5631e+00,3.4891e-02
7.8000e+02,1.3877e+00,1.0424e+01,2.2501e+01,1.5758e+00,3.5195e-02
7.9000e+02,1.3748e+00,1.0411e+01,2.2501e+01,1.5883e+00,3.5496e-02
8.0000e+02,1.3621e+00,1.0399e+01,2.2501e+01,1.6007e+00,3.5794e-02
8.1000e+02,1.3495e+00,1.0386e+01,2.2501e+01,1.6130e+00,3.6090e-02
8.2000e+02,1.3371e+00,1.0374e+01,2.2501e+01,1.6252e+00,3.6383e-02
8.3000e+02,1.3248e+00,1.0362e+01,2.2501e+01,1.6372e+00,3.6673e-02
8.4000e+02,1.3126e+00,1.0350e+01,2.2501e+01,1.6491e+00,3.6960e-02
8.5000e+02,1.3005e+00,1.0338e+01,2.2501e+01,1.6609e+00,3.7245e-02
8.6000e+02,1.2886e+00,1.0327e+01,2.2501e+01,1.6726e+00,3.7527e-02
8.7000e+02,1.2767e+00,1.0315e+01,2.2501e+01,1.6841e+00,3.7807e-02
8.8000e+02,1.2650e+00,1.0304e+01,2.2501e+01,1.6956e+00,3.8084e-02
8.9000e+02,1.2534e+00,1.0292e+01,2.2501e+01,1.7069e+00,3.8359e-02
9.0000e+02,1.2420e+00,1.0281e+01,2.2501e+01,1.7181e+00,3.8631e-02
9.1000e+02,1.2306e+00,1.0270e+01,2.2501e+01,1.7291e+00,3.8900e-02
9.2000e+02,1.2194e+00,1.0259e+01,2.2501e+01,1.7401e+00,3.9167e-02
9.3000e+02,1.2083e+00,1.0248e+01,2.2501e+01,1.7510e+00,3.9432e-02
9.4000e+02,1.1973e+00,1.0238e+01,2.2501e+01,1.7617e+00,3.9694e-02
9.5000e+02,1.1864e+00,1.0227e+01,2.2501e+01,1.7723e+00,3.9954e-02
9.6000e+02,1.1756e+00,1.0216e+01,2.2501e+01,1.7829e+00,4.0212e-02
9.7000e+02,1.1649e+00,1.0206e+01,2.2501e+01,1.7933e+00,4.0467e-02
9.8000e+02,1.1543e+00,1.0196e+01,2.2501e+01,1.8036e+00,4.0720e-02
9.9000e+02,1.1439e+00,1.0185e+01,2.2501e+01,1.8138e+00,4.0970e-02
1.0000e+03,1.1335e+00,1.0175e+01,2.2501e+01,1.8239e+00,4.1219e-02
1.0100e+03,1.1233e+00,1.0165e+01,2.2501e+01,1.8339e+00,4.1465e-02
1.0200e+03,1.1131e+00,1.0155e+01,2.2501e+01,1.8439e+00,4.1709e-02
1.0300e+03,1.1030e+00,1.0145e+01,2.2501e+01,1.8537e+00,4.1950e-02
1.0400e+03,1.0931e+00,1.0136e+01,2.2501e+01,1.8634e+00,4.2190e-02
1.0500e+03,1.0832e+00,1.0126e+01,2.2501e+01,1.8730e+00,4.2427e-02
1.0600e+03,1.0735e+00,1.0117e+01,2.2501e+01,1.8825e+00,4.2662e-02
1.0700e+03,1.0638e+00,1.0107e+01,2.2501e+01,1.8919e+00,4.2895e-02
1.0800e+03,1.0543e+00,1.0098e+01,2.2501e+01,1.9013e+00,4.3126e-02
1.0900e+03,1.0448e+00,1.0089e+01,2.2501e+01,1.9105e+00,4.3355e-02
1.1000e+03,1.0354e+00,1.0079e+01,2.2501e+01,1.9197e+00,4.3582e-02
1.1100e+03,1.0261e+00,1.0070e+01,2.2501e+01,1.9287e+00,4.3807e-02
1.1200e+03,1.0169e+00,1.0061e+01,2.2501e+01,1.9377e+00,4.4030e-02
1.1300e+03,1.0078e+00,1.0053e+01,2.2501e+01,1.9466e+00,4.4250e-02
1.1400e+03,9.9881e-01,1.0044e+01,2.2501e+01,1.9554e+00,4.4469e-02
1.1500e+03,9.8989e-01,1.0035e+01,2.2501e+01,1.9641e+00,4.4686e-02
1.1600e+03,9.8105e-01,1.0026e+01,2.2501e+01,1.9727e+00,4.4901e-02
1.1700e+03,9.7229e-01,1.0018e+01,2.2501e+01,1.9813e+00,4.5114e-02
1.1800e+03,9.6363e-01,1.0009e+01,2.2501e+01,1.9897e+00,4.5325e-02
1.1900e+03,9.5504e-01,1.0001e+01,2.2501e+01,1.9981e+00,4.5535e-02
1.2000e+03,9.4654e-01,9.9927e+00,2.2501e+01,2.0064e+00,4.5742e-02
1.2100e+03,9.3812e-01,9.9845e+00,2.2501e+01,2.0146e+00,4.5948e-02
1.2200e+03,9.2978e-01,9.9764e+00,2.2501e+01,2.0227e+00,4.6151e-02
1.2300e+03,9.2153e-01,9.9683e+00,2.2501e+01,2.0308e+00,4.6353e-02
1.2400e+03,9.1335e-01,9.9603e+00,2.2501e+01,2.0388e+00,4.6553e-02
1.2500e+03,9.0525e-01,9.9524e+00,2.2501e+01,2.0467e+00,4.6752e-02
1.2600e+03,8.9723e-01,9.9446e+00,2.2501e+01,2.0545e+00,4.6948e-02
1.2700e+03,8.8929e-01,9.9368e+00,2.2501e+01,2.0622e+00,4.7143e-02
1.2800e+03,8.8142e-01,9.9292e+00,2.2501e+01,2.0699e+00,4.7336e-02
1.2900e+03,8.7363e-01,9.9216e+00,2.2501e+01,2.0775e+00,4.7528e-02
1.3000e+03,8.6591e-01,9.9140e+00,2.2501e+01,2.0850e+00,4.7718e-02
1.3100e+03,8.5827e-01,9.9066e+00,2.2501e+01,2.0925e+00,4.7906e-02
1.3200e+03,8.5070e-01,9.8992e+00,2.2501e+01,2.0999e+00,4.8092e-02
1.3300e+03,8.4320e-01,9.8919e+00,2.2501e+01,2.1072e+00,4.8277e-02
1.3400e+03,8.3577e-01,9.8846e+00,2.2501e+01,2.1144e+00,4.8460e-02
1.3500e+03,8.2841e-01,9.8774e+00,2.2501e+01,2.1216e+00,4.8642e-02
1.3600e+03,8.2112e-01,9.8703e+00,2.2501e+01,2.1287e+00,4.8822e-02
1.3700e+03,8.1391e-01,9.8633e+00,2.2501e+01,2.1358e+00,4.9000e-02
1.3800e+03,8.0676e-01,9.8563e+00,2.2501e+01,2.1427e+00,4.9177e-02
1.3900e+03,7.9967e-01,9.8494e+00,2.2501e+01,2.1496e+00,4.9352e-02
1.4000e+03,7.9266e-01,9.8426e+00,2.2501e+01,2.1565e+00,4.9526e-02
1.4100e+03,7.8571e-01,9.8358e+00,2.2501e+01,2.1633e+00,4.9698e-02
1.4200e+03,7.7882e-01,9.8291e+00,2.2501e+01,2.1700e+00,4.9869e-02
1.4300e+03,7.7201e-01,9.8224e+00,2.2501e+01,2.1766e+00,5.0038e-02
1.4400e+03,7.6525e-01,9.8158e+00,2.2501e+01,2.1832e+00,5.0206e-02
1.4500e+03,7.5856e-01,9.8093e+00,2.2501e+01,2.1897e+00,5.0372e-02
1.4600e+03,7.5193e-01,9.8028e+00,2.2501e+01,2.1962e+00,5.0537e-02
1.4700e+03,7.4536e-01,9.7964e+00,2.2501e+01,2.2026e+00,5.0700e-02
1.4800e+03,7.3886e-01,9.7901e+00,2.2501e+01,2.2089e+00,5.0862e-02
1.4900e+03,7.3241e-01,9.7838e+00,2.2501e+01,2.2152e+00,5.1022e-02
1.5000e+03,7.2603e-01,9.7775e+00,2.2501e+01,2.2215e+00,5.1182e-02
1.5100e+03,7.1970e-01,9.7714e+00,2.2501e+01,2.2276e+00,5.1339e-02
1.5200e+03,7.1344e-01,9.7653e+00,2.2501e+01,2.2337e+00,5.1496e-02
1.5300e+03,7.0723e-01,9.7592e+00,2.2501e+01,2.2398e+00,5.1651e-02
1.5400e+03,7.0108e-01,9.7532e+00,2.2501e+01,2.2458e+00,5.1804e-02
1.5500e+03,6.9498e-01,9.7473e+00,2.2501e+01,2.2517e+00,5.1957e-02
1.5600e+03,6.8895e-01,9.7414e+00,2.2501e+01,2.2576e+00,5.2108e-02
1.5700e+03,6.8296e-01,9.7355e+00,2.2501e+01,2.2634e+00,5.2257e-02
1.5800e+03,6.7704e-01,9.7298e+00,2.2501e+01,2.2692e+00,5.2406e-02
1.5900e+03,6.7117e-01,9.7240e+00,2.2501e+01,2.2749e+00,5.2553e-02
1.6000e+03,6.6535e-01,9.7184e+00,2.2501e+01,2.2806e+00,5.2699e-02
1.6100e+03,6.5959e-01,9.7127e+00,2.2501e+01,2.2862e+00,5.2843e-02
1.6200e+03,6.5388e-01,9.7072e+00,2.2501e+01,2.2918e+00,5.2987e-02
1.6300e+03,6.4822e-01,9.7017e+00,2.2501e+01,2.2973e+00,5.3129e-02
1.6400e+03,6.4261e-01,9.6962e+00,2.2501e+01,2.3028e+00,5.3270e-02
1.6500e+03,6.3706e-01,9.6908e+00,2.2501e+01,2.3082e+00,5.3409e-02
1.6600e+03,6.3156e-01,9.6854e+00,2.2501e+01,2.3136e+00,5.3548e-02
1.6700e+03,6.2610e-01,9.6801e+00,2.2501e+01,2.3189e+00,5.3685e-02
1.6800e+03,6.2070e-01,9.6748e+00,2.2501e+01,2.3241e+00,5.3821e-02
1.6900e+03,6.1535e-01,9.6696e+00,2.2501e+01,2.3294e+00,5.3956e-02
1.7000e+03,6.1004e-01,9.6644e+00,2.2501e+01,2.3345e+00,5.4090e-02
1.7100e+03,6.0478e-01,9.6593e+00,2.2501e+01,2.3397e+00,5.4222e-02
1.7200e+03,5.9958e-01,9.6542e+00,2.2501e+01,2.3447e+00,5.4354e-02
1.7300e+03,5.9442e-01,9.6492e+00,2.2501e+01,2.3498e+00,5.4484e-02
1.7400e+03,5.8930e-01,9.6442e+00,2.2501e+01,2.3548e+00,5.4613e-02
1.7500e+03,5.8423e-01,9.6393e+00,2.2501e+01,2.3597e+00,5.4741e-02
1.7600e+03,5.7921e-01,9.6344e+00,2.2501e+01,2.3646e+00,5.4868e-02
1.7700e+03,5.7424e-01,9.6295e+00,2.2501e+01,2.3694e+00,5.4994e-02
1.7800e+03,5.6931e-01,9.6247e+00,2.2501e+01,2.3742e+00,5.5119e-02
1.7900e+03,5.6442e-01,9.6199e+00,2.2501e+01,2.3790e+00,5.5243e-02
1.8000e+03,5.5958e-01,9.6152e+00,2.2501e+01,2.3837e+00,5.5365e-02
1.8100e+03,5.5478e-01,9.6105e+00,2.2501e+01,2.3884e+00,5.5487e-02
1.8200e+03,5.5002e-01,9.6059e+00,2.2501e+01,2.3930e+00,5.5608e-02
1.8300e+03,5.4531e-01,9.6013e+00,2.2501e+01,2.3976e+00,5.5727e-02
1.8400e+03,5.4064e-01,9.5967e+00,2.2501e+01,2.4022e+00,5.5846e-02
1.8500e+03,5.3601e-01,9.5922e+00,2.2501e+01,2.4067e+00,5.5963e-02
1.8600e+03,5.3143e-01,9.5878e+00,2.2501e+01,2.4112e+00,5.6080e-02
1.8700e+03,5.2688e-01,9.5833e+00,2.2501e+01,2.4156e+00,5.6195e-02
1.8800e+03,5.2238e-01,9.5789e+00,2.2501e+01,2.4200e+00,5.6310e-02
1.8900e+03,5.1792e-01,9.5746e+00,2.2501e+01,2.4243e+00,5.6423e-02
1.9000e+03,5.1349e-01,9.5703e+00,2.2501e+01,2.4286e+00,5.6536e-02
1.9100e+03,5.0911e-01,9.5660e+00,2.2501e+01,2.4329e+00,5.6647e-02
1.9200e+03,5.0477e-01,9.5618e+00,2.2501e+01,2.4371e+00,5.6758e-02
1.9300e+03,5.0046e-01,9.5576e+00,2.2501e+01,2.4413e+00,5.6868e-02
1.9400e+03,4.9619e-01,9.5534e+00,2.2501e+01,2.4455e+00,5.6977e-02
1.9500e+03,4.9197e-01,9.5493e+00,2.2501e+01,2.4496e+00,5.7084e-02
1.9600e+03,4.8777e-01,9.5452e+00,2.2501e+01,2.4537e+00,5.7191e-02
1.9700e+03,4.8362e-01,9.5412e+00,2.2501e+01,2.4577e+00,5.7297e-02
1.9800e+03,4.7950e-01,9.5371e+00,2.2501e+01,2.4618e+00,5.7403e-02
1.9900e+03,4.7542e-01,9.5332e+00,2.2501e+01,2.4657e+00,5.7507e-02
2.0000e+03,4.7138e-01,9.5292e+00,2.2501e+01,2.4697e+00,5.7610e-02
2.0100e+03,4.6737e-01,9.5253e+00,2.2501e+01,2.4736e+00,5.7713e-02
2.0200e+03,4.6340e-01,9.5214e+00,2.2501e+01,2.4775e+00,5.7814e-02
2.0300e+03,4.5946e-01,9.5176e+00,2.2501e+01,2.4813e+00,5.7915e-02
2.0400e+03,4.5556e-01,9.5138e+00,2.2501e+01,2.4851e+00,5.8015e-02
2.0500e+03,4.5169e-01,9.5100e+00,2.2501e+01,2.4889e+00,5.8114e-02
2.0600e+03,4.4786e-01,9.5063e+00,2.2501e+01,2.4926e+00,5.8212e-02
2.0700e+03,4.4406e-01,9.5026e+00,2.2501e+01,2.4963e+00,5.8309e-02
2.0800e+03,4.4030e-01,9.4989e+00,2.2501e+01,2.5000e+00,5.8406e-02
2.0900e+03,4.3657e-01,9.4953e+00,2.2501e+01,2.5036e+00,5.8502e-02
2.1000e+03,4.3287e-01,9.4917e+00,2.2501e+01,2.5072e+00,5.8597e-02
2.1100e+03,4.2920e-01,9.4881e+00,2.2501e+01,2.5108e+00,5.8691e-02
2.1200e+03,4.2557e-01,9.4846e+00,2.2501e+01,2.5143e+00,5.8784e-02
2.1300e+03,4.2196e-01,9.4811e+00,2.2501e+01,2.5178e+00,5.8877e-02
2.1400e+03,4.1839e-01,9.4776e+00,2.2501e+01,2.5213e+00,5.8968e-02
2.1500e+03,4.1485e-01,9.4741e+00,2.2501e+01,2.5248e+00,5.9059e-02
2.1600e+03,4.1135e-01,9.4707e+00,2.2501e+01,2.5282e+00,5.9149e-02
2.1700e+03,4.0787e-01,9.4673e+00,2.2501e+01,2.5316e+00,5.9239e-02
2.1800e+03,4.0442e-01,9.4640e+00,2.2501e+01,2.5349e+00,5.9328e-02
2.1900e+03,4.0101e-01,9.4606e+00,2.2501e+01,2.5382e+00,5.9416e-02
2.2000e+03,3.9762e-01,9.4573e+00,2.2501e+01,2.5415e+00,5.9503e-02
2.2100e+03,3.9427e-01,9.4541e+00,2.2501e+01,2.5448e+00,5.9589e-02
2.2200e+03,3.9094e-01,9.4508e+00,2.2501e+01,2.5481e+00,5.9675e-02
2.2300e+03,3.8764e-01,9.4476e+00,2.2501e+01,2.5513e+00,5.9760e-02
2.2400e+03,3.8437e-01,9.4444e+00,2.2501e+01,2.5545e+00,5.9844e-02
2.2500e+03,3.8113e-01,9.4413e+00,2.2501e+01,2.5576e+00,5.9928e-02
2.2600e+03,3.7792e-01,9.4381e+00,2.2501e+01,2.5607e+00,6.0011e-02
2.2700e+03,3.7474e-01,9.4350e+00,2.2501e+01,2.5638e+00,6.0093e-02
2.2800e+03,3.7158e-01,9.4319e+00,2.2501e+01,2.5669e+00,6.0174e-02
2.2900e+03,3.6845e-01,9.4289e+00,2.2501e+01,2.5700e+00,6.0255e-02
2.3000e+03,3.6535e-01,9.4259e+00,2.2501e+01,2.5730e+00,6.0335e-02
2.3100e+03,3.6228e-01,9.4229e+00,2.2501e+01,2.5760e+00,6.0415e-02
2.3200e+03,3.5923e-01,9.4199e+00,2.2501e+01,2.5789e+00,6.0493e-02
2.3300e+03,3.5621e-01,9.4170e+00,2.2501e+01,2.5819e+00,6.0572e-02
2.3400e+03,3.5321e-01,9.4140e+00,2.2501e+01,2.5848e+00,6.0649e-02
2.3500e+03,3.5024e-01,9.4112e+00,2.2501e+01,2.5877e+00,6.0726e-02
2.3600e+03,3.4730e-01,9.4083e+00,2.2501e+01,2.5906e+00,6.0802e-02
2.3700e+03,3.4438e-01,9.4054e+00,2.2501e+01,2.5934e+00,6.0877e-02
2.3800e+03,3.4149e-01,9.4026e+00,2.2501e+01,2.5962e+00,6.0952e-02
2.3900e+03,3.3863e-01,9.3998e+00,2.2501e+01,2.5990e+00,6.1027e-02
2.4000e+03,3.3578e-01,9.3971e+00,2.2501e+01,2.6018e+00,6.1100e-02
2.4100e+03,3.3297e-01,9.3943e+00,2.2501e+01,2.6045e+00,6.1173e-02
2.4200e+03,3.3017e-01,9.3916e+00,2.2501e+01,2.6072e+00,6.1246e-02
2.4300e+03,3.2741e-01,9.3889e+00,2.2501e+01,2.6099e+00,6.1317e-02
2.4400e+03,3.2466e-01,9.3862e+00,2.2501e+01,2.6126e+00,6.1389e-02
2.4500e+03,3.2194e-01,9.3836e+00,2.2501e+01,2.6153e+00,6.1459e-02
2.4600e+03,3.1924e-01,9.3809e+00,2.2501e+01,2.6179e+00,6.1529e-02
2.4700e+03,3.1657e-01,9.3783e+00,2.2501e+01,2.6205e+00,6.1599e-02
2.4800e+03,3.1392e-01,9.3757e+00,2.2501e+01,2.6231e+00,6.1668e-02
2.4900e+03,3.1129e-01,9.3732e+00,2.2501e+01,2.6256e+00,6.1736e-02
2.5000e+03,3.0868e-01,9.3707e+00,2.2501e+01,2.6282e+00,6.1803e-02
2.5100e+03,3.0610e-01,9.3681e+00,2.2501e+01,2.6307e+00,6.1871e-02
2.5200e+03,3.0354e-01,9.3656e+00,2.2501e+01,2.6332e+00,6.1937e-02
2.5300e+03,3.0100e-01,9.3632e+00,2.2501e+01,2.6357e+00,6.2003e-02
2.5400e+03,2.9849e-01,9.3607e+00,2.2501e+01,2.6381e+00,6.2069e-02
2.5500e+03,2.9599e-01,9.3583e+00,2.2501e+01,2.6405e+00,6.2134e-02
2.5600e+03,2.9352e-01,9.3559e+00,2.2501e+01,2.6430e+00,6.2198e-02
2.5700e+03,2.9106e-01,9.3535e+00,2.2501e+01,2.6453e+00,6.2262e-02
2.5800e+03,2.8863e-01,9.3511e+00,2.2501e+01,2.6477e+00,6.2325e-02
2.5900e+03,2.8622e-01,9.3488e+00,2.2501e+01,2.6501e+00,6.2388e-02
2.6000e+03,2.8383e-01,9.3464e+00,2.2501e+01,2.6524e+00,6.2450e-02
2.6100e+03,2.8146e-01,9.3441e+00,2.2501e+01,2.6547e+00,6.2512e-02
2.6200e+03,2.7911e-01,9.3418e+00,2.2501e+01,2.6570e+00,6.2573e-02
2.6300e+03,2.7679e-01,9.3396e+00,2.2501e+01,2.6592e+00,6.2634e-02
2.6400e+03,2.7448e-01,9.3373e+00,2.2501e+01,2.6615e+00,6.2694e-02
2.6500e+03,2.7219e-01,9.3351e+00,2.2501e+01,2.6637e+00,6.2754e-02
2.6600e+03,2.6992e-01,9.3329e+00,2.2501e+01,2.6659e+00,6.2813e-02
2.6700e+03,2.6767e-01,9.3307e+00,2.2501e+01,2.6681e+00,6.2871e-02
2.6800e+03,2.6544e-01,9.3285e+00,2.2501e+01,2.6703e+00,6.2930e-02
2.6900e+03,2.6323e-01,9.3264e+00,2.2501e+01,2.6725e+00,6.2987e-02
2.7000e+03,2.6103e-01,9.3242e+00,2.2501e+01,2.6746e+00,6.3045e-02
2.7100e+03,2.5886e-01,9.3221e+00,2.2501e+01,2.6767e+00,6.3101e-02
2.7200e+03,2.5671e-01,9.3200e+00,2.2501e+01,2.6788e+00,6.3158e-02
2.7300e+03,2.5457e-01,9.3179e+00,2.2501e+01,2.6809e+00,6.3214e-02
2.7400e+03,2.5245e-01,9.3159e+00,2.2501e+01,2.6829e+00,6.3269e-02
2.7500e+03,2.5035e-01,9.3138e+00,2.2501e+01,2.6850e+00,6.3324e-02
2.7600e+03,2.4827e-01,9.3118e+00,2.2501e+01,2.6870e+00,6.3378e-02
2.7700e+03,2.4620e-01,9.3098e+00,2.2501e+01,2.6890e+00,6.3432e-02
2.7800e+03,2.4415e-01,9.3078e+00,2.2501e+01,2.6910e+00,6.3486e-02
2.7900e+03,2.4212e-01,9.3058e+00,2.2501e+01,2.6930e+00,6.3539e-02
2.8000e+03,2.4011e-01,9.3038e+00,2.2501e+01,2.6950e+00,6.3592e-02
2.8100e+03,2.3812e-01,9.3019e+00,2.2501e+01,2.6969e+00,6.3644e-02
2.8200e+03,2.3614e-01,9.3000e+00,2.2501e+01,2.6988e+00,6.3696e-02
2.8300e+03,2.3418e-01,9.2981e+00,2.2501e+01,2.7007e+00,6.3747e-02
2.8400e+03,2.3223e-01,9.2962e+00,2.2501e+01,2.7026e+00,6.3798e-02
2.8500e+03,2.3030e-01,9.2943e+00,2.2501e+01,2.7045e+00,6.3848e-02
2.8600e+03,2.2839e-01,9.2924e+00,2.2501e+01,2.7064e+00,6.3899e-02
2.8700e+03,2.2649e-01,9.2906e+00,2.2501e+01,2.7082e+00,6.3948e-02
2.8800e+03,2.2461e-01,9.2887e+00,2.2501e+01,2.7101e+00,6.3997e-02
2.8900e+03,2.2275e-01,9.2869e+00,2.2501e+01,2.7119e+00,6.4046e-02
2.9000e+03,2.2090e-01,9.2851e+00,2.2501e+01,2.7137e+00,6.4095e-02
2.9100e+03,2.1907e-01,9.2833e+00,2.2501e+01,2.7155e+00,6.4143e-02
2.9200e+03,2.1725e-01,9.2816e+00,2.2501e+01,2.7172e+00,6.4190e-02
2.9300e+03,2.1545e-01,9.2798e+00,2.2501e+01,2.7190e+00,6.4238e-02
2.9400e+03,2.1367e-01,9.2781e+00,2.2501e+01,2.7207e+00,6.4285e-02
2.9500e+03,2.1189e-01,9.2763e+00,2.2501e+01,2.7224e+00,6.4331e-02
2.9600e+03,2.1014e-01,9.2746e+00,2.2501e+01,2.7242e+00,6.4377e-02
2.9700e+03,2.0840e-01,9.2729e+00,2.2501e+01,2.7258e+00,6.4423e-02
2.9800e+03,2.0667e-01,9.2713e+00,2.2501e+01,2.7275e+00,6.4468e-02
2.9900e+03,2.0496e-01,9.2696e+00,2.2501e+01,2.7292e+00,6.4513e-02
3.0000e+03,2.0326e-01,9.2679e+00,2.2501e+01,2.7308e+00,6.4558e-02
3.0100e+03,2.0158e-01,9.2663e+00,2.2501e+01,2.7325e+00,6.4602e-02
3.0200e+03,1.9991e-01,9.2647e+00,2.2501e+01,2.7341e+00,6.4646e-02
3.0300e+03,1.9825e-01,9.2631e+00,2.2501e+01,2.7357e+00,6.4689e-02
3.0400e+03,1.9661e-01,9.2615e+00,2.2501e+01,2.7373e+00,6.4732e-02
3.0500e+03,1.9499e-01,9.2599e+00,2.2501e+01,2.7389e+00,6.4775e-02
3.0600e+03,1.9337e-01,9.2583e+00,2.2501e+01,2.7405e+00,6.4818e-02
3.0700e+03,1.9177e-01,9.2567e+00,2.2501e+01,2.7420e+00,6.4860e-02
3.0800e+03,1.9019e-01,9.2552e+00,2.2501e+01,2.7436e+00,6.4901e-02
3.0900e+03,1.8861e-01,9.2537e+00,2.2501e+01,2.7451e+00,6.4943e-02
3.1000e+03,1.8706e-01,9.2521e+00,2.2501e+01,2.7466e+00,6.4984e-02
3.1100e+03,1.8551e-01,9.2506e+00,2.2501e+01,2.7481e+00,6.5024e-02
3.1200e+03,1.8398e-01,9.2491e+00,2.2501e+01,2.7496e+00,6.5065e-02
3.1300e+03,1.8245e-01,9.2477e+00,2.2501e+01,2.7511e+00,6.5105e-02
3.1400e+03,1.8095e-01,9.2462e+00,2.2501e+01,2.7526e+00,6.5144e-02
3.1500e+03,1.7945e-01,9.2447e+00,2.2501e+01,2.7540e+00,6.5184e-02
3.1600e+03,1.7797e-01,9.2433e+00,2.2501e+01,2.7555e+00,6.5223e-02
3.1700e+03,1.7650e-01,9.2419e+00,2.2501e+01,2.7569e+00,6.5262e-02
3.1800e+03,1.7504e-01,9.2404e+00,2.2501e+01,2.7583e+00,6.5300e-02
3.1900e+03,1.7360e-01,9.2390e+00,2.2501e+01,2.7597e+00,6.5338e-02
3.2000e+03,1.7216e-01,9.2376e+00,2.2501e+01,2.7611e+00,6.5376e-02
3.2100e+03,1.7074e-01,9.2363e+00,2.2501e+01,2.7625e+00,6.5413e-02
3.2200e+03,1.6933e-01,9.2349e+00,2.2501e+01,2.7639e+00,6.5450e-02
3.2300e+03,1.6794e-01,9.2335e+00,2.2501e+01,2.7652e+00,6.5487e-02
3.2400e+03,1.6655e-01,9.2322e+00,2.2501e+01,2.7666e+00,6.5524e-02
3.2500e+03,1.6518e-01,9.2308e+00,2.2501e+01,2.7679e+00,6.5560e-02
3.2600e+03,1.6381e-01,9.2295e+00,2.2501e+01,2.7693e+00,6.5596e-02
3.2700e+03,1.6246e-01,9.2282e+00,2.2501e+01,2.7706e+00,6.5632e-02
3.2800e+03,1.6112e-01,9.2269e+00,2.2501e+01,2.7719e+00,6.5667e-02
3.2900e+03,1.5979e-01,9.2256e+00,2.2501e+01,2.7732e+00,6.5702e-02
3.3000e+03,1.5848e-01,9.2243e+00,2.2501e+01,2.7745e+00,6.5737e-02
3.3100e+03,1.5717e-01,9.2230e+00,2.2501e+01,2.7757e+00,6.5771e-02
3.3200e+03,1.5588e-01,9.2218e+00,2.2501e+01,2.7770e+00,6.5805e-02
3.3300e+03,1.5459e-01,9.2205e+00,2.2501e+01,2.7782e+00,6.5839e-02
3.3400e+03,1.5332e-01,9.2193e+00,2.2501e+01,2.7795e+00,6.5873e-02
3.3500e+03,1.5205e-01,9.2181e+00,2.2501e+01,2.7807e+00,6.5906e-02
3.3600e+03,1.5080e-01,9.2168e+00,2.2501e+01,2.7819e+00,6.5939e-02
3.3700e+03,1.4956e-01,9.2156e+00,2.2501e+01,2.7831e+00,6.5972e-02
3.3800e+03,1.4833e-01,9.2144e+00,2.2501e+01,2.7843e+00,6.6005e-02
3.3900e+03,1.4711e-01,9.2132e+00,2.2501e+01,2.7855e+00,6.6037e-02
3.4000e+03,1.4589e-01,9.2121e+00,2.2501e+01,2.7867e+00,6.6069e-02
3.4100e+03,1.4469e-01,9.2109e+00,2.2501e+01,2.7879e+00,6.6101e-02
3.4200e+03,1.4350e-01,9.2097e+00,2.2501e+01,2.7890e+00,6.6132e-02
3.4300e+03,1.4232e-01,9.2086e+00,2.2501e+01,2.7902e+00,6.6163e-02
3.4400e+03,1.4115e-01,9.2074e+00,2.2501e+01,2.7913e+00,6.6194e-02
3.4500e+03,1.3999e-01,9.2063e+00,2.2501e+01,2.7925e+00,6.6225e-02
3.4600e+03,1.3884e-01,9.2052e+00,2.2501e+01,2.7936e+00,6.6256e-02
3.4700e+03,1.3769e-01,9.2041e+00,2.2501e+01,2.7947e+00,6.6286e-02
3.4800e+03,1.3656e-01,9.2030e+00,2.2501e+01,2.7958e+00,6.6316e-02
3.4900e+03,1.3544e-01,9.2019e+00,2.2501e+01,2.7969e+00,6.6345e-02
3.5000e+03,1.3432e-01,9.2008e+00,2.2501e+01,2.7980e+00,6.6375e-02
3.5100e+03,1.3322e-01,9.1997e+00,2.2501e+01,2.7990e+00,6.6404e-02
3.5200e+03,1.3212e-01,9.1986e+00,2.2501e+01,2.8001e+00,6.6433e-02
3.5300e+03,1.3104e-01,9.1976e+00,2.2501e+01,2.8012e+00,6.6462e-02
3.5400e+03,1.2996e-01,9.1965e+00,2.2501e+01,2.8022e+00,6.6490e-02
3.5500e+03,1.2889e-01,9.1955e+00,2.2501e+01,2.8033e+00,6.6519e-02
3.5600e+03,1.2783e-01,9.1945e+00,2.2501e+01,2.8043e+00,6.6547e-02
3.5700e+03,1.2678e-01,9.1934e+00,2.2501e+01,2.8053e+00,6.6574e-02
3.5800e+03,1.2574e-01,9.1924e+00,2.2501e+01,2.8063e+00,6.6602e-02
3.5900e+03,1.2471e-01,9.1914e+00,2.2501e+01,2.8073e+00,6.6629e-02
3.6000e+03,1.2368e-01,9.1904e+00,2.2501e+01,2.8083e+00,6.6656e-02
3.6100e+03,1.2267e-01,9.1894e+00,2.2501e+01,2.8093e+00,6.6683e-02
3.6200e+03,1.2166e-01,9.1885e+00,2.2501e+01,2.8103e+00,6.6710e-02
3.6300e+03,1.2066e-01,9.1875e+00,2.2501e+01,2.8113e+00,6.6737e-02
3.6400e+03,1.1967e-01,9.1865e+00,2.2501e+01,2.8122e+00,6.6763e-02
3.6500e+03,1.1869e-01,9.1856e+00,2.2501e+01,2.8132e+00,6.6789e-02
3.6600e+03,1.1771e-01,9.1846e+00,2.2501e+01,2.8141e+00,6.6815e-02
3.6700e+03,1.1675e-01,9.1837e+00,2.2501e+01,2.8151e+00,6.6840e-02
3.6800e+03,1.1579e-01,9.1827e+00,2.2501e+01,2.8160e+00,6.6866e-02
3.6900e+03,1.1484e-01,9.1818e+00,2.2501e+01,2.8169e+00,6.6891e-02
3.7000e+03,1.1389e-01,9.1809e+00,2.2501e+01,2.8179e+00,6.6916e-02
3.7100e+03,1.1296e-01,9.1800e+00,2.2501e+01,2.8188e+00,6.6941e-02
3.7200e+03,1.1203e-01,9.1791e+00,2.2501e+01,2.8197e+00,6.6965e-02
3.7300e+03,1.1111e-01,9.1782e+00,2.2501e+01,2.8206e+00,6.6990e-02
3.7400e+03,1.1020e-01,9.1773e+00,2.2501e+01,2.8215e+00,6.7014e-02
3.7500e+03,1.0930e-01,9.1764e+00,2.2501e+01,2.8223e+00,6.7038e-02
3.7600e+03,1.0840e-01,9.1755e+00,2.2501e+01,2.8232e+00,6.7061e-02
3.7700e+03,1.0751e-01,9.1747e+00,2.2501e+01,2.8241e+00,6.7085e-02
3.7800e+03,1.0663e-01,9.1738e+00,2.2501e+01,2.8249e+00,6.7108e-02
3.7900e+03,1.0576e-01,9.1730e+00,2.2501e+01,2.8258e+00,6.7132e-02
3.8000e+03,1.0489e-01,9.1721e+00,2.2501e+01,2.8266e+00,6.7155e-02
3.8100e+03,1.0403e-01,9.1713e+00,2.2501e+01,2.8275e+00,6.7177e-02
3.8200e+03,1.0318e-01,9.1705e+00,2.2501e+01,2.8283e+00,6.7200e-02
3.8300e+03,1.0233e-01,9.1696e+00,2.2501e+01,2.8291e+00,6.7223e-02
3.8400e+03,1.0149e-01,9.1688e+00,2.2501e+01,2.8299e+00,6.7245e-02
3.8500e+03,1.0066e-01,9.1680e+00,2.2501e+01,2.8307e+00,6.7267e-02
3.8600e+03,9.9835e-02,9.1672e+00,2.2501e+01,2.8315e+00,6.7289e-02
3.8700e+03,9.9017e-02,9.1664e+00,2.2501e+01,2.8323e+00,6.7311e-02
3.8800e+03,9.8205e-02,9.1656e+00,2.2501e+01,2.8331e+00,6.7332e-02
3.8900e+03,9.7401e-02,9.1648e+00,2.2501e+01,2.8339e+00,6.7353e-02
3.9000e+03,9.6603e-02,9.1640e+00,2.2501e+01,2.8347e+00,6.7375e-02
3.9100e+03,9.5811e-02,9.1633e+00,2.2501e+01,2.8355e+00,6.7396e-02
3.9200e+03,9.5026e-02,9.1625e+00,2.2501e+01,2.8362e+00,6.7416e-02
3.9300e+03,9.4248e-02,9.1618e+00,2.2501e+01,2.8370e+00,6.7437e-02
3.9400e+03,9.3476e-02,9.1610e+00,2.2501e+01,2.8377e+00,6.7458e-02
3.9500e+03,9.2710e-02,9.1603e+00,2.2501e+01,2.8385e+00,6.7478e-02
3.9600e+03,9.1951e-02,9.1595e+00,2.2501e+01,2.8392e+00,6.7498e-02
3.9700e+03,9.1198e-02,9.1588e+00,2.2501e+01,2.8400e+00,6.7518e-02
3.9800e+03,9.0452e-02,9.1581e+00,2.2501e+01,2.8407e+00,6.7538e-02
3.9900e+03,8.9711e-02,9.1573e+00,2.2501e+01,2.8414e+00,6.7558e-02
4.0000e+03,8.8977e-02,9.1566e+00,2.2501e+01,2.8421e+00,6.7577e-02
4.0100e+03,8.8248e-02,9.1559e+00,2.2501e+01,2.8428e+00,6.7597e-02
4.0200e+03,8.7526e-02,9.1552e+00,2.2501e+01,2.8435e+00,6.7616e-02
4.0300e+03,8.6810e-02,9.1545e+00,2.2501e+01,2.8442e+00,6.7635e-02
4.0400e+03,8.6099e-02,9.1538e+00,2.2501e+01,2.8449e+00,6.7654e-02
4.0500e+03,8.5395e-02,9.1531e+00,2.2501e+01,2.8456e+00,6.7672e-02
4.0600e+03,8.4696e-02,9.1525e+00,2.2501e+01,2.8463e+00,6.7691e-02
4.0700e+03,8.4003e-02,9.1518e+00,2.2501e+01,2.8470e+00,6.7709e-02
4.0800e+03,8.3315e-02,9.1511e+00,2.2501e+01,2.8476e+00,6.7728e-02
4.0900e+03,8.2634e-02,9.1504e+00,2.2501e+01,2.8483e+00,6.7746e-02
4.1000e+03,8.1958e-02,9.1498e+00,2.2501e+01,2.8489e+00,6.7764e-02
4.1100e+03,8.1287e-02,9.1491e+00,2.2501e+01,2.8496e+00,6.7782e-02
4.1200e+03,8.0622e-02,9.1485e+00,2.2501e+01,2.8502e+00,6.7799e-02
4.1300e+03,7.9963e-02,9.1478e+00,2.2501e+01,2.8509e+00,6.7817e-02
4.1400e+03,7.9309e-02,9.1472e+00,2.2501e+01,2.8515e+00,6.7834e-02
4.1500e+03,7.8661e-02,9.1466e+00,2.2501e+01,2.8522e+00,6.7852e-02
4.1600e+03,7.8017e-02,9.1460e+00,2.2501e+01,2.8528e+00,6.7869e-02
4.1700e+03,7.7379e-02,9.1453e+00,2.2501e+01,2.8534e+00,6.7886e-02
4.1800e+03,7.6747e-02,9.1447e+00,2.2501e+01,2.8540e+00,6.7902e-02
4.1900e+03,7.6119e-02,9.1441e+00,2.2501e+01,2.8546e+00,6.7919e-02
4.2000e+03,7.5497e-02,9.1435e+00,2.2501e+01,2.8552e+00,6.7936e-02
4.2100e+03,7.4880e-02,9.1429e+00,2.2501e+01,2.8558e+00,6.7952e-02
4.2200e+03,7.4268e-02,9.1423e+00,2.2501e+01,2.8564e+00,6.7968e-02
4.2300e+03,7.3661e-02,9.1417e+00,2.2501e+01,2.8570e+00,6.7985e-02
4.2400e+03,7.3059e-02,9.1411e+00,2.2501e+01,2.8576e+00,6.8001e-02
4.2500e+03,7.2461e-02,9.1405e+00,2.2501e+01,2.8582e+00,6.8017e-02
4.2600e+03,7.1869e-02,9.1400e+00,2.2501e+01,2.8588e+00,6.8032e-02
4.2700e+03,7.1282e-02,9.1394e+00,2.2501e+01,2.8593e+00,6.8048e-02
4.2800e+03,7.0699e-02,9.1388e+00,2.2501e+01,2.8599e+00,6.8063e-02
4.2900e+03,7.0122e-02,9.1383e+00,2.2501e+01,2.8605e+00,6.8079e-02
4.3000e+03,6.9549e-02,9.1377e+00,2.2501e+01,2.8610e+00,6.8094e-02
4.3100e+03,6.8981e-02,9.1372e+00,2.2501e+01,2.8616e+00,6.8109e-02
4.3200e+03,6.8417e-02,9.1366e+00,2.2501e+01,2.8621e+00,6.8124e-02
4.3300e+03,6.7858e-02,9.1361e+00,2.2501e+01,2.8627e+00,6.8139e-02
4.3400e+03,6.7304e-02,9.1355e+00,2.2501e+01,2.8632e+00,6.8154e-02
4.3500e+03,6.6754e-02,9.1350e+00,2.2501e+01,2.8637e+00,6.8169e-02
4.3600e+03,6.6209e-02,9.1345e+00,2.2501e+01,2.8643e+00,6.8183e-02
4.3700e+03,6.5668e-02,9.1339e+00,2.2501e+01,2.8648e+00,6.8197e-02
4.3800e+03,6.5132e-02,9.1334e+00,2.2501e+01,2.8653e+00,6.8212e-02
4.3900e+03,6.4600e-02,9.1329e+00,2.2501e+01,2.8658e+00,6.8226e-02
4.4000e+03,6.4073e-02,9.1324e+00,2.2501e+01,2.8664e+00,6.8240e-02
4.4100e+03,6.3549e-02,9.1319e+00,2.2501e+01,2.8669e+00,6.8254e-02
4.4200e+03,6.3031e-02,9.1314e+00,2.2501e+01,2.8674e+00,6.8268e-02
4.4300e+03,6.2516e-02,9.1309e+00,2.2501e+01,2.8679e+00,6.8281e-02
4.4400e+03,6.2006e-02,9.1304e+00,2.2501e+01,2.8684e+00,6.8295e-02
4.4500e+03,6.1499e-02,9.1299e+00,2.2501e+01,2.8689e+00,6.8309e-02
4.4600e+03,6.0997e-02,9.1294e+00,2.2501e+01,2.8693e+00,6.8322e-02
4.4700e+03,6.0499e-02,9.1289e+00,2.2501e+01,2.8698e+00,6.8335e-02
4.4800e+03,6.0006e-02,9.1284e+00,2.2501e+01,2.8703e+00,6.8348e-02
4.4900e+03,5.9516e-02,9.1279e+00,2.2501e+01,2.8708e+00,6.8361e-02
4.5000e+03,5.9030e-02,9.1275e+00,2.2501e+01,2.8713e+00,6.8374e-02
4.5100e+03,5.8548e-02,9.1270e+00,2.2501e+01,2.8717e+00,6.8387e-02
4.5200e+03,5.8071e-02,9.1265e+00,2.2501e+01,2.8722e+00,6.8400e-02
4.5300e+03,5.7597e-02,9.1261e+00,2.2501e+01,2.8727e+00,6.8413e-02
4.5400e+03,5.7127e-02,9.1256e+00,2.2501e+01,2.8731e+00,6.8425e-02
4.5500e+03,5.6661e-02,9.1252e+00,2.2501e+01,2.8736e+00,6.8438e-02
4.5600e+03,5.6198e-02,9.1247e+00,2.2501e+01,2.8740e+00,6.8450e-02
4.5700e+03,5.5740e-02,9.1243e+00,2.2501e+01,2.8745e+00,6.8462e-02
4.5800e+03,5.5285e-02,9.1238e+00,2.2501e+01,2.8749e+00,6.8474e-02
4.5900e+03,5.4834e-02,9.1234e+00,2.2501e+01,2.8753e+00,6.8486e-02
4.6000e+03,5.4387e-02,9.1229e+00,2.2501e+01,2.8758e+00,6.8498e-02
4.6100e+03,5.3943e-02,9.1225e+00,2.2501e+01,2.8762e+00,6.8510e-02
4.6200e+03,5.3503e-02,9.1221e+00,2.2501e+01,2.8766e+00,6.8522e-02
4.6300e+03,5.3067e-02,9.1217e+00,2.2501e+01,2.8771e+00,6.8533e-02
4.6400e+03,5.2634e-02,9.1212e+00,2.2501e+01,2.8775e+00,6.8545e-02
4.6500e+03,5.2204e-02,9.1208e+00,2.2501e+01,2.8779e+00,6.8556e-02
4.6600e+03,5.1779e-02,9.1204e+00,2.2501e+01,2.8783e+00,6.8568e-02
4.6700e+03,5.1356e-02,9.1200e+00,2.2501e+01,2.8787e+00,6.8579e-02
4.6800e+03,5.0938e-02,9.1196e+00,2.2501e+01,2.8791e+00,6.8590e-02
4.6900e+03,5.0522e-02,9.1192e+00,2.2501e+01,2.8795e+00,6.8601e-02
4.7000e+03,5.0110e-02,9.1188e+00,2.2501e+01,2.8799e+00,6.8612e-02
4.7100e+03,4.9702e-02,9.1184e+00,2.2501e+01,2.8803e+00,6.8623e-02
4.7200e+03,4.9296e-02,9.1180e+00,2.2501e+01,2.8807e+00,6.8634e-02
4.7300e+03,4.8895e-02,9.1176e+00,2.2501e+01,2.8811e+00,6.8645e-02
4.7400e+03,4.8496e-02,9.1172e+00,2.2501e+01,2.8815e+00,6.8655e-02
4.7500e+03,4.8101e-02,9.1168e+00,2.2501e+01,2.8819e+00,6.8666e-02
4.7600e+03,4.7708e-02,9.1164e+00,2.2501e+01,2.8823e+00,6.8676e-02
4.7700e+03,4.7320e-02,9.1161e+00,2.2501e+01,2.8827e+00,6.8687e-02
4.7800e+03,4.6934e-02,9.1157e+00,2.2501e+01,2.8830e+00,6.8697e-02
4.7900e+03,4.6551e-02,9.1153e+00,2.2501e+01,2.8834e+00,6.8707e-02
4.8000e+03,4.6172e-02,9.1149e+00,2.2501e+01,2.8838e+00,6.8717e-02
4.8100e+03,4.5795e-02,9.1146e+00,2.2501e+01,2.8841e+00,6.8727e-02
4.8200e+03,4.5422e-02,9.1142e+00,2.2501e+01,2.8845e+00,6.8737e-02
4.8300e+03,4.5052e-02,9.1138e+00,2.2501e+01,2.8849e+00,6.8747e-02
4.8400e+03,4.4685e-02,9.1135e+00,2.2501e+01,2.8852e+00,6.8757e-02
4.8500e+03,4.4321e-02,9.1131e+00,2.2501e+01,2.8856e+00,6.8767e-02
4.8600e+03,4.3960e-02,9.1128e+00,2.2501e+01,2.8859e+00,6.8776e-02
4.8700e+03,4.3601e-02,9.1124e+00,2.2501e+01,2.8863e+00,6.8786e-02
4.8800e+03,4.3246e-02,9.1121e+00,2.2501e+01,2.8866e+00,6.8795e-02
4.8900e+03,4.2894e-02,9.1117e+00,2.2501e+01,2.8870e+00,6.8805e-02
4.9000e+03,4.2544e-02,9.1114e+00,2.2501e+01,2.8873e+00,6.8814e-02
4.9100e+03,4.2198e-02,9.1111e+00,2.2501e+01,2.8876e+00,6.8823e-02
4.9200e+03,4.1854e-02,9.1107e+00,2.2501e+01,2.8880e+00,6.8833e-02
4.9300e+03,4.1513e-02,9.1104e+00,2.2501e+01,2.8883e+00,6.8842e-02
4.9400e+03,4.1175e-02,9.1101e+00,2.2501e+01,2.8886e+00,6.8851e-02
4.9500e+03,4.0839e-02,9.1097e+00,2.2501e+01,2.8890e+00,6.8860e-02
4.9600e+03,4.0506e-02,9.1094e+00,2.2501e+01,2.8893e+00,6.8869e-02
4.9700e+03,4.0177e-02,9.1091e+00,2.2501e+01,2.8896e+00,6.8877e-02
4.9800e+03,3.9849e-02,9.1088e+00,2.2501e+01,2.8899e+00,6.8886e-02
4.9900e+03,3.9525e-02,9.1085e+00,2.2501e+01,2.8902e+00,6.8895e-02
5.0000e+03,3.9203e-02,9.1082e+00,2.2501e+01,2.8906e+00,6.8903e-02
5.0100e+03,3.8883e-02,9.1078e+00,2.2501e+01,2.8909e+00,6.8912e-02
5.0200e+03,3.8567e-02,9.1075e+00,2.2501e+01,2.8912e+00,6.8920e-02
5.0300e+03,3.8253e-02,9.1072e+00,2.2501e+01,2.8915e+00,6.8929e-02
5.0400e+03,3.7941e-02,9.1069e+00,2.2501e+01,2.8918e+00,6.8937e-02
5.0500e+03,3.7632e-02,9.1066e+00,2.2501e+01,2.8921e+00,6.8945e-02
5.0600e+03,3.7326e-02,9.1063e+00,2.2501e+01,2.8924e+00,6.8954e-02
5.0700e+03,3.7022e-02,9.1060e+00,2.2501e+01,2.8927e+00,6.8962e-02
5.0800e+03,3.6720e-02,9.1057e+00,2.2501e+01,2.8930e+00,6.8970e-02
5.0900e+03,3.6421e-02,9.1054e+00,2.2501e+01,2.8933e+00,6.8978e-02
5.1000e+03,3.6125e-02,9.1052e+00,2.2501e+01,2.8936e+00,6.8986e-02
5.1100e+03,3.5831e-02,9.1049e+00,2.2501e+01,2.8938e+00,6.8994e-02
5.1200e+03,3.5539e-02,9.1046e+00,2.2501e+01,2.8941e+00,6.9001e-02
5.1300e+03,3.5249e-02,9.1043e+00,2.2501e+01,2.8944e+00,6.9009e-02
5.1400e+03,3.4963e-02,9.1040e+00,2.2501e+01,2.8947e+00,6.9017e-02
5.1500e+03,3.4678e-02,9.1037e+00,2.2501e+01,2.8950e+00,6.9024e-02
5.1600e+03,3.4396e-02,9.1035e+00,2.2501e+01,2.8952e+00,6.9032e-02
5.1700e+03,3.4116e-02,9.1032e+00,2.2501e+01,2.8955e+00,6.9039e-02
5.1800e+03,3.3838e-02,9.1029e+00,2.2501e+01,2.8958e+00,6.9047e-02
5.1900e+03,3.3562e-02,9.1027e+00,2.2501e+01,2.8961e+00,6.9054e-02
5.2000e+03,3.3289e-02,9.1024e+00,2.2501e+01,2.8963e+00,6.9062e-02
5.2100e+03,3.3018e-02,9.1021e+00,2.2501e+01,2.8966e+00,6.9069e-02
5.2200e+03,3.2749e-02,9.1019e+00,2.2501e+01,2.8968e+00,6.9076e-02
5.2300e+03,3.2483e-02,9.1016e+00,2.2501e+01,2.8971e+00,6.9083e-02
5.2400e+03,3.2218e-02,9.1014e+00,2.2501e+01,2.8974e+00,6.9090e-02
5.2500e+03,3.1956e-02,9.1011e+00,2.2501e+01,2.8976e+00,6.9097e-02
5.2600e+03,3.1696e-02,9.1008e+00,2.2501e+01,2.8979e+00,6.9104e-02
5.2700e+03,3.1438e-02,9.1006e+00,2.2501e+01,2.8981e+00,6.9111e-02
5.2800e+03,3.1182e-02,9.1003e+00,2.2501e+01,2.8984e+00,6.9118e-02
5.2900e+03,3.0929e-02,9.1001e+00,2.2501e+01,2.8986e+00,6.9125e-02
5.3000e+03,3.0677e-02,9.0999e+00,2.2501e+01,2.8989e+00,6.9131e-02
5.3100e+03,3.0427e-02,9.0996e+00,2.2501e+01,2.8991e+00,6.9138e-02
5.3200e+03,3.0180e-02,9.0994e+00,2.2501e+01,2.8993e+00,6.9145e-02
5.3300e+03,2.9934e-02,9.0991e+00,2.2501e+01,2.8996e+00,6.9151e-02
5.3400e+03,2.9690e-02,9.0989e+00,2.2501e+01,2.8998e+00,6.9158e-02
5.3500e+03,2.9449e-02,9.0987e+00,2.2501e+01,2.9001e+00,6.9164e-02
5.3600e+03,2.9209e-02,9.0984e+00,2.2501e+01,2.9003e+00,6.9171e-02
5.3700e+03,2.8972e-02,9.0982e+00,2.2501e+01,2.9005e+00,6.9177e-02
5.3800e+03,2.8736e-02,9.0980e+00,2.2501e+01,2.9007e+00,6.9183e-02
5.3900e+03,2.8502e-02,9.0977e+00,2.2501e+01,2.9010e+00,6.9189e-02
5.4000e+03,2.8270e-02,9.0975e+00,2.2501e+01,2.9012e+00,6.9196e-02
5.4100e+03,2.8040e-02,9.0973e+00,2.2501e+01,2.9014e+00,6.9202e-02
5.4200e+03,2.7812e-02,9.0971e+00,2.2501e+01,2.9016e+00,6.9208e-02
5.4300e+03,2.7586e-02,9.0968e+00,2.2501e+01,2.9019e+00,6.9214e-02
5.4400e+03,2.7361e-02,9.0966e+00,2.2501e+01,2.9021e+00,6.9220e-02
5.4500e+03,2.7139e-02,9.0964e+00,2.2501e+01,2.9023e+00,6.9226e-02
5.4600e+03,2.6918e-02,9.0962e+00,2.2501e+01,2.9025e+00,6.9232e-02
5.4700e+03,2.6699e-02,9.0960e+00,2.2501e+01,2.9027e+00,6.9238e-02
5.4800e+03,2.6482e-02,9.0958e+00,2.2501e+01,2.9029e+00,6.9244e-02
5.4900e+03,2.6266e-02,9.0956e+00,2.2501e+01,2.9032e+00,6.9249e-02
5.5000e+03,2.6053e-02,9.0954e+00,2.2501e+01,2.9034e+00,6.9255e-02
5.5100e+03,2.5841e-02,9.0951e+00,2.2501e+01,2.9036e+00,6.9261e-02
5.5200e+03,2.5631e-02,9.0949e+00,2.2501e+01,2.9038e+00,6.9266e-02
5.5300e+03,2.5422e-02,9.0947e+00,2.2501e+01,2.9040e+00,6.9272e-02
5.5400e+03,2.5216e-02,9.0945e+00,2.2501e+01,2.9042e+00,6.9277e-02
5.5500e+03,2.5010e-02,9.0943e+00,2.2501e+01,2.9044e+00,6.9283e-02
5.5600e+03,2.4807e-02,9.0941e+00,2.2501e+01,2.9046e+00,6.9288e-02
5.5700e+03,2.4605e-02,9.0939e+00,2.2501e+01,2.9048e+00,6.9294e-02
5.5800e+03,2.4405e-02,9.0937e+00,2.2501e+01,2.9050e+00,6.9299e-02
5.5900e+03,2.4207e-02,9.0936e+00,2.2501e+01,2.9052e+00,6.9304e-02
5.6000e+03,2.4010e-02,9.0934e+00,2.2501e+01,2.9053e+00,6.9310e-02
5.6100e+03,2.3815e-02,9.0932e+00,2.2501e+01,2.9055e+00,6.9315e-02
5.6200e+03,2.3621e-02,9.0930e+00,2.2501e+01,2.9057e+00,6.9320e-02
5.6300e+03,2.3429e-02,9.0928e+00,2.2501e+01,2.9059e+00,6.9325e-02
5.6400e+03,2.3238e-02,9.0926e+00,2.2501e+01,2.9061e+00,6.9330e-02
5.6500e+03,2.3049e-02,9.0924e+00,2.2501e+01,2.9063e+00,6.9335e-02
5.6600e+03,2.2862e-02,9.0922e+00,2.2501e+01,2.9065e+00,6.9340e-02
5.6700e+03,2.2676e-02,9.0921e+00,2.2501e+01,2.9066e+00,6.9345e-02
5.6800e+03,2.2492e-02,9.0919e+00,2.2501e+01,2.9068e+00,6.9350e-02
5.6900e+03,2.2309e-02,9.0917e+00,2.2501e+01,2.9070e+00,6.9355e-02
5.7000e+03,2.2127e-02,9.0915e+00,2.2501e+01,2.9072e+00,6.9360e-02
5.7100e+03,2.1947e-02,9.0914e+00,2.2501e+01,2.9074e+00,6.9365e-02
5.7200e+03,2.1769e-02,9.0912e+00,2.2501e+01,2.9075e+00,6.9370e-02
5.7300e+03,2.1592e-02,9.0910e+00,2.2501e+01,2.9077e+00,6.9374e-02
5.7400e+03,2.1416e-02,9.0908e+00,2.2501e+01,2.9079e+00,6.9379e-02
5.7500e+03,2.1242e-02,9.0907e+00,2.2501e+01,2.9080e+00,6.9384e-02
5.7600e+03,2.1070e-02,9.0905e+00,2.2501e+01,2.9082e+00,6.9388e-02
5.7700e+03,2.0898e-02,9.0903e+00,2.2501e+01,2.9084e+00,6.9393e-02
5.7800e+03,2.0728e-02,9.0902e+00,2.2501e+01,2.9085e+00,6.9397e-02
5.7900e+03,2.0560e-02,9.0900e+00,2.2501e+01,2.9087e+00,6.9402e-02
5.8000e+03,2.0393e-02,9.0898e+00,2.2501e+01,2.9089e+00,6.9406e-02
5.8100e+03,2.0227e-02,9.0897e+00,2.2501e+01,2.9090e+00,6.9411e-02
5.8200e+03,2.0063e-02,9.0895e+00,2.2501e+01,2.9092e+00,6.9415e-02
5.8300e+03,1.9900e-02,9.0894e+00,2.2501e+01,2.9093e+00,6.9420e-02
5.8400e+03,1.9738e-02,9.0892e+00,2.2501e+01,2.9095e+00,6.9424e-02
5.8500e+03,1.9577e-02,9.0890e+00,2.2501e+01,2.9097e+00,6.9428e-02
5.8600e+03,1.9418e-02,9.0889e+00,2.2501e+01,2.9098e+00,6.9433e-02
5.8700e+03,1.9260e-02,9.0887e+00,2.2501e+01,2.9100e+00,6.9437e-02
5.8800e+03,1.9104e-02,9.0886e+00,2.2501e+01,2.9101e+00,6.9441e-02
5.8900e+03,1.8949e-02,9.0884e+00,2.2501e+01,2.9103e+00,6.9445e-02
5.9000e+03,1.8795e-02,9.0883e+00,2.2501e+01,2.9104e+00,6.9449e-02
5.9100e+03,1.8642e-02,9.0881e+00,2.2501e+01,2.9106e+00,6.9453e-02
5.9200e+03,1.8490e-02,9.0880e+00,2.2501e+01,2.9107e+00,6.9457e-02
5.9300e+03,1.8340e-02,9.0878e+00,2.2501e+01,2.9109e+00,6.9461e-02
5.9400e+03,1.8191e-02,9.0877e+00,2.2501e+01,2.9110e+00,6.9465e-02
5.9500e+03,1.8043e-02,9.0876e+00,2.2501e+01,2.9112e+00,6.9469e-02
5.9600e+03,1.7896e-02,9.0874e+00,2.2501e+01,2.9113e+00,6.9473e-02
5.9700e+03,1.7751e-02,9.0873e+00,2.2501e+01,2.9114e+00,6.9477e-02
5.9800e+03,1.7607e-02,9.0871e+00,2.2501e+01,2.9116e+00,6.9481e-02
5.9900e+03,1.7464e-02,9.0870e+00,2.2501e+01,2.9117e+00,6.9485e-02
6.0000e+03,1.7322e-02,9.0868e+00,2.2501e+01,2.9119e+00,6.9489e-02
6.0100e+03,1.7181e-02,9.0867e+00,2.2501e+01,2.9120e+00,6.9492e-02
6.0200e+03,1.7041e-02,9.0866e+00,2.2501e+01,2.9121e+00,6.9496e-02
6.0300e+03,1.6903e-02,9.0864e+00,2.2501e+01,2.9123e+00,6.9500e-02
6.0400e+03,1.6765e-02,9.0863e+00,2.2501e+01,2.9124e+00,6.9504e-02
6.0500e+03,1.6629e-02,9.0862e+00,2.2501e+01,2.9125e+00,6.9507e-02
6.0600e+03,1.6494e-02,9.0860e+00,2.2501e+01,2.9127e+00,6.9511e-02
6.0700e+03,1.6360e-02,9.0859e+00,2.2501e+01,2.9128e+00,6.9514e-02
6.0800e+03,1.6227e-02,9.0858e+00,2.2501e+01,2.9129e+00,6.9518e-02
6.0900e+03,1.6095e-02,9.0857e+00,2.2501e+01,2.9131e+00,6.9522e-02
6.1000e+03,1.5964e-02,9.0855e+00,2.2501e+01,2.9132e+00,6.9525e-02
6.1100e+03,1.5835e-02,9.0854e+00,2.2501e+01,2.9133e+00,6.9529e-02
6.1200e+03,1.5706e-02,9.0853e+00,2.2501e+01,2.9134e+00,6.9532e-02
6.1300e+03,1.5578e-02,9.0852e+00,2.2501e+01,2.9136e+00,6.9535e-02
6.1400e+03,1.5452e-02,9.0850e+00,2.2501e+01,2.9137e+00,6.9539e-02
6.1500e+03,1.5326e-02,9.0849e+00,2.2501e+01,2.9138e+00,6.9542e-02
6.1600e+03,1.5202e-02,9.0848e+00,2.2501e+01,2.9139e+00,6.9545e-02
6.1700e+03,1.5078e-02,9.0847e+00,2.2501e+01,2.9140e+00,6.9549e-02
6.1800e+03,1.4956e-02,9.0845e+00,2.2501e+01,2.9142e+00,6.9552e-02
6.1900e+03,1.4834e-02,9.0844e+00,2.2501e+01,2.9143e+00,6.9555e-02
6.2000e+03,1.4714e-02,9.0843e+00,2.2501e+01,2.9144e+00,6.9559e-02
6.2100e+03,1.4594e-02,9.0842e+00,2.2501e+01,2.9145e+00,6.9562e-02
6.2200e+03,1.4476e-02,9.0841e+00,2.2501e+01,2.9146e+00,6.9565e-02
6.2300e+03,1.4358e-02,9.0840e+00,2.2501e+01,2.9147e+00,6.9568e-02
6.2400e+03,1.4241e-02,9.0838e+00,2.2501e+01,2.9149e+00,6.9571e-02
6.2500e+03,1.4126e-02,9.0837e+00,2.2501e+01,2.9150e+00,6.9574e-02
6.2600e+03,1.4011e-02,9.0836e+00,2.2501e+01,2.9151e+00,6.9577e-02
6.2700e+03,1.3897e-02,9.0835e+00,2.2501e+01,2.9152e+00,6.9580e-02
6.2800e+03,1.3784e-02,9.0834e+00,2.2501e+01,2.9153e+00,6.9583e-02
6.2900e+03,1.3672e-02,9.0833e+00,2.2501e+01,2.9154e+00,6.9586e-02
6.3000e+03,1.3561e-02,9.0832e+00,2.2501e+01,2.9155e+00,6.9589e-02
6.3100e+03,1.3451e-02,9.0831e+00,2.2501e+01,2.9156e+00,6.9592e-02
6.3200e+03,1.3342e-02,9.0830e+00,2.2501e+01,2.9157e+00,6.9595e-02
6.3300e+03,1.3233e-02,9.0829e+00,2.2501e+01,2.9158e+00,6.9598e-02
6.3400e+03,1.3126e-02,9.0828e+00,2.2501e+01,2.9159e+00,6.9601e-02
6.3500e+03,1.3019e-02,9.0827e+00,2.2501e+01,2.9160e+00,6.9604e-02
6.3600e+03,1.2913e-02,9.0826e+00,2.2501e+01,2.9161e+00,6.9607e-02
6.3700e+03,1.2809e-02,9.0825e+00,2.2501e+01,2.9162e+00,6.9610e-02
6.3800e+03,1.2705e-02,9.0824e+00,2.2501e+01,2.9164e+00,6.9612e-02
6.3900e+03,1.2601e-02,9.0823e+00,2.2501e+01,2.9165e+00,6.9615e-02
6.4000e+03,1.2499e-02,9.0822e+00,2.2501e+01,2.9166e+00,6.9618e-02
6.4100e+03,1.2397e-02,9.0821e+00,2.2501e+01,2.9166e+00,6.9621e-02
6.4200e+03,1.2297e-02,9.0820e+00,2.2501e+01,2.9167e+00,6.9623e-02
6.4300e+03,1.2197e-02,9.0819e+00,2.2501e+01,2.9168e+00,6.9626e-02
6.4400e+03,1.2098e-02,9.0818e+00,2.2501e+01,2.9169e+00,6.9629e-02
6.4500e+03,1.2000e-02,9.0817e+00,2.2501e+01,2.9170e+00,6.9631e-02
6.4600e+03,1.1902e-02,9.0816e+00,2.2501e+01,2.9171e+00,6.9634e-02
6.4700e+03,1.1805e-02,9.0815e+00,2.2501e+01,2.9172e+00,6.9636e-02
6.4800e+03,1.1710e-02,9.0814e+00,2.2501e+01,2.9173e+00,6.9639e-02
6.4900e+03,1.1614e-02,9.0813e+00,2.2501e+01,2.9174e+00,6.9642e-02
6.5000e+03,1.1520e-02,9.0812e+00,2.2501e+01,2.9175e+00,6.9644e-02
6.5100e+03,1.1427e-02,9.0811e+00,2.2501e+01,2.9176e+00,6.9647e-02
6.5200e+03,1.1334e-02,9.0810e+00,2.2501e+01,2.9177e+00,6.9649e-02
6.5300e+03,1.1242e-02,9.0809e+00,2.2501e+01,2.9178e+00,6.9652e-02
6.5400e+03,1.1150e-02,9.0808e+00,2.2501e+01,2.9179e+00,6.9654e-02
6.5500e+03,1.1060e-02,9.0808e+00,2.2501e+01,2.9180e+00,6.9656e-02
6.5600e+03,1.0970e-02,9.0807e+00,2.2501e+01,2.9180e+00,6.9659e-02
6.5700e+03,1.0881e-02,9.0806e+00,2.2501e+01,2.9181e+00,6.9661e-02
6.5800e+03,1.0793e-02,9.0805e+00,2.2501e+01,2.9182e+00,6.9664e-02
6.5900e+03,1.0705e-02,9.0804e+00,2.2501e+01,2.9183e+00,6.9666e-02
6.6000e+03,1.0618e-02,9.0803e+00,2.2501e+01,2.9184e+00,6.9668e-02
6.6100e+03,1.0532e-02,9.0802e+00,2.2501e+01,2.9185e+00,6.9671e-02
6.6200e+03,1.0446e-02,9.0802e+00,2.2501e+01,2.9185e+00,6.9673e-02
6.6300e+03,1.0361e-02,9.0801e+00,2.2501e+01,2.9186e+00,6.9675e-02
6.6400e+03,1.0277e-02,9.0800e+00,2.2501e+01,2.9187e+00,6.9677e-02
6.6500e+03,1.0194e-02,9.0799e+00,2.2501e+01,2.9188e+00,6.9680e-02
6.6600e+03,1.0111e-02,9.0798e+00,2.2501e+01,2.9189e+00,6.9682e-02
6.6700e+03,1.0029e-02,9.0797e+00,2.2501e+01,2.9190e+00,6.9684e-02
6.6800e+03,9.9474e-03,9.0797e+00,2.2501e+01,2.9190e+00,6.9686e-02
6.6900e+03,9.8666e-03,9.0796e+00,2.2501e+01,2.9191e+00,6.9688e-02
6.7000e+03,9.7865e-03,9.0795e+00,2.2501e+01,2.9192e+00,6.9691e-02
6.7100e+03,9.7070e-03,9.0794e+00,2.2501e+01,2.9193e+00,6.9693e-02
6.7200e+03,9.6282e-03,9.0794e+00,2.2501e+01,2.9193e+00,6.9695e-02
6.7300e+03,9.5500e-03,9.0793e+00,2.2501e+01,2.9194e+00,6.9697e-02
6.7400e+03,9.4725e-03,9.0792e+00,2.2501e+01,2.9195e+00,6.9699e-02
6.7500e+03,9.3955e-03,9.0791e+00,2.2501e+01,2.9196e+00,6.9701e-02
6.7600e+03,9.3193e-03,9.0791e+00,2.2501e+01,2.9196e+00,6.9703e-02
6.7700e+03,9.2436e-03,9.0790e+00,2.2501e+01,2.9197e+00,6.9705e-02
6.7800e+03,9.1685e-03,9.0789e+00,2.2501e+01,2.9198e+00,6.9707e-02
6.7900e+03,9.0941e-03,9.0788e+00,2.2501e+01,2.9199e+00,6.9709e-02
6.8000e+03,9.0202e-03,9.0788e+00,2.2501e+01,2.9199e+00,6.9711e-02
6.8100e+03,8.9470e-03,9.0787e+00,2.2501e+01,2.9200e+00,6.9713e-02
6.8200e+03,8.8743e-03,9.0786e+00,2.2501e+01,2.9201e+00,6.9715e-02
6.8300e+03,8.8023e-03,9.0786e+00,2.2501e+01,2.9201e+00,6.9717e-02
6.8400e+03,8.7308e-03,9.0785e+00,2.2501e+01,2.9202e+00,6.9719e-02
6.8500e+03,8.6599e-03,9.0784e+00,2.2501e+01,2.9203e+00,6.9721e-02
6.8600e+03,8.5896e-03,9.0783e+00,2.2501e+01,2.9204e+00,6.9723e-02
6.8700e+03,8.5199e-03,9.0783e+00,2.2501e+01,2.9204e+00,6.9724e-02
6.8800e+03,8.4507e-03,9.0782e+00,2.2501e+01,2.9205e+00,6.9726e-02
6.8900e+03,8.3821e-03,9.0781e+00,2.2501e+01,2.9206e+00,6.9728e-02
6.9000e+03,8.3140e-03,9.0781e+00,2.2501e+01,2.9206e+00,6.9730e-02
6.9100e+03,8.2465e-03,9.0780e+00,2.2501e+01,2.9207e+00,6.9732e-02
6.9200e+03,8.1796e-03,9.0779e+00,2.2501e+01,2.9208e+00,6.9734e-02
6.9300e+03,8.1131e-03,9.0779e+00,2.2501e+01,2.9208e+00,6.9735e-02
6.9400e+03,8.0473e-03,9.0778e+00,2.2501e+01,2.9209e+00,6.9737e-02
6.9500e+03,7.9819e-03,9.0778e+00,2.2501e+01,2.9209e+00,6.9739e-02
6.9600e+03,7.9171e-03,9.0777e+00,2.2501e+01,2.9210e+00,6.9741e-02
6.9700e+03,7.8529e-03,9.0776e+00,2.2501e+01,2.9211e+00,6.9742e-02
6.9800e+03,7.7891e-03,9.0776e+00,2.2501e+01,2.9211e+00,6.9744e-02
6.9900e+03,7.7259e-03,9.0775e+00,2.2501e+01,2.9212e+00,6.9746e-02
7.0000e+03,7.6631e-03,9.0774e+00,2.2501e+01,2.9213e+00,6.9747e-02
7.0100e+03,7.6009e-03,9.0774e+00,2.2501e+01,2.9213e+00,6.9749e-02
7.0200e+03,7.5392e-03,9.0773e+00,2.2501e+01,2.9214e+00,6.9751e-02
7.0300e+03,7.4780e-03,9.0773e+00,2.2501e+01,2.9214e+00,6.9752e-02
7.0400e+03,7.4173e-03,9.0772e+00,2.2501e+01,2.9215e+00,6.9754e-02
7.0500e+03,7.3571e-03,9.0771e+00,2.2501e+01,2.9216e+00,6.9756e-02
7.0600e+03,7.2973e-03,9.0771e+00,2.2501e+01,2.9216e+00,6.9757e-02
7.0700e+03,7.2381e-03,9.0770e+00,2.2501e+01,2.9217e+00,6.9759e-02
7.0800e+03,7.1793e-03,9.0770e+00,2.2501e+01,2.9217e+00,6.9760e-02
7.0900e+03,7.1211e-03,9.0769e+00,2.2501e+01,2.9218e+00,6.9762e-02
7.1000e+03,7.0633e-03,9.0769e+00,2.2501e+01,2.9218e+00,6.9764e-02
7.1100e+03,7.0059e-03,9.0768e+00,2.2501e+01,2.9219e+00,6.9765e-02
7.1200e+03,6.9490e-03,9.0767e+00,2.2501e+01,2.9220e+00,6.9767e-02
7.1300e+03,6.8926e-03,9.0767e+00,2.2501e+01,2.9220e+00,6.9768e-02
7.1400e+03,6.8367e-03,9.0766e+00,2.2501e+01,2.9221e+00,6.9770e-02
7.1500e+03,6.7812e-03,9.0766e+00,2.2501e+01,2.9221e+00,6.9771e-02
7.1600e+03,6.7261e-03,9.0765e+00,2.2501e+01,2.9222e+00,6.9773e-02
7.1700e+03,6.6715e-03,9.0765e+00,2.2501e+01,2.9222e+00,6.9774e-02
7.1800e+03,6.6174e-03,9.0764e+00,2.2501e+01,2.9223e+00,6.9775e-02
7.1900e+03,6.5636e-03,9.0764e+00,2.2501e+01,2.9223e+00,6.9777e-02
7.2000e+03,6.5104e-03,9.0763e+00,2.2501e+01,2.9224e+00,6.9778e-02
7.2100e+03,6.4575e-03,9.0763e+00,2.2501e+01,2.9224e+00,6.9780e-02
7.2200e+03,6.4051e-03,9.0762e+00,2.2501e+01,2.9225e+00,6.9781e-02
7.2300e+03,6.3531e-03,9.0762e+00,2.2501e+01,2.9225e+00,6.9783e-02
