t,[L2M],[D],[L],[L2MD],[L2Ms]
0.0000e+00,3.5000e+00,3.5000e+00,2.0000e+01,0.0000e+00,0.0000e+00
1.0000e+01,3.4853e+00,3.4879e+00,2.0002e+01,1.2078e-02,8.6423e-04
2.0000e+01,3.4724e+00,3.4759e+00,2.0002e+01,2.4095e-02,1.7270e-03
3.0000e+01,3.4596e+00,3.4639e+00,2.0002e+01,3.6026e-02,2.5866e-03
4.0000e+01,3.4469e+00,3.4521e+00,2.0002e+01,4.7873e-02,3.4431e-03
5.0000e+01,3.4343e+00,3.4403e+00,2.0002e+01,5.9636e-02,4.2964e-03
6.0000e+01,3.4218e+00,3.4286e+00,2.0002e+01,7.1317e-02,5.1467e-03
7.0000e+01,3.4093e+00,3.4170e+00,2.0002e+01,8.2916e-02,5.9939e-03
8.0000e+01,3.3970e+00,3.4055e+00,2.0002e+01,9.4434e-02,6.8380e-03
9.0000e+01,3.3847e+00,3.3941e+00,2.0002e+01,1.0587e-01,7.6791e-03
1.0000e+02,3.3725e+00,3.3827e+00,2.0002e+01,1.1723e-01,8.5171e-03
1.1000e+02,3.3604e+00,3.3714e+00,2.0002e+01,1.2851e-01,9.3522e-03
1.2000e+02,3.3484e+00,3.3602e+00,2.0002e+01,1.3971e-01,1.0184e-02
1.3000e+02,3.3364e+00,3.3491e+00,2.0002e+01,1.5084e-01,1.1013e-02
1.4000e+02,3.3245e+00,3.3380e+00,2.0002e+01,1.6189e-01,1.1840e-02
1.5000e+02,3.3127e+00,3.3270e+00,2.0002e+01,1.7286e-01,1.2663e-02
1.6000e+02,3.3010e+00,3.3161e+00,2.0002e+01,1.8376e-01,1.3483e-02
1.7000e+02,3.2894e+00,3.3053e+00,2.0002e+01,1.9459e-01,1.4301e-02
1.8000e+02,3.2778e+00,3.2945e+00,2.0002e+01,2.0534e-01,1.5115e-02
1.9000e+02,3.2663e+00,3.2839e+00,2.0002e+01,2.1602e-01,1.5927e-02
2.0000e+02,3.2549e+00,3.2732e+00,2.0002e+01,2.2663e-01,1.6736e-02
2.1000e+02,3.2435e+00,3.2627e+00,2.0002e+01,2.3717e-01,1.7542e-02
2.2000e+02,3.2323e+00,3.2522e+00,2.0002e+01,2.4764e-01,1.8346e-02
2.3000e+02,3.2211e+00,3.2418e+00,2.0002e+01,2.5804e-01,1.9146e-02
2.4000e+02,3.2099e+00,3.2315e+00,2.0002e+01,2.6837e-01,1.9944e-02
2.5000e+02,3.1989e+00,3.2212e+00,2.0002e+01,2.7863e-01,2.0739e-02
2.6000e+02,3.1879e+00,3.2110e+00,2.0002e+01,2.8882e-01,2.1532e-02
2.7000e+02,3.1770e+00,3.2009e+00,2.0002e+01,2.9895e-01,2.2321e-02
2.8000e+02,3.1661e+00,3.1908e+00,2.0002e+01,3.0901e-01,2.3108e-02
2.9000e+02,3.1554e+00,3.1808e+00,2.0002e+01,3.1900e-01,2.3893e-02
3.0000e+02,3.1446e+00,3.1709e+00,2.0002e+01,3.2893e-01,2.4674e-02
3.1000e+02,3.1340e+00,3.1610e+00,2.0002e+01,3.3880e-01,2.5453e-02
3.2000e+02,3.1234e+00,3.1512e+00,2.0002e+01,3.4860e-01,2.6230e-02
3.3000e+02,3.1129e+00,3.1415e+00,2.0002e+01,3.5834e-01,2.7004e-02
3.4000e+02,3.1025e+00,3.1318e+00,2.0002e+01,3.6802e-01,2.7775e-02
3.5000e+02,3.0921e+00,3.1222e+00,2.0002e+01,3.7763e-01,2.8544e-02
3.6000e+02,3.0818e+00,3.1126e+00,2.0002e+01,3.8718e-01,2.9310e-02
3.7000e+02,3.0715e+00,3.1031e+00,2.0002e+01,3.9668e-01,3.0073e-02
3.8000e+02,3.0613e+00,3.0937e+00,2.0002e+01,4.0611e-01,3.0834e-02
3.9000e+02,3.0512e+00,3.0843e+00,2.0002e+01,4.1548e-01,3.1593e-02
4.0000e+02,3.0411e+00,3.0750e+00,2.0002e+01,4.2480e-01,3.2349e-02
4.1000e+02,3.0311e+00,3.0657e+00,2.0002e+01,4.3405e-01,3.3103e-02
4.2000e+02,3.0211e+00,3.0565e+00,2.0002e+01,4.4325e-01,3.3854e-02
4.3000e+02,3.0113e+00,3.0474e+00,2.0002e+01,4.5239e-01,3.4602e-02
4.4000e+02,3.0014e+00,3.0383e+00,2.0002e+01,4.6147e-01,3.5349e-02
4.5000e+02,2.9917e+00,3.0293e+00,2.0002e+01,4.7050e-01,3.6092e-02
4.6000e+02,2.9820e+00,3.0203e+00,2.0002e+01,4.7947e-01,3.6834e-02
4.7000e+02,2.9723e+00,3.0114e+00,2.0002e+01,4.8838e-01,3.7573e-02
4.8000e+02,2.9627e+00,3.0025e+00,2.0002e+01,4.9724e-01,3.8309e-02
4.9000e+02,2.9532e+00,2.9937e+00,2.0002e+01,5.0605e-01,3.9044e-02
5.0000e+02,2.9437e+00,2.9849e+00,2.0002e+01,5.1480e-01,3.9776e-02
5.1000e+02,2.9342e+00,2.9762e+00,2.0002e+01,5.2350e-01,4.0505e-02
5.2000e+02,2.9249e+00,2.9676e+00,2.0002e+01,5.3214e-01,4.1233e-02
5.3000e+02,2.9156e+00,2.9590e+00,2.0002e+01,5.4074e-01,4.1958e-02
5.4000e+02,2.9063e+00,2.9504e+00,2.0002e+01,5.4928e-01,4.2680e-02
5.5000e+02,2.8971e+00,2.9419e+00,2.0002e+01,5.5777e-01,4.3401e-02
5.6000e+02,2.8879e+00,2.9335e+00,2.0002e+01,5.6621e-01,4.4119e-02
5.7000e+02,2.8788e+00,2.9251e+00,2.0002e+01,5.7460e-01,4.4835e-02
5.8000e+02,2.8698e+00,2.9168e+00,2.0002e+01,5.8293e-01,4.5548e-02
5.9000e+02,2.8608e+00,2.9085e+00,2.0002e+01,5.9122e-01,4.6260e-02
6.0000e+02,2.8518e+00,2.9002e+00,2.0002e+01,5.9946e-01,4.6969e-02
6.1000e+02,2.8429e+00,2.8920e+00,2.0002e+01,6.0765e-01,4.7676e-02
6.2000e+02,2.8341e+00,2.8839e+00,2.0002e+01,6.1579e-01,4.8381e-02
6.3000e+02,2.8253e+00,2.8758e+00,2.0002e+01,6.2389e-01,4.9083e-02
6.4000e+02,2.8165e+00,2.8677e+00,2.0002e+01,6.3193e-01,4.9784e-02
6.5000e+02,2.8078e+00,2.8597e+00,2.0002e+01,6.3993e-01,5.0482e-02
6.6000e+02,2.7992e+00,2.8518e+00,2.0002e+01,6.4788e-01,5.1178e-02
6.7000e+02,2.7906e+00,2.8439e+00,2.0002e+01,6.5579e-01,5.1872e-02
6.8000e+02,2.7820e+00,2.8360e+00,2.0002e+01,6.6365e-01,5.2564e-02
6.9000e+02,2.7735e+00,2.8282e+00,2.0002e+01,6.7146e-01,5.3254e-02
7.0000e+02,2.7651e+00,2.8204e+00,2.0002e+01,6.7923e-01,5.3941e-02
7.1000e+02,2.7567e+00,2.8127e+00,2.0002e+01,6.8696e-01,5.4627e-02
7.2000e+02,2.7483e+00,2.8050e+00,2.0002e+01,6.9464e-01,5.5311e-02
7.3000e+02,2.7400e+00,2.7974e+00,2.0002e+01,7.0227e-01,5.5992e-02
7.4000e+02,2.7317e+00,2.7898e+00,2.0002e+01,7.0986e-01,5.6672e-02
7.5000e+02,2.7235e+00,2.7822e+00,2.0002e+01,7.1741e-01,5.7349e-02
7.6000e+02,2.7153e+00,2.7747e+00,2.0002e+01,7.2492e-01,5.8024e-02
7.7000e+02,2.7072e+00,2.7672e+00,2.0002e+01,7.3238e-01,5.8698e-02
7.8000e+02,2.6991e+00,2.7598e+00,2.0002e+01,7.3980e-01,5.9369e-02
7.9000e+02,2.6910e+00,2.7524e+00,2.0002e+01,7.4718e-01,6.0038e-02
8.0000e+02,2.6830e+00,2.7451e+00,2.0002e+01,7.5452e-01,6.0706e-02
8.1000e+02,2.6751e+00,2.7378e+00,2.0002e+01,7.6182e-01,6.1371e-02
8.2000e+02,2.6671e+00,2.7305e+00,2.0002e+01,7.6907e-01,6.2035e-02
8.3000e+02,2.6593e+00,2.7233e+00,2.0002e+01,7.7629e-01,6.2696e-02
8.4000e+02,2.6514e+00,2.7161e+00,2.0002e+01,7.8346e-01,6.3356e-02
8.5000e+02,2.6436e+00,2.7090e+00,2.0002e+01,7.9060e-01,6.4013e-02
8.6000e+02,2.6359e+00,2.7019e+00,2.0002e+01,7.9769e-01,6.4669e-02
8.7000e+02,2.6282e+00,2.6948e+00,2.0002e+01,8.0475e-01,6.5323e-02
8.8000e+02,2.6205e+00,2.6878e+00,2.0002e+01,8.1177e-01,6.5974e-02
8.9000e+02,2.6129e+00,2.6808e+00,2.0002e+01,8.1875e-01,6.6624e-02
9.0000e+02,2.6053e+00,2.6739e+00,2.0002e+01,8.2569e-01,6.7273e-02
9.1000e+02,2.5977e+00,2.6670e+00,2.0002e+01,8.3259e-01,6.7919e-02
9.2000e+02,2.5902e+00,2.6601e+00,2.0002e+01,8.3946e-01,6.8563e-02
9.3000e+02,2.5828e+00,2.6533e+00,2.0002e+01,8.4628e-01,6.9206e-02
9.4000e+02,2.5753e+00,2.6465e+00,2.0002e+01,8.5307e-01,6.9846e-02
9.5000e+02,2.5679e+00,2.6397e+00,2.0002e+01,8.5983e-01,7.0485e-02
9.6000e+02,2.5606e+00,2.6330e+00,2.0002e+01,8.6655e-01,7.1122e-02
9.7000e+02,2.5533e+00,2.6263e+00,2.0002e+01,8.7323e-01,7.1757e-02
9.8000e+02,2.5460e+00,2.6197e+00,2.0002e+01,8.7987e-01,7.2391e-02
9.9000e+02,2.5387e+00,2.6131e+00,2.0002e+01,8.8648e-01,7.3022e-02
1.0000e+03,2.5315e+00,2.6065e+00,2.0002e+01,8.9306e-01,7.3652e-02
1.0100e+03,2.5244e+00,2.5999e+00,2.0002e+01,8.9960e-01,7.4280e-02
1.0200e+03,2.5172e+00,2.5934e+00,2.0002e+01,9.0610e-01,7.4907e-02
1.0300e+03,2.5101e+00,2.5870e+00,2.0002e+01,9.1257e-01,7.5531e-02
1.0400e+03,2.5031e+00,2.5805e+00,2.0002e+01,9.1901e-01,7.6154e-02
1.0500e+03,2.4961e+00,2.5741e+00,2.0002e+01,9.2541e-01,7.6775e-02
1.0600e+03,2.4891e+00,2.5677e+00,2.0002e+01,9.3178e-01,7.7394e-02
1.0700e+03,2.4821e+00,2.5614e+00,2.0002e+01,9.3812e-01,7.8012e-02
1.0800e+03,2.4752e+00,2.5551e+00,2.0002e+01,9.4442e-01,7.8627e-02
1.0900e+03,2.4683e+00,2.5488e+00,2.0002e+01,9.5069e-01,7.9242e-02
1.1000e+03,2.4615e+00,2.5426e+00,2.0002e+01,9.5692e-01,7.9854e-02
1.1100e+03,2.4547e+00,2.5364e+00,2.0002e+01,9.6313e-01,8.0465e-02
1.1200e+03,2.4479e+00,2.5302e+00,2.0002e+01,9.6930e-01,8.1074e-02
1.1300e+03,2.4411e+00,2.5241e+00,2.0002e+01,9.7544e-01,8.1681e-02
1.1400e+03,2.4344e+00,2.5180e+00,2.0002e+01,9.8155e-01,8.2287e-02
1.1500e+03,2.4277e+00,2.5119e+00,2.0002e+01,9.8762e-01,8.2891e-02
1.1600e+03,2.4211e+00,2.5058e+00,2.0002e+01,9.9367e-01,8.3494e-02
1.1700e+03,2.4145e+00,2.4998e+00,2.0002e+01,9.9968e-01,8.4094e-02
1.1800e+03,2.4079e+00,2.4938e+00,2.0002e+01,1.0057e+00,8.4693e-02
1.1900e+03,2.4013e+00,2.4879e+00,2.0002e+01,1.0116e+00,8.5291e-02
1.2000e+03,2.3948e+00,2.4819e+00,2.0002e+01,1.0175e+00,8.5887e-02
1.2100e+03,2.3883e+00,2.4760e+00,2.0002e+01,1.0234e+00,8.6481e-02
1.2200e+03,2.3819e+00,2.4702e+00,2.0002e+01,1.0293e+00,8.7074e-02
1.2300e+03,2.3755e+00,2.4643e+00,2.0002e+01,1.0351e+00,8.7665e-02
1.2400e+03,2.3691e+00,2.4585e+00,2.0002e+01,1.0409e+00,8.8255e-02
1.2500e+03,2.3627e+00,2.4528e+00,2.0002e+01,1.0467e+00,8.8842e-02
1.2600e+03,2.3564e+00,2.4470e+00,2.0002e+01,1.0525e+00,8.9429e-02
1.2700e+03,2.3501e+00,2.4413e+00,2.0002e+01,1.0582e+00,9.0014e-02
1.2800e+03,2.3438e+00,2.4356e+00,2.0002e+01,1.0639e+00,9.0597e-02
1.2900e+03,2.3375e+00,2.4299e+00,2.0002e+01,1.0695e+00,9.1179e-02
1.3000e+03,2.3313e+00,2.4243e+00,2.0002e+01,1.0752e+00,9.1759e-02
1.3100e+03,2.3251e+00,2.4187e+00,2.0002e+01,1.0808e+00,9.2337e-02
1.3200e+03,2.3190e+00,2.4131e+00,2.0002e+01,1.0863e+00,9.2915e-02
1.3300e+03,2.3129e+00,2.4076e+00,2.0002e+01,1.0919e+00,9.3490e-02
1.3400e+03,2.3068e+00,2.4020e+00,2.0002e+01,1.0974e+00,9.4064e-02
1.3500e+03,2.3007e+00,2.3965e+00,2.0002e+01,1.1029e+00,9.4637e-02
1.3600e+03,2.2947e+00,2.3911e+00,2.0002e+01,1.1084e+00,9.5208e-02
1.3700e+03,2.2887e+00,2.3856e+00,2.0002e+01,1.1138e+00,9.5777e-02
1.3800e+03,2.2827e+00,2.3802e+00,2.0002e+01,1.1192e+00,9.6345e-02
1.3900e+03,2.2767e+00,2.3748e+00,2.0002e+01,1.1246e+00,9.6912e-02
1.4000e+03,2.2708e+00,2.3694e+00,2.0002e+01,1.1300e+00,9.7477e-02
1.4100e+03,2.2649e+00,2.3641e+00,2.0002e+01,1.1353e+00,9.8041e-02
1.4200e+03,2.2590e+00,2.3588e+00,2.0002e+01,1.1406e+00,9.8603e-02
1.4300e+03,2.2532e+00,2.3535e+00,2.0002e+01,1.1459e+00,9.9164e-02
1.4400e+03,2.2474e+00,2.3482e+00,2.0002e+01,1.1512e+00,9.9723e-02
1.4500e+03,2.2416e+00,2.3430e+00,2.0002e+01,1.1564e+00,1.0028e-01
1.4600e+03,2.2358e+00,2.3378e+00,2.0002e+01,1.1616e+00,1.0084e-01
1.4700e+03,2.2301e+00,2.3326e+00,2.0002e+01,1.1668e+00,1.0139e-01
1.4800e+03,2.2243e+00,2.3274e+00,2.0002e+01,1.1720e+00,1.0195e-01
1.4900e+03,2.2187e+00,2.3223e+00,2.0002e+01,1.1771e+00,1.0250e-01
1.5000e+03,2.2130e+00,2.3172e+00,2.0002e+01,1.1822e+00,1.0305e-01
1.5100e+03,2.2074e+00,2.3121e+00,2.0002e+01,1.1873e+00,1.0360e-01
1.5200e+03,2.2017e+00,2.3070e+00,2.0002e+01,1.1924e+00,1.0415e-01
1.5300e+03,2.1962e+00,2.3020e+00,2.0002e+01,1.1974e+00,1.0469e-01
1.5400e+03,2.1906e+00,2.2970e+00,2.0002e+01,1.2024e+00,1.0524e-01
1.5500e+03,2.1851e+00,2.2920e+00,2.0002e+01,1.2074e+00,1.0578e-01
1.5600e+03,2.1796e+00,2.2870e+00,2.0002e+01,1.2124e+00,1.0632e-01
1.5700e+03,2.1741e+00,2.2821e+00,2.0002e+01,1.2173e+00,1.0687e-01
1.5800e+03,2.1686e+00,2.2771e+00,2.0002e+01,1.2222e+00,1.0741e-01
1.5900e+03,2.1632e+00,2.2722e+00,2.0002e+01,1.2271e+00,1.0794e-01
1.6000e+03,2.1578e+00,2.2674e+00,2.0002e+01,1.2320e+00,1.0848e-01
1.6100e+03,2.1524e+00,2.2625e+00,2.0002e+01,1.2369e+00,1.0902e-01
1.6200e+03,2.1470e+00,2.2577e+00,2.0002e+01,1.2417e+00,1.0955e-01
1.6300e+03,2.1417e+00,2.2529e+00,2.0002e+01,1.2465e+00,1.1008e-01
1.6400e+03,2.1363e+00,2.2481e+00,2.0002e+01,1.2513e+00,1.1062e-01
1.6500e+03,2.1310e+00,2.2433e+00,2.0002e+01,1.2561e+00,1.1115e-01
1.6600e+03,2.1258e+00,2.2386e+00,2.0002e+01,1.2608e+00,1.1168e-01
1.6700e+03,2.1205e+00,2.2338e+00,2.0002e+01,1.2655e+00,1.1220e-01
1.6800e+03,2.1153e+00,2.2291e+00,2.0002e+01,1.2702e+00,1.1273e-01
1.6900e+03,2.1101e+00,2.2245e+00,2.0002e+01,1.2749e+00,1.1326e-01
1.7000e+03,2.1049e+00,2.2198e+00,2.0002e+01,1.2796e+00,1.1378e-01
1.7100e+03,2.0997e+00,2.2152e+00,2.0002e+01,1.2842e+00,1.1430e-01
1.7200e+03,2.0946e+00,2.2105e+00,2.0002e+01,1.2888e+00,1.1482e-01
1.7300e+03,2.0895e+00,2.2059e+00,2.0002e+01,1.2934e+00,1.1534e-01
1.7400e+03,2.0844e+00,2.2014e+00,2.0002e+01,1.2980e+00,1.1586e-01
1.7500e+03,2.0793e+00,2.1968e+00,2.0002e+01,1.3025e+00,1.1638e-01
1.7600e+03,2.0743e+00,2.1923e+00,2.0002e+01,1.3071e+00,1.1690e-01
1.7700e+03,2.0693e+00,2.1878e+00,2.0002e+01,1.3116e+00,1.1741e-01
1.7800e+03,2.0643e+00,2.1833e+00,2.0002e+01,1.3161e+00,1.1793e-01
1.7900e+03,2.0593e+00,2.1788e+00,2.0002e+01,1.3205e+00,1.1844e-01
1.8000e+03,2.0543e+00,2.1743e+00,2.0002e+01,1.3250e+00,1.1895e-01
1.8100e+03,2.0494e+00,2.1699e+00,2.0002e+01,1.3294e+00,1.1946e-01
1.8200e+03,2.0444e+00,2.1655e+00,2.0002e+01,1.3338e+00,1.1997e-01
1.8300e+03,2.0395e+00,2.1611e+00,2.0002e+01,1.3382e+00,1.2048e-01
1.8400e+03,2.0347e+00,2.1567e+00,2.0002e+01,1.3426e+00,1.2098e-01
1.8500e+03,2.0298e+00,2.1524e+00,2.0002e+01,1.3470e+00,1.2149e-01
1.8600e+03,2.0250e+00,2.1480e+00,2.0002e+01,1.3513e+00,1.2199e-01
1.8700e+03,2.0201e+00,2.1437e+00,2.0002e+01,1.3556e+00,1.2250e-01
1.8800e+03,2.0153e+00,2.1394e+00,2.0002e+01,1.3599e+00,1.2300e-01
1.8900e+03,2.0106e+00,2.1351e+00,2.0002e+01,1.3642e+00,1.2350e-01
1.9000e+03,2.0058e+00,2.1309e+00,2.0002e+01,1.3685e+00,1.2400e-01
1.9100e+03,2.0011e+00,2.1266e+00,2.0002e+01,1.3727e+00,1.2450e-01
1.9200e+03,1.9963e+00,2.1224e+00,2.0002e+01,1.3769e+00,1.2499e-01
1.9300e+03,1.9916e+00,2.1182e+00,2.0002e+01,1.3811e+00,1.2549e-01
1.9400e+03,1.9870e+00,2.1140e+00,2.0002e+01,1.3853e+00,1.2598e-01
1.9500e+03,1.9823e+00,2.1098e+00,2.0002e+01,1.3895e+00,1.2648e-01
1.9600e+03,1.9776e+00,2.1057e+00,2.0002e+01,1.3936e+00,1.2697e-01
1.9700e+03,1.9730e+00,2.1015e+00,2.0002e+01,1.3978e+00,1.2746e-01
1.9800e+03,1.9684e+00,2.0974e+00,2.0002e+01,1.4019e+00,1.2795e-01
1.9900e+03,1.9638e+00,2.0933e+00,2.0002e+01,1.4060e+00,1.2844e-01
2.0000e+03,1.9593e+00,2.0892e+00,2.0002e+01,1.4101e+00,1.2893e-01
2.0100e+03,1.9547e+00,2.0852e+00,2.0002e+01,1.4141e+00,1.2941e-01
2.0200e+03,1.9502e+00,2.0811e+00,2.0002e+01,1.4182e+00,1.2990e-01
2.0300e+03,1.9457e+00,2.0771e+00,2.0002e+01,1.4222e+00,1.3038e-01
2.0400e+03,1.9412e+00,2.0731e+00,2.0002e+01,1.4262e+00,1.3087e-01
2.0500e+03,1.9367e+00,2.0691e+00,2.0002e+01,1.4302e+00,1.3135e-01
2.0600e+03,1.9322e+00,2.0651e+00,2.0002e+01,1.4342e+00,1.3183e-01
2.0700e+03,1.9278e+00,2.0611e+00,2.0002e+01,1.4381e+00,1.3231e-01
2.0800e+03,1.9234e+00,2.0572e+00,2.0002e+01,1.4421e+00,1.3279e-01
2.0900e+03,1.9190e+00,2.0533e+00,2.0002e+01,1.4460e+00,1.3327e-01
2.1000e+03,1.9146e+00,2.0493e+00,2.0002e+01,1.4499e+00,1.3374e-01
2.1100e+03,1.9102e+00,2.0454e+00,2.0002e+01,1.4538e+00,1.3422e-01
2.1200e+03,1.9058e+00,2.0416e+00,2.0002e+01,1.4577e+00,1.3469e-01
2.1300e+03,1.9015e+00,2.0377e+00,2.0002e+01,1.4616e+00,1.3517e-01
2.1400e+03,1.8972e+00,2.0338e+00,2.0002e+01,1.4654e+00,1.3564e-01
2.1500e+03,1.8929e+00,2.0300e+00,2.0002e+01,1.4692e+00,1.3611e-01
2.1600e+03,1.8886e+00,2.0262e+00,2.0002e+01,1.4731e+00,1.3658e-01
2.1700e+03,1.8843e+00,2.0224e+00,2.0002e+01,1.4769e+00,1.3705e-01
2.1800e+03,1.8801e+00,2.0186e+00,2.0002e+01,1.4806e+00,1.3752e-01
2.1900e+03,1.8759e+00,2.0148e+00,2.0002e+01,1.4844e+00,1.3799e-01
2.2000e+03,1.8716e+00,2.0111e+00,2.0002e+01,1.4882e+00,1.3845e-01
2.2100e+03,1.8674e+00,2.0073e+00,2.0002e+01,1.4919e+00,1.3892e-01
2.2200e+03,1.8632e+00,2.0036e+00,2.0002e+01,1.4956e+00,1.3938e-01
2.2300e+03,1.8591e+00,1.9999e+00,2.0002e+01,1.4993e+00,1.3984e-01
2.2400e+03,1.8549e+00,1.9962e+00,2.0002e+01,1.5030e+00,1.4031e-01
2.2500e+03,1.8508e+00,1.9925e+00,2.0002e+01,1.5067e+00,1.4077e-01
2.2600e+03,1.8467e+00,1.9889e+00,2.0002e+01,1.5104e+00,1.4123e-01
2.2700e+03,1.8426e+00,1.9852e+00,2.0002e+01,1.5140e+00,1.4169e-01
2.2800e+03,1.8385e+00,1.9816e+00,2.0002e+01,1.5176e+00,1.4214e-01
2.2900e+03,1.8344e+00,1.9780e+00,2.0002e+01,1.5213e+00,1.4260e-01
2.3000e+03,1.8303e+00,1.9744e+00,2.0002e+01,1.5249e+00,1.4306e-01
2.3100e+03,1.8263e+00,1.9708e+00,2.0002e+01,1.5285e+00,1.4351e-01
2.3200e+03,1.8223e+00,1.9672e+00,2.0002e+01,1.5320e+00,1.4396e-01
2.3300e+03,1.8182e+00,1.9636e+00,2.0002e+01,1.5356e+00,1.4442e-01
2.3400e+03,1.8143e+00,1.9601e+00,2.0002e+01,1.5391e+00,1.4487e-01
2.3500e+03,1.8103e+00,1.9566e+00,2.0002e+01,1.5427e+00,1.4532e-01
2.3600e+03,1.8063e+00,1.9530e+00,2.0002e+01,1.5462e+00,1.4577e-01
2.3700e+03,1.8024e+00,1.9495e+00,2.0002e+01,1.5497e+00,1.4622e-01
2.3800e+03,1.7984e+00,1.9460e+00,2.0002e+01,1.5532e+00,1.4667e-01
2.3900e+03,1.7945e+00,1.9426e+00,2.0002e+01,1.5566e+00,1.4711e-01
2.4000e+03,1.7906e+00,1.9391e+00,2.0002e+01,1.5601e+00,1.4756e-01
2.4100e+03,1.7867e+00,1.9357e+00,2.0002e+01,1.5636e+00,1.4800e-01
2.4200e+03,1.7828e+00,1.9322e+00,2.0002e+01,1.5670e+00,1.4845e-01
2.4300e+03,1.7789e+00,1.9288e+00,2.0002e+01,1.5704e+00,1.4889e-01
2.4400e+03,1.7751e+00,1.9254e+00,2.0002e+01,1.5738e+00,1.4933e-01
2.4500e+03,1.7713e+00,1.9220e+00,2.0002e+01,1.5772e+00,1.4977e-01
2.4600e+03,1.7674e+00,1.9186e+00,2.0002e+01,1.5806e+00,1.5021e-01
2.4700e+03,1.7636e+00,1.9152e+00,2.0002e+01,1.5840e+00,1.5065e-01
2.4800e+03,1.7598e+00,1.9119e+00,2.0002e+01,1.5873e+00,1.5109e-01
2.4900e+03,1.7561e+00,1.9085e+00,2.0002e+01,1.5907e+00,1.5153e-01
2.5000e+03,1.7523e+00,1.9052e+00,2.0002e+01,1.5940e+00,1.5197e-01
2.5100e+03,1.7485e+00,1.9019e+00,2.0002e+01,1.5973e+00,1.5240e-01
2.5200e+03,1.7448e+00,1.8986e+00,2.0002e+01,1.6006e+00,1.5284e-01
2.5300e+03,1.7411e+00,1.8953e+00,2.0002e+01,1.6039e+00,1.5327e-01
2.5400e+03,1.7374e+00,1.8920e+00,2.0002e+01,1.6072e+00,1.5370e-01
2.5500e+03,1.7337e+00,1.8888e+00,2.0002e+01,1.6104e+00,1.5413e-01
2.5600e+03,1.7300e+00,1.8855e+00,2.0002e+01,1.6137e+00,1.5456e-01
2.5700e+03,1.7263e+00,1.8823e+00,2.0002e+01,1.6169e+00,1.5499e-01
2.5800e+03,1.7227e+00,1.8790e+00,2.0002e+01,1.6202e+00,1.5542e-01
2.5900e+03,1.7190e+00,1.8758e+00,2.0002e+01,1.6234e+00,1.5585e-01
2.6000e+03,1.7154e+00,1.8726e+00,2.0002e+01,1.6266e+00,1.5628e-01
2.6100e+03,1.7118e+00,1.8694e+00,2.0002e+01,1.6298e+00,1.5671e-01
2.6200e+03,1.7082e+00,1.8662e+00,2.0002e+01,1.6329e+00,1.5713e-01
2.6300e+03,1.7046e+00,1.8631e+00,2.0002e+01,1.6361e+00,1.5756e-01
2.6400e+03,1.7010e+00,1.8599e+00,2.0002e+01,1.6393e+00,1.5798e-01
2.6500e+03,1.6974e+00,1.8568e+00,2.0002e+01,1.6424e+00,1.5840e-01
2.6600e+03,1.6939e+00,1.8536e+00,2.0002e+01,1.6455e+00,1.5882e-01
2.6700e+03,1.6903e+00,1.8505e+00,2.0002e+01,1.6487e+00,1.5924e-01
2.6800e+03,1.6868e+00,1.8474e+00,2.0002e+01,1.6518e+00,1.5967e-01
2.6900e+03,1.6833e+00,1.8443e+00,2.0002e+01,1.6549e+00,1.6008e-01
2.7000e+03,1.6798e+00,1.8412e+00,2.0002e+01,1.6579e+00,1.6050e-01
2.7100e+03,1.6763e+00,1.8381e+00,2.0002e+01,1.6610e+00,1.6092e-01
2.7200e+03,1.6728e+00,1.8351e+00,2.0002e+01,1.6641e+00,1.6134e-01
2.7300e+03,1.6694e+00,1.8320e+00,2.0002e+01,1.6671e+00,1.6175e-01
2.7400e+03,1.6659e+00,1.8290e+00,2.0002e+01,1.6702e+00,1.6217e-01
2.7500e+03,1.6625e+00,1.8260e+00,2.0002e+01,1.6732e+00,1.6258e-01
2.7600e+03,1.6590e+00,1.8229e+00,2.0002e+01,1.6762e+00,1.6299e-01
2.7700e+03,1.6556e+00,1.8199e+00,2.0002e+01,1.6792e+00,1.6341e-01
2.7800e+03,1.6522e+00,1.8169e+00,2.0002e+01,1.6822e+00,1.6382e-01
2.7900e+03,1.6488e+00,1.8140e+00,2.0002e+01,1.6852e+00,1.6423e-01
2.8000e+03,1.6454e+00,1.8110e+00,2.0002e+01,1.6882e+00,1.6464e-01
2.8100e+03,1.6421e+00,1.8080e+00,2.0002e+01,1.6911e+00,1.6505e-01
2.8200e+03,1.6387e+00,1.8051e+00,2.0002e+01,1.6941e+00,1.6546e-01
2.8300e+03,1.6354e+00,1.8021e+00,2.0002e+01,1.6970e+00,1.6586e-01
2.8400e+03,1.6320e+00,1.7992e+00,2.0002e+01,1.6999e+00,1.6627e-01
2.8500e+03,1.6287e+00,1.7963e+00,2.0002e+01,1.7029e+00,1.6668e-01
2.8600e+03,1.6254e+00,1.7934e+00,2.0002e+01,1.7058e+00,1.6708e-01
2.8700e+03,1.6221e+00,1.7905e+00,2.0002e+01,1.7087e+00,1.6749e-01
2.8800e+03,1.6188e+00,1.7876e+00,2.0002e+01,1.7115e+00,1.6789e-01
2.8900e+03,1.6155e+00,1.7847e+00,2.0002e+01,1.7144e+00,1.6829e-01
2.9000e+03,1.6123e+00,1.7819e+00,2.0002e+01,1.7173e+00,1.6869e-01
2.9100e+03,1.6090e+00,1.7790e+00,2.0002e+01,1.7201e+00,1.6909e-01
2.9200e+03,1.6058e+00,1.7762e+00,2.0002e+01,1.7230e+00,1.6949e-01
2.9300e+03,1.6025e+00,1.7733e+00,2.0002e+01,1.7258e+00,1.6989e-01
2.9400e+03,1.5993e+00,1.7705e+00,2.0002e+01,1.7286e+00,1.7029e-01
2.9500e+03,1.5961e+00,1.7677e+00,2.0002e+01,1.7315e+00,1.7069e-01
2.9600e+03,1.5929e+00,1.7649e+00,2.0002e+01,1.7343e+00,1.7109e-01
2.9700e+03,1.5897e+00,1.7621e+00,2.0002e+01,1.7371e+00,1.7148e-01
2.9800e+03,1.5865e+00,1.7593e+00,2.0002e+01,1.7398e+00,1.7188e-01
2.9900e+03,1.5834e+00,1.7565e+00,2.0002e+01,1.7426e+00,1.7227e-01
3.0000e+03,1.5802e+00,1.7538e+00,2.0002e+01,1.7454e+00,1.7266e-01
3.0100e+03,1.5771e+00,1.7510e+00,2.0002e+01,1.7481e+00,1.7306e-01
3.0200e+03,1.5739e+00,1.7483e+00,2.0002e+01,1.7509e+00,1.7345e-01
3.0300e+03,1.5708e+00,1.7455e+00,2.0002e+01,1.7536e+00,1.7384e-01
3.0400e+03,1.5677e+00,1.7428e+00,2.0002e+01,1.7563e+00,1.7423e-01
3.0500e+03,1.5646e+00,1.7401e+00,2.0002e+01,1.7590e+00,1.7462e-01
3.0600e+03,1.5615e+00,1.7374e+00,2.0002e+01,1.7617e+00,1.7501e-01
3.0700e+03,1.5584e+00,1.7347e+00,2.0002e+01,1.7644e+00,1.7540e-01
3.0800e+03,1.5553e+00,1.7320e+00,2.0002e+01,1.7671e+00,1.7579e-01
3.0900e+03,1.5523e+00,1.7293e+00,2.0002e+01,1.7698e+00,1.7617e-01
3.1000e+03,1.5492e+00,1.7266e+00,2.0002e+01,1.7725e+00,1.7656e-01
3.1100e+03,1.5462e+00,1.7240e+00,2.0002e+01,1.7751e+00,1.7694e-01
3.1200e+03,1.5431e+00,1.7213e+00,2.0002e+01,1.7778e+00,1.7733e-01
3.1300e+03,1.5401e+00,1.7187e+00,2.0002e+01,1.7804e+00,1.7771e-01
3.1400e+03,1.5371e+00,1.7161e+00,2.0002e+01,1.7831e+00,1.7809e-01
3.1500e+03,1.5341e+00,1.7134e+00,2.0002e+01,1.7857e+00,1.7848e-01
3.1600e+03,1.5311e+00,1.7108e+00,2.0002e+01,1.7883e+00,1.7886e-01
3.1700e+03,1.5281e+00,1.7082e+00,2.0002e+01,1.7909e+00,1.7924e-01
3.1800e+03,1.5251e+00,1.7056e+00,2.0002e+01,1.7935e+00,1.7962e-01
3.1900e+03,1.5222e+00,1.7030e+00,2.0002e+01,1.7961e+00,1.8000e-01
3.2000e+03,1.5192e+00,1.7005e+00,2.0002e+01,1.7986e+00,1.8038e-01
3.2100e+03,1.5163e+00,1.6979e+00,2.0002e+01,1.8012e+00,1.8075e-01
3.2200e+03,1.5133e+00,1.6953e+00,2.0002e+01,1.8038e+00,1.8113e-01
3.2300e+03,1.5104e+00,1.6928e+00,2.0002e+01,1.8063e+00,1.8151e-01
3.2400e+03,1.5075e+00,1.6902e+00,2.0002e+01,1.8089e+00,1.8188e-01
3.2500e+03,1.5046e+00,1.6877e+00,2.0002e+01,1.8114e+00,1.8226e-01
3.2600e+03,1.5017e+00,1.6852e+00,2.0002e+01,1.8139e+00,1.8263e-01
3.2700e+03,1.4988e+00,1.6827e+00,2.0002e+01,1.8164e+00,1.8301e-01
3.2800e+03,1.4959e+00,1.6801e+00,2.0002e+01,1.8189e+00,1.8338e-01
3.2900e+03,1.4931e+00,1.6776e+00,2.0002e+01,1.8214e+00,1.8375e-01
3.3000e+03,1.4902e+00,1.6752e+00,2.0002e+01,1.8239e+00,1.8412e-01
3.3100e+03,1.4874e+00,1.6727e+00,2.0002e+01,1.8264e+00,1.8449e-01
3.3200e+03,1.4845e+00,1.6702e+00,2.0002e+01,1.8289e+00,1.8486e-01
3.3300e+03,1.4817e+00,1.6677e+00,2.0002e+01,1.8313e+00,1.8523e-01
3.3400e+03,1.4789e+00,1.6653e+00,2.0002e+01,1.8338e+00,1.8560e-01
3.3500e+03,1.4760e+00,1.6628e+00,2.0002e+01,1.8362e+00,1.8597e-01
3.3600e+03,1.4732e+00,1.6604e+00,2.0002e+01,1.8387e+00,1.8633e-01
3.3700e+03,1.4704e+00,1.6580e+00,2.0002e+01,1.8411e+00,1.8670e-01
3.3800e+03,1.4676e+00,1.6555e+00,2.0002e+01,1.8435e+00,1.8707e-01
3.3900e+03,1.4649e+00,1.6531e+00,2.0002e+01,1.8460e+00,1.8743e-01
3.4000e+03,1.4621e+00,1.6507e+00,2.0002e+01,1.8484e+00,1.8780e-01
3.4100e+03,1.4593e+00,1.6483e+00,2.0002e+01,1.8508e+00,1.8816e-01
3.4200e+03,1.4566e+00,1.6459e+00,2.0002e+01,1.8532e+00,1.8852e-01
3.4300e+03,1.4538e+00,1.6435e+00,2.0002e+01,1.8555e+00,1.8888e-01
3.4400e+03,1.4511e+00,1.6412e+00,2.0002e+01,1.8579e+00,1.8925e-01
3.4500e+03,1.4484e+00,1.6388e+00,2.0002e+01,1.8603e+00,1.8961e-01
3.4600e+03,1.4456e+00,1.6364e+00,2.0002e+01,1.8626e+00,1.8997e-01
3.4700e+03,1.4429e+00,1.6341e+00,2.0002e+01,1.8650e+00,1.9033e-01
3.4800e+03,1.4402e+00,1.6317e+00,2.0002e+01,1.8673e+00,1.9068e-01
3.4900e+03,1.4375e+00,1.6294e+00,2.0002e+01,1.8697e+00,1.9104e-01
3.5000e+03,1.4349e+00,1.6271e+00,2.0002e+01,1.8720e+00,1.9140e-01
3.5100e+03,1.4322e+00,1.6247e+00,2.0002e+01,1.8743e+00,1.9176e-01
3.5200e+03,1.4295e+00,1.6224e+00,2.0002e+01,1.8766e+00,1.9211e-01
3.5300e+03,1.4268e+00,1.6201e+00,2.0002e+01,1.8789e+00,1.9247e-01
3.5400e+03,1.4242e+00,1.6178e+00,2.0002e+01,1.8812e+00,1.9282e-01
3.5500e+03,1.4215e+00,1.6155e+00,2.0002e+01,1.8835e+00,1.9318e-01
3.5600e+03,1.4189e+00,1.6132e+00,2.0002e+01,1.8858e+00,1.9353e-01
3.5700e+03,1.4163e+00,1.6110e+00,2.0002e+01,1.8881e+00,1.9388e-01
3.5800e+03,1.4137e+00,1.6087e+00,2.0002e+01,1.8904e+00,1.9424e-01
3.5900e+03,1.4110e+00,1.6064e+00,2.0002e+01,1.8926e+00,1.9459e-01
3.6000e+03,1.4084e+00,1.6042e+00,2.0002e+01,1.8949e+00,1.9494e-01
3.6100e+03,1.4058e+00,1.6019e+00,2.0002e+01,1.8971e+00,1.9529e-01
3.6200e+03,1.4033e+00,1.5997e+00,2.0002e+01,1.8994e+00,1.9564e-01
3.6300e+03,1.4007e+00,1.5975e+00,2.0002e+01,1.9016e+00,1.9599e-01
3.6400e+03,1.3981e+00,1.5952e+00,2.0002e+01,1.9038e+00,1.9634e-01
3.6500e+03,1.3955e+00,1.5930e+00,2.0002e+01,1.9060e+00,1.9668e-01
3.6600e+03,1.3930e+00,1.5908e+00,2.0002e+01,1.9082e+00,1.9703e-01
3.6700e+03,1.3904e+00,1.5886e+00,2.0002e+01,1.9104e+00,1.9738e-01
3.6800e+03,1.3879e+00,1.5864e+00,2.0002e+01,1.9126e+00,1.9772e-01
3.6900e+03,1.3854e+00,1.5842e+00,2.0002e+01,1.9148e+00,1.9807e-01
3.7000e+03,1.3828e+00,1.5820e+00,2.0002e+01,1.9170e+00,1.9841e-01
3.7100e+03,1.3803e+00,1.5799e+00,2.0002e+01,1.9192e+00,1.9876e-01
3.7200e+03,1.3778e+00,1.5777e+00,2.0002e+01,1.9213e+00,1.9910e-01
3.7300e+03,1.3753e+00,1.5755e+00,2.0002e+01,1.9235e+00,1.9944e-01
3.7400e+03,1.3728e+00,1.5734e+00,2.0002e+01,1.9257e+00,1.9979e-01
3.7500e+03,1.3703e+00,1.5712e+00,2.0002e+01,1.9278e+00,2.0013e-01
3.7600e+03,1.3678e+00,1.5691e+00,2.0002e+01,1.9300e+00,2.0047e-01
3.7700e+03,1.3654e+00,1.5669e+00,2.0002e+01,1.9321e+00,2.0081e-01
3.7800e+03,1.3629e+00,1.5648e+00,2.0002e+01,1.9342e+00,2.0115e-01
3.7900e+03,1.3604e+00,1.5627e+00,2.0002e+01,1.9363e+00,2.0149e-01
3.8000e+03,1.3580e+00,1.5606e+00,2.0002e+01,1.9384e+00,2.0182e-01
3.8100e+03,1.3555e+00,1.5585e+00,2.0002e+01,1.9406e+00,2.0216e-01
3.8200e+03,1.3531e+00,1.5564e+00,2.0002e+01,1.9427e+00,2.0250e-01
3.8300e+03,1.3507e+00,1.5543e+00,2.0002e+01,1.9447e+00,2.0284e-01
3.8400e+03,1.3482e+00,1.5522e+00,2.0002e+01,1.9468e+00,2.0317e-01
3.8500e+03,1.3458e+00,1.5501e+00,2.0002e+01,1.9489e+00,2.0351e-01
3.8600e+03,1.3434e+00,1.5480e+00,2.0002e+01,1.9510e+00,2.0384e-01
3.8700e+03,1.3410e+00,1.5460e+00,2.0002e+01,1.9531e+00,2.0418e-01
3.8800e+03,1.3386e+00,1.5439e+00,2.0002e+01,1.9551e+00,2.0451e-01
3.8900e+03,1.3362e+00,1.5418e+00,2.0002e+01,1.9572e+00,2.0484e-01
3.9000e+03,1.3339e+00,1.5398e+00,2.0002e+01,1.9592e+00,2.0518e-01
3.9100e+03,1.3315e+00,1.5378e+00,2.0002e+01,1.9613e+00,2.0551e-01
3.9200e+03,1.3291e+00,1.5357e+00,2.0002e+01,1.9633e+00,2.0584e-01
3.9300e+03,1.3268e+00,1.5337e+00,2.0002e+01,1.9653e+00,2.0617e-01
3.9400e+03,1.3244e+00,1.5317e+00,2.0002e+01,1.9674e+00,2.0650e-01
3.9500e+03,1.3221e+00,1.5296e+00,2.0002e+01,1.9694e+00,2.0683e-01
3.9600e+03,1.3197e+00,1.5276e+00,2.0002e+01,1.9714e+00,2.0716e-01
3.9700e+03,1.3174e+00,1.5256e+00,2.0002e+01,1.9734e+00,2.0749e-01
3.9800e+03,1.3151e+00,1.5236e+00,2.0002e+01,1.9754e+00,2.0781e-01
3.9900e+03,1.3127e+00,1.5216e+00,2.0002e+01,1.9774e+00,2.0814e-01
4.0000e+03,1.3104e+00,1.5196e+00,2.0002e+01,1.9794e+00,2.0847e-01
4.0100e+03,1.3081e+00,1.5177e+00,2.0002e+01,1.9813e+00,2.0879e-01
4.0200e+03,1.3058e+00,1.5157e+00,2.0002e+01,1.9833e+00,2.0912e-01
4.0300e+03,1.3035e+00,1.5137e+00,2.0002e+01,1.9853e+00,2.0944e-01
4.0400e+03,1.3012e+00,1.5118e+00,2.0002e+01,1.9872e+00,2.0977e-01
4.0500e+03,1.2990e+00,1.5098e+00,2.0002e+01,1.9892e+00,2.1009e-01
4.0600e+03,1.2967e+00,1.5078e+00,2.0002e+01,1.9912e+00,2.1041e-01
4.0700e+03,1.2944e+00,1.5059e+00,2.0002e+01,1.9931e+00,2.1074e-01
4.0800e+03,1.2922e+00,1.5040e+00,2.0002e+01,1.9950e+00,2.1106e-01
4.0900e+03,1.2899e+00,1.5020e+00,2.0002e+01,1.9970e+00,2.1138e-01
4.1000e+03,1.2877e+00,1.5001e+00,2.0002e+01,1.9989e+00,2.1170e-01
4.1100e+03,1.2854e+00,1.4982e+00,2.0002e+01,2.0008e+00,2.1202e-01
4.1200e+03,1.2832e+00,1.4963e+00,2.0002e+01,2.0027e+00,2.1234e-01
4.1300e+03,1.2809e+00,1.4944e+00,2.0002e+01,2.0046e+00,2.1266e-01
4.1400e+03,1.2787e+00,1.4924e+00,2.0002e+01,2.0065e+00,2.1298e-01
4.1500e+03,1.2765e+00,1.4906e+00,2.0002e+01,2.0084e+00,2.1330e-01
4.1600e+03,1.2743e+00,1.4887e+00,2.0002e+01,2.0103e+00,2.1361e-01
4.1700e+03,1.2721e+00,1.4868e+00,2.0002e+01,2.0122e+00,2.1393e-01
4.1800e+03,1.2699e+00,1.4849e+00,2.0002e+01,2.0141e+00,2.1425e-01
4.1900e+03,1.2677e+00,1.4830e+00,2.0002e+01,2.0160e+00,2.1456e-01
4.2000e+03,1.2655e+00,1.4811e+00,2.0002e+01,2.0178e+00,2.1488e-01
4.2100e+03,1.2633e+00,1.4793e+00,2.0002e+01,2.0197e+00,2.1519e-01
4.2200e+03,1.2612e+00,1.4774e+00,2.0002e+01,2.0216e+00,2.1551e-01
4.2300e+03,1.2590e+00,1.4756e+00,2.0002e+01,2.0234e+00,2.1582e-01
4.2400e+03,1.2568e+00,1.4737e+00,2.0002e+01,2.0253e+00,2.1614e-01
4.2500e+03,1.2547e+00,1.4719e+00,2.0002e+01,2.0271e+00,2.1645e-01
4.2600e+03,1.2525e+00,1.4700e+00,2.0002e+01,2.0289e+00,2.1676e-01
4.2700e+03,1.2504e+00,1.4682e+00,2.0002e+01,2.0308e+00,2.1707e-01
4.2800e+03,1.2483e+00,1.4664e+00,2.0002e+01,2.0326e+00,2.1738e-01
4.2900e+03,1.2461e+00,1.4646e+00,2.0002e+01,2.0344e+00,2.1769e-01
4.3000e+03,1.2440e+00,1.4627e+00,2.0002e+01,2.0362e+00,2.1800e-01
4.3100e+03,1.2419e+00,1.4609e+00,2.0002e+01,2.0381e+00,2.1831e-01
4.3200e+03,1.2398e+00,1.4591e+00,2.0002e+01,2.0399e+00,2.1862e-01
4.3300e+03,1.2377e+00,1.4573e+00,2.0002e+01,2.0417e+00,2.1893e-01
4.3400e+03,1.2356e+00,1.4555e+00,2.0002e+01,2.0434e+00,2.1924e-01
4.3500e+03,1.2335e+00,1.4537e+00,2.0002e+01,2.0452e+00,2.1955e-01
4.3600e+03,1.2314e+00,1.4520e+00,2.0002e+01,2.0470e+00,2.1985e-01
4.3700e+03,1.2293e+00,1.4502e+00,2.0002e+01,2.0488e+00,2.2016e-01
4.3800e+03,1.2272e+00,1.4484e+00,2.0002e+01,2.0506e+00,2.2046e-01
4.3900e+03,1.2251e+00,1.4466e+00,2.0002e+01,2.0523e+00,2.2077e-01
4.4000e+03,1.2231e+00,1.4449e+00,2.0002e+01,2.0541e+00,2.2108e-01
4.4100e+03,1.2210e+00,1.4431e+00,2.0002e+01,2.0559e+00,2.2138e-01
4.4200e+03,1.2190e+00,1.4414e+00,2.0002e+01,2.0576e+00,2.2168e-01
4.4300e+03,1.2169e+00,1.4396e+00,2.0002e+01,2.0594e+00,2.2199e-01
4.4400e+03,1.2149e+00,1.4379e+00,2.0002e+01,2.0611e+00,2.2229e-01
4.4500e+03,1.2128e+00,1.4361e+00,2.0002e+01,2.0628e+00,2.2259e-01
4.4600e+03,1.2108e+00,1.4344e+00,2.0002e+01,2.0646e+00,2.2289e-01
4.4700e+03,1.2088e+00,1.4327e+00,2.0002e+01,2.0663e+00,2.2319e-01
4.4800e+03,1.2067e+00,1.4309e+00,2.0002e+01,2.0680e+00,2.2350e-01
4.4900e+03,1.2047e+00,1.4292e+00,2.0002e+01,2.0697e+00,2.2380e-01
4.5000e+03,1.2027e+00,1.4275e+00,2.0002e+01,2.0715e+00,2.2410e-01
4.5100e+03,1.2007e+00,1.4258e+00,2.0002e+01,2.0732e+00,2.2439e-01
4.5200e+03,1.1987e+00,1.4241e+00,2.0002e+01,2.0749e+00,2.2469e-01
4.5300e+03,1.1967e+00,1.4224e+00,2.0002e+01,2.0766e+00,2.2499e-01
4.5400e+03,1.1947e+00,1.4207e+00,2.0002e+01,2.0783e+00,2.2529e-01
4.5500e+03,1.1927e+00,1.4190e+00,2.0002e+01,2.0799e+00,2.2559e-01
4.5600e+03,1.1907e+00,1.4173e+00,2.0002e+01,2.0816e+00,2.2588e-01
4.5700e+03,1.1888e+00,1.4157e+00,2.0002e+01,2.0833e+00,2.2618e-01
4.5800e+03,1.1868e+00,1.4140e+00,2.0002e+01,2.0850e+00,2.2648e-01
4.5900e+03,1.1848e+00,1.4123e+00,2.0002e+01,2.0866e+00,2.2677e-01
4.6000e+03,1.1829e+00,1.4106e+00,2.0002e+01,2.0883e+00,2.2707e-01
4.6100e+03,1.1809e+00,1.4090e+00,2.0002e+01,2.0900e+00,2.2736e-01
4.6200e+03,1.1790e+00,1.4073e+00,2.0002e+01,2.0916e+00,2.2765e-01
4.6300e+03,1.1770e+00,1.4057e+00,2.0002e+01,2.0933e+00,2.2795e-01
4.6400e+03,1.1751e+00,1.4040e+00,2.0002e+01,2.0949e+00,2.2824e-01
4.6500e+03,1.1732e+00,1.4024e+00,2.0002e+01,2.0966e+00,2.2853e-01
4.6600e+03,1.1712e+00,1.4007e+00,2.0002e+01,2.0982e+00,2.2882e-01
4.6700e+03,1.1693e+00,1.3991e+00,2.0002e+01,2.0998e+00,2.2912e-01
4.6800e+03,1.1674e+00,1.3975e+00,2.0002e+01,2.1015e+00,2.2941e-01
4.6900e+03,1.1655e+00,1.3959e+00,2.0002e+01,2.1031e+00,2.2970e-01
4.7000e+03,1.1636e+00,1.3942e+00,2.0002e+01,2.1047e+00,2.2999e-01
4.7100e+03,1.1617e+00,1.3926e+00,2.0002e+01,2.1063e+00,2.3028e-01
4.7200e+03,1.1598e+00,1.3910e+00,2.0002e+01,2.1079e+00,2.3057e-01
4.7300e+03,1.1579e+00,1.3894e+00,2.0002e+01,2.1095e+00,2.3085e-01
4.7400e+03,1.1560e+00,1.3878e+00,2.0002e+01,2.1111e+00,2.3114e-01
4.7500e+03,1.1541e+00,1.3862e+00,2.0002e+01,2.1127e+00,2.3143e-01
4.7600e+03,1.1522e+00,1.3846e+00,2.0002e+01,2.1143e+00,2.3172e-01
4.7700e+03,1.1503e+00,1.3830e+00,2.0002e+01,2.1159e+00,2.3200e-01
4.7800e+03,1.1485e+00,1.3815e+00,2.0002e+01,2.1175e+00,2.3229e-01
4.7900e+03,1.1466e+00,1.3799e+00,2.0002e+01,2.1191e+00,2.3258e-01
4.8000e+03,1.1448e+00,1.3783e+00,2.0002e+01,2.1206e+00,2.3286e-01
4.8100e+03,1.1429e+00,1.3767e+00,2.0002e+01,2.1222e+00,2.3315e-01
4.8200e+03,1.1410e+00,1.3752e+00,2.0002e+01,2.1238e+00,2.3343e-01
4.8300e+03,1.1392e+00,1.3736e+00,2.0002e+01,2.1253e+00,2.3371e-01
4.8400e+03,1.1374e+00,1.3720e+00,2.0002e+01,2.1269e+00,2.3400e-01
4.8500e+03,1.1355e+00,1.3705e+00,2.0002e+01,2.1284e+00,2.3428e-01
4.8600e+03,1.1337e+00,1.3689e+00,2.0002e+01,2.1300e+00,2.3456e-01
4.8700e+03,1.1319e+00,1.3674e+00,2.0002e+01,2.1315e+00,2.3485e-01
4.8800e+03,1.1300e+00,1.3659e+00,2.0002e+01,2.1331e+00,2.3513e-01
4.8900e+03,1.1282e+00,1.3643e+00,2.0002e+01,2.1346e+00,2.3541e-01
4.9000e+03,1.1264e+00,1.3628e+00,2.0002e+01,2.1361e+00,2.3569e-01
4.9100e+03,1.1246e+00,1.3613e+00,2.0002e+01,2.1377e+00,2.3597e-01
4.9200e+03,1.1228e+00,1.3597e+00,2.0002e+01,2.1392e+00,2.3625e-01
4.9300e+03,1.1210e+00,1.3582e+00,2.0002e+01,2.1407e+00,2.3653e-01
4.9400e+03,1.1192e+00,1.3567e+00,2.0002e+01,2.1422e+00,2.3681e-01
4.9500e+03,1.1174e+00,1.3552e+00,2.0002e+01,2.1437e+00,2.3709e-01
4.9600e+03,1.1156e+00,1.3537e+00,2.0002e+01,2.1452e+00,2.3736e-01
4.9700e+03,1.1139e+00,1.3522e+00,2.0002e+01,2.1467e+00,2.3764e-01
4.9800e+03,1.1121e+00,1.3507e+00,2.0002e+01,2.1482e+00,2.3792e-01
4.9900e+03,1.1103e+00,1.3492e+00,2.0002e+01,2.1497e+00,2.3820e-01
5.0000e+03,1.1085e+00,1.3477e+00,2.0002e+01,2.1512e+00,2.3847e-01
5.0100e+03,1.1068e+00,1.3462e+00,2.0002e+01,2.1527e+00,2.3875e-01
5.0200e+03,1.1050e+00,1.3447e+00,2.0002e+01,2.1542e+00,2.3902e-01
5.0300e+03,1.1033e+00,1.3432e+00,2.0002e+01,2.1557e+00,2.3930e-01
5.0400e+03,1.1015e+00,1.3418e+00,2.0002e+01,2.1572e+00,2.3957e-01
5.0500e+03,1.0998e+00,1.3403e+00,2.0002e+01,2.1586e+00,2.3985e-01
5.0600e+03,1.0980e+00,1.3388e+00,2.0002e+01,2.1601e+00,2.4012e-01
5.0700e+03,1.0963e+00,1.3374e+00,2.0002e+01,2.1616e+00,2.4039e-01
5.0800e+03,1.0946e+00,1.3359e+00,2.0002e+01,2.1630e+00,2.4067e-01
5.0900e+03,1.0928e+00,1.3345e+00,2.0002e+01,2.1645e+00,2.4094e-01
5.1000e+03,1.0911e+00,1.3330e+00,2.0002e+01,2.1659e+00,2.4121e-01
5.1100e+03,1.0894e+00,1.3316e+00,2.0002e+01,2.1674e+00,2.4148e-01
5.1200e+03,1.0877e+00,1.3301e+00,2.0002e+01,2.1688e+00,2.4175e-01
5.1300e+03,1.0860e+00,1.3287e+00,2.0002e+01,2.1702e+00,2.4202e-01
5.1400e+03,1.0843e+00,1.3272e+00,2.0002e+01,2.1717e+00,2.4230e-01
5.1500e+03,1.0826e+00,1.3258e+00,2.0002e+01,2.1731e+00,2.4257e-01
5.1600e+03,1.0809e+00,1.3244e+00,2.0002e+01,2.1745e+00,2.4283e-01
5.1700e+03,1.0792e+00,1.3229e+00,2.0002e+01,2.1760e+00,2.4310e-01
5.1800e+03,1.0775e+00,1.3215e+00,2.0002e+01,2.1774e+00,2.4337e-01
5.1900e+03,1.0758e+00,1.3201e+00,2.0002e+01,2.1788e+00,2.4364e-01
5.2000e+03,1.0741e+00,1.3187e+00,2.0002e+01,2.1802e+00,2.4391e-01
5.2100e+03,1.0725e+00,1.3173e+00,2.0002e+01,2.1816e+00,2.4418e-01
5.2200e+03,1.0708e+00,1.3159e+00,2.0002e+01,2.1830e+00,2.4444e-01
5.2300e+03,1.0691e+00,1.3145e+00,2.0002e+01,2.1844e+00,2.4471e-01
5.2400e+03,1.0674e+00,1.3131e+00,2.0002e+01,2.1858e+00,2.4497e-01
5.2500e+03,1.0658e+00,1.3117e+00,2.0002e+01,2.1872e+00,2.4524e-01
5.2600e+03,1.0641e+00,1.3103e+00,2.0002e+01,2.1886e+00,2.4551e-01
5.2700e+03,1.0625e+00,1.3089e+00,2.0002e+01,2.1900e+00,2.4577e-01
5.2800e+03,1.0608e+00,1.3075e+00,2.0002e+01,2.1914e+00,2.4603e-01
5.2900e+03,1.0592e+00,1.3061e+00,2.0002e+01,2.1928e+00,2.4630e-01
5.3000e+03,1.0575e+00,1.3048e+00,2.0002e+01,2.1941e+00,2.4656e-01
5.3100e+03,1.0559e+00,1.3034e+00,2.0002e+01,2.1955e+00,2.4683e-01
5.3200e+03,1.0543e+00,1.3020e+00,2.0002e+01,2.1969e+00,2.4709e-01
5.3300e+03,1.0526e+00,1.3006e+00,2.0002e+01,2.1983e+00,2.4735e-01
5.3400e+03,1.0510e+00,1.2993e+00,2.0002e+01,2.1996e+00,2.4761e-01
5.3500e+03,1.0494e+00,1.2979e+00,2.0002e+01,2.2010e+00,2.4787e-01
5.3600e+03,1.0478e+00,1.2966e+00,2.0002e+01,2.2023e+00,2.4814e-01
5.3700e+03,1.0462e+00,1.2952e+00,2.0002e+01,2.2037e+00,2.4840e-01
5.3800e+03,1.0446e+00,1.2939e+00,2.0002e+01,2.2050e+00,2.4866e-01
5.3900e+03,1.0430e+00,1.2925e+00,2.0002e+01,2.2064e+00,2.4892e-01
5.4000e+03,1.0414e+00,1.2912e+00,2.0002e+01,2.2077e+00,2.4918e-01
5.4100e+03,1.0398e+00,1.2898e+00,2.0002e+01,2.2091e+00,2.4944e-01
5.4200e+03,1.0382e+00,1.2885e+00,2.0002e+01,2.2104e+00,2.4969e-01
5.4300e+03,1.0366e+00,1.2872e+00,2.0002e+01,2.2117e+00,2.4995e-01
5.4400e+03,1.0350e+00,1.2858e+00,2.0002e+01,2.2130e+00,2.5021e-01
5.4500e+03,1.0334e+00,1.2845e+00,2.0002e+01,2.2144e+00,2.5047e-01
5.4600e+03,1.0318e+00,1.2832e+00,2.0002e+01,2.2157e+00,2.5073e-01
5.4700e+03,1.0303e+00,1.2819e+00,2.0002e+01,2.2170e+00,2.5098e-01
5.4800e+03,1.0287e+00,1.2806e+00,2.0002e+01,2.2183e+00,2.5124e-01
5.4900e+03,1.0271e+00,1.2793e+00,2.0002e+01,2.2196e+00,2.5150e-01
5.5000e+03,1.0256e+00,1.2779e+00,2.0002e+01,2.2209e+00,2.5175e-01
5.5100e+03,1.0240e+00,1.2766e+00,2.0002e+01,2.2222e+00,2.5201e-01
5.5200e+03,1.0224e+00,1.2753e+00,2.0002e+01,2.2235e+00,2.5226e-01
5.5300e+03,1.0209e+00,1.2740e+00,2.0002e+01,2.2248e+00,2.5252e-01
5.5400e+03,1.0193e+00,1.2727e+00,2.0002e+01,2.2261e+00,2.5277e-01
5.5500e+03,1.0178e+00,1.2715e+00,2.0002e+01,2.2274e+00,2.5302e-01
5.5600e+03,1.0163e+00,1.2702e+00,2.0002e+01,2.2287e+00,2.5328e-01
5.5700e+03,1.0147e+00,1.2689e+00,2.0002e+01,2.2300e+00,2.5353e-01
5.5800e+03,1.0132e+00,1.2676e+00,2.0002e+01,2.2313e+00,2.5378e-01
5.5900e+03,1.0117e+00,1.2663e+00,2.0002e+01,2.2326e+00,2.5403e-01
5.6000e+03,1.0101e+00,1.2650e+00,2.0002e+01,2.2338e+00,2.5429e-01
5.6100e+03,1.0086e+00,1.2638e+00,2.0002e+01,2.2351e+00,2.5454e-01
5.6200e+03,1.0071e+00,1.2625e+00,2.0002e+01,2.2364e+00,2.5479e-01
5.6300e+03,1.0056e+00,1.2612e+00,2.0002e+01,2.2376e+00,2.5504e-01
5.6400e+03,1.0041e+00,1.2600e+00,2.0002e+01,2.2389e+00,2.5529e-01
5.6500e+03,1.0025e+00,1.2587e+00,2.0002e+01,2.2402e+00,2.5554e-01
5.6600e+03,1.0010e+00,1.2575e+00,2.0002e+01,2.2414e+00,2.5579e-01
5.6700e+03,9.9954e-01,1.2562e+00,2.0002e+01,2.2427e+00,2.5604e-01
5.6800e+03,9.9804e-01,1.2550e+00,2.0002e+01,2.2439e+00,2.5629e-01
5.6900e+03,9.9655e-01,1.2537e+00,2.0002e+01,2.2452e+00,2.5654e-01
5.7000e+03,9.9506e-01,1.2525e+00,2.0002e+01,2.2464e+00,2.5678e-01
5.7100e+03,9.9357e-01,1.2512e+00,2.0002e+01,2.2477e+00,2.5703e-01
5.7200e+03,9.9208e-01,1.2500e+00,2.0002e+01,2.2489e+00,2.5728e-01
5.7300e+03,9.9060e-01,1.2488e+00,2.0002e+01,2.2501e+00,2.5753e-01
5.7400e+03,9.8913e-01,1.2475e+00,2.0002e+01,2.2514e+00,2.5777e-01
5.7500e+03,9.8765e-01,1.2463e+00,2.0002e+01,2.2526e+00,2.5802e-01
5.7600e+03,9.8618e-01,1.2451e+00,2.0002e+01,2.2538e+00,2.5826e-01
5.7700e+03,9.8471e-01,1.2438e+00,2.0002e+01,2.2550e+00,2.5851e-01
5.7800e+03,9.8325e-01,1.2426e+00,2.0002e+01,2.2562e+00,2.5875e-01
5.7900e+03,9.8179e-01,1.2414e+00,2.0002e+01,2.2575e+00,2.5900e-01
5.8000e+03,9.8033e-01,1.2402e+00,2.0002e+01,2.2587e+00,2.5924e-01
5.8100e+03,9.7888e-01,1.2390e+00,2.0002e+01,2.2599e+00,2.5949e-01
5.8200e+03,9.7743e-01,1.2378e+00,2.0002e+01,2.2611e+00,2.5973e-01
5.8300e+03,9.7598e-01,1.2366e+00,2.0002e+01,2.2623e+00,2.5997e-01
5.8400e+03,9.7453e-01,1.2354e+00,2.0002e+01,2.2635e+00,2.6022e-01
5.8500e+03,9.7309e-01,1.2342e+00,2.0002e+01,2.2647e+00,2.6046e-01
5.8600e+03,9.7166e-01,1.2330e+00,2.0002e+01,2.2659e+00,2.6070e-01
5.8700e+03,9.7022e-01,1.2318e+00,2.0002e+01,2.2671e+00,2.6094e-01
5.8800e+03,9.6879e-01,1.2306e+00,2.0002e+01,2.2683e+00,2.6119e-01
5.8900e+03,9.6736e-01,1.2294e+00,2.0002e+01,2.2695e+00,2.6143e-01
5.9000e+03,9.6594e-01,1.2282e+00,2.0002e+01,2.2706e+00,2.6167e-01
5.9100e+03,9.6452e-01,1.2270e+00,2.0002e+01,2.2718e+00,2.6191e-01
5.9200e+03,9.6310e-01,1.2259e+00,2.0002e+01,2.2730e+00,2.6215e-01
5.9300e+03,9.6169e-01,1.2247e+00,2.0002e+01,2.2742e+00,2.6239e-01
5.9400e+03,9.6027e-01,1.2235e+00,2.0002e+01,2.2753e+00,2.6263e-01
5.9500e+03,9.5887e-01,1.2223e+00,2.0002e+01,2.2765e+00,2.6287e-01
5.9600e+03,9.5746e-01,1.2212e+00,2.0002e+01,2.2777e+00,2.6311e-01
5.9700e+03,9.5606e-01,1.2200e+00,2.0002e+01,2.2788e+00,2.6334e-01
5.9800e+03,9.5466e-01,1.2188e+00,2.0002e+01,2.2800e+00,2.6358e-01
5.9900e+03,9.5326e-01,1.2177e+00,2.0002e+01,2.2812e+00,2.6382e-01
6.0000e+03,9.5187e-01,1.2165e+00,2.0002e+01,2.2823e+00,2.6406e-01
6.0100e+03,9.5048e-01,1.2154e+00,2.0002e+01,2.2835e+00,2.6429e-01
6.0200e+03,9.4909e-01,1.2142e+00,2.0002e+01,2.2846e+00,2.6453e-01
6.0300e+03,9.4771e-01,1.2131e+00,2.0002e+01,2.2858e+00,2.6477e-01
6.0400e+03,9.4633e-01,1.2119e+00,2.0002e+01,2.2869e+00,2.6500e-01
6.0500e+03,9.4495e-01,1.2108e+00,2.0002e+01,2.2881e+00,2.6524e-01
6.0600e+03,9.4358e-01,1.2097e+00,2.0002e+01,2.2892e+00,2.6547e-01
6.0700e+03,9.4221e-01,1.2085e+00,2.0002e+01,2.2903e+00,2.6571e-01
6.0800e+03,9.4084e-01,1.2074e+00,2.0002e+01,2.2915e+00,2.6594e-01
6.0900e+03,9.3948e-01,1.2063e+00,2.0002e+01,2.2926e+00,2.6618e-01
6.1000e+03,9.3811e-01,1.2051e+00,2.0002e+01,2.2937e+00,2.6641e-01
6.1100e+03,9.3676e-01,1.2040e+00,2.0002e+01,2.2949e+00,2.6664e-01
6.1200e+03,9.3540e-01,1.2029e+00,2.0002e+01,2.2960e+00,2.6688e-01
6.1300e+03,9.3405e-01,1.2018e+00,2.0002e+01,2.2971e+00,2.6711e-01
6.1400e+03,9.3270e-01,1.2006e+00,2.0002e+01,2.2982e+00,2.6734e-01
6.1500e+03,9.3135e-01,1.1995e+00,2.0002e+01,2.2993e+00,2.6758e-01
6.1600e+03,9.3001e-01,1.1984e+00,2.0002e+01,2.3004e+00,2.6781e-01
6.1700e+03,9.2867e-01,1.1973e+00,2.0002e+01,2.3015e+00,2.6804e-01
6.1800e+03,9.2733e-01,1.1962e+00,2.0002e+01,2.3027e+00,2.6827e-01
6.1900e+03,9.2599e-01,1.1951e+00,2.0002e+01,2.3038e+00,2.6850e-01
6.2000e+03,9.2466e-01,1.1940e+00,2.0002e+01,2.3049e+00,2.6873e-01
6.2100e+03,9.2333e-01,1.1929e+00,2.0002e+01,2.3060e+00,2.6896e-01
6.2200e+03,9.2201e-01,1.1918e+00,2.0002e+01,2.3071e+00,2.6919e-01
6.2300e+03,9.2068e-01,1.1907e+00,2.0002e+01,2.3081e+00,2.6942e-01
6.2400e+03,9.1936e-01,1.1896e+00,2.0002e+01,2.3092e+00,2.6965e-01
6.2500e+03,9.1804e-01,1.1885e+00,2.0002e+01,2.3103e+00,2.6988e-01
6.2600e+03,9.1673e-01,1.1874e+00,2.0002e+01,2.3114e+00,2.7011e-01
6.2700e+03,9.1542e-01,1.1863e+00,2.0002e+01,2.3125e+00,2.7034e-01
6.2800e+03,9.1411e-01,1.1853e+00,2.0002e+01,2.3136e+00,2.7056e-01
6.2900e+03,9.1280e-01,1.1842e+00,2.0002e+01,2.3147e+00,2.7079e-01
6.3000e+03,9.1150e-01,1.1831e+00,2.0002e+01,2.3157e+00,2.7102e-01
6.3100e+03,9.1020e-01,1.1820e+00,2.0002e+01,2.3168e+00,2.7125e-01
6.3200e+03,9.0890e-01,1.1810e+00,2.0002e+01,2.3179e+00,2.7147e-01
6.3300e+03,9.0761e-01,1.1799e+00,2.0002e+01,2.3189e+00,2.7170e-01
6.3400e+03,9.0632e-01,1.1788e+00,2.0002e+01,2.3200e+00,2.7192e-01
6.3500e+03,9.0503e-01,1.1778e+00,2.0002e+01,2.3211e+00,2.7215e-01
6.3600e+03,9.0374e-01,1.1767e+00,2.0002e+01,2.3221e+00,2.7238e-01
6.3700e+03,9.0246e-01,1.1756e+00,2.0002e+01,2.3232e+00,2.7260e-01
6.3800e+03,9.0118e-01,1.1746e+00,2.0002e+01,2.3243e+00,2.7282e-01
6.3900e+03,8.9990e-01,1.1735e+00,2.0002e+01,2.3253e+00,2.7305e-01
6.4000e+03,8.9862e-01,1.1725e+00,2.0002e+01,2.3264e+00,2.7327e-01
6.4100e+03,8.9735e-01,1.1714e+00,2.0002e+01,2.3274e+00,2.7350e-01
6.4200e+03,8.9608e-01,1.1704e+00,2.0002e+01,2.3285e+00,2.7372e-01
6.4300e+03,8.9481e-01,1.1693e+00,2.0002e+01,2.3295e+00,2.7394e-01
6.4400e+03,8.9355e-01,1.1683e+00,2.0002e+01,2.3305e+00,2.7417e-01
6.4500e+03,8.9229e-01,1.1673e+00,2.0002e+01,2.3316e+00,2.7439e-01
6.4600e+03,8.9103e-01,1.1662e+00,2.0002e+01,2.3326e+00,2.7461e-01
6.4700e+03,8.8977e-01,1.1652e+00,2.0002e+01,2.3336e+00,2.7483e-01
6.4800e+03,8.8852e-01,1.1642e+00,2.0002e+01,2.3347e+00,2.7505e-01
6.4900e+03,8.8727e-01,1.1631e+00,2.0002e+01,2.3357e+00,2.7528e-01
6.5000e+03,8.8602e-01,1.1621e+00,2.0002e+01,2.3367e+00,2.7550e-01
6.5100e+03,8.8477e-01,1.1611e+00,2.0002e+01,2.3378e+00,2.7572e-01
6.5200e+03,8.8353e-01,1.1600e+00,2.0002e+01,2.3388e+00,2.7594e-01
6.5300e+03,8.8229e-01,1.1590e+00,2.0002e+01,2.3398e+00,2.7616e-01
6.5400e+03,8.8105e-01,1.1580e+00,2.0002e+01,2.3408e+00,2.7638e-01
6.5500e+03,8.7982e-01,1.1570e+00,2.0002e+01,2.3418e+00,2.7660e-01
6.5600e+03,8.7859e-01,1.1560e+00,2.0002e+01,2.3429e+00,2.7682e-01
6.5700e+03,8.7736e-01,1.1550e+00,2.0002e+01,2.3439e+00,2.7703e-01
6.5800e+03,8.7613e-01,1.1540e+00,2.0002e+01,2.3449e+00,2.7725e-01
6.5900e+03,8.7490e-01,1.1529e+00,2.0002e+01,2.3459e+00,2.7747e-01
6.6000e+03,8.7368e-01,1.1519e+00,2.0002e+01,2.3469e+00,2.7769e-01
6.6100e+03,8.7246e-01,1.1509e+00,2.0002e+01,2.3479e+00,2.7791e-01
6.6200e+03,8.7125e-01,1.1499e+00,2.0002e+01,2.3489e+00,2.7812e-01
6.6300e+03,8.7003e-01,1.1489e+00,2.0002e+01,2.3499e+00,2.7834e-01
6.6400e+03,8.6882e-01,1.1479e+00,2.0002e+01,2.3509e+00,2.7856e-01
6.6500e+03,8.6761e-01,1.1470e+00,2.0002e+01,2.3519e+00,2.7877e-01
6.6600e+03,8.6640e-01,1.1460e+00,2.0002e+01,2.3529e+00,2.7899e-01
6.6700e+03,8.6520e-01,1.1450e+00,2.0002e+01,2.3538e+00,2.7920e-01
6.6800e+03,8.6400e-01,1.1440e+00,2.0002e+01,2.3548e+00,2.7942e-01
6.6900e+03,8.6280e-01,1.1430e+00,2.0002e+01,2.3558e+00,2.7964e-01
6.7000e+03,8.6160e-01,1.1420e+00,2.0002e+01,2.3568e+00,2.7985e-01
6.7100e+03,8.6041e-01,1.1410e+00,2.0002e+01,2.3578e+00,2.8006e-01
6.7200e+03,8.5922e-01,1.1401e+00,2.0002e+01,2.3588e+00,2.8028e-01
6.7300e+03,8.5803e-01,1.1391e+00,2.0002e+01,2.3597e+00,2.8049e-01
6.7400e+03,8.5684e-01,1.1381e+00,2.0002e+01,2.3607e+00,2.8071e-01
6.7500e+03,8.5566e-01,1.1371e+00,2.0002e+01,2.3617e+00,2.8092e-01
6.7600e+03,8.5447e-01,1.1362e+00,2.0002e+01,2.3626e+00,2.8113e-01
6.7700e+03,8.5330e-01,1.1352e+00,2.0002e+01,2.3636e+00,2.8135e-01
6.7800e+03,8.5212e-01,1.1342e+00,2.0002e+01,2.3646e+00,2.8156e-01
6.7900e+03,8.5094e-01,1.1333e+00,2.0002e+01,2.3655e+00,2.8177e-01
6.8000e+03,8.4977e-01,1.1323e+00,2.0002e+01,2.3665e+00,2.8198e-01
6.8100e+03,8.4860e-01,1.1314e+00,2.0002e+01,2.3675e+00,2.8219e-01
6.8200e+03,8.4744e-01,1.1304e+00,2.0002e+01,2.3684e+00,2.8241e-01
6.8300e+03,8.4627e-01,1.1295e+00,2.0002e+01,2.3694e+00,2.8262e-01
6.8400e+03,8.4511e-01,1.1285e+00,2.0002e+01,2.3703e+00,2.8283e-01
6.8500e+03,8.4395e-01,1.1275e+00,2.0002e+01,2.3713e+00,2.8304e-01
6.8600e+03,8.4279e-01,1.1266e+00,2.0002e+01,2.3722e+00,2.8325e-01
6.8700e+03,8.4164e-01,1.1257e+00,2.0002e+01,2.3732e+00,2.8346e-01
6.8800e+03,8.4048e-01,1.1247e+00,2.0002e+01,2.3741e+00,2.8367e-01
6.8900e+03,8.3933e-01,1.1238e+00,2.0002e+01,2.3750e+00,2.8388e-01
6.9000e+03,8.3818e-01,1.1228e+00,2.0002e+01,2.3760e+00,2.8409e-01
6.9100e+03,8.3704e-01,1.1219e+00,2.0002e+01,2.3769e+00,2.8429e-01
6.9200e+03,8.3590e-01,1.1210e+00,2.0002e+01,2.3779e+00,2.8450e-01
6.9300e+03,8.3475e-01,1.1200e+00,2.0002e+01,2.3788e+00,2.8471e-01
6.9400e+03,8.3362e-01,1.1191e+00,2.0002e+01,2.3797e+00,2.8492e-01
6.9500e+03,8.3248e-01,1.1182e+00,2.0002e+01,2.3806e+00,2.8513e-01
6.9600e+03,8.3135e-01,1.1172e+00,2.0002e+01,2.3816e+00,2.8533e-01
6.9700e+03,8.3021e-01,1.1163e+00,2.0002e+01,2.3825e+00,2.8554e-01
6.9800e+03,8.2908e-01,1.1154e+00,2.0002e+01,2.3834e+00,2.8575e-01
6.9900e+03,8.2796e-01,1.1145e+00,2.0002e+01,2.3843e+00,2.8595e-01
7.0000e+03,8.2683e-01,1.1135e+00,2.0002e+01,2.3853e+00,2.8616e-01
7.0100e+03,8.2571e-01,1.1126e+00,2.0002e+01,2.3862e+00,2.8637e-01
7.0200e+03,8.2459e-01,1.1117e+00,2.0002e+01,2.3871e+00,2.8657e-01
7.0300e+03,8.2347e-01,1.1108e+00,2.0002e+01,2.3880e+00,2.8678e-01
7.0400e+03,8.2236e-01,1.1099e+00,2.0002e+01,2.3889e+00,2.8698e-01
7.0500e+03,8.2124e-01,1.1090e+00,2.0002e+01,2.3898e+00,2.8719e-01
7.0600e+03,8.2013e-01,1.1081e+00,2.0002e+01,2.3907e+00,2.8739e-01
7.0700e+03,8.1902e-01,1.1072e+00,2.0002e+01,2.3916e+00,2.8759e-01
7.0800e+03,8.1792e-01,1.1063e+00,2.0002e+01,2.3925e+00,2.8780e-01
7.0900e+03,8.1681e-01,1.1054e+00,2.0002e+01,2.3934e+00,2.8800e-01
7.1000e+03,8.1571e-01,1.1045e+00,2.0002e+01,2.3943e+00,2.8821e-01
7.1100e+03,8.1461e-01,1.1036e+00,2.0002e+01,2.3952e+00,2.8841e-01
7.1200e+03,8.1351e-01,1.1027e+00,2.0002e+01,2.3961e+00,2.8861e-01
7.1300e+03,8.1241e-01,1.1018e+00,2.0002e+01,2.3970e+00,2.8881e-01
7.1400e+03,8.1132e-01,1.1009e+00,2.0002e+01,2.3979e+00,2.8902e-01
7.1500e+03,8.1023e-01,1.1000e+00,2.0002e+01,2.3988e+00,2.8922e-01
7.1600e+03,8.0914e-01,1.0991e+00,2.0002e+01,2.3997e+00,2.8942e-01
7.1700e+03,8.0805e-01,1.0982e+00,2.0002e+01,2.4006e+00,2.8962e-01
7.1800e+03,8.0697e-01,1.0973e+00,2.0002e+01,2.4015e+00,2.8982e-01
7.1900e+03,8.0589e-01,1.0965e+00,2.0002e+01,2.4023e+00,2.9002e-01
7.2000e+03,8.0481e-01,1.0956e+00,2.0002e+01,2.4032e+00,2.9022e-01
7.2100e+03,8.0373e-01,1.0947e+00,2.0002e+01,2.4041e+00,2.9043e-01
7.2200e+03,8.0265e-01,1.0938e+00,2.0002e+01,2.4050e+00,2.9063e-01
7.2300e+03,8.0158e-01,1.0929e+00,2.0002e+01,2.4058e+00,2.9083e-01
7.2400e+03,8.0051e-01,1.0921e+00,2.0002e+01,2.4067e+00,2.9102e-01
7.2500e+03,7.9944e-01,1.0912e+00,2.0002e+01,2.4076e+00,2.9122e-01
7.2600e+03,7.9837e-01,1.0903e+00,2.0002e+01,2.4085e+00,2.9142e-01
7.2700e+03,7.9730e-01,1.0895e+00,2.0002e+01,2.4093e+00,2.9162e-01
7.2800e+03,7.9624e-01,1.0886e+00,2.0002e+01,2.4102e+00,2.9182e-01
7.2900e+03,7.9518e-01,1.0877e+00,2.0002e+01,2.4111e+00,2.9202e-01
7.3000e+03,7.9412e-01,1.0869e+00,2.0002e+01,2.4119e+00,2.9222e-01
7.3100e+03,7.9306e-01,1.0860e+00,2.0002e+01,2.4128e+00,2.9241e-01
7.3200e+03,7.9201e-01,1.0852e+00,2.0002e+01,2.4136e+00,2.9261e-01
7.3300e+03,7.9095e-01,1.0843e+00,2.0002e+01,2.4145e+00,2.9281e-01
7.3400e+03,7.8990e-01,1.0834e+00,2.0002e+01,2.4153e+00,2.9301e-01
7.3500e+03,7.8885e-01,1.0826e+00,2.0002e+01,2.4162e+00,2.9320e-01
7.3600e+03,7.8781e-01,1.0817e+00,2.0002e+01,2.4170e+00,2.9340e-01
7.3700e+03,7.8676e-01,1.0809e+00,2.0002e+01,2.4179e+00,2.9360e-01
7.3800e+03,7.8572e-01,1.0800e+00,2.0002e+01,2.4187e+00,2.9379e-01
7.3900e+03,7.8468e-01,1.0792e+00,2.0002e+01,2.4196e+00,2.9399e-01
7.4000e+03,7.8364e-01,1.0784e+00,2.0002e+01,2.4204e+00,2.9418e-01
7.4100e+03,7.8260e-01,1.0775e+00,2.0002e+01,2.4213e+00,2.9438e-01
7.4200e+03,7.8157e-01,1.0767e+00,2.0002e+01,2.4221e+00,2.9457e-01
7.4300e+03,7.8054e-01,1.0758e+00,2.0002e+01,2.4229e+00,2.9477e-01
7.4400e+03,7.7951e-01,1.0750e+00,2.0002e+01,2.4238e+00,2.9496e-01
7.4500e+03,7.7848e-01,1.0742e+00,2.0002e+01,2.4246e+00,2.9516e-01
7.4600e+03,7.7745e-01,1.0733e+00,2.0002e+01,2.4255e+00,2.9535e-01
7.4700e+03,7.7643e-01,1.0725e+00,2.0002e+01,2.4263e+00,2.9554e-01
7.4800e+03,7.7540e-01,1.0717e+00,2.0002e+01,2.4271e+00,2.9574e-01
7.4900e+03,7.7438e-01,1.0708e+00,2.0002e+01,2.4279e+00,2.9593e-01
7.5000e+03,7.7336e-01,1.0700e+00,2.0002e+01,2.4288e+00,2.9612e-01
7.5100e+03,7.7235e-01,1.0692e+00,2.0002e+01,2.4296e+00,2.9632e-01
7.5200e+03,7.7133e-01,1.0684e+00,2.0002e+01,2.4304e+00,2.9651e-01
7.5300e+03,7.7032e-01,1.0676e+00,2.0002e+01,2.4312e+00,2.9670e-01
7.5400e+03,7.6931e-01,1.0667e+00,2.0002e+01,2.4320e+00,2.9689e-01
7.5500e+03,7.6830e-01,1.0659e+00,2.0002e+01,2.4329e+00,2.9708e-01
7.5600e+03,7.6729e-01,1.0651e+00,2.0002e+01,2.4337e+00,2.9727e-01
7.5700e+03,7.6629e-01,1.0643e+00,2.0002e+01,2.4345e+00,2.9747e-01
7.5800e+03,7.6529e-01,1.0635e+00,2.0002e+01,2.4353e+00,2.9766e-01
7.5900e+03,7.6429e-01,1.0627e+00,2.0002e+01,2.4361e+00,2.9785e-01
7.6000e+03,7.6329e-01,1.0619e+00,2.0002e+01,2.4369e+00,2.9804e-01
7.6100e+03,7.6229e-01,1.0610e+00,2.0002e+01,2.4377e+00,2.9823e-01
7.6200e+03,7.6129e-01,1.0602e+00,2.0002e+01,2.4385e+00,2.9842e-01
7.6300e+03,7.6030e-01,1.0594e+00,2.0002e+01,2.4393e+00,2.9861e-01
7.6400e+03,7.5931e-01,1.0586e+00,2.0002e+01,2.4401e+00,2.9880e-01
7.6500e+03,7.5832e-01,1.0578e+00,2.0002e+01,2.4409e+00,2.9899e-01
7.6600e+03,7.5733e-01,1.0570e+00,2.0002e+01,2.4417e+00,2.9917e-01
7.6700e+03,7.5635e-01,1.0562e+00,2.0002e+01,2.4425e+00,2.9936e-01
7.6800e+03,7.5536e-01,1.0554e+00,2.0002e+01,2.4433e+00,2.9955e-01
7.6900e+03,7.5438e-01,1.0546e+00,2.0002e+01,2.4441e+00,2.9974e-01
7.7000e+03,7.5340e-01,1.0539e+00,2.0002e+01,2.4449e+00,2.9993e-01
7.7100e+03,7.5242e-01,1.0531e+00,2.0002e+01,2.4457e+00,3.0011e-01
7.7200e+03,7.5145e-01,1.0523e+00,2.0002e+01,2.4465e+00,3.0030e-01
7.7300e+03,7.5047e-01,1.0515e+00,2.0002e+01,2.4473e+00,3.0049e-01
7.7400e+03,7.4950e-01,1.0507e+00,2.0002e+01,2.4481e+00,3.0068e-01
7.7500e+03,7.4853e-01,1.0499e+00,2.0002e+01,2.4489e+00,3.0086e-01
7.7600e+03,7.4756e-01,1.0491e+00,2.0002e+01,2.4496e+00,3.0105e-01
7.7700e+03,7.4659e-01,1.0483e+00,2.0002e+01,2.4504e+00,3.0124e-01
7.7800e+03,7.4563e-01,1.0476e+00,2.0002e+01,2.4512e+00,3.0142e-01
7.7900e+03,7.4466e-01,1.0468e+00,2.0002e+01,2.4520e+00,3.0161e-01
7.8000e+03,7.4370e-01,1.0460e+00,2.0002e+01,2.4528e+00,3.0179e-01
7.8100e+03,7.4274e-01,1.0452e+00,2.0002e+01,2.4535e+00,3.0198e-01
7.8200e+03,7.4178e-01,1.0445e+00,2.0002e+01,2.4543e+00,3.0216e-01
7.8300e+03,7.4083e-01,1.0437e+00,2.0002e+01,2.4551e+00,3.0235e-01
7.8400e+03,7.3987e-01,1.0429e+00,2.0002e+01,2.4558e+00,3.0253e-01
7.8500e+03,7.3892e-01,1.0422e+00,2.0002e+01,2.4566e+00,3.0272e-01
7.8600e+03,7.3797e-01,1.0414e+00,2.0002e+01,2.4574e+00,3.0290e-01
7.8700e+03,7.3702e-01,1.0406e+00,2.0002e+01,2.4581e+00,3.0308e-01
7.8800e+03,7.3607e-01,1.0399e+00,2.0002e+01,2.4589e+00,3.0327e-01
7.8900e+03,7.3513e-01,1.0391e+00,2.0002e+01,2.4597e+00,3.0345e-01
7.9000e+03,7.3418e-01,1.0383e+00,2.0002e+01,2.4604e+00,3.0363e-01
7.9100e+03,7.3324e-01,1.0376e+00,2.0002e+01,2.4612e+00,3.0382e-01
7.9200e+03,7.3230e-01,1.0368e+00,2.0002e+01,2.4620e+00,3.0400e-01
7.9300e+03,7.3136e-01,1.0361e+00,2.0002e+01,2.4627e+00,3.0418e-01
7.9400e+03,7.3043e-01,1.0353e+00,2.0002e+01,2.4635e+00,3.0436e-01
7.9500e+03,7.2949e-01,1.0346e+00,2.0002e+01,2.4642e+00,3.0455e-01
7.9600e+03,7.2856e-01,1.0338e+00,2.0002e+01,2.4650e+00,3.0473e-01
7.9700e+03,7.2763e-01,1.0331e+00,2.0002e+01,2.4657e+00,3.0491e-01
7.9800e+03,7.2670e-01,1.0323e+00,2.0002e+01,2.4665e+00,3.0509e-01
7.9900e+03,7.2577e-01,1.0316e+00,2.0002e+01,2.4672e+00,3.0527e-01
8.0000e+03,7.2484e-01,1.0308e+00,2.0002e+01,2.4680e+00,3.0545e-01
8.0100e+03,7.2392e-01,1.0301e+00,2.0002e+01,2.4687e+00,3.0563e-01
8.0200e+03,7.2299e-01,1.0293e+00,2.0002e+01,2.4694e+00,3.0581e-01
8.0300e+03,7.2207e-01,1.0286e+00,2.0002e+01,2.4702e+00,3.0599e-01
8.0400e+03,7.2115e-01,1.0278e+00,2.0002e+01,2.4709e+00,3.0617e-01
8.0500e+03,7.2024e-01,1.0271e+00,2.0002e+01,2.4717e+00,3.0635e-01
8.0600e+03,7.1932e-01,1.0264e+00,2.0002e+01,2.4724e+00,3.0653e-01
8.0700e+03,7.1841e-01,1.0256e+00,2.0002e+01,2.4731e+00,3.0671e-01
8.0800e+03,7.1749e-01,1.0249e+00,2.0002e+01,2.4739e+00,3.0689e-01
8.0900e+03,7.1658e-01,1.0242e+00,2.0002e+01,2.4746e+00,3.0707e-01
8.1000e+03,7.1567e-01,1.0234e+00,2.0002e+01,2.4753e+00,3.0725e-01
8.1100e+03,7.1476e-01,1.0227e+00,2.0002e+01,2.4761e+00,3.0743e-01
8.1200e+03,7.1386e-01,1.0220e+00,2.0002e+01,2.4768e+00,3.0760e-01
8.1300e+03,7.1295e-01,1.0212e+00,2.0002e+01,2.4775e+00,3.0778e-01
8.1400e+03,7.1205e-01,1.0205e+00,2.0002e+01,2.4782e+00,3.0796e-01
8.1500e+03,7.1115e-01,1.0198e+00,2.0002e+01,2.4790e+00,3.0814e-01
8.1600e+03,7.1025e-01,1.0191e+00,2.0002e+01,2.4797e+00,3.0831e-01
8.1700e+03,7.0935e-01,1.0184e+00,2.0002e+01,2.4804e+00,3.0849e-01
8.1800e+03,7.0846e-01,1.0176e+00,2.0002e+01,2.4811e+00,3.0867e-01
8.1900e+03,7.0756e-01,1.0169e+00,2.0002e+01,2.4818e+00,3.0884e-01
8.2000e+03,7.0667e-01,1.0162e+00,2.0002e+01,2.4826e+00,3.0902e-01
8.2100e+03,7.0578e-01,1.0155e+00,2.0002e+01,2.4833e+00,3.0920e-01
8.2200e+03,7.0489e-01,1.0148e+00,2.0002e+01,2.4840e+00,3.0937e-01
8.2300e+03,7.0400e-01,1.0141e+00,2.0002e+01,2.4847e+00,3.0955e-01
8.2400e+03,7.0311e-01,1.0133e+00,2.0002e+01,2.4854e+00,3.0972e-01
8.2500e+03,7.0223e-01,1.0126e+00,2.0002e+01,2.4861e+00,3.0990e-01
8.2600e+03,7.0135e-01,1.0119e+00,2.0002e+01,2.4868e+00,3.1007e-01
8.2700e+03,7.0047e-01,1.0112e+00,2.0002e+01,2.4875e+00,3.1025e-01
8.2800e+03,6.9959e-01,1.0105e+00,2.0002e+01,2.4882e+00,3.1042e-01
8.2900e+03,6.9871e-01,1.0098e+00,2.0002e+01,2.4889e+00,3.1060e-01
8.3000e+03,6.9783e-01,1.0091e+00,2.0002e+01,2.4897e+00,3.1077e-01
8.3100e+03,6.9696e-01,1.0084e+00,2.0002e+01,2.4904e+00,3.1094e-01
8.3200e+03,6.9608e-01,1.0077e+00,2.0002e+01,2.4911e+00,3.1112e-01
8.3300e+03,6.9521e-01,1.0070e+00,2.0002e+01,2.4918e+00,3.1129e-01
8.3400e+03,6.9434e-01,1.0063e+00,2.0002e+01,2.4924e+00,3.1146e-01
8.3500e+03,6.9347e-01,1.0056e+00,2.0002e+01,2.4931e+00,3.1164e-01
8.3600e+03,6.9260e-01,1.0049e+00,2.0002e+01,2.4938e+00,3.1181e-01
8.3700e+03,6.9174e-01,1.0042e+00,2.0002e+01,2.4945e+00,3.1198e-01
8.3800e+03,6.9087e-01,1.0035e+00,2.0002e+01,2.4952e+00,3.1215e-01
8.3900e+03,6.9001e-01,1.0028e+00,2.0002e+01,2.4959e+00,3.1233e-01
8.4000e+03,6.8915e-01,1.0021e+00,2.0002e+01,2.4966e+00,3.1250e-01
8.4100e+03,6.8829e-01,1.0015e+00,2.0002e+01,2.4973e+00,3.1267e-01
8.4200e+03,6.8743e-01,1.0008e+00,2.0002e+01,2.4980e+00,3.1284e-01
8.4300e+03,6.8658e-01,1.0001e+00,2.0002e+01,2.4987e+00,3.1301e-01
8.4400e+03,6.8572e-01,9.9940e-01,2.0002e+01,2.4993e+00,3.1318e-01
8.4500e+03,6.8487e-01,9.9872e-01,2.0002e+01,2.5000e+00,3.1335e-01
8.4600e+03,6.8402e-01,9.9804e-01,2.0002e+01,2.5007e+00,3.1352e-01
8.4700e+03,6.8317e-01,9.9736e-01,2.0002e+01,2.5014e+00,3.1369e-01
8.4800e+03,6.8232e-01,9.9668e-01,2.0002e+01,2.5021e+00,3.1386e-01
8.4900e+03,6.8147e-01,9.9600e-01,2.0002e+01,2.5027e+00,3.1403e-01
8.5000e+03,6.8062e-01,9.9533e-01,2.0002e+01,2.5034e+00,3.1420e-01
8.5100e+03,6.7978e-01,9.9465e-01,2.0002e+01,2.5041e+00,3.1437e-01
8.5200e+03,6.7894e-01,9.9398e-01,2.0002e+01,2.5048e+00,3.1454e-01
8.5300e+03,6.7810e-01,9.9330e-01,2.0002e+01,2.5054e+00,3.1471e-01
8.5400e+03,6.7726e-01,9.9263e-01,2.0002e+01,2.5061e+00,3.1488e-01
8.5500e+03,6.7642e-01,9.9196e-01,2.0002e+01,2.5068e+00,3.1505e-01
8.5600e+03,6.7558e-01,9.9129e-01,2.0002e+01,2.5075e+00,3.1522e-01
8.5700e+03,6.7475e-01,9.9063e-01,2.0002e+01,2.5081e+00,3.1539e-01
8.5800e+03,6.7391e-01,9.8996e-01,2.0002e+01,2.5088e+00,3.1555e-01
8.5900e+03,6.7308e-01,9.8930e-01,2.0002e+01,2.5094e+00,3.1572e-01
8.6000e+03,6.7225e-01,9.8863e-01,2.0002e+01,2.5101e+00,3.1589e-01
8.6100e+03,6.7142e-01,9.8797e-01,2.0002e+01,2.5108e+00,3.1606e-01
8.6200e+03,6.7059e-01,9.8731e-01,2.0002e+01,2.5114e+00,3.1623e-01
8.6300e+03,6.6976e-01,9.8665e-01,2.0002e+01,2.5121e+00,3.1639e-01
8.6400e+03,6.6894e-01,9.8599e-01,2.0002e+01,2.5128e+00,3.1656e-01
8.6500e+03,6.6812e-01,9.8533e-01,2.0002e+01,2.5134e+00,3.1673e-01
8.6600e+03,6.6729e-01,9.8468e-01,2.0002e+01,2.5141e+00,3.1689e-01
8.6700e+03,6.6647e-01,9.8402e-01,2.0002e+01,2.5147e+00,3.1706e-01
8.6800e+03,6.6565e-01,9.8337e-01,2.0002e+01,2.5154e+00,3.1722e-01
8.6900e+03,6.6484e-01,9.8272e-01,2.0002e+01,2.5160e+00,3.1739e-01
8.7000e+03,6.6402e-01,9.8207e-01,2.0002e+01,2.5167e+00,3.1756e-01
8.7100e+03,6.6321e-01,9.8142e-01,2.0002e+01,2.5173e+00,3.1772e-01
8.7200e+03,6.6239e-01,9.8077e-01,2.0002e+01,2.5180e+00,3.1789e-01
8.7300e+03,6.6158e-01,9.8012e-01,2.0002e+01,2.5186e+00,3.1805e-01
8.7400e+03,6.6077e-01,9.7947e-01,2.0002e+01,2.5193e+00,3.1822e-01
8.7500e+03,6.5996e-01,9.7883e-01,2.0002e+01,2.5199e+00,3.1838e-01
8.7600e+03,6.5915e-01,9.7819e-01,2.0002e+01,2.5206e+00,3.1855e-01
8.7700e+03,6.5835e-01,9.7754e-01,2.0002e+01,2.5212e+00,3.1871e-01
8.7800e+03,6.5754e-01,9.7690e-01,2.0002e+01,2.5218e+00,3.1887e-01
8.7900e+03,6.5674e-01,9.7626e-01,2.0002e+01,2.5225e+00,3.1904e-01
8.8000e+03,6.5593e-01,9.7562e-01,2.0002e+01,2.5231e+00,3.1920e-01
8.8100e+03,6.5513e-01,9.7498e-01,2.0002e+01,2.5238e+00,3.1936e-01
8.8200e+03,6.5433e-01,9.7435e-01,2.0002e+01,2.5244e+00,3.1953e-01
8.8300e+03,6.5354e-01,9.7371e-01,2.0002e+01,2.5250e+00,3.1969e-01
8.8400e+03,6.5274e-01,9.7308e-01,2.0002e+01,2.5257e+00,3.1985e-01
8.8500e+03,6.5194e-01,9.7245e-01,2.0002e+01,2.5263e+00,3.2002e-01
8.8600e+03,6.5115e-01,9.7181e-01,2.0002e+01,2.5269e+00,3.2018e-01
8.8700e+03,6.5036e-01,9.7118e-01,2.0002e+01,2.5276e+00,3.2034e-01
8.8800e+03,6.4957e-01,9.7055e-01,2.0002e+01,2.5282e+00,3.2050e-01
8.8900e+03,6.4878e-01,9.6993e-01,2.0002e+01,2.5288e+00,3.2066e-01
8.9000e+03,6.4799e-01,9.6930e-01,2.0002e+01,2.5294e+00,3.2083e-01
8.9100e+03,6.4720e-01,9.6867e-01,2.0002e+01,2.5301e+00,3.2099e-01
8.9200e+03,6.4642e-01,9.6805e-01,2.0002e+01,2.5307e+00,3.2115e-01
8.9300e+03,6.4563e-01,9.6742e-01,2.0002e+01,2.5313e+00,3.2131e-01
8.9400e+03,6.4485e-01,9.6680e-01,2.0002e+01,2.5319e+00,3.2147e-01
8.9500e+03,6.4407e-01,9.6618e-01,2.0002e+01,2.5326e+00,3.2163e-01
8.9600e+03,6.4329e-01,9.6556e-01,2.0002e+01,2.5332e+00,3.2179e-01
8.9700e+03,6.4251e-01,9.6494e-01,2.0002e+01,2.5338e+00,3.2195e-01
8.9800e+03,6.4173e-01,9.6432e-01,2.0002e+01,2.5344e+00,3.2211e-01
8.9900e+03,6.4095e-01,9.6371e-01,2.0002e+01,2.5350e+00,3.2227e-01
9.0000e+03,6.4018e-01,9.6309e-01,2.0002e+01,2.5356e+00,3.2243e-01
9.0100e+03,6.3941e-01,9.6248e-01,2.0002e+01,2.5363e+00,3.2259e-01
9.0200e+03,6.3863e-01,9.6186e-01,2.0002e+01,2.5369e+00,3.2275e-01
9.0300e+03,6.3786e-01,9.6125e-01,2.0002e+01,2.5375e+00,3.2291e-01
9.0400e+03,6.3709e-01,9.6064e-01,2.0002e+01,2.5381e+00,3.2307e-01
9.0500e+03,6.3632e-01,9.6003e-01,2.0002e+01,2.5387e+00,3.2323e-01
9.0600e+03,6.3556e-01,9.5942e-01,2.0002e+01,2.5393e+00,3.2338e-01
9.0700e+03,6.3479e-01,9.5881e-01,2.0002e+01,2.5399e+00,3.2354e-01
9.0800e+03,6.3403e-01,9.5821e-01,2.0002e+01,2.5405e+00,3.2370e-01
9.0900e+03,6.3326e-01,9.5760e-01,2.0002e+01,2.5411e+00,3.2386e-01
9.1000e+03,6.3250e-01,9.5700e-01,2.0002e+01,2.5417e+00,3.2402e-01
9.1100e+03,6.3174e-01,9.5639e-01,2.0002e+01,2.5423e+00,3.2417e-01
9.1200e+03,6.3098e-01,9.5579e-01,2.0002e+01,2.5429e+00,3.2433e-01
9.1300e+03,6.3023e-01,9.5519e-01,2.0002e+01,2.5435e+00,3.2449e-01
9.1400e+03,6.2947e-01,9.5459e-01,2.0002e+01,2.5441e+00,3.2465e-01
9.1500e+03,6.2871e-01,9.5399e-01,2.0002e+01,2.5447e+00,3.2480e-01
9.1600e+03,6.2796e-01,9.5339e-01,2.0002e+01,2.5453e+00,3.2496e-01
9.1700e+03,6.2721e-01,9.5280e-01,2.0002e+01,2.5459e+00,3.2512e-01
9.1800e+03,6.2645e-01,9.5220e-01,2.0002e+01,2.5465e+00,3.2527e-01
9.1900e+03,6.2570e-01,9.5161e-01,2.0002e+01,2.5471e+00,3.2543e-01
9.2000e+03,6.2496e-01,9.5101e-01,2.0002e+01,2.5477e+00,3.2558e-01
9.2100e+03,6.2421e-01,9.5042e-01,2.0002e+01,2.5483e+00,3.2574e-01
9.2200e+03,6.2346e-01,9.4983e-01,2.0002e+01,2.5489e+00,3.2590e-01
9.2300e+03,6.2272e-01,9.4924e-01,2.0002e+01,2.5495e+00,3.2605e-01
9.2400e+03,6.2197e-01,9.4865e-01,2.0002e+01,2.5501e+00,3.2621e-01
9.2500e+03,6.2123e-01,9.4806e-01,2.0002e+01,2.5507e+00,3.2636e-01
9.2600e+03,6.2049e-01,9.4748e-01,2.0002e+01,2.5512e+00,3.2652e-01
9.2700e+03,6.1975e-01,9.4689e-01,2.0002e+01,2.5518e+00,3.2667e-01
9.2800e+03,6.1901e-01,9.4631e-01,2.0002e+01,2.5524e+00,3.2682e-01
9.2900e+03,6.1827e-01,9.4572e-01,2.0002e+01,2.5530e+00,3.2698e-01
9.3000e+03,6.1753e-01,9.4514e-01,2.0002e+01,2.5536e+00,3.2713e-01
9.3100e+03,6.1680e-01,9.4456e-01,2.0002e+01,2.5542e+00,3.2729e-01
9.3200e+03,6.1607e-01,9.4398e-01,2.0002e+01,2.5547e+00,3.2744e-01
9.3300e+03,6.1533e-01,9.4340e-01,2.0002e+01,2.5553e+00,3.2759e-01
9.3400e+03,6.1460e-01,9.4282e-01,2.0002e+01,2.5559e+00,3.2775e-01
9.3500e+03,6.1387e-01,9.4224e-01,2.0002e+01,2.5565e+00,3.2790e-01
9.3600e+03,6.1314e-01,9.4166e-01,2.0002e+01,2.5571e+00,3.2805e-01
9.3700e+03,6.1241e-01,9.4109e-01,2.0002e+01,2.5576e+00,3.2821e-01
9.3800e+03,6.1169e-01,9.4051e-01,2.0002e+01,2.5582e+00,3.2836e-01
9.3900e+03,6.1096e-01,9.3994e-01,2.0002e+01,2.5588e+00,3.2851e-01
9.4000e+03,6.1024e-01,9.3937e-01,2.0002e+01,2.5594e+00,3.2866e-01
9.4100e+03,6.0951e-01,9.3880e-01,2.0002e+01,2.5599e+00,3.2881e-01
9.4200e+03,6.0879e-01,9.3823e-01,2.0002e+01,2.5605e+00,3.2897e-01
9.4300e+03,6.0807e-01,9.3766e-01,2.0002e+01,2.5611e+00,3.2912e-01
9.4400e+03,6.0735e-01,9.3709e-01,2.0002e+01,2.5616e+00,3.2927e-01
9.4500e+03,6.0663e-01,9.3652e-01,2.0002e+01,2.5622e+00,3.2942e-01
9.4600e+03,6.0592e-01,9.3596e-01,2.0002e+01,2.5628e+00,3.2957e-01
9.4700e+03,6.0520e-01,9.3539e-01,2.0002e+01,2.5633e+00,3.2972e-01
9.4800e+03,6.0449e-01,9.3483e-01,2.0002e+01,2.5639e+00,3.2987e-01
9.4900e+03,6.0377e-01,9.3426e-01,2.0002e+01,2.5645e+00,3.3002e-01
9.5000e+03,6.0306e-01,9.3370e-01,2.0002e+01,2.5650e+00,3.3017e-01
9.5100e+03,6.0235e-01,9.3314e-01,2.0002e+01,2.5656e+00,3.3033e-01
9.5200e+03,6.0164e-01,9.3258e-01,2.0002e+01,2.5661e+00,3.3048e-01
9.5300e+03,6.0093e-01,9.3202e-01,2.0002e+01,2.5667e+00,3.3062e-01
9.5400e+03,6.0022e-01,9.3146e-01,2.0002e+01,2.5673e+00,3.3077e-01
9.5500e+03,5.9952e-01,9.3091e-01,2.0002e+01,2.5678e+00,3.3092e-01
9.5600e+03,5.9881e-01,9.3035e-01,2.0002e+01,2.5684e+00,3.3107e-01
9.5700e+03,5.9811e-01,9.2979e-01,2.0002e+01,2.5689e+00,3.3122e-01
9.5800e+03,5.9740e-01,9.2924e-01,2.0002e+01,2.5695e+00,3.3137e-01
9.5900e+03,5.9670e-01,9.2869e-01,2.0002e+01,2.5700e+00,3.3152e-01
9.6000e+03,5.9600e-01,9.2813e-01,2.0002e+01,2.5706e+00,3.3167e-01
9.6100e+03,5.9530e-01,9.2758e-01,2.0002e+01,2.5711e+00,3.3182e-01
9.6200e+03,5.9460e-01,9.2703e-01,2.0002e+01,2.5717e+00,3.3197e-01
9.6300e+03,5.9391e-01,9.2648e-01,2.0002e+01,2.5722e+00,3.3211e-01
9.6400e+03,5.9321e-01,9.2593e-01,2.0002e+01,2.5728e+00,3.3226e-01
9.6500e+03,5.9252e-01,9.2539e-01,2.0002e+01,2.5733e+00,3.3241e-01
9.6600e+03,5.9182e-01,9.2484e-01,2.0002e+01,2.5739e+00,3.3256e-01
9.6700e+03,5.9113e-01,9.2430e-01,2.0002e+01,2.5744e+00,3.3270e-01
9.6800e+03,5.9044e-01,9.2375e-01,2.0002e+01,2.5750e+00,3.3285e-01
9.6900e+03,5.8975e-01,9.2321e-01,2.0002e+01,2.5755e+00,3.3300e-01
9.7000e+03,5.8906e-01,9.2266e-01,2.0002e+01,2.5760e+00,3.3315e-01
9.7100e+03,5.8837e-01,9.2212e-01,2.0002e+01,2.5766e+00,3.3329e-01
9.7200e+03,5.8768e-01,9.2158e-01,2.0002e+01,2.5771e+00,3.3344e-01
9.7300e+03,5.8700e-01,9.2104e-01,2.0002e+01,2.5777e+00,3.3359e-01
9.7400e+03,5.8631e-01,9.2050e-01,2.0002e+01,2.5782e+00,3.3373e-01
9.7500e+03,5.8563e-01,9.1997e-01,2.0002e+01,2.5787e+00,3.3388e-01
9.7600e+03,5.8495e-01,9.1943e-01,2.0002e+01,2.5793e+00,3.3402e-01
9.7700e+03,5.8426e-01,9.1889e-01,2.0002e+01,2.5798e+00,3.3417e-01
9.7800e+03,5.8358e-01,9.1836e-01,2.0002e+01,2.5804e+00,3.3432e-01
9.7900e+03,5.8290e-01,9.1782e-01,2.0002e+01,2.5809e+00,3.3446e-01
9.8000e+03,5.8223e-01,9.1729e-01,2.0002e+01,2.5814e+00,3.3461e-01
9.8100e+03,5.8155e-01,9.1676e-01,2.0002e+01,2.5820e+00,3.3475e-01
9.8200e+03,5.8087e-01,9.1623e-01,2.0002e+01,2.5825e+00,3.3490e-01
9.8300e+03,5.8020e-01,9.1570e-01,2.0002e+01,2.5830e+00,3.3504e-01
9.8400e+03,5.7952e-01,9.1517e-01,2.0002e+01,2.5835e+00,3.3519e-01
9.8500e+03,5.7885e-01,9.1464e-01,2.0002e+01,2.5841e+00,3.3533e-01
9.8600e+03,5.7818e-01,9.1411e-01,2.0002e+01,2.5846e+00,3.3547e-01
9.8700e+03,5.7751e-01,9.1358e-01,2.0002e+01,2.5851e+00,3.3562e-01
9.8800e+03,5.7684e-01,9.1306e-01,2.0002e+01,2.5856e+00,3.3576e-01
9.8900e+03,5.7617e-01,9.1253e-01,2.0002e+01,2.5862e+00,3.3591e-01
9.9000e+03,5.7550e-01,9.1201e-01,2.0002e+01,2.5867e+00,3.3605e-01
9.9100e+03,5.7484e-01,9.1148e-01,2.0002e+01,2.5872e+00,3.3619e-01
9.9200e+03,5.7417e-01,9.1096e-01,2.0002e+01,2.5877e+00,3.3634e-01
9.9300e+03,5.7351e-01,9.1044e-01,2.0002e+01,2.5883e+00,3.3648e-01
9.9400e+03,5.7285e-01,9.0992e-01,2.0002e+01,2.5888e+00,3.3662e-01
9.9500e+03,5.7218e-01,9.0940e-01,2.0002e+01,2.5893e+00,3.3676e-01
9.9600e+03,5.7152e-01,9.0888e-01,2.0002e+01,2.5898e+00,3.3691e-01
9.9700e+03,5.7086e-01,9.0836e-01,2.0002e+01,2.5903e+00,3.3705e-01
9.9800e+03,5.7020e-01,9.0785e-01,2.0002e+01,2.5909e+00,3.3719e-01
9.9900e+03,5.6955e-01,9.0733e-01,2.0002e+01,2.5914e+00,3.3733e-01
1.0000e+04,5.6889e-01,9.0682e-01,2.0002e+01,2.5919e+00,3.3748e-01
1.0010e+04,5.6823e-01,9.0630e-01,2.0002e+01,2.5924e+00,3.3762e-01
1.0020e+04,5.6758e-01,9.0579e-01,2.0002e+01,2.5929e+00,3.3776e-01
1.0030e+04,5.6693e-01,9.0528e-01,2.0002e+01,2.5934e+00,3.3790e-01
1.0040e+04,5.6627e-01,9.0477e-01,2.0002e+01,2.5939e+00,3.3804e-01
1.0050e+04,5.6562e-01,9.0425e-01,2.0002e+01,2.5944e+00,3.3818e-01
1.0060e+04,5.6497e-01,9.0374e-01,2.0002e+01,2.5950e+00,3.3832e-01
1.0070e+04,5.6432e-01,9.0324e-01,2.0002e+01,2.5955e+00,3.3846e-01
1.0080e+04,5.6367e-01,9.0273e-01,2.0002e+01,2.5960e+00,3.3860e-01
1.0090e+04,5.6303e-01,9.0222e-01,2.0002e+01,2.5965e+00,3.3874e-01
1.0100e+04,5.6238e-01,9.0171e-01,2.0002e+01,2.5970e+00,3.3889e-01
1.0110e+04,5.6173e-01,9.0121e-01,2.0002e+01,2.5975e+00,3.3903e-01
1.0120e+04,5.6109e-01,9.0070e-01,2.0002e+01,2.5980e+00,3.3917e-01
1.0130e+04,5.6045e-01,9.0020e-01,2.0002e+01,2.5985e+00,3.3931e-01
1.0140e+04,5.5980e-01,8.9970e-01,2.0002e+01,2.5990e+00,3.3944e-01
1.0150e+04,5.5916e-01,8.9920e-01,2.0002e+01,2.5995e+00,3.3958e-01
1.0160e+04,5.5852e-01,8.9869e-01,2.0002e+01,2.6000e+00,3.3972e-01
1.0170e+04,5.5788e-01,8.9819e-01,2.0002e+01,2.6005e+00,3.3986e-01
1.0180e+04,5.5724e-01,8.9769e-01,2.0002e+01,2.6010e+00,3.4000e-01
1.0190e+04,5.5661e-01,8.9720e-01,2.0002e+01,2.6015e+00,3.4014e-01
1.0200e+04,5.5597e-01,8.9670e-01,2.0002e+01,2.6020e+00,3.4028e-01
1.0210e+04,5.5534e-01,8.9620e-01,2.0002e+01,2.6025e+00,3.4042e-01
1.0220e+04,5.5470e-01,8.9571e-01,2.0002e+01,2.6030e+00,3.4056e-01
1.0230e+04,5.5407e-01,8.9521e-01,2.0002e+01,2.6035e+00,3.4069e-01
1.0240e+04,5.5344e-01,8.9472e-01,2.0002e+01,2.6040e+00,3.4083e-01
1.0250e+04,5.5281e-01,8.9422e-01,2.0002e+01,2.6045e+00,3.4097e-01
1.0260e+04,5.5218e-01,8.9373e-01,2.0002e+01,2.6050e+00,3.4111e-01
1.0270e+04,5.5155e-01,8.9324e-01,2.0002e+01,2.6055e+00,3.4125e-01
1.0280e+04,5.5092e-01,8.9275e-01,2.0002e+01,2.6060e+00,3.4138e-01
1.0290e+04,5.5029e-01,8.9226e-01,2.0002e+01,2.6064e+00,3.4152e-01
1.0300e+04,5.4966e-01,8.9177e-01,2.0002e+01,2.6069e+00,3.4166e-01
1.0310e+04,5.4904e-01,8.9128e-01,2.0002e+01,2.6074e+00,3.4179e-01
1.0320e+04,5.4841e-01,8.9079e-01,2.0002e+01,2.6079e+00,3.4193e-01
1.0330e+04,5.4779e-01,8.9030e-01,2.0002e+01,2.6084e+00,3.4207e-01
1.0340e+04,5.4717e-01,8.8982e-01,2.0002e+01,2.6089e+00,3.4220e-01
1.0350e+04,5.4655e-01,8.8933e-01,2.0002e+01,2.6094e+00,3.4234e-01
1.0360e+04,5.4593e-01,8.8885e-01,2.0002e+01,2.6098e+00,3.4248e-01
1.0370e+04,5.4531e-01,8.8836e-01,2.0002e+01,2.6103e+00,3.4261e-01
1.0380e+04,5.4469e-01,8.8788e-01,2.0002e+01,2.6108e+00,3.4275e-01
1.0390e+04,5.4407e-01,8.8740e-01,2.0002e+01,2.6113e+00,3.4288e-01
1.0400e+04,5.4345e-01,8.8692e-01,2.0002e+01,2.6118e+00,3.4302e-01
1.0410e+04,5.4284e-01,8.8644e-01,2.0002e+01,2.6123e+00,3.4316e-01
1.0420e+04,5.4222e-01,8.8596e-01,2.0002e+01,2.6127e+00,3.4329e-01
1.0430e+04,5.4161e-01,8.8548e-01,2.0002e+01,2.6132e+00,3.4343e-01
1.0440e+04,5.4100e-01,8.8500e-01,2.0002e+01,2.6137e+00,3.4356e-01
1.0450e+04,5.4039e-01,8.8452e-01,2.0002e+01,2.6142e+00,3.4370e-01
1.0460e+04,5.3978e-01,8.8405e-01,2.0002e+01,2.6146e+00,3.4383e-01
1.0470e+04,5.3917e-01,8.8357e-01,2.0002e+01,2.6151e+00,3.4396e-01
1.0480e+04,5.3856e-01,8.8310e-01,2.0002e+01,2.6156e+00,3.4410e-01
1.0490e+04,5.3795e-01,8.8262e-01,2.0002e+01,2.6161e+00,3.4423e-01
1.0500e+04,5.3734e-01,8.8215e-01,2.0002e+01,2.6165e+00,3.4437e-01
1.0510e+04,5.3674e-01,8.8168e-01,2.0002e+01,2.6170e+00,3.4450e-01
1.0520e+04,5.3613e-01,8.8120e-01,2.0002e+01,2.6175e+00,3.4463e-01
1.0530e+04,5.3553e-01,8.8073e-01,2.0002e+01,2.6180e+00,3.4477e-01
1.0540e+04,5.3492e-01,8.8026e-01,2.0002e+01,2.6184e+00,3.4490e-01
1.0550e+04,5.3432e-01,8.7979e-01,2.0002e+01,2.6189e+00,3.4503e-01
1.0560e+04,5.3372e-01,8.7933e-01,2.0002e+01,2.6194e+00,3.4517e-01
1.0570e+04,5.3312e-01,8.7886e-01,2.0002e+01,2.6198e+00,3.4530e-01
1.0580e+04,5.3252e-01,8.7839e-01,2.0002e+01,2.6203e+00,3.4543e-01
1.0590e+04,5.3192e-01,8.7792e-01,2.0002e+01,2.6208e+00,3.4557e-01
1.0600e+04,5.3132e-01,8.7746e-01,2.0002e+01,2.6212e+00,3.4570e-01
1.0610e+04,5.3072e-01,8.7699e-01,2.0002e+01,2.6217e+00,3.4583e-01
1.0620e+04,5.3013e-01,8.7653e-01,2.0002e+01,2.6222e+00,3.4596e-01
1.0630e+04,5.2953e-01,8.7607e-01,2.0002e+01,2.6226e+00,3.4610e-01
1.0640e+04,5.2894e-01,8.7560e-01,2.0002e+01,2.6231e+00,3.4623e-01
1.0650e+04,5.2835e-01,8.7514e-01,2.0002e+01,2.6235e+00,3.4636e-01
1.0660e+04,5.2775e-01,8.7468e-01,2.0002e+01,2.6240e+00,3.4649e-01
1.0670e+04,5.2716e-01,8.7422e-01,2.0002e+01,2.6245e+00,3.4662e-01
1.0680e+04,5.2657e-01,8.7376e-01,2.0002e+01,2.6249e+00,3.4675e-01
1.0690e+04,5.2598e-01,8.7330e-01,2.0002e+01,2.6254e+00,3.4688e-01
1.0700e+04,5.2539e-01,8.7285e-01,2.0002e+01,2.6258e+00,3.4702e-01
1.0710e+04,5.2481e-01,8.7239e-01,2.0002e+01,2.6263e+00,3.4715e-01
1.0720e+04,5.2422e-01,8.7193e-01,2.0002e+01,2.6268e+00,3.4728e-01
1.0730e+04,5.2363e-01,8.7148e-01,2.0002e+01,2.6272e+00,3.4741e-01
1.0740e+04,5.2305e-01,8.7102e-01,2.0002e+01,2.6277e+00,3.4754e-01
1.0750e+04,5.2246e-01,8.7057e-01,2.0002e+01,2.6281e+00,3.4767e-01
1.0760e+04,5.2188e-01,8.7011e-01,2.0002e+01,2.6286e+00,3.4780e-01
1.0770e+04,5.2130e-01,8.6966e-01,2.0002e+01,2.6290e+00,3.4793e-01
1.0780e+04,5.2072e-01,8.6921e-01,2.0002e+01,2.6295e+00,3.4806e-01
1.0790e+04,5.2014e-01,8.6876e-01,2.0002e+01,2.6299e+00,3.4819e-01
1.0800e+04,5.1956e-01,8.6831e-01,2.0002e+01,2.6304e+00,3.4832e-01
1.0810e+04,5.1898e-01,8.6786e-01,2.0002e+01,2.6308e+00,3.4845e-01
1.0820e+04,5.1840e-01,8.6741e-01,2.0002e+01,2.6313e+00,3.4858e-01
1.0830e+04,5.1782e-01,8.6696e-01,2.0002e+01,2.6317e+00,3.4871e-01
1.0840e+04,5.1725e-01,8.6651e-01,2.0002e+01,2.6322e+00,3.4884e-01
1.0850e+04,5.1667e-01,8.6607e-01,2.0002e+01,2.6326e+00,3.4896e-01
1.0860e+04,5.1610e-01,8.6562e-01,2.0002e+01,2.6331e+00,3.4909e-01
1.0870e+04,5.1552e-01,8.6517e-01,2.0002e+01,2.6335e+00,3.4922e-01
1.0880e+04,5.1495e-01,8.6473e-01,2.0002e+01,2.6340e+00,3.4935e-01
1.0890e+04,5.1438e-01,8.6429e-01,2.0002e+01,2.6344e+00,3.4948e-01
1.0900e+04,5.1381e-01,8.6384e-01,2.0002e+01,2.6348e+00,3.4961e-01
1.0910e+04,5.1324e-01,8.6340e-01,2.0002e+01,2.6353e+00,3.4973e-01
1.0920e+04,5.1267e-01,8.6296e-01,2.0002e+01,2.6357e+00,3.4986e-01
1.0930e+04,5.1210e-01,8.6252e-01,2.0002e+01,2.6362e+00,3.4999e-01
1.0940e+04,5.1153e-01,8.6208e-01,2.0002e+01,2.6366e+00,3.5012e-01
1.0950e+04,5.1096e-01,8.6164e-01,2.0002e+01,2.6370e+00,3.5025e-01
1.0960e+04,5.1040e-01,8.6120e-01,2.0002e+01,2.6375e+00,3.5037e-01
1.0970e+04,5.0983e-01,8.6076e-01,2.0002e+01,2.6379e+00,3.5050e-01
1.0980e+04,5.0927e-01,8.6032e-01,2.0002e+01,2.6384e+00,3.5063e-01
1.0990e+04,5.0870e-01,8.5989e-01,2.0002e+01,2.6388e+00,3.5075e-01
1.1000e+04,5.0814e-01,8.5945e-01,2.0002e+01,2.6392e+00,3.5088e-01
1.1010e+04,5.0758e-01,8.5902e-01,2.0002e+01,2.6397e+00,3.5101e-01
1.1020e+04,5.0702e-01,8.5858e-01,2.0002e+01,2.6401e+00,3.5113e-01
1.1030e+04,5.0646e-01,8.5815e-01,2.0002e+01,2.6405e+00,3.5126e-01
1.1040e+04,5.0590e-01,8.5771e-01,2.0002e+01,2.6410e+00,3.5139e-01
1.1050e+04,5.0534e-01,8.5728e-01,2.0002e+01,2.6414e+00,3.5151e-01
1.1060e+04,5.0478e-01,8.5685e-01,2.0002e+01,2.6418e+00,3.5164e-01
1.1070e+04,5.0423e-01,8.5642e-01,2.0002e+01,2.6423e+00,3.5176e-01
1.1080e+04,5.0367e-01,8.5599e-01,2.0002e+01,2.6427e+00,3.5189e-01
1.1090e+04,5.0312e-01,8.5556e-01,2.0002e+01,2.6431e+00,3.5201e-01
1.1100e+04,5.0256e-01,8.5513e-01,2.0002e+01,2.6435e+00,3.5214e-01
1.1110e+04,5.0201e-01,8.5470e-01,2.0002e+01,2.6440e+00,3.5227e-01
1.1120e+04,5.0146e-01,8.5427e-01,2.0002e+01,2.6444e+00,3.5239e-01
1.1130e+04,5.0090e-01,8.5385e-01,2.0002e+01,2.6448e+00,3.5252e-01
1.1140e+04,5.0035e-01,8.5342e-01,2.0002e+01,2.6453e+00,3.5264e-01
1.1150e+04,4.9980e-01,8.5299e-01,2.0002e+01,2.6457e+00,3.5276e-01
1.1160e+04,4.9925e-01,8.5257e-01,2.0002e+01,2.6461e+00,3.5289e-01
1.1170e+04,4.9870e-01,8.5214e-01,2.0002e+01,2.6465e+00,3.5301e-01
1.1180e+04,4.9816e-01,8.5172e-01,2.0002e+01,2.6470e+00,3.5314e-01
1.1190e+04,4.9761e-01,8.5130e-01,2.0002e+01,2.6474e+00,3.5326e-01
1.1200e+04,4.9706e-01,8.5087e-01,2.0002e+01,2.6478e+00,3.5339e-01
1.1210e+04,4.9652e-01,8.5045e-01,2.0002e+01,2.6482e+00,3.5351e-01
1.1220e+04,4.9597e-01,8.5003e-01,2.0002e+01,2.6486e+00,3.5363e-01
1.1230e+04,4.9543e-01,8.4961e-01,2.0002e+01,2.6491e+00,3.5376e-01
1.1240e+04,4.9489e-01,8.4919e-01,2.0002e+01,2.6495e+00,3.5388e-01
1.1250e+04,4.9435e-01,8.4877e-01,2.0002e+01,2.6499e+00,3.5400e-01
1.1260e+04,4.9380e-01,8.4835e-01,2.0002e+01,2.6503e+00,3.5413e-01
1.1270e+04,4.9326e-01,8.4794e-01,2.0002e+01,2.6507e+00,3.5425e-01
1.1280e+04,4.9272e-01,8.4752e-01,2.0002e+01,2.6512e+00,3.5437e-01
1.1290e+04,4.9219e-01,8.4710e-01,2.0002e+01,2.6516e+00,3.5450e-01
1.1300e+04,4.9165e-01,8.4669e-01,2.0002e+01,2.6520e+00,3.5462e-01
1.1310e+04,4.9111e-01,8.4627e-01,2.0002e+01,2.6524e+00,3.5474e-01
1.1320e+04,4.9057e-01,8.4586e-01,2.0002e+01,2.6528e+00,3.5486e-01
1.1330e+04,4.9004e-01,8.4545e-01,2.0002e+01,2.6532e+00,3.5499e-01
1.1340e+04,4.8950e-01,8.4503e-01,2.0002e+01,2.6536e+00,3.5511e-01
1.1350e+04,4.8897e-01,8.4462e-01,2.0002e+01,2.6541e+00,3.5523e-01
1.1360e+04,4.8844e-01,8.4421e-01,2.0002e+01,2.6545e+00,3.5535e-01
1.1370e+04,4.8790e-01,8.4380e-01,2.0002e+01,2.6549e+00,3.5547e-01
1.1380e+04,4.8737e-01,8.4339e-01,2.0002e+01,2.6553e+00,3.5559e-01
1.1390e+04,4.8684e-01,8.4298e-01,2.0002e+01,2.6557e+00,3.5572e-01
1.1400e+04,4.8631e-01,8.4257e-01,2.0002e+01,2.6561e+00,3.5584e-01
1.1410e+04,4.8578e-01,8.4216e-01,2.0002e+01,2.6565e+00,3.5596e-01
1.1420e+04,4.8525e-01,8.4175e-01,2.0002e+01,2.6569e+00,3.5608e-01
1.1430e+04,4.8472e-01,8.4134e-01,2.0002e+01,2.6573e+00,3.5620e-01
1.1440e+04,4.8420e-01,8.4094e-01,2.0002e+01,2.6577e+00,3.5632e-01
1.1450e+04,4.8367e-01,8.4053e-01,2.0002e+01,2.6581e+00,3.5644e-01
1.1460e+04,4.8314e-01,8.4013e-01,2.0002e+01,2.6585e+00,3.5656e-01
1.1470e+04,4.8262e-01,8.3972e-01,2.0002e+01,2.6589e+00,3.5668e-01
1.1480e+04,4.8210e-01,8.3932e-01,2.0002e+01,2.6594e+00,3.5680e-01
1.1490e+04,4.8157e-01,8.3891e-01,2.0002e+01,2.6598e+00,3.5692e-01
1.1500e+04,4.8105e-01,8.3851e-01,2.0002e+01,2.6602e+00,3.5704e-01
1.1510e+04,4.8053e-01,8.3811e-01,2.0002e+01,2.6606e+00,3.5716e-01
1.1520e+04,4.8001e-01,8.3771e-01,2.0002e+01,2.6610e+00,3.5728e-01
1.1530e+04,4.7949e-01,8.3731e-01,2.0002e+01,2.6614e+00,3.5740e-01
1.1540e+04,4.7897e-01,8.3691e-01,2.0002e+01,2.6618e+00,3.5752e-01
1.1550e+04,4.7845e-01,8.3651e-01,2.0002e+01,2.6622e+00,3.5764e-01
1.1560e+04,4.7793e-01,8.3611e-01,2.0002e+01,2.6626e+00,3.5776e-01
1.1570e+04,4.7741e-01,8.3571e-01,2.0002e+01,2.6630e+00,3.5788e-01
1.1580e+04,4.7690e-01,8.3531e-01,2.0002e+01,2.6634e+00,3.5800e-01
1.1590e+04,4.7638e-01,8.3491e-01,2.0002e+01,2.6638e+00,3.5812e-01
1.1600e+04,4.7587e-01,8.3452e-01,2.0002e+01,2.6641e+00,3.5824e-01
1.1610e+04,4.7535e-01,8.3412e-01,2.0002e+01,2.6645e+00,3.5835e-01
1.1620e+04,4.7484e-01,8.3373e-01,2.0002e+01,2.6649e+00,3.5847e-01
1.1630e+04,4.7432e-01,8.3333e-01,2.0002e+01,2.6653e+00,3.5859e-01
1.1640e+04,4.7381e-01,8.3294e-01,2.0002e+01,2.6657e+00,3.5871e-01
1.1650e+04,4.7330e-01,8.3254e-01,2.0002e+01,2.6661e+00,3.5883e-01
1.1660e+04,4.7279e-01,8.3215e-01,2.0002e+01,2.6665e+00,3.5895e-01
1.1670e+04,4.7228e-01,8.3176e-01,2.0002e+01,2.6669e+00,3.5906e-01
1.1680e+04,4.7177e-01,8.3137e-01,2.0002e+01,2.6673e+00,3.5918e-01
1.1690e+04,4.7126e-01,8.3098e-01,2.0002e+01,2.6677e+00,3.5930e-01
1.1700e+04,4.7076e-01,8.3059e-01,2.0002e+01,2.6681e+00,3.5942e-01
1.1710e+04,4.7025e-01,8.3020e-01,2.0002e+01,2.6685e+00,3.5953e-01
1.1720e+04,4.6974e-01,8.2981e-01,2.0002e+01,2.6689e+00,3.5965e-01
1.1730e+04,4.6924e-01,8.2942e-01,2.0002e+01,2.6692e+00,3.5977e-01
1.1740e+04,4.6873e-01,8.2903e-01,2.0002e+01,2.6696e+00,3.5988e-01
1.1750e+04,4.6823e-01,8.2864e-01,2.0002e+01,2.6700e+00,3.6000e-01
1.1760e+04,4.6772e-01,8.2826e-01,2.0002e+01,2.6704e+00,3.6012e-01
1.1770e+04,4.6722e-01,8.2787e-01,2.0002e+01,2.6708e+00,3.6023e-01
1.1780e+04,4.6672e-01,8.2748e-01,2.0002e+01,2.6712e+00,3.6035e-01
1.1790e+04,4.6622e-01,8.2710e-01,2.0002e+01,2.6716e+00,3.6047e-01
1.1800e+04,4.6572e-01,8.2672e-01,2.0002e+01,2.6719e+00,3.6058e-01
1.1810e+04,4.6522e-01,8.2633e-01,2.0002e+01,2.6723e+00,3.6070e-01
1.1820e+04,4.6472e-01,8.2595e-01,2.0002e+01,2.6727e+00,3.6082e-01
1.1830e+04,4.6422e-01,8.2557e-01,2.0002e+01,2.6731e+00,3.6093e-01
1.1840e+04,4.6372e-01,8.2518e-01,2.0002e+01,2.6735e+00,3.6105e-01
1.1850e+04,4.6323e-01,8.2480e-01,2.0002e+01,2.6739e+00,3.6116e-01
1.1860e+04,4.6273e-01,8.2442e-01,2.0002e+01,2.6742e+00,3.6128e-01
1.1870e+04,4.6224e-01,8.2404e-01,2.0002e+01,2.6746e+00,3.6139e-01
1.1880e+04,4.6174e-01,8.2366e-01,2.0002e+01,2.6750e+00,3.6151e-01
1.1890e+04,4.6125e-01,8.2328e-01,2.0002e+01,2.6754e+00,3.6162e-01
1.1900e+04,4.6075e-01,8.2290e-01,2.0002e+01,2.6758e+00,3.6174e-01
1.1910e+04,4.6026e-01,8.2253e-01,2.0002e+01,2.6761e+00,3.6185e-01
1.1920e+04,4.5977e-01,8.2215e-01,2.0002e+01,2.6765e+00,3.6197e-01
1.1930e+04,4.5928e-01,8.2177e-01,2.0002e+01,2.6769e+00,3.6208e-01
1.1940e+04,4.5879e-01,8.2139e-01,2.0002e+01,2.6773e+00,3.6220e-01
1.1950e+04,4.5830e-01,8.2102e-01,2.0002e+01,2.6776e+00,3.6231e-01
1.1960e+04,4.5781e-01,8.2064e-01,2.0002e+01,2.6780e+00,3.6243e-01
1.1970e+04,4.5732e-01,8.2027e-01,2.0002e+01,2.6784e+00,3.6254e-01
1.1980e+04,4.5683e-01,8.1989e-01,2.0002e+01,2.6788e+00,3.6265e-01
1.1990e+04,4.5634e-01,8.1952e-01,2.0002e+01,2.6791e+00,3.6277e-01
1.2000e+04,4.5586e-01,8.1915e-01,2.0002e+01,2.6795e+00,3.6288e-01
1.2010e+04,4.5537e-01,8.1878e-01,2.0002e+01,2.6799e+00,3.6299e-01
1.2020e+04,4.5489e-01,8.1840e-01,2.0002e+01,2.6803e+00,3.6311e-01
1.2030e+04,4.5440e-01,8.1803e-01,2.0002e+01,2.6806e+00,3.6322e-01
1.2040e+04,4.5392e-01,8.1766e-01,2.0002e+01,2.6810e+00,3.6333e-01
1.2050e+04,4.5344e-01,8.1729e-01,2.0002e+01,2.6814e+00,3.6345e-01
1.2060e+04,4.5295e-01,8.1692e-01,2.0002e+01,2.6817e+00,3.6356e-01
1.2070e+04,4.5247e-01,8.1655e-01,2.0002e+01,2.6821e+00,3.6367e-01
1.2080e+04,4.5199e-01,8.1619e-01,2.0002e+01,2.6825e+00,3.6379e-01
1.2090e+04,4.5151e-01,8.1582e-01,2.0002e+01,2.6828e+00,3.6390e-01
1.2100e+04,4.5103e-01,8.1545e-01,2.0002e+01,2.6832e+00,3.6401e-01
1.2110e+04,4.5055e-01,8.1508e-01,2.0002e+01,2.6836e+00,3.6412e-01
1.2120e+04,4.5007e-01,8.1472e-01,2.0002e+01,2.6839e+00,3.6424e-01
1.2130e+04,4.4960e-01,8.1435e-01,2.0002e+01,2.6843e+00,3.6435e-01
1.2140e+04,4.4912e-01,8.1399e-01,2.0002e+01,2.6847e+00,3.6446e-01
1.2150e+04,4.4864e-01,8.1362e-01,2.0002e+01,2.6850e+00,3.6457e-01
1.2160e+04,4.4817e-01,8.1326e-01,2.0002e+01,2.6854e+00,3.6468e-01
1.2170e+04,4.4769e-01,8.1290e-01,2.0002e+01,2.6858e+00,3.6480e-01
1.2180e+04,4.4722e-01,8.1253e-01,2.0002e+01,2.6861e+00,3.6491e-01
1.2190e+04,4.4675e-01,8.1217e-01,2.0002e+01,2.6865e+00,3.6502e-01
1.2200e+04,4.4627e-01,8.1181e-01,2.0002e+01,2.6868e+00,3.6513e-01
1.2210e+04,4.4580e-01,8.1145e-01,2.0002e+01,2.6872e+00,3.6524e-01
1.2220e+04,4.4533e-01,8.1109e-01,2.0002e+01,2.6876e+00,3.6535e-01
1.2230e+04,4.4486e-01,8.1073e-01,2.0002e+01,2.6879e+00,3.6546e-01
1.2240e+04,4.4439e-01,8.1037e-01,2.0002e+01,2.6883e+00,3.6557e-01
1.2250e+04,4.4392e-01,8.1001e-01,2.0002e+01,2.6886e+00,3.6569e-01
1.2260e+04,4.4345e-01,8.0965e-01,2.0002e+01,2.6890e+00,3.6580e-01
1.2270e+04,4.4298e-01,8.0929e-01,2.0002e+01,2.6894e+00,3.6591e-01
1.2280e+04,4.4251e-01,8.0893e-01,2.0002e+01,2.6897e+00,3.6602e-01
1.2290e+04,4.4205e-01,8.0858e-01,2.0002e+01,2.6901e+00,3.6613e-01
1.2300e+04,4.4158e-01,8.0822e-01,2.0002e+01,2.6904e+00,3.6624e-01
1.2310e+04,4.4111e-01,8.0786e-01,2.0002e+01,2.6908e+00,3.6635e-01
1.2320e+04,4.4065e-01,8.0751e-01,2.0002e+01,2.6911e+00,3.6646e-01
1.2330e+04,4.4018e-01,8.0715e-01,2.0002e+01,2.6915e+00,3.6657e-01
1.2340e+04,4.3972e-01,8.0680e-01,2.0002e+01,2.6919e+00,3.6668e-01
1.2350e+04,4.3926e-01,8.0645e-01,2.0002e+01,2.6922e+00,3.6679e-01
1.2360e+04,4.3880e-01,8.0609e-01,2.0002e+01,2.6926e+00,3.6690e-01
1.2370e+04,4.3833e-01,8.0574e-01,2.0002e+01,2.6929e+00,3.6701e-01
1.2380e+04,4.3787e-01,8.0539e-01,2.0002e+01,2.6933e+00,3.6711e-01
1.2390e+04,4.3741e-01,8.0504e-01,2.0002e+01,2.6936e+00,3.6722e-01
1.2400e+04,4.3695e-01,8.0469e-01,2.0002e+01,2.6940e+00,3.6733e-01
1.2410e+04,4.3649e-01,8.0434e-01,2.0002e+01,2.6943e+00,3.6744e-01
1.2420e+04,4.3603e-01,8.0399e-01,2.0002e+01,2.6947e+00,3.6755e-01
1.2430e+04,4.3558e-01,8.0364e-01,2.0002e+01,2.6950e+00,3.6766e-01
1.2440e+04,4.3512e-01,8.0329e-01,2.0002e+01,2.6954e+00,3.6777e-01
1.2450e+04,4.3466e-01,8.0294e-01,2.0002e+01,2.6957e+00,3.6788e-01
1.2460e+04,4.3421e-01,8.0259e-01,2.0002e+01,2.6961e+00,3.6798e-01
1.2470e+04,4.3375e-01,8.0224e-01,2.0002e+01,2.6964e+00,3.6809e-01
1.2480e+04,4.3330e-01,8.0190e-01,2.0002e+01,2.6968e+00,3.6820e-01
1.2490e+04,4.3284e-01,8.0155e-01,2.0002e+01,2.6971e+00,3.6831e-01
1.2500e+04,4.3239e-01,8.0120e-01,2.0002e+01,2.6974e+00,3.6842e-01
1.2510e+04,4.3193e-01,8.0086e-01,2.0002e+01,2.6978e+00,3.6852e-01
1.2520e+04,4.3148e-01,8.0051e-01,2.0002e+01,2.6981e+00,3.6863e-01
1.2530e+04,4.3103e-01,8.0017e-01,2.0002e+01,2.6985e+00,3.6874e-01
1.2540e+04,4.3058e-01,7.9983e-01,2.0002e+01,2.6988e+00,3.6885e-01
1.2550e+04,4.3013e-01,7.9948e-01,2.0002e+01,2.6992e+00,3.6895e-01
1.2560e+04,4.2968e-01,7.9914e-01,2.0002e+01,2.6995e+00,3.6906e-01
1.2570e+04,4.2923e-01,7.9880e-01,2.0002e+01,2.6999e+00,3.6917e-01
1.2580e+04,4.2878e-01,7.9845e-01,2.0002e+01,2.7002e+00,3.6928e-01
1.2590e+04,4.2833e-01,7.9811e-01,2.0002e+01,2.7005e+00,3.6938e-01
1.2600e+04,4.2789e-01,7.9777e-01,2.0002e+01,2.7009e+00,3.6949e-01
1.2610e+04,4.2744e-01,7.9743e-01,2.0002e+01,2.7012e+00,3.6960e-01
1.2620e+04,4.2699e-01,7.9709e-01,2.0002e+01,2.7016e+00,3.6970e-01
1.2630e+04,4.2655e-01,7.9675e-01,2.0002e+01,2.7019e+00,3.6981e-01
1.2640e+04,4.2610e-01,7.9641e-01,2.0002e+01,2.7022e+00,3.6991e-01
1.2650e+04,4.2566e-01,7.9608e-01,2.0002e+01,2.7026e+00,3.7002e-01
1.2660e+04,4.2521e-01,7.9574e-01,2.0002e+01,2.7029e+00,3.7013e-01
1.2670e+04,4.2477e-01,7.9540e-01,2.0002e+01,2.7032e+00,3.7023e-01
1.2680e+04,4.2433e-01,7.9506e-01,2.0002e+01,2.7036e+00,3.7034e-01
1.2690e+04,4.2389e-01,7.9473e-01,2.0002e+01,2.7039e+00,3.7044e-01
1.2700e+04,4.2344e-01,7.9439e-01,2.0002e+01,2.7043e+00,3.7055e-01
1.2710e+04,4.2300e-01,7.9406e-01,2.0002e+01,2.7046e+00,3.7066e-01
1.2720e+04,4.2256e-01,7.9372e-01,2.0002e+01,2.7049e+00,3.7076e-01
1.2730e+04,4.2212e-01,7.9339e-01,2.0002e+01,2.7053e+00,3.7087e-01
1.2740e+04,4.2169e-01,7.9305e-01,2.0002e+01,2.7056e+00,3.7097e-01
1.2750e+04,4.2125e-01,7.9272e-01,2.0002e+01,2.7059e+00,3.7108e-01
1.2760e+04,4.2081e-01,7.9239e-01,2.0002e+01,2.7063e+00,3.7118e-01
1.2770e+04,4.2037e-01,7.9205e-01,2.0002e+01,2.7066e+00,3.7129e-01
1.2780e+04,4.1994e-01,7.9172e-01,2.0002e+01,2.7069e+00,3.7139e-01
1.2790e+04,4.1950e-01,7.9139e-01,2.0002e+01,2.7073e+00,3.7150e-01
1.2800e+04,4.1906e-01,7.9106e-01,2.0002e+01,2.7076e+00,3.7160e-01
1.2810e+04,4.1863e-01,7.9073e-01,2.0002e+01,2.7079e+00,3.7170e-01
1.2820e+04,4.1819e-01,7.9040e-01,2.0002e+01,2.7082e+00,3.7181e-01
1.2830e+04,4.1776e-01,7.9007e-01,2.0002e+01,2.7086e+00,3.7191e-01
1.2840e+04,4.1733e-01,7.8974e-01,2.0002e+01,2.7089e+00,3.7202e-01
1.2850e+04,4.1690e-01,7.8941e-01,2.0002e+01,2.7092e+00,3.7212e-01
1.2860e+04,4.1646e-01,7.8908e-01,2.0002e+01,2.7096e+00,3.7223e-01
1.2870e+04,4.1603e-01,7.8876e-01,2.0002e+01,2.7099e+00,3.7233e-01
1.2880e+04,4.1560e-01,7.8843e-01,2.0002e+01,2.7102e+00,3.7243e-01
1.2890e+04,4.1517e-01,7.8810e-01,2.0002e+01,2.7105e+00,3.7254e-01
1.2900e+04,4.1474e-01,7.8777e-01,2.0002e+01,2.7109e+00,3.7264e-01
1.2910e+04,4.1431e-01,7.8745e-01,2.0002e+01,2.7112e+00,3.7274e-01
1.2920e+04,4.1388e-01,7.8712e-01,2.0002e+01,2.7115e+00,3.7285e-01
1.2930e+04,4.1346e-01,7.8680e-01,2.0002e+01,2.7118e+00,3.7295e-01
1.2940e+04,4.1303e-01,7.8647e-01,2.0002e+01,2.7122e+00,3.7305e-01
1.2950e+04,4.1260e-01,7.8615e-01,2.0002e+01,2.7125e+00,3.7316e-01
1.2960e+04,4.1218e-01,7.8583e-01,2.0002e+01,2.7128e+00,3.7326e-01
1.2970e+04,4.1175e-01,7.8550e-01,2.0002e+01,2.7131e+00,3.7336e-01
1.2980e+04,4.1133e-01,7.8518e-01,2.0002e+01,2.7135e+00,3.7346e-01
1.2990e+04,4.1090e-01,7.8486e-01,2.0002e+01,2.7138e+00,3.7357e-01
1.3000e+04,4.1048e-01,7.8454e-01,2.0002e+01,2.7141e+00,3.7367e-01
1.3010e+04,4.1005e-01,7.8422e-01,2.0002e+01,2.7144e+00,3.7377e-01
1.3020e+04,4.0963e-01,7.8390e-01,2.0002e+01,2.7147e+00,3.7387e-01
1.3030e+04,4.0921e-01,7.8358e-01,2.0002e+01,2.7151e+00,3.7398e-01
1.3040e+04,4.0879e-01,7.8326e-01,2.0002e+01,2.7154e+00,3.7408e-01
1.3050e+04,4.0837e-01,7.8294e-01,2.0002e+01,2.7157e+00,3.7418e-01
1.3060e+04,4.0795e-01,7.8262e-01,2.0002e+01,2.7160e+00,3.7428e-01
1.3070e+04,4.0753e-01,7.8230e-01,2.0002e+01,2.7163e+00,3.7438e-01
1.3080e+04,4.0711e-01,7.8198e-01,2.0002e+01,2.7167e+00,3.7448e-01
1.3090e+04,4.0669e-01,7.8166e-01,2.0002e+01,2.7170e+00,3.7459e-01
1.3100e+04,4.0627e-01,7.8135e-01,2.0002e+01,2.7173e+00,3.7469e-01
1.3110e+04,4.0585e-01,7.8103e-01,2.0002e+01,2.7176e+00,3.7479e-01
1.3120e+04,4.0544e-01,7.8072e-01,2.0002e+01,2.7179e+00,3.7489e-01
1.3130e+04,4.0502e-01,7.8040e-01,2.0002e+01,2.7182e+00,3.7499e-01
1.3140e+04,4.0460e-01,7.8008e-01,2.0002e+01,2.7186e+00,3.7509e-01
1.3150e+04,4.0419e-01,7.7977e-01,2.0002e+01,2.7189e+00,3.7519e-01
1.3160e+04,4.0377e-01,7.7946e-01,2.0002e+01,2.7192e+00,3.7529e-01
1.3170e+04,4.0336e-01,7.7914e-01,2.0002e+01,2.7195e+00,3.7539e-01
1.3180e+04,4.0295e-01,7.7883e-01,2.0002e+01,2.7198e+00,3.7549e-01
1.3190e+04,4.0253e-01,7.7852e-01,2.0002e+01,2.7201e+00,3.7559e-01
1.3200e+04,4.0212e-01,7.7820e-01,2.0002e+01,2.7204e+00,3.7569e-01
1.3210e+04,4.0171e-01,7.7789e-01,2.0002e+01,2.7207e+00,3.7579e-01
1.3220e+04,4.0130e-01,7.7758e-01,2.0002e+01,2.7211e+00,3.7589e-01
1.3230e+04,4.0089e-01,7.7727e-01,2.0002e+01,2.7214e+00,3.7599e-01
1.3240e+04,4.0047e-01,7.7696e-01,2.0002e+01,2.7217e+00,3.7609e-01
1.3250e+04,4.0006e-01,7.7665e-01,2.0002e+01,2.7220e+00,3.7619e-01
1.3260e+04,3.9966e-01,7.7634e-01,2.0002e+01,2.7223e+00,3.7629e-01
1.3270e+04,3.9925e-01,7.7603e-01,2.0002e+01,2.7226e+00,3.7639e-01
1.3280e+04,3.9884e-01,7.7572e-01,2.0002e+01,2.7229e+00,3.7649e-01
1.3290e+04,3.9843e-01,7.7541e-01,2.0002e+01,2.7232e+00,3.7659e-01
1.3300e+04,3.9802e-01,7.7510e-01,2.0002e+01,2.7235e+00,3.7669e-01
1.3310e+04,3.9762e-01,7.7479e-01,2.0002e+01,2.7238e+00,3.7679e-01
1.3320e+04,3.9721e-01,7.7449e-01,2.0002e+01,2.7242e+00,3.7689e-01
1.3330e+04,3.9680e-01,7.7418e-01,2.0002e+01,2.7245e+00,3.7699e-01
1.3340e+04,3.9640e-01,7.7387e-01,2.0002e+01,2.7248e+00,3.7709e-01
1.3350e+04,3.9600e-01,7.7357e-01,2.0002e+01,2.7251e+00,3.7719e-01
1.3360e+04,3.9559e-01,7.7326e-01,2.0002e+01,2.7254e+00,3.7729e-01
1.3370e+04,3.9519e-01,7.7296e-01,2.0002e+01,2.7257e+00,3.7738e-01
1.3380e+04,3.9478e-01,7.7265e-01,2.0002e+01,2.7260e+00,3.7748e-01
1.3390e+04,3.9438e-01,7.7235e-01,2.0002e+01,2.7263e+00,3.7758e-01
1.3400e+04,3.9398e-01,7.7205e-01,2.0002e+01,2.7266e+00,3.7768e-01
1.3410e+04,3.9358e-01,7.7174e-01,2.0002e+01,2.7269e+00,3.7778e-01
1.3420e+04,3.9318e-01,7.7144e-01,2.0002e+01,2.7272e+00,3.7788e-01
1.3430e+04,3.9278e-01,7.7114e-01,2.0002e+01,2.7275e+00,3.7797e-01
1.3440e+04,3.9238e-01,7.7083e-01,2.0002e+01,2.7278e+00,3.7807e-01
1.3450e+04,3.9198e-01,7.7053e-01,2.0002e+01,2.7281e+00,3.7817e-01
1.3460e+04,3.9158e-01,7.7023e-01,2.0002e+01,2.7284e+00,3.7827e-01
1.3470e+04,3.9118e-01,7.6993e-01,2.0002e+01,2.7287e+00,3.7836e-01
1.3480e+04,3.9078e-01,7.6963e-01,2.0002e+01,2.7290e+00,3.7846e-01
1.3490e+04,3.9039e-01,7.6933e-01,2.0002e+01,2.7293e+00,3.7856e-01
1.3500e+04,3.8999e-01,7.6903e-01,2.0002e+01,2.7296e+00,3.7866e-01
1.3510e+04,3.8959e-01,7.6873e-01,2.0002e+01,2.7299e+00,3.7875e-01
1.3520e+04,3.8920e-01,7.6843e-01,2.0002e+01,2.7302e+00,3.7885e-01
1.3530e+04,3.8880e-01,7.6814e-01,2.0002e+01,2.7305e+00,3.7895e-01
1.3540e+04,3.8841e-01,7.6784e-01,2.0002e+01,2.7308e+00,3.7905e-01
1.3550e+04,3.8802e-01,7.6754e-01,2.0002e+01,2.7311e+00,3.7914e-01
1.3560e+04,3.8762e-01,7.6724e-01,2.0002e+01,2.7314e+00,3.7924e-01
1.3570e+04,3.8723e-01,7.6695e-01,2.0002e+01,2.7317e+00,3.7934e-01
1.3580e+04,3.8684e-01,7.6665e-01,2.0002e+01,2.7320e+00,3.7943e-01
1.3590e+04,3.8644e-01,7.6635e-01,2.0002e+01,2.7323e+00,3.7953e-01
1.3600e+04,3.8605e-01,7.6606e-01,2.0002e+01,2.7326e+00,3.7962e-01
1.3610e+04,3.8566e-01,7.6576e-01,2.0002e+01,2.7329e+00,3.7972e-01
1.3620e+04,3.8527e-01,7.6547e-01,2.0002e+01,2.7332e+00,3.7982e-01
1.3630e+04,3.8488e-01,7.6518e-01,2.0002e+01,2.7335e+00,3.7991e-01
1.3640e+04,3.8449e-01,7.6488e-01,2.0002e+01,2.7338e+00,3.8001e-01
1.3650e+04,3.8410e-01,7.6459e-01,2.0002e+01,2.7340e+00,3.8010e-01
1.3660e+04,3.8371e-01,7.6430e-01,2.0002e+01,2.7343e+00,3.8020e-01
1.3670e+04,3.8333e-01,7.6400e-01,2.0002e+01,2.7346e+00,3.8030e-01
1.3680e+04,3.8294e-01,7.6371e-01,2.0002e+01,2.7349e+00,3.8039e-01
1.3690e+04,3.8255e-01,7.6342e-01,2.0002e+01,2.7352e+00,3.8049e-01
1.3700e+04,3.8217e-01,7.6313e-01,2.0002e+01,2.7355e+00,3.8058e-01
1.3710e+04,3.8178e-01,7.6284e-01,2.0002e+01,2.7358e+00,3.8068e-01
1.3720e+04,3.8139e-01,7.6255e-01,2.0002e+01,2.7361e+00,3.8077e-01
1.3730e+04,3.8101e-01,7.6226e-01,2.0002e+01,2.7364e+00,3.8087e-01
1.3740e+04,3.8063e-01,7.6197e-01,2.0002e+01,2.7367e+00,3.8096e-01
1.3750e+04,3.8024e-01,7.6168e-01,2.0002e+01,2.7370e+00,3.8106e-01
1.3760e+04,3.7986e-01,7.6139e-01,2.0002e+01,2.7372e+00,3.8115e-01
1.3770e+04,3.7947e-01,7.6110e-01,2.0002e+01,2.7375e+00,3.8125e-01
1.3780e+04,3.7909e-01,7.6081e-01,2.0002e+01,2.7378e+00,3.8134e-01
1.3790e+04,3.7871e-01,7.6053e-01,2.0002e+01,2.7381e+00,3.8144e-01
1.3800e+04,3.7833e-01,7.6024e-01,2.0002e+01,2.7384e+00,3.8153e-01
1.3810e+04,3.7795e-01,7.5995e-01,2.0002e+01,2.7387e+00,3.8162e-01
1.3820e+04,3.7757e-01,7.5967e-01,2.0002e+01,2.7390e+00,3.8172e-01
1.3830e+04,3.7719e-01,7.5938e-01,2.0002e+01,2.7393e+00,3.8181e-01
1.3840e+04,3.7681e-01,7.5909e-01,2.0002e+01,2.7395e+00,3.8191e-01
1.3850e+04,3.7643e-01,7.5881e-01,2.0002e+01,2.7398e+00,3.8200e-01
1.3860e+04,3.7605e-01,7.5852e-01,2.0002e+01,2.7401e+00,3.8209e-01
1.3870e+04,3.7567e-01,7.5824e-01,2.0002e+01,2.7404e+00,3.8219e-01
1.3880e+04,3.7529e-01,7.5796e-01,2.0002e+01,2.7407e+00,3.8228e-01
1.3890e+04,3.7492e-01,7.5767e-01,2.0002e+01,2.7410e+00,3.8238e-01
1.3900e+04,3.7454e-01,7.5739e-01,2.0002e+01,2.7412e+00,3.8247e-01
1.3910e+04,3.7417e-01,7.5711e-01,2.0002e+01,2.7415e+00,3.8256e-01
1.3920e+04,3.7379e-01,7.5682e-01,2.0002e+01,2.7418e+00,3.8266e-01
1.3930e+04,3.7341e-01,7.5654e-01,2.0002e+01,2.7421e+00,3.8275e-01
1.3940e+04,3.7304e-01,7.5626e-01,2.0002e+01,2.7424e+00,3.8284e-01
1.3950e+04,3.7267e-01,7.5598e-01,2.0002e+01,2.7427e+00,3.8293e-01
1.3960e+04,3.7229e-01,7.5570e-01,2.0002e+01,2.7429e+00,3.8303e-01
1.3970e+04,3.7192e-01,7.5542e-01,2.0002e+01,2.7432e+00,3.8312e-01
1.3980e+04,3.7155e-01,7.5514e-01,2.0002e+01,2.7435e+00,3.8321e-01
1.3990e+04,3.7117e-01,7.5486e-01,2.0002e+01,2.7438e+00,3.8331e-01
1.4000e+04,3.7080e-01,7.5458e-01,2.0002e+01,2.7441e+00,3.8340e-01
1.4010e+04,3.7043e-01,7.5430e-01,2.0002e+01,2.7443e+00,3.8349e-01
1.4020e+04,3.7006e-01,7.5402e-01,2.0002e+01,2.7446e+00,3.8358e-01
1.4030e+04,3.6969e-01,7.5374e-01,2.0002e+01,2.7449e+00,3.8368e-01
1.4040e+04,3.6932e-01,7.5346e-01,2.0002e+01,2.7452e+00,3.8377e-01
1.4050e+04,3.6895e-01,7.5319e-01,2.0002e+01,2.7454e+00,3.8386e-01
1.4060e+04,3.6858e-01,7.5291e-01,2.0002e+01,2.7457e+00,3.8395e-01
1.4070e+04,3.6821e-01,7.5263e-01,2.0002e+01,2.7460e+00,3.8404e-01
1.4080e+04,3.6784e-01,7.5236e-01,2.0002e+01,2.7463e+00,3.8413e-01
1.4090e+04,3.6748e-01,7.5208e-01,2.0002e+01,2.7465e+00,3.8423e-01
1.4100e+04,3.6711e-01,7.5180e-01,2.0002e+01,2.7468e+00,3.8432e-01
1.4110e+04,3.6674e-01,7.5153e-01,2.0002e+01,2.7471e+00,3.8441e-01
1.4120e+04,3.6638e-01,7.5125e-01,2.0002e+01,2.7474e+00,3.8450e-01
1.4130e+04,3.6601e-01,7.5098e-01,2.0002e+01,2.7476e+00,3.8459e-01
1.4140e+04,3.6565e-01,7.5071e-01,2.0002e+01,2.7479e+00,3.8468e-01
1.4150e+04,3.6528e-01,7.5043e-01,2.0002e+01,2.7482e+00,3.8477e-01
1.4160e+04,3.6492e-01,7.5016e-01,2.0002e+01,2.7485e+00,3.8487e-01
1.4170e+04,3.6455e-01,7.4989e-01,2.0002e+01,2.7487e+00,3.8496e-01
1.4180e+04,3.6419e-01,7.4961e-01,2.0002e+01,2.7490e+00,3.8505e-01
1.4190e+04,3.6383e-01,7.4934e-01,2.0002e+01,2.7493e+00,3.8514e-01
1.4200e+04,3.6347e-01,7.4907e-01,2.0002e+01,2.7496e+00,3.8523e-01
1.4210e+04,3.6310e-01,7.4880e-01,2.0002e+01,2.7498e+00,3.8532e-01
1.4220e+04,3.6274e-01,7.4853e-01,2.0002e+01,2.7501e+00,3.8541e-01
1.4230e+04,3.6238e-01,7.4825e-01,2.0002e+01,2.7504e+00,3.8550e-01
1.4240e+04,3.6202e-01,7.4798e-01,2.0002e+01,2.7506e+00,3.8559e-01
1.4250e+04,3.6166e-01,7.4771e-01,2.0002e+01,2.7509e+00,3.8568e-01
1.4260e+04,3.6130e-01,7.4744e-01,2.0002e+01,2.7512e+00,3.8577e-01
1.4270e+04,3.6094e-01,7.4718e-01,2.0002e+01,2.7514e+00,3.8586e-01
1.4280e+04,3.6058e-01,7.4691e-01,2.0002e+01,2.7517e+00,3.8595e-01
1.4290e+04,3.6022e-01,7.4664e-01,2.0002e+01,2.7520e+00,3.8604e-01
1.4300e+04,3.5987e-01,7.4637e-01,2.0002e+01,2.7523e+00,3.8613e-01
1.4310e+04,3.5951e-01,7.4610e-01,2.0002e+01,2.7525e+00,3.8622e-01
1.4320e+04,3.5915e-01,7.4583e-01,2.0002e+01,2.7528e+00,3.8631e-01
1.4330e+04,3.5880e-01,7.4557e-01,2.0002e+01,2.7531e+00,3.8640e-01
1.4340e+04,3.5844e-01,7.4530e-01,2.0002e+01,2.7533e+00,3.8649e-01
1.4350e+04,3.5808e-01,7.4503e-01,2.0002e+01,2.7536e+00,3.8658e-01
1.4360e+04,3.5773e-01,7.4477e-01,2.0002e+01,2.7539e+00,3.8667e-01
1.4370e+04,3.5737e-01,7.4450e-01,2.0002e+01,2.7541e+00,3.8676e-01
1.4380e+04,3.5702e-01,7.4424e-01,2.0002e+01,2.7544e+00,3.8685e-01
1.4390e+04,3.5667e-01,7.4397e-01,2.0002e+01,2.7547e+00,3.8693e-01
