t,[L2M],[D],[L],[L2MD],[L2Ms]
0.0000e+00,3.5000e+00,5.2500e+00,1.5000e+01,0.0000e+00,0.0000e+00
1.0000e+01,3.4726e+00,5.2260e+00,1.5002e+01,2.3907e-02,1.1410e-03
2.0000e+01,3.4478e+00,5.2023e+00,1.5002e+01,4.7599e-02,2.2769e-03
3.0000e+01,3.4232e+00,5.1789e+00,1.5002e+01,7.1016e-02,3.4048e-03
4.0000e+01,3.3990e+00,5.1557e+00,1.5002e+01,9.4165e-02,4.5248e-03
5.0000e+01,3.3750e+00,5.1328e+00,1.5002e+01,1.1705e-01,5.6369e-03
6.0000e+01,3.3513e+00,5.1102e+00,1.5002e+01,1.3967e-01,6.7412e-03
7.0000e+01,3.3278e+00,5.0878e+00,1.5002e+01,1.6204e-01,7.8378e-03
8.0000e+01,3.3046e+00,5.0657e+00,1.5002e+01,1.8415e-01,8.9269e-03
9.0000e+01,3.2816e+00,5.0438e+00,1.5002e+01,2.0602e-01,1.0008e-02
1.0000e+02,3.2589e+00,5.0222e+00,1.5002e+01,2.2765e-01,1.1082e-02
1.1000e+02,3.2365e+00,5.0008e+00,1.5002e+01,2.4903e-01,1.2149e-02
1.2000e+02,3.2143e+00,4.9796e+00,1.5002e+01,2.7018e-01,1.3209e-02
1.3000e+02,3.1923e+00,4.9587e+00,1.5002e+01,2.9109e-01,1.4261e-02
1.4000e+02,3.1706e+00,4.9380e+00,1.5002e+01,3.1178e-01,1.5306e-02
1.5000e+02,3.1491e+00,4.9175e+00,1.5002e+01,3.3224e-01,1.6344e-02
1.6000e+02,3.1278e+00,4.8973e+00,1.5002e+01,3.5248e-01,1.7375e-02
1.7000e+02,3.1068e+00,4.8772e+00,1.5002e+01,3.7251e-01,1.8400e-02
1.8000e+02,3.0859e+00,4.8574e+00,1.5002e+01,3.9231e-01,1.9417e-02
1.9000e+02,3.0653e+00,4.8378e+00,1.5002e+01,4.1191e-01,2.0428e-02
2.0000e+02,3.0449e+00,4.8184e+00,1.5002e+01,4.3130e-01,2.1432e-02
2.1000e+02,3.0248e+00,4.7992e+00,1.5002e+01,4.5048e-01,2.2429e-02
2.2000e+02,3.0048e+00,4.7802e+00,1.5002e+01,4.6947e-01,2.3420e-02
2.3000e+02,2.9850e+00,4.7614e+00,1.5002e+01,4.8825e-01,2.4404e-02
2.4000e+02,2.9654e+00,4.7428e+00,1.5002e+01,5.0684e-01,2.5382e-02
2.5000e+02,2.9461e+00,4.7244e+00,1.5002e+01,5.2523e-01,2.6353e-02
2.6000e+02,2.9269e+00,4.7062e+00,1.5002e+01,5.4344e-01,2.7319e-02
2.7000e+02,2.9079e+00,4.6881e+00,1.5002e+01,5.6146e-01,2.8278e-02
2.8000e+02,2.8891e+00,4.6703e+00,1.5002e+01,5.7929e-01,2.9231e-02
2.9000e+02,2.8705e+00,4.6526e+00,1.5002e+01,5.9695e-01,3.0177e-02
3.0000e+02,2.8521e+00,4.6351e+00,1.5002e+01,6.1442e-01,3.1118e-02
3.1000e+02,2.8339e+00,4.6178e+00,1.5002e+01,6.3172e-01,3.2053e-02
3.2000e+02,2.8158e+00,4.6007e+00,1.5002e+01,6.4885e-01,3.2982e-02
3.3000e+02,2.7980e+00,4.5837e+00,1.5002e+01,6.6580e-01,3.3905e-02
3.4000e+02,2.7803e+00,4.5669e+00,1.5002e+01,6.8259e-01,3.4822e-02
3.5000e+02,2.7627e+00,4.5503e+00,1.5002e+01,6.9920e-01,3.5733e-02
3.6000e+02,2.7454e+00,4.5338e+00,1.5002e+01,7.1566e-01,3.6639e-02
3.7000e+02,2.7282e+00,4.5175e+00,1.5002e+01,7.3195e-01,3.7539e-02
3.8000e+02,2.7111e+00,4.5014e+00,1.5002e+01,7.4809e-01,3.8433e-02
3.9000e+02,2.6943e+00,4.4854e+00,1.5002e+01,7.6407e-01,3.9322e-02
4.0000e+02,2.6776e+00,4.4696e+00,1.5002e+01,7.7989e-01,4.0206e-02
4.1000e+02,2.6610e+00,4.4539e+00,1.5002e+01,7.9556e-01,4.1084e-02
4.2000e+02,2.6446e+00,4.4384e+00,1.5002e+01,8.1108e-01,4.1957e-02
4.3000e+02,2.6284e+00,4.4230e+00,1.5002e+01,8.2645e-01,4.2824e-02
4.4000e+02,2.6123e+00,4.4077e+00,1.5002e+01,8.4167e-01,4.3686e-02
4.5000e+02,2.5964e+00,4.3927e+00,1.5002e+01,8.5675e-01,4.4543e-02
4.6000e+02,2.5806e+00,4.3777e+00,1.5002e+01,8.7169e-01,4.5394e-02
4.7000e+02,2.5649e+00,4.3629e+00,1.5002e+01,8.8649e-01,4.6241e-02
4.8000e+02,2.5494e+00,4.3482e+00,1.5002e+01,9.0115e-01,4.7082e-02
4.9000e+02,2.5341e+00,4.3337e+00,1.5002e+01,9.1567e-01,4.7918e-02
5.0000e+02,2.5189e+00,4.3193e+00,1.5002e+01,9.3006e-01,4.8750e-02
5.1000e+02,2.5038e+00,4.3050e+00,1.5002e+01,9.4431e-01,4.9576e-02
5.2000e+02,2.4888e+00,4.2909e+00,1.5002e+01,9.5843e-01,5.0398e-02
5.3000e+02,2.4740e+00,4.2769e+00,1.5002e+01,9.7243e-01,5.1214e-02
5.4000e+02,2.4594e+00,4.2630e+00,1.5002e+01,9.8629e-01,5.2026e-02
5.5000e+02,2.4448e+00,4.2493e+00,1.5002e+01,1.0000e+00,5.2833e-02
5.6000e+02,2.4304e+00,4.2357e+00,1.5002e+01,1.0136e+00,5.3635e-02
5.7000e+02,2.4161e+00,4.2222e+00,1.5002e+01,1.0271e+00,5.4433e-02
5.8000e+02,2.4019e+00,4.2088e+00,1.5002e+01,1.0405e+00,5.5226e-02
5.9000e+02,2.3879e+00,4.1955e+00,1.5002e+01,1.0538e+00,5.6014e-02
6.0000e+02,2.3740e+00,4.1824e+00,1.5002e+01,1.0669e+00,5.6798e-02
6.1000e+02,2.3602e+00,4.1694e+00,1.5002e+01,1.0799e+00,5.7577e-02
6.2000e+02,2.3465e+00,4.1564e+00,1.5002e+01,1.0928e+00,5.8352e-02
6.3000e+02,2.3330e+00,4.1437e+00,1.5002e+01,1.1056e+00,5.9122e-02
6.4000e+02,2.3195e+00,4.1310e+00,1.5002e+01,1.1183e+00,5.9888e-02
6.5000e+02,2.3062e+00,4.1184e+00,1.5002e+01,1.1308e+00,6.0649e-02
6.6000e+02,2.2930e+00,4.1059e+00,1.5002e+01,1.1433e+00,6.1406e-02
6.7000e+02,2.2799e+00,4.0936e+00,1.5002e+01,1.1556e+00,6.2159e-02
6.8000e+02,2.2669e+00,4.0813e+00,1.5002e+01,1.1679e+00,6.2908e-02
6.9000e+02,2.2540e+00,4.0692e+00,1.5002e+01,1.1800e+00,6.3652e-02
7.0000e+02,2.2412e+00,4.0572e+00,1.5002e+01,1.1920e+00,6.4392e-02
7.1000e+02,2.2286e+00,4.0452e+00,1.5002e+01,1.2040e+00,6.5128e-02
7.2000e+02,2.2160e+00,4.0334e+00,1.5002e+01,1.2158e+00,6.5860e-02
7.3000e+02,2.2036e+00,4.0217e+00,1.5002e+01,1.2275e+00,6.6587e-02
7.4000e+02,2.1912e+00,4.0100e+00,1.5002e+01,1.2391e+00,6.7311e-02
7.5000e+02,2.1790e+00,3.9985e+00,1.5002e+01,1.2507e+00,6.8031e-02
7.6000e+02,2.1668e+00,3.9871e+00,1.5002e+01,1.2621e+00,6.8746e-02
7.7000e+02,2.1548e+00,3.9757e+00,1.5002e+01,1.2734e+00,6.9458e-02
7.8000e+02,2.1429e+00,3.9645e+00,1.5002e+01,1.2847e+00,7.0166e-02
7.9000e+02,2.1310e+00,3.9533e+00,1.5002e+01,1.2958e+00,7.0870e-02
8.0000e+02,2.1192e+00,3.9423e+00,1.5002e+01,1.3069e+00,7.1570e-02
8.1000e+02,2.1076e+00,3.9313e+00,1.5002e+01,1.3178e+00,7.2266e-02
8.2000e+02,2.0960e+00,3.9204e+00,1.5002e+01,1.3287e+00,7.2958e-02
8.3000e+02,2.0846e+00,3.9096e+00,1.5002e+01,1.3395e+00,7.3647e-02
8.4000e+02,2.0732e+00,3.8989e+00,1.5002e+01,1.3502e+00,7.4331e-02
8.5000e+02,2.0619e+00,3.8883e+00,1.5002e+01,1.3608e+00,7.5012e-02
8.6000e+02,2.0507e+00,3.8778e+00,1.5002e+01,1.3713e+00,7.5690e-02
8.7000e+02,2.0396e+00,3.8673e+00,1.5002e+01,1.3817e+00,7.6364e-02
8.8000e+02,2.0286e+00,3.8570e+00,1.5002e+01,1.3921e+00,7.7034e-02
8.9000e+02,2.0176e+00,3.8467e+00,1.5002e+01,1.4024e+00,7.7700e-02
9.0000e+02,2.0068e+00,3.8365e+00,1.5002e+01,1.4125e+00,7.8363e-02
9.1000e+02,1.9960e+00,3.8264e+00,1.5002e+01,1.4226e+00,7.9023e-02
9.2000e+02,1.9853e+00,3.8164e+00,1.5002e+01,1.4327e+00,7.9679e-02
9.3000e+02,1.9747e+00,3.8064e+00,1.5002e+01,1.4426e+00,8.0331e-02
9.4000e+02,1.9642e+00,3.7965e+00,1.5002e+01,1.4525e+00,8.0980e-02
9.5000e+02,1.9538e+00,3.7867e+00,1.5002e+01,1.4623e+00,8.1625e-02
9.6000e+02,1.9434e+00,3.7770e+00,1.5002e+01,1.4720e+00,8.2268e-02
9.7000e+02,1.9331e+00,3.7674e+00,1.5002e+01,1.4816e+00,8.2906e-02
9.8000e+02,1.9229e+00,3.7578e+00,1.5002e+01,1.4912e+00,8.3542e-02
9.9000e+02,1.9128e+00,3.7483e+00,1.5002e+01,1.5007e+00,8.4174e-02
1.0000e+03,1.9028e+00,3.7389e+00,1.5002e+01,1.5101e+00,8.4802e-02
1.0100e+03,1.8928e+00,3.7295e+00,1.5002e+01,1.5194e+00,8.5428e-02
1.0200e+03,1.8829e+00,3.7203e+00,1.5002e+01,1.5287e+00,8.6050e-02
1.0300e+03,1.8731e+00,3.7111e+00,1.5002e+01,1.5379e+00,8.6669e-02
1.0400e+03,1.8634e+00,3.7019e+00,1.5002e+01,1.5470e+00,8.7285e-02
1.0500e+03,1.8537e+00,3.6929e+00,1.5002e+01,1.5561e+00,8.7897e-02
1.0600e+03,1.8441e+00,3.6839e+00,1.5002e+01,1.5651e+00,8.8507e-02
1.0700e+03,1.8346e+00,3.6749e+00,1.5002e+01,1.5740e+00,8.9113e-02
1.0800e+03,1.8251e+00,3.6661e+00,1.5002e+01,1.5829e+00,8.9716e-02
1.0900e+03,1.8157e+00,3.6573e+00,1.5002e+01,1.5916e+00,9.0316e-02
1.1000e+03,1.8064e+00,3.6485e+00,1.5002e+01,1.6004e+00,9.0913e-02
1.1100e+03,1.7971e+00,3.6399e+00,1.5002e+01,1.6090e+00,9.1507e-02
1.1200e+03,1.7879e+00,3.6313e+00,1.5002e+01,1.6176e+00,9.2098e-02
1.1300e+03,1.7788e+00,3.6228e+00,1.5002e+01,1.6262e+00,9.2686e-02
1.1400e+03,1.7698e+00,3.6143e+00,1.5002e+01,1.6346e+00,9.3271e-02
1.1500e+03,1.7608e+00,3.6059e+00,1.5002e+01,1.6430e+00,9.3853e-02
1.1600e+03,1.7519e+00,3.5975e+00,1.5002e+01,1.6514e+00,9.4432e-02
1.1700e+03,1.7430e+00,3.5892e+00,1.5002e+01,1.6596e+00,9.5008e-02
1.1800e+03,1.7342e+00,3.5810e+00,1.5002e+01,1.6679e+00,9.5581e-02
1.1900e+03,1.7255e+00,3.5728e+00,1.5002e+01,1.6760e+00,9.6151e-02
1.2000e+03,1.7168e+00,3.5647e+00,1.5002e+01,1.6841e+00,9.6719e-02
1.2100e+03,1.7082e+00,3.5567e+00,1.5002e+01,1.6922e+00,9.7283e-02
1.2200e+03,1.6997e+00,3.5487e+00,1.5002e+01,1.7002e+00,9.7845e-02
1.2300e+03,1.6912e+00,3.5408e+00,1.5002e+01,1.7081e+00,9.8404e-02
1.2400e+03,1.6828e+00,3.5329e+00,1.5002e+01,1.7159e+00,9.8961e-02
1.2500e+03,1.6744e+00,3.5251e+00,1.5002e+01,1.7238e+00,9.9514e-02
1.2600e+03,1.6661e+00,3.5173e+00,1.5002e+01,1.7315e+00,1.0006e-01
1.2700e+03,1.6578e+00,3.5096e+00,1.5002e+01,1.7392e+00,1.0061e-01
1.2800e+03,1.6496e+00,3.5020e+00,1.5002e+01,1.7469e+00,1.0116e-01
1.2900e+03,1.6415e+00,3.4944e+00,1.5002e+01,1.7545e+00,1.0170e-01
1.3000e+03,1.6334e+00,3.4868e+00,1.5002e+01,1.7620e+00,1.0224e-01
1.3100e+03,1.6254e+00,3.4793e+00,1.5002e+01,1.7695e+00,1.0278e-01
1.3200e+03,1.6174e+00,3.4719e+00,1.5002e+01,1.7769e+00,1.0331e-01
1.3300e+03,1.6095e+00,3.4645e+00,1.5002e+01,1.7843e+00,1.0385e-01
1.3400e+03,1.6017e+00,3.4572e+00,1.5002e+01,1.7916e+00,1.0437e-01
1.3500e+03,1.5939e+00,3.4499e+00,1.5002e+01,1.7989e+00,1.0490e-01
1.3600e+03,1.5861e+00,3.4426e+00,1.5002e+01,1.8061e+00,1.0543e-01
1.3700e+03,1.5784e+00,3.4355e+00,1.5002e+01,1.8133e+00,1.0595e-01
1.3800e+03,1.5708e+00,3.4283e+00,1.5002e+01,1.8205e+00,1.0647e-01
1.3900e+03,1.5632e+00,3.4212e+00,1.5002e+01,1.8275e+00,1.0698e-01
1.4000e+03,1.5556e+00,3.4142e+00,1.5002e+01,1.8346e+00,1.0750e-01
1.4100e+03,1.5481e+00,3.4072e+00,1.5002e+01,1.8415e+00,1.0801e-01
1.4200e+03,1.5407e+00,3.4003e+00,1.5002e+01,1.8485e+00,1.0852e-01
1.4300e+03,1.5333e+00,3.3934e+00,1.5002e+01,1.8554e+00,1.0903e-01
1.4400e+03,1.5259e+00,3.3865e+00,1.5002e+01,1.8622e+00,1.0953e-01
1.4500e+03,1.5186e+00,3.3797e+00,1.5002e+01,1.8690e+00,1.1003e-01
1.4600e+03,1.5114e+00,3.3730e+00,1.5002e+01,1.8758e+00,1.1053e-01
1.4700e+03,1.5042e+00,3.3663e+00,1.5002e+01,1.8825e+00,1.1103e-01
1.4800e+03,1.4970e+00,3.3596e+00,1.5002e+01,1.8891e+00,1.1153e-01
1.4900e+03,1.4899e+00,3.3530e+00,1.5002e+01,1.8957e+00,1.1202e-01
1.5000e+03,1.4829e+00,3.3464e+00,1.5002e+01,1.9023e+00,1.1251e-01
1.5100e+03,1.4758e+00,3.3399e+00,1.5002e+01,1.9088e+00,1.1300e-01
1.5200e+03,1.4689e+00,3.3334e+00,1.5002e+01,1.9153e+00,1.1348e-01
1.5300e+03,1.4619e+00,3.3270e+00,1.5002e+01,1.9218e+00,1.1397e-01
1.5400e+03,1.4551e+00,3.3206e+00,1.5002e+01,1.9282e+00,1.1445e-01
1.5500e+03,1.4482e+00,3.3142e+00,1.5002e+01,1.9345e+00,1.1493e-01
1.5600e+03,1.4414e+00,3.3079e+00,1.5002e+01,1.9408e+00,1.1540e-01
1.5700e+03,1.4347e+00,3.3016e+00,1.5002e+01,1.9471e+00,1.1588e-01
1.5800e+03,1.4280e+00,3.2954e+00,1.5002e+01,1.9533e+00,1.1635e-01
1.5900e+03,1.4213e+00,3.2892e+00,1.5002e+01,1.9595e+00,1.1682e-01
1.6000e+03,1.4147e+00,3.2830e+00,1.5002e+01,1.9657e+00,1.1729e-01
1.6100e+03,1.4081e+00,3.2769e+00,1.5002e+01,1.9718e+00,1.1775e-01
1.6200e+03,1.4016e+00,3.2708e+00,1.5002e+01,1.9778e+00,1.1822e-01
1.6300e+03,1.3951e+00,3.2648e+00,1.5002e+01,1.9839e+00,1.1868e-01
1.6400e+03,1.3887e+00,3.2588e+00,1.5002e+01,1.9899e+00,1.1914e-01
1.6500e+03,1.3823e+00,3.2528e+00,1.5002e+01,1.9958e+00,1.1959e-01
1.6600e+03,1.3759e+00,3.2469e+00,1.5002e+01,2.0017e+00,1.2005e-01
1.6700e+03,1.3696e+00,3.2410e+00,1.5002e+01,2.0076e+00,1.2050e-01
1.6800e+03,1.3633e+00,3.2352e+00,1.5002e+01,2.0135e+00,1.2095e-01
1.6900e+03,1.3570e+00,3.2294e+00,1.5002e+01,2.0193e+00,1.2140e-01
1.7000e+03,1.3508e+00,3.2236e+00,1.5002e+01,2.0250e+00,1.2185e-01
1.7100e+03,1.3446e+00,3.2179e+00,1.5002e+01,2.0308e+00,1.2229e-01
1.7200e+03,1.3385e+00,3.2122e+00,1.5002e+01,2.0364e+00,1.2274e-01
1.7300e+03,1.3324e+00,3.2065e+00,1.5002e+01,2.0421e+00,1.2318e-01
1.7400e+03,1.3263e+00,3.2009e+00,1.5002e+01,2.0477e+00,1.2362e-01
1.7500e+03,1.3203e+00,3.1953e+00,1.5002e+01,2.0533e+00,1.2405e-01
1.7600e+03,1.3143e+00,3.1898e+00,1.5002e+01,2.0589e+00,1.2449e-01
1.7700e+03,1.3084e+00,3.1842e+00,1.5002e+01,2.0644e+00,1.2492e-01
1.7800e+03,1.3025e+00,3.1787e+00,1.5002e+01,2.0699e+00,1.2535e-01
1.7900e+03,1.2966e+00,3.1733e+00,1.5002e+01,2.0753e+00,1.2578e-01
1.8000e+03,1.2907e+00,3.1679e+00,1.5002e+01,2.0807e+00,1.2621e-01
1.8100e+03,1.2849e+00,3.1625e+00,1.5002e+01,2.0861e+00,1.2663e-01
1.8200e+03,1.2792e+00,3.1571e+00,1.5002e+01,2.0915e+00,1.2706e-01
1.8300e+03,1.2734e+00,3.1518e+00,1.5002e+01,2.0968e+00,1.2748e-01
1.8400e+03,1.2677e+00,3.1465e+00,1.5002e+01,2.1021e+00,1.2790e-01
1.8500e+03,1.2620e+00,3.1413e+00,1.5002e+01,2.1073e+00,1.2831e-01
1.8600e+03,1.2564e+00,3.1361e+00,1.5002e+01,2.1125e+00,1.2873e-01
1.8700e+03,1.2508e+00,3.1309e+00,1.5002e+01,2.1177e+00,1.2914e-01
1.8800e+03,1.2452e+00,3.1257e+00,1.5002e+01,2.1229e+00,1.2955e-01
1.8900e+03,1.2397e+00,3.1206e+00,1.5002e+01,2.1280e+00,1.2996e-01
1.9000e+03,1.2342e+00,3.1155e+00,1.5002e+01,2.1331e+00,1.3037e-01
1.9100e+03,1.2287e+00,3.1104e+00,1.5002e+01,2.1381e+00,1.3078e-01
1.9200e+03,1.2233e+00,3.1054e+00,1.5002e+01,2.1432e+00,1.3118e-01
1.9300e+03,1.2179e+00,3.1004e+00,1.5002e+01,2.1482e+00,1.3159e-01
1.9400e+03,1.2125e+00,3.0954e+00,1.5002e+01,2.1532e+00,1.3199e-01
1.9500e+03,1.2072e+00,3.0905e+00,1.5002e+01,2.1581e+00,1.3239e-01
1.9600e+03,1.2019e+00,3.0855e+00,1.5002e+01,2.1630e+00,1.3279e-01
1.9700e+03,1.1966e+00,3.0807e+00,1.5002e+01,2.1679e+00,1.3318e-01
1.9800e+03,1.1914e+00,3.0758e+00,1.5002e+01,2.1727e+00,1.3358e-01
1.9900e+03,1.1861e+00,3.0710e+00,1.5002e+01,2.1776e+00,1.3397e-01
2.0000e+03,1.1809e+00,3.0662e+00,1.5002e+01,2.1824e+00,1.3436e-01
2.0100e+03,1.1758e+00,3.0614e+00,1.5002e+01,2.1871e+00,1.3475e-01
2.0200e+03,1.1707e+00,3.0567e+00,1.5002e+01,2.1919e+00,1.3514e-01
2.0300e+03,1.1656e+00,3.0519e+00,1.5002e+01,2.1966e+00,1.3552e-01
2.0400e+03,1.1605e+00,3.0473e+00,1.5002e+01,2.2013e+00,1.3590e-01
2.0500e+03,1.1555e+00,3.0426e+00,1.5002e+01,2.2059e+00,1.3629e-01
2.0600e+03,1.1505e+00,3.0380e+00,1.5002e+01,2.2105e+00,1.3667e-01
2.0700e+03,1.1455e+00,3.0334e+00,1.5002e+01,2.2152e+00,1.3705e-01
2.0800e+03,1.1405e+00,3.0288e+00,1.5002e+01,2.2197e+00,1.3742e-01
2.0900e+03,1.1356e+00,3.0242e+00,1.5002e+01,2.2243e+00,1.3780e-01
2.1000e+03,1.1307e+00,3.0197e+00,1.5002e+01,2.2288e+00,1.3817e-01
2.1100e+03,1.1258e+00,3.0152e+00,1.5002e+01,2.2333e+00,1.3855e-01
2.1200e+03,1.1210e+00,3.0107e+00,1.5002e+01,2.2378e+00,1.3892e-01
2.1300e+03,1.1162e+00,3.0063e+00,1.5002e+01,2.2422e+00,1.3929e-01
2.1400e+03,1.1114e+00,3.0019e+00,1.5002e+01,2.2466e+00,1.3965e-01
2.1500e+03,1.1066e+00,2.9975e+00,1.5002e+01,2.2510e+00,1.4002e-01
2.1600e+03,1.1019e+00,2.9931e+00,1.5002e+01,2.2554e+00,1.4039e-01
2.1700e+03,1.0972e+00,2.9888e+00,1.5002e+01,2.2597e+00,1.4075e-01
2.1800e+03,1.0925e+00,2.9844e+00,1.5002e+01,2.2641e+00,1.4111e-01
2.1900e+03,1.0878e+00,2.9801e+00,1.5002e+01,2.2684e+00,1.4147e-01
2.2000e+03,1.0832e+00,2.9759e+00,1.5002e+01,2.2726e+00,1.4183e-01
2.2100e+03,1.0786e+00,2.9716e+00,1.5002e+01,2.2769e+00,1.4219e-01
2.2200e+03,1.0740e+00,2.9674e+00,1.5002e+01,2.2811e+00,1.4254e-01
2.2300e+03,1.0695e+00,2.9632e+00,1.5002e+01,2.2853e+00,1.4289e-01
2.2400e+03,1.0650e+00,2.9590e+00,1.5002e+01,2.2895e+00,1.4325e-01
2.2500e+03,1.0605e+00,2.9549e+00,1.5002e+01,2.2936e+00,1.4360e-01
2.2600e+03,1.0560e+00,2.9507e+00,1.5002e+01,2.2977e+00,1.4395e-01
2.2700e+03,1.0515e+00,2.9466e+00,1.5002e+01,2.3018e+00,1.4430e-01
2.2800e+03,1.0471e+00,2.9425e+00,1.5002e+01,2.3059e+00,1.4464e-01
2.2900e+03,1.0427e+00,2.9385e+00,1.5002e+01,2.3100e+00,1.4499e-01
2.3000e+03,1.0383e+00,2.9344e+00,1.5002e+01,2.3140e+00,1.4533e-01
2.3100e+03,1.0340e+00,2.9304e+00,1.5002e+01,2.3180e+00,1.4567e-01
2.3200e+03,1.0296e+00,2.9264e+00,1.5002e+01,2.3220e+00,1.4601e-01
2.3300e+03,1.0253e+00,2.9224e+00,1.5002e+01,2.3260e+00,1.4635e-01
2.3400e+03,1.0210e+00,2.9185e+00,1.5002e+01,2.3299e+00,1.4669e-01
2.3500e+03,1.0168e+00,2.9146e+00,1.5002e+01,2.3339e+00,1.4703e-01
2.3600e+03,1.0125e+00,2.9107e+00,1.5002e+01,2.3378e+00,1.4736e-01
2.3700e+03,1.0083e+00,2.9068e+00,1.5002e+01,2.3417e+00,1.4770e-01
2.3800e+03,1.0041e+00,2.9029e+00,1.5002e+01,2.3455e+00,1.4803e-01
2.3900e+03,9.9995e-01,2.8991e+00,1.5002e+01,2.3494e+00,1.4836e-01
2.4000e+03,9.9580e-01,2.8952e+00,1.5002e+01,2.3532e+00,1.4869e-01
2.4100e+03,9.9167e-01,2.8914e+00,1.5002e+01,2.3570e+00,1.4902e-01
2.4200e+03,9.8757e-01,2.8877e+00,1.5002e+01,2.3608e+00,1.4934e-01
2.4300e+03,9.8349e-01,2.8839e+00,1.5002e+01,2.3645e+00,1.4967e-01
2.4400e+03,9.7943e-01,2.8802e+00,1.5002e+01,2.3682e+00,1.4999e-01
2.4500e+03,9.7539e-01,2.8764e+00,1.5002e+01,2.3720e+00,1.5032e-01
2.4600e+03,9.7137e-01,2.8727e+00,1.5002e+01,2.3757e+00,1.5064e-01
2.4700e+03,9.6737e-01,2.8691e+00,1.5002e+01,2.3793e+00,1.5096e-01
2.4800e+03,9.6339e-01,2.8654e+00,1.5002e+01,2.3830e+00,1.5128e-01
2.4900e+03,9.5944e-01,2.8618e+00,1.5002e+01,2.3866e+00,1.5160e-01
2.5000e+03,9.5550e-01,2.8581e+00,1.5002e+01,2.3903e+00,1.5191e-01
2.5100e+03,9.5159e-01,2.8545e+00,1.5002e+01,2.3939e+00,1.5223e-01
2.5200e+03,9.4770e-01,2.8510e+00,1.5002e+01,2.3974e+00,1.5254e-01
2.5300e+03,9.4382e-01,2.8474e+00,1.5002e+01,2.4010e+00,1.5285e-01
2.5400e+03,9.3997e-01,2.8439e+00,1.5002e+01,2.4045e+00,1.5316e-01
2.5500e+03,9.3614e-01,2.8403e+00,1.5002e+01,2.4081e+00,1.5347e-01
2.5600e+03,9.3233e-01,2.8368e+00,1.5002e+01,2.4116e+00,1.5378e-01
2.5700e+03,9.2853e-01,2.8333e+00,1.5002e+01,2.4150e+00,1.5409e-01
2.5800e+03,9.2476e-01,2.8299e+00,1.5002e+01,2.4185e+00,1.5440e-01
2.5900e+03,9.2101e-01,2.8264e+00,1.5002e+01,2.4220e+00,1.5470e-01
2.6000e+03,9.1727e-01,2.8230e+00,1.5002e+01,2.4254e+00,1.5500e-01
2.6100e+03,9.1356e-01,2.8196e+00,1.5002e+01,2.4288e+00,1.5531e-01
2.6200e+03,9.0986e-01,2.8162e+00,1.5002e+01,2.4322e+00,1.5561e-01
2.6300e+03,9.0618e-01,2.8128e+00,1.5002e+01,2.4356e+00,1.5591e-01
2.6400e+03,9.0252e-01,2.8094e+00,1.5002e+01,2.4389e+00,1.5621e-01
2.6500e+03,8.9888e-01,2.8061e+00,1.5002e+01,2.4423e+00,1.5650e-01
2.6600e+03,8.9526e-01,2.8028e+00,1.5002e+01,2.4456e+00,1.5680e-01
2.6700e+03,8.9166e-01,2.7995e+00,1.5002e+01,2.4489e+00,1.5710e-01
2.6800e+03,8.8808e-01,2.7962e+00,1.5002e+01,2.4522e+00,1.5739e-01
2.6900e+03,8.8451e-01,2.7929e+00,1.5002e+01,2.4555e+00,1.5768e-01
2.7000e+03,8.8096e-01,2.7896e+00,1.5002e+01,2.4587e+00,1.5797e-01
2.7100e+03,8.7743e-01,2.7864e+00,1.5002e+01,2.4620e+00,1.5826e-01
2.7200e+03,8.7392e-01,2.7832e+00,1.5002e+01,2.4652e+00,1.5855e-01
2.7300e+03,8.7043e-01,2.7800e+00,1.5002e+01,2.4684e+00,1.5884e-01
2.7400e+03,8.6695e-01,2.7768e+00,1.5002e+01,2.4716e+00,1.5913e-01
2.7500e+03,8.6349e-01,2.7736e+00,1.5002e+01,2.4748e+00,1.5942e-01
2.7600e+03,8.6005e-01,2.7704e+00,1.5002e+01,2.4779e+00,1.5970e-01
2.7700e+03,8.5663e-01,2.7673e+00,1.5002e+01,2.4811e+00,1.5998e-01
2.7800e+03,8.5322e-01,2.7642e+00,1.5002e+01,2.4842e+00,1.6027e-01
2.7900e+03,8.4983e-01,2.7610e+00,1.5002e+01,2.4873e+00,1.6055e-01
2.8000e+03,8.4645e-01,2.7579e+00,1.5002e+01,2.4904e+00,1.6083e-01
2.8100e+03,8.4310e-01,2.7549e+00,1.5002e+01,2.4935e+00,1.6111e-01
2.8200e+03,8.3976e-01,2.7518e+00,1.5002e+01,2.4965e+00,1.6138e-01
2.8300e+03,8.3643e-01,2.7488e+00,1.5002e+01,2.4996e+00,1.6166e-01
2.8400e+03,8.3313e-01,2.7457e+00,1.5002e+01,2.5026e+00,1.6194e-01
2.8500e+03,8.2984e-01,2.7427e+00,1.5002e+01,2.5056e+00,1.6221e-01
2.8600e+03,8.2656e-01,2.7397e+00,1.5002e+01,2.5086e+00,1.6249e-01
2.8700e+03,8.2330e-01,2.7367e+00,1.5002e+01,2.5116e+00,1.6276e-01
2.8800e+03,8.2006e-01,2.7337e+00,1.5002e+01,2.5146e+00,1.6303e-01
2.8900e+03,8.1684e-01,2.7308e+00,1.5002e+01,2.5175e+00,1.6330e-01
2.9000e+03,8.1363e-01,2.7278e+00,1.5002e+01,2.5205e+00,1.6357e-01
2.9100e+03,8.1043e-01,2.7249e+00,1.5002e+01,2.5234e+00,1.6384e-01
2.9200e+03,8.0725e-01,2.7220e+00,1.5002e+01,2.5263e+00,1.6411e-01
2.9300e+03,8.0409e-01,2.7191e+00,1.5002e+01,2.5292e+00,1.6437e-01
2.9400e+03,8.0094e-01,2.7162e+00,1.5002e+01,2.5321e+00,1.6464e-01
2.9500e+03,7.9781e-01,2.7133e+00,1.5002e+01,2.5350e+00,1.6490e-01
2.9600e+03,7.9469e-01,2.7105e+00,1.5002e+01,2.5378e+00,1.6516e-01
2.9700e+03,7.9159e-01,2.7076e+00,1.5002e+01,2.5407e+00,1.6543e-01
2.9800e+03,7.8850e-01,2.7048e+00,1.5002e+01,2.5435e+00,1.6569e-01
2.9900e+03,7.8543e-01,2.7020e+00,1.5002e+01,2.5463e+00,1.6595e-01
3.0000e+03,7.8237e-01,2.6992e+00,1.5002e+01,2.5491e+00,1.6621e-01
3.0100e+03,7.7933e-01,2.6964e+00,1.5002e+01,2.5519e+00,1.6646e-01
3.0200e+03,7.7630e-01,2.6936e+00,1.5002e+01,2.5546e+00,1.6672e-01
3.0300e+03,7.7329e-01,2.6909e+00,1.5002e+01,2.5574e+00,1.6698e-01
3.0400e+03,7.7029e-01,2.6881e+00,1.5002e+01,2.5601e+00,1.6723e-01
3.0500e+03,7.6730e-01,2.6854e+00,1.5002e+01,2.5629e+00,1.6749e-01
3.0600e+03,7.6433e-01,2.6827e+00,1.5002e+01,2.5656e+00,1.6774e-01
3.0700e+03,7.6138e-01,2.6800e+00,1.5002e+01,2.5683e+00,1.6799e-01
3.0800e+03,7.5844e-01,2.6773e+00,1.5002e+01,2.5710e+00,1.6824e-01
3.0900e+03,7.5551e-01,2.6746e+00,1.5002e+01,2.5737e+00,1.6849e-01
3.1000e+03,7.5259e-01,2.6719e+00,1.5002e+01,2.5763e+00,1.6874e-01
3.1100e+03,7.4969e-01,2.6693e+00,1.5002e+01,2.5790e+00,1.6899e-01
3.1200e+03,7.4681e-01,2.6667e+00,1.5002e+01,2.5816e+00,1.6924e-01
3.1300e+03,7.4393e-01,2.6640e+00,1.5002e+01,2.5843e+00,1.6948e-01
3.1400e+03,7.4108e-01,2.6614e+00,1.5002e+01,2.5869e+00,1.6973e-01
3.1500e+03,7.3823e-01,2.6588e+00,1.5002e+01,2.5895e+00,1.6997e-01
3.1600e+03,7.3540e-01,2.6562e+00,1.5002e+01,2.5921e+00,1.7022e-01
3.1700e+03,7.3258e-01,2.6536e+00,1.5002e+01,2.5946e+00,1.7046e-01
3.1800e+03,7.2977e-01,2.6511e+00,1.5002e+01,2.5972e+00,1.7070e-01
3.1900e+03,7.2698e-01,2.6485e+00,1.5002e+01,2.5997e+00,1.7094e-01
3.2000e+03,7.2420e-01,2.6460e+00,1.5002e+01,2.6023e+00,1.7118e-01
3.2100e+03,7.2144e-01,2.6434e+00,1.5002e+01,2.6048e+00,1.7142e-01
3.2200e+03,7.1868e-01,2.6409e+00,1.5002e+01,2.6073e+00,1.7166e-01
3.2300e+03,7.1594e-01,2.6384e+00,1.5002e+01,2.6098e+00,1.7190e-01
3.2400e+03,7.1321e-01,2.6359e+00,1.5002e+01,2.6123e+00,1.7213e-01
3.2500e+03,7.1050e-01,2.6335e+00,1.5002e+01,2.6148e+00,1.7237e-01
3.2600e+03,7.0780e-01,2.6310e+00,1.5002e+01,2.6173e+00,1.7260e-01
3.2700e+03,7.0511e-01,2.6285e+00,1.5002e+01,2.6197e+00,1.7284e-01
3.2800e+03,7.0243e-01,2.6261e+00,1.5002e+01,2.6222e+00,1.7307e-01
3.2900e+03,6.9977e-01,2.6236e+00,1.5002e+01,2.6246e+00,1.7330e-01
3.3000e+03,6.9711e-01,2.6212e+00,1.5002e+01,2.6270e+00,1.7353e-01
3.3100e+03,6.9447e-01,2.6188e+00,1.5002e+01,2.6294e+00,1.7376e-01
3.3200e+03,6.9184e-01,2.6164e+00,1.5002e+01,2.6318e+00,1.7399e-01
3.3300e+03,6.8923e-01,2.6140e+00,1.5002e+01,2.6342e+00,1.7422e-01
3.3400e+03,6.8662e-01,2.6116e+00,1.5002e+01,2.6366e+00,1.7445e-01
3.3500e+03,6.8403e-01,2.6093e+00,1.5002e+01,2.6390e+00,1.7467e-01
3.3600e+03,6.8145e-01,2.6069e+00,1.5002e+01,2.6413e+00,1.7490e-01
3.3700e+03,6.7888e-01,2.6046e+00,1.5002e+01,2.6437e+00,1.7512e-01
3.3800e+03,6.7633e-01,2.6022e+00,1.5002e+01,2.6460e+00,1.7535e-01
3.3900e+03,6.7378e-01,2.5999e+00,1.5002e+01,2.6483e+00,1.7557e-01
3.4000e+03,6.7125e-01,2.5976e+00,1.5002e+01,2.6506e+00,1.7579e-01
3.4100e+03,6.6873e-01,2.5953e+00,1.5002e+01,2.6529e+00,1.7601e-01
3.4200e+03,6.6622e-01,2.5930e+00,1.5002e+01,2.6552e+00,1.7623e-01
3.4300e+03,6.6372e-01,2.5907e+00,1.5002e+01,2.6575e+00,1.7645e-01
3.4400e+03,6.6123e-01,2.5885e+00,1.5002e+01,2.6598e+00,1.7667e-01
3.4500e+03,6.5876e-01,2.5862e+00,1.5002e+01,2.6620e+00,1.7689e-01
3.4600e+03,6.5629e-01,2.5840e+00,1.5002e+01,2.6643e+00,1.7711e-01
3.4700e+03,6.5384e-01,2.5817e+00,1.5002e+01,2.6665e+00,1.7732e-01
3.4800e+03,6.5140e-01,2.5795e+00,1.5002e+01,2.6687e+00,1.7754e-01
3.4900e+03,6.4896e-01,2.5773e+00,1.5002e+01,2.6709e+00,1.7776e-01
3.5000e+03,6.4654e-01,2.5751e+00,1.5002e+01,2.6732e+00,1.7797e-01
3.5100e+03,6.4413e-01,2.5729e+00,1.5002e+01,2.6754e+00,1.7818e-01
3.5200e+03,6.4173e-01,2.5707e+00,1.5002e+01,2.6775e+00,1.7840e-01
3.5300e+03,6.3935e-01,2.5685e+00,1.5002e+01,2.6797e+00,1.7861e-01
3.5400e+03,6.3697e-01,2.5663e+00,1.5002e+01,2.6819e+00,1.7882e-01
3.5500e+03,6.3460e-01,2.5642e+00,1.5002e+01,2.6840e+00,1.7903e-01
3.5600e+03,6.3225e-01,2.5620e+00,1.5002e+01,2.6862e+00,1.7924e-01
3.5700e+03,6.2990e-01,2.5599e+00,1.5002e+01,2.6883e+00,1.7945e-01
3.5800e+03,6.2756e-01,2.5578e+00,1.5002e+01,2.6904e+00,1.7965e-01
3.5900e+03,6.2524e-01,2.5556e+00,1.5002e+01,2.6926e+00,1.7986e-01
3.6000e+03,6.2293e-01,2.5535e+00,1.5002e+01,2.6947e+00,1.8007e-01
3.6100e+03,6.2062e-01,2.5514e+00,1.5002e+01,2.6968e+00,1.8027e-01
3.6200e+03,6.1833e-01,2.5493e+00,1.5002e+01,2.6989e+00,1.8048e-01
3.6300e+03,6.1604e-01,2.5473e+00,1.5002e+01,2.7009e+00,1.8068e-01
3.6400e+03,6.1377e-01,2.5452e+00,1.5002e+01,2.7030e+00,1.8089e-01
3.6500e+03,6.1151e-01,2.5431e+00,1.5002e+01,2.7051e+00,1.8109e-01
3.6600e+03,6.0925e-01,2.5411e+00,1.5002e+01,2.7071e+00,1.8129e-01
3.6700e+03,6.0701e-01,2.5390e+00,1.5002e+01,2.7092e+00,1.8149e-01
3.6800e+03,6.0477e-01,2.5370e+00,1.5002e+01,2.7112e+00,1.8169e-01
3.6900e+03,6.0255e-01,2.5350e+00,1.5002e+01,2.7132e+00,1.8189e-01
3.7000e+03,6.0034e-01,2.5329e+00,1.5002e+01,2.7152e+00,1.8209e-01
3.7100e+03,5.9813e-01,2.5309e+00,1.5002e+01,2.7172e+00,1.8229e-01
3.7200e+03,5.9594e-01,2.5289e+00,1.5002e+01,2.7192e+00,1.8249e-01
3.7300e+03,5.9375e-01,2.5269e+00,1.5002e+01,2.7212e+00,1.8268e-01
3.7400e+03,5.9158e-01,2.5250e+00,1.5002e+01,2.7232e+00,1.8288e-01
3.7500e+03,5.8941e-01,2.5230e+00,1.5002e+01,2.7252e+00,1.8307e-01
3.7600e+03,5.8725e-01,2.5210e+00,1.5002e+01,2.7271e+00,1.8327e-01
3.7700e+03,5.8511e-01,2.5191e+00,1.5002e+01,2.7291e+00,1.8346e-01
3.7800e+03,5.8297e-01,2.5171e+00,1.5002e+01,2.7310e+00,1.8365e-01
3.7900e+03,5.8084e-01,2.5152e+00,1.5002e+01,2.7330e+00,1.8385e-01
3.8000e+03,5.7872e-01,2.5133e+00,1.5002e+01,2.7349e+00,1.8404e-01
3.8100e+03,5.7661e-01,2.5113e+00,1.5002e+01,2.7368e+00,1.8423e-01
3.8200e+03,5.7451e-01,2.5094e+00,1.5002e+01,2.7387e+00,1.8442e-01
3.8300e+03,5.7242e-01,2.5075e+00,1.5002e+01,2.7406e+00,1.8461e-01
3.8400e+03,5.7033e-01,2.5056e+00,1.5002e+01,2.7425e+00,1.8480e-01
3.8500e+03,5.6826e-01,2.5037e+00,1.5002e+01,2.7444e+00,1.8499e-01
3.8600e+03,5.6619e-01,2.5019e+00,1.5002e+01,2.7463e+00,1.8517e-01
3.8700e+03,5.6414e-01,2.5000e+00,1.5002e+01,2.7482e+00,1.8536e-01
3.8800e+03,5.6209e-01,2.4981e+00,1.5002e+01,2.7500e+00,1.8555e-01
3.8900e+03,5.6005e-01,2.4963e+00,1.5002e+01,2.7519e+00,1.8573e-01
3.9000e+03,5.5802e-01,2.4944e+00,1.5002e+01,2.7537e+00,1.8592e-01
3.9100e+03,5.5600e-01,2.4926e+00,1.5002e+01,2.7556e+00,1.8610e-01
3.9200e+03,5.5399e-01,2.4908e+00,1.5002e+01,2.7574e+00,1.8629e-01
3.9300e+03,5.5198e-01,2.4889e+00,1.5002e+01,2.7592e+00,1.8647e-01
3.9400e+03,5.4999e-01,2.4871e+00,1.5002e+01,2.7610e+00,1.8665e-01
3.9500e+03,5.4800e-01,2.4853e+00,1.5002e+01,2.7628e+00,1.8683e-01
3.9600e+03,5.4602e-01,2.4835e+00,1.5002e+01,2.7646e+00,1.8701e-01
3.9700e+03,5.4405e-01,2.4817e+00,1.5002e+01,2.7664e+00,1.8719e-01
3.9800e+03,5.4209e-01,2.4799e+00,1.5002e+01,2.7682e+00,1.8737e-01
3.9900e+03,5.4014e-01,2.4782e+00,1.5002e+01,2.7700e+00,1.8755e-01
4.0000e+03,5.3819e-01,2.4764e+00,1.5002e+01,2.7717e+00,1.8773e-01
4.0100e+03,5.3626e-01,2.4746e+00,1.5002e+01,2.7735e+00,1.8791e-01
4.0200e+03,5.3433e-01,2.4729e+00,1.5002e+01,2.7753e+00,1.8808e-01
4.0300e+03,5.3241e-01,2.4711e+00,1.5002e+01,2.7770e+00,1.8826e-01
4.0400e+03,5.3050e-01,2.4694e+00,1.5002e+01,2.7787e+00,1.8844e-01
4.0500e+03,5.2859e-01,2.4677e+00,1.5002e+01,2.7805e+00,1.8861e-01
4.0600e+03,5.2670e-01,2.4660e+00,1.5002e+01,2.7822e+00,1.8879e-01
4.0700e+03,5.2481e-01,2.4642e+00,1.5002e+01,2.7839e+00,1.8896e-01
4.0800e+03,5.2293e-01,2.4625e+00,1.5002e+01,2.7856e+00,1.8913e-01
4.0900e+03,5.2106e-01,2.4608e+00,1.5002e+01,2.7873e+00,1.8931e-01
4.1000e+03,5.1919e-01,2.4591e+00,1.5002e+01,2.7890e+00,1.8948e-01
4.1100e+03,5.1733e-01,2.4575e+00,1.5002e+01,2.7907e+00,1.8965e-01
4.1200e+03,5.1549e-01,2.4558e+00,1.5002e+01,2.7924e+00,1.8982e-01
4.1300e+03,5.1364e-01,2.4541e+00,1.5002e+01,2.7940e+00,1.8999e-01
4.1400e+03,5.1181e-01,2.4524e+00,1.5002e+01,2.7957e+00,1.9016e-01
4.1500e+03,5.0999e-01,2.4508e+00,1.5002e+01,2.7974e+00,1.9033e-01
4.1600e+03,5.0817e-01,2.4491e+00,1.5002e+01,2.7990e+00,1.9050e-01
4.1700e+03,5.0636e-01,2.4475e+00,1.5002e+01,2.8006e+00,1.9066e-01
4.1800e+03,5.0455e-01,2.4458e+00,1.5002e+01,2.8023e+00,1.9083e-01
4.1900e+03,5.0276e-01,2.4442e+00,1.5002e+01,2.8039e+00,1.9100e-01
4.2000e+03,5.0097e-01,2.4426e+00,1.5002e+01,2.8055e+00,1.9116e-01
4.2100e+03,4.9919e-01,2.4410e+00,1.5002e+01,2.8071e+00,1.9133e-01
4.2200e+03,4.9742e-01,2.4394e+00,1.5002e+01,2.8088e+00,1.9149e-01
4.2300e+03,4.9565e-01,2.4378e+00,1.5002e+01,2.8104e+00,1.9166e-01
4.2400e+03,4.9389e-01,2.4362e+00,1.5002e+01,2.8120e+00,1.9182e-01
4.2500e+03,4.9214e-01,2.4346e+00,1.5002e+01,2.8135e+00,1.9199e-01
4.2600e+03,4.9040e-01,2.4330e+00,1.5002e+01,2.8151e+00,1.9215e-01
4.2700e+03,4.8866e-01,2.4314e+00,1.5002e+01,2.8167e+00,1.9231e-01
4.2800e+03,4.8693e-01,2.4299e+00,1.5002e+01,2.8183e+00,1.9247e-01
4.2900e+03,4.8521e-01,2.4283e+00,1.5002e+01,2.8198e+00,1.9263e-01
4.3000e+03,4.8349e-01,2.4267e+00,1.5002e+01,2.8214e+00,1.9279e-01
4.3100e+03,4.8178e-01,2.4252e+00,1.5002e+01,2.8229e+00,1.9295e-01
4.3200e+03,4.8008e-01,2.4236e+00,1.5002e+01,2.8245e+00,1.9311e-01
4.3300e+03,4.7839e-01,2.4221e+00,1.5002e+01,2.8260e+00,1.9327e-01
4.3400e+03,4.7670e-01,2.4206e+00,1.5002e+01,2.8275e+00,1.9343e-01
4.3500e+03,4.7502e-01,2.4190e+00,1.5002e+01,2.8291e+00,1.9358e-01
4.3600e+03,4.7335e-01,2.4175e+00,1.5002e+01,2.8306e+00,1.9374e-01
4.3700e+03,4.7168e-01,2.4160e+00,1.5002e+01,2.8321e+00,1.9390e-01
4.3800e+03,4.7002e-01,2.4145e+00,1.5002e+01,2.8336e+00,1.9405e-01
4.3900e+03,4.6837e-01,2.4130e+00,1.5002e+01,2.8351e+00,1.9421e-01
4.4000e+03,4.6672e-01,2.4115e+00,1.5002e+01,2.8366e+00,1.9436e-01
4.4100e+03,4.6508e-01,2.4100e+00,1.5002e+01,2.8381e+00,1.9452e-01
4.4200e+03,4.6345e-01,2.4086e+00,1.5002e+01,2.8396e+00,1.9467e-01
4.4300e+03,4.6182e-01,2.4071e+00,1.5002e+01,2.8410e+00,1.9482e-01
4.4400e+03,4.6020e-01,2.4056e+00,1.5002e+01,2.8425e+00,1.9498e-01
4.4500e+03,4.5859e-01,2.4041e+00,1.5002e+01,2.8440e+00,1.9513e-01
4.4600e+03,4.5698e-01,2.4027e+00,1.5002e+01,2.8454e+00,1.9528e-01
4.4700e+03,4.5538e-01,2.4012e+00,1.5002e+01,2.8469e+00,1.9543e-01
4.4800e+03,4.5379e-01,2.3998e+00,1.5002e+01,2.8483e+00,1.9558e-01
4.4900e+03,4.5220e-01,2.3984e+00,1.5002e+01,2.8497e+00,1.9573e-01
4.5000e+03,4.5062e-01,2.3969e+00,1.5002e+01,2.8512e+00,1.9588e-01
4.5100e+03,4.4904e-01,2.3955e+00,1.5002e+01,2.8526e+00,1.9603e-01
4.5200e+03,4.4747e-01,2.3941e+00,1.5002e+01,2.8540e+00,1.9618e-01
4.5300e+03,4.4591e-01,2.3927e+00,1.5002e+01,2.8554e+00,1.9632e-01
4.5400e+03,4.4436e-01,2.3913e+00,1.5002e+01,2.8568e+00,1.9647e-01
4.5500e+03,4.4281e-01,2.3898e+00,1.5002e+01,2.8582e+00,1.9662e-01
4.5600e+03,4.4126e-01,2.3885e+00,1.5002e+01,2.8596e+00,1.9676e-01
4.5700e+03,4.3973e-01,2.3871e+00,1.5002e+01,2.8610e+00,1.9691e-01
4.5800e+03,4.3819e-01,2.3857e+00,1.5002e+01,2.8624e+00,1.9706e-01
4.5900e+03,4.3667e-01,2.3843e+00,1.5002e+01,2.8638e+00,1.9720e-01
4.6000e+03,4.3515e-01,2.3829e+00,1.5002e+01,2.8652e+00,1.9734e-01
4.6100e+03,4.3364e-01,2.3815e+00,1.5002e+01,2.8665e+00,1.9749e-01
4.6200e+03,4.3213e-01,2.3802e+00,1.5002e+01,2.8679e+00,1.9763e-01
4.6300e+03,4.3063e-01,2.3788e+00,1.5002e+01,2.8693e+00,1.9777e-01
4.6400e+03,4.2914e-01,2.3775e+00,1.5002e+01,2.8706e+00,1.9792e-01
4.6500e+03,4.2765e-01,2.3761e+00,1.5002e+01,2.8720e+00,1.9806e-01
4.6600e+03,4.2616e-01,2.3748e+00,1.5002e+01,2.8733e+00,1.9820e-01
4.6700e+03,4.2469e-01,2.3734e+00,1.5002e+01,2.8746e+00,1.9834e-01
4.6800e+03,4.2322e-01,2.3721e+00,1.5002e+01,2.8760e+00,1.9848e-01
4.6900e+03,4.2175e-01,2.3708e+00,1.5002e+01,2.8773e+00,1.9862e-01
4.7000e+03,4.2029e-01,2.3695e+00,1.5002e+01,2.8786e+00,1.9876e-01
4.7100e+03,4.1884e-01,2.3681e+00,1.5002e+01,2.8799e+00,1.9890e-01
4.7200e+03,4.1739e-01,2.3668e+00,1.5002e+01,2.8812e+00,1.9904e-01
4.7300e+03,4.1595e-01,2.3655e+00,1.5002e+01,2.8825e+00,1.9917e-01
4.7400e+03,4.1451e-01,2.3642e+00,1.5002e+01,2.8838e+00,1.9931e-01
4.7500e+03,4.1308e-01,2.3629e+00,1.5002e+01,2.8851e+00,1.9945e-01
4.7600e+03,4.1166e-01,2.3616e+00,1.5002e+01,2.8864e+00,1.9958e-01
4.7700e+03,4.1024e-01,2.3604e+00,1.5002e+01,2.8877e+00,1.9972e-01
4.7800e+03,4.0882e-01,2.3591e+00,1.5002e+01,2.8890e+00,1.9986e-01
4.7900e+03,4.0741e-01,2.3578e+00,1.5002e+01,2.8903e+00,1.9999e-01
4.8000e+03,4.0601e-01,2.3565e+00,1.5002e+01,2.8915e+00,2.0012e-01
4.8100e+03,4.0461e-01,2.3553e+00,1.5002e+01,2.8928e+00,2.0026e-01
4.8200e+03,4.0322e-01,2.3540e+00,1.5002e+01,2.8941e+00,2.0039e-01
4.8300e+03,4.0183e-01,2.3528e+00,1.5002e+01,2.8953e+00,2.0053e-01
4.8400e+03,4.0045e-01,2.3515e+00,1.5002e+01,2.8966e+00,2.0066e-01
4.8500e+03,3.9908e-01,2.3503e+00,1.5002e+01,2.8978e+00,2.0079e-01
4.8600e+03,3.9771e-01,2.3490e+00,1.5002e+01,2.8990e+00,2.0092e-01
4.8700e+03,3.9634e-01,2.3478e+00,1.5002e+01,2.9003e+00,2.0105e-01
4.8800e+03,3.9498e-01,2.3466e+00,1.5002e+01,2.9015e+00,2.0118e-01
4.8900e+03,3.9363e-01,2.3453e+00,1.5002e+01,2.9027e+00,2.0131e-01
4.9000e+03,3.9228e-01,2.3441e+00,1.5002e+01,2.9039e+00,2.0144e-01
4.9100e+03,3.9094e-01,2.3429e+00,1.5002e+01,2.9052e+00,2.0157e-01
4.9200e+03,3.8960e-01,2.3417e+00,1.5002e+01,2.9064e+00,2.0170e-01
4.9300e+03,3.8826e-01,2.3405e+00,1.5002e+01,2.9076e+00,2.0183e-01
4.9400e+03,3.8694e-01,2.3393e+00,1.5002e+01,2.9088e+00,2.0196e-01
4.9500e+03,3.8561e-01,2.3381e+00,1.5002e+01,2.9100e+00,2.0209e-01
4.9600e+03,3.8429e-01,2.3369e+00,1.5002e+01,2.9112e+00,2.0222e-01
4.9700e+03,3.8298e-01,2.3357e+00,1.5002e+01,2.9123e+00,2.0234e-01
4.9800e+03,3.8167e-01,2.3345e+00,1.5002e+01,2.9135e+00,2.0247e-01
4.9900e+03,3.8037e-01,2.3334e+00,1.5002e+01,2.9147e+00,2.0259e-01
5.0000e+03,3.7907e-01,2.3322e+00,1.5002e+01,2.9159e+00,2.0272e-01
5.0100e+03,3.7778e-01,2.3310e+00,1.5002e+01,2.9170e+00,2.0285e-01
5.0200e+03,3.7649e-01,2.3298e+00,1.5002e+01,2.9182e+00,2.0297e-01
5.0300e+03,3.7521e-01,2.3287e+00,1.5002e+01,2.9194e+00,2.0309e-01
5.0400e+03,3.7393e-01,2.3275e+00,1.5002e+01,2.9205e+00,2.0322e-01
5.0500e+03,3.7266e-01,2.3264e+00,1.5002e+01,2.9217e+00,2.0334e-01
5.0600e+03,3.7139e-01,2.3252e+00,1.5002e+01,2.9228e+00,2.0347e-01
5.0700e+03,3.7013e-01,2.3241e+00,1.5002e+01,2.9240e+00,2.0359e-01
5.0800e+03,3.6887e-01,2.3230e+00,1.5002e+01,2.9251e+00,2.0371e-01
5.0900e+03,3.6762e-01,2.3218e+00,1.5002e+01,2.9262e+00,2.0383e-01
5.1000e+03,3.6637e-01,2.3207e+00,1.5002e+01,2.9273e+00,2.0395e-01
5.1100e+03,3.6513e-01,2.3196e+00,1.5002e+01,2.9285e+00,2.0407e-01
5.1200e+03,3.6389e-01,2.3185e+00,1.5002e+01,2.9296e+00,2.0419e-01
5.1300e+03,3.6265e-01,2.3173e+00,1.5002e+01,2.9307e+00,2.0432e-01
5.1400e+03,3.6142e-01,2.3162e+00,1.5002e+01,2.9318e+00,2.0443e-01
5.1500e+03,3.6020e-01,2.3151e+00,1.5002e+01,2.9329e+00,2.0455e-01
5.1600e+03,3.5898e-01,2.3140e+00,1.5002e+01,2.9340e+00,2.0467e-01
5.1700e+03,3.5776e-01,2.3129e+00,1.5002e+01,2.9351e+00,2.0479e-01
5.1800e+03,3.5655e-01,2.3118e+00,1.5002e+01,2.9362e+00,2.0491e-01
5.1900e+03,3.5534e-01,2.3107e+00,1.5002e+01,2.9373e+00,2.0503e-01
5.2000e+03,3.5414e-01,2.3097e+00,1.5002e+01,2.9384e+00,2.0514e-01
5.2100e+03,3.5295e-01,2.3086e+00,1.5002e+01,2.9395e+00,2.0526e-01
5.2200e+03,3.5175e-01,2.3075e+00,1.5002e+01,2.9405e+00,2.0538e-01
5.2300e+03,3.5056e-01,2.3064e+00,1.5002e+01,2.9416e+00,2.0549e-01
5.2400e+03,3.4938e-01,2.3054e+00,1.5002e+01,2.9427e+00,2.0561e-01
5.2500e+03,3.4820e-01,2.3043e+00,1.5002e+01,2.9437e+00,2.0573e-01
5.2600e+03,3.4703e-01,2.3032e+00,1.5002e+01,2.9448e+00,2.0584e-01
5.2700e+03,3.4586e-01,2.3022e+00,1.5002e+01,2.9459e+00,2.0596e-01
5.2800e+03,3.4469e-01,2.3011e+00,1.5002e+01,2.9469e+00,2.0607e-01
5.2900e+03,3.4353e-01,2.3001e+00,1.5002e+01,2.9480e+00,2.0618e-01
5.3000e+03,3.4237e-01,2.2990e+00,1.5002e+01,2.9490e+00,2.0630e-01
5.3100e+03,3.4122e-01,2.2980e+00,1.5002e+01,2.9500e+00,2.0641e-01
5.3200e+03,3.4007e-01,2.2970e+00,1.5002e+01,2.9511e+00,2.0652e-01
5.3300e+03,3.3893e-01,2.2959e+00,1.5002e+01,2.9521e+00,2.0663e-01
5.3400e+03,3.3779e-01,2.2949e+00,1.5002e+01,2.9531e+00,2.0675e-01
5.3500e+03,3.3665e-01,2.2939e+00,1.5002e+01,2.9542e+00,2.0686e-01
5.3600e+03,3.3552e-01,2.2929e+00,1.5002e+01,2.9552e+00,2.0697e-01
5.3700e+03,3.3439e-01,2.2918e+00,1.5002e+01,2.9562e+00,2.0708e-01
5.3800e+03,3.3327e-01,2.2908e+00,1.5002e+01,2.9572e+00,2.0719e-01
5.3900e+03,3.3215e-01,2.2898e+00,1.5002e+01,2.9582e+00,2.0730e-01
5.4000e+03,3.3104e-01,2.2888e+00,1.5002e+01,2.9592e+00,2.0741e-01
5.4100e+03,3.2993e-01,2.2878e+00,1.5002e+01,2.9602e+00,2.0752e-01
5.4200e+03,3.2882e-01,2.2868e+00,1.5002e+01,2.9612e+00,2.0763e-01
5.4300e+03,3.2772e-01,2.2858e+00,1.5002e+01,2.9622e+00,2.0774e-01
5.4400e+03,3.2662e-01,2.2848e+00,1.5002e+01,2.9632e+00,2.0785e-01
5.4500e+03,3.2553e-01,2.2838e+00,1.5002e+01,2.9642e+00,2.0795e-01
5.4600e+03,3.2444e-01,2.2829e+00,1.5002e+01,2.9652e+00,2.0806e-01
5.4700e+03,3.2336e-01,2.2819e+00,1.5002e+01,2.9661e+00,2.0817e-01
5.4800e+03,3.2227e-01,2.2809e+00,1.5002e+01,2.9671e+00,2.0828e-01
5.4900e+03,3.2120e-01,2.2799e+00,1.5002e+01,2.9681e+00,2.0838e-01
5.5000e+03,3.2012e-01,2.2790e+00,1.5002e+01,2.9691e+00,2.0849e-01
5.5100e+03,3.1905e-01,2.2780e+00,1.5002e+01,2.9700e+00,2.0859e-01
5.5200e+03,3.1799e-01,2.2770e+00,1.5002e+01,2.9710e+00,2.0870e-01
5.5300e+03,3.1693e-01,2.2761e+00,1.5002e+01,2.9719e+00,2.0880e-01
5.5400e+03,3.1587e-01,2.2751e+00,1.5002e+01,2.9729e+00,2.0891e-01
5.5500e+03,3.1482e-01,2.2742e+00,1.5002e+01,2.9738e+00,2.0901e-01
5.5600e+03,3.1377e-01,2.2732e+00,1.5002e+01,2.9748e+00,2.0912e-01
5.5700e+03,3.1272e-01,2.2723e+00,1.5002e+01,2.9757e+00,2.0922e-01
5.5800e+03,3.1168e-01,2.2713e+00,1.5002e+01,2.9767e+00,2.0932e-01
5.5900e+03,3.1064e-01,2.2704e+00,1.5002e+01,2.9776e+00,2.0943e-01
5.6000e+03,3.0961e-01,2.2695e+00,1.5002e+01,2.9785e+00,2.0953e-01
5.6100e+03,3.0858e-01,2.2686e+00,1.5002e+01,2.9795e+00,2.0963e-01
5.6200e+03,3.0755e-01,2.2676e+00,1.5002e+01,2.9804e+00,2.0973e-01
5.6300e+03,3.0653e-01,2.2667e+00,1.5002e+01,2.9813e+00,2.0984e-01
5.6400e+03,3.0551e-01,2.2658e+00,1.5002e+01,2.9822e+00,2.0994e-01
5.6500e+03,3.0449e-01,2.2649e+00,1.5002e+01,2.9831e+00,2.1004e-01
5.6600e+03,3.0348e-01,2.2640e+00,1.5002e+01,2.9840e+00,2.1014e-01
5.6700e+03,3.0247e-01,2.2631e+00,1.5002e+01,2.9850e+00,2.1024e-01
5.6800e+03,3.0147e-01,2.2621e+00,1.5002e+01,2.9859e+00,2.1034e-01
5.6900e+03,3.0047e-01,2.2612e+00,1.5002e+01,2.9868e+00,2.1044e-01
5.7000e+03,2.9947e-01,2.2603e+00,1.5002e+01,2.9877e+00,2.1054e-01
5.7100e+03,2.9848e-01,2.2595e+00,1.5002e+01,2.9886e+00,2.1064e-01
5.7200e+03,2.9749e-01,2.2586e+00,1.5002e+01,2.9894e+00,2.1073e-01
5.7300e+03,2.9650e-01,2.2577e+00,1.5002e+01,2.9903e+00,2.1083e-01
5.7400e+03,2.9552e-01,2.2568e+00,1.5002e+01,2.9912e+00,2.1093e-01
5.7500e+03,2.9454e-01,2.2559e+00,1.5002e+01,2.9921e+00,2.1103e-01
5.7600e+03,2.9357e-01,2.2550e+00,1.5002e+01,2.9930e+00,2.1113e-01
5.7700e+03,2.9260e-01,2.2542e+00,1.5002e+01,2.9939e+00,2.1122e-01
5.7800e+03,2.9163e-01,2.2533e+00,1.5002e+01,2.9947e+00,2.1132e-01
5.7900e+03,2.9066e-01,2.2524e+00,1.5002e+01,2.9956e+00,2.1142e-01
5.8000e+03,2.8970e-01,2.2515e+00,1.5002e+01,2.9965e+00,2.1151e-01
5.8100e+03,2.8875e-01,2.2507e+00,1.5002e+01,2.9973e+00,2.1161e-01
5.8200e+03,2.8779e-01,2.2498e+00,1.5002e+01,2.9982e+00,2.1170e-01
5.8300e+03,2.8684e-01,2.2490e+00,1.5002e+01,2.9990e+00,2.1180e-01
5.8400e+03,2.8589e-01,2.2481e+00,1.5002e+01,2.9999e+00,2.1189e-01
5.8500e+03,2.8495e-01,2.2473e+00,1.5002e+01,3.0007e+00,2.1199e-01
5.8600e+03,2.8401e-01,2.2464e+00,1.5002e+01,3.0016e+00,2.1208e-01
5.8700e+03,2.8307e-01,2.2456e+00,1.5002e+01,3.0024e+00,2.1217e-01
5.8800e+03,2.8214e-01,2.2447e+00,1.5002e+01,3.0033e+00,2.1227e-01
5.8900e+03,2.8121e-01,2.2439e+00,1.5002e+01,3.0041e+00,2.1236e-01
5.9000e+03,2.8028e-01,2.2431e+00,1.5002e+01,3.0049e+00,2.1245e-01
5.9100e+03,2.7936e-01,2.2422e+00,1.5002e+01,3.0058e+00,2.1255e-01
5.9200e+03,2.7844e-01,2.2414e+00,1.5002e+01,3.0066e+00,2.1264e-01
5.9300e+03,2.7753e-01,2.2406e+00,1.5002e+01,3.0074e+00,2.1273e-01
5.9400e+03,2.7661e-01,2.2398e+00,1.5002e+01,3.0082e+00,2.1282e-01
5.9500e+03,2.7570e-01,2.2389e+00,1.5002e+01,3.0091e+00,2.1291e-01
5.9600e+03,2.7480e-01,2.2381e+00,1.5002e+01,3.0099e+00,2.1301e-01
5.9700e+03,2.7389e-01,2.2373e+00,1.5002e+01,3.0107e+00,2.1310e-01
5.9800e+03,2.7299e-01,2.2365e+00,1.5002e+01,3.0115e+00,2.1319e-01
5.9900e+03,2.7210e-01,2.2357e+00,1.5002e+01,3.0123e+00,2.1328e-01
6.0000e+03,2.7120e-01,2.2349e+00,1.5002e+01,3.0131e+00,2.1337e-01
6.0100e+03,2.7031e-01,2.2341e+00,1.5002e+01,3.0139e+00,2.1346e-01
6.0200e+03,2.6943e-01,2.2333e+00,1.5002e+01,3.0147e+00,2.1355e-01
6.0300e+03,2.6854e-01,2.2325e+00,1.5002e+01,3.0155e+00,2.1363e-01
6.0400e+03,2.6766e-01,2.2317e+00,1.5002e+01,3.0163e+00,2.1372e-01
6.0500e+03,2.6678e-01,2.2309e+00,1.5002e+01,3.0171e+00,2.1381e-01
6.0600e+03,2.6591e-01,2.2301e+00,1.5002e+01,3.0179e+00,2.1390e-01
6.0700e+03,2.6504e-01,2.2293e+00,1.5002e+01,3.0186e+00,2.1399e-01
6.0800e+03,2.6417e-01,2.2286e+00,1.5002e+01,3.0194e+00,2.1407e-01
6.0900e+03,2.6330e-01,2.2278e+00,1.5002e+01,3.0202e+00,2.1416e-01
6.1000e+03,2.6244e-01,2.2270e+00,1.5002e+01,3.0210e+00,2.1425e-01
6.1100e+03,2.6158e-01,2.2262e+00,1.5002e+01,3.0217e+00,2.1434e-01
6.1200e+03,2.6073e-01,2.2255e+00,1.5002e+01,3.0225e+00,2.1442e-01
6.1300e+03,2.5988e-01,2.2247e+00,1.5002e+01,3.0233e+00,2.1451e-01
6.1400e+03,2.5903e-01,2.2239e+00,1.5002e+01,3.0240e+00,2.1459e-01
6.1500e+03,2.5818e-01,2.2232e+00,1.5002e+01,3.0248e+00,2.1468e-01
6.1600e+03,2.5734e-01,2.2224e+00,1.5002e+01,3.0256e+00,2.1477e-01
6.1700e+03,2.5649e-01,2.2217e+00,1.5002e+01,3.0263e+00,2.1485e-01
6.1800e+03,2.5566e-01,2.2209e+00,1.5002e+01,3.0271e+00,2.1493e-01
6.1900e+03,2.5482e-01,2.2202e+00,1.5002e+01,3.0278e+00,2.1502e-01
6.2000e+03,2.5399e-01,2.2194e+00,1.5002e+01,3.0286e+00,2.1510e-01
6.2100e+03,2.5316e-01,2.2187e+00,1.5002e+01,3.0293e+00,2.1519e-01
6.2200e+03,2.5234e-01,2.2179e+00,1.5002e+01,3.0301e+00,2.1527e-01
6.2300e+03,2.5151e-01,2.2172e+00,1.5002e+01,3.0308e+00,2.1535e-01
6.2400e+03,2.5069e-01,2.2164e+00,1.5002e+01,3.0315e+00,2.1544e-01
6.2500e+03,2.4988e-01,2.2157e+00,1.5002e+01,3.0323e+00,2.1552e-01
6.2600e+03,2.4906e-01,2.2150e+00,1.5002e+01,3.0330e+00,2.1560e-01
6.2700e+03,2.4825e-01,2.2142e+00,1.5002e+01,3.0337e+00,2.1569e-01
6.2800e+03,2.4744e-01,2.2135e+00,1.5002e+01,3.0345e+00,2.1577e-01
6.2900e+03,2.4664e-01,2.2128e+00,1.5002e+01,3.0352e+00,2.1585e-01
6.3000e+03,2.4584e-01,2.2121e+00,1.5002e+01,3.0359e+00,2.1593e-01
6.3100e+03,2.4504e-01,2.2114e+00,1.5002e+01,3.0366e+00,2.1601e-01
6.3200e+03,2.4424e-01,2.2106e+00,1.5002e+01,3.0373e+00,2.1609e-01
6.3300e+03,2.4345e-01,2.2099e+00,1.5002e+01,3.0381e+00,2.1617e-01
6.3400e+03,2.4265e-01,2.2092e+00,1.5002e+01,3.0388e+00,2.1625e-01
6.3500e+03,2.4187e-01,2.2085e+00,1.5002e+01,3.0395e+00,2.1633e-01
6.3600e+03,2.4108e-01,2.2078e+00,1.5002e+01,3.0402e+00,2.1641e-01
6.3700e+03,2.4030e-01,2.2071e+00,1.5002e+01,3.0409e+00,2.1649e-01
6.3800e+03,2.3952e-01,2.2064e+00,1.5002e+01,3.0416e+00,2.1657e-01
6.3900e+03,2.3874e-01,2.2057e+00,1.5002e+01,3.0423e+00,2.1665e-01
6.4000e+03,2.3796e-01,2.2050e+00,1.5002e+01,3.0430e+00,2.1673e-01
6.4100e+03,2.3719e-01,2.2043e+00,1.5002e+01,3.0437e+00,2.1681e-01
6.4200e+03,2.3642e-01,2.2036e+00,1.5002e+01,3.0444e+00,2.1689e-01
6.4300e+03,2.3566e-01,2.2029e+00,1.5002e+01,3.0450e+00,2.1697e-01
6.4400e+03,2.3489e-01,2.2022e+00,1.5002e+01,3.0457e+00,2.1704e-01
6.4500e+03,2.3413e-01,2.2016e+00,1.5002e+01,3.0464e+00,2.1712e-01
6.4600e+03,2.3337e-01,2.2009e+00,1.5002e+01,3.0471e+00,2.1720e-01
6.4700e+03,2.3262e-01,2.2002e+00,1.5002e+01,3.0478e+00,2.1728e-01
6.4800e+03,2.3187e-01,2.1995e+00,1.5002e+01,3.0485e+00,2.1735e-01
6.4900e+03,2.3111e-01,2.1988e+00,1.5002e+01,3.0491e+00,2.1743e-01
6.5000e+03,2.3037e-01,2.1982e+00,1.5002e+01,3.0498e+00,2.1751e-01
6.5100e+03,2.2962e-01,2.1975e+00,1.5002e+01,3.0505e+00,2.1758e-01
6.5200e+03,2.2888e-01,2.1968e+00,1.5002e+01,3.0511e+00,2.1766e-01
6.5300e+03,2.2814e-01,2.1962e+00,1.5002e+01,3.0518e+00,2.1773e-01
6.5400e+03,2.2740e-01,2.1955e+00,1.5002e+01,3.0525e+00,2.1781e-01
6.5500e+03,2.2667e-01,2.1948e+00,1.5002e+01,3.0531e+00,2.1788e-01
6.5600e+03,2.2593e-01,2.1942e+00,1.5002e+01,3.0538e+00,2.1796e-01
6.5700e+03,2.2521e-01,2.1935e+00,1.5002e+01,3.0544e+00,2.1803e-01
6.5800e+03,2.2448e-01,2.1929e+00,1.5002e+01,3.0551e+00,2.1811e-01
6.5900e+03,2.2375e-01,2.1922e+00,1.5002e+01,3.0557e+00,2.1818e-01
6.6000e+03,2.2303e-01,2.1916e+00,1.5002e+01,3.0564e+00,2.1826e-01
6.6100e+03,2.2231e-01,2.1909e+00,1.5002e+01,3.0570e+00,2.1833e-01
6.6200e+03,2.2159e-01,2.1903e+00,1.5002e+01,3.0577e+00,2.1840e-01
6.6300e+03,2.2088e-01,2.1896e+00,1.5002e+01,3.0583e+00,2.1848e-01
6.6400e+03,2.2017e-01,2.1890e+00,1.5002e+01,3.0590e+00,2.1855e-01
6.6500e+03,2.1946e-01,2.1884e+00,1.5002e+01,3.0596e+00,2.1862e-01
6.6600e+03,2.1875e-01,2.1877e+00,1.5002e+01,3.0602e+00,2.1869e-01
6.6700e+03,2.1805e-01,2.1871e+00,1.5002e+01,3.0609e+00,2.1877e-01
6.6800e+03,2.1735e-01,2.1865e+00,1.5002e+01,3.0615e+00,2.1884e-01
6.6900e+03,2.1665e-01,2.1858e+00,1.5002e+01,3.0621e+00,2.1891e-01
6.7000e+03,2.1595e-01,2.1852e+00,1.5002e+01,3.0627e+00,2.1898e-01
6.7100e+03,2.1525e-01,2.1846e+00,1.5002e+01,3.0634e+00,2.1905e-01
6.7200e+03,2.1456e-01,2.1840e+00,1.5002e+01,3.0640e+00,2.1912e-01
6.7300e+03,2.1387e-01,2.1834e+00,1.5002e+01,3.0646e+00,2.1920e-01
6.7400e+03,2.1318e-01,2.1827e+00,1.5002e+01,3.0652e+00,2.1927e-01
6.7500e+03,2.1250e-01,2.1821e+00,1.5002e+01,3.0658e+00,2.1934e-01
6.7600e+03,2.1181e-01,2.1815e+00,1.5002e+01,3.0664e+00,2.1941e-01
6.7700e+03,2.1113e-01,2.1809e+00,1.5002e+01,3.0671e+00,2.1948e-01
6.7800e+03,2.1046e-01,2.1803e+00,1.5002e+01,3.0677e+00,2.1955e-01
6.7900e+03,2.0978e-01,2.1797e+00,1.5002e+01,3.0683e+00,2.1962e-01
6.8000e+03,2.0911e-01,2.1791e+00,1.5002e+01,3.0689e+00,2.1968e-01
6.8100e+03,2.0844e-01,2.1785e+00,1.5002e+01,3.0695e+00,2.1975e-01
6.8200e+03,2.0777e-01,2.1779e+00,1.5002e+01,3.0701e+00,2.1982e-01
6.8300e+03,2.0710e-01,2.1773e+00,1.5002e+01,3.0707e+00,2.1989e-01
6.8400e+03,2.0644e-01,2.1767e+00,1.5002e+01,3.0713e+00,2.1996e-01
6.8500e+03,2.0577e-01,2.1761e+00,1.5002e+01,3.0719e+00,2.2003e-01
6.8600e+03,2.0511e-01,2.1755e+00,1.5002e+01,3.0725e+00,2.2010e-01
6.8700e+03,2.0446e-01,2.1749e+00,1.5002e+01,3.0730e+00,2.2016e-01
6.8800e+03,2.0380e-01,2.1743e+00,1.5002e+01,3.0736e+00,2.2023e-01
6.8900e+03,2.0315e-01,2.1737e+00,1.5002e+01,3.0742e+00,2.2030e-01
6.9000e+03,2.0250e-01,2.1731e+00,1.5002e+01,3.0748e+00,2.2037e-01
6.9100e+03,2.0185e-01,2.1726e+00,1.5002e+01,3.0754e+00,2.2043e-01
6.9200e+03,2.0120e-01,2.1720e+00,1.5002e+01,3.0760e+00,2.2050e-01
6.9300e+03,2.0056e-01,2.1714e+00,1.5002e+01,3.0765e+00,2.2057e-01
6.9400e+03,1.9992e-01,2.1708e+00,1.5002e+01,3.0771e+00,2.2063e-01
6.9500e+03,1.9928e-01,2.1703e+00,1.5002e+01,3.0777e+00,2.2070e-01
6.9600e+03,1.9864e-01,2.1697e+00,1.5002e+01,3.0783e+00,2.2076e-01
6.9700e+03,1.9801e-01,2.1691e+00,1.5002e+01,3.0788e+00,2.2083e-01
6.9800e+03,1.9737e-01,2.1685e+00,1.5002e+01,3.0794e+00,2.2090e-01
6.9900e+03,1.9674e-01,2.1680e+00,1.5002e+01,3.0800e+00,2.2096e-01
7.0000e+03,1.9611e-01,2.1674e+00,1.5002e+01,3.0805e+00,2.2103e-01
7.0100e+03,1.9549e-01,2.1669e+00,1.5002e+01,3.0811e+00,2.2109e-01
7.0200e+03,1.9486e-01,2.1663e+00,1.5002e+01,3.0817e+00,2.2115e-01
7.0300e+03,1.9424e-01,2.1657e+00,1.5002e+01,3.0822e+00,2.2122e-01
7.0400e+03,1.9362e-01,2.1652e+00,1.5002e+01,3.0828e+00,2.2128e-01
7.0500e+03,1.9300e-01,2.1646e+00,1.5002e+01,3.0833e+00,2.2135e-01
7.0600e+03,1.9239e-01,2.1641e+00,1.5002e+01,3.0839e+00,2.2141e-01
7.0700e+03,1.9177e-01,2.1635e+00,1.5002e+01,3.0844e+00,2.2147e-01
7.0800e+03,1.9116e-01,2.1630e+00,1.5002e+01,3.0850e+00,2.2154e-01
7.0900e+03,1.9055e-01,2.1624e+00,1.5002e+01,3.0855e+00,2.2160e-01
7.1000e+03,1.8994e-01,2.1619e+00,1.5002e+01,3.0861e+00,2.2166e-01
7.1100e+03,1.8934e-01,2.1613e+00,1.5002e+01,3.0866e+00,2.2173e-01
7.1200e+03,1.8874e-01,2.1608e+00,1.5002e+01,3.0871e+00,2.2179e-01
7.1300e+03,1.8813e-01,2.1603e+00,1.5002e+01,3.0877e+00,2.2185e-01
7.1400e+03,1.8753e-01,2.1597e+00,1.5002e+01,3.0882e+00,2.2191e-01
7.1500e+03,1.8694e-01,2.1592e+00,1.5002e+01,3.0888e+00,2.2198e-01
7.1600e+03,1.8634e-01,2.1587e+00,1.5002e+01,3.0893e+00,2.2204e-01
7.1700e+03,1.8575e-01,2.1581e+00,1.5002e+01,3.0898e+00,2.2210e-01
7.1800e+03,1.8516e-01,2.1576e+00,1.5002e+01,3.0903e+00,2.2216e-01
7.1900e+03,1.8457e-01,2.1571e+00,1.5002e+01,3.0909e+00,2.2222e-01
7.2000e+03,1.8398e-01,2.1565e+00,1.5002e+01,3.0914e+00,2.2228e-01
7.2100e+03,1.8340e-01,2.1560e+00,1.5002e+01,3.0919e+00,2.2234e-01
7.2200e+03,1.8281e-01,2.1555e+00,1.5002e+01,3.0925e+00,2.2240e-01
7.2300e+03,1.8223e-01,2.1550e+00,1.5002e+01,3.0930e+00,2.2246e-01
7.2400e+03,1.8165e-01,2.1544e+00,1.5002e+01,3.0935e+00,2.2252e-01
7.2500e+03,1.8108e-01,2.1539e+00,1.5002e+01,3.0940e+00,2.2258e-01
7.2600e+03,1.8050e-01,2.1534e+00,1.5002e+01,3.0945e+00,2.2264e-01
7.2700e+03,1.7993e-01,2.1529e+00,1.5002e+01,3.0950e+00,2.2270e-01
7.2800e+03,1.7936e-01,2.1524e+00,1.5002e+01,3.0955e+00,2.2276e-01
7.2900e+03,1.7879e-01,2.1519e+00,1.5002e+01,3.0961e+00,2.2282e-01
7.3000e+03,1.7822e-01,2.1514e+00,1.5002e+01,3.0966e+00,2.2288e-01
7.3100e+03,1.7765e-01,2.1509e+00,1.5002e+01,3.0971e+00,2.2294e-01
7.3200e+03,1.7709e-01,2.1504e+00,1.5002e+01,3.0976e+00,2.2300e-01
7.3300e+03,1.7653e-01,2.1499e+00,1.5002e+01,3.0981e+00,2.2306e-01
7.3400e+03,1.7597e-01,2.1494e+00,1.5002e+01,3.0986e+00,2.2312e-01
7.3500e+03,1.7541e-01,2.1489e+00,1.5002e+01,3.0991e+00,2.2317e-01
7.3600e+03,1.7485e-01,2.1484e+00,1.5002e+01,3.0996e+00,2.2323e-01
7.3700e+03,1.7430e-01,2.1479e+00,1.5002e+01,3.1001e+00,2.2329e-01
7.3800e+03,1.7375e-01,2.1474e+00,1.5002e+01,3.1006e+00,2.2335e-01
7.3900e+03,1.7320e-01,2.1469e+00,1.5002e+01,3.1011e+00,2.2341e-01
7.4000e+03,1.7265e-01,2.1464e+00,1.5002e+01,3.1016e+00,2.2346e-01
7.4100e+03,1.7210e-01,2.1459e+00,1.5002e+01,3.1020e+00,2.2352e-01
7.4200e+03,1.7156e-01,2.1454e+00,1.5002e+01,3.1025e+00,2.2358e-01
7.4300e+03,1.7101e-01,2.1449e+00,1.5002e+01,3.1030e+00,2.2363e-01
7.4400e+03,1.7047e-01,2.1444e+00,1.5002e+01,3.1035e+00,2.2369e-01
7.4500e+03,1.6993e-01,2.1439e+00,1.5002e+01,3.1040e+00,2.2375e-01
7.4600e+03,1.6940e-01,2.1435e+00,1.5002e+01,3.1045e+00,2.2380e-01
7.4700e+03,1.6886e-01,2.1430e+00,1.5002e+01,3.1050e+00,2.2386e-01
7.4800e+03,1.6833e-01,2.1425e+00,1.5002e+01,3.1054e+00,2.2391e-01
7.4900e+03,1.6779e-01,2.1420e+00,1.5002e+01,3.1059e+00,2.2397e-01
7.5000e+03,1.6726e-01,2.1415e+00,1.5002e+01,3.1064e+00,2.2403e-01
7.5100e+03,1.6673e-01,2.1411e+00,1.5002e+01,3.1069e+00,2.2408e-01
7.5200e+03,1.6621e-01,2.1406e+00,1.5002e+01,3.1073e+00,2.2414e-01
7.5300e+03,1.6568e-01,2.1401e+00,1.5002e+01,3.1078e+00,2.2419e-01
7.5400e+03,1.6516e-01,2.1397e+00,1.5002e+01,3.1083e+00,2.2425e-01
7.5500e+03,1.6464e-01,2.1392e+00,1.5002e+01,3.1087e+00,2.2430e-01
7.5600e+03,1.6412e-01,2.1387e+00,1.5002e+01,3.1092e+00,2.2435e-01
7.5700e+03,1.6360e-01,2.1383e+00,1.5002e+01,3.1097e+00,2.2441e-01
7.5800e+03,1.6308e-01,2.1378e+00,1.5002e+01,3.1101e+00,2.2446e-01
7.5900e+03,1.6257e-01,2.1373e+00,1.5002e+01,3.1106e+00,2.2452e-01
7.6000e+03,1.6206e-01,2.1369e+00,1.5002e+01,3.1110e+00,2.2457e-01
7.6100e+03,1.6154e-01,2.1364e+00,1.5002e+01,3.1115e+00,2.2462e-01
7.6200e+03,1.6103e-01,2.1360e+00,1.5002e+01,3.1120e+00,2.2468e-01
7.6300e+03,1.6053e-01,2.1355e+00,1.5002e+01,3.1124e+00,2.2473e-01
7.6400e+03,1.6002e-01,2.1351e+00,1.5002e+01,3.1129e+00,2.2478e-01
7.6500e+03,1.5952e-01,2.1346e+00,1.5002e+01,3.1133e+00,2.2484e-01
7.6600e+03,1.5901e-01,2.1342e+00,1.5002e+01,3.1138e+00,2.2489e-01
7.6700e+03,1.5851e-01,2.1337e+00,1.5002e+01,3.1142e+00,2.2494e-01
7.6800e+03,1.5801e-01,2.1333e+00,1.5002e+01,3.1147e+00,2.2499e-01
7.6900e+03,1.5752e-01,2.1328e+00,1.5002e+01,3.1151e+00,2.2505e-01
7.7000e+03,1.5702e-01,2.1324e+00,1.5002e+01,3.1156e+00,2.2510e-01
7.7100e+03,1.5653e-01,2.1319e+00,1.5002e+01,3.1160e+00,2.2515e-01
7.7200e+03,1.5603e-01,2.1315e+00,1.5002e+01,3.1164e+00,2.2520e-01
7.7300e+03,1.5554e-01,2.1310e+00,1.5002e+01,3.1169e+00,2.2525e-01
7.7400e+03,1.5505e-01,2.1306e+00,1.5002e+01,3.1173e+00,2.2530e-01
7.7500e+03,1.5456e-01,2.1302e+00,1.5002e+01,3.1177e+00,2.2536e-01
7.7600e+03,1.5408e-01,2.1297e+00,1.5002e+01,3.1182e+00,2.2541e-01
7.7700e+03,1.5359e-01,2.1293e+00,1.5002e+01,3.1186e+00,2.2546e-01
7.7800e+03,1.5311e-01,2.1289e+00,1.5002e+01,3.1190e+00,2.2551e-01
7.7900e+03,1.5263e-01,2.1284e+00,1.5002e+01,3.1195e+00,2.2556e-01
7.8000e+03,1.5215e-01,2.1280e+00,1.5002e+01,3.1199e+00,2.2561e-01
7.8100e+03,1.5167e-01,2.1276e+00,1.5002e+01,3.1203e+00,2.2566e-01
7.8200e+03,1.5119e-01,2.1272e+00,1.5002e+01,3.1208e+00,2.2571e-01
7.8300e+03,1.5072e-01,2.1267e+00,1.5002e+01,3.1212e+00,2.2576e-01
7.8400e+03,1.5025e-01,2.1263e+00,1.5002e+01,3.1216e+00,2.2581e-01
7.8500e+03,1.4977e-01,2.1259e+00,1.5002e+01,3.1220e+00,2.2586e-01
7.8600e+03,1.4930e-01,2.1255e+00,1.5002e+01,3.1225e+00,2.2591e-01
7.8700e+03,1.4884e-01,2.1250e+00,1.5002e+01,3.1229e+00,2.2596e-01
7.8800e+03,1.4837e-01,2.1246e+00,1.5002e+01,3.1233e+00,2.2601e-01
7.8900e+03,1.4790e-01,2.1242e+00,1.5002e+01,3.1237e+00,2.2606e-01
7.9000e+03,1.4744e-01,2.1238e+00,1.5002e+01,3.1241e+00,2.2611e-01
7.9100e+03,1.4698e-01,2.1234e+00,1.5002e+01,3.1245e+00,2.2615e-01
7.9200e+03,1.4651e-01,2.1230e+00,1.5002e+01,3.1250e+00,2.2620e-01
7.9300e+03,1.4605e-01,2.1226e+00,1.5002e+01,3.1254e+00,2.2625e-01
7.9400e+03,1.4560e-01,2.1221e+00,1.5002e+01,3.1258e+00,2.2630e-01
7.9500e+03,1.4514e-01,2.1217e+00,1.5002e+01,3.1262e+00,2.2635e-01
7.9600e+03,1.4469e-01,2.1213e+00,1.5002e+01,3.1266e+00,2.2640e-01
7.9700e+03,1.4423e-01,2.1209e+00,1.5002e+01,3.1270e+00,2.2644e-01
7.9800e+03,1.4378e-01,2.1205e+00,1.5002e+01,3.1274e+00,2.2649e-01
7.9900e+03,1.4333e-01,2.1201e+00,1.5002e+01,3.1278e+00,2.2654e-01
8.0000e+03,1.4288e-01,2.1197e+00,1.5002e+01,3.1282e+00,2.2659e-01
8.0100e+03,1.4243e-01,2.1193e+00,1.5002e+01,3.1286e+00,2.2663e-01
8.0200e+03,1.4199e-01,2.1189e+00,1.5002e+01,3.1290e+00,2.2668e-01
8.0300e+03,1.4154e-01,2.1185e+00,1.5002e+01,3.1294e+00,2.2673e-01
8.0400e+03,1.4110e-01,2.1181e+00,1.5002e+01,3.1298e+00,2.2677e-01
8.0500e+03,1.4066e-01,2.1177e+00,1.5002e+01,3.1302e+00,2.2682e-01
8.0600e+03,1.4022e-01,2.1173e+00,1.5002e+01,3.1306e+00,2.2687e-01
8.0700e+03,1.3978e-01,2.1169e+00,1.5002e+01,3.1310e+00,2.2691e-01
8.0800e+03,1.3934e-01,2.1165e+00,1.5002e+01,3.1314e+00,2.2696e-01
8.0900e+03,1.3891e-01,2.1162e+00,1.5002e+01,3.1318e+00,2.2701e-01
8.1000e+03,1.3847e-01,2.1158e+00,1.5002e+01,3.1321e+00,2.2705e-01
8.1100e+03,1.3804e-01,2.1154e+00,1.5002e+01,3.1325e+00,2.2710e-01
8.1200e+03,1.3761e-01,2.1150e+00,1.5002e+01,3.1329e+00,2.2714e-01
8.1300e+03,1.3718e-01,2.1146e+00,1.5002e+01,3.1333e+00,2.2719e-01
8.1400e+03,1.3675e-01,2.1142e+00,1.5002e+01,3.1337e+00,2.2723e-01
8.1500e+03,1.3632e-01,2.1138e+00,1.5002e+01,3.1341e+00,2.2728e-01
8.1600e+03,1.3589e-01,2.1135e+00,1.5002e+01,3.1345e+00,2.2732e-01
8.1700e+03,1.3547e-01,2.1131e+00,1.5002e+01,3.1348e+00,2.2737e-01
8.1800e+03,1.3505e-01,2.1127e+00,1.5002e+01,3.1352e+00,2.2741e-01
8.1900e+03,1.3463e-01,2.1123e+00,1.5002e+01,3.1356e+00,2.2746e-01
8.2000e+03,1.3420e-01,2.1119e+00,1.5002e+01,3.1360e+00,2.2750e-01
8.2100e+03,1.3379e-01,2.1116e+00,1.5002e+01,3.1363e+00,2.2755e-01
8.2200e+03,1.3337e-01,2.1112e+00,1.5002e+01,3.1367e+00,2.2759e-01
8.2300e+03,1.3295e-01,2.1108e+00,1.5002e+01,3.1371e+00,2.2764e-01
8.2400e+03,1.3254e-01,2.1105e+00,1.5002e+01,3.1375e+00,2.2768e-01
8.2500e+03,1.3212e-01,2.1101e+00,1.5002e+01,3.1378e+00,2.2772e-01
8.2600e+03,1.3171e-01,2.1097e+00,1.5002e+01,3.1382e+00,2.2777e-01
8.2700e+03,1.3130e-01,2.1093e+00,1.5002e+01,3.1386e+00,2.2781e-01
8.2800e+03,1.3089e-01,2.1090e+00,1.5002e+01,3.1389e+00,2.2785e-01
8.2900e+03,1.3048e-01,2.1086e+00,1.5002e+01,3.1393e+00,2.2790e-01
8.3000e+03,1.3008e-01,2.1083e+00,1.5002e+01,3.1397e+00,2.2794e-01
8.3100e+03,1.2967e-01,2.1079e+00,1.5002e+01,3.1400e+00,2.2798e-01
8.3200e+03,1.2927e-01,2.1075e+00,1.5002e+01,3.1404e+00,2.2803e-01
8.3300e+03,1.2886e-01,2.1072e+00,1.5002e+01,3.1407e+00,2.2807e-01
8.3400e+03,1.2846e-01,2.1068e+00,1.5002e+01,3.1411e+00,2.2811e-01
8.3500e+03,1.2806e-01,2.1065e+00,1.5002e+01,3.1415e+00,2.2815e-01
8.3600e+03,1.2766e-01,2.1061e+00,1.5002e+01,3.1418e+00,2.2820e-01
8.3700e+03,1.2727e-01,2.1057e+00,1.5002e+01,3.1422e+00,2.2824e-01
8.3800e+03,1.2687e-01,2.1054e+00,1.5002e+01,3.1425e+00,2.2828e-01
8.3900e+03,1.2647e-01,2.1050e+00,1.5002e+01,3.1429e+00,2.2832e-01
8.4000e+03,1.2608e-01,2.1047e+00,1.5002e+01,3.1432e+00,2.2836e-01
8.4100e+03,1.2569e-01,2.1043e+00,1.5002e+01,3.1436e+00,2.2841e-01
8.4200e+03,1.2530e-01,2.1040e+00,1.5002e+01,3.1439e+00,2.2845e-01
8.4300e+03,1.2491e-01,2.1036e+00,1.5002e+01,3.1443e+00,2.2849e-01
8.4400e+03,1.2452e-01,2.1033e+00,1.5002e+01,3.1446e+00,2.2853e-01
8.4500e+03,1.2413e-01,2.1029e+00,1.5002e+01,3.1450e+00,2.2857e-01
8.4600e+03,1.2375e-01,2.1026e+00,1.5002e+01,3.1453e+00,2.2861e-01
8.4700e+03,1.2336e-01,2.1022e+00,1.5002e+01,3.1457e+00,2.2865e-01
8.4800e+03,1.2298e-01,2.1019e+00,1.5002e+01,3.1460e+00,2.2869e-01
8.4900e+03,1.2259e-01,2.1016e+00,1.5002e+01,3.1463e+00,2.2873e-01
8.5000e+03,1.2221e-01,2.1012e+00,1.5002e+01,3.1467e+00,2.2877e-01
8.5100e+03,1.2183e-01,2.1009e+00,1.5002e+01,3.1470e+00,2.2881e-01
8.5200e+03,1.2146e-01,2.1005e+00,1.5002e+01,3.1474e+00,2.2886e-01
8.5300e+03,1.2108e-01,2.1002e+00,1.5002e+01,3.1477e+00,2.2890e-01
8.5400e+03,1.2070e-01,2.0999e+00,1.5002e+01,3.1480e+00,2.2894e-01
8.5500e+03,1.2033e-01,2.0995e+00,1.5002e+01,3.1484e+00,2.2898e-01
8.5600e+03,1.1995e-01,2.0992e+00,1.5002e+01,3.1487e+00,2.2901e-01
8.5700e+03,1.1958e-01,2.0989e+00,1.5002e+01,3.1490e+00,2.2905e-01
8.5800e+03,1.1921e-01,2.0985e+00,1.5002e+01,3.1494e+00,2.2909e-01
8.5900e+03,1.1884e-01,2.0982e+00,1.5002e+01,3.1497e+00,2.2913e-01
8.6000e+03,1.1847e-01,2.0979e+00,1.5002e+01,3.1500e+00,2.2917e-01
8.6100e+03,1.1810e-01,2.0975e+00,1.5002e+01,3.1504e+00,2.2921e-01
8.6200e+03,1.1774e-01,2.0972e+00,1.5002e+01,3.1507e+00,2.2925e-01
8.6300e+03,1.1737e-01,2.0969e+00,1.5002e+01,3.1510e+00,2.2929e-01
8.6400e+03,1.1701e-01,2.0966e+00,1.5002e+01,3.1513e+00,2.2933e-01
8.6500e+03,1.1664e-01,2.0962e+00,1.5002e+01,3.1517e+00,2.2937e-01
8.6600e+03,1.1628e-01,2.0959e+00,1.5002e+01,3.1520e+00,2.2941e-01
8.6700e+03,1.1592e-01,2.0956e+00,1.5002e+01,3.1523e+00,2.2944e-01
8.6800e+03,1.1556e-01,2.0953e+00,1.5002e+01,3.1526e+00,2.2948e-01
8.6900e+03,1.1520e-01,2.0950e+00,1.5002e+01,3.1529e+00,2.2952e-01
8.7000e+03,1.1485e-01,2.0946e+00,1.5002e+01,3.1533e+00,2.2956e-01
8.7100e+03,1.1449e-01,2.0943e+00,1.5002e+01,3.1536e+00,2.2960e-01
8.7200e+03,1.1414e-01,2.0940e+00,1.5002e+01,3.1539e+00,2.2963e-01
8.7300e+03,1.1378e-01,2.0937e+00,1.5002e+01,3.1542e+00,2.2967e-01
8.7400e+03,1.1343e-01,2.0934e+00,1.5002e+01,3.1545e+00,2.2971e-01
8.7500e+03,1.1308e-01,2.0931e+00,1.5002e+01,3.1548e+00,2.2975e-01
8.7600e+03,1.1273e-01,2.0927e+00,1.5002e+01,3.1552e+00,2.2978e-01
8.7700e+03,1.1238e-01,2.0924e+00,1.5002e+01,3.1555e+00,2.2982e-01
8.7800e+03,1.1203e-01,2.0921e+00,1.5002e+01,3.1558e+00,2.2986e-01
8.7900e+03,1.1168e-01,2.0918e+00,1.5002e+01,3.1561e+00,2.2990e-01
8.8000e+03,1.1134e-01,2.0915e+00,1.5002e+01,3.1564e+00,2.2993e-01
8.8100e+03,1.1099e-01,2.0912e+00,1.5002e+01,3.1567e+00,2.2997e-01
8.8200e+03,1.1065e-01,2.0909e+00,1.5002e+01,3.1570e+00,2.3001e-01
8.8300e+03,1.1031e-01,2.0906e+00,1.5002e+01,3.1573e+00,2.3004e-01
8.8400e+03,1.0997e-01,2.0903e+00,1.5002e+01,3.1576e+00,2.3008e-01
8.8500e+03,1.0963e-01,2.0900e+00,1.5002e+01,3.1579e+00,2.3012e-01
8.8600e+03,1.0929e-01,2.0897e+00,1.5002e+01,3.1582e+00,2.3015e-01
8.8700e+03,1.0895e-01,2.0894e+00,1.5002e+01,3.1585e+00,2.3019e-01
8.8800e+03,1.0861e-01,2.0891e+00,1.5002e+01,3.1588e+00,2.3022e-01
8.8900e+03,1.0828e-01,2.0888e+00,1.5002e+01,3.1591e+00,2.3026e-01
8.9000e+03,1.0794e-01,2.0885e+00,1.5002e+01,3.1594e+00,2.3030e-01
8.9100e+03,1.0761e-01,2.0882e+00,1.5002e+01,3.1597e+00,2.3033e-01
8.9200e+03,1.0728e-01,2.0879e+00,1.5002e+01,3.1600e+00,2.3037e-01
8.9300e+03,1.0694e-01,2.0876e+00,1.5002e+01,3.1603e+00,2.3040e-01
8.9400e+03,1.0661e-01,2.0873e+00,1.5002e+01,3.1606e+00,2.3044e-01
8.9500e+03,1.0628e-01,2.0870e+00,1.5002e+01,3.1609e+00,2.3047e-01
8.9600e+03,1.0596e-01,2.0867e+00,1.5002e+01,3.1612e+00,2.3051e-01
8.9700e+03,1.0563e-01,2.0864e+00,1.5002e+01,3.1615e+00,2.3054e-01
8.9800e+03,1.0530e-01,2.0861e+00,1.5002e+01,3.1618e+00,2.3058e-01
8.9900e+03,1.0498e-01,2.0858e+00,1.5002e+01,3.1621e+00,2.3061e-01
9.0000e+03,1.0465e-01,2.0855e+00,1.5002e+01,3.1624e+00,2.3065e-01
9.0100e+03,1.0433e-01,2.0852e+00,1.5002e+01,3.1627e+00,2.3068e-01
9.0200e+03,1.0401e-01,2.0849e+00,1.5002e+01,3.1629e+00,2.3072e-01
9.0300e+03,1.0369e-01,2.0847e+00,1.5002e+01,3.1632e+00,2.3075e-01
9.0400e+03,1.0337e-01,2.0844e+00,1.5002e+01,3.1635e+00,2.3079e-01
9.0500e+03,1.0305e-01,2.0841e+00,1.5002e+01,3.1638e+00,2.3082e-01
9.0600e+03,1.0273e-01,2.0838e+00,1.5002e+01,3.1641e+00,2.3085e-01
9.0700e+03,1.0241e-01,2.0835e+00,1.5002e+01,3.1644e+00,2.3089e-01
9.0800e+03,1.0210e-01,2.0832e+00,1.5002e+01,3.1646e+00,2.3092e-01
9.0900e+03,1.0178e-01,2.0830e+00,1.5002e+01,3.1649e+00,2.3096e-01
9.1000e+03,1.0147e-01,2.0827e+00,1.5002e+01,3.1652e+00,2.3099e-01
9.1100e+03,1.0116e-01,2.0824e+00,1.5002e+01,3.1655e+00,2.3102e-01
9.1200e+03,1.0084e-01,2.0821e+00,1.5002e+01,3.1658e+00,2.3106e-01
9.1300e+03,1.0053e-01,2.0818e+00,1.5002e+01,3.1660e+00,2.3109e-01
9.1400e+03,1.0022e-01,2.0816e+00,1.5002e+01,3.1663e+00,2.3112e-01
9.1500e+03,9.9915e-02,2.0813e+00,1.5002e+01,3.1666e+00,2.3116e-01
9.1600e+03,9.9607e-02,2.0810e+00,1.5002e+01,3.1669e+00,2.3119e-01
9.1700e+03,9.9300e-02,2.0807e+00,1.5002e+01,3.1671e+00,2.3122e-01
9.1800e+03,9.8994e-02,2.0805e+00,1.5002e+01,3.1674e+00,2.3125e-01
9.1900e+03,9.8689e-02,2.0802e+00,1.5002e+01,3.1677e+00,2.3129e-01
9.2000e+03,9.8385e-02,2.0799e+00,1.5002e+01,3.1680e+00,2.3132e-01
9.2100e+03,9.8082e-02,2.0797e+00,1.5002e+01,3.1682e+00,2.3135e-01
9.2200e+03,9.7780e-02,2.0794e+00,1.5002e+01,3.1685e+00,2.3138e-01
9.2300e+03,9.7479e-02,2.0791e+00,1.5002e+01,3.1688e+00,2.3142e-01
9.2400e+03,9.7179e-02,2.0788e+00,1.5002e+01,3.1690e+00,2.3145e-01
9.2500e+03,9.6879e-02,2.0786e+00,1.5002e+01,3.1693e+00,2.3148e-01
9.2600e+03,9.6581e-02,2.0783e+00,1.5002e+01,3.1696e+00,2.3151e-01
9.2700e+03,9.6284e-02,2.0780e+00,1.5002e+01,3.1698e+00,2.3155e-01
9.2800e+03,9.5988e-02,2.0778e+00,1.5002e+01,3.1701e+00,2.3158e-01
9.2900e+03,9.5692e-02,2.0775e+00,1.5002e+01,3.1704e+00,2.3161e-01
9.3000e+03,9.5398e-02,2.0773e+00,1.5002e+01,3.1706e+00,2.3164e-01
9.3100e+03,9.5104e-02,2.0770e+00,1.5002e+01,3.1709e+00,2.3167e-01
9.3200e+03,9.4812e-02,2.0767e+00,1.5002e+01,3.1712e+00,2.3170e-01
9.3300e+03,9.4520e-02,2.0765e+00,1.5002e+01,3.1714e+00,2.3173e-01
9.3400e+03,9.4229e-02,2.0762e+00,1.5002e+01,3.1717e+00,2.3177e-01
9.3500e+03,9.3940e-02,2.0760e+00,1.5002e+01,3.1719e+00,2.3180e-01
9.3600e+03,9.3651e-02,2.0757e+00,1.5002e+01,3.1722e+00,2.3183e-01
9.3700e+03,9.3363e-02,2.0754e+00,1.5002e+01,3.1724e+00,2.3186e-01
9.3800e+03,9.3076e-02,2.0752e+00,1.5002e+01,3.1727e+00,2.3189e-01
9.3900e+03,9.2790e-02,2.0749e+00,1.5002e+01,3.1730e+00,2.3192e-01
9.4000e+03,9.2505e-02,2.0747e+00,1.5002e+01,3.1732e+00,2.3195e-01
9.4100e+03,9.2220e-02,2.0744e+00,1.5002e+01,3.1735e+00,2.3198e-01
9.4200e+03,9.1937e-02,2.0742e+00,1.5002e+01,3.1737e+00,2.3201e-01
9.4300e+03,9.1655e-02,2.0739e+00,1.5002e+01,3.1740e+00,2.3204e-01
9.4400e+03,9.1373e-02,2.0737e+00,1.5002e+01,3.1742e+00,2.3207e-01
9.4500e+03,9.1092e-02,2.0734e+00,1.5002e+01,3.1745e+00,2.3210e-01
9.4600e+03,9.0813e-02,2.0732e+00,1.5002e+01,3.1747e+00,2.3213e-01
9.4700e+03,9.0534e-02,2.0729e+00,1.5002e+01,3.1750e+00,2.3216e-01
9.4800e+03,9.0256e-02,2.0727e+00,1.5002e+01,3.1752e+00,2.3219e-01
9.4900e+03,8.9979e-02,2.0724e+00,1.5002e+01,3.1755e+00,2.3222e-01
9.5000e+03,8.9702e-02,2.0722e+00,1.5002e+01,3.1757e+00,2.3225e-01
9.5100e+03,8.9427e-02,2.0719e+00,1.5002e+01,3.1760e+00,2.3228e-01
9.5200e+03,8.9152e-02,2.0717e+00,1.5002e+01,3.1762e+00,2.3231e-01
9.5300e+03,8.8879e-02,2.0714e+00,1.5002e+01,3.1764e+00,2.3234e-01
9.5400e+03,8.8606e-02,2.0712e+00,1.5002e+01,3.1767e+00,2.3237e-01
9.5500e+03,8.8334e-02,2.0709e+00,1.5002e+01,3.1769e+00,2.3240e-01
9.5600e+03,8.8063e-02,2.0707e+00,1.5002e+01,3.1772e+00,2.3243e-01
9.5700e+03,8.7793e-02,2.0705e+00,1.5002e+01,3.1774e+00,2.3246e-01
9.5800e+03,8.7524e-02,2.0702e+00,1.5002e+01,3.1777e+00,2.3249e-01
9.5900e+03,8.7255e-02,2.0700e+00,1.5002e+01,3.1779e+00,2.3252e-01
9.6000e+03,8.6988e-02,2.0697e+00,1.5002e+01,3.1781e+00,2.3255e-01
9.6100e+03,8.6721e-02,2.0695e+00,1.5002e+01,3.1784e+00,2.3257e-01
9.6200e+03,8.6455e-02,2.0693e+00,1.5002e+01,3.1786e+00,2.3260e-01
9.6300e+03,8.6190e-02,2.0690e+00,1.5002e+01,3.1788e+00,2.3263e-01
9.6400e+03,8.5926e-02,2.0688e+00,1.5002e+01,3.1791e+00,2.3266e-01
9.6500e+03,8.5662e-02,2.0686e+00,1.5002e+01,3.1793e+00,2.3269e-01
9.6600e+03,8.5400e-02,2.0683e+00,1.5002e+01,3.1796e+00,2.3272e-01
9.6700e+03,8.5138e-02,2.0681e+00,1.5002e+01,3.1798e+00,2.3274e-01
9.6800e+03,8.4877e-02,2.0679e+00,1.5002e+01,3.1800e+00,2.3277e-01
9.6900e+03,8.4617e-02,2.0676e+00,1.5002e+01,3.1803e+00,2.3280e-01
9.7000e+03,8.4358e-02,2.0674e+00,1.5002e+01,3.1805e+00,2.3283e-01
9.7100e+03,8.4099e-02,2.0672e+00,1.5002e+01,3.1807e+00,2.3286e-01
9.7200e+03,8.3842e-02,2.0669e+00,1.5002e+01,3.1809e+00,2.3288e-01
9.7300e+03,8.3585e-02,2.0667e+00,1.5002e+01,3.1812e+00,2.3291e-01
9.7400e+03,8.3329e-02,2.0665e+00,1.5002e+01,3.1814e+00,2.3294e-01
9.7500e+03,8.3074e-02,2.0663e+00,1.5002e+01,3.1816e+00,2.3297e-01
9.7600e+03,8.2819e-02,2.0660e+00,1.5002e+01,3.1819e+00,2.3299e-01
9.7700e+03,8.2566e-02,2.0658e+00,1.5002e+01,3.1821e+00,2.3302e-01
9.7800e+03,8.2313e-02,2.0656e+00,1.5002e+01,3.1823e+00,2.3305e-01
9.7900e+03,8.2061e-02,2.0653e+00,1.5002e+01,3.1825e+00,2.3308e-01
9.8000e+03,8.1810e-02,2.0651e+00,1.5002e+01,3.1828e+00,2.3310e-01
9.8100e+03,8.1559e-02,2.0649e+00,1.5002e+01,3.1830e+00,2.3313e-01
9.8200e+03,8.1310e-02,2.0647e+00,1.5002e+01,3.1832e+00,2.3316e-01
9.8300e+03,8.1061e-02,2.0645e+00,1.5002e+01,3.1834e+00,2.3318e-01
9.8400e+03,8.0813e-02,2.0642e+00,1.5002e+01,3.1836e+00,2.3321e-01
9.8500e+03,8.0566e-02,2.0640e+00,1.5002e+01,3.1839e+00,2.3324e-01
9.8600e+03,8.0319e-02,2.0638e+00,1.5002e+01,3.1841e+00,2.3326e-01
9.8700e+03,8.0074e-02,2.0636e+00,1.5002e+01,3.1843e+00,2.3329e-01
9.8800e+03,7.9829e-02,2.0634e+00,1.5002e+01,3.1845e+00,2.3332e-01
9.8900e+03,7.9585e-02,2.0631e+00,1.5002e+01,3.1847e+00,2.3334e-01
9.9000e+03,7.9341e-02,2.0629e+00,1.5002e+01,3.1850e+00,2.3337e-01
9.9100e+03,7.9099e-02,2.0627e+00,1.5002e+01,3.1852e+00,2.3340e-01
9.9200e+03,7.8857e-02,2.0625e+00,1.5002e+01,3.1854e+00,2.3342e-01
9.9300e+03,7.8616e-02,2.0623e+00,1.5002e+01,3.1856e+00,2.3345e-01
9.9400e+03,7.8375e-02,2.0621e+00,1.5002e+01,3.1858e+00,2.3347e-01
9.9500e+03,7.8136e-02,2.0618e+00,1.5002e+01,3.1860e+00,2.3350e-01
9.9600e+03,7.7897e-02,2.0616e+00,1.5002e+01,3.1862e+00,2.3353e-01
9.9700e+03,7.7659e-02,2.0614e+00,1.5002e+01,3.1865e+00,2.3355e-01
9.9800e+03,7.7422e-02,2.0612e+00,1.5002e+01,3.1867e+00,2.3358e-01
9.9900e+03,7.7185e-02,2.0610e+00,1.5002e+01,3.1869e+00,2.3360e-01
1.0000e+04,7.6949e-02,2.0608e+00,1.5002e+01,3.1871e+00,2.3363e-01
1.0010e+04,7.6714e-02,2.0606e+00,1.5002e+01,3.1873e+00,2.3365e-01
1.0020e+04,7.6480e-02,2.0604e+00,1.5002e+01,3.1875e+00,2.3368e-01
1.0030e+04,7.6246e-02,2.0602e+00,1.5002e+01,3.1877e+00,2.3371e-01
1.0040e+04,7.6013e-02,2.0600e+00,1.5002e+01,3.1879e+00,2.3373e-01
1.0050e+04,7.5781e-02,2.0597e+00,1.5002e+01,3.1881e+00,2.3376e-01
1.0060e+04,7.5550e-02,2.0595e+00,1.5002e+01,3.1883e+00,2.3378e-01
1.0070e+04,7.5319e-02,2.0593e+00,1.5002e+01,3.1885e+00,2.3381e-01
1.0080e+04,7.5089e-02,2.0591e+00,1.5002e+01,3.1887e+00,2.3383e-01
1.0090e+04,7.4860e-02,2.0589e+00,1.5002e+01,3.1890e+00,2.3386e-01
1.0100e+04,7.4632e-02,2.0587e+00,1.5002e+01,3.1892e+00,2.3388e-01
1.0110e+04,7.4404e-02,2.0585e+00,1.5002e+01,3.1894e+00,2.3390e-01
1.0120e+04,7.4177e-02,2.0583e+00,1.5002e+01,3.1896e+00,2.3393e-01
1.0130e+04,7.3950e-02,2.0581e+00,1.5002e+01,3.1898e+00,2.3395e-01
1.0140e+04,7.3725e-02,2.0579e+00,1.5002e+01,3.1900e+00,2.3398e-01
1.0150e+04,7.3500e-02,2.0577e+00,1.5002e+01,3.1902e+00,2.3400e-01
1.0160e+04,7.3276e-02,2.0575e+00,1.5002e+01,3.1904e+00,2.3403e-01
1.0170e+04,7.3052e-02,2.0573e+00,1.5002e+01,3.1906e+00,2.3405e-01
1.0180e+04,7.2829e-02,2.0571e+00,1.5002e+01,3.1908e+00,2.3408e-01
1.0190e+04,7.2607e-02,2.0569e+00,1.5002e+01,3.1910e+00,2.3410e-01
1.0200e+04,7.2386e-02,2.0567e+00,1.5002e+01,3.1912e+00,2.3412e-01
1.0210e+04,7.2165e-02,2.0565e+00,1.5002e+01,3.1914e+00,2.3415e-01
1.0220e+04,7.1945e-02,2.0563e+00,1.5002e+01,3.1916e+00,2.3417e-01
1.0230e+04,7.1725e-02,2.0561e+00,1.5002e+01,3.1917e+00,2.3419e-01
1.0240e+04,7.1507e-02,2.0559e+00,1.5002e+01,3.1919e+00,2.3422e-01
1.0250e+04,7.1289e-02,2.0557e+00,1.5002e+01,3.1921e+00,2.3424e-01
1.0260e+04,7.1071e-02,2.0555e+00,1.5002e+01,3.1923e+00,2.3427e-01
1.0270e+04,7.0855e-02,2.0553e+00,1.5002e+01,3.1925e+00,2.3429e-01
1.0280e+04,7.0639e-02,2.0552e+00,1.5002e+01,3.1927e+00,2.3431e-01
1.0290e+04,7.0424e-02,2.0550e+00,1.5002e+01,3.1929e+00,2.3434e-01
1.0300e+04,7.0209e-02,2.0548e+00,1.5002e+01,3.1931e+00,2.3436e-01
1.0310e+04,6.9995e-02,2.0546e+00,1.5002e+01,3.1933e+00,2.3438e-01
1.0320e+04,6.9782e-02,2.0544e+00,1.5002e+01,3.1935e+00,2.3441e-01
1.0330e+04,6.9569e-02,2.0542e+00,1.5002e+01,3.1937e+00,2.3443e-01
1.0340e+04,6.9357e-02,2.0540e+00,1.5002e+01,3.1939e+00,2.3445e-01
1.0350e+04,6.9146e-02,2.0538e+00,1.5002e+01,3.1940e+00,2.3447e-01
1.0360e+04,6.8935e-02,2.0536e+00,1.5002e+01,3.1942e+00,2.3450e-01
1.0370e+04,6.8725e-02,2.0534e+00,1.5002e+01,3.1944e+00,2.3452e-01
1.0380e+04,6.8516e-02,2.0533e+00,1.5002e+01,3.1946e+00,2.3454e-01
1.0390e+04,6.8308e-02,2.0531e+00,1.5002e+01,3.1948e+00,2.3457e-01
1.0400e+04,6.8100e-02,2.0529e+00,1.5002e+01,3.1950e+00,2.3459e-01
1.0410e+04,6.7892e-02,2.0527e+00,1.5002e+01,3.1952e+00,2.3461e-01
1.0420e+04,6.7686e-02,2.0525e+00,1.5002e+01,3.1953e+00,2.3463e-01
1.0430e+04,6.7480e-02,2.0523e+00,1.5002e+01,3.1955e+00,2.3466e-01
1.0440e+04,6.7274e-02,2.0522e+00,1.5002e+01,3.1957e+00,2.3468e-01
1.0450e+04,6.7069e-02,2.0520e+00,1.5002e+01,3.1959e+00,2.3470e-01
1.0460e+04,6.6865e-02,2.0518e+00,1.5002e+01,3.1961e+00,2.3472e-01
1.0470e+04,6.6662e-02,2.0516e+00,1.5002e+01,3.1963e+00,2.3474e-01
1.0480e+04,6.6459e-02,2.0514e+00,1.5002e+01,3.1964e+00,2.3477e-01
1.0490e+04,6.6257e-02,2.0512e+00,1.5002e+01,3.1966e+00,2.3479e-01
1.0500e+04,6.6055e-02,2.0511e+00,1.5002e+01,3.1968e+00,2.3481e-01
1.0510e+04,6.5854e-02,2.0509e+00,1.5002e+01,3.1970e+00,2.3483e-01
1.0520e+04,6.5654e-02,2.0507e+00,1.5002e+01,3.1972e+00,2.3485e-01
1.0530e+04,6.5454e-02,2.0505e+00,1.5002e+01,3.1973e+00,2.3488e-01
1.0540e+04,6.5255e-02,2.0504e+00,1.5002e+01,3.1975e+00,2.3490e-01
1.0550e+04,6.5057e-02,2.0502e+00,1.5002e+01,3.1977e+00,2.3492e-01
1.0560e+04,6.4859e-02,2.0500e+00,1.5002e+01,3.1979e+00,2.3494e-01
1.0570e+04,6.4662e-02,2.0498e+00,1.5002e+01,3.1980e+00,2.3496e-01
1.0580e+04,6.4465e-02,2.0496e+00,1.5002e+01,3.1982e+00,2.3498e-01
1.0590e+04,6.4269e-02,2.0495e+00,1.5002e+01,3.1984e+00,2.3500e-01
1.0600e+04,6.4074e-02,2.0493e+00,1.5002e+01,3.1986e+00,2.3503e-01
1.0610e+04,6.3879e-02,2.0491e+00,1.5002e+01,3.1987e+00,2.3505e-01
1.0620e+04,6.3685e-02,2.0490e+00,1.5002e+01,3.1989e+00,2.3507e-01
1.0630e+04,6.3491e-02,2.0488e+00,1.5002e+01,3.1991e+00,2.3509e-01
1.0640e+04,6.3298e-02,2.0486e+00,1.5002e+01,3.1993e+00,2.3511e-01
1.0650e+04,6.3106e-02,2.0484e+00,1.5002e+01,3.1994e+00,2.3513e-01
1.0660e+04,6.2914e-02,2.0483e+00,1.5002e+01,3.1996e+00,2.3515e-01
1.0670e+04,6.2723e-02,2.0481e+00,1.5002e+01,3.1998e+00,2.3517e-01
1.0680e+04,6.2532e-02,2.0479e+00,1.5002e+01,3.1999e+00,2.3519e-01
1.0690e+04,6.2342e-02,2.0478e+00,1.5002e+01,3.2001e+00,2.3521e-01
1.0700e+04,6.2153e-02,2.0476e+00,1.5002e+01,3.2003e+00,2.3523e-01
1.0710e+04,6.1964e-02,2.0474e+00,1.5002e+01,3.2004e+00,2.3526e-01
1.0720e+04,6.1776e-02,2.0472e+00,1.5002e+01,3.2006e+00,2.3528e-01
1.0730e+04,6.1588e-02,2.0471e+00,1.5002e+01,3.2008e+00,2.3530e-01
1.0740e+04,6.1401e-02,2.0469e+00,1.5002e+01,3.2010e+00,2.3532e-01
1.0750e+04,6.1215e-02,2.0467e+00,1.5002e+01,3.2011e+00,2.3534e-01
1.0760e+04,6.1029e-02,2.0466e+00,1.5002e+01,3.2013e+00,2.3536e-01
1.0770e+04,6.0844e-02,2.0464e+00,1.5002e+01,3.2014e+00,2.3538e-01
1.0780e+04,6.0659e-02,2.0463e+00,1.5002e+01,3.2016e+00,2.3540e-01
1.0790e+04,6.0475e-02,2.0461e+00,1.5002e+01,3.2018e+00,2.3542e-01
1.0800e+04,6.0291e-02,2.0459e+00,1.5002e+01,3.2019e+00,2.3544e-01
1.0810e+04,6.0108e-02,2.0458e+00,1.5002e+01,3.2021e+00,2.3546e-01
1.0820e+04,5.9926e-02,2.0456e+00,1.5002e+01,3.2023e+00,2.3548e-01
1.0830e+04,5.9744e-02,2.0454e+00,1.5002e+01,3.2024e+00,2.3550e-01
1.0840e+04,5.9563e-02,2.0453e+00,1.5002e+01,3.2026e+00,2.3552e-01
1.0850e+04,5.9382e-02,2.0451e+00,1.5002e+01,3.2028e+00,2.3554e-01
1.0860e+04,5.9202e-02,2.0450e+00,1.5002e+01,3.2029e+00,2.3556e-01
1.0870e+04,5.9022e-02,2.0448e+00,1.5002e+01,3.2031e+00,2.3558e-01
1.0880e+04,5.8843e-02,2.0446e+00,1.5002e+01,3.2032e+00,2.3560e-01
1.0890e+04,5.8664e-02,2.0445e+00,1.5002e+01,3.2034e+00,2.3561e-01
1.0900e+04,5.8486e-02,2.0443e+00,1.5002e+01,3.2035e+00,2.3563e-01
1.0910e+04,5.8309e-02,2.0442e+00,1.5002e+01,3.2037e+00,2.3565e-01
1.0920e+04,5.8132e-02,2.0440e+00,1.5002e+01,3.2039e+00,2.3567e-01
1.0930e+04,5.7956e-02,2.0438e+00,1.5002e+01,3.2040e+00,2.3569e-01
1.0940e+04,5.7780e-02,2.0437e+00,1.5002e+01,3.2042e+00,2.3571e-01
1.0950e+04,5.7605e-02,2.0435e+00,1.5002e+01,3.2043e+00,2.3573e-01
1.0960e+04,5.7430e-02,2.0434e+00,1.5002e+01,3.2045e+00,2.3575e-01
1.0970e+04,5.7256e-02,2.0432e+00,1.5002e+01,3.2046e+00,2.3577e-01
1.0980e+04,5.7083e-02,2.0431e+00,1.5002e+01,3.2048e+00,2.3579e-01
1.0990e+04,5.6909e-02,2.0429e+00,1.5002e+01,3.2050e+00,2.3581e-01
1.1000e+04,5.6737e-02,2.0428e+00,1.5002e+01,3.2051e+00,2.3582e-01
1.1010e+04,5.6565e-02,2.0426e+00,1.5002e+01,3.2053e+00,2.3584e-01
1.1020e+04,5.6393e-02,2.0425e+00,1.5002e+01,3.2054e+00,2.3586e-01
1.1030e+04,5.6223e-02,2.0423e+00,1.5002e+01,3.2056e+00,2.3588e-01
1.1040e+04,5.6052e-02,2.0421e+00,1.5002e+01,3.2057e+00,2.3590e-01
1.1050e+04,5.5882e-02,2.0420e+00,1.5002e+01,3.2059e+00,2.3592e-01
1.1060e+04,5.5713e-02,2.0418e+00,1.5002e+01,3.2060e+00,2.3594e-01
1.1070e+04,5.5544e-02,2.0417e+00,1.5002e+01,3.2062e+00,2.3595e-01
1.1080e+04,5.5376e-02,2.0415e+00,1.5002e+01,3.2063e+00,2.3597e-01
1.1090e+04,5.5208e-02,2.0414e+00,1.5002e+01,3.2065e+00,2.3599e-01
1.1100e+04,5.5041e-02,2.0412e+00,1.5002e+01,3.2066e+00,2.3601e-01
1.1110e+04,5.4874e-02,2.0411e+00,1.5002e+01,3.2068e+00,2.3603e-01
1.1120e+04,5.4708e-02,2.0409e+00,1.5002e+01,3.2069e+00,2.3605e-01
1.1130e+04,5.4542e-02,2.0408e+00,1.5002e+01,3.2071e+00,2.3606e-01
1.1140e+04,5.4377e-02,2.0407e+00,1.5002e+01,3.2072e+00,2.3608e-01
1.1150e+04,5.4212e-02,2.0405e+00,1.5002e+01,3.2074e+00,2.3610e-01
1.1160e+04,5.4048e-02,2.0404e+00,1.5002e+01,3.2075e+00,2.3612e-01
1.1170e+04,5.3884e-02,2.0402e+00,1.5002e+01,3.2076e+00,2.3614e-01
1.1180e+04,5.3721e-02,2.0401e+00,1.5002e+01,3.2078e+00,2.3615e-01
1.1190e+04,5.3559e-02,2.0399e+00,1.5002e+01,3.2079e+00,2.3617e-01
1.1200e+04,5.3397e-02,2.0398e+00,1.5002e+01,3.2081e+00,2.3619e-01
1.1210e+04,5.3235e-02,2.0396e+00,1.5002e+01,3.2082e+00,2.3621e-01
1.1220e+04,5.3074e-02,2.0395e+00,1.5002e+01,3.2084e+00,2.3622e-01
1.1230e+04,5.2913e-02,2.0393e+00,1.5002e+01,3.2085e+00,2.3624e-01
1.1240e+04,5.2753e-02,2.0392e+00,1.5002e+01,3.2087e+00,2.3626e-01
1.1250e+04,5.2593e-02,2.0391e+00,1.5002e+01,3.2088e+00,2.3628e-01
1.1260e+04,5.2434e-02,2.0389e+00,1.5002e+01,3.2089e+00,2.3629e-01
1.1270e+04,5.2275e-02,2.0388e+00,1.5002e+01,3.2091e+00,2.3631e-01
1.1280e+04,5.2117e-02,2.0386e+00,1.5002e+01,3.2092e+00,2.3633e-01
1.1290e+04,5.1960e-02,2.0385e+00,1.5002e+01,3.2094e+00,2.3635e-01
1.1300e+04,5.1802e-02,2.0384e+00,1.5002e+01,3.2095e+00,2.3636e-01
1.1310e+04,5.1646e-02,2.0382e+00,1.5002e+01,3.2096e+00,2.3638e-01
1.1320e+04,5.1489e-02,2.0381e+00,1.5002e+01,3.2098e+00,2.3640e-01
1.1330e+04,5.1334e-02,2.0379e+00,1.5002e+01,3.2099e+00,2.3641e-01
1.1340e+04,5.1178e-02,2.0378e+00,1.5002e+01,3.2101e+00,2.3643e-01
1.1350e+04,5.1023e-02,2.0377e+00,1.5002e+01,3.2102e+00,2.3645e-01
1.1360e+04,5.0869e-02,2.0375e+00,1.5002e+01,3.2103e+00,2.3647e-01
1.1370e+04,5.0715e-02,2.0374e+00,1.5002e+01,3.2105e+00,2.3648e-01
1.1380e+04,5.0562e-02,2.0373e+00,1.5002e+01,3.2106e+00,2.3650e-01
1.1390e+04,5.0409e-02,2.0371e+00,1.5002e+01,3.2107e+00,2.3652e-01
1.1400e+04,5.0257e-02,2.0370e+00,1.5002e+01,3.2109e+00,2.3653e-01
1.1410e+04,5.0105e-02,2.0368e+00,1.5002e+01,3.2110e+00,2.3655e-01
1.1420e+04,4.9953e-02,2.0367e+00,1.5002e+01,3.2112e+00,2.3657e-01
1.1430e+04,4.9802e-02,2.0366e+00,1.5002e+01,3.2113e+00,2.3658e-01
1.1440e+04,4.9652e-02,2.0364e+00,1.5002e+01,3.2114e+00,2.3660e-01
1.1450e+04,4.9501e-02,2.0363e+00,1.5002e+01,3.2116e+00,2.3661e-01
1.1460e+04,4.9352e-02,2.0362e+00,1.5002e+01,3.2117e+00,2.3663e-01
1.1470e+04,4.9203e-02,2.0360e+00,1.5002e+01,3.2118e+00,2.3665e-01
1.1480e+04,4.9054e-02,2.0359e+00,1.5002e+01,3.2120e+00,2.3666e-01
1.1490e+04,4.8906e-02,2.0358e+00,1.5002e+01,3.2121e+00,2.3668e-01
1.1500e+04,4.8758e-02,2.0356e+00,1.5002e+01,3.2122e+00,2.3670e-01
1.1510e+04,4.8611e-02,2.0355e+00,1.5002e+01,3.2123e+00,2.3671e-01
1.1520e+04,4.8464e-02,2.0354e+00,1.5002e+01,3.2125e+00,2.3673e-01
1.1530e+04,4.8317e-02,2.0353e+00,1.5002e+01,3.2126e+00,2.3674e-01
1.1540e+04,4.8171e-02,2.0351e+00,1.5002e+01,3.2127e+00,2.3676e-01
1.1550e+04,4.8026e-02,2.0350e+00,1.5002e+01,3.2129e+00,2.3678e-01
1.1560e+04,4.7881e-02,2.0349e+00,1.5002e+01,3.2130e+00,2.3679e-01
1.1570e+04,4.7736e-02,2.0347e+00,1.5002e+01,3.2131e+00,2.3681e-01
1.1580e+04,4.7592e-02,2.0346e+00,1.5002e+01,3.2133e+00,2.3682e-01
1.1590e+04,4.7448e-02,2.0345e+00,1.5002e+01,3.2134e+00,2.3684e-01
1.1600e+04,4.7305e-02,2.0343e+00,1.5002e+01,3.2135e+00,2.3685e-01
1.1610e+04,4.7162e-02,2.0342e+00,1.5002e+01,3.2136e+00,2.3687e-01
1.1620e+04,4.7019e-02,2.0341e+00,1.5002e+01,3.2138e+00,2.3689e-01
1.1630e+04,4.6877e-02,2.0340e+00,1.5002e+01,3.2139e+00,2.3690e-01
1.1640e+04,4.6736e-02,2.0338e+00,1.5002e+01,3.2140e+00,2.3692e-01
1.1650e+04,4.6595e-02,2.0337e+00,1.5002e+01,3.2141e+00,2.3693e-01
1.1660e+04,4.6454e-02,2.0336e+00,1.5002e+01,3.2143e+00,2.3695e-01
1.1670e+04,4.6314e-02,2.0335e+00,1.5002e+01,3.2144e+00,2.3696e-01
1.1680e+04,4.6174e-02,2.0333e+00,1.5002e+01,3.2145e+00,2.3698e-01
1.1690e+04,4.6035e-02,2.0332e+00,1.5002e+01,3.2146e+00,2.3699e-01
1.1700e+04,4.5896e-02,2.0331e+00,1.5002e+01,3.2148e+00,2.3701e-01
1.1710e+04,4.5757e-02,2.0330e+00,1.5002e+01,3.2149e+00,2.3702e-01
1.1720e+04,4.5619e-02,2.0328e+00,1.5002e+01,3.2150e+00,2.3704e-01
1.1730e+04,4.5481e-02,2.0327e+00,1.5002e+01,3.2151e+00,2.3705e-01
1.1740e+04,4.5344e-02,2.0326e+00,1.5002e+01,3.2153e+00,2.3707e-01
1.1750e+04,4.5207e-02,2.0325e+00,1.5002e+01,3.2154e+00,2.3708e-01
1.1760e+04,4.5071e-02,2.0324e+00,1.5002e+01,3.2155e+00,2.3710e-01
1.1770e+04,4.4935e-02,2.0322e+00,1.5002e+01,3.2156e+00,2.3711e-01
1.1780e+04,4.4799e-02,2.0321e+00,1.5002e+01,3.2157e+00,2.3713e-01
1.1790e+04,4.4664e-02,2.0320e+00,1.5002e+01,3.2159e+00,2.3714e-01
1.1800e+04,4.4529e-02,2.0319e+00,1.5002e+01,3.2160e+00,2.3716e-01
1.1810e+04,4.4395e-02,2.0318e+00,1.5002e+01,3.2161e+00,2.3717e-01
1.1820e+04,4.4261e-02,2.0316e+00,1.5002e+01,3.2162e+00,2.3719e-01
1.1830e+04,4.4127e-02,2.0315e+00,1.5002e+01,3.2163e+00,2.3720e-01
1.1840e+04,4.3994e-02,2.0314e+00,1.5002e+01,3.2165e+00,2.3722e-01
1.1850e+04,4.3862e-02,2.0313e+00,1.5002e+01,3.2166e+00,2.3723e-01
1.1860e+04,4.3729e-02,2.0312e+00,1.5002e+01,3.2167e+00,2.3725e-01
1.1870e+04,4.3597e-02,2.0310e+00,1.5002e+01,3.2168e+00,2.3726e-01
1.1880e+04,4.3466e-02,2.0309e+00,1.5002e+01,3.2169e+00,2.3728e-01
1.1890e+04,4.3335e-02,2.0308e+00,1.5002e+01,3.2170e+00,2.3729e-01
1.1900e+04,4.3204e-02,2.0307e+00,1.5002e+01,3.2172e+00,2.3730e-01
1.1910e+04,4.3074e-02,2.0306e+00,1.5002e+01,3.2173e+00,2.3732e-01
1.1920e+04,4.2944e-02,2.0305e+00,1.5002e+01,3.2174e+00,2.3733e-01
1.1930e+04,4.2814e-02,2.0303e+00,1.5002e+01,3.2175e+00,2.3735e-01
1.1940e+04,4.2685e-02,2.0302e+00,1.5002e+01,3.2176e+00,2.3736e-01
1.1950e+04,4.2557e-02,2.0301e+00,1.5002e+01,3.2177e+00,2.3738e-01
1.1960e+04,4.2428e-02,2.0300e+00,1.5002e+01,3.2179e+00,2.3739e-01
1.1970e+04,4.2300e-02,2.0299e+00,1.5002e+01,3.2180e+00,2.3740e-01
1.1980e+04,4.2173e-02,2.0298e+00,1.5002e+01,3.2181e+00,2.3742e-01
1.1990e+04,4.2046e-02,2.0297e+00,1.5002e+01,3.2182e+00,2.3743e-01
1.2000e+04,4.1919e-02,2.0296e+00,1.5002e+01,3.2183e+00,2.3744e-01
1.2010e+04,4.1793e-02,2.0294e+00,1.5002e+01,3.2184e+00,2.3746e-01
1.2020e+04,4.1667e-02,2.0293e+00,1.5002e+01,3.2185e+00,2.3747e-01
1.2030e+04,4.1541e-02,2.0292e+00,1.5002e+01,3.2186e+00,2.3749e-01
1.2040e+04,4.1416e-02,2.0291e+00,1.5002e+01,3.2188e+00,2.3750e-01
1.2050e+04,4.1291e-02,2.0290e+00,1.5002e+01,3.2189e+00,2.3751e-01
1.2060e+04,4.1167e-02,2.0289e+00,1.5002e+01,3.2190e+00,2.3753e-01
1.2070e+04,4.1043e-02,2.0288e+00,1.5002e+01,3.2191e+00,2.3754e-01
1.2080e+04,4.0919e-02,2.0287e+00,1.5002e+01,3.2192e+00,2.3755e-01
1.2090e+04,4.0796e-02,2.0285e+00,1.5002e+01,3.2193e+00,2.3757e-01
1.2100e+04,4.0673e-02,2.0284e+00,1.5002e+01,3.2194e+00,2.3758e-01
1.2110e+04,4.0550e-02,2.0283e+00,1.5002e+01,3.2195e+00,2.3760e-01
1.2120e+04,4.0428e-02,2.0282e+00,1.5002e+01,3.2196e+00,2.3761e-01
1.2130e+04,4.0307e-02,2.0281e+00,1.5002e+01,3.2197e+00,2.3762e-01
1.2140e+04,4.0185e-02,2.0280e+00,1.5002e+01,3.2198e+00,2.3764e-01
1.2150e+04,4.0064e-02,2.0279e+00,1.5002e+01,3.2200e+00,2.3765e-01
1.2160e+04,3.9943e-02,2.0278e+00,1.5002e+01,3.2201e+00,2.3766e-01
1.2170e+04,3.9823e-02,2.0277e+00,1.5002e+01,3.2202e+00,2.3767e-01
1.2180e+04,3.9703e-02,2.0276e+00,1.5002e+01,3.2203e+00,2.3769e-01
1.2190e+04,3.9584e-02,2.0275e+00,1.5002e+01,3.2204e+00,2.3770e-01
1.2200e+04,3.9464e-02,2.0274e+00,1.5002e+01,3.2205e+00,2.3771e-01
1.2210e+04,3.9346e-02,2.0273e+00,1.5002e+01,3.2206e+00,2.3773e-01
1.2220e+04,3.9227e-02,2.0272e+00,1.5002e+01,3.2207e+00,2.3774e-01
1.2230e+04,3.9109e-02,2.0270e+00,1.5002e+01,3.2208e+00,2.3775e-01
1.2240e+04,3.8991e-02,2.0269e+00,1.5002e+01,3.2209e+00,2.3777e-01
1.2250e+04,3.8874e-02,2.0268e+00,1.5002e+01,3.2210e+00,2.3778e-01
1.2260e+04,3.8757e-02,2.0267e+00,1.5002e+01,3.2211e+00,2.3779e-01
1.2270e+04,3.8640e-02,2.0266e+00,1.5002e+01,3.2212e+00,2.3780e-01
1.2280e+04,3.8524e-02,2.0265e+00,1.5002e+01,3.2213e+00,2.3782e-01
1.2290e+04,3.8408e-02,2.0264e+00,1.5002e+01,3.2214e+00,2.3783e-01
1.2300e+04,3.8292e-02,2.0263e+00,1.5002e+01,3.2215e+00,2.3784e-01
1.2310e+04,3.8177e-02,2.0262e+00,1.5002e+01,3.2216e+00,2.3786e-01
1.2320e+04,3.8062e-02,2.0261e+00,1.5002e+01,3.2217e+00,2.3787e-01
1.2330e+04,3.7948e-02,2.0260e+00,1.5002e+01,3.2218e+00,2.3788e-01
1.2340e+04,3.7833e-02,2.0259e+00,1.5002e+01,3.2219e+00,2.3789e-01
1.2350e+04,3.7720e-02,2.0258e+00,1.5002e+01,3.2220e+00,2.3791e-01
1.2360e+04,3.7606e-02,2.0257e+00,1.5002e+01,3.2221e+00,2.3792e-01
1.2370e+04,3.7493e-02,2.0256e+00,1.5002e+01,3.2222e+00,2.3793e-01
1.2380e+04,3.7380e-02,2.0255e+00,1.5002e+01,3.2223e+00,2.3794e-01
1.2390e+04,3.7268e-02,2.0254e+00,1.5002e+01,3.2224e+00,2.3796e-01
1.2400e+04,3.7156e-02,2.0253e+00,1.5002e+01,3.2225e+00,2.3797e-01
1.2410e+04,3.7044e-02,2.0252e+00,1.5002e+01,3.2226e+00,2.3798e-01
1.2420e+04,3.6932e-02,2.0251e+00,1.5002e+01,3.2227e+00,2.3799e-01
1.2430e+04,3.6821e-02,2.0250e+00,1.5002e+01,3.2228e+00,2.3800e-01
1.2440e+04,3.6710e-02,2.0249e+00,1.5002e+01,3.2229e+00,2.3802e-01
1.2450e+04,3.6600e-02,2.0248e+00,1.5002e+01,3.2230e+00,2.3803e-01
1.2460e+04,3.6490e-02,2.0247e+00,1.5002e+01,3.2231e+00,2.3804e-01
1.2470e+04,3.6380e-02,2.0246e+00,1.5002e+01,3.2232e+00,2.3805e-01
1.2480e+04,3.6271e-02,2.0245e+00,1.5002e+01,3.2233e+00,2.3807e-01
1.2490e+04,3.6162e-02,2.0244e+00,1.5002e+01,3.2234e+00,2.3808e-01
1.2500e+04,3.6053e-02,2.0243e+00,1.5002e+01,3.2235e+00,2.3809e-01
1.2510e+04,3.5945e-02,2.0242e+00,1.5002e+01,3.2236e+00,2.3810e-01
1.2520e+04,3.5836e-02,2.0241e+00,1.5002e+01,3.2237e+00,2.3811e-01
1.2530e+04,3.5729e-02,2.0240e+00,1.5002e+01,3.2238e+00,2.3812e-01
1.2540e+04,3.5621e-02,2.0239e+00,1.5002e+01,3.2239e+00,2.3814e-01
1.2550e+04,3.5514e-02,2.0238e+00,1.5002e+01,3.2240e+00,2.3815e-01
1.2560e+04,3.5407e-02,2.0237e+00,1.5002e+01,3.2241e+00,2.3816e-01
1.2570e+04,3.5301e-02,2.0237e+00,1.5002e+01,3.2242e+00,2.3817e-01
1.2580e+04,3.5195e-02,2.0236e+00,1.5002e+01,3.2243e+00,2.3818e-01
1.2590e+04,3.5089e-02,2.0235e+00,1.5002e+01,3.2244e+00,2.3820e-01
1.2600e+04,3.4984e-02,2.0234e+00,1.5002e+01,3.2245e+00,2.3821e-01
1.2610e+04,3.4878e-02,2.0233e+00,1.5002e+01,3.2246e+00,2.3822e-01
1.2620e+04,3.4774e-02,2.0232e+00,1.5002e+01,3.2247e+00,2.3823e-01
1.2630e+04,3.4669e-02,2.0231e+00,1.5002e+01,3.2248e+00,2.3824e-01
1.2640e+04,3.4565e-02,2.0230e+00,1.5002e+01,3.2249e+00,2.3825e-01
1.2650e+04,3.4461e-02,2.0229e+00,1.5002e+01,3.2249e+00,2.3826e-01
1.2660e+04,3.4357e-02,2.0228e+00,1.5002e+01,3.2250e+00,2.3828e-01
1.2670e+04,3.4254e-02,2.0227e+00,1.5002e+01,3.2251e+00,2.3829e-01
1.2680e+04,3.4151e-02,2.0226e+00,1.5002e+01,3.2252e+00,2.3830e-01
1.2690e+04,3.4049e-02,2.0225e+00,1.5002e+01,3.2253e+00,2.3831e-01
1.2700e+04,3.3946e-02,2.0224e+00,1.5002e+01,3.2254e+00,2.3832e-01
1.2710e+04,3.3844e-02,2.0224e+00,1.5002e+01,3.2255e+00,2.3833e-01
1.2720e+04,3.3743e-02,2.0223e+00,1.5002e+01,3.2256e+00,2.3834e-01
1.2730e+04,3.3641e-02,2.0222e+00,1.5002e+01,3.2257e+00,2.3835e-01
1.2740e+04,3.3540e-02,2.0221e+00,1.5002e+01,3.2258e+00,2.3837e-01
1.2750e+04,3.3439e-02,2.0220e+00,1.5002e+01,3.2259e+00,2.3838e-01
1.2760e+04,3.3339e-02,2.0219e+00,1.5002e+01,3.2259e+00,2.3839e-01
1.2770e+04,3.3239e-02,2.0218e+00,1.5002e+01,3.2260e+00,2.3840e-01
1.2780e+04,3.3139e-02,2.0217e+00,1.5002e+01,3.2261e+00,2.3841e-01
1.2790e+04,3.3039e-02,2.0216e+00,1.5002e+01,3.2262e+00,2.3842e-01
1.2800e+04,3.2940e-02,2.0216e+00,1.5002e+01,3.2263e+00,2.3843e-01
1.2810e+04,3.2841e-02,2.0215e+00,1.5002e+01,3.2264e+00,2.3844e-01
1.2820e+04,3.2743e-02,2.0214e+00,1.5002e+01,3.2265e+00,2.3845e-01
1.2830e+04,3.2644e-02,2.0213e+00,1.5002e+01,3.2266e+00,2.3846e-01
1.2840e+04,3.2546e-02,2.0212e+00,1.5002e+01,3.2266e+00,2.3847e-01
1.2850e+04,3.2449e-02,2.0211e+00,1.5002e+01,3.2267e+00,2.3849e-01
1.2860e+04,3.2351e-02,2.0210e+00,1.5002e+01,3.2268e+00,2.3850e-01
1.2870e+04,3.2254e-02,2.0209e+00,1.5002e+01,3.2269e+00,2.3851e-01
1.2880e+04,3.2157e-02,2.0209e+00,1.5002e+01,3.2270e+00,2.3852e-01
1.2890e+04,3.2061e-02,2.0208e+00,1.5002e+01,3.2271e+00,2.3853e-01
1.2900e+04,3.1964e-02,2.0207e+00,1.5002e+01,3.2272e+00,2.3854e-01
1.2910e+04,3.1868e-02,2.0206e+00,1.5002e+01,3.2273e+00,2.3855e-01
1.2920e+04,3.1773e-02,2.0205e+00,1.5002e+01,3.2273e+00,2.3856e-01
1.2930e+04,3.1677e-02,2.0204e+00,1.5002e+01,3.2274e+00,2.3857e-01
1.2940e+04,3.1582e-02,2.0203e+00,1.5002e+01,3.2275e+00,2.3858e-01
1.2950e+04,3.1487e-02,2.0203e+00,1.5002e+01,3.2276e+00,2.3859e-01
1.2960e+04,3.1393e-02,2.0202e+00,1.5002e+01,3.2277e+00,2.3860e-01
1.2970e+04,3.1299e-02,2.0201e+00,1.5002e+01,3.2278e+00,2.3861e-01
1.2980e+04,3.1205e-02,2.0200e+00,1.5002e+01,3.2278e+00,2.3862e-01
1.2990e+04,3.1111e-02,2.0199e+00,1.5002e+01,3.2279e+00,2.3863e-01
1.3000e+04,3.1018e-02,2.0198e+00,1.5002e+01,3.2280e+00,2.3864e-01
1.3010e+04,3.0925e-02,2.0198e+00,1.5002e+01,3.2281e+00,2.3865e-01
1.3020e+04,3.0832e-02,2.0197e+00,1.5002e+01,3.2282e+00,2.3866e-01
1.3030e+04,3.0739e-02,2.0196e+00,1.5002e+01,3.2283e+00,2.3867e-01
1.3040e+04,3.0647e-02,2.0195e+00,1.5002e+01,3.2283e+00,2.3868e-01
1.3050e+04,3.0555e-02,2.0194e+00,1.5002e+01,3.2284e+00,2.3869e-01
1.3060e+04,3.0463e-02,2.0193e+00,1.5002e+01,3.2285e+00,2.3870e-01
1.3070e+04,3.0372e-02,2.0193e+00,1.5002e+01,3.2286e+00,2.3871e-01
1.3080e+04,3.0281e-02,2.0192e+00,1.5002e+01,3.2287e+00,2.3872e-01
1.3090e+04,3.0190e-02,2.0191e+00,1.5002e+01,3.2287e+00,2.3873e-01
1.3100e+04,3.0099e-02,2.0190e+00,1.5002e+01,3.2288e+00,2.3874e-01
1.3110e+04,3.0009e-02,2.0189e+00,1.5002e+01,3.2289e+00,2.3875e-01
1.3120e+04,2.9919e-02,2.0189e+00,1.5002e+01,3.2290e+00,2.3876e-01
1.3130e+04,2.9829e-02,2.0188e+00,1.5002e+01,3.2291e+00,2.3877e-01
1.3140e+04,2.9740e-02,2.0187e+00,1.5002e+01,3.2291e+00,2.3878e-01
1.3150e+04,2.9651e-02,2.0186e+00,1.5002e+01,3.2292e+00,2.3879e-01
1.3160e+04,2.9562e-02,2.0185e+00,1.5002e+01,3.2293e+00,2.3880e-01
1.3170e+04,2.9473e-02,2.0185e+00,1.5002e+01,3.2294e+00,2.3881e-01
1.3180e+04,2.9385e-02,2.0184e+00,1.5002e+01,3.2295e+00,2.3882e-01
1.3190e+04,2.9296e-02,2.0183e+00,1.5002e+01,3.2295e+00,2.3883e-01
1.3200e+04,2.9209e-02,2.0182e+00,1.5002e+01,3.2296e+00,2.3884e-01
1.3210e+04,2.9121e-02,2.0182e+00,1.5002e+01,3.2297e+00,2.3885e-01
1.3220e+04,2.9034e-02,2.0181e+00,1.5002e+01,3.2298e+00,2.3886e-01
1.3230e+04,2.8947e-02,2.0180e+00,1.5002e+01,3.2299e+00,2.3887e-01
1.3240e+04,2.8860e-02,2.0179e+00,1.5002e+01,3.2299e+00,2.3888e-01
1.3250e+04,2.8773e-02,2.0178e+00,1.5002e+01,3.2300e+00,2.3889e-01
1.3260e+04,2.8687e-02,2.0178e+00,1.5002e+01,3.2301e+00,2.3890e-01
1.3270e+04,2.8601e-02,2.0177e+00,1.5002e+01,3.2302e+00,2.3891e-01
1.3280e+04,2.8515e-02,2.0176e+00,1.5002e+01,3.2302e+00,2.3892e-01
1.3290e+04,2.8430e-02,2.0175e+00,1.5002e+01,3.2303e+00,2.3893e-01
1.3300e+04,2.8344e-02,2.0175e+00,1.5002e+01,3.2304e+00,2.3894e-01
1.3310e+04,2.8259e-02,2.0174e+00,1.5002e+01,3.2305e+00,2.3895e-01
1.3320e+04,2.8175e-02,2.0173e+00,1.5002e+01,3.2305e+00,2.3896e-01
1.3330e+04,2.8090e-02,2.0172e+00,1.5002e+01,3.2306e+00,2.3897e-01
1.3340e+04,2.8006e-02,2.0172e+00,1.5002e+01,3.2307e+00,2.3897e-01
1.3350e+04,2.7922e-02,2.0171e+00,1.5002e+01,3.2308e+00,2.3898e-01
1.3360e+04,2.7838e-02,2.0170e+00,1.5002e+01,3.2308e+00,2.3899e-01
1.3370e+04,2.7755e-02,2.0169e+00,1.5002e+01,3.2309e+00,2.3900e-01
1.3380e+04,2.7672e-02,2.0169e+00,1.5002e+01,3.2310e+00,2.3901e-01
1.3390e+04,2.7589e-02,2.0168e+00,1.5002e+01,3.2311e+00,2.3902e-01
1.3400e+04,2.7506e-02,2.0167e+00,1.5002e+01,3.2311e+00,2.3903e-01
1.3410e+04,2.7424e-02,2.0166e+00,1.5002e+01,3.2312e+00,2.3904e-01
1.3420e+04,2.7341e-02,2.0166e+00,1.5002e+01,3.2313e+00,2.3905e-01
1.3430e+04,2.7260e-02,2.0165e+00,1.5002e+01,3.2314e+00,2.3906e-01
1.3440e+04,2.7178e-02,2.0164e+00,1.5002e+01,3.2314e+00,2.3907e-01
1.3450e+04,2.7096e-02,2.0163e+00,1.5002e+01,3.2315e+00,2.3908e-01
1.3460e+04,2.7015e-02,2.0163e+00,1.5002e+01,3.2316e+00,2.3908e-01
1.3470e+04,2.6934e-02,2.0162e+00,1.5002e+01,3.2316e+00,2.3909e-01
1.3480e+04,2.6854e-02,2.0161e+00,1.5002e+01,3.2317e+00,2.3910e-01
1.3490e+04,2.6773e-02,2.0161e+00,1.5002e+01,3.2318e+00,2.3911e-01
1.3500e+04,2.6693e-02,2.0160e+00,1.5002e+01,3.2319e+00,2.3912e-01
1.3510e+04,2.6613e-02,2.0159e+00,1.5002e+01,3.2319e+00,2.3913e-01
1.3520e+04,2.6533e-02,2.0158e+00,1.5002e+01,3.2320e+00,2.3914e-01
1.3530e+04,2.6454e-02,2.0158e+00,1.5002e+01,3.2321e+00,2.3915e-01
1.3540e+04,2.6374e-02,2.0157e+00,1.5002e+01,3.2321e+00,2.3915e-01
1.3550e+04,2.6295e-02,2.0156e+00,1.5002e+01,3.2322e+00,2.3916e-01
1.3560e+04,2.6217e-02,2.0156e+00,1.5002e+01,3.2323e+00,2.3917e-01
1.3570e+04,2.6138e-02,2.0155e+00,1.5002e+01,3.2323e+00,2.3918e-01
1.3580e+04,2.6060e-02,2.0154e+00,1.5002e+01,3.2324e+00,2.3919e-01
1.3590e+04,2.5982e-02,2.0154e+00,1.5002e+01,3.2325e+00,2.3920e-01
1.3600e+04,2.5904e-02,2.0153e+00,1.5002e+01,3.2326e+00,2.3921e-01
1.3610e+04,2.5826e-02,2.0152e+00,1.5002e+01,3.2326e+00,2.3922e-01
1.3620e+04,2.5749e-02,2.0151e+00,1.5002e+01,3.2327e+00,2.3922e-01
1.3630e+04,2.5672e-02,2.0151e+00,1.5002e+01,3.2328e+00,2.3923e-01
1.3640e+04,2.5595e-02,2.0150e+00,1.5002e+01,3.2328e+00,2.3924e-01
1.3650e+04,2.5518e-02,2.0149e+00,1.5002e+01,3.2329e+00,2.3925e-01
1.3660e+04,2.5442e-02,2.0149e+00,1.5002e+01,3.2330e+00,2.3926e-01
1.3670e+04,2.5366e-02,2.0148e+00,1.5002e+01,3.2330e+00,2.3927e-01
1.3680e+04,2.5290e-02,2.0147e+00,1.5002e+01,3.2331e+00,2.3927e-01
1.3690e+04,2.5214e-02,2.0147e+00,1.5002e+01,3.2332e+00,2.3928e-01
1.3700e+04,2.5138e-02,2.0146e+00,1.5002e+01,3.2332e+00,2.3929e-01
1.3710e+04,2.5063e-02,2.0145e+00,1.5002e+01,3.2333e+00,2.3930e-01
1.3720e+04,2.4988e-02,2.0145e+00,1.5002e+01,3.2334e+00,2.3931e-01
1.3730e+04,2.4913e-02,2.0144e+00,1.5002e+01,3.2334e+00,2.3932e-01
1.3740e+04,2.4839e-02,2.0143e+00,1.5002e+01,3.2335e+00,2.3932e-01
1.3750e+04,2.4764e-02,2.0143e+00,1.5002e+01,3.2336e+00,2.3933e-01
1.3760e+04,2.4690e-02,2.0142e+00,1.5002e+01,3.2336e+00,2.3934e-01
1.3770e+04,2.4616e-02,2.0141e+00,1.5002e+01,3.2337e+00,2.3935e-01
1.3780e+04,2.4543e-02,2.0141e+00,1.5002e+01,3.2338e+00,2.3936e-01
1.3790e+04,2.4469e-02,2.0140e+00,1.5002e+01,3.2338e+00,2.3937e-01
1.3800e+04,2.4396e-02,2.0139e+00,1.5002e+01,3.2339e+00,2.3937e-01
1.3810e+04,2.4323e-02,2.0139e+00,1.5002e+01,3.2340e+00,2.3938e-01
1.3820e+04,2.4250e-02,2.0138e+00,1.5002e+01,3.2340e+00,2.3939e-01
1.3830e+04,2.4177e-02,2.0138e+00,1.5002e+01,3.2341e+00,2.3940e-01
1.3840e+04,2.4105e-02,2.0137e+00,1.5002e+01,3.2342e+00,2.3941e-01
1.3850e+04,2.4033e-02,2.0136e+00,1.5002e+01,3.2342e+00,2.3941e-01
1.3860e+04,2.3961e-02,2.0136e+00,1.5002e+01,3.2343e+00,2.3942e-01
1.3870e+04,2.3889e-02,2.0135e+00,1.5002e+01,3.2344e+00,2.3943e-01
1.3880e+04,2.3818e-02,2.0134e+00,1.5002e+01,3.2344e+00,2.3944e-01
1.3890e+04,2.3746e-02,2.0134e+00,1.5002e+01,3.2345e+00,2.3945e-01
1.3900e+04,2.3675e-02,2.0133e+00,1.5002e+01,3.2345e+00,2.3945e-01
1.3910e+04,2.3605e-02,2.0132e+00,1.5002e+01,3.2346e+00,2.3946e-01
1.3920e+04,2.3534e-02,2.0132e+00,1.5002e+01,3.2347e+00,2.3947e-01
1.3930e+04,2.3464e-02,2.0131e+00,1.5002e+01,3.2347e+00,2.3948e-01
1.3940e+04,2.3393e-02,2.0131e+00,1.5002e+01,3.2348e+00,2.3948e-01
1.3950e+04,2.3323e-02,2.0130e+00,1.5002e+01,3.2349e+00,2.3949e-01
1.3960e+04,2.3254e-02,2.0129e+00,1.5002e+01,3.2349e+00,2.3950e-01
1.3970e+04,2.3184e-02,2.0129e+00,1.5002e+01,3.2350e+00,2.3951e-01
1.3980e+04,2.3115e-02,2.0128e+00,1.5002e+01,3.2350e+00,2.3951e-01
1.3990e+04,2.3045e-02,2.0127e+00,1.5002e+01,3.2351e+00,2.3952e-01
1.4000e+04,2.2976e-02,2.0127e+00,1.5002e+01,3.2352e+00,2.3953e-01
1.4010e+04,2.2908e-02,2.0126e+00,1.5002e+01,3.2352e+00,2.3954e-01
1.4020e+04,2.2839e-02,2.0126e+00,1.5002e+01,3.2353e+00,2.3955e-01
1.4030e+04,2.2771e-02,2.0125e+00,1.5002e+01,3.2353e+00,2.3955e-01
1.4040e+04,2.2703e-02,2.0124e+00,1.5002e+01,3.2354e+00,2.3956e-01
1.4050e+04,2.2635e-02,2.0124e+00,1.5002e+01,3.2355e+00,2.3957e-01
1.4060e+04,2.2567e-02,2.0123e+00,1.5002e+01,3.2355e+00,2.3958e-01
1.4070e+04,2.2500e-02,2.0123e+00,1.5002e+01,3.2356e+00,2.3958e-01
1.4080e+04,2.2432e-02,2.0122e+00,1.5002e+01,3.2356e+00,2.3959e-01
1.4090e+04,2.2365e-02,2.0121e+00,1.5002e+01,3.2357e+00,2.3960e-01
1.4100e+04,2.2298e-02,2.0121e+00,1.5002e+01,3.2358e+00,2.3961e-01
1.4110e+04,2.2232e-02,2.0120e+00,1.5002e+01,3.2358e+00,2.3961e-01
1.4120e+04,2.2165e-02,2.0120e+00,1.5002e+01,3.2359e+00,2.3962e-01
1.4130e+04,2.2099e-02,2.0119e+00,1.5002e+01,3.2359e+00,2.3963e-01
1.4140e+04,2.2033e-02,2.0118e+00,1.5002e+01,3.2360e+00,2.3963e-01
1.4150e+04,2.1967e-02,2.0118e+00,1.5002e+01,3.2361e+00,2.3964e-01
1.4160e+04,2.1901e-02,2.0117e+00,1.5002e+01,3.2361e+00,2.3965e-01
1.4170e+04,2.1836e-02,2.0117e+00,1.5002e+01,3.2362e+00,2.3966e-01
1.4180e+04,2.1770e-02,2.0116e+00,1.5002e+01,3.2362e+00,2.3966e-01
1.4190e+04,2.1705e-02,2.0115e+00,1.5002e+01,3.2363e+00,2.3967e-01
1.4200e+04,2.1640e-02,2.0115e+00,1.5002e+01,3.2364e+00,2.3968e-01
1.4210e+04,2.1576e-02,2.0114e+00,1.5002e+01,3.2364e+00,2.3968e-01
1.4220e+04,2.1511e-02,2.0114e+00,1.5002e+01,3.2365e+00,2.3969e-01
1.4230e+04,2.1447e-02,2.0113e+00,1.5002e+01,3.2365e+00,2.3970e-01
1.4240e+04,2.1383e-02,2.0113e+00,1.5002e+01,3.2366e+00,2.3971e-01
1.4250e+04,2.1319e-02,2.0112e+00,1.5002e+01,3.2366e+00,2.3971e-01
1.4260e+04,2.1255e-02,2.0111e+00,1.5002e+01,3.2367e+00,2.3972e-01
1.4270e+04,2.1191e-02,2.0111e+00,1.5002e+01,3.2367e+00,2.3973e-01
1.4280e+04,2.1128e-02,2.0110e+00,1.5002e+01,3.2368e+00,2.3973e-01
1.4290e+04,2.1065e-02,2.0110e+00,1.5002e+01,3.2369e+00,2.3974e-01
1.4300e+04,2.1002e-02,2.0109e+00,1.5002e+01,3.2369e+00,2.3975e-01
1.4310e+04,2.0939e-02,2.0109e+00,1.5002e+01,3.2370e+00,2.3976e-01
1.4320e+04,2.0877e-02,2.0108e+00,1.5002e+01,3.2370e+00,2.3976e-01
1.4330e+04,2.0814e-02,2.0108e+00,1.5002e+01,3.2371e+00,2.3977e-01
1.4340e+04,2.0752e-02,2.0107e+00,1.5002e+01,3.2371e+00,2.3978e-01
1.4350e+04,2.0690e-02,2.0106e+00,1.5002e+01,3.2372e+00,2.3978e-01
1.4360e+04,2.0628e-02,2.0106e+00,1.5002e+01,3.2373e+00,2.3979e-01
1.4370e+04,2.0566e-02,2.0105e+00,1.5002e+01,3.2373e+00,2.3980e-01
1.4380e+04,2.0505e-02,2.0105e+00,1.5002e+01,3.2374e+00,2.3980e-01
1.4390e+04,2.0444e-02,2.0104e+00,1.5002e+01,3.2374e+00,2.3981e-01
