t,[L2M],[D],[L],[L2MD],[L2Ms]
0.0000e+00,3.5000e+00,1.7500e+01,1.5000e+01,0.0000e+00,0.0000e+00
1.0000e+01,3.4199e+00,1.7423e+01,1.5002e+01,7.6635e-02,1.0972e-03
2.0000e+01,3.3440e+00,1.7348e+01,1.5002e+01,1.5145e-01,2.1730e-03
3.0000e+01,3.2701e+00,1.7275e+01,1.5002e+01,2.2432e-01,3.2252e-03
4.0000e+01,3.1981e+00,1.7204e+01,1.5002e+01,2.9529e-01,4.2544e-03
5.0000e+01,3.1280e+00,1.7135e+01,1.5002e+01,3.6443e-01,5.2612e-03
6.0000e+01,3.0596e+00,1.7068e+01,1.5002e+01,4.3180e-01,6.2461e-03
7.0000e+01,2.9930e+00,1.7002e+01,1.5002e+01,4.9746e-01,7.2096e-03
8.0000e+01,2.9281e+00,1.6938e+01,1.5002e+01,5.6146e-01,8.1524e-03
9.0000e+01,2.8648e+00,1.6876e+01,1.5002e+01,6.2384e-01,9.0749e-03
1.0000e+02,2.8030e+00,1.6815e+01,1.5002e+01,6.8467e-01,9.9776e-03
1.1000e+02,2.7428e+00,1.6755e+01,1.5002e+01,7.4399e-01,1.0861e-02
1.2000e+02,2.6841e+00,1.6698e+01,1.5002e+01,8.0183e-01,1.1726e-02
1.3000e+02,2.6268e+00,1.6641e+01,1.5002e+01,8.5826e-01,1.2572e-02
1.4000e+02,2.5710e+00,1.6586e+01,1.5002e+01,9.1331e-01,1.3400e-02
1.5000e+02,2.5164e+00,1.6532e+01,1.5002e+01,9.6702e-01,1.4211e-02
1.6000e+02,2.4632e+00,1.6480e+01,1.5002e+01,1.0194e+00,1.5005e-02
1.7000e+02,2.4113e+00,1.6429e+01,1.5002e+01,1.0706e+00,1.5782e-02
1.8000e+02,2.3606e+00,1.6379e+01,1.5002e+01,1.1205e+00,1.6543e-02
1.9000e+02,2.3111e+00,1.6330e+01,1.5002e+01,1.1692e+00,1.7288e-02
2.0000e+02,2.2628e+00,1.6282e+01,1.5002e+01,1.2168e+00,1.8018e-02
2.1000e+02,2.2156e+00,1.6236e+01,1.5002e+01,1.2633e+00,1.8732e-02
2.2000e+02,2.1696e+00,1.6190e+01,1.5002e+01,1.3087e+00,1.9432e-02
2.3000e+02,2.1246e+00,1.6146e+01,1.5002e+01,1.3530e+00,2.0117e-02
2.4000e+02,2.0806e+00,1.6103e+01,1.5002e+01,1.3962e+00,2.0788e-02
2.5000e+02,2.0377e+00,1.6060e+01,1.5002e+01,1.4385e+00,2.1445e-02
2.6000e+02,1.9958e+00,1.6019e+01,1.5002e+01,1.4798e+00,2.2089e-02
2.7000e+02,1.9548e+00,1.5979e+01,1.5002e+01,1.5202e+00,2.2719e-02
2.8000e+02,1.9147e+00,1.5939e+01,1.5002e+01,1.5596e+00,2.3337e-02
2.9000e+02,1.8756e+00,1.5901e+01,1.5002e+01,1.5981e+00,2.3942e-02
3.0000e+02,1.8373e+00,1.5863e+01,1.5002e+01,1.6358e+00,2.4535e-02
3.1000e+02,1.7999e+00,1.5826e+01,1.5002e+01,1.6726e+00,2.5116e-02
3.2000e+02,1.7634e+00,1.5790e+01,1.5002e+01,1.7086e+00,2.5685e-02
3.3000e+02,1.7276e+00,1.5755e+01,1.5002e+01,1.7438e+00,2.6242e-02
3.4000e+02,1.6927e+00,1.5721e+01,1.5002e+01,1.7782e+00,2.6789e-02
3.5000e+02,1.6585e+00,1.5687e+01,1.5002e+01,1.8118e+00,2.7324e-02
3.6000e+02,1.6251e+00,1.5654e+01,1.5002e+01,1.8447e+00,2.7849e-02
3.7000e+02,1.5925e+00,1.5622e+01,1.5002e+01,1.8768e+00,2.8363e-02
3.8000e+02,1.5605e+00,1.5590e+01,1.5002e+01,1.9083e+00,2.8866e-02
3.9000e+02,1.5293e+00,1.5560e+01,1.5002e+01,1.9390e+00,2.9360e-02
4.0000e+02,1.4987e+00,1.5530e+01,1.5002e+01,1.9691e+00,2.9844e-02
4.1000e+02,1.4688e+00,1.5500e+01,1.5002e+01,1.9986e+00,3.0318e-02
4.2000e+02,1.4395e+00,1.5471e+01,1.5002e+01,2.0274e+00,3.0783e-02
4.3000e+02,1.4109e+00,1.5443e+01,1.5002e+01,2.0555e+00,3.1239e-02
4.4000e+02,1.3829e+00,1.5415e+01,1.5002e+01,2.0831e+00,3.1685e-02
4.5000e+02,1.3555e+00,1.5389e+01,1.5002e+01,2.1101e+00,3.2123e-02
4.6000e+02,1.3287e+00,1.5362e+01,1.5002e+01,2.1364e+00,3.2552e-02
4.7000e+02,1.3024e+00,1.5336e+01,1.5002e+01,2.1623e+00,3.2973e-02
4.8000e+02,1.2767e+00,1.5311e+01,1.5002e+01,2.1876e+00,3.3385e-02
4.9000e+02,1.2516e+00,1.5286e+01,1.5002e+01,2.2123e+00,3.3790e-02
5.0000e+02,1.2270e+00,1.5262e+01,1.5002e+01,2.2365e+00,3.4186e-02
5.1000e+02,1.2029e+00,1.5238e+01,1.5002e+01,2.2602e+00,3.4574e-02
5.2000e+02,1.1793e+00,1.5215e+01,1.5002e+01,2.2834e+00,3.4955e-02
5.3000e+02,1.1562e+00,1.5192e+01,1.5002e+01,2.3061e+00,3.5329e-02
5.4000e+02,1.1336e+00,1.5170e+01,1.5002e+01,2.3284e+00,3.5695e-02
5.5000e+02,1.1115e+00,1.5148e+01,1.5002e+01,2.3502e+00,3.6054e-02
5.6000e+02,1.0898e+00,1.5127e+01,1.5002e+01,2.3715e+00,3.6407e-02
5.7000e+02,1.0686e+00,1.5106e+01,1.5002e+01,2.3924e+00,3.6752e-02
5.8000e+02,1.0478e+00,1.5086e+01,1.5002e+01,2.4128e+00,3.7090e-02
5.9000e+02,1.0274e+00,1.5066e+01,1.5002e+01,2.4328e+00,3.7422e-02
6.0000e+02,1.0075e+00,1.5046e+01,1.5002e+01,2.4524e+00,3.7748e-02
6.1000e+02,9.8797e-01,1.5027e+01,1.5002e+01,2.4716e+00,3.8067e-02
6.2000e+02,9.6884e-01,1.5008e+01,1.5002e+01,2.4904e+00,3.8380e-02
6.3000e+02,9.5011e-01,1.4989e+01,1.5002e+01,2.5089e+00,3.8688e-02
6.4000e+02,9.3177e-01,1.4971e+01,1.5002e+01,2.5269e+00,3.8989e-02
6.5000e+02,9.1379e-01,1.4954e+01,1.5002e+01,2.5446e+00,3.9284e-02
6.6000e+02,8.9619e-01,1.4936e+01,1.5002e+01,2.5619e+00,3.9574e-02
6.7000e+02,8.7894e-01,1.4919e+01,1.5002e+01,2.5789e+00,3.9858e-02
6.8000e+02,8.6204e-01,1.4903e+01,1.5002e+01,2.5955e+00,4.0137e-02
6.9000e+02,8.4548e-01,1.4886e+01,1.5002e+01,2.6118e+00,4.0410e-02
7.0000e+02,8.2926e-01,1.4870e+01,1.5002e+01,2.6277e+00,4.0678e-02
7.1000e+02,8.1336e-01,1.4855e+01,1.5002e+01,2.6434e+00,4.0941e-02
7.2000e+02,7.9778e-01,1.4840e+01,1.5002e+01,2.6587e+00,4.1199e-02
7.3000e+02,7.8252e-01,1.4825e+01,1.5002e+01,2.6737e+00,4.1452e-02
7.4000e+02,7.6756e-01,1.4810e+01,1.5002e+01,2.6884e+00,4.1700e-02
7.5000e+02,7.5291e-01,1.4795e+01,1.5002e+01,2.7028e+00,4.1943e-02
7.6000e+02,7.3854e-01,1.4781e+01,1.5002e+01,2.7169e+00,4.2182e-02
7.7000e+02,7.2446e-01,1.4767e+01,1.5002e+01,2.7308e+00,4.2417e-02
7.8000e+02,7.1067e-01,1.4754e+01,1.5002e+01,2.7444e+00,4.2646e-02
7.9000e+02,6.9714e-01,1.4740e+01,1.5002e+01,2.7577e+00,4.2872e-02
8.0000e+02,6.8389e-01,1.4727e+01,1.5002e+01,2.7707e+00,4.3093e-02
8.1000e+02,6.7089e-01,1.4715e+01,1.5002e+01,2.7835e+00,4.3310e-02
8.2000e+02,6.5816e-01,1.4702e+01,1.5002e+01,2.7960e+00,4.3523e-02
8.3000e+02,6.4568e-01,1.4690e+01,1.5002e+01,2.8083e+00,4.3732e-02
8.4000e+02,6.3344e-01,1.4678e+01,1.5002e+01,2.8203e+00,4.3936e-02
8.5000e+02,6.2144e-01,1.4666e+01,1.5002e+01,2.8321e+00,4.4137e-02
8.6000e+02,6.0968e-01,1.4654e+01,1.5002e+01,2.8437e+00,4.4335e-02
8.7000e+02,5.9815e-01,1.4643e+01,1.5002e+01,2.8550e+00,4.4528e-02
8.8000e+02,5.8685e-01,1.4632e+01,1.5002e+01,2.8661e+00,4.4718e-02
8.9000e+02,5.7577e-01,1.4621e+01,1.5002e+01,2.8770e+00,4.4904e-02
9.0000e+02,5.6490e-01,1.4610e+01,1.5002e+01,2.8877e+00,4.5087e-02
9.1000e+02,5.5425e-01,1.4600e+01,1.5002e+01,2.8982e+00,4.5266e-02
9.2000e+02,5.4381e-01,1.4590e+01,1.5002e+01,2.9084e+00,4.5442e-02
9.3000e+02,5.3356e-01,1.4580e+01,1.5002e+01,2.9185e+00,4.5615e-02
9.4000e+02,5.2352e-01,1.4570e+01,1.5002e+01,2.9284e+00,4.5784e-02
9.5000e+02,5.1367e-01,1.4560e+01,1.5002e+01,2.9380e+00,4.5950e-02
9.6000e+02,5.0402e-01,1.4550e+01,1.5002e+01,2.9475e+00,4.6113e-02
9.7000e+02,4.9455e-01,1.4541e+01,1.5002e+01,2.9568e+00,4.6273e-02
9.8000e+02,4.8527e-01,1.4532e+01,1.5002e+01,2.9660e+00,4.6430e-02
9.9000e+02,4.7616e-01,1.4523e+01,1.5002e+01,2.9749e+00,4.6584e-02
1.0000e+03,4.6723e-01,1.4514e+01,1.5002e+01,2.9837e+00,4.6735e-02
1.0100e+03,4.5847e-01,1.4506e+01,1.5002e+01,2.9923e+00,4.6884e-02
1.0200e+03,4.4989e-01,1.4497e+01,1.5002e+01,3.0008e+00,4.7029e-02
1.0300e+03,4.4146e-01,1.4489e+01,1.5002e+01,3.0090e+00,4.7172e-02
1.0400e+03,4.3320e-01,1.4481e+01,1.5002e+01,3.0172e+00,4.7312e-02
1.0500e+03,4.2510e-01,1.4473e+01,1.5002e+01,3.0251e+00,4.7450e-02
1.0600e+03,4.1715e-01,1.4465e+01,1.5002e+01,3.0329e+00,4.7585e-02
1.0700e+03,4.0936e-01,1.4457e+01,1.5002e+01,3.0406e+00,4.7717e-02
1.0800e+03,4.0172e-01,1.4450e+01,1.5002e+01,3.0481e+00,4.7847e-02
1.0900e+03,3.9422e-01,1.4442e+01,1.5002e+01,3.0555e+00,4.7975e-02
1.1000e+03,3.8686e-01,1.4435e+01,1.5002e+01,3.0627e+00,4.8100e-02
1.1100e+03,3.7965e-01,1.4428e+01,1.5002e+01,3.0698e+00,4.8223e-02
1.1200e+03,3.7257e-01,1.4421e+01,1.5002e+01,3.0768e+00,4.8343e-02
1.1300e+03,3.6563e-01,1.4414e+01,1.5002e+01,3.0836e+00,4.8461e-02
1.1400e+03,3.5882e-01,1.4408e+01,1.5002e+01,3.0903e+00,4.8578e-02
1.1500e+03,3.5214e-01,1.4401e+01,1.5002e+01,3.0968e+00,4.8692e-02
1.1600e+03,3.4559e-01,1.4395e+01,1.5002e+01,3.1033e+00,4.8803e-02
1.1700e+03,3.3916e-01,1.4388e+01,1.5002e+01,3.1096e+00,4.8913e-02
1.1800e+03,3.3286e-01,1.4382e+01,1.5002e+01,3.1158e+00,4.9021e-02
1.1900e+03,3.2667e-01,1.4376e+01,1.5002e+01,3.1219e+00,4.9127e-02
1.2000e+03,3.2060e-01,1.4370e+01,1.5002e+01,3.1278e+00,4.9230e-02
1.2100e+03,3.1465e-01,1.4364e+01,1.5002e+01,3.1337e+00,4.9332e-02
1.2200e+03,3.0881e-01,1.4358e+01,1.5002e+01,3.1394e+00,4.9432e-02
1.2300e+03,3.0308e-01,1.4353e+01,1.5002e+01,3.1451e+00,4.9530e-02
1.2400e+03,2.9746e-01,1.4347e+01,1.5002e+01,3.1506e+00,4.9626e-02
1.2500e+03,2.9194e-01,1.4342e+01,1.5002e+01,3.1560e+00,4.9721e-02
1.2600e+03,2.8653e-01,1.4337e+01,1.5002e+01,3.1613e+00,4.9814e-02
1.2700e+03,2.8122e-01,1.4331e+01,1.5002e+01,3.1665e+00,4.9905e-02
1.2800e+03,2.7601e-01,1.4326e+01,1.5002e+01,3.1717e+00,4.9994e-02
1.2900e+03,2.7090e-01,1.4321e+01,1.5002e+01,3.1767e+00,5.0082e-02
1.3000e+03,2.6589e-01,1.4316e+01,1.5002e+01,3.1816e+00,5.0168e-02
1.3100e+03,2.6097e-01,1.4311e+01,1.5002e+01,3.1865e+00,5.0252e-02
1.3200e+03,2.5614e-01,1.4307e+01,1.5002e+01,3.1912e+00,5.0335e-02
1.3300e+03,2.5140e-01,1.4302e+01,1.5002e+01,3.1959e+00,5.0416e-02
1.3400e+03,2.4675e-01,1.4297e+01,1.5002e+01,3.2004e+00,5.0496e-02
1.3500e+03,2.4219e-01,1.4293e+01,1.5002e+01,3.2049e+00,5.0575e-02
1.3600e+03,2.3772e-01,1.4289e+01,1.5002e+01,3.2093e+00,5.0652e-02
1.3700e+03,2.3333e-01,1.4284e+01,1.5002e+01,3.2136e+00,5.0727e-02
1.3800e+03,2.2902e-01,1.4280e+01,1.5002e+01,3.2178e+00,5.0801e-02
1.3900e+03,2.2479e-01,1.4276e+01,1.5002e+01,3.2220e+00,5.0874e-02
1.4000e+03,2.2064e-01,1.4272e+01,1.5002e+01,3.2261e+00,5.0945e-02
1.4100e+03,2.1657e-01,1.4268e+01,1.5002e+01,3.2301e+00,5.1015e-02
1.4200e+03,2.1257e-01,1.4264e+01,1.5002e+01,3.2340e+00,5.1084e-02
1.4300e+03,2.0865e-01,1.4260e+01,1.5002e+01,3.2379e+00,5.1152e-02
1.4400e+03,2.0481e-01,1.4256e+01,1.5002e+01,3.2416e+00,5.1218e-02
1.4500e+03,2.0103e-01,1.4252e+01,1.5002e+01,3.2454e+00,5.1283e-02
1.4600e+03,1.9733e-01,1.4249e+01,1.5002e+01,3.2490e+00,5.1347e-02
1.4700e+03,1.9369e-01,1.4245e+01,1.5002e+01,3.2526e+00,5.1410e-02
1.4800e+03,1.9012e-01,1.4242e+01,1.5002e+01,3.2561e+00,5.1471e-02
1.4900e+03,1.8662e-01,1.4238e+01,1.5002e+01,3.2595e+00,5.1532e-02
1.5000e+03,1.8319e-01,1.4235e+01,1.5002e+01,3.2629e+00,5.1591e-02
1.5100e+03,1.7982e-01,1.4232e+01,1.5002e+01,3.2662e+00,5.1649e-02
1.5200e+03,1.7651e-01,1.4228e+01,1.5002e+01,3.2695e+00,5.1706e-02
1.5300e+03,1.7326e-01,1.4225e+01,1.5002e+01,3.2726e+00,5.1762e-02
1.5400e+03,1.7007e-01,1.4222e+01,1.5002e+01,3.2758e+00,5.1817e-02
1.5500e+03,1.6694e-01,1.4219e+01,1.5002e+01,3.2789e+00,5.1872e-02
1.5600e+03,1.6387e-01,1.4216e+01,1.5002e+01,3.2819e+00,5.1925e-02
1.5700e+03,1.6086e-01,1.4213e+01,1.5002e+01,3.2848e+00,5.1977e-02
1.5800e+03,1.5790e-01,1.4210e+01,1.5002e+01,3.2877e+00,5.2028e-02
1.5900e+03,1.5500e-01,1.4207e+01,1.5002e+01,3.2906e+00,5.2078e-02
1.6000e+03,1.5215e-01,1.4204e+01,1.5002e+01,3.2934e+00,5.2127e-02
1.6100e+03,1.4936e-01,1.4202e+01,1.5002e+01,3.2961e+00,5.2176e-02
1.6200e+03,1.4662e-01,1.4199e+01,1.5002e+01,3.2988e+00,5.2223e-02
1.6300e+03,1.4392e-01,1.4196e+01,1.5002e+01,3.3015e+00,5.2270e-02
1.6400e+03,1.4128e-01,1.4194e+01,1.5002e+01,3.3041e+00,5.2315e-02
1.6500e+03,1.3869e-01,1.4191e+01,1.5002e+01,3.3066e+00,5.2360e-02
1.6600e+03,1.3614e-01,1.4189e+01,1.5002e+01,3.3091e+00,5.2404e-02
1.6700e+03,1.3364e-01,1.4186e+01,1.5002e+01,3.3116e+00,5.2448e-02
1.6800e+03,1.3119e-01,1.4184e+01,1.5002e+01,3.3140e+00,5.2490e-02
1.6900e+03,1.2878e-01,1.4181e+01,1.5002e+01,3.3164e+00,5.2532e-02
1.7000e+03,1.2642e-01,1.4179e+01,1.5002e+01,3.3187e+00,5.2573e-02
1.7100e+03,1.2410e-01,1.4177e+01,1.5002e+01,3.3210e+00,5.2613e-02
1.7200e+03,1.2183e-01,1.4175e+01,1.5002e+01,3.3232e+00,5.2652e-02
1.7300e+03,1.1959e-01,1.4172e+01,1.5002e+01,3.3254e+00,5.2691e-02
1.7400e+03,1.1740e-01,1.4170e+01,1.5002e+01,3.3275e+00,5.2729e-02
1.7500e+03,1.1525e-01,1.4168e+01,1.5002e+01,3.3297e+00,5.2766e-02
1.7600e+03,1.1314e-01,1.4166e+01,1.5002e+01,3.3317e+00,5.2803e-02
1.7700e+03,1.1106e-01,1.4164e+01,1.5002e+01,3.3338e+00,5.2839e-02
1.7800e+03,1.0903e-01,1.4162e+01,1.5002e+01,3.3358e+00,5.2874e-02
1.7900e+03,1.0703e-01,1.4160e+01,1.5002e+01,3.3377e+00,5.2909e-02
1.8000e+03,1.0507e-01,1.4158e+01,1.5002e+01,3.3397e+00,5.2943e-02
1.8100e+03,1.0315e-01,1.4156e+01,1.5002e+01,3.3415e+00,5.2976e-02
1.8200e+03,1.0126e-01,1.4154e+01,1.5002e+01,3.3434e+00,5.3009e-02
1.8300e+03,9.9404e-02,1.4153e+01,1.5002e+01,3.3452e+00,5.3041e-02
1.8400e+03,9.7584e-02,1.4151e+01,1.5002e+01,3.3470e+00,5.3073e-02
1.8500e+03,9.5797e-02,1.4149e+01,1.5002e+01,3.3488e+00,5.3104e-02
1.8600e+03,9.4044e-02,1.4147e+01,1.5002e+01,3.3505e+00,5.3134e-02
1.8700e+03,9.2323e-02,1.4146e+01,1.5002e+01,3.3522e+00,5.3164e-02
1.8800e+03,9.0633e-02,1.4144e+01,1.5002e+01,3.3538e+00,5.3193e-02
1.8900e+03,8.8975e-02,1.4142e+01,1.5002e+01,3.3555e+00,5.3222e-02
1.9000e+03,8.7347e-02,1.4141e+01,1.5002e+01,3.3571e+00,5.3251e-02
1.9100e+03,8.5749e-02,1.4139e+01,1.5002e+01,3.3586e+00,5.3278e-02
1.9200e+03,8.4180e-02,1.4138e+01,1.5002e+01,3.3602e+00,5.3306e-02
1.9300e+03,8.2641e-02,1.4136e+01,1.5002e+01,3.3617e+00,5.3332e-02
1.9400e+03,8.1129e-02,1.4135e+01,1.5002e+01,3.3632e+00,5.3359e-02
1.9500e+03,7.9646e-02,1.4133e+01,1.5002e+01,3.3646e+00,5.3384e-02
1.9600e+03,7.8189e-02,1.4132e+01,1.5002e+01,3.3661e+00,5.3410e-02
1.9700e+03,7.6760e-02,1.4130e+01,1.5002e+01,3.3675e+00,5.3435e-02
1.9800e+03,7.5357e-02,1.4129e+01,1.5002e+01,3.3689e+00,5.3459e-02
1.9900e+03,7.3979e-02,1.4128e+01,1.5002e+01,3.3702e+00,5.3483e-02
2.0000e+03,7.2627e-02,1.4126e+01,1.5002e+01,3.3715e+00,5.3506e-02
2.0100e+03,7.1300e-02,1.4125e+01,1.5002e+01,3.3728e+00,5.3529e-02
2.0200e+03,6.9997e-02,1.4124e+01,1.5002e+01,3.3741e+00,5.3552e-02
2.0300e+03,6.8717e-02,1.4122e+01,1.5002e+01,3.3754e+00,5.3574e-02
2.0400e+03,6.7462e-02,1.4121e+01,1.5002e+01,3.3766e+00,5.3596e-02
2.0500e+03,6.6229e-02,1.4120e+01,1.5002e+01,3.3778e+00,5.3618e-02
2.0600e+03,6.5019e-02,1.4119e+01,1.5002e+01,3.3790e+00,5.3639e-02
2.0700e+03,6.3832e-02,1.4118e+01,1.5002e+01,3.3802e+00,5.3659e-02
2.0800e+03,6.2666e-02,1.4116e+01,1.5002e+01,3.3813e+00,5.3680e-02
2.0900e+03,6.1521e-02,1.4115e+01,1.5002e+01,3.3824e+00,5.3700e-02
2.1000e+03,6.0397e-02,1.4114e+01,1.5002e+01,3.3836e+00,5.3719e-02
2.1100e+03,5.9294e-02,1.4113e+01,1.5002e+01,3.3846e+00,5.3738e-02
2.1200e+03,5.8212e-02,1.4112e+01,1.5002e+01,3.3857e+00,5.3757e-02
2.1300e+03,5.7149e-02,1.4111e+01,1.5002e+01,3.3867e+00,5.3776e-02
2.1400e+03,5.6105e-02,1.4110e+01,1.5002e+01,3.3878e+00,5.3794e-02
2.1500e+03,5.5081e-02,1.4109e+01,1.5002e+01,3.3888e+00,5.3812e-02
2.1600e+03,5.4075e-02,1.4108e+01,1.5002e+01,3.3898e+00,5.3829e-02
2.1700e+03,5.3088e-02,1.4107e+01,1.5002e+01,3.3907e+00,5.3846e-02
2.1800e+03,5.2119e-02,1.4106e+01,1.5002e+01,3.3917e+00,5.3863e-02
2.1900e+03,5.1168e-02,1.4105e+01,1.5002e+01,3.3926e+00,5.3880e-02
2.2000e+03,5.0234e-02,1.4104e+01,1.5002e+01,3.3935e+00,5.3896e-02
2.2100e+03,4.9317e-02,1.4103e+01,1.5002e+01,3.3944e+00,5.3912e-02
2.2200e+03,4.8417e-02,1.4102e+01,1.5002e+01,3.3953e+00,5.3928e-02
2.2300e+03,4.7534e-02,1.4102e+01,1.5002e+01,3.3962e+00,5.3943e-02
2.2400e+03,4.6666e-02,1.4101e+01,1.5002e+01,3.3970e+00,5.3958e-02
2.2500e+03,4.5815e-02,1.4100e+01,1.5002e+01,3.3979e+00,5.3973e-02
2.2600e+03,4.4979e-02,1.4099e+01,1.5002e+01,3.3987e+00,5.3988e-02
2.2700e+03,4.4158e-02,1.4098e+01,1.5002e+01,3.3995e+00,5.4002e-02
2.2800e+03,4.3353e-02,1.4097e+01,1.5002e+01,3.4003e+00,5.4016e-02
2.2900e+03,4.2562e-02,1.4097e+01,1.5002e+01,3.4011e+00,5.4030e-02
2.3000e+03,4.1786e-02,1.4096e+01,1.5002e+01,3.4018e+00,5.4043e-02
2.3100e+03,4.1023e-02,1.4095e+01,1.5002e+01,3.4026e+00,5.4057e-02
2.3200e+03,4.0275e-02,1.4094e+01,1.5002e+01,3.4033e+00,5.4070e-02
2.3300e+03,3.9541e-02,1.4094e+01,1.5002e+01,3.4040e+00,5.4082e-02
2.3400e+03,3.8820e-02,1.4093e+01,1.5002e+01,3.4048e+00,5.4095e-02
2.3500e+03,3.8112e-02,1.4092e+01,1.5002e+01,3.4054e+00,5.4107e-02
2.3600e+03,3.7417e-02,1.4092e+01,1.5002e+01,3.4061e+00,5.4119e-02
2.3700e+03,3.6734e-02,1.4091e+01,1.5002e+01,3.4068e+00,5.4131e-02
2.3800e+03,3.6064e-02,1.4090e+01,1.5002e+01,3.4075e+00,5.4143e-02
2.3900e+03,3.5407e-02,1.4090e+01,1.5002e+01,3.4081e+00,5.4154e-02
2.4000e+03,3.4761e-02,1.4089e+01,1.5002e+01,3.4087e+00,5.4166e-02
2.4100e+03,3.4128e-02,1.4088e+01,1.5002e+01,3.4094e+00,5.4177e-02
2.4200e+03,3.3505e-02,1.4088e+01,1.5002e+01,3.4100e+00,5.4188e-02
2.4300e+03,3.2895e-02,1.4087e+01,1.5002e+01,3.4106e+00,5.4198e-02
2.4400e+03,3.2295e-02,1.4087e+01,1.5002e+01,3.4112e+00,5.4209e-02
2.4500e+03,3.1706e-02,1.4086e+01,1.5002e+01,3.4117e+00,5.4219e-02
2.4600e+03,3.1128e-02,1.4085e+01,1.5002e+01,3.4123e+00,5.4229e-02
2.4700e+03,3.0561e-02,1.4085e+01,1.5002e+01,3.4129e+00,5.4239e-02
2.4800e+03,3.0004e-02,1.4084e+01,1.5002e+01,3.4134e+00,5.4249e-02
2.4900e+03,2.9457e-02,1.4084e+01,1.5002e+01,3.4140e+00,5.4258e-02
2.5000e+03,2.8920e-02,1.4083e+01,1.5002e+01,3.4145e+00,5.4268e-02
2.5100e+03,2.8393e-02,1.4083e+01,1.5002e+01,3.4150e+00,5.4277e-02
2.5200e+03,2.7876e-02,1.4082e+01,1.5002e+01,3.4155e+00,5.4286e-02
2.5300e+03,2.7368e-02,1.4082e+01,1.5002e+01,3.4160e+00,5.4295e-02
2.5400e+03,2.6869e-02,1.4081e+01,1.5002e+01,3.4165e+00,5.4303e-02
2.5500e+03,2.6379e-02,1.4081e+01,1.5002e+01,3.4170e+00,5.4312e-02
2.5600e+03,2.5899e-02,1.4080e+01,1.5002e+01,3.4174e+00,5.4320e-02
2.5700e+03,2.5427e-02,1.4080e+01,1.5002e+01,3.4179e+00,5.4329e-02
2.5800e+03,2.4963e-02,1.4079e+01,1.5002e+01,3.4184e+00,5.4337e-02
2.5900e+03,2.4508e-02,1.4079e+01,1.5002e+01,3.4188e+00,5.4345e-02
2.6000e+03,2.4062e-02,1.4078e+01,1.5002e+01,3.4193e+00,5.4352e-02
2.6100e+03,2.3624e-02,1.4078e+01,1.5002e+01,3.4197e+00,5.4360e-02
2.6200e+03,2.3193e-02,1.4078e+01,1.5002e+01,3.4201e+00,5.4367e-02
2.6300e+03,2.2771e-02,1.4077e+01,1.5002e+01,3.4205e+00,5.4375e-02
2.6400e+03,2.2356e-02,1.4077e+01,1.5002e+01,3.4209e+00,5.4382e-02
2.6500e+03,2.1949e-02,1.4076e+01,1.5002e+01,3.4213e+00,5.4389e-02
2.6600e+03,2.1549e-02,1.4076e+01,1.5002e+01,3.4217e+00,5.4396e-02
2.6700e+03,2.1156e-02,1.4076e+01,1.5002e+01,3.4221e+00,5.4403e-02
2.6800e+03,2.0771e-02,1.4075e+01,1.5002e+01,3.4225e+00,5.4410e-02
2.6900e+03,2.0392e-02,1.4075e+01,1.5002e+01,3.4229e+00,5.4416e-02
2.7000e+03,2.0021e-02,1.4074e+01,1.5002e+01,3.4232e+00,5.4423e-02
2.7100e+03,1.9656e-02,1.4074e+01,1.5002e+01,3.4236e+00,5.4429e-02
2.7200e+03,1.9298e-02,1.4074e+01,1.5002e+01,3.4239e+00,5.4435e-02
2.7300e+03,1.8947e-02,1.4073e+01,1.5002e+01,3.4243e+00,5.4442e-02
2.7400e+03,1.8602e-02,1.4073e+01,1.5002e+01,3.4246e+00,5.4448e-02
2.7500e+03,1.8263e-02,1.4073e+01,1.5002e+01,3.4250e+00,5.4454e-02
2.7600e+03,1.7930e-02,1.4072e+01,1.5002e+01,3.4253e+00,5.4459e-02
2.7700e+03,1.7604e-02,1.4072e+01,1.5002e+01,3.4256e+00,5.4465e-02
2.7800e+03,1.7283e-02,1.4072e+01,1.5002e+01,3.4259e+00,5.4471e-02
2.7900e+03,1.6968e-02,1.4071e+01,1.5002e+01,3.4262e+00,5.4476e-02
2.8000e+03,1.6659e-02,1.4071e+01,1.5002e+01,3.4265e+00,5.4482e-02
2.8100e+03,1.6356e-02,1.4071e+01,1.5002e+01,3.4268e+00,5.4487e-02
2.8200e+03,1.6058e-02,1.4071e+01,1.5002e+01,3.4271e+00,5.4492e-02
2.8300e+03,1.5766e-02,1.4070e+01,1.5002e+01,3.4274e+00,5.4497e-02
2.8400e+03,1.5479e-02,1.4070e+01,1.5002e+01,3.4277e+00,5.4502e-02
2.8500e+03,1.5197e-02,1.4070e+01,1.5002e+01,3.4280e+00,5.4507e-02
2.8600e+03,1.4920e-02,1.4069e+01,1.5002e+01,3.4282e+00,5.4512e-02
2.8700e+03,1.4648e-02,1.4069e+01,1.5002e+01,3.4285e+00,5.4517e-02
2.8800e+03,1.4382e-02,1.4069e+01,1.5002e+01,3.4288e+00,5.4521e-02
2.8900e+03,1.4120e-02,1.4069e+01,1.5002e+01,3.4290e+00,5.4526e-02
2.9000e+03,1.3863e-02,1.4068e+01,1.5002e+01,3.4293e+00,5.4530e-02
2.9100e+03,1.3610e-02,1.4068e+01,1.5002e+01,3.4295e+00,5.4535e-02
2.9200e+03,1.3363e-02,1.4068e+01,1.5002e+01,3.4298e+00,5.4539e-02
2.9300e+03,1.3119e-02,1.4068e+01,1.5002e+01,3.4300e+00,5.4543e-02
2.9400e+03,1.2880e-02,1.4067e+01,1.5002e+01,3.4302e+00,5.4547e-02
2.9500e+03,1.2646e-02,1.4067e+01,1.5002e+01,3.4305e+00,5.4552e-02
2.9600e+03,1.2416e-02,1.4067e+01,1.5002e+01,3.4307e+00,5.4556e-02
2.9700e+03,1.2190e-02,1.4067e+01,1.5002e+01,3.4309e+00,5.4560e-02
2.9800e+03,1.1968e-02,1.4067e+01,1.5002e+01,3.4311e+00,5.4563e-02
2.9900e+03,1.1750e-02,1.4066e+01,1.5002e+01,3.4314e+00,5.4567e-02
3.0000e+03,1.1536e-02,1.4066e+01,1.5002e+01,3.4316e+00,5.4571e-02
3.0100e+03,1.1326e-02,1.4066e+01,1.5002e+01,3.4318e+00,5.4575e-02
3.0200e+03,1.1120e-02,1.4066e+01,1.5002e+01,3.4320e+00,5.4578e-02
3.0300e+03,1.0917e-02,1.4066e+01,1.5002e+01,3.4322e+00,5.4582e-02
3.0400e+03,1.0719e-02,1.4065e+01,1.5002e+01,3.4324e+00,5.4585e-02
3.0500e+03,1.0524e-02,1.4065e+01,1.5002e+01,3.4326e+00,5.4589e-02
3.0600e+03,1.0332e-02,1.4065e+01,1.5002e+01,3.4327e+00,5.4592e-02
3.0700e+03,1.0144e-02,1.4065e+01,1.5002e+01,3.4329e+00,5.4595e-02
3.0800e+03,9.9592e-03,1.4065e+01,1.5002e+01,3.4331e+00,5.4599e-02
3.0900e+03,9.7780e-03,1.4064e+01,1.5002e+01,3.4333e+00,5.4602e-02
3.1000e+03,9.6000e-03,1.4064e+01,1.5002e+01,3.4335e+00,5.4605e-02
3.1100e+03,9.4252e-03,1.4064e+01,1.5002e+01,3.4336e+00,5.4608e-02
3.1200e+03,9.2537e-03,1.4064e+01,1.5002e+01,3.4338e+00,5.4611e-02
3.1300e+03,9.0852e-03,1.4064e+01,1.5002e+01,3.4340e+00,5.4614e-02
3.1400e+03,8.9199e-03,1.4064e+01,1.5002e+01,3.4341e+00,5.4617e-02
3.1500e+03,8.7575e-03,1.4063e+01,1.5002e+01,3.4343e+00,5.4619e-02
3.1600e+03,8.5981e-03,1.4063e+01,1.5002e+01,3.4344e+00,5.4622e-02
3.1700e+03,8.4416e-03,1.4063e+01,1.5002e+01,3.4346e+00,5.4625e-02
3.1800e+03,8.2880e-03,1.4063e+01,1.5002e+01,3.4348e+00,5.4628e-02
3.1900e+03,8.1371e-03,1.4063e+01,1.5002e+01,3.4349e+00,5.4630e-02
3.2000e+03,7.9890e-03,1.4063e+01,1.5002e+01,3.4350e+00,5.4633e-02
3.2100e+03,7.8436e-03,1.4063e+01,1.5002e+01,3.4352e+00,5.4635e-02
3.2200e+03,7.7009e-03,1.4062e+01,1.5002e+01,3.4353e+00,5.4638e-02
3.2300e+03,7.5607e-03,1.4062e+01,1.5002e+01,3.4355e+00,5.4640e-02
3.2400e+03,7.4231e-03,1.4062e+01,1.5002e+01,3.4356e+00,5.4643e-02
3.2500e+03,7.2880e-03,1.4062e+01,1.5002e+01,3.4357e+00,5.4645e-02
3.2600e+03,7.1554e-03,1.4062e+01,1.5002e+01,3.4359e+00,5.4647e-02
3.2700e+03,7.0252e-03,1.4062e+01,1.5002e+01,3.4360e+00,5.4650e-02
3.2800e+03,6.8973e-03,1.4062e+01,1.5002e+01,3.4361e+00,5.4652e-02
3.2900e+03,6.7718e-03,1.4061e+01,1.5002e+01,3.4362e+00,5.4654e-02
3.3000e+03,6.6485e-03,1.4061e+01,1.5002e+01,3.4364e+00,5.4656e-02
3.3100e+03,6.5276e-03,1.4061e+01,1.5002e+01,3.4365e+00,5.4658e-02
3.3200e+03,6.4088e-03,1.4061e+01,1.5002e+01,3.4366e+00,5.4661e-02
3.3300e+03,6.2921e-03,1.4061e+01,1.5002e+01,3.4367e+00,5.4663e-02
3.3400e+03,6.1776e-03,1.4061e+01,1.5002e+01,3.4368e+00,5.4665e-02
3.3500e+03,6.0652e-03,1.4061e+01,1.5002e+01,3.4369e+00,5.4667e-02
3.3600e+03,5.9548e-03,1.4061e+01,1.5002e+01,3.4370e+00,5.4668e-02
3.3700e+03,5.8465e-03,1.4061e+01,1.5002e+01,3.4372e+00,5.4670e-02
3.3800e+03,5.7401e-03,1.4060e+01,1.5002e+01,3.4373e+00,5.4672e-02
3.3900e+03,5.6356e-03,1.4060e+01,1.5002e+01,3.4374e+00,5.4674e-02
3.4000e+03,5.5331e-03,1.4060e+01,1.5002e+01,3.4375e+00,5.4676e-02
3.4100e+03,5.4324e-03,1.4060e+01,1.5002e+01,3.4376e+00,5.4678e-02
3.4200e+03,5.3335e-03,1.4060e+01,1.5002e+01,3.4377e+00,5.4679e-02
3.4300e+03,5.2365e-03,1.4060e+01,1.5002e+01,3.4378e+00,5.4681e-02
3.4400e+03,5.1412e-03,1.4060e+01,1.5002e+01,3.4378e+00,5.4683e-02
3.4500e+03,5.0476e-03,1.4060e+01,1.5002e+01,3.4379e+00,5.4684e-02
3.4600e+03,4.9558e-03,1.4060e+01,1.5002e+01,3.4380e+00,5.4686e-02
3.4700e+03,4.8656e-03,1.4060e+01,1.5002e+01,3.4381e+00,5.4687e-02
3.4800e+03,4.7771e-03,1.4060e+01,1.5002e+01,3.4382e+00,5.4689e-02
3.4900e+03,4.6901e-03,1.4059e+01,1.5002e+01,3.4383e+00,5.4691e-02
3.5000e+03,4.6048e-03,1.4059e+01,1.5002e+01,3.4384e+00,5.4692e-02
3.5100e+03,4.5210e-03,1.4059e+01,1.5002e+01,3.4385e+00,5.4693e-02
3.5200e+03,4.4387e-03,1.4059e+01,1.5002e+01,3.4385e+00,5.4695e-02
3.5300e+03,4.3580e-03,1.4059e+01,1.5002e+01,3.4386e+00,5.4696e-02
3.5400e+03,4.2787e-03,1.4059e+01,1.5002e+01,3.4387e+00,5.4698e-02
3.5500e+03,4.2008e-03,1.4059e+01,1.5002e+01,3.4388e+00,5.4699e-02
3.5600e+03,4.1244e-03,1.4059e+01,1.5002e+01,3.4388e+00,5.4700e-02
3.5700e+03,4.0493e-03,1.4059e+01,1.5002e+01,3.4389e+00,5.4702e-02
3.5800e+03,3.9757e-03,1.4059e+01,1.5002e+01,3.4390e+00,5.4703e-02
3.5900e+03,3.9033e-03,1.4059e+01,1.5002e+01,3.4391e+00,5.4704e-02
3.6000e+03,3.8323e-03,1.4059e+01,1.5002e+01,3.4391e+00,5.4706e-02
3.6100e+03,3.7626e-03,1.4059e+01,1.5002e+01,3.4392e+00,5.4707e-02
3.6200e+03,3.6941e-03,1.4058e+01,1.5002e+01,3.4393e+00,5.4708e-02
3.6300e+03,3.6269e-03,1.4058e+01,1.5002e+01,3.4393e+00,5.4709e-02
3.6400e+03,3.5609e-03,1.4058e+01,1.5002e+01,3.4394e+00,5.4710e-02
3.6500e+03,3.4961e-03,1.4058e+01,1.5002e+01,3.4395e+00,5.4711e-02
3.6600e+03,3.4325e-03,1.4058e+01,1.5002e+01,3.4395e+00,5.4713e-02
3.6700e+03,3.3700e-03,1.4058e+01,1.5002e+01,3.4396e+00,5.4714e-02
3.6800e+03,3.3087e-03,1.4058e+01,1.5002e+01,3.4396e+00,5.4715e-02
3.6900e+03,3.2485e-03,1.4058e+01,1.5002e+01,3.4397e+00,5.4716e-02
3.7000e+03,3.1894e-03,1.4058e+01,1.5002e+01,3.4398e+00,5.4717e-02
3.7100e+03,3.1314e-03,1.4058e+01,1.5002e+01,3.4398e+00,5.4718e-02
3.7200e+03,3.0744e-03,1.4058e+01,1.5002e+01,3.4399e+00,5.4719e-02
3.7300e+03,3.0185e-03,1.4058e+01,1.5002e+01,3.4399e+00,5.4720e-02
3.7400e+03,2.9636e-03,1.4058e+01,1.5002e+01,3.4400e+00,5.4721e-02
3.7500e+03,2.9096e-03,1.4058e+01,1.5002e+01,3.4400e+00,5.4722e-02
3.7600e+03,2.8567e-03,1.4058e+01,1.5002e+01,3.4401e+00,5.4723e-02
3.7700e+03,2.8047e-03,1.4058e+01,1.5002e+01,3.4401e+00,5.4723e-02
