t,[L2M],[D],[L],[L2MD],[L2Ms]
0.0000e+00,4.0000e+00,4.0000e+00,5.0000e+00,0.0000e+00,0.0000e+00
1.0000e+01,3.9281e+00,3.9395e+00,5.0080e+00,6.0145e-02,3.7877e-03
2.0000e+01,3.8656e+00,3.8806e+00,5.0080e+00,1.1893e-01,7.5460e-03
3.0000e+01,3.8048e+00,3.8235e+00,5.0080e+00,1.7595e-01,1.1247e-02
4.0000e+01,3.7459e+00,3.7680e+00,5.0080e+00,2.3129e-01,1.4891e-02
5.0000e+01,3.6885e+00,3.7142e+00,5.0080e+00,2.8501e-01,1.8481e-02
6.0000e+01,3.6328e+00,3.6619e+00,5.0080e+00,3.3718e-01,2.2017e-02
7.0000e+01,3.5786e+00,3.6111e+00,5.0080e+00,3.8788e-01,2.5502e-02
8.0000e+01,3.5259e+00,3.5618e+00,5.0080e+00,4.3715e-01,2.8937e-02
9.0000e+01,3.4746e+00,3.5138e+00,5.0080e+00,4.8507e-01,3.2323e-02
1.0000e+02,3.4247e+00,3.4671e+00,5.0080e+00,5.3167e-01,3.5660e-02
1.1000e+02,3.3761e+00,3.4216e+00,5.0080e+00,5.7702e-01,3.8952e-02
1.2000e+02,3.3287e+00,3.3774e+00,5.0080e+00,6.2116e-01,4.2198e-02
1.3000e+02,3.2825e+00,3.3344e+00,5.0080e+00,6.6414e-01,4.5400e-02
1.4000e+02,3.2375e+00,3.2924e+00,5.0080e+00,7.0601e-01,4.8558e-02
1.5000e+02,3.1936e+00,3.2515e+00,5.0080e+00,7.4680e-01,5.1675e-02
1.6000e+02,3.1507e+00,3.2117e+00,5.0080e+00,7.8656e-01,5.4750e-02
1.7000e+02,3.1089e+00,3.1729e+00,5.0080e+00,8.2532e-01,5.7786e-02
1.8000e+02,3.0681e+00,3.1350e+00,5.0080e+00,8.6312e-01,6.0782e-02
1.9000e+02,3.0283e+00,3.0981e+00,5.0080e+00,9.0000e-01,6.3740e-02
2.0000e+02,2.9894e+00,3.0620e+00,5.0080e+00,9.3598e-01,6.6661e-02
2.1000e+02,2.9514e+00,3.0268e+00,5.0080e+00,9.7110e-01,6.9545e-02
2.2000e+02,2.9142e+00,2.9925e+00,5.0080e+00,1.0054e+00,7.2393e-02
2.3000e+02,2.8779e+00,2.9589e+00,5.0080e+00,1.0389e+00,7.5207e-02
2.4000e+02,2.8424e+00,2.9261e+00,5.0080e+00,1.0716e+00,7.7986e-02
2.5000e+02,2.8077e+00,2.8941e+00,5.0080e+00,1.1036e+00,8.0732e-02
2.6000e+02,2.7738e+00,2.8628e+00,5.0080e+00,1.1348e+00,8.3445e-02
2.7000e+02,2.7406e+00,2.8322e+00,5.0080e+00,1.1653e+00,8.6126e-02
2.8000e+02,2.7080e+00,2.8023e+00,5.0080e+00,1.1952e+00,8.8776e-02
2.9000e+02,2.6762e+00,2.7730e+00,5.0080e+00,1.2244e+00,9.1395e-02
3.0000e+02,2.6451e+00,2.7444e+00,5.0080e+00,1.2530e+00,9.3984e-02
3.1000e+02,2.6145e+00,2.7164e+00,5.0080e+00,1.2809e+00,9.6544e-02
3.2000e+02,2.5847e+00,2.6890e+00,5.0080e+00,1.3083e+00,9.9075e-02
3.3000e+02,2.5554e+00,2.6621e+00,5.0080e+00,1.3351e+00,1.0158e-01
3.4000e+02,2.5267e+00,2.6359e+00,5.0080e+00,1.3613e+00,1.0405e-01
3.5000e+02,2.4985e+00,2.6101e+00,5.0080e+00,1.3870e+00,1.0650e-01
3.6000e+02,2.4710e+00,2.5849e+00,5.0080e+00,1.4121e+00,1.0892e-01
3.7000e+02,2.4439e+00,2.5602e+00,5.0080e+00,1.4368e+00,1.1132e-01
3.8000e+02,2.4174e+00,2.5360e+00,5.0080e+00,1.4609e+00,1.1368e-01
3.9000e+02,2.3914e+00,2.5123e+00,5.0080e+00,1.4846e+00,1.1603e-01
4.0000e+02,2.3659e+00,2.4891e+00,5.0080e+00,1.5078e+00,1.1835e-01
4.1000e+02,2.3408e+00,2.4663e+00,5.0080e+00,1.5306e+00,1.2064e-01
4.2000e+02,2.3163e+00,2.4440e+00,5.0080e+00,1.5529e+00,1.2291e-01
4.3000e+02,2.2921e+00,2.4220e+00,5.0080e+00,1.5747e+00,1.2516e-01
4.4000e+02,2.2684e+00,2.4005e+00,5.0080e+00,1.5962e+00,1.2739e-01
4.5000e+02,2.2452e+00,2.3794e+00,5.0080e+00,1.6173e+00,1.2959e-01
4.6000e+02,2.2223e+00,2.3587e+00,5.0080e+00,1.6379e+00,1.3177e-01
4.7000e+02,2.1999e+00,2.3384e+00,5.0080e+00,1.6582e+00,1.3393e-01
4.8000e+02,2.1779e+00,2.3185e+00,5.0080e+00,1.6781e+00,1.3607e-01
4.9000e+02,2.1562e+00,2.2989e+00,5.0080e+00,1.6976e+00,1.3818e-01
5.0000e+02,2.1349e+00,2.2797e+00,5.0080e+00,1.7168e+00,1.4028e-01
5.1000e+02,2.1140e+00,2.2608e+00,5.0080e+00,1.7357e+00,1.4235e-01
5.2000e+02,2.0934e+00,2.2422e+00,5.0080e+00,1.7542e+00,1.4441e-01
5.3000e+02,2.0732e+00,2.2240e+00,5.0080e+00,1.7724e+00,1.4644e-01
5.4000e+02,2.0533e+00,2.2061e+00,5.0080e+00,1.7902e+00,1.4846e-01
5.5000e+02,2.0338e+00,2.1885e+00,5.0080e+00,1.8078e+00,1.5046e-01
5.6000e+02,2.0145e+00,2.1712e+00,5.0080e+00,1.8250e+00,1.5244e-01
5.7000e+02,1.9956e+00,2.1542e+00,5.0080e+00,1.8420e+00,1.5440e-01
5.8000e+02,1.9770e+00,2.1375e+00,5.0080e+00,1.8587e+00,1.5634e-01
5.9000e+02,1.9587e+00,2.1211e+00,5.0080e+00,1.8751e+00,1.5826e-01
6.0000e+02,1.9407e+00,2.1050e+00,5.0080e+00,1.8912e+00,1.6017e-01
6.1000e+02,1.9229e+00,2.0891e+00,5.0080e+00,1.9070e+00,1.6206e-01
6.2000e+02,1.9055e+00,2.0735e+00,5.0080e+00,1.9226e+00,1.6393e-01
6.3000e+02,1.8883e+00,2.0581e+00,5.0080e+00,1.9380e+00,1.6579e-01
6.4000e+02,1.8714e+00,2.0430e+00,5.0080e+00,1.9530e+00,1.6763e-01
6.5000e+02,1.8547e+00,2.0281e+00,5.0080e+00,1.9679e+00,1.6945e-01
6.6000e+02,1.8383e+00,2.0135e+00,5.0080e+00,1.9825e+00,1.7126e-01
6.7000e+02,1.8221e+00,1.9991e+00,5.0080e+00,1.9969e+00,1.7305e-01
6.8000e+02,1.8062e+00,1.9849e+00,5.0080e+00,2.0110e+00,1.7482e-01
6.9000e+02,1.7905e+00,1.9709e+00,5.0080e+00,2.0250e+00,1.7659e-01
7.0000e+02,1.7750e+00,1.9572e+00,5.0080e+00,2.0387e+00,1.7833e-01
7.1000e+02,1.7598e+00,1.9437e+00,5.0080e+00,2.0522e+00,1.8006e-01
7.2000e+02,1.7448e+00,1.9303e+00,5.0080e+00,2.0655e+00,1.8178e-01
7.3000e+02,1.7300e+00,1.9172e+00,5.0080e+00,2.0786e+00,1.8348e-01
7.4000e+02,1.7154e+00,1.9043e+00,5.0080e+00,2.0915e+00,1.8517e-01
7.5000e+02,1.7010e+00,1.8916e+00,5.0080e+00,2.1042e+00,1.8684e-01
7.6000e+02,1.6868e+00,1.8790e+00,5.0080e+00,2.1167e+00,1.8850e-01
7.7000e+02,1.6729e+00,1.8667e+00,5.0080e+00,2.1290e+00,1.9015e-01
7.8000e+02,1.6591e+00,1.8545e+00,5.0080e+00,2.1412e+00,1.9178e-01
7.9000e+02,1.6455e+00,1.8425e+00,5.0080e+00,2.1531e+00,1.9340e-01
8.0000e+02,1.6321e+00,1.8307e+00,5.0080e+00,2.1649e+00,1.9500e-01
8.1000e+02,1.6189e+00,1.8190e+00,5.0080e+00,2.1766e+00,1.9660e-01
8.2000e+02,1.6058e+00,1.8075e+00,5.0080e+00,2.1880e+00,1.9818e-01
8.3000e+02,1.5929e+00,1.7962e+00,5.0080e+00,2.1993e+00,1.9975e-01
8.4000e+02,1.5802e+00,1.7851e+00,5.0080e+00,2.2105e+00,2.0130e-01
8.5000e+02,1.5677e+00,1.7740e+00,5.0080e+00,2.2215e+00,2.0285e-01
8.6000e+02,1.5553e+00,1.7632e+00,5.0080e+00,2.2323e+00,2.0438e-01
8.7000e+02,1.5431e+00,1.7525e+00,5.0080e+00,2.2430e+00,2.0590e-01
8.8000e+02,1.5311e+00,1.7419e+00,5.0080e+00,2.2535e+00,2.0740e-01
8.9000e+02,1.5192e+00,1.7315e+00,5.0080e+00,2.2639e+00,2.0890e-01
9.0000e+02,1.5075e+00,1.7212e+00,5.0080e+00,2.2742e+00,2.1038e-01
9.1000e+02,1.4959e+00,1.7111e+00,5.0080e+00,2.2843e+00,2.1186e-01
9.2000e+02,1.4844e+00,1.7011e+00,5.0080e+00,2.2943e+00,2.1332e-01
9.3000e+02,1.4731e+00,1.6913e+00,5.0080e+00,2.3041e+00,2.1477e-01
9.4000e+02,1.4620e+00,1.6815e+00,5.0080e+00,2.3138e+00,2.1621e-01
9.5000e+02,1.4510e+00,1.6719e+00,5.0080e+00,2.3234e+00,2.1764e-01
9.6000e+02,1.4401e+00,1.6624e+00,5.0080e+00,2.3329e+00,2.1906e-01
9.7000e+02,1.4294e+00,1.6531e+00,5.0080e+00,2.3422e+00,2.2047e-01
9.8000e+02,1.4187e+00,1.6438e+00,5.0080e+00,2.3514e+00,2.2187e-01
9.9000e+02,1.4083e+00,1.6347e+00,5.0080e+00,2.3605e+00,2.2325e-01
1.0000e+03,1.3979e+00,1.6257e+00,5.0080e+00,2.3695e+00,2.2463e-01
1.0100e+03,1.3877e+00,1.6168e+00,5.0080e+00,2.3784e+00,2.2600e-01
1.0200e+03,1.3775e+00,1.6081e+00,5.0080e+00,2.3871e+00,2.2735e-01
1.0300e+03,1.3675e+00,1.5994e+00,5.0080e+00,2.3958e+00,2.2870e-01
1.0400e+03,1.3577e+00,1.5908e+00,5.0080e+00,2.4043e+00,2.3004e-01
1.0500e+03,1.3479e+00,1.5824e+00,5.0080e+00,2.4127e+00,2.3137e-01
1.0600e+03,1.3383e+00,1.5741e+00,5.0080e+00,2.4211e+00,2.3269e-01
1.0700e+03,1.3287e+00,1.5658e+00,5.0080e+00,2.4293e+00,2.3400e-01
1.0800e+03,1.3193e+00,1.5577e+00,5.0080e+00,2.4374e+00,2.3530e-01
1.0900e+03,1.3100e+00,1.5496e+00,5.0080e+00,2.4455e+00,2.3659e-01
1.1000e+03,1.3008e+00,1.5417e+00,5.0080e+00,2.4534e+00,2.3787e-01
1.1100e+03,1.2917e+00,1.5338e+00,5.0080e+00,2.4612e+00,2.3915e-01
1.1200e+03,1.2827e+00,1.5261e+00,5.0080e+00,2.4690e+00,2.4041e-01
1.1300e+03,1.2738e+00,1.5184e+00,5.0080e+00,2.4766e+00,2.4167e-01
1.1400e+03,1.2650e+00,1.5109e+00,5.0080e+00,2.4842e+00,2.4291e-01
1.1500e+03,1.2563e+00,1.5034e+00,5.0080e+00,2.4916e+00,2.4415e-01
1.1600e+03,1.2476e+00,1.4960e+00,5.0080e+00,2.4990e+00,2.4538e-01
1.1700e+03,1.2391e+00,1.4887e+00,5.0080e+00,2.5063e+00,2.4660e-01
1.1800e+03,1.2307e+00,1.4814e+00,5.0080e+00,2.5135e+00,2.4782e-01
1.1900e+03,1.2224e+00,1.4743e+00,5.0080e+00,2.5206e+00,2.4902e-01
1.2000e+03,1.2141e+00,1.4672e+00,5.0080e+00,2.5277e+00,2.5022e-01
1.2100e+03,1.2060e+00,1.4603e+00,5.0080e+00,2.5346e+00,2.5141e-01
1.2200e+03,1.1979e+00,1.4534e+00,5.0080e+00,2.5415e+00,2.5259e-01
1.2300e+03,1.1899e+00,1.4465e+00,5.0080e+00,2.5483e+00,2.5377e-01
1.2400e+03,1.1820e+00,1.4398e+00,5.0080e+00,2.5551e+00,2.5493e-01
1.2500e+03,1.1742e+00,1.4331e+00,5.0080e+00,2.5617e+00,2.5609e-01
1.2600e+03,1.1665e+00,1.4265e+00,5.0080e+00,2.5683e+00,2.5724e-01
1.2700e+03,1.1588e+00,1.4200e+00,5.0080e+00,2.5748e+00,2.5838e-01
1.2800e+03,1.1513e+00,1.4136e+00,5.0080e+00,2.5813e+00,2.5952e-01
1.2900e+03,1.1438e+00,1.4072e+00,5.0080e+00,2.5876e+00,2.6065e-01
1.3000e+03,1.1363e+00,1.4009e+00,5.0080e+00,2.5939e+00,2.6177e-01
1.3100e+03,1.1290e+00,1.3946e+00,5.0080e+00,2.6001e+00,2.6288e-01
1.3200e+03,1.1217e+00,1.3885e+00,5.0080e+00,2.6063e+00,2.6399e-01
1.3300e+03,1.1145e+00,1.3824e+00,5.0080e+00,2.6124e+00,2.6509e-01
1.3400e+03,1.1074e+00,1.3763e+00,5.0080e+00,2.6184e+00,2.6618e-01
1.3500e+03,1.1004e+00,1.3703e+00,5.0080e+00,2.6244e+00,2.6727e-01
1.3600e+03,1.0934e+00,1.3644e+00,5.0080e+00,2.6303e+00,2.6835e-01
1.3700e+03,1.0865e+00,1.3586e+00,5.0080e+00,2.6361e+00,2.6942e-01
1.3800e+03,1.0796e+00,1.3528e+00,5.0080e+00,2.6419e+00,2.7049e-01
1.3900e+03,1.0728e+00,1.3471e+00,5.0080e+00,2.6476e+00,2.7155e-01
1.4000e+03,1.0661e+00,1.3414e+00,5.0080e+00,2.6533e+00,2.7260e-01
1.4100e+03,1.0595e+00,1.3358e+00,5.0080e+00,2.6589e+00,2.7364e-01
1.4200e+03,1.0529e+00,1.3302e+00,5.0080e+00,2.6644e+00,2.7468e-01
1.4300e+03,1.0464e+00,1.3247e+00,5.0080e+00,2.6699e+00,2.7572e-01
1.4400e+03,1.0399e+00,1.3193e+00,5.0080e+00,2.6753e+00,2.7674e-01
1.4500e+03,1.0335e+00,1.3139e+00,5.0080e+00,2.6807e+00,2.7776e-01
1.4600e+03,1.0272e+00,1.3086e+00,5.0080e+00,2.6860e+00,2.7878e-01
1.4700e+03,1.0209e+00,1.3033e+00,5.0080e+00,2.6913e+00,2.7978e-01
1.4800e+03,1.0147e+00,1.2981e+00,5.0080e+00,2.6965e+00,2.8079e-01
1.4900e+03,1.0086e+00,1.2929e+00,5.0080e+00,2.7017e+00,2.8178e-01
1.5000e+03,1.0025e+00,1.2878e+00,5.0080e+00,2.7068e+00,2.8277e-01
1.5100e+03,9.9643e-01,1.2827e+00,5.0080e+00,2.7118e+00,2.8376e-01
1.5200e+03,9.9044e-01,1.2777e+00,5.0080e+00,2.7169e+00,2.8473e-01
1.5300e+03,9.8451e-01,1.2727e+00,5.0080e+00,2.7218e+00,2.8571e-01
1.5400e+03,9.7863e-01,1.2678e+00,5.0080e+00,2.7267e+00,2.8667e-01
1.5500e+03,9.7281e-01,1.2629e+00,5.0080e+00,2.7316e+00,2.8763e-01
1.5600e+03,9.6704e-01,1.2581e+00,5.0080e+00,2.7364e+00,2.8859e-01
1.5700e+03,9.6132e-01,1.2533e+00,5.0080e+00,2.7412e+00,2.8954e-01
1.5800e+03,9.5566e-01,1.2486e+00,5.0080e+00,2.7459e+00,2.9048e-01
1.5900e+03,9.5004e-01,1.2439e+00,5.0080e+00,2.7506e+00,2.9142e-01
1.6000e+03,9.4447e-01,1.2393e+00,5.0080e+00,2.7552e+00,2.9235e-01
1.6100e+03,9.3896e-01,1.2347e+00,5.0080e+00,2.7598e+00,2.9328e-01
1.6200e+03,9.3349e-01,1.2301e+00,5.0080e+00,2.7643e+00,2.9420e-01
1.6300e+03,9.2807e-01,1.2256e+00,5.0080e+00,2.7688e+00,2.9512e-01
1.6400e+03,9.2270e-01,1.2211e+00,5.0080e+00,2.7733e+00,2.9603e-01
1.6500e+03,9.1738e-01,1.2167e+00,5.0080e+00,2.7777e+00,2.9694e-01
1.6600e+03,9.1210e-01,1.2123e+00,5.0080e+00,2.7821e+00,2.9784e-01
1.6700e+03,9.0687e-01,1.2080e+00,5.0080e+00,2.7864e+00,2.9873e-01
1.6800e+03,9.0168e-01,1.2037e+00,5.0080e+00,2.7907e+00,2.9962e-01
1.6900e+03,8.9654e-01,1.1994e+00,5.0080e+00,2.7950e+00,3.0051e-01
1.7000e+03,8.9144e-01,1.1952e+00,5.0080e+00,2.7992e+00,3.0139e-01
1.7100e+03,8.8638e-01,1.1910e+00,5.0080e+00,2.8034e+00,3.0227e-01
1.7200e+03,8.8137e-01,1.1869e+00,5.0080e+00,2.8075e+00,3.0314e-01
1.7300e+03,8.7640e-01,1.1827e+00,5.0080e+00,2.8116e+00,3.0400e-01
1.7400e+03,8.7148e-01,1.1787e+00,5.0080e+00,2.8157e+00,3.0486e-01
1.7500e+03,8.6659e-01,1.1746e+00,5.0080e+00,2.8197e+00,3.0572e-01
1.7600e+03,8.6174e-01,1.1706e+00,5.0080e+00,2.8237e+00,3.0657e-01
1.7700e+03,8.5694e-01,1.1667e+00,5.0080e+00,2.8277e+00,3.0742e-01
1.7800e+03,8.5217e-01,1.1627e+00,5.0080e+00,2.8316e+00,3.0826e-01
1.7900e+03,8.4745e-01,1.1588e+00,5.0080e+00,2.8355e+00,3.0910e-01
1.8000e+03,8.4276e-01,1.1550e+00,5.0080e+00,2.8393e+00,3.0993e-01
1.8100e+03,8.3811e-01,1.1512e+00,5.0080e+00,2.8432e+00,3.1076e-01
1.8200e+03,8.3350e-01,1.1474e+00,5.0080e+00,2.8469e+00,3.1158e-01
1.8300e+03,8.2893e-01,1.1436e+00,5.0080e+00,2.8507e+00,3.1240e-01
1.8400e+03,8.2440e-01,1.1399e+00,5.0080e+00,2.8544e+00,3.1322e-01
1.8500e+03,8.1990e-01,1.1362e+00,5.0080e+00,2.8581e+00,3.1403e-01
1.8600e+03,8.1544e-01,1.1325e+00,5.0080e+00,2.8618e+00,3.1483e-01
1.8700e+03,8.1101e-01,1.1289e+00,5.0080e+00,2.8654e+00,3.1563e-01
1.8800e+03,8.0662e-01,1.1253e+00,5.0080e+00,2.8690e+00,3.1643e-01
1.8900e+03,8.0226e-01,1.1217e+00,5.0080e+00,2.8725e+00,3.1722e-01
1.9000e+03,7.9794e-01,1.1182e+00,5.0080e+00,2.8761e+00,3.1801e-01
1.9100e+03,7.9365e-01,1.1147e+00,5.0080e+00,2.8796e+00,3.1880e-01
1.9200e+03,7.8940e-01,1.1112e+00,5.0080e+00,2.8831e+00,3.1958e-01
1.9300e+03,7.8518e-01,1.1077e+00,5.0080e+00,2.8865e+00,3.2035e-01
1.9400e+03,7.8099e-01,1.1043e+00,5.0080e+00,2.8899e+00,3.2112e-01
1.9500e+03,7.7684e-01,1.1009e+00,5.0080e+00,2.8933e+00,3.2189e-01
1.9600e+03,7.7272e-01,1.0975e+00,5.0080e+00,2.8967e+00,3.2266e-01
1.9700e+03,7.6862e-01,1.0942e+00,5.0080e+00,2.9000e+00,3.2342e-01
1.9800e+03,7.6457e-01,1.0909e+00,5.0080e+00,2.9033e+00,3.2417e-01
1.9900e+03,7.6054e-01,1.0876e+00,5.0080e+00,2.9066e+00,3.2492e-01
2.0000e+03,7.5654e-01,1.0844e+00,5.0080e+00,2.9098e+00,3.2567e-01
2.0100e+03,7.5258e-01,1.0811e+00,5.0080e+00,2.9130e+00,3.2642e-01
2.0200e+03,7.4864e-01,1.0779e+00,5.0080e+00,2.9162e+00,3.2716e-01
2.0300e+03,7.4473e-01,1.0748e+00,5.0080e+00,2.9194e+00,3.2789e-01
2.0400e+03,7.4086e-01,1.0716e+00,5.0080e+00,2.9225e+00,3.2862e-01
2.0500e+03,7.3701e-01,1.0685e+00,5.0080e+00,2.9257e+00,3.2935e-01
2.0600e+03,7.3319e-01,1.0654e+00,5.0080e+00,2.9288e+00,3.3008e-01
2.0700e+03,7.2940e-01,1.0623e+00,5.0080e+00,2.9318e+00,3.3080e-01
2.0800e+03,7.2564e-01,1.0593e+00,5.0080e+00,2.9349e+00,3.3152e-01
2.0900e+03,7.2191e-01,1.0562e+00,5.0080e+00,2.9379e+00,3.3223e-01
2.1000e+03,7.1820e-01,1.0532e+00,5.0080e+00,2.9409e+00,3.3294e-01
2.1100e+03,7.1452e-01,1.0502e+00,5.0080e+00,2.9439e+00,3.3365e-01
2.1200e+03,7.1087e-01,1.0473e+00,5.0080e+00,2.9468e+00,3.3435e-01
2.1300e+03,7.0725e-01,1.0444e+00,5.0080e+00,2.9497e+00,3.3505e-01
2.1400e+03,7.0365e-01,1.0415e+00,5.0080e+00,2.9526e+00,3.3574e-01
2.1500e+03,7.0008e-01,1.0386e+00,5.0080e+00,2.9555e+00,3.3644e-01
2.1600e+03,6.9653e-01,1.0357e+00,5.0080e+00,2.9584e+00,3.3713e-01
2.1700e+03,6.9301e-01,1.0329e+00,5.0080e+00,2.9612e+00,3.3781e-01
2.1800e+03,6.8951e-01,1.0300e+00,5.0080e+00,2.9640e+00,3.3849e-01
2.1900e+03,6.8604e-01,1.0273e+00,5.0080e+00,2.9668e+00,3.3917e-01
2.2000e+03,6.8260e-01,1.0245e+00,5.0080e+00,2.9696e+00,3.3985e-01
2.2100e+03,6.7918e-01,1.0217e+00,5.0080e+00,2.9723e+00,3.4052e-01
2.2200e+03,6.7578e-01,1.0190e+00,5.0080e+00,2.9751e+00,3.4119e-01
2.2300e+03,6.7241e-01,1.0163e+00,5.0080e+00,2.9778e+00,3.4185e-01
2.2400e+03,6.6906e-01,1.0136e+00,5.0080e+00,2.9805e+00,3.4251e-01
2.2500e+03,6.6574e-01,1.0109e+00,5.0080e+00,2.9831e+00,3.4317e-01
2.2600e+03,6.6244e-01,1.0083e+00,5.0080e+00,2.9858e+00,3.4383e-01
2.2700e+03,6.5916e-01,1.0056e+00,5.0080e+00,2.9884e+00,3.4448e-01
2.2800e+03,6.5591e-01,1.0030e+00,5.0080e+00,2.9910e+00,3.4513e-01
2.2900e+03,6.5267e-01,1.0004e+00,5.0080e+00,2.9936e+00,3.4577e-01
2.3000e+03,6.4946e-01,9.9786e-01,5.0080e+00,2.9962e+00,3.4641e-01
2.3100e+03,6.4628e-01,9.9530e-01,5.0080e+00,2.9987e+00,3.4705e-01
2.3200e+03,6.4311e-01,9.9277e-01,5.0080e+00,3.0012e+00,3.4769e-01
2.3300e+03,6.3997e-01,9.9025e-01,5.0080e+00,3.0037e+00,3.4832e-01
2.3400e+03,6.3685e-01,9.8776e-01,5.0080e+00,3.0062e+00,3.4895e-01
2.3500e+03,6.3375e-01,9.8528e-01,5.0080e+00,3.0087e+00,3.4958e-01
2.3600e+03,6.3067e-01,9.8282e-01,5.0080e+00,3.0112e+00,3.5020e-01
2.3700e+03,6.2761e-01,9.8038e-01,5.0080e+00,3.0136e+00,3.5082e-01
2.3800e+03,6.2457e-01,9.7795e-01,5.0080e+00,3.0160e+00,3.5144e-01
2.3900e+03,6.2155e-01,9.7554e-01,5.0080e+00,3.0184e+00,3.5206e-01
2.4000e+03,6.1856e-01,9.7315e-01,5.0080e+00,3.0208e+00,3.5267e-01
2.4100e+03,6.1558e-01,9.7078e-01,5.0080e+00,3.0232e+00,3.5328e-01
2.4200e+03,6.1262e-01,9.6843e-01,5.0080e+00,3.0255e+00,3.5388e-01
2.4300e+03,6.0969e-01,9.6609e-01,5.0080e+00,3.0279e+00,3.5449e-01
2.4400e+03,6.0677e-01,9.6377e-01,5.0080e+00,3.0302e+00,3.5509e-01
2.4500e+03,6.0387e-01,9.6146e-01,5.0080e+00,3.0325e+00,3.5568e-01
2.4600e+03,6.0099e-01,9.5917e-01,5.0080e+00,3.0348e+00,3.5628e-01
2.4700e+03,5.9813e-01,9.5690e-01,5.0080e+00,3.0370e+00,3.5687e-01
2.4800e+03,5.9529e-01,9.5465e-01,5.0080e+00,3.0393e+00,3.5746e-01
2.4900e+03,5.9247e-01,9.5241e-01,5.0080e+00,3.0415e+00,3.5805e-01
2.5000e+03,5.8967e-01,9.5018e-01,5.0080e+00,3.0437e+00,3.5863e-01
2.5100e+03,5.8688e-01,9.4797e-01,5.0080e+00,3.0459e+00,3.5921e-01
2.5200e+03,5.8412e-01,9.4578e-01,5.0080e+00,3.0481e+00,3.5979e-01
2.5300e+03,5.8137e-01,9.4360e-01,5.0080e+00,3.0503e+00,3.6036e-01
2.5400e+03,5.7864e-01,9.4144e-01,5.0080e+00,3.0525e+00,3.6094e-01
2.5500e+03,5.7592e-01,9.3929e-01,5.0080e+00,3.0546e+00,3.6151e-01
2.5600e+03,5.7323e-01,9.3716e-01,5.0080e+00,3.0567e+00,3.6207e-01
2.5700e+03,5.7055e-01,9.3504e-01,5.0080e+00,3.0588e+00,3.6264e-01
2.5800e+03,5.6789e-01,9.3294e-01,5.0080e+00,3.0609e+00,3.6320e-01
2.5900e+03,5.6525e-01,9.3085e-01,5.0080e+00,3.0630e+00,3.6376e-01
2.6000e+03,5.6262e-01,9.2878e-01,5.0080e+00,3.0651e+00,3.6431e-01
2.6100e+03,5.6001e-01,9.2671e-01,5.0080e+00,3.0672e+00,3.6487e-01
2.6200e+03,5.5741e-01,9.2467e-01,5.0080e+00,3.0692e+00,3.6542e-01
2.6300e+03,5.5484e-01,9.2264e-01,5.0080e+00,3.0712e+00,3.6597e-01
2.6400e+03,5.5228e-01,9.2062e-01,5.0080e+00,3.0732e+00,3.6652e-01
2.6500e+03,5.4973e-01,9.1861e-01,5.0080e+00,3.0752e+00,3.6706e-01
2.6600e+03,5.4720e-01,9.1662e-01,5.0080e+00,3.0772e+00,3.6760e-01
2.6700e+03,5.4469e-01,9.1464e-01,5.0080e+00,3.0792e+00,3.6814e-01
2.6800e+03,5.4219e-01,9.1268e-01,5.0080e+00,3.0812e+00,3.6868e-01
2.6900e+03,5.3971e-01,9.1073e-01,5.0080e+00,3.0831e+00,3.6921e-01
2.7000e+03,5.3724e-01,9.0879e-01,5.0080e+00,3.0850e+00,3.6974e-01
2.7100e+03,5.3479e-01,9.0686e-01,5.0080e+00,3.0870e+00,3.7027e-01
2.7200e+03,5.3236e-01,9.0495e-01,5.0080e+00,3.0889e+00,3.7080e-01
2.7300e+03,5.2994e-01,9.0305e-01,5.0080e+00,3.0908e+00,3.7132e-01
2.7400e+03,5.2753e-01,9.0116e-01,5.0080e+00,3.0927e+00,3.7184e-01
2.7500e+03,5.2514e-01,8.9929e-01,5.0080e+00,3.0945e+00,3.7236e-01
2.7600e+03,5.2276e-01,8.9742e-01,5.0080e+00,3.0964e+00,3.7288e-01
2.7700e+03,5.2040e-01,8.9557e-01,5.0080e+00,3.0982e+00,3.7340e-01
2.7800e+03,5.1805e-01,8.9374e-01,5.0080e+00,3.1001e+00,3.7391e-01
2.7900e+03,5.1572e-01,8.9191e-01,5.0080e+00,3.1019e+00,3.7442e-01
2.8000e+03,5.1340e-01,8.9010e-01,5.0080e+00,3.1037e+00,3.7493e-01
2.8100e+03,5.1110e-01,8.8829e-01,5.0080e+00,3.1055e+00,3.7543e-01
2.8200e+03,5.0880e-01,8.8650e-01,5.0080e+00,3.1073e+00,3.7594e-01
2.8300e+03,5.0653e-01,8.8472e-01,5.0080e+00,3.1091e+00,3.7644e-01
2.8400e+03,5.0426e-01,8.8295e-01,5.0080e+00,3.1108e+00,3.7694e-01
2.8500e+03,5.0201e-01,8.8120e-01,5.0080e+00,3.1126e+00,3.7743e-01
2.8600e+03,4.9978e-01,8.7945e-01,5.0080e+00,3.1143e+00,3.7793e-01
2.8700e+03,4.9755e-01,8.7772e-01,5.0080e+00,3.1161e+00,3.7842e-01
2.8800e+03,4.9534e-01,8.7600e-01,5.0080e+00,3.1178e+00,3.7891e-01
2.8900e+03,4.9315e-01,8.7428e-01,5.0080e+00,3.1195e+00,3.7940e-01
2.9000e+03,4.9096e-01,8.7258e-01,5.0080e+00,3.1212e+00,3.7989e-01
2.9100e+03,4.8879e-01,8.7089e-01,5.0080e+00,3.1229e+00,3.8037e-01
2.9200e+03,4.8663e-01,8.6921e-01,5.0080e+00,3.1245e+00,3.8085e-01
2.9300e+03,4.8449e-01,8.6754e-01,5.0080e+00,3.1262e+00,3.8133e-01
2.9400e+03,4.8236e-01,8.6588e-01,5.0080e+00,3.1279e+00,3.8181e-01
2.9500e+03,4.8024e-01,8.6424e-01,5.0080e+00,3.1295e+00,3.8228e-01
2.9600e+03,4.7813e-01,8.6260e-01,5.0080e+00,3.1311e+00,3.8276e-01
2.9700e+03,4.7603e-01,8.6097e-01,5.0080e+00,3.1328e+00,3.8323e-01
2.9800e+03,4.7395e-01,8.5935e-01,5.0080e+00,3.1344e+00,3.8370e-01
2.9900e+03,4.7188e-01,8.5775e-01,5.0080e+00,3.1360e+00,3.8416e-01
3.0000e+03,4.6982e-01,8.5615e-01,5.0080e+00,3.1376e+00,3.8463e-01
3.0100e+03,4.6777e-01,8.5456e-01,5.0080e+00,3.1392e+00,3.8509e-01
3.0200e+03,4.6574e-01,8.5298e-01,5.0080e+00,3.1407e+00,3.8555e-01
3.0300e+03,4.6371e-01,8.5142e-01,5.0080e+00,3.1423e+00,3.8601e-01
3.0400e+03,4.6170e-01,8.4986e-01,5.0080e+00,3.1439e+00,3.8647e-01
3.0500e+03,4.5970e-01,8.4831e-01,5.0080e+00,3.1454e+00,3.8693e-01
3.0600e+03,4.5771e-01,8.4677e-01,5.0080e+00,3.1469e+00,3.8738e-01
3.0700e+03,4.5573e-01,8.4524e-01,5.0080e+00,3.1485e+00,3.8783e-01
3.0800e+03,4.5377e-01,8.4372e-01,5.0080e+00,3.1500e+00,3.8828e-01
3.0900e+03,4.5181e-01,8.4221e-01,5.0080e+00,3.1515e+00,3.8873e-01
3.1000e+03,4.4987e-01,8.4071e-01,5.0080e+00,3.1530e+00,3.8917e-01
3.1100e+03,4.4793e-01,8.3921e-01,5.0080e+00,3.1545e+00,3.8961e-01
3.1200e+03,4.4601e-01,8.3773e-01,5.0080e+00,3.1560e+00,3.9006e-01
3.1300e+03,4.4410e-01,8.3626e-01,5.0080e+00,3.1574e+00,3.9050e-01
3.1400e+03,4.4220e-01,8.3479e-01,5.0080e+00,3.1589e+00,3.9093e-01
3.1500e+03,4.4031e-01,8.3333e-01,5.0080e+00,3.1604e+00,3.9137e-01
3.1600e+03,4.3843e-01,8.3188e-01,5.0080e+00,3.1618e+00,3.9180e-01
3.1700e+03,4.3656e-01,8.3044e-01,5.0080e+00,3.1632e+00,3.9224e-01
3.1800e+03,4.3470e-01,8.2901e-01,5.0080e+00,3.1647e+00,3.9267e-01
3.1900e+03,4.3285e-01,8.2759e-01,5.0080e+00,3.1661e+00,3.9309e-01
3.2000e+03,4.3101e-01,8.2618e-01,5.0080e+00,3.1675e+00,3.9352e-01
3.2100e+03,4.2919e-01,8.2477e-01,5.0080e+00,3.1689e+00,3.9395e-01
3.2200e+03,4.2737e-01,8.2337e-01,5.0080e+00,3.1703e+00,3.9437e-01
3.2300e+03,4.2556e-01,8.2198e-01,5.0080e+00,3.1717e+00,3.9479e-01
3.2400e+03,4.2376e-01,8.2060e-01,5.0080e+00,3.1731e+00,3.9521e-01
3.2500e+03,4.2197e-01,8.1923e-01,5.0080e+00,3.1744e+00,3.9563e-01
3.2600e+03,4.2020e-01,8.1786e-01,5.0080e+00,3.1758e+00,3.9604e-01
3.2700e+03,4.1843e-01,8.1651e-01,5.0080e+00,3.1771e+00,3.9646e-01
3.2800e+03,4.1667e-01,8.1516e-01,5.0080e+00,3.1785e+00,3.9687e-01
3.2900e+03,4.1492e-01,8.1382e-01,5.0080e+00,3.1798e+00,3.9728e-01
3.3000e+03,4.1318e-01,8.1248e-01,5.0080e+00,3.1812e+00,3.9769e-01
3.3100e+03,4.1145e-01,8.1116e-01,5.0080e+00,3.1825e+00,3.9810e-01
3.3200e+03,4.0973e-01,8.0984e-01,5.0080e+00,3.1838e+00,3.9850e-01
3.3300e+03,4.0802e-01,8.0853e-01,5.0080e+00,3.1851e+00,3.9891e-01
3.3400e+03,4.0631e-01,8.0723e-01,5.0080e+00,3.1864e+00,3.9931e-01
3.3500e+03,4.0462e-01,8.0593e-01,5.0080e+00,3.1877e+00,3.9971e-01
3.3600e+03,4.0294e-01,8.0464e-01,5.0080e+00,3.1890e+00,4.0011e-01
3.3700e+03,4.0126e-01,8.0336e-01,5.0080e+00,3.1903e+00,4.0051e-01
3.3800e+03,3.9960e-01,8.0209e-01,5.0080e+00,3.1915e+00,4.0090e-01
3.3900e+03,3.9794e-01,8.0083e-01,5.0080e+00,3.1928e+00,4.0130e-01
3.4000e+03,3.9629e-01,7.9957e-01,5.0080e+00,3.1940e+00,4.0169e-01
3.4100e+03,3.9465e-01,7.9832e-01,5.0080e+00,3.1953e+00,4.0208e-01
3.4200e+03,3.9302e-01,7.9707e-01,5.0080e+00,3.1965e+00,4.0247e-01
3.4300e+03,3.9140e-01,7.9583e-01,5.0080e+00,3.1978e+00,4.0286e-01
3.4400e+03,3.8978e-01,7.9460e-01,5.0080e+00,3.1990e+00,4.0324e-01
3.4500e+03,3.8818e-01,7.9338e-01,5.0080e+00,3.2002e+00,4.0363e-01
3.4600e+03,3.8658e-01,7.9216e-01,5.0080e+00,3.2014e+00,4.0401e-01
3.4700e+03,3.8499e-01,7.9096e-01,5.0080e+00,3.2026e+00,4.0439e-01
3.4800e+03,3.8341e-01,7.8975e-01,5.0080e+00,3.2038e+00,4.0477e-01
3.4900e+03,3.8184e-01,7.8856e-01,5.0080e+00,3.2050e+00,4.0515e-01
3.5000e+03,3.8028e-01,7.8737e-01,5.0080e+00,3.2062e+00,4.0553e-01
3.5100e+03,3.7872e-01,7.8618e-01,5.0080e+00,3.2074e+00,4.0590e-01
3.5200e+03,3.7717e-01,7.8501e-01,5.0080e+00,3.2086e+00,4.0627e-01
3.5300e+03,3.7564e-01,7.8384e-01,5.0080e+00,3.2097e+00,4.0665e-01
3.5400e+03,3.7410e-01,7.8268e-01,5.0080e+00,3.2109e+00,4.0702e-01
3.5500e+03,3.7258e-01,7.8152e-01,5.0080e+00,3.2121e+00,4.0739e-01
3.5600e+03,3.7107e-01,7.8037e-01,5.0080e+00,3.2132e+00,4.0775e-01
3.5700e+03,3.6956e-01,7.7923e-01,5.0080e+00,3.2144e+00,4.0812e-01
3.5800e+03,3.6806e-01,7.7809e-01,5.0080e+00,3.2155e+00,4.0848e-01
3.5900e+03,3.6657e-01,7.7696e-01,5.0080e+00,3.2166e+00,4.0885e-01
3.6000e+03,3.6508e-01,7.7583e-01,5.0080e+00,3.2177e+00,4.0921e-01
3.6100e+03,3.6360e-01,7.7471e-01,5.0080e+00,3.2189e+00,4.0957e-01
3.6200e+03,3.6214e-01,7.7360e-01,5.0080e+00,3.2200e+00,4.0993e-01
3.6300e+03,3.6067e-01,7.7249e-01,5.0080e+00,3.2211e+00,4.1028e-01
3.6400e+03,3.5922e-01,7.7139e-01,5.0080e+00,3.2222e+00,4.1064e-01
3.6500e+03,3.5777e-01,7.7030e-01,5.0080e+00,3.2233e+00,4.1099e-01
3.6600e+03,3.5633e-01,7.6921e-01,5.0080e+00,3.2243e+00,4.1135e-01
3.6700e+03,3.5490e-01,7.6813e-01,5.0080e+00,3.2254e+00,4.1170e-01
3.6800e+03,3.5348e-01,7.6705e-01,5.0080e+00,3.2265e+00,4.1205e-01
3.6900e+03,3.5206e-01,7.6598e-01,5.0080e+00,3.2276e+00,4.1240e-01
3.7000e+03,3.5065e-01,7.6491e-01,5.0080e+00,3.2286e+00,4.1275e-01
3.7100e+03,3.4924e-01,7.6385e-01,5.0080e+00,3.2297e+00,4.1309e-01
3.7200e+03,3.4785e-01,7.6280e-01,5.0080e+00,3.2307e+00,4.1344e-01
3.7300e+03,3.4646e-01,7.6175e-01,5.0080e+00,3.2318e+00,4.1378e-01
3.7400e+03,3.4508e-01,7.6071e-01,5.0080e+00,3.2328e+00,4.1412e-01
3.7500e+03,3.4370e-01,7.5967e-01,5.0080e+00,3.2339e+00,4.1446e-01
3.7600e+03,3.4233e-01,7.5864e-01,5.0080e+00,3.2349e+00,4.1480e-01
3.7700e+03,3.4097e-01,7.5761e-01,5.0080e+00,3.2359e+00,4.1514e-01
3.7800e+03,3.3961e-01,7.5659e-01,5.0080e+00,3.2369e+00,4.1547e-01
3.7900e+03,3.3827e-01,7.5558e-01,5.0080e+00,3.2380e+00,4.1581e-01
3.8000e+03,3.3692e-01,7.5457e-01,5.0080e+00,3.2390e+00,4.1614e-01
3.8100e+03,3.3559e-01,7.5356e-01,5.0080e+00,3.2400e+00,4.1648e-01
3.8200e+03,3.3426e-01,7.5256e-01,5.0080e+00,3.2410e+00,4.1681e-01
3.8300e+03,3.3294e-01,7.5157e-01,5.0080e+00,3.2420e+00,4.1714e-01
3.8400e+03,3.3162e-01,7.5058e-01,5.0080e+00,3.2429e+00,4.1746e-01
3.8500e+03,3.3031e-01,7.4960e-01,5.0080e+00,3.2439e+00,4.1779e-01
3.8600e+03,3.2901e-01,7.4862e-01,5.0080e+00,3.2449e+00,4.1812e-01
3.8700e+03,3.2772e-01,7.4764e-01,5.0080e+00,3.2459e+00,4.1844e-01
3.8800e+03,3.2643e-01,7.4668e-01,5.0080e+00,3.2468e+00,4.1877e-01
3.8900e+03,3.2514e-01,7.4571e-01,5.0080e+00,3.2478e+00,4.1909e-01
3.9000e+03,3.2387e-01,7.4475e-01,5.0080e+00,3.2488e+00,4.1941e-01
3.9100e+03,3.2260e-01,7.4380e-01,5.0080e+00,3.2497e+00,4.1973e-01
3.9200e+03,3.2133e-01,7.4285e-01,5.0080e+00,3.2507e+00,4.2005e-01
3.9300e+03,3.2007e-01,7.4191e-01,5.0080e+00,3.2516e+00,4.2036e-01
3.9400e+03,3.1882e-01,7.4097e-01,5.0080e+00,3.2525e+00,4.2068e-01
3.9500e+03,3.1757e-01,7.4004e-01,5.0080e+00,3.2535e+00,4.2099e-01
3.9600e+03,3.1633e-01,7.3911e-01,5.0080e+00,3.2544e+00,4.2131e-01
3.9700e+03,3.1510e-01,7.3819e-01,5.0080e+00,3.2553e+00,4.2162e-01
3.9800e+03,3.1387e-01,7.3727e-01,5.0080e+00,3.2562e+00,4.2193e-01
3.9900e+03,3.1265e-01,7.3635e-01,5.0080e+00,3.2571e+00,4.2224e-01
4.0000e+03,3.1143e-01,7.3544e-01,5.0080e+00,3.2580e+00,4.2255e-01
4.0100e+03,3.1022e-01,7.3454e-01,5.0080e+00,3.2590e+00,4.2286e-01
4.0200e+03,3.0902e-01,7.3364e-01,5.0080e+00,3.2599e+00,4.2316e-01
4.0300e+03,3.0782e-01,7.3274e-01,5.0080e+00,3.2607e+00,4.2347e-01
4.0400e+03,3.0662e-01,7.3185e-01,5.0080e+00,3.2616e+00,4.2377e-01
4.0500e+03,3.0543e-01,7.3096e-01,5.0080e+00,3.2625e+00,4.2407e-01
4.0600e+03,3.0425e-01,7.3008e-01,5.0080e+00,3.2634e+00,4.2437e-01
4.0700e+03,3.0308e-01,7.2920e-01,5.0080e+00,3.2643e+00,4.2467e-01
4.0800e+03,3.0191e-01,7.2833e-01,5.0080e+00,3.2651e+00,4.2497e-01
4.0900e+03,3.0074e-01,7.2746e-01,5.0080e+00,3.2660e+00,4.2527e-01
4.1000e+03,2.9958e-01,7.2659e-01,5.0080e+00,3.2669e+00,4.2557e-01
4.1100e+03,2.9843e-01,7.2573e-01,5.0080e+00,3.2677e+00,4.2586e-01
4.1200e+03,2.9728e-01,7.2488e-01,5.0080e+00,3.2686e+00,4.2616e-01
4.1300e+03,2.9613e-01,7.2402e-01,5.0080e+00,3.2694e+00,4.2645e-01
4.1400e+03,2.9500e-01,7.2318e-01,5.0080e+00,3.2703e+00,4.2674e-01
4.1500e+03,2.9386e-01,7.2233e-01,5.0080e+00,3.2711e+00,4.2704e-01
4.1600e+03,2.9274e-01,7.2149e-01,5.0080e+00,3.2720e+00,4.2733e-01
4.1700e+03,2.9161e-01,7.2066e-01,5.0080e+00,3.2728e+00,4.2761e-01
4.1800e+03,2.9050e-01,7.1983e-01,5.0080e+00,3.2736e+00,4.2790e-01
4.1900e+03,2.8938e-01,7.1900e-01,5.0080e+00,3.2745e+00,4.2819e-01
4.2000e+03,2.8828e-01,7.1818e-01,5.0080e+00,3.2753e+00,4.2847e-01
4.2100e+03,2.8718e-01,7.1736e-01,5.0080e+00,3.2761e+00,4.2876e-01
4.2200e+03,2.8608e-01,7.1655e-01,5.0080e+00,3.2769e+00,4.2904e-01
4.2300e+03,2.8499e-01,7.1574e-01,5.0080e+00,3.2777e+00,4.2932e-01
4.2400e+03,2.8390e-01,7.1493e-01,5.0080e+00,3.2785e+00,4.2961e-01
4.2500e+03,2.8282e-01,7.1413e-01,5.0080e+00,3.2793e+00,4.2989e-01
4.2600e+03,2.8175e-01,7.1333e-01,5.0080e+00,3.2801e+00,4.3017e-01
4.2700e+03,2.8067e-01,7.1253e-01,5.0080e+00,3.2809e+00,4.3044e-01
4.2800e+03,2.7961e-01,7.1174e-01,5.0080e+00,3.2817e+00,4.3072e-01
4.2900e+03,2.7855e-01,7.1096e-01,5.0080e+00,3.2825e+00,4.3100e-01
4.3000e+03,2.7749e-01,7.1017e-01,5.0080e+00,3.2833e+00,4.3127e-01
4.3100e+03,2.7644e-01,7.0940e-01,5.0080e+00,3.2840e+00,4.3154e-01
4.3200e+03,2.7539e-01,7.0862e-01,5.0080e+00,3.2848e+00,4.3182e-01
4.3300e+03,2.7435e-01,7.0785e-01,5.0080e+00,3.2856e+00,4.3209e-01
4.3400e+03,2.7331e-01,7.0708e-01,5.0080e+00,3.2864e+00,4.3236e-01
4.3500e+03,2.7228e-01,7.0632e-01,5.0080e+00,3.2871e+00,4.3263e-01
4.3600e+03,2.7125e-01,7.0556e-01,5.0080e+00,3.2879e+00,4.3290e-01
4.3700e+03,2.7023e-01,7.0480e-01,5.0080e+00,3.2886e+00,4.3317e-01
4.3800e+03,2.6921e-01,7.0405e-01,5.0080e+00,3.2894e+00,4.3343e-01
4.3900e+03,2.6820e-01,7.0330e-01,5.0080e+00,3.2901e+00,4.3370e-01
4.4000e+03,2.6719e-01,7.0255e-01,5.0080e+00,3.2909e+00,4.3396e-01
4.4100e+03,2.6619e-01,7.0181e-01,5.0080e+00,3.2916e+00,4.3423e-01
4.4200e+03,2.6519e-01,7.0107e-01,5.0080e+00,3.2924e+00,4.3449e-01
4.4300e+03,2.6419e-01,7.0034e-01,5.0080e+00,3.2931e+00,4.3475e-01
4.4400e+03,2.6320e-01,6.9960e-01,5.0080e+00,3.2938e+00,4.3501e-01
4.4500e+03,2.6221e-01,6.9888e-01,5.0080e+00,3.2945e+00,4.3527e-01
4.4600e+03,2.6123e-01,6.9815e-01,5.0080e+00,3.2953e+00,4.3553e-01
4.4700e+03,2.6025e-01,6.9743e-01,5.0080e+00,3.2960e+00,4.3579e-01
4.4800e+03,2.5928e-01,6.9671e-01,5.0080e+00,3.2967e+00,4.3605e-01
4.4900e+03,2.5831e-01,6.9600e-01,5.0080e+00,3.2974e+00,4.3630e-01
4.5000e+03,2.5735e-01,6.9529e-01,5.0080e+00,3.2981e+00,4.3656e-01
4.5100e+03,2.5639e-01,6.9458e-01,5.0080e+00,3.2988e+00,4.3681e-01
4.5200e+03,2.5543e-01,6.9387e-01,5.0080e+00,3.2995e+00,4.3706e-01
4.5300e+03,2.5448e-01,6.9317e-01,5.0080e+00,3.3002e+00,4.3732e-01
4.5400e+03,2.5353e-01,6.9248e-01,5.0080e+00,3.3009e+00,4.3757e-01
4.5500e+03,2.5259e-01,6.9178e-01,5.0080e+00,3.3016e+00,4.3782e-01
4.5600e+03,2.5165e-01,6.9109e-01,5.0080e+00,3.3023e+00,4.3807e-01
4.5700e+03,2.5071e-01,6.9040e-01,5.0080e+00,3.3030e+00,4.3832e-01
4.5800e+03,2.4978e-01,6.8972e-01,5.0080e+00,3.3037e+00,4.3856e-01
4.5900e+03,2.4886e-01,6.8904e-01,5.0080e+00,3.3044e+00,4.3881e-01
4.6000e+03,2.4793e-01,6.8836e-01,5.0080e+00,3.3050e+00,4.3906e-01
4.6100e+03,2.4702e-01,6.8768e-01,5.0080e+00,3.3057e+00,4.3930e-01
4.6200e+03,2.4610e-01,6.8701e-01,5.0080e+00,3.3064e+00,4.3954e-01
4.6300e+03,2.4519e-01,6.8634e-01,5.0080e+00,3.3070e+00,4.3979e-01
4.6400e+03,2.4429e-01,6.8568e-01,5.0080e+00,3.3077e+00,4.4003e-01
4.6500e+03,2.4338e-01,6.8502e-01,5.0080e+00,3.3084e+00,4.4027e-01
4.6600e+03,2.4248e-01,6.8436e-01,5.0080e+00,3.3090e+00,4.4051e-01
4.6700e+03,2.4159e-01,6.8370e-01,5.0080e+00,3.3097e+00,4.4075e-01
4.6800e+03,2.4070e-01,6.8305e-01,5.0080e+00,3.3103e+00,4.4099e-01
4.6900e+03,2.3981e-01,6.8240e-01,5.0080e+00,3.3110e+00,4.4123e-01
4.7000e+03,2.3893e-01,6.8175e-01,5.0080e+00,3.3116e+00,4.4146e-01
4.7100e+03,2.3805e-01,6.8111e-01,5.0080e+00,3.3123e+00,4.4170e-01
4.7200e+03,2.3718e-01,6.8046e-01,5.0080e+00,3.3129e+00,4.4193e-01
4.7300e+03,2.3631e-01,6.7983e-01,5.0080e+00,3.3136e+00,4.4217e-01
4.7400e+03,2.3544e-01,6.7919e-01,5.0080e+00,3.3142e+00,4.4240e-01
4.7500e+03,2.3457e-01,6.7856e-01,5.0080e+00,3.3148e+00,4.4263e-01
4.7600e+03,2.3371e-01,6.7793e-01,5.0080e+00,3.3154e+00,4.4287e-01
4.7700e+03,2.3286e-01,6.7730e-01,5.0080e+00,3.3161e+00,4.4310e-01
4.7800e+03,2.3201e-01,6.7668e-01,5.0080e+00,3.3167e+00,4.4333e-01
4.7900e+03,2.3116e-01,6.7606e-01,5.0080e+00,3.3173e+00,4.4356e-01
4.8000e+03,2.3031e-01,6.7544e-01,5.0080e+00,3.3179e+00,4.4378e-01
4.8100e+03,2.2947e-01,6.7482e-01,5.0080e+00,3.3185e+00,4.4401e-01
4.8200e+03,2.2863e-01,6.7421e-01,5.0080e+00,3.3192e+00,4.4424e-01
4.8300e+03,2.2780e-01,6.7360e-01,5.0080e+00,3.3198e+00,4.4446e-01
4.8400e+03,2.2697e-01,6.7299e-01,5.0080e+00,3.3204e+00,4.4469e-01
4.8500e+03,2.2614e-01,6.7239e-01,5.0080e+00,3.3210e+00,4.4491e-01
4.8600e+03,2.2532e-01,6.7179e-01,5.0080e+00,3.3216e+00,4.4514e-01
4.8700e+03,2.2450e-01,6.7119e-01,5.0080e+00,3.3222e+00,4.4536e-01
4.8800e+03,2.2368e-01,6.7059e-01,5.0080e+00,3.3228e+00,4.4558e-01
4.8900e+03,2.2287e-01,6.7000e-01,5.0080e+00,3.3234e+00,4.4580e-01
4.9000e+03,2.2206e-01,6.6941e-01,5.0080e+00,3.3240e+00,4.4602e-01
4.9100e+03,2.2125e-01,6.6882e-01,5.0080e+00,3.3245e+00,4.4624e-01
4.9200e+03,2.2045e-01,6.6824e-01,5.0080e+00,3.3251e+00,4.4646e-01
4.9300e+03,2.1965e-01,6.6765e-01,5.0080e+00,3.3257e+00,4.4668e-01
4.9400e+03,2.1885e-01,6.6707e-01,5.0080e+00,3.3263e+00,4.4689e-01
4.9500e+03,2.1806e-01,6.6650e-01,5.0080e+00,3.3269e+00,4.4711e-01
4.9600e+03,2.1727e-01,6.6592e-01,5.0080e+00,3.3274e+00,4.4732e-01
4.9700e+03,2.1649e-01,6.6535e-01,5.0080e+00,3.3280e+00,4.4754e-01
4.9800e+03,2.1570e-01,6.6478e-01,5.0080e+00,3.3286e+00,4.4775e-01
4.9900e+03,2.1493e-01,6.6421e-01,5.0080e+00,3.3291e+00,4.4797e-01
5.0000e+03,2.1415e-01,6.6365e-01,5.0080e+00,3.3297e+00,4.4818e-01
5.0100e+03,2.1338e-01,6.6309e-01,5.0080e+00,3.3303e+00,4.4839e-01
5.0200e+03,2.1261e-01,6.6253e-01,5.0080e+00,3.3308e+00,4.4860e-01
5.0300e+03,2.1184e-01,6.6197e-01,5.0080e+00,3.3314e+00,4.4881e-01
5.0400e+03,2.1108e-01,6.6141e-01,5.0080e+00,3.3319e+00,4.4902e-01
5.0500e+03,2.1032e-01,6.6086e-01,5.0080e+00,3.3325e+00,4.4923e-01
5.0600e+03,2.0956e-01,6.6031e-01,5.0080e+00,3.3330e+00,4.4943e-01
5.0700e+03,2.0881e-01,6.5976e-01,5.0080e+00,3.3336e+00,4.4964e-01
5.0800e+03,2.0806e-01,6.5922e-01,5.0080e+00,3.3341e+00,4.4985e-01
5.0900e+03,2.0731e-01,6.5868e-01,5.0080e+00,3.3347e+00,4.5005e-01
5.1000e+03,2.0657e-01,6.5814e-01,5.0080e+00,3.3352e+00,4.5026e-01
5.1100e+03,2.0583e-01,6.5760e-01,5.0080e+00,3.3357e+00,4.5046e-01
5.1200e+03,2.0509e-01,6.5706e-01,5.0080e+00,3.3363e+00,4.5067e-01
5.1300e+03,2.0436e-01,6.5653e-01,5.0080e+00,3.3368e+00,4.5087e-01
5.1400e+03,2.0362e-01,6.5600e-01,5.0080e+00,3.3373e+00,4.5107e-01
5.1500e+03,2.0290e-01,6.5547e-01,5.0080e+00,3.3379e+00,4.5127e-01
5.1600e+03,2.0217e-01,6.5494e-01,5.0080e+00,3.3384e+00,4.5147e-01
5.1700e+03,2.0145e-01,6.5442e-01,5.0080e+00,3.3389e+00,4.5167e-01
5.1800e+03,2.0073e-01,6.5390e-01,5.0080e+00,3.3394e+00,4.5187e-01
5.1900e+03,2.0001e-01,6.5338e-01,5.0080e+00,3.3399e+00,4.5207e-01
5.2000e+03,1.9930e-01,6.5286e-01,5.0080e+00,3.3405e+00,4.5227e-01
5.2100e+03,1.9859e-01,6.5235e-01,5.0080e+00,3.3410e+00,4.5246e-01
5.2200e+03,1.9788e-01,6.5183e-01,5.0080e+00,3.3415e+00,4.5266e-01
5.2300e+03,1.9717e-01,6.5132e-01,5.0080e+00,3.3420e+00,4.5285e-01
5.2400e+03,1.9647e-01,6.5082e-01,5.0080e+00,3.3425e+00,4.5305e-01
5.2500e+03,1.9577e-01,6.5031e-01,5.0080e+00,3.3430e+00,4.5324e-01
5.2600e+03,1.9508e-01,6.4981e-01,5.0080e+00,3.3435e+00,4.5344e-01
5.2700e+03,1.9438e-01,6.4931e-01,5.0080e+00,3.3440e+00,4.5363e-01
5.2800e+03,1.9369e-01,6.4881e-01,5.0080e+00,3.3445e+00,4.5382e-01
5.2900e+03,1.9301e-01,6.4831e-01,5.0080e+00,3.3450e+00,4.5401e-01
5.3000e+03,1.9232e-01,6.4781e-01,5.0080e+00,3.3455e+00,4.5420e-01
5.3100e+03,1.9164e-01,6.4732e-01,5.0080e+00,3.3460e+00,4.5439e-01
5.3200e+03,1.9096e-01,6.4683e-01,5.0080e+00,3.3465e+00,4.5458e-01
5.3300e+03,1.9028e-01,6.4634e-01,5.0080e+00,3.3470e+00,4.5477e-01
5.3400e+03,1.8961e-01,6.4585e-01,5.0080e+00,3.3475e+00,4.5496e-01
5.3500e+03,1.8894e-01,6.4537e-01,5.0080e+00,3.3479e+00,4.5515e-01
5.3600e+03,1.8827e-01,6.4489e-01,5.0080e+00,3.3484e+00,4.5533e-01
5.3700e+03,1.8761e-01,6.4441e-01,5.0080e+00,3.3489e+00,4.5552e-01
5.3800e+03,1.8694e-01,6.4393e-01,5.0080e+00,3.3494e+00,4.5570e-01
5.3900e+03,1.8628e-01,6.4345e-01,5.0080e+00,3.3499e+00,4.5589e-01
5.4000e+03,1.8563e-01,6.4298e-01,5.0080e+00,3.3503e+00,4.5607e-01
5.4100e+03,1.8497e-01,6.4251e-01,5.0080e+00,3.3508e+00,4.5626e-01
5.4200e+03,1.8432e-01,6.4204e-01,5.0080e+00,3.3513e+00,4.5644e-01
5.4300e+03,1.8367e-01,6.4157e-01,5.0080e+00,3.3517e+00,4.5662e-01
5.4400e+03,1.8302e-01,6.4110e-01,5.0080e+00,3.3522e+00,4.5680e-01
5.4500e+03,1.8238e-01,6.4064e-01,5.0080e+00,3.3527e+00,4.5698e-01
5.4600e+03,1.8174e-01,6.4017e-01,5.0080e+00,3.3531e+00,4.5716e-01
5.4700e+03,1.8110e-01,6.3971e-01,5.0080e+00,3.3536e+00,4.5734e-01
5.4800e+03,1.8046e-01,6.3926e-01,5.0080e+00,3.3540e+00,4.5752e-01
5.4900e+03,1.7983e-01,6.3880e-01,5.0080e+00,3.3545e+00,4.5770e-01
5.5000e+03,1.7920e-01,6.3834e-01,5.0080e+00,3.3550e+00,4.5788e-01
5.5100e+03,1.7857e-01,6.3789e-01,5.0080e+00,3.3554e+00,4.5805e-01
5.5200e+03,1.7794e-01,6.3744e-01,5.0080e+00,3.3559e+00,4.5823e-01
5.5300e+03,1.7732e-01,6.3699e-01,5.0080e+00,3.3563e+00,4.5841e-01
5.5400e+03,1.7670e-01,6.3654e-01,5.0080e+00,3.3568e+00,4.5858e-01
5.5500e+03,1.7608e-01,6.3610e-01,5.0080e+00,3.3572e+00,4.5876e-01
5.5600e+03,1.7546e-01,6.3566e-01,5.0080e+00,3.3576e+00,4.5893e-01
5.5700e+03,1.7485e-01,6.3522e-01,5.0080e+00,3.3581e+00,4.5910e-01
5.5800e+03,1.7424e-01,6.3478e-01,5.0080e+00,3.3585e+00,4.5928e-01
5.5900e+03,1.7363e-01,6.3434e-01,5.0080e+00,3.3590e+00,4.5945e-01
5.6000e+03,1.7302e-01,6.3390e-01,5.0080e+00,3.3594e+00,4.5962e-01
5.6100e+03,1.7242e-01,6.3347e-01,5.0080e+00,3.3598e+00,4.5979e-01
5.6200e+03,1.7182e-01,6.3304e-01,5.0080e+00,3.3603e+00,4.5996e-01
5.6300e+03,1.7122e-01,6.3261e-01,5.0080e+00,3.3607e+00,4.6013e-01
5.6400e+03,1.7062e-01,6.3218e-01,5.0080e+00,3.3611e+00,4.6030e-01
5.6500e+03,1.7003e-01,6.3175e-01,5.0080e+00,3.3615e+00,4.6047e-01
5.6600e+03,1.6943e-01,6.3132e-01,5.0080e+00,3.3620e+00,4.6064e-01
5.6700e+03,1.6884e-01,6.3090e-01,5.0080e+00,3.3624e+00,4.6080e-01
5.6800e+03,1.6826e-01,6.3048e-01,5.0080e+00,3.3628e+00,4.6097e-01
5.6900e+03,1.6767e-01,6.3006e-01,5.0080e+00,3.3632e+00,4.6114e-01
5.7000e+03,1.6709e-01,6.2964e-01,5.0080e+00,3.3636e+00,4.6130e-01
5.7100e+03,1.6651e-01,6.2923e-01,5.0080e+00,3.3641e+00,4.6147e-01
5.7200e+03,1.6593e-01,6.2881e-01,5.0080e+00,3.3645e+00,4.6163e-01
5.7300e+03,1.6535e-01,6.2840e-01,5.0080e+00,3.3649e+00,4.6179e-01
5.7400e+03,1.6478e-01,6.2799e-01,5.0080e+00,3.3653e+00,4.6196e-01
5.7500e+03,1.6421e-01,6.2758e-01,5.0080e+00,3.3657e+00,4.6212e-01
5.7600e+03,1.6364e-01,6.2717e-01,5.0080e+00,3.3661e+00,4.6228e-01
5.7700e+03,1.6307e-01,6.2676e-01,5.0080e+00,3.3665e+00,4.6244e-01
5.7800e+03,1.6251e-01,6.2636e-01,5.0080e+00,3.3669e+00,4.6261e-01
5.7900e+03,1.6194e-01,6.2596e-01,5.0080e+00,3.3673e+00,4.6277e-01
5.8000e+03,1.6138e-01,6.2555e-01,5.0080e+00,3.3677e+00,4.6293e-01
5.8100e+03,1.6083e-01,6.2516e-01,5.0080e+00,3.3681e+00,4.6309e-01
5.8200e+03,1.6027e-01,6.2476e-01,5.0080e+00,3.3685e+00,4.6324e-01
5.8300e+03,1.5972e-01,6.2436e-01,5.0080e+00,3.3689e+00,4.6340e-01
5.8400e+03,1.5916e-01,6.2397e-01,5.0080e+00,3.3693e+00,4.6356e-01
5.8500e+03,1.5861e-01,6.2357e-01,5.0080e+00,3.3697e+00,4.6372e-01
5.8600e+03,1.5807e-01,6.2318e-01,5.0080e+00,3.3701e+00,4.6387e-01
5.8700e+03,1.5752e-01,6.2279e-01,5.0080e+00,3.3705e+00,4.6403e-01
5.8800e+03,1.5698e-01,6.2240e-01,5.0080e+00,3.3709e+00,4.6419e-01
5.8900e+03,1.5644e-01,6.2202e-01,5.0080e+00,3.3712e+00,4.6434e-01
5.9000e+03,1.5590e-01,6.2163e-01,5.0080e+00,3.3716e+00,4.6450e-01
5.9100e+03,1.5536e-01,6.2125e-01,5.0080e+00,3.3720e+00,4.6465e-01
5.9200e+03,1.5483e-01,6.2087e-01,5.0080e+00,3.3724e+00,4.6480e-01
5.9300e+03,1.5429e-01,6.2049e-01,5.0080e+00,3.3728e+00,4.6496e-01
5.9400e+03,1.5376e-01,6.2011e-01,5.0080e+00,3.3732e+00,4.6511e-01
5.9500e+03,1.5323e-01,6.1973e-01,5.0080e+00,3.3735e+00,4.6526e-01
5.9600e+03,1.5271e-01,6.1935e-01,5.0080e+00,3.3739e+00,4.6541e-01
5.9700e+03,1.5218e-01,6.1898e-01,5.0080e+00,3.3743e+00,4.6556e-01
5.9800e+03,1.5166e-01,6.1861e-01,5.0080e+00,3.3747e+00,4.6571e-01
5.9900e+03,1.5114e-01,6.1823e-01,5.0080e+00,3.3750e+00,4.6586e-01
6.0000e+03,1.5062e-01,6.1786e-01,5.0080e+00,3.3754e+00,4.6601e-01
6.0100e+03,1.5011e-01,6.1750e-01,5.0080e+00,3.3758e+00,4.6616e-01
6.0200e+03,1.4959e-01,6.1713e-01,5.0080e+00,3.3761e+00,4.6631e-01
6.0300e+03,1.4908e-01,6.1676e-01,5.0080e+00,3.3765e+00,4.6646e-01
6.0400e+03,1.4857e-01,6.1640e-01,5.0080e+00,3.3769e+00,4.6660e-01
6.0500e+03,1.4806e-01,6.1604e-01,5.0080e+00,3.3772e+00,4.6675e-01
6.0600e+03,1.4755e-01,6.1568e-01,5.0080e+00,3.3776e+00,4.6690e-01
6.0700e+03,1.4705e-01,6.1532e-01,5.0080e+00,3.3779e+00,4.6704e-01
6.0800e+03,1.4655e-01,6.1496e-01,5.0080e+00,3.3783e+00,4.6719e-01
6.0900e+03,1.4605e-01,6.1460e-01,5.0080e+00,3.3786e+00,4.6733e-01
6.1000e+03,1.4555e-01,6.1425e-01,5.0080e+00,3.3790e+00,4.6748e-01
6.1100e+03,1.4505e-01,6.1389e-01,5.0080e+00,3.3794e+00,4.6762e-01
6.1200e+03,1.4455e-01,6.1354e-01,5.0080e+00,3.3797e+00,4.6776e-01
6.1300e+03,1.4406e-01,6.1319e-01,5.0080e+00,3.3801e+00,4.6791e-01
6.1400e+03,1.4357e-01,6.1284e-01,5.0080e+00,3.3804e+00,4.6805e-01
6.1500e+03,1.4308e-01,6.1249e-01,5.0080e+00,3.3808e+00,4.6819e-01
6.1600e+03,1.4259e-01,6.1214e-01,5.0080e+00,3.3811e+00,4.6833e-01
6.1700e+03,1.4211e-01,6.1180e-01,5.0080e+00,3.3814e+00,4.6847e-01
6.1800e+03,1.4162e-01,6.1145e-01,5.0080e+00,3.3818e+00,4.6861e-01
6.1900e+03,1.4114e-01,6.1111e-01,5.0080e+00,3.3821e+00,4.6875e-01
6.2000e+03,1.4066e-01,6.1077e-01,5.0080e+00,3.3825e+00,4.6889e-01
6.2100e+03,1.4018e-01,6.1043e-01,5.0080e+00,3.3828e+00,4.6903e-01
6.2200e+03,1.3971e-01,6.1009e-01,5.0080e+00,3.3832e+00,4.6917e-01
6.2300e+03,1.3923e-01,6.0975e-01,5.0080e+00,3.3835e+00,4.6931e-01
6.2400e+03,1.3876e-01,6.0942e-01,5.0080e+00,3.3838e+00,4.6945e-01
6.2500e+03,1.3829e-01,6.0908e-01,5.0080e+00,3.3842e+00,4.6958e-01
6.2600e+03,1.3782e-01,6.0875e-01,5.0080e+00,3.3845e+00,4.6972e-01
6.2700e+03,1.3735e-01,6.0842e-01,5.0080e+00,3.3848e+00,4.6986e-01
6.2800e+03,1.3688e-01,6.0809e-01,5.0080e+00,3.3852e+00,4.6999e-01
6.2900e+03,1.3642e-01,6.0776e-01,5.0080e+00,3.3855e+00,4.7013e-01
6.3000e+03,1.3596e-01,6.0743e-01,5.0080e+00,3.3858e+00,4.7026e-01
6.3100e+03,1.3550e-01,6.0710e-01,5.0080e+00,3.3861e+00,4.7040e-01
6.3200e+03,1.3504e-01,6.0678e-01,5.0080e+00,3.3865e+00,4.7053e-01
6.3300e+03,1.3458e-01,6.0645e-01,5.0080e+00,3.3868e+00,4.7066e-01
6.3400e+03,1.3413e-01,6.0613e-01,5.0080e+00,3.3871e+00,4.7080e-01
6.3500e+03,1.3367e-01,6.0581e-01,5.0080e+00,3.3874e+00,4.7093e-01
6.3600e+03,1.3322e-01,6.0549e-01,5.0080e+00,3.3877e+00,4.7106e-01
6.3700e+03,1.3277e-01,6.0517e-01,5.0080e+00,3.3881e+00,4.7119e-01
6.3800e+03,1.3232e-01,6.0485e-01,5.0080e+00,3.3884e+00,4.7132e-01
6.3900e+03,1.3187e-01,6.0453e-01,5.0080e+00,3.3887e+00,4.7146e-01
6.4000e+03,1.3143e-01,6.0422e-01,5.0080e+00,3.3890e+00,4.7159e-01
6.4100e+03,1.3099e-01,6.0390e-01,5.0080e+00,3.3893e+00,4.7172e-01
6.4200e+03,1.3054e-01,6.0359e-01,5.0080e+00,3.3896e+00,4.7184e-01
6.4300e+03,1.3010e-01,6.0328e-01,5.0080e+00,3.3900e+00,4.7197e-01
6.4400e+03,1.2966e-01,6.0297e-01,5.0080e+00,3.3903e+00,4.7210e-01
6.4500e+03,1.2923e-01,6.0266e-01,5.0080e+00,3.3906e+00,4.7223e-01
6.4600e+03,1.2879e-01,6.0235e-01,5.0080e+00,3.3909e+00,4.7236e-01
6.4700e+03,1.2836e-01,6.0204e-01,5.0080e+00,3.3912e+00,4.7249e-01
6.4800e+03,1.2793e-01,6.0174e-01,5.0080e+00,3.3915e+00,4.7261e-01
6.4900e+03,1.2750e-01,6.0143e-01,5.0080e+00,3.3918e+00,4.7274e-01
6.5000e+03,1.2707e-01,6.0113e-01,5.0080e+00,3.3921e+00,4.7286e-01
6.5100e+03,1.2664e-01,6.0083e-01,5.0080e+00,3.3924e+00,4.7299e-01
6.5200e+03,1.2621e-01,6.0052e-01,5.0080e+00,3.3927e+00,4.7312e-01
6.5300e+03,1.2579e-01,6.0022e-01,5.0080e+00,3.3930e+00,4.7324e-01
6.5400e+03,1.2537e-01,5.9993e-01,5.0080e+00,3.3933e+00,4.7336e-01
6.5500e+03,1.2495e-01,5.9963e-01,5.0080e+00,3.3936e+00,4.7349e-01
6.5600e+03,1.2453e-01,5.9933e-01,5.0080e+00,3.3939e+00,4.7361e-01
6.5700e+03,1.2411e-01,5.9904e-01,5.0080e+00,3.3942e+00,4.7373e-01
6.5800e+03,1.2369e-01,5.9874e-01,5.0080e+00,3.3945e+00,4.7386e-01
6.5900e+03,1.2328e-01,5.9845e-01,5.0080e+00,3.3948e+00,4.7398e-01
6.6000e+03,1.2286e-01,5.9816e-01,5.0080e+00,3.3951e+00,4.7410e-01
6.6100e+03,1.2245e-01,5.9786e-01,5.0080e+00,3.3954e+00,4.7422e-01
6.6200e+03,1.2204e-01,5.9757e-01,5.0080e+00,3.3956e+00,4.7434e-01
6.6300e+03,1.2163e-01,5.9729e-01,5.0080e+00,3.3959e+00,4.7446e-01
6.6400e+03,1.2123e-01,5.9700e-01,5.0080e+00,3.3962e+00,4.7458e-01
6.6500e+03,1.2082e-01,5.9671e-01,5.0080e+00,3.3965e+00,4.7470e-01
6.6600e+03,1.2042e-01,5.9643e-01,5.0080e+00,3.3968e+00,4.7482e-01
6.6700e+03,1.2001e-01,5.9614e-01,5.0080e+00,3.3971e+00,4.7494e-01
6.6800e+03,1.1961e-01,5.9586e-01,5.0080e+00,3.3974e+00,4.7506e-01
6.6900e+03,1.1921e-01,5.9558e-01,5.0080e+00,3.3976e+00,4.7518e-01
6.7000e+03,1.1881e-01,5.9530e-01,5.0080e+00,3.3979e+00,4.7530e-01
6.7100e+03,1.1842e-01,5.9502e-01,5.0080e+00,3.3982e+00,4.7541e-01
6.7200e+03,1.1802e-01,5.9474e-01,5.0080e+00,3.3985e+00,4.7553e-01
6.7300e+03,1.1763e-01,5.9446e-01,5.0080e+00,3.3988e+00,4.7565e-01
6.7400e+03,1.1723e-01,5.9418e-01,5.0080e+00,3.3990e+00,4.7576e-01
6.7500e+03,1.1684e-01,5.9391e-01,5.0080e+00,3.3993e+00,4.7588e-01
6.7600e+03,1.1645e-01,5.9363e-01,5.0080e+00,3.3996e+00,4.7600e-01
6.7700e+03,1.1607e-01,5.9336e-01,5.0080e+00,3.3999e+00,4.7611e-01
6.7800e+03,1.1568e-01,5.9308e-01,5.0080e+00,3.4001e+00,4.7623e-01
6.7900e+03,1.1529e-01,5.9281e-01,5.0080e+00,3.4004e+00,4.7634e-01
6.8000e+03,1.1491e-01,5.9254e-01,5.0080e+00,3.4007e+00,4.7645e-01
6.8100e+03,1.1453e-01,5.9227e-01,5.0080e+00,3.4009e+00,4.7657e-01
6.8200e+03,1.1415e-01,5.9200e-01,5.0080e+00,3.4012e+00,4.7668e-01
6.8300e+03,1.1377e-01,5.9174e-01,5.0080e+00,3.4015e+00,4.7679e-01
6.8400e+03,1.1339e-01,5.9147e-01,5.0080e+00,3.4017e+00,4.7691e-01
6.8500e+03,1.1301e-01,5.9120e-01,5.0080e+00,3.4020e+00,4.7702e-01
6.8600e+03,1.1263e-01,5.9094e-01,5.0080e+00,3.4023e+00,4.7713e-01
6.8700e+03,1.1226e-01,5.9068e-01,5.0080e+00,3.4025e+00,4.7724e-01
6.8800e+03,1.1189e-01,5.9041e-01,5.0080e+00,3.4028e+00,4.7735e-01
6.8900e+03,1.1152e-01,5.9015e-01,5.0080e+00,3.4031e+00,4.7746e-01
6.9000e+03,1.1115e-01,5.8989e-01,5.0080e+00,3.4033e+00,4.7757e-01
6.9100e+03,1.1078e-01,5.8963e-01,5.0080e+00,3.4036e+00,4.7768e-01
6.9200e+03,1.1041e-01,5.8937e-01,5.0080e+00,3.4038e+00,4.7779e-01
6.9300e+03,1.1004e-01,5.8912e-01,5.0080e+00,3.4041e+00,4.7790e-01
6.9400e+03,1.0968e-01,5.8886e-01,5.0080e+00,3.4043e+00,4.7801e-01
6.9500e+03,1.0931e-01,5.8860e-01,5.0080e+00,3.4046e+00,4.7812e-01
6.9600e+03,1.0895e-01,5.8835e-01,5.0080e+00,3.4049e+00,4.7823e-01
6.9700e+03,1.0859e-01,5.8809e-01,5.0080e+00,3.4051e+00,4.7833e-01
6.9800e+03,1.0823e-01,5.8784e-01,5.0080e+00,3.4054e+00,4.7844e-01
6.9900e+03,1.0787e-01,5.8759e-01,5.0080e+00,3.4056e+00,4.7855e-01
7.0000e+03,1.0752e-01,5.8734e-01,5.0080e+00,3.4059e+00,4.7865e-01
7.0100e+03,1.0716e-01,5.8709e-01,5.0080e+00,3.4061e+00,4.7876e-01
7.0200e+03,1.0681e-01,5.8684e-01,5.0080e+00,3.4064e+00,4.7887e-01
7.0300e+03,1.0645e-01,5.8659e-01,5.0080e+00,3.4066e+00,4.7897e-01
7.0400e+03,1.0610e-01,5.8634e-01,5.0080e+00,3.4069e+00,4.7908e-01
7.0500e+03,1.0575e-01,5.8610e-01,5.0080e+00,3.4071e+00,4.7918e-01
7.0600e+03,1.0540e-01,5.8585e-01,5.0080e+00,3.4073e+00,4.7929e-01
7.0700e+03,1.0505e-01,5.8561e-01,5.0080e+00,3.4076e+00,4.7939e-01
7.0800e+03,1.0470e-01,5.8536e-01,5.0080e+00,3.4078e+00,4.7949e-01
7.0900e+03,1.0436e-01,5.8512e-01,5.0080e+00,3.4081e+00,4.7960e-01
7.1000e+03,1.0401e-01,5.8488e-01,5.0080e+00,3.4083e+00,4.7970e-01
7.1100e+03,1.0367e-01,5.8464e-01,5.0080e+00,3.4086e+00,4.7980e-01
7.1200e+03,1.0333e-01,5.8440e-01,5.0080e+00,3.4088e+00,4.7991e-01
7.1300e+03,1.0299e-01,5.8416e-01,5.0080e+00,3.4090e+00,4.8001e-01
7.1400e+03,1.0265e-01,5.8392e-01,5.0080e+00,3.4093e+00,4.8011e-01
7.1500e+03,1.0231e-01,5.8368e-01,5.0080e+00,3.4095e+00,4.8021e-01
7.1600e+03,1.0197e-01,5.8345e-01,5.0080e+00,3.4097e+00,4.8031e-01
7.1700e+03,1.0164e-01,5.8321e-01,5.0080e+00,3.4100e+00,4.8041e-01
7.1800e+03,1.0130e-01,5.8298e-01,5.0080e+00,3.4102e+00,4.8051e-01
7.1900e+03,1.0097e-01,5.8274e-01,5.0080e+00,3.4104e+00,4.8061e-01
7.2000e+03,1.0064e-01,5.8251e-01,5.0080e+00,3.4107e+00,4.8071e-01
7.2100e+03,1.0031e-01,5.8228e-01,5.0080e+00,3.4109e+00,4.8081e-01
7.2200e+03,9.9976e-02,5.8205e-01,5.0080e+00,3.4111e+00,4.8091e-01
7.2300e+03,9.9647e-02,5.8182e-01,5.0080e+00,3.4114e+00,4.8101e-01
7.2400e+03,9.9320e-02,5.8159e-01,5.0080e+00,3.4116e+00,4.8111e-01
7.2500e+03,9.8993e-02,5.8136e-01,5.0080e+00,3.4118e+00,4.8121e-01
7.2600e+03,9.8668e-02,5.8113e-01,5.0080e+00,3.4121e+00,4.8131e-01
7.2700e+03,9.8344e-02,5.8090e-01,5.0080e+00,3.4123e+00,4.8140e-01
7.2800e+03,9.8021e-02,5.8068e-01,5.0080e+00,3.4125e+00,4.8150e-01
7.2900e+03,9.7699e-02,5.8045e-01,5.0080e+00,3.4127e+00,4.8160e-01
7.3000e+03,9.7378e-02,5.8023e-01,5.0080e+00,3.4130e+00,4.8169e-01
7.3100e+03,9.7059e-02,5.8000e-01,5.0080e+00,3.4132e+00,4.8179e-01
7.3200e+03,9.6740e-02,5.7978e-01,5.0080e+00,3.4134e+00,4.8189e-01
7.3300e+03,9.6423e-02,5.7956e-01,5.0080e+00,3.4136e+00,4.8198e-01
7.3400e+03,9.6107e-02,5.7934e-01,5.0080e+00,3.4138e+00,4.8208e-01
7.3500e+03,9.5792e-02,5.7912e-01,5.0080e+00,3.4141e+00,4.8217e-01
7.3600e+03,9.5478e-02,5.7890e-01,5.0080e+00,3.4143e+00,4.8227e-01
7.3700e+03,9.5165e-02,5.7868e-01,5.0080e+00,3.4145e+00,4.8236e-01
7.3800e+03,9.4853e-02,5.7846e-01,5.0080e+00,3.4147e+00,4.8245e-01
7.3900e+03,9.4543e-02,5.7824e-01,5.0080e+00,3.4149e+00,4.8255e-01
7.4000e+03,9.4233e-02,5.7803e-01,5.0080e+00,3.4152e+00,4.8264e-01
7.4100e+03,9.3925e-02,5.7781e-01,5.0080e+00,3.4154e+00,4.8274e-01
7.4200e+03,9.3618e-02,5.7760e-01,5.0080e+00,3.4156e+00,4.8283e-01
7.4300e+03,9.3311e-02,5.7738e-01,5.0080e+00,3.4158e+00,4.8292e-01
7.4400e+03,9.3006e-02,5.7717e-01,5.0080e+00,3.4160e+00,4.8301e-01
7.4500e+03,9.2702e-02,5.7696e-01,5.0080e+00,3.4162e+00,4.8310e-01
7.4600e+03,9.2399e-02,5.7674e-01,5.0080e+00,3.4164e+00,4.8320e-01
7.4700e+03,9.2097e-02,5.7653e-01,5.0080e+00,3.4166e+00,4.8329e-01
7.4800e+03,9.1796e-02,5.7632e-01,5.0080e+00,3.4169e+00,4.8338e-01
7.4900e+03,9.1496e-02,5.7611e-01,5.0080e+00,3.4171e+00,4.8347e-01
7.5000e+03,9.1198e-02,5.7590e-01,5.0080e+00,3.4173e+00,4.8356e-01
7.5100e+03,9.0900e-02,5.7570e-01,5.0080e+00,3.4175e+00,4.8365e-01
7.5200e+03,9.0603e-02,5.7549e-01,5.0080e+00,3.4177e+00,4.8374e-01
7.5300e+03,9.0308e-02,5.7528e-01,5.0080e+00,3.4179e+00,4.8383e-01
7.5400e+03,9.0013e-02,5.7508e-01,5.0080e+00,3.4181e+00,4.8392e-01
7.5500e+03,8.9719e-02,5.7487e-01,5.0080e+00,3.4183e+00,4.8401e-01
7.5600e+03,8.9427e-02,5.7467e-01,5.0080e+00,3.4185e+00,4.8410e-01
7.5700e+03,8.9135e-02,5.7446e-01,5.0080e+00,3.4187e+00,4.8418e-01
7.5800e+03,8.8845e-02,5.7426e-01,5.0080e+00,3.4189e+00,4.8427e-01
7.5900e+03,8.8555e-02,5.7406e-01,5.0080e+00,3.4191e+00,4.8436e-01
7.6000e+03,8.8267e-02,5.7386e-01,5.0080e+00,3.4193e+00,4.8445e-01
7.6100e+03,8.7980e-02,5.7366e-01,5.0080e+00,3.4195e+00,4.8454e-01
7.6200e+03,8.7693e-02,5.7346e-01,5.0080e+00,3.4197e+00,4.8462e-01
7.6300e+03,8.7408e-02,5.7326e-01,5.0080e+00,3.4199e+00,4.8471e-01
7.6400e+03,8.7123e-02,5.7306e-01,5.0080e+00,3.4201e+00,4.8480e-01
7.6500e+03,8.6840e-02,5.7286e-01,5.0080e+00,3.4203e+00,4.8488e-01
7.6600e+03,8.6557e-02,5.7266e-01,5.0080e+00,3.4205e+00,4.8497e-01
7.6700e+03,8.6276e-02,5.7247e-01,5.0080e+00,3.4207e+00,4.8505e-01
7.6800e+03,8.5995e-02,5.7227e-01,5.0080e+00,3.4209e+00,4.8514e-01
7.6900e+03,8.5716e-02,5.7208e-01,5.0080e+00,3.4211e+00,4.8522e-01
7.7000e+03,8.5437e-02,5.7188e-01,5.0080e+00,3.4213e+00,4.8531e-01
7.7100e+03,8.5160e-02,5.7169e-01,5.0080e+00,3.4215e+00,4.8539e-01
7.7200e+03,8.4883e-02,5.7150e-01,5.0080e+00,3.4217e+00,4.8548e-01
7.7300e+03,8.4607e-02,5.7131e-01,5.0080e+00,3.4219e+00,4.8556e-01
7.7400e+03,8.4333e-02,5.7111e-01,5.0080e+00,3.4221e+00,4.8564e-01
7.7500e+03,8.4059e-02,5.7092e-01,5.0080e+00,3.4222e+00,4.8573e-01
7.7600e+03,8.3786e-02,5.7073e-01,5.0080e+00,3.4224e+00,4.8581e-01
7.7700e+03,8.3514e-02,5.7054e-01,5.0080e+00,3.4226e+00,4.8589e-01
7.7800e+03,8.3244e-02,5.7035e-01,5.0080e+00,3.4228e+00,4.8598e-01
7.7900e+03,8.2974e-02,5.7017e-01,5.0080e+00,3.4230e+00,4.8606e-01
7.8000e+03,8.2705e-02,5.6998e-01,5.0080e+00,3.4232e+00,4.8614e-01
7.8100e+03,8.2437e-02,5.6979e-01,5.0080e+00,3.4234e+00,4.8622e-01
7.8200e+03,8.2169e-02,5.6961e-01,5.0080e+00,3.4236e+00,4.8630e-01
7.8300e+03,8.1903e-02,5.6942e-01,5.0080e+00,3.4237e+00,4.8638e-01
7.8400e+03,8.1638e-02,5.6924e-01,5.0080e+00,3.4239e+00,4.8647e-01
7.8500e+03,8.1373e-02,5.6905e-01,5.0080e+00,3.4241e+00,4.8655e-01
7.8600e+03,8.1110e-02,5.6887e-01,5.0080e+00,3.4243e+00,4.8663e-01
7.8700e+03,8.0847e-02,5.6869e-01,5.0080e+00,3.4245e+00,4.8671e-01
7.8800e+03,8.0586e-02,5.6850e-01,5.0080e+00,3.4247e+00,4.8679e-01
7.8900e+03,8.0325e-02,5.6832e-01,5.0080e+00,3.4248e+00,4.8687e-01
7.9000e+03,8.0065e-02,5.6814e-01,5.0080e+00,3.4250e+00,4.8695e-01
7.9100e+03,7.9806e-02,5.6796e-01,5.0080e+00,3.4252e+00,4.8702e-01
7.9200e+03,7.9548e-02,5.6778e-01,5.0080e+00,3.4254e+00,4.8710e-01
7.9300e+03,7.9291e-02,5.6760e-01,5.0080e+00,3.4256e+00,4.8718e-01
7.9400e+03,7.9035e-02,5.6743e-01,5.0080e+00,3.4257e+00,4.8726e-01
7.9500e+03,7.8779e-02,5.6725e-01,5.0080e+00,3.4259e+00,4.8734e-01
7.9600e+03,7.8525e-02,5.6707e-01,5.0080e+00,3.4261e+00,4.8742e-01
7.9700e+03,7.8271e-02,5.6689e-01,5.0080e+00,3.4263e+00,4.8749e-01
7.9800e+03,7.8019e-02,5.6672e-01,5.0080e+00,3.4264e+00,4.8757e-01
7.9900e+03,7.7767e-02,5.6654e-01,5.0080e+00,3.4266e+00,4.8765e-01
8.0000e+03,7.7516e-02,5.6637e-01,5.0080e+00,3.4268e+00,4.8773e-01
8.0100e+03,7.7265e-02,5.6620e-01,5.0080e+00,3.4270e+00,4.8780e-01
8.0200e+03,7.7016e-02,5.6602e-01,5.0080e+00,3.4271e+00,4.8788e-01
8.0300e+03,7.6768e-02,5.6585e-01,5.0080e+00,3.4273e+00,4.8795e-01
8.0400e+03,7.6520e-02,5.6568e-01,5.0080e+00,3.4275e+00,4.8803e-01
8.0500e+03,7.6273e-02,5.6551e-01,5.0080e+00,3.4276e+00,4.8811e-01
8.0600e+03,7.6027e-02,5.6533e-01,5.0080e+00,3.4278e+00,4.8818e-01
8.0700e+03,7.5782e-02,5.6516e-01,5.0080e+00,3.4280e+00,4.8826e-01
8.0800e+03,7.5538e-02,5.6499e-01,5.0080e+00,3.4282e+00,4.8833e-01
8.0900e+03,7.5295e-02,5.6483e-01,5.0080e+00,3.4283e+00,4.8841e-01
8.1000e+03,7.5052e-02,5.6466e-01,5.0080e+00,3.4285e+00,4.8848e-01
8.1100e+03,7.4811e-02,5.6449e-01,5.0080e+00,3.4287e+00,4.8855e-01
8.1200e+03,7.4570e-02,5.6432e-01,5.0080e+00,3.4288e+00,4.8863e-01
8.1300e+03,7.4330e-02,5.6416e-01,5.0080e+00,3.4290e+00,4.8870e-01
8.1400e+03,7.4090e-02,5.6399e-01,5.0080e+00,3.4292e+00,4.8878e-01
8.1500e+03,7.3852e-02,5.6382e-01,5.0080e+00,3.4293e+00,4.8885e-01
8.1600e+03,7.3614e-02,5.6366e-01,5.0080e+00,3.4295e+00,4.8892e-01
8.1700e+03,7.3378e-02,5.6349e-01,5.0080e+00,3.4297e+00,4.8899e-01
8.1800e+03,7.3142e-02,5.6333e-01,5.0080e+00,3.4298e+00,4.8907e-01
8.1900e+03,7.2906e-02,5.6317e-01,5.0080e+00,3.4300e+00,4.8914e-01
8.2000e+03,7.2672e-02,5.6301e-01,5.0080e+00,3.4301e+00,4.8921e-01
8.2100e+03,7.2438e-02,5.6284e-01,5.0080e+00,3.4303e+00,4.8928e-01
8.2200e+03,7.2206e-02,5.6268e-01,5.0080e+00,3.4305e+00,4.8936e-01
8.2300e+03,7.1974e-02,5.6252e-01,5.0080e+00,3.4306e+00,4.8943e-01
8.2400e+03,7.1743e-02,5.6236e-01,5.0080e+00,3.4308e+00,4.8950e-01
8.2500e+03,7.1512e-02,5.6220e-01,5.0080e+00,3.4309e+00,4.8957e-01
8.2600e+03,7.1283e-02,5.6204e-01,5.0080e+00,3.4311e+00,4.8964e-01
8.2700e+03,7.1054e-02,5.6188e-01,5.0080e+00,3.4313e+00,4.8971e-01
8.2800e+03,7.0826e-02,5.6172e-01,5.0080e+00,3.4314e+00,4.8978e-01
8.2900e+03,7.0598e-02,5.6157e-01,5.0080e+00,3.4316e+00,4.8985e-01
8.3000e+03,7.0372e-02,5.6141e-01,5.0080e+00,3.4317e+00,4.8992e-01
8.3100e+03,7.0146e-02,5.6125e-01,5.0080e+00,3.4319e+00,4.8999e-01
8.3200e+03,6.9921e-02,5.6110e-01,5.0080e+00,3.4320e+00,4.9006e-01
8.3300e+03,6.9697e-02,5.6094e-01,5.0080e+00,3.4322e+00,4.9013e-01
8.3400e+03,6.9473e-02,5.6079e-01,5.0080e+00,3.4324e+00,4.9020e-01
8.3500e+03,6.9251e-02,5.6063e-01,5.0080e+00,3.4325e+00,4.9027e-01
8.3600e+03,6.9029e-02,5.6048e-01,5.0080e+00,3.4327e+00,4.9033e-01
8.3700e+03,6.8808e-02,5.6033e-01,5.0080e+00,3.4328e+00,4.9040e-01
8.3800e+03,6.8587e-02,5.6017e-01,5.0080e+00,3.4330e+00,4.9047e-01
8.3900e+03,6.8368e-02,5.6002e-01,5.0080e+00,3.4331e+00,4.9054e-01
8.4000e+03,6.8149e-02,5.5987e-01,5.0080e+00,3.4333e+00,4.9061e-01
8.4100e+03,6.7930e-02,5.5972e-01,5.0080e+00,3.4334e+00,4.9067e-01
8.4200e+03,6.7713e-02,5.5957e-01,5.0080e+00,3.4336e+00,4.9074e-01
8.4300e+03,6.7496e-02,5.5942e-01,5.0080e+00,3.4337e+00,4.9081e-01
8.4400e+03,6.7280e-02,5.5927e-01,5.0080e+00,3.4339e+00,4.9087e-01
8.4500e+03,6.7065e-02,5.5912e-01,5.0080e+00,3.4340e+00,4.9094e-01
8.4600e+03,6.6850e-02,5.5897e-01,5.0080e+00,3.4342e+00,4.9101e-01
8.4700e+03,6.6637e-02,5.5882e-01,5.0080e+00,3.4343e+00,4.9107e-01
8.4800e+03,6.6424e-02,5.5867e-01,5.0080e+00,3.4345e+00,4.9114e-01
8.4900e+03,6.6211e-02,5.5853e-01,5.0080e+00,3.4346e+00,4.9120e-01
8.5000e+03,6.6000e-02,5.5838e-01,5.0080e+00,3.4348e+00,4.9127e-01
8.5100e+03,6.5789e-02,5.5824e-01,5.0080e+00,3.4349e+00,4.9133e-01
8.5200e+03,6.5578e-02,5.5809e-01,5.0080e+00,3.4351e+00,4.9140e-01
8.5300e+03,6.5369e-02,5.5794e-01,5.0080e+00,3.4352e+00,4.9146e-01
8.5400e+03,6.5160e-02,5.5780e-01,5.0080e+00,3.4353e+00,4.9153e-01
8.5500e+03,6.4952e-02,5.5766e-01,5.0080e+00,3.4355e+00,4.9159e-01
8.5600e+03,6.4745e-02,5.5751e-01,5.0080e+00,3.4356e+00,4.9166e-01
8.5700e+03,6.4538e-02,5.5737e-01,5.0080e+00,3.4358e+00,4.9172e-01
8.5800e+03,6.4332e-02,5.5723e-01,5.0080e+00,3.4359e+00,4.9179e-01
8.5900e+03,6.4127e-02,5.5709e-01,5.0080e+00,3.4361e+00,4.9185e-01
8.6000e+03,6.3922e-02,5.5694e-01,5.0080e+00,3.4362e+00,4.9191e-01
8.6100e+03,6.3718e-02,5.5680e-01,5.0080e+00,3.4363e+00,4.9198e-01
8.6200e+03,6.3515e-02,5.5666e-01,5.0080e+00,3.4365e+00,4.9204e-01
8.6300e+03,6.3312e-02,5.5652e-01,5.0080e+00,3.4366e+00,4.9210e-01
8.6400e+03,6.3110e-02,5.5638e-01,5.0080e+00,3.4368e+00,4.9216e-01
8.6500e+03,6.2909e-02,5.5624e-01,5.0080e+00,3.4369e+00,4.9223e-01
8.6600e+03,6.2709e-02,5.5610e-01,5.0080e+00,3.4370e+00,4.9229e-01
8.6700e+03,6.2509e-02,5.5597e-01,5.0080e+00,3.4372e+00,4.9235e-01
8.6800e+03,6.2310e-02,5.5583e-01,5.0080e+00,3.4373e+00,4.9241e-01
8.6900e+03,6.2111e-02,5.5569e-01,5.0080e+00,3.4374e+00,4.9247e-01
8.7000e+03,6.1913e-02,5.5556e-01,5.0080e+00,3.4376e+00,4.9254e-01
8.7100e+03,6.1716e-02,5.5542e-01,5.0080e+00,3.4377e+00,4.9260e-01
8.7200e+03,6.1519e-02,5.5528e-01,5.0080e+00,3.4379e+00,4.9266e-01
8.7300e+03,6.1324e-02,5.5515e-01,5.0080e+00,3.4380e+00,4.9272e-01
8.7400e+03,6.1128e-02,5.5501e-01,5.0080e+00,3.4381e+00,4.9278e-01
8.7500e+03,6.0934e-02,5.5488e-01,5.0080e+00,3.4383e+00,4.9284e-01
8.7600e+03,6.0740e-02,5.5474e-01,5.0080e+00,3.4384e+00,4.9290e-01
8.7700e+03,6.0547e-02,5.5461e-01,5.0080e+00,3.4385e+00,4.9296e-01
8.7800e+03,6.0354e-02,5.5448e-01,5.0080e+00,3.4387e+00,4.9302e-01
8.7900e+03,6.0162e-02,5.5435e-01,5.0080e+00,3.4388e+00,4.9308e-01
8.8000e+03,5.9971e-02,5.5421e-01,5.0080e+00,3.4389e+00,4.9314e-01
8.8100e+03,5.9780e-02,5.5408e-01,5.0080e+00,3.4391e+00,4.9320e-01
8.8200e+03,5.9590e-02,5.5395e-01,5.0080e+00,3.4392e+00,4.9326e-01
8.8300e+03,5.9401e-02,5.5382e-01,5.0080e+00,3.4393e+00,4.9332e-01
8.8400e+03,5.9212e-02,5.5369e-01,5.0080e+00,3.4394e+00,4.9337e-01
8.8500e+03,5.9024e-02,5.5356e-01,5.0080e+00,3.4396e+00,4.9343e-01
8.8600e+03,5.8836e-02,5.5343e-01,5.0080e+00,3.4397e+00,4.9349e-01
8.8700e+03,5.8649e-02,5.5330e-01,5.0080e+00,3.4398e+00,4.9355e-01
8.8800e+03,5.8463e-02,5.5317e-01,5.0080e+00,3.4400e+00,4.9361e-01
8.8900e+03,5.8277e-02,5.5304e-01,5.0080e+00,3.4401e+00,4.9367e-01
8.9000e+03,5.8092e-02,5.5292e-01,5.0080e+00,3.4402e+00,4.9372e-01
8.9100e+03,5.7908e-02,5.5279e-01,5.0080e+00,3.4403e+00,4.9378e-01
8.9200e+03,5.7724e-02,5.5266e-01,5.0080e+00,3.4405e+00,4.9384e-01
8.9300e+03,5.7541e-02,5.5254e-01,5.0080e+00,3.4406e+00,4.9389e-01
8.9400e+03,5.7358e-02,5.5241e-01,5.0080e+00,3.4407e+00,4.9395e-01
8.9500e+03,5.7176e-02,5.5228e-01,5.0080e+00,3.4408e+00,4.9401e-01
8.9600e+03,5.6995e-02,5.5216e-01,5.0080e+00,3.4410e+00,4.9406e-01
8.9700e+03,5.6814e-02,5.5204e-01,5.0080e+00,3.4411e+00,4.9412e-01
8.9800e+03,5.6634e-02,5.5191e-01,5.0080e+00,3.4412e+00,4.9418e-01
8.9900e+03,5.6454e-02,5.5179e-01,5.0080e+00,3.4413e+00,4.9423e-01
9.0000e+03,5.6276e-02,5.5166e-01,5.0080e+00,3.4415e+00,4.9429e-01
9.0100e+03,5.6097e-02,5.5154e-01,5.0080e+00,3.4416e+00,4.9434e-01
9.0200e+03,5.5919e-02,5.5142e-01,5.0080e+00,3.4417e+00,4.9440e-01
9.0300e+03,5.5742e-02,5.5130e-01,5.0080e+00,3.4418e+00,4.9446e-01
9.0400e+03,5.5566e-02,5.5117e-01,5.0080e+00,3.4420e+00,4.9451e-01
9.0500e+03,5.5390e-02,5.5105e-01,5.0080e+00,3.4421e+00,4.9457e-01
9.0600e+03,5.5214e-02,5.5093e-01,5.0080e+00,3.4422e+00,4.9462e-01
9.0700e+03,5.5039e-02,5.5081e-01,5.0080e+00,3.4423e+00,4.9467e-01
9.0800e+03,5.4865e-02,5.5069e-01,5.0080e+00,3.4424e+00,4.9473e-01
9.0900e+03,5.4691e-02,5.5057e-01,5.0080e+00,3.4426e+00,4.9478e-01
9.1000e+03,5.4518e-02,5.5045e-01,5.0080e+00,3.4427e+00,4.9484e-01
9.1100e+03,5.4346e-02,5.5033e-01,5.0080e+00,3.4428e+00,4.9489e-01
9.1200e+03,5.4174e-02,5.5021e-01,5.0080e+00,3.4429e+00,4.9495e-01
9.1300e+03,5.4002e-02,5.5010e-01,5.0080e+00,3.4430e+00,4.9500e-01
9.1400e+03,5.3831e-02,5.4998e-01,5.0080e+00,3.4431e+00,4.9505e-01
9.1500e+03,5.3661e-02,5.4986e-01,5.0080e+00,3.4433e+00,4.9511e-01
9.1600e+03,5.3491e-02,5.4974e-01,5.0080e+00,3.4434e+00,4.9516e-01
9.1700e+03,5.3322e-02,5.4963e-01,5.0080e+00,3.4435e+00,4.9521e-01
9.1800e+03,5.3154e-02,5.4951e-01,5.0080e+00,3.4436e+00,4.9526e-01
9.1900e+03,5.2986e-02,5.4940e-01,5.0080e+00,3.4437e+00,4.9532e-01
9.2000e+03,5.2818e-02,5.4928e-01,5.0080e+00,3.4438e+00,4.9537e-01
9.2100e+03,5.2651e-02,5.4917e-01,5.0080e+00,3.4440e+00,4.9542e-01
9.2200e+03,5.2485e-02,5.4905e-01,5.0080e+00,3.4441e+00,4.9547e-01
9.2300e+03,5.2319e-02,5.4894e-01,5.0080e+00,3.4442e+00,4.9553e-01
9.2400e+03,5.2154e-02,5.4882e-01,5.0080e+00,3.4443e+00,4.9558e-01
9.2500e+03,5.1989e-02,5.4871e-01,5.0080e+00,3.4444e+00,4.9563e-01
9.2600e+03,5.1825e-02,5.4860e-01,5.0080e+00,3.4445e+00,4.9568e-01
9.2700e+03,5.1661e-02,5.4848e-01,5.0080e+00,3.4446e+00,4.9573e-01
9.2800e+03,5.1498e-02,5.4837e-01,5.0080e+00,3.4447e+00,4.9578e-01
9.2900e+03,5.1336e-02,5.4826e-01,5.0080e+00,3.4449e+00,4.9583e-01
9.3000e+03,5.1174e-02,5.4815e-01,5.0080e+00,3.4450e+00,4.9588e-01
9.3100e+03,5.1012e-02,5.4804e-01,5.0080e+00,3.4451e+00,4.9593e-01
9.3200e+03,5.0851e-02,5.4793e-01,5.0080e+00,3.4452e+00,4.9598e-01
9.3300e+03,5.0691e-02,5.4782e-01,5.0080e+00,3.4453e+00,4.9603e-01
9.3400e+03,5.0531e-02,5.4771e-01,5.0080e+00,3.4454e+00,4.9609e-01
9.3500e+03,5.0371e-02,5.4760e-01,5.0080e+00,3.4455e+00,4.9614e-01
9.3600e+03,5.0212e-02,5.4749e-01,5.0080e+00,3.4456e+00,4.9618e-01
9.3700e+03,5.0054e-02,5.4738e-01,5.0080e+00,3.4457e+00,4.9623e-01
9.3800e+03,4.9896e-02,5.4727e-01,5.0080e+00,3.4458e+00,4.9628e-01
9.3900e+03,4.9739e-02,5.4716e-01,5.0080e+00,3.4460e+00,4.9633e-01
9.4000e+03,4.9582e-02,5.4705e-01,5.0080e+00,3.4461e+00,4.9638e-01
9.4100e+03,4.9426e-02,5.4695e-01,5.0080e+00,3.4462e+00,4.9643e-01
9.4200e+03,4.9270e-02,5.4684e-01,5.0080e+00,3.4463e+00,4.9648e-01
9.4300e+03,4.9115e-02,5.4673e-01,5.0080e+00,3.4464e+00,4.9653e-01
9.4400e+03,4.8960e-02,5.4663e-01,5.0080e+00,3.4465e+00,4.9658e-01
9.4500e+03,4.8806e-02,5.4652e-01,5.0080e+00,3.4466e+00,4.9663e-01
9.4600e+03,4.8652e-02,5.4642e-01,5.0080e+00,3.4467e+00,4.9667e-01
9.4700e+03,4.8499e-02,5.4631e-01,5.0080e+00,3.4468e+00,4.9672e-01
9.4800e+03,4.8346e-02,5.4620e-01,5.0080e+00,3.4469e+00,4.9677e-01
9.4900e+03,4.8194e-02,5.4610e-01,5.0080e+00,3.4470e+00,4.9682e-01
9.5000e+03,4.8043e-02,5.4600e-01,5.0080e+00,3.4471e+00,4.9687e-01
9.5100e+03,4.7891e-02,5.4589e-01,5.0080e+00,3.4472e+00,4.9691e-01
9.5200e+03,4.7741e-02,5.4579e-01,5.0080e+00,3.4473e+00,4.9696e-01
9.5300e+03,4.7590e-02,5.4569e-01,5.0080e+00,3.4474e+00,4.9701e-01
9.5400e+03,4.7441e-02,5.4558e-01,5.0080e+00,3.4475e+00,4.9705e-01
9.5500e+03,4.7291e-02,5.4548e-01,5.0080e+00,3.4476e+00,4.9710e-01
9.5600e+03,4.7143e-02,5.4538e-01,5.0080e+00,3.4477e+00,4.9715e-01
9.5700e+03,4.6994e-02,5.4528e-01,5.0080e+00,3.4478e+00,4.9720e-01
9.5800e+03,4.6847e-02,5.4517e-01,5.0080e+00,3.4479e+00,4.9724e-01
9.5900e+03,4.6699e-02,5.4507e-01,5.0080e+00,3.4480e+00,4.9729e-01
9.6000e+03,4.6552e-02,5.4497e-01,5.0080e+00,3.4481e+00,4.9733e-01
9.6100e+03,4.6406e-02,5.4487e-01,5.0080e+00,3.4482e+00,4.9738e-01
9.6200e+03,4.6260e-02,5.4477e-01,5.0080e+00,3.4483e+00,4.9743e-01
9.6300e+03,4.6115e-02,5.4467e-01,5.0080e+00,3.4484e+00,4.9747e-01
9.6400e+03,4.5970e-02,5.4457e-01,5.0080e+00,3.4485e+00,4.9752e-01
9.6500e+03,4.5826e-02,5.4447e-01,5.0080e+00,3.4486e+00,4.9756e-01
9.6600e+03,4.5682e-02,5.4437e-01,5.0080e+00,3.4487e+00,4.9761e-01
9.6700e+03,4.5538e-02,5.4428e-01,5.0080e+00,3.4488e+00,4.9765e-01
9.6800e+03,4.5395e-02,5.4418e-01,5.0080e+00,3.4489e+00,4.9770e-01
9.6900e+03,4.5253e-02,5.4408e-01,5.0080e+00,3.4490e+00,4.9774e-01
9.7000e+03,4.5110e-02,5.4398e-01,5.0080e+00,3.4491e+00,4.9779e-01
9.7100e+03,4.4969e-02,5.4388e-01,5.0080e+00,3.4492e+00,4.9783e-01
9.7200e+03,4.4828e-02,5.4379e-01,5.0080e+00,3.4493e+00,4.9788e-01
9.7300e+03,4.4687e-02,5.4369e-01,5.0080e+00,3.4494e+00,4.9792e-01
9.7400e+03,4.4547e-02,5.4359e-01,5.0080e+00,3.4495e+00,4.9797e-01
9.7500e+03,4.4407e-02,5.4350e-01,5.0080e+00,3.4496e+00,4.9801e-01
9.7600e+03,4.4268e-02,5.4340e-01,5.0080e+00,3.4497e+00,4.9805e-01
9.7700e+03,4.4129e-02,5.4331e-01,5.0080e+00,3.4498e+00,4.9810e-01
9.7800e+03,4.3990e-02,5.4321e-01,5.0080e+00,3.4499e+00,4.9814e-01
9.7900e+03,4.3852e-02,5.4312e-01,5.0080e+00,3.4500e+00,4.9818e-01
9.8000e+03,4.3715e-02,5.4302e-01,5.0080e+00,3.4501e+00,4.9823e-01
9.8100e+03,4.3578e-02,5.4293e-01,5.0080e+00,3.4502e+00,4.9827e-01
9.8200e+03,4.3441e-02,5.4284e-01,5.0080e+00,3.4503e+00,4.9831e-01
9.8300e+03,4.3305e-02,5.4274e-01,5.0080e+00,3.4504e+00,4.9836e-01
9.8400e+03,4.3169e-02,5.4265e-01,5.0080e+00,3.4505e+00,4.9840e-01
9.8500e+03,4.3034e-02,5.4256e-01,5.0080e+00,3.4506e+00,4.9844e-01
9.8600e+03,4.2899e-02,5.4246e-01,5.0080e+00,3.4506e+00,4.9848e-01
9.8700e+03,4.2765e-02,5.4237e-01,5.0080e+00,3.4507e+00,4.9853e-01
9.8800e+03,4.2631e-02,5.4228e-01,5.0080e+00,3.4508e+00,4.9857e-01
9.8900e+03,4.2497e-02,5.4219e-01,5.0080e+00,3.4509e+00,4.9861e-01
9.9000e+03,4.2364e-02,5.4210e-01,5.0080e+00,3.4510e+00,4.9865e-01
9.9100e+03,4.2231e-02,5.4201e-01,5.0080e+00,3.4511e+00,4.9870e-01
9.9200e+03,4.2099e-02,5.4192e-01,5.0080e+00,3.4512e+00,4.9874e-01
9.9300e+03,4.1967e-02,5.4183e-01,5.0080e+00,3.4513e+00,4.9878e-01
9.9400e+03,4.1836e-02,5.4174e-01,5.0080e+00,3.4514e+00,4.9882e-01
9.9500e+03,4.1705e-02,5.4165e-01,5.0080e+00,3.4515e+00,4.9886e-01
9.9600e+03,4.1574e-02,5.4156e-01,5.0080e+00,3.4516e+00,4.9890e-01
9.9700e+03,4.1444e-02,5.4147e-01,5.0080e+00,3.4516e+00,4.9894e-01
9.9800e+03,4.1314e-02,5.4138e-01,5.0080e+00,3.4517e+00,4.9899e-01
9.9900e+03,4.1185e-02,5.4129e-01,5.0080e+00,3.4518e+00,4.9903e-01
1.0000e+04,4.1056e-02,5.4120e-01,5.0080e+00,3.4519e+00,4.9907e-01
1.0010e+04,4.0928e-02,5.4111e-01,5.0080e+00,3.4520e+00,4.9911e-01
1.0020e+04,4.0800e-02,5.4103e-01,5.0080e+00,3.4521e+00,4.9915e-01
1.0030e+04,4.0672e-02,5.4094e-01,5.0080e+00,3.4522e+00,4.9919e-01
1.0040e+04,4.0545e-02,5.4085e-01,5.0080e+00,3.4523e+00,4.9923e-01
1.0050e+04,4.0418e-02,5.4076e-01,5.0080e+00,3.4523e+00,4.9927e-01
1.0060e+04,4.0292e-02,5.4068e-01,5.0080e+00,3.4524e+00,4.9931e-01
1.0070e+04,4.0166e-02,5.4059e-01,5.0080e+00,3.4525e+00,4.9935e-01
1.0080e+04,4.0040e-02,5.4050e-01,5.0080e+00,3.4526e+00,4.9939e-01
1.0090e+04,3.9915e-02,5.4042e-01,5.0080e+00,3.4527e+00,4.9943e-01
1.0100e+04,3.9790e-02,5.4033e-01,5.0080e+00,3.4528e+00,4.9947e-01
1.0110e+04,3.9666e-02,5.4025e-01,5.0080e+00,3.4529e+00,4.9951e-01
1.0120e+04,3.9542e-02,5.4016e-01,5.0080e+00,3.4529e+00,4.9955e-01
1.0130e+04,3.9418e-02,5.4008e-01,5.0080e+00,3.4530e+00,4.9958e-01
1.0140e+04,3.9295e-02,5.3999e-01,5.0080e+00,3.4531e+00,4.9962e-01
1.0150e+04,3.9172e-02,5.3991e-01,5.0080e+00,3.4532e+00,4.9966e-01
1.0160e+04,3.9050e-02,5.3983e-01,5.0080e+00,3.4533e+00,4.9970e-01
1.0170e+04,3.8928e-02,5.3974e-01,5.0080e+00,3.4534e+00,4.9974e-01
1.0180e+04,3.8807e-02,5.3966e-01,5.0080e+00,3.4534e+00,4.9978e-01
1.0190e+04,3.8685e-02,5.3958e-01,5.0080e+00,3.4535e+00,4.9982e-01
1.0200e+04,3.8565e-02,5.3949e-01,5.0080e+00,3.4536e+00,4.9985e-01
1.0210e+04,3.8444e-02,5.3941e-01,5.0080e+00,3.4537e+00,4.9989e-01
1.0220e+04,3.8324e-02,5.3933e-01,5.0080e+00,3.4538e+00,4.9993e-01
1.0230e+04,3.8205e-02,5.3925e-01,5.0080e+00,3.4539e+00,4.9997e-01
1.0240e+04,3.8085e-02,5.3917e-01,5.0080e+00,3.4539e+00,5.0001e-01
1.0250e+04,3.7966e-02,5.3908e-01,5.0080e+00,3.4540e+00,5.0004e-01
1.0260e+04,3.7848e-02,5.3900e-01,5.0080e+00,3.4541e+00,5.0008e-01
1.0270e+04,3.7730e-02,5.3892e-01,5.0080e+00,3.4542e+00,5.0012e-01
1.0280e+04,3.7612e-02,5.3884e-01,5.0080e+00,3.4543e+00,5.0016e-01
1.0290e+04,3.7495e-02,5.3876e-01,5.0080e+00,3.4543e+00,5.0019e-01
1.0300e+04,3.7378e-02,5.3868e-01,5.0080e+00,3.4544e+00,5.0023e-01
1.0310e+04,3.7261e-02,5.3860e-01,5.0080e+00,3.4545e+00,5.0027e-01
1.0320e+04,3.7145e-02,5.3852e-01,5.0080e+00,3.4546e+00,5.0030e-01
1.0330e+04,3.7029e-02,5.3844e-01,5.0080e+00,3.4547e+00,5.0034e-01
1.0340e+04,3.6914e-02,5.3836e-01,5.0080e+00,3.4547e+00,5.0038e-01
1.0350e+04,3.6799e-02,5.3829e-01,5.0080e+00,3.4548e+00,5.0041e-01
1.0360e+04,3.6684e-02,5.3821e-01,5.0080e+00,3.4549e+00,5.0045e-01
1.0370e+04,3.6570e-02,5.3813e-01,5.0080e+00,3.4550e+00,5.0049e-01
1.0380e+04,3.6456e-02,5.3805e-01,5.0080e+00,3.4550e+00,5.0052e-01
1.0390e+04,3.6342e-02,5.3797e-01,5.0080e+00,3.4551e+00,5.0056e-01
1.0400e+04,3.6229e-02,5.3790e-01,5.0080e+00,3.4552e+00,5.0060e-01
1.0410e+04,3.6116e-02,5.3782e-01,5.0080e+00,3.4553e+00,5.0063e-01
1.0420e+04,3.6003e-02,5.3774e-01,5.0080e+00,3.4554e+00,5.0067e-01
1.0430e+04,3.5891e-02,5.3766e-01,5.0080e+00,3.4554e+00,5.0070e-01
1.0440e+04,3.5780e-02,5.3759e-01,5.0080e+00,3.4555e+00,5.0074e-01
1.0450e+04,3.5668e-02,5.3751e-01,5.0080e+00,3.4556e+00,5.0077e-01
1.0460e+04,3.5557e-02,5.3744e-01,5.0080e+00,3.4557e+00,5.0081e-01
1.0470e+04,3.5446e-02,5.3736e-01,5.0080e+00,3.4557e+00,5.0084e-01
1.0480e+04,3.5336e-02,5.3728e-01,5.0080e+00,3.4558e+00,5.0088e-01
1.0490e+04,3.5226e-02,5.3721e-01,5.0080e+00,3.4559e+00,5.0091e-01
1.0500e+04,3.5116e-02,5.3713e-01,5.0080e+00,3.4560e+00,5.0095e-01
1.0510e+04,3.5007e-02,5.3706e-01,5.0080e+00,3.4560e+00,5.0098e-01
1.0520e+04,3.4898e-02,5.3699e-01,5.0080e+00,3.4561e+00,5.0102e-01
1.0530e+04,3.4789e-02,5.3691e-01,5.0080e+00,3.4562e+00,5.0105e-01
1.0540e+04,3.4681e-02,5.3684e-01,5.0080e+00,3.4563e+00,5.0109e-01
1.0550e+04,3.4573e-02,5.3676e-01,5.0080e+00,3.4563e+00,5.0112e-01
1.0560e+04,3.4466e-02,5.3669e-01,5.0080e+00,3.4564e+00,5.0116e-01
1.0570e+04,3.4358e-02,5.3662e-01,5.0080e+00,3.4565e+00,5.0119e-01
1.0580e+04,3.4252e-02,5.3654e-01,5.0080e+00,3.4566e+00,5.0122e-01
1.0590e+04,3.4145e-02,5.3647e-01,5.0080e+00,3.4566e+00,5.0126e-01
1.0600e+04,3.4039e-02,5.3640e-01,5.0080e+00,3.4567e+00,5.0129e-01
1.0610e+04,3.3933e-02,5.3633e-01,5.0080e+00,3.4568e+00,5.0132e-01
1.0620e+04,3.3827e-02,5.3625e-01,5.0080e+00,3.4568e+00,5.0136e-01
1.0630e+04,3.3722e-02,5.3618e-01,5.0080e+00,3.4569e+00,5.0139e-01
1.0640e+04,3.3617e-02,5.3611e-01,5.0080e+00,3.4570e+00,5.0142e-01
1.0650e+04,3.3513e-02,5.3604e-01,5.0080e+00,3.4571e+00,5.0146e-01
1.0660e+04,3.3409e-02,5.3597e-01,5.0080e+00,3.4571e+00,5.0149e-01
1.0670e+04,3.3305e-02,5.3590e-01,5.0080e+00,3.4572e+00,5.0152e-01
1.0680e+04,3.3201e-02,5.3583e-01,5.0080e+00,3.4573e+00,5.0156e-01
1.0690e+04,3.3098e-02,5.3576e-01,5.0080e+00,3.4573e+00,5.0159e-01
1.0700e+04,3.2995e-02,5.3569e-01,5.0080e+00,3.4574e+00,5.0162e-01
1.0710e+04,3.2893e-02,5.3562e-01,5.0080e+00,3.4575e+00,5.0166e-01
1.0720e+04,3.2791e-02,5.3555e-01,5.0080e+00,3.4576e+00,5.0169e-01
1.0730e+04,3.2689e-02,5.3548e-01,5.0080e+00,3.4576e+00,5.0172e-01
1.0740e+04,3.2587e-02,5.3541e-01,5.0080e+00,3.4577e+00,5.0175e-01
1.0750e+04,3.2486e-02,5.3534e-01,5.0080e+00,3.4578e+00,5.0178e-01
1.0760e+04,3.2385e-02,5.3527e-01,5.0080e+00,3.4578e+00,5.0182e-01
1.0770e+04,3.2285e-02,5.3520e-01,5.0080e+00,3.4579e+00,5.0185e-01
1.0780e+04,3.2184e-02,5.3513e-01,5.0080e+00,3.4580e+00,5.0188e-01
1.0790e+04,3.2084e-02,5.3506e-01,5.0080e+00,3.4580e+00,5.0191e-01
1.0800e+04,3.1985e-02,5.3499e-01,5.0080e+00,3.4581e+00,5.0194e-01
1.0810e+04,3.1885e-02,5.3493e-01,5.0080e+00,3.4582e+00,5.0198e-01
1.0820e+04,3.1786e-02,5.3486e-01,5.0080e+00,3.4582e+00,5.0201e-01
1.0830e+04,3.1688e-02,5.3479e-01,5.0080e+00,3.4583e+00,5.0204e-01
1.0840e+04,3.1589e-02,5.3472e-01,5.0080e+00,3.4584e+00,5.0207e-01
1.0850e+04,3.1491e-02,5.3466e-01,5.0080e+00,3.4584e+00,5.0210e-01
1.0860e+04,3.1394e-02,5.3459e-01,5.0080e+00,3.4585e+00,5.0213e-01
1.0870e+04,3.1296e-02,5.3452e-01,5.0080e+00,3.4586e+00,5.0216e-01
1.0880e+04,3.1199e-02,5.3446e-01,5.0080e+00,3.4586e+00,5.0219e-01
1.0890e+04,3.1102e-02,5.3439e-01,5.0080e+00,3.4587e+00,5.0223e-01
1.0900e+04,3.1006e-02,5.3433e-01,5.0080e+00,3.4588e+00,5.0226e-01
1.0910e+04,3.0910e-02,5.3426e-01,5.0080e+00,3.4588e+00,5.0229e-01
1.0920e+04,3.0814e-02,5.3420e-01,5.0080e+00,3.4589e+00,5.0232e-01
1.0930e+04,3.0718e-02,5.3413e-01,5.0080e+00,3.4590e+00,5.0235e-01
1.0940e+04,3.0623e-02,5.3407e-01,5.0080e+00,3.4590e+00,5.0238e-01
1.0950e+04,3.0528e-02,5.3400e-01,5.0080e+00,3.4591e+00,5.0241e-01
1.0960e+04,3.0434e-02,5.3394e-01,5.0080e+00,3.4592e+00,5.0244e-01
1.0970e+04,3.0339e-02,5.3387e-01,5.0080e+00,3.4592e+00,5.0247e-01
1.0980e+04,3.0245e-02,5.3381e-01,5.0080e+00,3.4593e+00,5.0250e-01
1.0990e+04,3.0151e-02,5.3374e-01,5.0080e+00,3.4593e+00,5.0253e-01
1.1000e+04,3.0058e-02,5.3368e-01,5.0080e+00,3.4594e+00,5.0256e-01
1.1010e+04,2.9965e-02,5.3362e-01,5.0080e+00,3.4595e+00,5.0259e-01
1.1020e+04,2.9872e-02,5.3355e-01,5.0080e+00,3.4595e+00,5.0262e-01
1.1030e+04,2.9779e-02,5.3349e-01,5.0080e+00,3.4596e+00,5.0265e-01
1.1040e+04,2.9687e-02,5.3343e-01,5.0080e+00,3.4597e+00,5.0268e-01
1.1050e+04,2.9595e-02,5.3336e-01,5.0080e+00,3.4597e+00,5.0271e-01
1.1060e+04,2.9503e-02,5.3330e-01,5.0080e+00,3.4598e+00,5.0274e-01
1.1070e+04,2.9412e-02,5.3324e-01,5.0080e+00,3.4599e+00,5.0276e-01
1.1080e+04,2.9321e-02,5.3318e-01,5.0080e+00,3.4599e+00,5.0279e-01
1.1090e+04,2.9230e-02,5.3311e-01,5.0080e+00,3.4600e+00,5.0282e-01
1.1100e+04,2.9140e-02,5.3305e-01,5.0080e+00,3.4600e+00,5.0285e-01
1.1110e+04,2.9049e-02,5.3299e-01,5.0080e+00,3.4601e+00,5.0288e-01
1.1120e+04,2.8959e-02,5.3293e-01,5.0080e+00,3.4602e+00,5.0291e-01
1.1130e+04,2.8870e-02,5.3287e-01,5.0080e+00,3.4602e+00,5.0294e-01
1.1140e+04,2.8780e-02,5.3281e-01,5.0080e+00,3.4603e+00,5.0297e-01
1.1150e+04,2.8691e-02,5.3275e-01,5.0080e+00,3.4603e+00,5.0299e-01
1.1160e+04,2.8602e-02,5.3269e-01,5.0080e+00,3.4604e+00,5.0302e-01
1.1170e+04,2.8514e-02,5.3263e-01,5.0080e+00,3.4605e+00,5.0305e-01
1.1180e+04,2.8426e-02,5.3257e-01,5.0080e+00,3.4605e+00,5.0308e-01
1.1190e+04,2.8338e-02,5.3251e-01,5.0080e+00,3.4606e+00,5.0311e-01
1.1200e+04,2.8250e-02,5.3245e-01,5.0080e+00,3.4606e+00,5.0314e-01
1.1210e+04,2.8163e-02,5.3239e-01,5.0080e+00,3.4607e+00,5.0316e-01
1.1220e+04,2.8075e-02,5.3233e-01,5.0080e+00,3.4608e+00,5.0319e-01
1.1230e+04,2.7989e-02,5.3227e-01,5.0080e+00,3.4608e+00,5.0322e-01
1.1240e+04,2.7902e-02,5.3221e-01,5.0080e+00,3.4609e+00,5.0325e-01
1.1250e+04,2.7816e-02,5.3215e-01,5.0080e+00,3.4609e+00,5.0327e-01
1.1260e+04,2.7730e-02,5.3209e-01,5.0080e+00,3.4610e+00,5.0330e-01
1.1270e+04,2.7644e-02,5.3203e-01,5.0080e+00,3.4611e+00,5.0333e-01
1.1280e+04,2.7558e-02,5.3197e-01,5.0080e+00,3.4611e+00,5.0336e-01
1.1290e+04,2.7473e-02,5.3192e-01,5.0080e+00,3.4612e+00,5.0338e-01
1.1300e+04,2.7388e-02,5.3186e-01,5.0080e+00,3.4612e+00,5.0341e-01
1.1310e+04,2.7303e-02,5.3180e-01,5.0080e+00,3.4613e+00,5.0344e-01
1.1320e+04,2.7219e-02,5.3174e-01,5.0080e+00,3.4613e+00,5.0347e-01
1.1330e+04,2.7135e-02,5.3169e-01,5.0080e+00,3.4614e+00,5.0349e-01
1.1340e+04,2.7051e-02,5.3163e-01,5.0080e+00,3.4615e+00,5.0352e-01
1.1350e+04,2.6967e-02,5.3157e-01,5.0080e+00,3.4615e+00,5.0355e-01
1.1360e+04,2.6884e-02,5.3152e-01,5.0080e+00,3.4616e+00,5.0357e-01
1.1370e+04,2.6801e-02,5.3146e-01,5.0080e+00,3.4616e+00,5.0360e-01
1.1380e+04,2.6718e-02,5.3140e-01,5.0080e+00,3.4617e+00,5.0363e-01
1.1390e+04,2.6636e-02,5.3135e-01,5.0080e+00,3.4617e+00,5.0365e-01
1.1400e+04,2.6553e-02,5.3129e-01,5.0080e+00,3.4618e+00,5.0368e-01
1.1410e+04,2.6471e-02,5.3123e-01,5.0080e+00,3.4619e+00,5.0370e-01
1.1420e+04,2.6389e-02,5.3118e-01,5.0080e+00,3.4619e+00,5.0373e-01
1.1430e+04,2.6308e-02,5.3112e-01,5.0080e+00,3.4620e+00,5.0376e-01
1.1440e+04,2.6227e-02,5.3107e-01,5.0080e+00,3.4620e+00,5.0378e-01
1.1450e+04,2.6146e-02,5.3101e-01,5.0080e+00,3.4621e+00,5.0381e-01
1.1460e+04,2.6065e-02,5.3096e-01,5.0080e+00,3.4621e+00,5.0383e-01
1.1470e+04,2.5984e-02,5.3090e-01,5.0080e+00,3.4622e+00,5.0386e-01
1.1480e+04,2.5904e-02,5.3085e-01,5.0080e+00,3.4622e+00,5.0389e-01
1.1490e+04,2.5824e-02,5.3079e-01,5.0080e+00,3.4623e+00,5.0391e-01
1.1500e+04,2.5744e-02,5.3074e-01,5.0080e+00,3.4623e+00,5.0394e-01
1.1510e+04,2.5665e-02,5.3068e-01,5.0080e+00,3.4624e+00,5.0396e-01
1.1520e+04,2.5586e-02,5.3063e-01,5.0080e+00,3.4625e+00,5.0399e-01
1.1530e+04,2.5507e-02,5.3058e-01,5.0080e+00,3.4625e+00,5.0401e-01
1.1540e+04,2.5428e-02,5.3052e-01,5.0080e+00,3.4626e+00,5.0404e-01
1.1550e+04,2.5349e-02,5.3047e-01,5.0080e+00,3.4626e+00,5.0406e-01
1.1560e+04,2.5271e-02,5.3042e-01,5.0080e+00,3.4627e+00,5.0409e-01
1.1570e+04,2.5193e-02,5.3036e-01,5.0080e+00,3.4627e+00,5.0411e-01
1.1580e+04,2.5115e-02,5.3031e-01,5.0080e+00,3.4628e+00,5.0414e-01
1.1590e+04,2.5038e-02,5.3026e-01,5.0080e+00,3.4628e+00,5.0416e-01
1.1600e+04,2.4961e-02,5.3021e-01,5.0080e+00,3.4629e+00,5.0419e-01
1.1610e+04,2.4884e-02,5.3015e-01,5.0080e+00,3.4629e+00,5.0421e-01
1.1620e+04,2.4807e-02,5.3010e-01,5.0080e+00,3.4630e+00,5.0424e-01
1.1630e+04,2.4730e-02,5.3005e-01,5.0080e+00,3.4630e+00,5.0426e-01
1.1640e+04,2.4654e-02,5.3000e-01,5.0080e+00,3.4631e+00,5.0429e-01
1.1650e+04,2.4578e-02,5.2994e-01,5.0080e+00,3.4631e+00,5.0431e-01
1.1660e+04,2.4502e-02,5.2989e-01,5.0080e+00,3.4632e+00,5.0434e-01
1.1670e+04,2.4427e-02,5.2984e-01,5.0080e+00,3.4632e+00,5.0436e-01
1.1680e+04,2.4351e-02,5.2979e-01,5.0080e+00,3.4633e+00,5.0438e-01
1.1690e+04,2.4276e-02,5.2974e-01,5.0080e+00,3.4633e+00,5.0441e-01
1.1700e+04,2.4201e-02,5.2969e-01,5.0080e+00,3.4634e+00,5.0443e-01
1.1710e+04,2.4127e-02,5.2964e-01,5.0080e+00,3.4634e+00,5.0446e-01
1.1720e+04,2.4052e-02,5.2959e-01,5.0080e+00,3.4635e+00,5.0448e-01
1.1730e+04,2.3978e-02,5.2954e-01,5.0080e+00,3.4635e+00,5.0450e-01
1.1740e+04,2.3904e-02,5.2949e-01,5.0080e+00,3.4636e+00,5.0453e-01
