t,[L2M],[D],[L],[L2MD],[L2Ms]
0.0000e+00,4.0000e+00,1.2000e+01,2.2500e+01,0.0000e+00,0.0000e+00
1.0000e+01,3.9560e+00,1.1959e+01,2.2502e+01,4.1354e-02,8.6304e-04
2.0000e+01,3.9143e+00,1.1918e+01,2.2502e+01,8.2207e-02,1.7185e-03
3.0000e+01,3.8732e+00,1.1877e+01,2.2502e+01,1.2249e-01,2.5651e-03
4.0000e+01,3.8326e+00,1.1838e+01,2.2502e+01,1.6223e-01,3.4028e-03
5.0000e+01,3.7926e+00,1.1798e+01,2.2502e+01,2.0142e-01,4.2318e-03
6.0000e+01,3.7531e+00,1.1760e+01,2.2502e+01,2.4007e-01,5.0523e-03
7.0000e+01,3.7142e+00,1.1722e+01,2.2502e+01,2.7821e-01,5.8642e-03
8.0000e+01,3.6757e+00,1.1684e+01,2.2502e+01,3.1582e-01,6.6678e-03
9.0000e+01,3.6378e+00,1.1647e+01,2.2502e+01,3.5294e-01,7.4632e-03
1.0000e+02,3.6004e+00,1.1610e+01,2.2502e+01,3.8955e-01,8.2504e-03
1.1000e+02,3.5635e+00,1.1574e+01,2.2502e+01,4.2568e-01,9.0296e-03
1.2000e+02,3.5271e+00,1.1538e+01,2.2502e+01,4.6133e-01,9.8008e-03
1.3000e+02,3.4911e+00,1.1503e+01,2.2502e+01,4.9652e-01,1.0564e-02
1.4000e+02,3.4557e+00,1.1468e+01,2.2502e+01,5.3124e-01,1.1320e-02
1.5000e+02,3.4207e+00,1.1434e+01,2.2502e+01,5.6550e-01,1.2068e-02
1.6000e+02,3.3861e+00,1.1400e+01,2.2502e+01,5.9932e-01,1.2809e-02
1.7000e+02,3.3520e+00,1.1367e+01,2.2502e+01,6.3271e-01,1.3542e-02
1.8000e+02,3.3183e+00,1.1334e+01,2.2502e+01,6.6566e-01,1.4268e-02
1.9000e+02,3.2850e+00,1.1301e+01,2.2502e+01,6.9819e-01,1.4986e-02
2.0000e+02,3.2522e+00,1.1269e+01,2.2502e+01,7.3030e-01,1.5698e-02
2.1000e+02,3.2198e+00,1.1238e+01,2.2502e+01,7.6201e-01,1.6402e-02
2.2000e+02,3.1878e+00,1.1206e+01,2.2502e+01,7.9331e-01,1.7099e-02
2.3000e+02,3.1562e+00,1.1175e+01,2.2502e+01,8.2422e-01,1.7790e-02
2.4000e+02,3.1250e+00,1.1145e+01,2.2502e+01,8.5474e-01,1.8473e-02
2.5000e+02,3.0942e+00,1.1115e+01,2.2502e+01,8.8488e-01,1.9150e-02
2.6000e+02,3.0638e+00,1.1085e+01,2.2502e+01,9.1464e-01,1.9821e-02
2.7000e+02,3.0337e+00,1.1056e+01,2.2502e+01,9.4404e-01,2.0485e-02
2.8000e+02,3.0040e+00,1.1026e+01,2.2502e+01,9.7307e-01,2.1142e-02
2.9000e+02,2.9747e+00,1.0998e+01,2.2502e+01,1.0017e+00,2.1793e-02
3.0000e+02,2.9457e+00,1.0969e+01,2.2502e+01,1.0301e+00,2.2437e-02
3.1000e+02,2.9171e+00,1.0941e+01,2.2502e+01,1.0580e+00,2.3076e-02
3.2000e+02,2.8888e+00,1.0914e+01,2.2502e+01,1.0857e+00,2.3708e-02
3.3000e+02,2.8609e+00,1.0887e+01,2.2502e+01,1.1130e+00,2.4334e-02
3.4000e+02,2.8333e+00,1.0860e+01,2.2502e+01,1.1399e+00,2.4954e-02
3.5000e+02,2.8061e+00,1.0833e+01,2.2502e+01,1.1666e+00,2.5568e-02
3.6000e+02,2.7791e+00,1.0807e+01,2.2502e+01,1.1929e+00,2.6177e-02
3.7000e+02,2.7525e+00,1.0781e+01,2.2502e+01,1.2189e+00,2.6779e-02
3.8000e+02,2.7262e+00,1.0755e+01,2.2502e+01,1.2446e+00,2.7376e-02
3.9000e+02,2.7002e+00,1.0729e+01,2.2502e+01,1.2700e+00,2.7967e-02
4.0000e+02,2.6746e+00,1.0704e+01,2.2502e+01,1.2951e+00,2.8552e-02
4.1000e+02,2.6492e+00,1.0679e+01,2.2502e+01,1.3199e+00,2.9132e-02
4.2000e+02,2.6241e+00,1.0655e+01,2.2502e+01,1.3444e+00,2.9707e-02
4.3000e+02,2.5993e+00,1.0631e+01,2.2502e+01,1.3687e+00,3.0276e-02
4.4000e+02,2.5748e+00,1.0607e+01,2.2502e+01,1.3926e+00,3.0840e-02
4.5000e+02,2.5506e+00,1.0583e+01,2.2502e+01,1.4163e+00,3.1398e-02
4.6000e+02,2.5266e+00,1.0560e+01,2.2502e+01,1.4397e+00,3.1951e-02
4.7000e+02,2.5029e+00,1.0537e+01,2.2502e+01,1.4628e+00,3.2499e-02
4.8000e+02,2.4795e+00,1.0514e+01,2.2502e+01,1.4856e+00,3.3042e-02
4.9000e+02,2.4564e+00,1.0491e+01,2.2502e+01,1.5082e+00,3.3580e-02
5.0000e+02,2.4335e+00,1.0469e+01,2.2502e+01,1.5306e+00,3.4113e-02
5.1000e+02,2.4109e+00,1.0447e+01,2.2502e+01,1.5527e+00,3.4641e-02
5.2000e+02,2.3886e+00,1.0425e+01,2.2502e+01,1.5745e+00,3.5164e-02
5.3000e+02,2.3665e+00,1.0403e+01,2.2502e+01,1.5961e+00,3.5682e-02
5.4000e+02,2.3446e+00,1.0382e+01,2.2502e+01,1.6174e+00,3.6196e-02
5.5000e+02,2.3230e+00,1.0361e+01,2.2502e+01,1.6385e+00,3.6704e-02
5.6000e+02,2.3016e+00,1.0340e+01,2.2502e+01,1.6594e+00,3.7209e-02
5.7000e+02,2.2805e+00,1.0319e+01,2.2502e+01,1.6800e+00,3.7708e-02
5.8000e+02,2.2596e+00,1.0299e+01,2.2502e+01,1.7004e+00,3.8203e-02
5.9000e+02,2.2389e+00,1.0279e+01,2.2502e+01,1.7206e+00,3.8693e-02
6.0000e+02,2.2185e+00,1.0259e+01,2.2502e+01,1.7406e+00,3.9179e-02
6.1000e+02,2.1982e+00,1.0239e+01,2.2502e+01,1.7603e+00,3.9661e-02
6.2000e+02,2.1782e+00,1.0219e+01,2.2502e+01,1.7799e+00,4.0138e-02
6.3000e+02,2.1585e+00,1.0200e+01,2.2502e+01,1.7992e+00,4.0611e-02
6.4000e+02,2.1389e+00,1.0181e+01,2.2502e+01,1.8183e+00,4.1079e-02
6.5000e+02,2.1195e+00,1.0162e+01,2.2502e+01,1.8372e+00,4.1544e-02
6.6000e+02,2.1004e+00,1.0143e+01,2.2502e+01,1.8558e+00,4.2004e-02
6.7000e+02,2.0814e+00,1.0125e+01,2.2502e+01,1.8743e+00,4.2460e-02
6.8000e+02,2.0627e+00,1.0107e+01,2.2502e+01,1.8926e+00,4.2912e-02
6.9000e+02,2.0442e+00,1.0088e+01,2.2502e+01,1.9107e+00,4.3359e-02
7.0000e+02,2.0258e+00,1.0071e+01,2.2502e+01,1.9286e+00,4.3803e-02
7.1000e+02,2.0077e+00,1.0053e+01,2.2502e+01,1.9463e+00,4.4243e-02
7.2000e+02,1.9897e+00,1.0035e+01,2.2502e+01,1.9638e+00,4.4679e-02
7.3000e+02,1.9720e+00,1.0018e+01,2.2502e+01,1.9811e+00,4.5111e-02
7.4000e+02,1.9544e+00,1.0001e+01,2.2502e+01,1.9983e+00,4.5539e-02
7.5000e+02,1.9370e+00,9.9838e+00,2.2502e+01,2.0152e+00,4.5964e-02
7.6000e+02,1.9198e+00,9.9670e+00,2.2502e+01,2.0320e+00,4.6384e-02
7.7000e+02,1.9028e+00,9.9504e+00,2.2502e+01,2.0486e+00,4.6801e-02
7.8000e+02,1.8859e+00,9.9340e+00,2.2502e+01,2.0651e+00,4.7215e-02
7.9000e+02,1.8693e+00,9.9177e+00,2.2502e+01,2.0813e+00,4.7624e-02
8.0000e+02,1.8528e+00,9.9016e+00,2.2502e+01,2.0974e+00,4.8030e-02
8.1000e+02,1.8364e+00,9.8857e+00,2.2502e+01,2.1134e+00,4.8433e-02
8.2000e+02,1.8203e+00,9.8699e+00,2.2502e+01,2.1291e+00,4.8832e-02
8.3000e+02,1.8043e+00,9.8543e+00,2.2502e+01,2.1447e+00,4.9227e-02
8.4000e+02,1.7884e+00,9.8389e+00,2.2502e+01,2.1602e+00,4.9619e-02
8.5000e+02,1.7728e+00,9.8236e+00,2.2502e+01,2.1754e+00,5.0008e-02
8.6000e+02,1.7573e+00,9.8085e+00,2.2502e+01,2.1906e+00,5.0393e-02
8.7000e+02,1.7419e+00,9.7935e+00,2.2502e+01,2.2055e+00,5.0774e-02
8.8000e+02,1.7267e+00,9.7787e+00,2.2502e+01,2.2203e+00,5.1153e-02
8.9000e+02,1.7117e+00,9.7640e+00,2.2502e+01,2.2350e+00,5.1528e-02
9.0000e+02,1.6968e+00,9.7495e+00,2.2502e+01,2.2495e+00,5.1900e-02
9.1000e+02,1.6821e+00,9.7351e+00,2.2502e+01,2.2639e+00,5.2269e-02
9.2000e+02,1.6675e+00,9.7209e+00,2.2502e+01,2.2781e+00,5.2634e-02
9.3000e+02,1.6530e+00,9.7068e+00,2.2502e+01,2.2922e+00,5.2997e-02
9.4000e+02,1.6387e+00,9.6928e+00,2.2502e+01,2.3061e+00,5.3356e-02
9.5000e+02,1.6246e+00,9.6790e+00,2.2502e+01,2.3199e+00,5.3712e-02
9.6000e+02,1.6106e+00,9.6654e+00,2.2502e+01,2.3336e+00,5.4065e-02
9.7000e+02,1.5967e+00,9.6518e+00,2.2502e+01,2.3471e+00,5.4415e-02
9.8000e+02,1.5830e+00,9.6384e+00,2.2502e+01,2.3605e+00,5.4762e-02
9.9000e+02,1.5694e+00,9.6252e+00,2.2502e+01,2.3737e+00,5.5106e-02
1.0000e+03,1.5559e+00,9.6121e+00,2.2502e+01,2.3869e+00,5.5447e-02
1.0100e+03,1.5426e+00,9.5991e+00,2.2502e+01,2.3999e+00,5.5785e-02
1.0200e+03,1.5294e+00,9.5862e+00,2.2502e+01,2.4127e+00,5.6121e-02
1.0300e+03,1.5163e+00,9.5734e+00,2.2502e+01,2.4255e+00,5.6453e-02
1.0400e+03,1.5034e+00,9.5608e+00,2.2502e+01,2.4381e+00,5.6783e-02
1.0500e+03,1.4905e+00,9.5483e+00,2.2502e+01,2.4506e+00,5.7109e-02
1.0600e+03,1.4779e+00,9.5360e+00,2.2502e+01,2.4629e+00,5.7433e-02
1.0700e+03,1.4653e+00,9.5237e+00,2.2502e+01,2.4752e+00,5.7755e-02
1.0800e+03,1.4528e+00,9.5116e+00,2.2502e+01,2.4873e+00,5.8073e-02
1.0900e+03,1.4405e+00,9.4996e+00,2.2502e+01,2.4993e+00,5.8389e-02
1.1000e+03,1.4283e+00,9.4877e+00,2.2502e+01,2.5112e+00,5.8702e-02
1.1100e+03,1.4162e+00,9.4759e+00,2.2502e+01,2.5230e+00,5.9013e-02
1.1200e+03,1.4042e+00,9.4642e+00,2.2502e+01,2.5347e+00,5.9321e-02
1.1300e+03,1.3924e+00,9.4527e+00,2.2502e+01,2.5462e+00,5.9626e-02
1.1400e+03,1.3807e+00,9.4412e+00,2.2502e+01,2.5576e+00,5.9929e-02
1.1500e+03,1.3690e+00,9.4299e+00,2.2502e+01,2.5690e+00,6.0229e-02
1.1600e+03,1.3575e+00,9.4186e+00,2.2502e+01,2.5802e+00,6.0527e-02
1.1700e+03,1.3461e+00,9.4075e+00,2.2502e+01,2.5913e+00,6.0822e-02
1.1800e+03,1.3348e+00,9.3965e+00,2.2502e+01,2.6023e+00,6.1114e-02
1.1900e+03,1.3236e+00,9.3856e+00,2.2502e+01,2.6132e+00,6.1405e-02
1.2000e+03,1.3125e+00,9.3748e+00,2.2502e+01,2.6240e+00,6.1692e-02
1.2100e+03,1.3015e+00,9.3641e+00,2.2502e+01,2.6347e+00,6.1978e-02
1.2200e+03,1.2906e+00,9.3535e+00,2.2502e+01,2.6453e+00,6.2261e-02
1.2300e+03,1.2799e+00,9.3430e+00,2.2502e+01,2.6558e+00,6.2542e-02
1.2400e+03,1.2692e+00,9.3326e+00,2.2502e+01,2.6662e+00,6.2820e-02
1.2500e+03,1.2586e+00,9.3223e+00,2.2502e+01,2.6765e+00,6.3096e-02
1.2600e+03,1.2481e+00,9.3121e+00,2.2502e+01,2.6867e+00,6.3370e-02
1.2700e+03,1.2378e+00,9.3020e+00,2.2502e+01,2.6968e+00,6.3641e-02
1.2800e+03,1.2275e+00,9.2920e+00,2.2502e+01,2.7068e+00,6.3910e-02
1.2900e+03,1.2173e+00,9.2820e+00,2.2502e+01,2.7167e+00,6.4177e-02
1.3000e+03,1.2072e+00,9.2722e+00,2.2502e+01,2.7266e+00,6.4442e-02
1.3100e+03,1.1972e+00,9.2625e+00,2.2502e+01,2.7363e+00,6.4705e-02
1.3200e+03,1.1873e+00,9.2528e+00,2.2502e+01,2.7459e+00,6.4965e-02
1.3300e+03,1.1775e+00,9.2433e+00,2.2502e+01,2.7555e+00,6.5223e-02
1.3400e+03,1.1678e+00,9.2338e+00,2.2502e+01,2.7650e+00,6.5480e-02
1.3500e+03,1.1582e+00,9.2244e+00,2.2502e+01,2.7743e+00,6.5734e-02
1.3600e+03,1.1486e+00,9.2151e+00,2.2502e+01,2.7836e+00,6.5986e-02
1.3700e+03,1.1392e+00,9.2059e+00,2.2502e+01,2.7928e+00,6.6235e-02
1.3800e+03,1.1298e+00,9.1968e+00,2.2502e+01,2.8020e+00,6.6483e-02
1.3900e+03,1.1205e+00,9.1877e+00,2.2502e+01,2.8110e+00,6.6729e-02
1.4000e+03,1.1113e+00,9.1788e+00,2.2502e+01,2.8199e+00,6.6973e-02
1.4100e+03,1.1022e+00,9.1699e+00,2.2502e+01,2.8288e+00,6.7214e-02
1.4200e+03,1.0932e+00,9.1611e+00,2.2502e+01,2.8376e+00,6.7454e-02
1.4300e+03,1.0842e+00,9.1524e+00,2.2502e+01,2.8463e+00,6.7692e-02
1.4400e+03,1.0753e+00,9.1438e+00,2.2502e+01,2.8550e+00,6.7928e-02
1.4500e+03,1.0666e+00,9.1352e+00,2.2502e+01,2.8635e+00,6.8162e-02
1.4600e+03,1.0578e+00,9.1267e+00,2.2502e+01,2.8720e+00,6.8394e-02
1.4700e+03,1.0492e+00,9.1183e+00,2.2502e+01,2.8804e+00,6.8624e-02
1.4800e+03,1.0407e+00,9.1100e+00,2.2502e+01,2.8887e+00,6.8852e-02
1.4900e+03,1.0322e+00,9.1018e+00,2.2502e+01,2.8970e+00,6.9079e-02
1.5000e+03,1.0238e+00,9.0936e+00,2.2502e+01,2.9051e+00,6.9303e-02
1.5100e+03,1.0155e+00,9.0855e+00,2.2502e+01,2.9132e+00,6.9526e-02
1.5200e+03,1.0072e+00,9.0774e+00,2.2502e+01,2.9213e+00,6.9747e-02
1.5300e+03,9.9905e-01,9.0695e+00,2.2502e+01,2.9292e+00,6.9966e-02
1.5400e+03,9.9095e-01,9.0616e+00,2.2502e+01,2.9371e+00,7.0184e-02
1.5500e+03,9.8292e-01,9.0538e+00,2.2502e+01,2.9449e+00,7.0399e-02
1.5600e+03,9.7497e-01,9.0460e+00,2.2502e+01,2.9526e+00,7.0613e-02
1.5700e+03,9.6708e-01,9.0384e+00,2.2502e+01,2.9603e+00,7.0826e-02
1.5800e+03,9.5926e-01,9.0308e+00,2.2502e+01,2.9679e+00,7.1036e-02
1.5900e+03,9.5152e-01,9.0232e+00,2.2502e+01,2.9755e+00,7.1245e-02
1.6000e+03,9.4384e-01,9.0157e+00,2.2502e+01,2.9829e+00,7.1452e-02
1.6100e+03,9.3623e-01,9.0083e+00,2.2502e+01,2.9903e+00,7.1657e-02
1.6200e+03,9.2869e-01,9.0010e+00,2.2502e+01,2.9977e+00,7.1861e-02
1.6300e+03,9.2121e-01,8.9937e+00,2.2502e+01,3.0049e+00,7.2063e-02
1.6400e+03,9.1380e-01,8.9865e+00,2.2502e+01,3.0122e+00,7.2264e-02
1.6500e+03,9.0645e-01,8.9793e+00,2.2502e+01,3.0193e+00,7.2462e-02
1.6600e+03,8.9917e-01,8.9723e+00,2.2502e+01,3.0264e+00,7.2660e-02
1.6700e+03,8.9196e-01,8.9652e+00,2.2502e+01,3.0334e+00,7.2855e-02
1.6800e+03,8.8480e-01,8.9583e+00,2.2502e+01,3.0404e+00,7.3050e-02
1.6900e+03,8.7771e-01,8.9514e+00,2.2502e+01,3.0473e+00,7.3242e-02
1.7000e+03,8.7068e-01,8.9445e+00,2.2502e+01,3.0541e+00,7.3433e-02
1.7100e+03,8.6372e-01,8.9378e+00,2.2502e+01,3.0609e+00,7.3623e-02
1.7200e+03,8.5681e-01,8.9310e+00,2.2502e+01,3.0676e+00,7.3811e-02
1.7300e+03,8.4996e-01,8.9244e+00,2.2502e+01,3.0743e+00,7.3997e-02
1.7400e+03,8.4318e-01,8.9178e+00,2.2502e+01,3.0809e+00,7.4182e-02
1.7500e+03,8.3645e-01,8.9112e+00,2.2502e+01,3.0874e+00,7.4366e-02
1.7600e+03,8.2978e-01,8.9047e+00,2.2502e+01,3.0939e+00,7.4548e-02
1.7700e+03,8.2317e-01,8.8983e+00,2.2502e+01,3.1003e+00,7.4728e-02
1.7800e+03,8.1661e-01,8.8919e+00,2.2502e+01,3.1067e+00,7.4908e-02
1.7900e+03,8.1011e-01,8.8856e+00,2.2502e+01,3.1130e+00,7.5085e-02
1.8000e+03,8.0367e-01,8.8793e+00,2.2502e+01,3.1193e+00,7.5262e-02
1.8100e+03,7.9728e-01,8.8731e+00,2.2502e+01,3.1255e+00,7.5437e-02
1.8200e+03,7.9095e-01,8.8669e+00,2.2502e+01,3.1317e+00,7.5610e-02
1.8300e+03,7.8468e-01,8.8608e+00,2.2502e+01,3.1378e+00,7.5783e-02
1.8400e+03,7.7845e-01,8.8548e+00,2.2502e+01,3.1438e+00,7.5953e-02
1.8500e+03,7.7228e-01,8.8488e+00,2.2502e+01,3.1498e+00,7.6123e-02
1.8600e+03,7.6616e-01,8.8428e+00,2.2502e+01,3.1558e+00,7.6291e-02
1.8700e+03,7.6010e-01,8.8369e+00,2.2502e+01,3.1617e+00,7.6458e-02
1.8800e+03,7.5409e-01,8.8311e+00,2.2502e+01,3.1675e+00,7.6623e-02
1.8900e+03,7.4812e-01,8.8253e+00,2.2502e+01,3.1733e+00,7.6787e-02
1.9000e+03,7.4221e-01,8.8195e+00,2.2502e+01,3.1791e+00,7.6950e-02
1.9100e+03,7.3635e-01,8.8138e+00,2.2502e+01,3.1848e+00,7.7112e-02
1.9200e+03,7.3054e-01,8.8082e+00,2.2502e+01,3.1904e+00,7.7272e-02
1.9300e+03,7.2478e-01,8.8026e+00,2.2502e+01,3.1960e+00,7.7431e-02
1.9400e+03,7.1907e-01,8.7970e+00,2.2502e+01,3.2016e+00,7.7589e-02
1.9500e+03,7.1340e-01,8.7915e+00,2.2502e+01,3.2071e+00,7.7746e-02
1.9600e+03,7.0779e-01,8.7860e+00,2.2502e+01,3.2125e+00,7.7901e-02
1.9700e+03,7.0222e-01,8.7806e+00,2.2502e+01,3.2179e+00,7.8055e-02
1.9800e+03,6.9670e-01,8.7752e+00,2.2502e+01,3.2233e+00,7.8208e-02
1.9900e+03,6.9122e-01,8.7699e+00,2.2502e+01,3.2286e+00,7.8360e-02
2.0000e+03,6.8579e-01,8.7646e+00,2.2502e+01,3.2339e+00,7.8510e-02
2.0100e+03,6.8041e-01,8.7594e+00,2.2502e+01,3.2392e+00,7.8660e-02
2.0200e+03,6.7507e-01,8.7542e+00,2.2502e+01,3.2443e+00,7.8808e-02
2.0300e+03,6.6978e-01,8.7491e+00,2.2502e+01,3.2495e+00,7.8955e-02
2.0400e+03,6.6453e-01,8.7440e+00,2.2502e+01,3.2546e+00,7.9101e-02
2.0500e+03,6.5933e-01,8.7389e+00,2.2502e+01,3.2597e+00,7.9245e-02
2.0600e+03,6.5417e-01,8.7339e+00,2.2502e+01,3.2647e+00,7.9389e-02
2.0700e+03,6.4905e-01,8.7289e+00,2.2502e+01,3.2696e+00,7.9531e-02
2.0800e+03,6.4397e-01,8.7240e+00,2.2502e+01,3.2746e+00,7.9673e-02
2.0900e+03,6.3894e-01,8.7191e+00,2.2502e+01,3.2795e+00,7.9813e-02
2.1000e+03,6.3395e-01,8.7142e+00,2.2502e+01,3.2843e+00,7.9952e-02
2.1100e+03,6.2900e-01,8.7094e+00,2.2502e+01,3.2891e+00,8.0090e-02
2.1200e+03,6.2409e-01,8.7046e+00,2.2502e+01,3.2939e+00,8.0227e-02
2.1300e+03,6.1923e-01,8.6999e+00,2.2502e+01,3.2986e+00,8.0363e-02
2.1400e+03,6.1440e-01,8.6952e+00,2.2502e+01,3.3033e+00,8.0498e-02
2.1500e+03,6.0961e-01,8.6905e+00,2.2502e+01,3.3080e+00,8.0632e-02
2.1600e+03,6.0487e-01,8.6859e+00,2.2502e+01,3.3126e+00,8.0764e-02
2.1700e+03,6.0016e-01,8.6814e+00,2.2502e+01,3.3172e+00,8.0896e-02
2.1800e+03,5.9549e-01,8.6768e+00,2.2502e+01,3.3217e+00,8.1027e-02
2.1900e+03,5.9086e-01,8.6723e+00,2.2502e+01,3.3262e+00,8.1157e-02
2.2000e+03,5.8627e-01,8.6678e+00,2.2502e+01,3.3307e+00,8.1285e-02
2.2100e+03,5.8172e-01,8.6634e+00,2.2502e+01,3.3351e+00,8.1413e-02
2.2200e+03,5.7720e-01,8.6590e+00,2.2502e+01,3.3395e+00,8.1540e-02
2.2300e+03,5.7272e-01,8.6547e+00,2.2502e+01,3.3438e+00,8.1665e-02
2.2400e+03,5.6828e-01,8.6504e+00,2.2502e+01,3.3482e+00,8.1790e-02
2.2500e+03,5.6387e-01,8.6461e+00,2.2502e+01,3.3524e+00,8.1914e-02
2.2600e+03,5.5951e-01,8.6418e+00,2.2502e+01,3.3567e+00,8.2037e-02
2.2700e+03,5.5517e-01,8.6376e+00,2.2502e+01,3.3609e+00,8.2158e-02
2.2800e+03,5.5087e-01,8.6334e+00,2.2502e+01,3.3651e+00,8.2279e-02
2.2900e+03,5.4661e-01,8.6293e+00,2.2502e+01,3.3692e+00,8.2399e-02
2.3000e+03,5.4238e-01,8.6252e+00,2.2502e+01,3.3733e+00,8.2518e-02
2.3100e+03,5.3819e-01,8.6211e+00,2.2502e+01,3.3774e+00,8.2637e-02
2.3200e+03,5.3403e-01,8.6171e+00,2.2502e+01,3.3814e+00,8.2754e-02
2.3300e+03,5.2991e-01,8.6130e+00,2.2502e+01,3.3854e+00,8.2870e-02
2.3400e+03,5.2582e-01,8.6091e+00,2.2502e+01,3.3894e+00,8.2986e-02
2.3500e+03,5.2176e-01,8.6051e+00,2.2502e+01,3.3934e+00,8.3100e-02
2.3600e+03,5.1773e-01,8.6012e+00,2.2502e+01,3.3973e+00,8.3214e-02
2.3700e+03,5.1374e-01,8.5973e+00,2.2502e+01,3.4012e+00,8.3327e-02
2.3800e+03,5.0978e-01,8.5935e+00,2.2502e+01,3.4050e+00,8.3438e-02
2.3900e+03,5.0586e-01,8.5897e+00,2.2502e+01,3.4088e+00,8.3549e-02
2.4000e+03,5.0196e-01,8.5859e+00,2.2502e+01,3.4126e+00,8.3660e-02
2.4100e+03,4.9810e-01,8.5821e+00,2.2502e+01,3.4164e+00,8.3769e-02
2.4200e+03,4.9426e-01,8.5784e+00,2.2502e+01,3.4201e+00,8.3878e-02
2.4300e+03,4.9046e-01,8.5747e+00,2.2502e+01,3.4238e+00,8.3985e-02
2.4400e+03,4.8669e-01,8.5710e+00,2.2502e+01,3.4274e+00,8.4092e-02
2.4500e+03,4.8295e-01,8.5674e+00,2.2502e+01,3.4311e+00,8.4198e-02
2.4600e+03,4.7924e-01,8.5638e+00,2.2502e+01,3.4347e+00,8.4303e-02
2.4700e+03,4.7556e-01,8.5602e+00,2.2502e+01,3.4383e+00,8.4408e-02
2.4800e+03,4.7191e-01,8.5567e+00,2.2502e+01,3.4418e+00,8.4511e-02
2.4900e+03,4.6829e-01,8.5531e+00,2.2502e+01,3.4453e+00,8.4614e-02
2.5000e+03,4.6470e-01,8.5497e+00,2.2502e+01,3.4488e+00,8.4716e-02
2.5100e+03,4.6114e-01,8.5462e+00,2.2502e+01,3.4523e+00,8.4817e-02
2.5200e+03,4.5760e-01,8.5428e+00,2.2502e+01,3.4557e+00,8.4918e-02
2.5300e+03,4.5410e-01,8.5394e+00,2.2502e+01,3.4591e+00,8.5017e-02
2.5400e+03,4.5062e-01,8.5360e+00,2.2502e+01,3.4625e+00,8.5116e-02
2.5500e+03,4.4717e-01,8.5326e+00,2.2502e+01,3.4658e+00,8.5215e-02
2.5600e+03,4.4375e-01,8.5293e+00,2.2502e+01,3.4692e+00,8.5312e-02
2.5700e+03,4.4035e-01,8.5260e+00,2.2502e+01,3.4725e+00,8.5409e-02
2.5800e+03,4.3699e-01,8.5227e+00,2.2502e+01,3.4757e+00,8.5505e-02
2.5900e+03,4.3365e-01,8.5195e+00,2.2502e+01,3.4790e+00,8.5600e-02
2.6000e+03,4.3033e-01,8.5163e+00,2.2502e+01,3.4822e+00,8.5694e-02
2.6100e+03,4.2705e-01,8.5131e+00,2.2502e+01,3.4854e+00,8.5788e-02
2.6200e+03,4.2379e-01,8.5099e+00,2.2502e+01,3.4886e+00,8.5881e-02
2.6300e+03,4.2055e-01,8.5067e+00,2.2502e+01,3.4917e+00,8.5973e-02
2.6400e+03,4.1734e-01,8.5036e+00,2.2502e+01,3.4948e+00,8.6065e-02
2.6500e+03,4.1416e-01,8.5005e+00,2.2502e+01,3.4979e+00,8.6156e-02
2.6600e+03,4.1100e-01,8.4975e+00,2.2502e+01,3.5010e+00,8.6246e-02
2.6700e+03,4.0787e-01,8.4944e+00,2.2502e+01,3.5040e+00,8.6336e-02
2.6800e+03,4.0476e-01,8.4914e+00,2.2502e+01,3.5070e+00,8.6425e-02
2.6900e+03,4.0168e-01,8.4884e+00,2.2502e+01,3.5100e+00,8.6513e-02
2.7000e+03,3.9862e-01,8.4854e+00,2.2502e+01,3.5130e+00,8.6600e-02
2.7100e+03,3.9559e-01,8.4825e+00,2.2502e+01,3.5160e+00,8.6687e-02
2.7200e+03,3.9258e-01,8.4796e+00,2.2502e+01,3.5189e+00,8.6773e-02
2.7300e+03,3.8959e-01,8.4767e+00,2.2502e+01,3.5218e+00,8.6859e-02
2.7400e+03,3.8663e-01,8.4738e+00,2.2502e+01,3.5247e+00,8.6944e-02
2.7500e+03,3.8369e-01,8.4709e+00,2.2502e+01,3.5275e+00,8.7028e-02
2.7600e+03,3.8077e-01,8.4681e+00,2.2502e+01,3.5303e+00,8.7112e-02
2.7700e+03,3.7788e-01,8.4653e+00,2.2502e+01,3.5331e+00,8.7195e-02
2.7800e+03,3.7501e-01,8.4625e+00,2.2502e+01,3.5359e+00,8.7277e-02
2.7900e+03,3.7216e-01,8.4597e+00,2.2502e+01,3.5387e+00,8.7359e-02
2.8000e+03,3.6934e-01,8.4570e+00,2.2502e+01,3.5414e+00,8.7440e-02
2.8100e+03,3.6653e-01,8.4543e+00,2.2502e+01,3.5442e+00,8.7520e-02
2.8200e+03,3.6375e-01,8.4516e+00,2.2502e+01,3.5469e+00,8.7600e-02
2.8300e+03,3.6100e-01,8.4489e+00,2.2502e+01,3.5495e+00,8.7679e-02
2.8400e+03,3.5826e-01,8.4462e+00,2.2502e+01,3.5522e+00,8.7758e-02
2.8500e+03,3.5554e-01,8.4436e+00,2.2502e+01,3.5548e+00,8.7836e-02
2.8600e+03,3.5285e-01,8.4410e+00,2.2502e+01,3.5575e+00,8.7914e-02
2.8700e+03,3.5018e-01,8.4384e+00,2.2502e+01,3.5601e+00,8.7990e-02
2.8800e+03,3.4753e-01,8.4358e+00,2.2502e+01,3.5626e+00,8.8067e-02
2.8900e+03,3.4490e-01,8.4332e+00,2.2502e+01,3.5652e+00,8.8142e-02
2.9000e+03,3.4229e-01,8.4307e+00,2.2502e+01,3.5677e+00,8.8218e-02
2.9100e+03,3.3970e-01,8.4282e+00,2.2502e+01,3.5702e+00,8.8292e-02
2.9200e+03,3.3713e-01,8.4257e+00,2.2502e+01,3.5727e+00,8.8366e-02
2.9300e+03,3.3458e-01,8.4232e+00,2.2502e+01,3.5752e+00,8.8440e-02
2.9400e+03,3.3205e-01,8.4207e+00,2.2502e+01,3.5777e+00,8.8513e-02
2.9500e+03,3.2954e-01,8.4183e+00,2.2502e+01,3.5801e+00,8.8585e-02
2.9600e+03,3.2705e-01,8.4159e+00,2.2502e+01,3.5825e+00,8.8657e-02
2.9700e+03,3.2458e-01,8.4135e+00,2.2502e+01,3.5849e+00,8.8728e-02
2.9800e+03,3.2213e-01,8.4111e+00,2.2502e+01,3.5873e+00,8.8799e-02
2.9900e+03,3.1970e-01,8.4087e+00,2.2502e+01,3.5897e+00,8.8869e-02
3.0000e+03,3.1729e-01,8.4064e+00,2.2502e+01,3.5920e+00,8.8939e-02
3.0100e+03,3.1489e-01,8.4041e+00,2.2502e+01,3.5943e+00,8.9008e-02
3.0200e+03,3.1252e-01,8.4018e+00,2.2502e+01,3.5966e+00,8.9076e-02
3.0300e+03,3.1016e-01,8.3995e+00,2.2502e+01,3.5989e+00,8.9144e-02
3.0400e+03,3.0782e-01,8.3972e+00,2.2502e+01,3.6012e+00,8.9212e-02
3.0500e+03,3.0550e-01,8.3950e+00,2.2502e+01,3.6034e+00,8.9279e-02
3.0600e+03,3.0320e-01,8.3927e+00,2.2502e+01,3.6057e+00,8.9346e-02
3.0700e+03,3.0092e-01,8.3905e+00,2.2502e+01,3.6079e+00,8.9412e-02
3.0800e+03,2.9865e-01,8.3883e+00,2.2502e+01,3.6101e+00,8.9477e-02
3.0900e+03,2.9640e-01,8.3861e+00,2.2502e+01,3.6123e+00,8.9542e-02
3.1000e+03,2.9417e-01,8.3839e+00,2.2502e+01,3.6144e+00,8.9607e-02
3.1100e+03,2.9196e-01,8.3818e+00,2.2502e+01,3.6166e+00,8.9671e-02
3.1200e+03,2.8976e-01,8.3797e+00,2.2502e+01,3.6187e+00,8.9735e-02
3.1300e+03,2.8758e-01,8.3775e+00,2.2502e+01,3.6208e+00,8.9798e-02
3.1400e+03,2.8542e-01,8.3754e+00,2.2502e+01,3.6229e+00,8.9861e-02
3.1500e+03,2.8327e-01,8.3734e+00,2.2502e+01,3.6250e+00,8.9923e-02
3.1600e+03,2.8114e-01,8.3713e+00,2.2502e+01,3.6271e+00,8.9985e-02
3.1700e+03,2.7903e-01,8.3692e+00,2.2502e+01,3.6291e+00,9.0046e-02
3.1800e+03,2.7693e-01,8.3672e+00,2.2502e+01,3.6312e+00,9.0107e-02
3.1900e+03,2.7485e-01,8.3652e+00,2.2502e+01,3.6332e+00,9.0167e-02
3.2000e+03,2.7279e-01,8.3632e+00,2.2502e+01,3.6352e+00,9.0227e-02
3.2100e+03,2.7074e-01,8.3612e+00,2.2502e+01,3.6372e+00,9.0286e-02
3.2200e+03,2.6871e-01,8.3592e+00,2.2502e+01,3.6392e+00,9.0345e-02
3.2300e+03,2.6669e-01,8.3573e+00,2.2502e+01,3.6411e+00,9.0404e-02
3.2400e+03,2.6469e-01,8.3553e+00,2.2502e+01,3.6431e+00,9.0462e-02
3.2500e+03,2.6271e-01,8.3534e+00,2.2502e+01,3.6450e+00,9.0520e-02
3.2600e+03,2.6074e-01,8.3515e+00,2.2502e+01,3.6469e+00,9.0577e-02
3.2700e+03,2.5878e-01,8.3496e+00,2.2502e+01,3.6488e+00,9.0634e-02
3.2800e+03,2.5684e-01,8.3477e+00,2.2502e+01,3.6507e+00,9.0690e-02
3.2900e+03,2.5492e-01,8.3458e+00,2.2502e+01,3.6526e+00,9.0746e-02
3.3000e+03,2.5301e-01,8.3440e+00,2.2502e+01,3.6544e+00,9.0802e-02
3.3100e+03,2.5111e-01,8.3421e+00,2.2502e+01,3.6563e+00,9.0857e-02
3.3200e+03,2.4923e-01,8.3403e+00,2.2502e+01,3.6581e+00,9.0912e-02
3.3300e+03,2.4736e-01,8.3385e+00,2.2502e+01,3.6599e+00,9.0966e-02
3.3400e+03,2.4551e-01,8.3367e+00,2.2502e+01,3.6617e+00,9.1020e-02
3.3500e+03,2.4367e-01,8.3349e+00,2.2502e+01,3.6635e+00,9.1073e-02
3.3600e+03,2.4185e-01,8.3331e+00,2.2502e+01,3.6652e+00,9.1126e-02
3.3700e+03,2.4004e-01,8.3314e+00,2.2502e+01,3.6670e+00,9.1179e-02
3.3800e+03,2.3825e-01,8.3296e+00,2.2502e+01,3.6687e+00,9.1231e-02
3.3900e+03,2.3646e-01,8.3279e+00,2.2502e+01,3.6705e+00,9.1283e-02
3.4000e+03,2.3470e-01,8.3262e+00,2.2502e+01,3.6722e+00,9.1335e-02
3.4100e+03,2.3294e-01,8.3245e+00,2.2502e+01,3.6739e+00,9.1386e-02
3.4200e+03,2.3120e-01,8.3228e+00,2.2502e+01,3.6756e+00,9.1437e-02
3.4300e+03,2.2947e-01,8.3211e+00,2.2502e+01,3.6773e+00,9.1487e-02
3.4400e+03,2.2776e-01,8.3194e+00,2.2502e+01,3.6789e+00,9.1537e-02
3.4500e+03,2.2606e-01,8.3178e+00,2.2502e+01,3.6806e+00,9.1587e-02
3.4600e+03,2.2437e-01,8.3161e+00,2.2502e+01,3.6822e+00,9.1636e-02
3.4700e+03,2.2269e-01,8.3145e+00,2.2502e+01,3.6838e+00,9.1685e-02
3.4800e+03,2.2103e-01,8.3129e+00,2.2502e+01,3.6855e+00,9.1734e-02
3.4900e+03,2.1938e-01,8.3113e+00,2.2502e+01,3.6871e+00,9.1782e-02
3.5000e+03,2.1774e-01,8.3097e+00,2.2502e+01,3.6887e+00,9.1830e-02
3.5100e+03,2.1612e-01,8.3081e+00,2.2502e+01,3.6902e+00,9.1877e-02
3.5200e+03,2.1451e-01,8.3066e+00,2.2502e+01,3.6918e+00,9.1924e-02
3.5300e+03,2.1291e-01,8.3050e+00,2.2502e+01,3.6933e+00,9.1971e-02
3.5400e+03,2.1132e-01,8.3035e+00,2.2502e+01,3.6949e+00,9.2017e-02
3.5500e+03,2.0974e-01,8.3019e+00,2.2502e+01,3.6964e+00,9.2063e-02
3.5600e+03,2.0818e-01,8.3004e+00,2.2502e+01,3.6979e+00,9.2109e-02
3.5700e+03,2.0663e-01,8.2989e+00,2.2502e+01,3.6994e+00,9.2154e-02
3.5800e+03,2.0509e-01,8.2974e+00,2.2502e+01,3.7009e+00,9.2200e-02
3.5900e+03,2.0356e-01,8.2959e+00,2.2502e+01,3.7024e+00,9.2244e-02
3.6000e+03,2.0204e-01,8.2945e+00,2.2502e+01,3.7039e+00,9.2289e-02
3.6100e+03,2.0054e-01,8.2930e+00,2.2502e+01,3.7054e+00,9.2333e-02
3.6200e+03,1.9904e-01,8.2915e+00,2.2502e+01,3.7068e+00,9.2376e-02
3.6300e+03,1.9756e-01,8.2901e+00,2.2502e+01,3.7082e+00,9.2420e-02
3.6400e+03,1.9609e-01,8.2887e+00,2.2502e+01,3.7097e+00,9.2463e-02
3.6500e+03,1.9463e-01,8.2873e+00,2.2502e+01,3.7111e+00,9.2506e-02
3.6600e+03,1.9318e-01,8.2859e+00,2.2502e+01,3.7125e+00,9.2548e-02
3.6700e+03,1.9174e-01,8.2845e+00,2.2502e+01,3.7139e+00,9.2590e-02
3.6800e+03,1.9032e-01,8.2831e+00,2.2502e+01,3.7153e+00,9.2632e-02
3.6900e+03,1.8890e-01,8.2817e+00,2.2502e+01,3.7166e+00,9.2673e-02
3.7000e+03,1.8750e-01,8.2803e+00,2.2502e+01,3.7180e+00,9.2715e-02
3.7100e+03,1.8610e-01,8.2790e+00,2.2502e+01,3.7194e+00,9.2755e-02
3.7200e+03,1.8472e-01,8.2776e+00,2.2502e+01,3.7207e+00,9.2796e-02
3.7300e+03,1.8334e-01,8.2763e+00,2.2502e+01,3.7220e+00,9.2836e-02
3.7400e+03,1.8198e-01,8.2750e+00,2.2502e+01,3.7234e+00,9.2876e-02
3.7500e+03,1.8063e-01,8.2737e+00,2.2502e+01,3.7247e+00,9.2916e-02
3.7600e+03,1.7929e-01,8.2724e+00,2.2502e+01,3.7260e+00,9.2955e-02
3.7700e+03,1.7795e-01,8.2711e+00,2.2502e+01,3.7273e+00,9.2994e-02
3.7800e+03,1.7663e-01,8.2698e+00,2.2502e+01,3.7286e+00,9.3033e-02
3.7900e+03,1.7532e-01,8.2685e+00,2.2502e+01,3.7298e+00,9.3072e-02
3.8000e+03,1.7402e-01,8.2672e+00,2.2502e+01,3.7311e+00,9.3110e-02
3.8100e+03,1.7273e-01,8.2660e+00,2.2502e+01,3.7323e+00,9.3148e-02
3.8200e+03,1.7144e-01,8.2647e+00,2.2502e+01,3.7336e+00,9.3185e-02
3.8300e+03,1.7017e-01,8.2635e+00,2.2502e+01,3.7348e+00,9.3223e-02
3.8400e+03,1.6891e-01,8.2623e+00,2.2502e+01,3.7361e+00,9.3260e-02
3.8500e+03,1.6765e-01,8.2611e+00,2.2502e+01,3.7373e+00,9.3297e-02
3.8600e+03,1.6641e-01,8.2599e+00,2.2502e+01,3.7385e+00,9.3333e-02
3.8700e+03,1.6518e-01,8.2587e+00,2.2502e+01,3.7397e+00,9.3370e-02
3.8800e+03,1.6395e-01,8.2575e+00,2.2502e+01,3.7409e+00,9.3406e-02
3.8900e+03,1.6273e-01,8.2563e+00,2.2502e+01,3.7420e+00,9.3441e-02
3.9000e+03,1.6153e-01,8.2551e+00,2.2502e+01,3.7432e+00,9.3477e-02
3.9100e+03,1.6033e-01,8.2540e+00,2.2502e+01,3.7444e+00,9.3512e-02
3.9200e+03,1.5914e-01,8.2528e+00,2.2502e+01,3.7455e+00,9.3547e-02
3.9300e+03,1.5796e-01,8.2517e+00,2.2502e+01,3.7467e+00,9.3582e-02
3.9400e+03,1.5679e-01,8.2505e+00,2.2502e+01,3.7478e+00,9.3616e-02
3.9500e+03,1.5563e-01,8.2494e+00,2.2502e+01,3.7489e+00,9.3650e-02
3.9600e+03,1.5447e-01,8.2483e+00,2.2502e+01,3.7501e+00,9.3684e-02
3.9700e+03,1.5333e-01,8.2472e+00,2.2502e+01,3.7512e+00,9.3718e-02
3.9800e+03,1.5219e-01,8.2461e+00,2.2502e+01,3.7523e+00,9.3751e-02
3.9900e+03,1.5107e-01,8.2450e+00,2.2502e+01,3.7534e+00,9.3784e-02
4.0000e+03,1.4995e-01,8.2439e+00,2.2502e+01,3.7545e+00,9.3817e-02
4.0100e+03,1.4884e-01,8.2428e+00,2.2502e+01,3.7555e+00,9.3850e-02
4.0200e+03,1.4773e-01,8.2417e+00,2.2502e+01,3.7566e+00,9.3882e-02
4.0300e+03,1.4664e-01,8.2407e+00,2.2502e+01,3.7577e+00,9.3915e-02
4.0400e+03,1.4555e-01,8.2396e+00,2.2502e+01,3.7587e+00,9.3947e-02
4.0500e+03,1.4448e-01,8.2386e+00,2.2502e+01,3.7598e+00,9.3978e-02
4.0600e+03,1.4341e-01,8.2375e+00,2.2502e+01,3.7608e+00,9.4010e-02
4.0700e+03,1.4235e-01,8.2365e+00,2.2502e+01,3.7618e+00,9.4041e-02
4.0800e+03,1.4129e-01,8.2355e+00,2.2502e+01,3.7629e+00,9.4072e-02
4.0900e+03,1.4025e-01,8.2345e+00,2.2502e+01,3.7639e+00,9.4103e-02
4.1000e+03,1.3921e-01,8.2334e+00,2.2502e+01,3.7649e+00,9.4134e-02
4.1100e+03,1.3818e-01,8.2324e+00,2.2502e+01,3.7659e+00,9.4164e-02
4.1200e+03,1.3716e-01,8.2315e+00,2.2502e+01,3.7669e+00,9.4194e-02
4.1300e+03,1.3614e-01,8.2305e+00,2.2502e+01,3.7679e+00,9.4224e-02
4.1400e+03,1.3514e-01,8.2295e+00,2.2502e+01,3.7688e+00,9.4254e-02
4.1500e+03,1.3414e-01,8.2285e+00,2.2502e+01,3.7698e+00,9.4283e-02
4.1600e+03,1.3315e-01,8.2276e+00,2.2502e+01,3.7708e+00,9.4312e-02
4.1700e+03,1.3216e-01,8.2266e+00,2.2502e+01,3.7717e+00,9.4341e-02
4.1800e+03,1.3119e-01,8.2257e+00,2.2502e+01,3.7727e+00,9.4370e-02
4.1900e+03,1.3022e-01,8.2247e+00,2.2502e+01,3.7736e+00,9.4399e-02
4.2000e+03,1.2925e-01,8.2238e+00,2.2502e+01,3.7745e+00,9.4427e-02
4.2100e+03,1.2830e-01,8.2229e+00,2.2502e+01,3.7755e+00,9.4455e-02
4.2200e+03,1.2735e-01,8.2219e+00,2.2502e+01,3.7764e+00,9.4483e-02
4.2300e+03,1.2641e-01,8.2210e+00,2.2502e+01,3.7773e+00,9.4511e-02
4.2400e+03,1.2548e-01,8.2201e+00,2.2502e+01,3.7782e+00,9.4539e-02
4.2500e+03,1.2455e-01,8.2192e+00,2.2502e+01,3.7791e+00,9.4566e-02
4.2600e+03,1.2363e-01,8.2183e+00,2.2502e+01,3.7800e+00,9.4593e-02
4.2700e+03,1.2272e-01,8.2174e+00,2.2502e+01,3.7809e+00,9.4620e-02
4.2800e+03,1.2181e-01,8.2166e+00,2.2502e+01,3.7818e+00,9.4647e-02
4.2900e+03,1.2091e-01,8.2157e+00,2.2502e+01,3.7826e+00,9.4673e-02
4.3000e+03,1.2002e-01,8.2148e+00,2.2502e+01,3.7835e+00,9.4700e-02
4.3100e+03,1.1913e-01,8.2140e+00,2.2502e+01,3.7844e+00,9.4726e-02
4.3200e+03,1.1825e-01,8.2131e+00,2.2502e+01,3.7852e+00,9.4752e-02
4.3300e+03,1.1738e-01,8.2123e+00,2.2502e+01,3.7861e+00,9.4778e-02
4.3400e+03,1.1652e-01,8.2114e+00,2.2502e+01,3.7869e+00,9.4803e-02
4.3500e+03,1.1566e-01,8.2106e+00,2.2502e+01,3.7877e+00,9.4829e-02
4.3600e+03,1.1480e-01,8.2097e+00,2.2502e+01,3.7886e+00,9.4854e-02
4.3700e+03,1.1396e-01,8.2089e+00,2.2502e+01,3.7894e+00,9.4879e-02
4.3800e+03,1.1311e-01,8.2081e+00,2.2502e+01,3.7902e+00,9.4904e-02
4.3900e+03,1.1228e-01,8.2073e+00,2.2502e+01,3.7910e+00,9.4928e-02
4.4000e+03,1.1145e-01,8.2065e+00,2.2502e+01,3.7918e+00,9.4953e-02
4.4100e+03,1.1063e-01,8.2057e+00,2.2502e+01,3.7926e+00,9.4977e-02
4.4200e+03,1.0981e-01,8.2049e+00,2.2502e+01,3.7934e+00,9.5001e-02
4.4300e+03,1.0901e-01,8.2041e+00,2.2502e+01,3.7942e+00,9.5025e-02
4.4400e+03,1.0820e-01,8.2033e+00,2.2502e+01,3.7950e+00,9.5049e-02
4.4500e+03,1.0740e-01,8.2026e+00,2.2502e+01,3.7957e+00,9.5073e-02
4.4600e+03,1.0661e-01,8.2018e+00,2.2502e+01,3.7965e+00,9.5096e-02
4.4700e+03,1.0583e-01,8.2010e+00,2.2502e+01,3.7973e+00,9.5119e-02
4.4800e+03,1.0505e-01,8.2003e+00,2.2502e+01,3.7980e+00,9.5142e-02
4.4900e+03,1.0427e-01,8.1995e+00,2.2502e+01,3.7988e+00,9.5165e-02
4.5000e+03,1.0350e-01,8.1988e+00,2.2502e+01,3.7995e+00,9.5188e-02
4.5100e+03,1.0274e-01,8.1980e+00,2.2502e+01,3.8003e+00,9.5210e-02
4.5200e+03,1.0198e-01,8.1973e+00,2.2502e+01,3.8010e+00,9.5233e-02
4.5300e+03,1.0123e-01,8.1966e+00,2.2502e+01,3.8017e+00,9.5255e-02
4.5400e+03,1.0049e-01,8.1959e+00,2.2502e+01,3.8025e+00,9.5277e-02
4.5500e+03,9.9748e-02,8.1951e+00,2.2502e+01,3.8032e+00,9.5299e-02
4.5600e+03,9.9013e-02,8.1944e+00,2.2502e+01,3.8039e+00,9.5321e-02
4.5700e+03,9.8284e-02,8.1937e+00,2.2502e+01,3.8046e+00,9.5342e-02
4.5800e+03,9.7560e-02,8.1930e+00,2.2502e+01,3.8053e+00,9.5364e-02
4.5900e+03,9.6842e-02,8.1923e+00,2.2502e+01,3.8060e+00,9.5385e-02
4.6000e+03,9.6129e-02,8.1916e+00,2.2502e+01,3.8067e+00,9.5406e-02
4.6100e+03,9.5421e-02,8.1909e+00,2.2502e+01,3.8074e+00,9.5427e-02
4.6200e+03,9.4719e-02,8.1903e+00,2.2502e+01,3.8081e+00,9.5448e-02
4.6300e+03,9.4022e-02,8.1896e+00,2.2502e+01,3.8087e+00,9.5469e-02
4.6400e+03,9.3330e-02,8.1889e+00,2.2502e+01,3.8094e+00,9.5489e-02
4.6500e+03,9.2643e-02,8.1882e+00,2.2502e+01,3.8101e+00,9.5510e-02
4.6600e+03,9.1961e-02,8.1876e+00,2.2502e+01,3.8107e+00,9.5530e-02
4.6700e+03,9.1285e-02,8.1869e+00,2.2502e+01,3.8114e+00,9.5550e-02
4.6800e+03,9.0613e-02,8.1863e+00,2.2502e+01,3.8120e+00,9.5570e-02
4.6900e+03,8.9947e-02,8.1856e+00,2.2502e+01,3.8127e+00,9.5589e-02
4.7000e+03,8.9285e-02,8.1850e+00,2.2502e+01,3.8133e+00,9.5609e-02
4.7100e+03,8.8628e-02,8.1843e+00,2.2502e+01,3.8140e+00,9.5628e-02
4.7200e+03,8.7976e-02,8.1837e+00,2.2502e+01,3.8146e+00,9.5648e-02
4.7300e+03,8.7329e-02,8.1831e+00,2.2502e+01,3.8152e+00,9.5667e-02
4.7400e+03,8.6687e-02,8.1825e+00,2.2502e+01,3.8159e+00,9.5686e-02
4.7500e+03,8.6049e-02,8.1818e+00,2.2502e+01,3.8165e+00,9.5705e-02
4.7600e+03,8.5417e-02,8.1812e+00,2.2502e+01,3.8171e+00,9.5724e-02
4.7700e+03,8.4789e-02,8.1806e+00,2.2502e+01,3.8177e+00,9.5742e-02
4.7800e+03,8.4165e-02,8.1800e+00,2.2502e+01,3.8183e+00,9.5761e-02
4.7900e+03,8.3547e-02,8.1794e+00,2.2502e+01,3.8189e+00,9.5779e-02
4.8000e+03,8.2932e-02,8.1788e+00,2.2502e+01,3.8195e+00,9.5797e-02
4.8100e+03,8.2323e-02,8.1782e+00,2.2502e+01,3.8201e+00,9.5815e-02
4.8200e+03,8.1718e-02,8.1776e+00,2.2502e+01,3.8207e+00,9.5833e-02
4.8300e+03,8.1117e-02,8.1770e+00,2.2502e+01,3.8213e+00,9.5851e-02
4.8400e+03,8.0521e-02,8.1765e+00,2.2502e+01,3.8218e+00,9.5869e-02
4.8500e+03,7.9929e-02,8.1759e+00,2.2502e+01,3.8224e+00,9.5886e-02
4.8600e+03,7.9342e-02,8.1753e+00,2.2502e+01,3.8230e+00,9.5904e-02
4.8700e+03,7.8759e-02,8.1748e+00,2.2502e+01,3.8235e+00,9.5921e-02
4.8800e+03,7.8180e-02,8.1742e+00,2.2502e+01,3.8241e+00,9.5938e-02
4.8900e+03,7.7606e-02,8.1736e+00,2.2502e+01,3.8247e+00,9.5955e-02
4.9000e+03,7.7036e-02,8.1731e+00,2.2502e+01,3.8252e+00,9.5972e-02
4.9100e+03,7.6470e-02,8.1725e+00,2.2502e+01,3.8258e+00,9.5989e-02
4.9200e+03,7.5908e-02,8.1720e+00,2.2502e+01,3.8263e+00,9.6006e-02
4.9300e+03,7.5351e-02,8.1714e+00,2.2502e+01,3.8268e+00,9.6022e-02
4.9400e+03,7.4797e-02,8.1709e+00,2.2502e+01,3.8274e+00,9.6039e-02
4.9500e+03,7.4248e-02,8.1704e+00,2.2502e+01,3.8279e+00,9.6055e-02
4.9600e+03,7.3703e-02,8.1698e+00,2.2502e+01,3.8284e+00,9.6071e-02
4.9700e+03,7.3162e-02,8.1693e+00,2.2502e+01,3.8290e+00,9.6087e-02
4.9800e+03,7.2625e-02,8.1688e+00,2.2502e+01,3.8295e+00,9.6103e-02
4.9900e+03,7.2091e-02,8.1683e+00,2.2502e+01,3.8300e+00,9.6119e-02
5.0000e+03,7.1562e-02,8.1678e+00,2.2502e+01,3.8305e+00,9.6135e-02
5.0100e+03,7.1037e-02,8.1673e+00,2.2502e+01,3.8310e+00,9.6150e-02
5.0200e+03,7.0515e-02,8.1668e+00,2.2502e+01,3.8315e+00,9.6166e-02
5.0300e+03,6.9998e-02,8.1663e+00,2.2502e+01,3.8320e+00,9.6181e-02
5.0400e+03,6.9484e-02,8.1658e+00,2.2502e+01,3.8325e+00,9.6197e-02
5.0500e+03,6.8974e-02,8.1653e+00,2.2502e+01,3.8330e+00,9.6212e-02
5.0600e+03,6.8468e-02,8.1648e+00,2.2502e+01,3.8335e+00,9.6227e-02
5.0700e+03,6.7965e-02,8.1643e+00,2.2502e+01,3.8340e+00,9.6242e-02
5.0800e+03,6.7467e-02,8.1638e+00,2.2502e+01,3.8345e+00,9.6256e-02
5.0900e+03,6.6971e-02,8.1633e+00,2.2502e+01,3.8350e+00,9.6271e-02
5.1000e+03,6.6480e-02,8.1628e+00,2.2502e+01,3.8355e+00,9.6286e-02
5.1100e+03,6.5992e-02,8.1624e+00,2.2502e+01,3.8359e+00,9.6300e-02
5.1200e+03,6.5508e-02,8.1619e+00,2.2502e+01,3.8364e+00,9.6315e-02
5.1300e+03,6.5028e-02,8.1614e+00,2.2502e+01,3.8369e+00,9.6329e-02
5.1400e+03,6.4551e-02,8.1610e+00,2.2502e+01,3.8373e+00,9.6343e-02
5.1500e+03,6.4077e-02,8.1605e+00,2.2502e+01,3.8378e+00,9.6357e-02
5.1600e+03,6.3607e-02,8.1600e+00,2.2502e+01,3.8382e+00,9.6371e-02
5.1700e+03,6.3141e-02,8.1596e+00,2.2502e+01,3.8387e+00,9.6385e-02
5.1800e+03,6.2677e-02,8.1591e+00,2.2502e+01,3.8391e+00,9.6399e-02
5.1900e+03,6.2218e-02,8.1587e+00,2.2502e+01,3.8396e+00,9.6413e-02
5.2000e+03,6.1762e-02,8.1583e+00,2.2502e+01,3.8400e+00,9.6426e-02
5.2100e+03,6.1309e-02,8.1578e+00,2.2502e+01,3.8405e+00,9.6440e-02
5.2200e+03,6.0859e-02,8.1574e+00,2.2502e+01,3.8409e+00,9.6453e-02
5.2300e+03,6.0413e-02,8.1569e+00,2.2502e+01,3.8413e+00,9.6466e-02
5.2400e+03,5.9970e-02,8.1565e+00,2.2502e+01,3.8418e+00,9.6479e-02
5.2500e+03,5.9530e-02,8.1561e+00,2.2502e+01,3.8422e+00,9.6492e-02
5.2600e+03,5.9094e-02,8.1557e+00,2.2502e+01,3.8426e+00,9.6505e-02
5.2700e+03,5.8661e-02,8.1552e+00,2.2502e+01,3.8430e+00,9.6518e-02
5.2800e+03,5.8231e-02,8.1548e+00,2.2502e+01,3.8435e+00,9.6531e-02
5.2900e+03,5.7804e-02,8.1544e+00,2.2502e+01,3.8439e+00,9.6544e-02
5.3000e+03,5.7380e-02,8.1540e+00,2.2502e+01,3.8443e+00,9.6556e-02
5.3100e+03,5.6960e-02,8.1536e+00,2.2502e+01,3.8447e+00,9.6569e-02
5.3200e+03,5.6542e-02,8.1532e+00,2.2502e+01,3.8451e+00,9.6581e-02
5.3300e+03,5.6128e-02,8.1528e+00,2.2502e+01,3.8455e+00,9.6594e-02
5.3400e+03,5.5716e-02,8.1524e+00,2.2502e+01,3.8459e+00,9.6606e-02
5.3500e+03,5.5308e-02,8.1520e+00,2.2502e+01,3.8463e+00,9.6618e-02
5.3600e+03,5.4903e-02,8.1516e+00,2.2502e+01,3.8467e+00,9.6630e-02
5.3700e+03,5.4500e-02,8.1512e+00,2.2502e+01,3.8471e+00,9.6642e-02
5.3800e+03,5.4101e-02,8.1508e+00,2.2502e+01,3.8475e+00,9.6654e-02
5.3900e+03,5.3705e-02,8.1504e+00,2.2502e+01,3.8479e+00,9.6666e-02
5.4000e+03,5.3311e-02,8.1501e+00,2.2502e+01,3.8482e+00,9.6677e-02
5.4100e+03,5.2921e-02,8.1497e+00,2.2502e+01,3.8486e+00,9.6689e-02
5.4200e+03,5.2533e-02,8.1493e+00,2.2502e+01,3.8490e+00,9.6701e-02
5.4300e+03,5.2148e-02,8.1489e+00,2.2502e+01,3.8494e+00,9.6712e-02
5.4400e+03,5.1766e-02,8.1486e+00,2.2502e+01,3.8497e+00,9.6723e-02
5.4500e+03,5.1387e-02,8.1482e+00,2.2502e+01,3.8501e+00,9.6735e-02
5.4600e+03,5.1011e-02,8.1478e+00,2.2502e+01,3.8505e+00,9.6746e-02
5.4700e+03,5.0637e-02,8.1475e+00,2.2502e+01,3.8508e+00,9.6757e-02
5.4800e+03,5.0266e-02,8.1471e+00,2.2502e+01,3.8512e+00,9.6768e-02
5.4900e+03,4.9898e-02,8.1467e+00,2.2502e+01,3.8515e+00,9.6779e-02
5.5000e+03,4.9533e-02,8.1464e+00,2.2502e+01,3.8519e+00,9.6790e-02
5.5100e+03,4.9170e-02,8.1460e+00,2.2502e+01,3.8523e+00,9.6801e-02
5.5200e+03,4.8810e-02,8.1457e+00,2.2502e+01,3.8526e+00,9.6811e-02
5.5300e+03,4.8453e-02,8.1453e+00,2.2502e+01,3.8529e+00,9.6822e-02
5.5400e+03,4.8098e-02,8.1450e+00,2.2502e+01,3.8533e+00,9.6833e-02
5.5500e+03,4.7746e-02,8.1447e+00,2.2502e+01,3.8536e+00,9.6843e-02
5.5600e+03,4.7396e-02,8.1443e+00,2.2502e+01,3.8540e+00,9.6854e-02
5.5700e+03,4.7049e-02,8.1440e+00,2.2502e+01,3.8543e+00,9.6864e-02
5.5800e+03,4.6705e-02,8.1436e+00,2.2502e+01,3.8546e+00,9.6874e-02
5.5900e+03,4.6363e-02,8.1433e+00,2.2502e+01,3.8550e+00,9.6884e-02
5.6000e+03,4.6023e-02,8.1430e+00,2.2502e+01,3.8553e+00,9.6894e-02
5.6100e+03,4.5686e-02,8.1427e+00,2.2502e+01,3.8556e+00,9.6904e-02
5.6200e+03,4.5352e-02,8.1423e+00,2.2502e+01,3.8560e+00,9.6914e-02
5.6300e+03,4.5020e-02,8.1420e+00,2.2502e+01,3.8563e+00,9.6924e-02
5.6400e+03,4.4691e-02,8.1417e+00,2.2502e+01,3.8566e+00,9.6934e-02
5.6500e+03,4.4364e-02,8.1414e+00,2.2502e+01,3.8569e+00,9.6944e-02
5.6600e+03,4.4039e-02,8.1411e+00,2.2502e+01,3.8572e+00,9.6954e-02
5.6700e+03,4.3717e-02,8.1407e+00,2.2502e+01,3.8575e+00,9.6963e-02
5.6800e+03,4.3397e-02,8.1404e+00,2.2502e+01,3.8579e+00,9.6973e-02
5.6900e+03,4.3079e-02,8.1401e+00,2.2502e+01,3.8582e+00,9.6982e-02
5.7000e+03,4.2764e-02,8.1398e+00,2.2502e+01,3.8585e+00,9.6992e-02
5.7100e+03,4.2451e-02,8.1395e+00,2.2502e+01,3.8588e+00,9.7001e-02
5.7200e+03,4.2140e-02,8.1392e+00,2.2502e+01,3.8591e+00,9.7010e-02
5.7300e+03,4.1832e-02,8.1389e+00,2.2502e+01,3.8594e+00,9.7019e-02
5.7400e+03,4.1526e-02,8.1386e+00,2.2502e+01,3.8597e+00,9.7028e-02
5.7500e+03,4.1222e-02,8.1383e+00,2.2502e+01,3.8600e+00,9.7037e-02
5.7600e+03,4.0920e-02,8.1380e+00,2.2502e+01,3.8603e+00,9.7046e-02
5.7700e+03,4.0621e-02,8.1377e+00,2.2502e+01,3.8605e+00,9.7055e-02
5.7800e+03,4.0324e-02,8.1374e+00,2.2502e+01,3.8608e+00,9.7064e-02
5.7900e+03,4.0029e-02,8.1372e+00,2.2502e+01,3.8611e+00,9.7073e-02
5.8000e+03,3.9736e-02,8.1369e+00,2.2502e+01,3.8614e+00,9.7082e-02
5.8100e+03,3.9446e-02,8.1366e+00,2.2502e+01,3.8617e+00,9.7090e-02
5.8200e+03,3.9157e-02,8.1363e+00,2.2502e+01,3.8620e+00,9.7099e-02
5.8300e+03,3.8871e-02,8.1360e+00,2.2502e+01,3.8622e+00,9.7108e-02
5.8400e+03,3.8586e-02,8.1358e+00,2.2502e+01,3.8625e+00,9.7116e-02
5.8500e+03,3.8304e-02,8.1355e+00,2.2502e+01,3.8628e+00,9.7124e-02
5.8600e+03,3.8024e-02,8.1352e+00,2.2502e+01,3.8631e+00,9.7133e-02
5.8700e+03,3.7746e-02,8.1349e+00,2.2502e+01,3.8633e+00,9.7141e-02
5.8800e+03,3.7470e-02,8.1347e+00,2.2502e+01,3.8636e+00,9.7149e-02
5.8900e+03,3.7196e-02,8.1344e+00,2.2502e+01,3.8639e+00,9.7158e-02
5.9000e+03,3.6924e-02,8.1341e+00,2.2502e+01,3.8641e+00,9.7166e-02
5.9100e+03,3.6654e-02,8.1339e+00,2.2502e+01,3.8644e+00,9.7174e-02
5.9200e+03,3.6386e-02,8.1336e+00,2.2502e+01,3.8647e+00,9.7182e-02
5.9300e+03,3.6120e-02,8.1334e+00,2.2502e+01,3.8649e+00,9.7190e-02
5.9400e+03,3.5856e-02,8.1331e+00,2.2502e+01,3.8652e+00,9.7197e-02
5.9500e+03,3.5593e-02,8.1329e+00,2.2502e+01,3.8654e+00,9.7205e-02
5.9600e+03,3.5333e-02,8.1326e+00,2.2502e+01,3.8657e+00,9.7213e-02
5.9700e+03,3.5075e-02,8.1324e+00,2.2502e+01,3.8659e+00,9.7221e-02
5.9800e+03,3.4818e-02,8.1321e+00,2.2502e+01,3.8662e+00,9.7228e-02
5.9900e+03,3.4564e-02,8.1319e+00,2.2502e+01,3.8664e+00,9.7236e-02
6.0000e+03,3.4311e-02,8.1316e+00,2.2502e+01,3.8667e+00,9.7244e-02
6.0100e+03,3.4060e-02,8.1314e+00,2.2502e+01,3.8669e+00,9.7251e-02
6.0200e+03,3.3811e-02,8.1311e+00,2.2502e+01,3.8672e+00,9.7258e-02
6.0300e+03,3.3564e-02,8.1309e+00,2.2502e+01,3.8674e+00,9.7266e-02
6.0400e+03,3.3319e-02,8.1306e+00,2.2502e+01,3.8676e+00,9.7273e-02
6.0500e+03,3.3075e-02,8.1304e+00,2.2502e+01,3.8679e+00,9.7280e-02
6.0600e+03,3.2834e-02,8.1302e+00,2.2502e+01,3.8681e+00,9.7288e-02
6.0700e+03,3.2594e-02,8.1299e+00,2.2502e+01,3.8683e+00,9.7295e-02
6.0800e+03,3.2355e-02,8.1297e+00,2.2502e+01,3.8686e+00,9.7302e-02
6.0900e+03,3.2119e-02,8.1295e+00,2.2502e+01,3.8688e+00,9.7309e-02
6.1000e+03,3.1884e-02,8.1293e+00,2.2502e+01,3.8690e+00,9.7316e-02
6.1100e+03,3.1651e-02,8.1290e+00,2.2502e+01,3.8692e+00,9.7323e-02
6.1200e+03,3.1420e-02,8.1288e+00,2.2502e+01,3.8695e+00,9.7330e-02
6.1300e+03,3.1190e-02,8.1286e+00,2.2502e+01,3.8697e+00,9.7337e-02
6.1400e+03,3.0962e-02,8.1284e+00,2.2502e+01,3.8699e+00,9.7343e-02
6.1500e+03,3.0736e-02,8.1281e+00,2.2502e+01,3.8701e+00,9.7350e-02
6.1600e+03,3.0511e-02,8.1279e+00,2.2502e+01,3.8704e+00,9.7357e-02
6.1700e+03,3.0289e-02,8.1277e+00,2.2502e+01,3.8706e+00,9.7364e-02
6.1800e+03,3.0067e-02,8.1275e+00,2.2502e+01,3.8708e+00,9.7370e-02
6.1900e+03,2.9848e-02,8.1273e+00,2.2502e+01,3.8710e+00,9.7377e-02
6.2000e+03,2.9629e-02,8.1271e+00,2.2502e+01,3.8712e+00,9.7383e-02
6.2100e+03,2.9413e-02,8.1269e+00,2.2502e+01,3.8714e+00,9.7390e-02
6.2200e+03,2.9198e-02,8.1267e+00,2.2502e+01,3.8716e+00,9.7396e-02
6.2300e+03,2.8985e-02,8.1264e+00,2.2502e+01,3.8718e+00,9.7402e-02
6.2400e+03,2.8773e-02,8.1262e+00,2.2502e+01,3.8720e+00,9.7409e-02
6.2500e+03,2.8563e-02,8.1260e+00,2.2502e+01,3.8722e+00,9.7415e-02
6.2600e+03,2.8354e-02,8.1258e+00,2.2502e+01,3.8724e+00,9.7421e-02
6.2700e+03,2.8147e-02,8.1256e+00,2.2502e+01,3.8726e+00,9.7427e-02
6.2800e+03,2.7941e-02,8.1254e+00,2.2502e+01,3.8728e+00,9.7434e-02
6.2900e+03,2.7737e-02,8.1252e+00,2.2502e+01,3.8730e+00,9.7440e-02
6.3000e+03,2.7535e-02,8.1250e+00,2.2502e+01,3.8732e+00,9.7446e-02
6.3100e+03,2.7334e-02,8.1248e+00,2.2502e+01,3.8734e+00,9.7452e-02
6.3200e+03,2.7134e-02,8.1246e+00,2.2502e+01,3.8736e+00,9.7458e-02
6.3300e+03,2.6936e-02,8.1245e+00,2.2502e+01,3.8738e+00,9.7464e-02
6.3400e+03,2.6739e-02,8.1243e+00,2.2502e+01,3.8740e+00,9.7469e-02
6.3500e+03,2.6544e-02,8.1241e+00,2.2502e+01,3.8742e+00,9.7475e-02
6.3600e+03,2.6350e-02,8.1239e+00,2.2502e+01,3.8744e+00,9.7481e-02
6.3700e+03,2.6157e-02,8.1237e+00,2.2502e+01,3.8746e+00,9.7487e-02
6.3800e+03,2.5966e-02,8.1235e+00,2.2502e+01,3.8748e+00,9.7493e-02
6.3900e+03,2.5777e-02,8.1233e+00,2.2502e+01,3.8749e+00,9.7498e-02
6.4000e+03,2.5588e-02,8.1231e+00,2.2502e+01,3.8751e+00,9.7504e-02
6.4100e+03,2.5401e-02,8.1230e+00,2.2502e+01,3.8753e+00,9.7509e-02
6.4200e+03,2.5216e-02,8.1228e+00,2.2502e+01,3.8755e+00,9.7515e-02
6.4300e+03,2.5032e-02,8.1226e+00,2.2502e+01,3.8757e+00,9.7520e-02
6.4400e+03,2.4849e-02,8.1224e+00,2.2502e+01,3.8758e+00,9.7526e-02
6.4500e+03,2.4668e-02,8.1223e+00,2.2502e+01,3.8760e+00,9.7531e-02
6.4600e+03,2.4487e-02,8.1221e+00,2.2502e+01,3.8762e+00,9.7537e-02
6.4700e+03,2.4309e-02,8.1219e+00,2.2502e+01,3.8764e+00,9.7542e-02
6.4800e+03,2.4131e-02,8.1217e+00,2.2502e+01,3.8765e+00,9.7547e-02
6.4900e+03,2.3955e-02,8.1216e+00,2.2502e+01,3.8767e+00,9.7553e-02
6.5000e+03,2.3780e-02,8.1214e+00,2.2502e+01,3.8769e+00,9.7558e-02
6.5100e+03,2.3606e-02,8.1212e+00,2.2502e+01,3.8771e+00,9.7563e-02
6.5200e+03,2.3434e-02,8.1211e+00,2.2502e+01,3.8772e+00,9.7568e-02
6.5300e+03,2.3263e-02,8.1209e+00,2.2502e+01,3.8774e+00,9.7573e-02
6.5400e+03,2.3093e-02,8.1207e+00,2.2502e+01,3.8776e+00,9.7578e-02
6.5500e+03,2.2924e-02,8.1206e+00,2.2502e+01,3.8777e+00,9.7583e-02
6.5600e+03,2.2757e-02,8.1204e+00,2.2502e+01,3.8779e+00,9.7588e-02
6.5700e+03,2.2591e-02,8.1202e+00,2.2502e+01,3.8780e+00,9.7593e-02
6.5800e+03,2.2426e-02,8.1201e+00,2.2502e+01,3.8782e+00,9.7598e-02
6.5900e+03,2.2262e-02,8.1199e+00,2.2502e+01,3.8784e+00,9.7603e-02
6.6000e+03,2.2100e-02,8.1198e+00,2.2502e+01,3.8785e+00,9.7608e-02
6.6100e+03,2.1938e-02,8.1196e+00,2.2502e+01,3.8787e+00,9.7613e-02
6.6200e+03,2.1778e-02,8.1194e+00,2.2502e+01,3.8788e+00,9.7618e-02
6.6300e+03,2.1619e-02,8.1193e+00,2.2502e+01,3.8790e+00,9.7622e-02
6.6400e+03,2.1462e-02,8.1191e+00,2.2502e+01,3.8791e+00,9.7627e-02
6.6500e+03,2.1305e-02,8.1190e+00,2.2502e+01,3.8793e+00,9.7632e-02
6.6600e+03,2.1149e-02,8.1188e+00,2.2502e+01,3.8794e+00,9.7636e-02
6.6700e+03,2.0995e-02,8.1187e+00,2.2502e+01,3.8796e+00,9.7641e-02
6.6800e+03,2.0842e-02,8.1185e+00,2.2502e+01,3.8797e+00,9.7646e-02
6.6900e+03,2.0690e-02,8.1184e+00,2.2502e+01,3.8799e+00,9.7650e-02
6.7000e+03,2.0539e-02,8.1182e+00,2.2502e+01,3.8800e+00,9.7655e-02
6.7100e+03,2.0389e-02,8.1181e+00,2.2502e+01,3.8802e+00,9.7659e-02
6.7200e+03,2.0240e-02,8.1180e+00,2.2502e+01,3.8803e+00,9.7664e-02
6.7300e+03,2.0092e-02,8.1178e+00,2.2502e+01,3.8805e+00,9.7668e-02
6.7400e+03,1.9945e-02,8.1177e+00,2.2502e+01,3.8806e+00,9.7672e-02
6.7500e+03,1.9800e-02,8.1175e+00,2.2502e+01,3.8807e+00,9.7677e-02
6.7600e+03,1.9655e-02,8.1174e+00,2.2502e+01,3.8809e+00,9.7681e-02
6.7700e+03,1.9512e-02,8.1172e+00,2.2502e+01,3.8810e+00,9.7685e-02
6.7800e+03,1.9370e-02,8.1171e+00,2.2502e+01,3.8812e+00,9.7690e-02
6.7900e+03,1.9228e-02,8.1170e+00,2.2502e+01,3.8813e+00,9.7694e-02
6.8000e+03,1.9088e-02,8.1168e+00,2.2502e+01,3.8814e+00,9.7698e-02
6.8100e+03,1.8949e-02,8.1167e+00,2.2502e+01,3.8816e+00,9.7702e-02
6.8200e+03,1.8810e-02,8.1166e+00,2.2502e+01,3.8817e+00,9.7706e-02
6.8300e+03,1.8673e-02,8.1164e+00,2.2502e+01,3.8818e+00,9.7710e-02
6.8400e+03,1.8537e-02,8.1163e+00,2.2502e+01,3.8820e+00,9.7714e-02
6.8500e+03,1.8402e-02,8.1162e+00,2.2502e+01,3.8821e+00,9.7719e-02
6.8600e+03,1.8267e-02,8.1160e+00,2.2502e+01,3.8822e+00,9.7723e-02
6.8700e+03,1.8134e-02,8.1159e+00,2.2502e+01,3.8824e+00,9.7727e-02
6.8800e+03,1.8002e-02,8.1158e+00,2.2502e+01,3.8825e+00,9.7730e-02
6.8900e+03,1.7870e-02,8.1157e+00,2.2502e+01,3.8826e+00,9.7734e-02
6.9000e+03,1.7740e-02,8.1155e+00,2.2502e+01,3.8827e+00,9.7738e-02
6.9100e+03,1.7610e-02,8.1154e+00,2.2502e+01,3.8829e+00,9.7742e-02
6.9200e+03,1.7482e-02,8.1153e+00,2.2502e+01,3.8830e+00,9.7746e-02
6.9300e+03,1.7354e-02,8.1152e+00,2.2502e+01,3.8831e+00,9.7750e-02
6.9400e+03,1.7228e-02,8.1150e+00,2.2502e+01,3.8832e+00,9.7754e-02
6.9500e+03,1.7102e-02,8.1149e+00,2.2502e+01,3.8834e+00,9.7757e-02
6.9600e+03,1.6977e-02,8.1148e+00,2.2502e+01,3.8835e+00,9.7761e-02
6.9700e+03,1.6853e-02,8.1147e+00,2.2502e+01,3.8836e+00,9.7765e-02
6.9800e+03,1.6730e-02,8.1145e+00,2.2502e+01,3.8837e+00,9.7768e-02
6.9900e+03,1.6608e-02,8.1144e+00,2.2502e+01,3.8838e+00,9.7772e-02
7.0000e+03,1.6487e-02,8.1143e+00,2.2502e+01,3.8840e+00,9.7776e-02
7.0100e+03,1.6367e-02,8.1142e+00,2.2502e+01,3.8841e+00,9.7779e-02
7.0200e+03,1.6248e-02,8.1141e+00,2.2502e+01,3.8842e+00,9.7783e-02
7.0300e+03,1.6129e-02,8.1140e+00,2.2502e+01,3.8843e+00,9.7786e-02
7.0400e+03,1.6011e-02,8.1139e+00,2.2502e+01,3.8844e+00,9.7790e-02
7.0500e+03,1.5895e-02,8.1137e+00,2.2502e+01,3.8845e+00,9.7793e-02
7.0600e+03,1.5779e-02,8.1136e+00,2.2502e+01,3.8846e+00,9.7797e-02
7.0700e+03,1.5664e-02,8.1135e+00,2.2502e+01,3.8848e+00,9.7800e-02
7.0800e+03,1.5549e-02,8.1134e+00,2.2502e+01,3.8849e+00,9.7804e-02
7.0900e+03,1.5436e-02,8.1133e+00,2.2502e+01,3.8850e+00,9.7807e-02
7.1000e+03,1.5323e-02,8.1132e+00,2.2502e+01,3.8851e+00,9.7811e-02
7.1100e+03,1.5211e-02,8.1131e+00,2.2502e+01,3.8852e+00,9.7814e-02
7.1200e+03,1.5100e-02,8.1130e+00,2.2502e+01,3.8853e+00,9.7817e-02
7.1300e+03,1.4990e-02,8.1129e+00,2.2502e+01,3.8854e+00,9.7820e-02
7.1400e+03,1.4881e-02,8.1128e+00,2.2502e+01,3.8855e+00,9.7824e-02
7.1500e+03,1.4772e-02,8.1126e+00,2.2502e+01,3.8856e+00,9.7827e-02
7.1600e+03,1.4665e-02,8.1125e+00,2.2502e+01,3.8857e+00,9.7830e-02
7.1700e+03,1.4558e-02,8.1124e+00,2.2502e+01,3.8858e+00,9.7833e-02
7.1800e+03,1.4452e-02,8.1123e+00,2.2502e+01,3.8859e+00,9.7837e-02
7.1900e+03,1.4346e-02,8.1122e+00,2.2502e+01,3.8860e+00,9.7840e-02
7.2000e+03,1.4241e-02,8.1121e+00,2.2502e+01,3.8861e+00,9.7843e-02
7.2100e+03,1.4138e-02,8.1120e+00,2.2502e+01,3.8862e+00,9.7846e-02
7.2200e+03,1.4035e-02,8.1119e+00,2.2502e+01,3.8863e+00,9.7849e-02
7.2300e+03,1.3932e-02,8.1118e+00,2.2502e+01,3.8864e+00,9.7852e-02
7.2400e+03,1.3831e-02,8.1117e+00,2.2502e+01,3.8865e+00,9.7855e-02
7.2500e+03,1.3730e-02,8.1116e+00,2.2502e+01,3.8866e+00,9.7858e-02
7.2600e+03,1.3630e-02,8.1115e+00,2.2502e+01,3.8867e+00,9.7861e-02
7.2700e+03,1.3530e-02,8.1114e+00,2.2502e+01,3.8868e+00,9.7864e-02
7.2800e+03,1.3431e-02,8.1113e+00,2.2502e+01,3.8869e+00,9.7867e-02
7.2900e+03,1.3334e-02,8.1113e+00,2.2502e+01,3.8870e+00,9.7870e-02
7.3000e+03,1.3236e-02,8.1112e+00,2.2502e+01,3.8871e+00,9.7873e-02
7.3100e+03,1.3140e-02,8.1111e+00,2.2502e+01,3.8872e+00,9.7876e-02
7.3200e+03,1.3044e-02,8.1110e+00,2.2502e+01,3.8873e+00,9.7879e-02
7.3300e+03,1.2949e-02,8.1109e+00,2.2502e+01,3.8874e+00,9.7882e-02
7.3400e+03,1.2854e-02,8.1108e+00,2.2502e+01,3.8875e+00,9.7884e-02
7.3500e+03,1.2761e-02,8.1107e+00,2.2502e+01,3.8876e+00,9.7887e-02
7.3600e+03,1.2668e-02,8.1106e+00,2.2502e+01,3.8877e+00,9.7890e-02
7.3700e+03,1.2575e-02,8.1105e+00,2.2502e+01,3.8878e+00,9.7893e-02
7.3800e+03,1.2483e-02,8.1104e+00,2.2502e+01,3.8878e+00,9.7895e-02
7.3900e+03,1.2392e-02,8.1103e+00,2.2502e+01,3.8879e+00,9.7898e-02
7.4000e+03,1.2302e-02,8.1103e+00,2.2502e+01,3.8880e+00,9.7901e-02
7.4100e+03,1.2212e-02,8.1102e+00,2.2502e+01,3.8881e+00,9.7904e-02
7.4200e+03,1.2123e-02,8.1101e+00,2.2502e+01,3.8882e+00,9.7906e-02
7.4300e+03,1.2035e-02,8.1100e+00,2.2502e+01,3.8883e+00,9.7909e-02
7.4400e+03,1.1947e-02,8.1099e+00,2.2502e+01,3.8884e+00,9.7911e-02
7.4500e+03,1.1860e-02,8.1098e+00,2.2502e+01,3.8884e+00,9.7914e-02
7.4600e+03,1.1774e-02,8.1097e+00,2.2502e+01,3.8885e+00,9.7917e-02
7.4700e+03,1.1688e-02,8.1097e+00,2.2502e+01,3.8886e+00,9.7919e-02
7.4800e+03,1.1602e-02,8.1096e+00,2.2502e+01,3.8887e+00,9.7922e-02
7.4900e+03,1.1518e-02,8.1095e+00,2.2502e+01,3.8888e+00,9.7924e-02
7.5000e+03,1.1434e-02,8.1094e+00,2.2502e+01,3.8889e+00,9.7927e-02
7.5100e+03,1.1351e-02,8.1093e+00,2.2502e+01,3.8889e+00,9.7929e-02
7.5200e+03,1.1268e-02,8.1092e+00,2.2502e+01,3.8890e+00,9.7932e-02
7.5300e+03,1.1186e-02,8.1092e+00,2.2502e+01,3.8891e+00,9.7934e-02
7.5400e+03,1.1104e-02,8.1091e+00,2.2502e+01,3.8892e+00,9.7937e-02
7.5500e+03,1.1023e-02,8.1090e+00,2.2502e+01,3.8893e+00,9.7939e-02
7.5600e+03,1.0943e-02,8.1089e+00,2.2502e+01,3.8893e+00,9.7941e-02
7.5700e+03,1.0863e-02,8.1089e+00,2.2502e+01,3.8894e+00,9.7944e-02
7.5800e+03,1.0784e-02,8.1088e+00,2.2502e+01,3.8895e+00,9.7946e-02
7.5900e+03,1.0705e-02,8.1087e+00,2.2502e+01,3.8896e+00,9.7949e-02
7.6000e+03,1.0627e-02,8.1086e+00,2.2502e+01,3.8896e+00,9.7951e-02
7.6100e+03,1.0550e-02,8.1086e+00,2.2502e+01,3.8897e+00,9.7953e-02
7.6200e+03,1.0473e-02,8.1085e+00,2.2502e+01,3.8898e+00,9.7956e-02
7.6300e+03,1.0396e-02,8.1084e+00,2.2502e+01,3.8899e+00,9.7958e-02
7.6400e+03,1.0321e-02,8.1083e+00,2.2502e+01,3.8899e+00,9.7960e-02
7.6500e+03,1.0245e-02,8.1083e+00,2.2502e+01,3.8900e+00,9.7962e-02
7.6600e+03,1.0171e-02,8.1082e+00,2.2502e+01,3.8901e+00,9.7965e-02
7.6700e+03,1.0096e-02,8.1081e+00,2.2502e+01,3.8902e+00,9.7967e-02
7.6800e+03,1.0023e-02,8.1080e+00,2.2502e+01,3.8902e+00,9.7969e-02
7.6900e+03,9.9498e-03,8.1080e+00,2.2502e+01,3.8903e+00,9.7971e-02
7.7000e+03,9.8773e-03,8.1079e+00,2.2502e+01,3.8904e+00,9.7973e-02
7.7100e+03,9.8053e-03,8.1078e+00,2.2502e+01,3.8904e+00,9.7976e-02
7.7200e+03,9.7338e-03,8.1078e+00,2.2502e+01,3.8905e+00,9.7978e-02
7.7300e+03,9.6628e-03,8.1077e+00,2.2502e+01,3.8906e+00,9.7980e-02
7.7400e+03,9.5924e-03,8.1076e+00,2.2502e+01,3.8906e+00,9.7982e-02
7.7500e+03,9.5225e-03,8.1076e+00,2.2502e+01,3.8907e+00,9.7984e-02
7.7600e+03,9.4530e-03,8.1075e+00,2.2502e+01,3.8908e+00,9.7986e-02
7.7700e+03,9.3841e-03,8.1074e+00,2.2502e+01,3.8909e+00,9.7988e-02
7.7800e+03,9.3157e-03,8.1074e+00,2.2502e+01,3.8909e+00,9.7990e-02
7.7900e+03,9.2478e-03,8.1073e+00,2.2502e+01,3.8910e+00,9.7992e-02
7.8000e+03,9.1804e-03,8.1072e+00,2.2502e+01,3.8910e+00,9.7994e-02
7.8100e+03,9.1135e-03,8.1072e+00,2.2502e+01,3.8911e+00,9.7996e-02
7.8200e+03,9.0471e-03,8.1071e+00,2.2502e+01,3.8912e+00,9.7998e-02
7.8300e+03,8.9811e-03,8.1070e+00,2.2502e+01,3.8912e+00,9.8000e-02
7.8400e+03,8.9156e-03,8.1070e+00,2.2502e+01,3.8913e+00,9.8002e-02
7.8500e+03,8.8506e-03,8.1069e+00,2.2502e+01,3.8914e+00,9.8004e-02
7.8600e+03,8.7861e-03,8.1068e+00,2.2502e+01,3.8914e+00,9.8006e-02
7.8700e+03,8.7221e-03,8.1068e+00,2.2502e+01,3.8915e+00,9.8008e-02
7.8800e+03,8.6585e-03,8.1067e+00,2.2502e+01,3.8916e+00,9.8010e-02
7.8900e+03,8.5954e-03,8.1067e+00,2.2502e+01,3.8916e+00,9.8012e-02
7.9000e+03,8.5328e-03,8.1066e+00,2.2502e+01,3.8917e+00,9.8014e-02
7.9100e+03,8.4706e-03,8.1065e+00,2.2502e+01,3.8917e+00,9.8015e-02
7.9200e+03,8.4088e-03,8.1065e+00,2.2502e+01,3.8918e+00,9.8017e-02
7.9300e+03,8.3475e-03,8.1064e+00,2.2502e+01,3.8919e+00,9.8019e-02
7.9400e+03,8.2867e-03,8.1064e+00,2.2502e+01,3.8919e+00,9.8021e-02
7.9500e+03,8.2263e-03,8.1063e+00,2.2502e+01,3.8920e+00,9.8023e-02
7.9600e+03,8.1663e-03,8.1062e+00,2.2502e+01,3.8920e+00,9.8025e-02
7.9700e+03,8.1068e-03,8.1062e+00,2.2502e+01,3.8921e+00,9.8026e-02
7.9800e+03,8.0477e-03,8.1061e+00,2.2502e+01,3.8921e+00,9.8028e-02
7.9900e+03,7.9891e-03,8.1061e+00,2.2502e+01,3.8922e+00,9.8030e-02
8.0000e+03,7.9308e-03,8.1060e+00,2.2502e+01,3.8923e+00,9.8032e-02
8.0100e+03,7.8730e-03,8.1060e+00,2.2502e+01,3.8923e+00,9.8033e-02
8.0200e+03,7.8156e-03,8.1059e+00,2.2502e+01,3.8924e+00,9.8035e-02
8.0300e+03,7.7587e-03,8.1058e+00,2.2502e+01,3.8924e+00,9.8037e-02
8.0400e+03,7.7021e-03,8.1058e+00,2.2502e+01,3.8925e+00,9.8038e-02
8.0500e+03,7.6460e-03,8.1057e+00,2.2502e+01,3.8925e+00,9.8040e-02
8.0600e+03,7.5903e-03,8.1057e+00,2.2502e+01,3.8926e+00,9.8042e-02
8.0700e+03,7.5350e-03,8.1056e+00,2.2502e+01,3.8926e+00,9.8043e-02
8.0800e+03,7.4800e-03,8.1056e+00,2.2502e+01,3.8927e+00,9.8045e-02
8.0900e+03,7.4255e-03,8.1055e+00,2.2502e+01,3.8928e+00,9.8047e-02
8.1000e+03,7.3714e-03,8.1055e+00,2.2502e+01,3.8928e+00,9.8048e-02
8.1100e+03,7.3177e-03,8.1054e+00,2.2502e+01,3.8929e+00,9.8050e-02
8.1200e+03,7.2644e-03,8.1054e+00,2.2502e+01,3.8929e+00,9.8052e-02
8.1300e+03,7.2114e-03,8.1053e+00,2.2502e+01,3.8930e+00,9.8053e-02
8.1400e+03,7.1589e-03,8.1053e+00,2.2502e+01,3.8930e+00,9.8055e-02
8.1500e+03,7.1067e-03,8.1052e+00,2.2502e+01,3.8931e+00,9.8056e-02
8.1600e+03,7.0549e-03,8.1052e+00,2.2502e+01,3.8931e+00,9.8058e-02
