t,[L2M],[D],[L],[L2MD],[L2Ms]
0.0000e+00,4.0000e+00,4.0000e+00,2.5000e+00,0.0000e+00,0.0000e+00
1.0000e+01,3.8639e+00,3.8855e+00,2.5158e+00,1.1313e-01,7.1731e-03
2.0000e+01,3.7483e+00,3.7767e+00,2.5158e+00,2.2161e-01,1.4251e-02
3.0000e+01,3.6389e+00,3.6738e+00,2.5158e+00,3.2413e-01,2.1130e-02
4.0000e+01,3.5352e+00,3.5764e+00,2.5158e+00,4.2117e-01,2.7820e-02
5.0000e+01,3.4367e+00,3.4841e+00,2.5158e+00,5.1313e-01,3.4332e-02
6.0000e+01,3.3431e+00,3.3965e+00,2.5158e+00,6.0040e-01,4.0672e-02
7.0000e+01,3.2540e+00,3.3133e+00,2.5158e+00,6.8331e-01,4.6850e-02
8.0000e+01,3.1691e+00,3.2342e+00,2.5158e+00,7.6218e-01,5.2872e-02
9.0000e+01,3.0881e+00,3.1588e+00,2.5158e+00,8.3729e-01,5.8745e-02
1.0000e+02,3.0108e+00,3.0869e+00,2.5158e+00,9.0889e-01,6.4476e-02
1.1000e+02,2.9369e+00,3.0184e+00,2.5158e+00,9.7721e-01,7.0071e-02
1.2000e+02,2.8662e+00,2.9529e+00,2.5158e+00,1.0425e+00,7.5535e-02
1.3000e+02,2.7984e+00,2.8902e+00,2.5158e+00,1.1049e+00,8.0874e-02
1.4000e+02,2.7335e+00,2.8303e+00,2.5158e+00,1.1646e+00,8.6093e-02
1.5000e+02,2.6712e+00,2.7729e+00,2.5158e+00,1.2218e+00,9.1196e-02
1.6000e+02,2.6114e+00,2.7179e+00,2.5158e+00,1.2766e+00,9.6188e-02
1.7000e+02,2.5539e+00,2.6651e+00,2.5158e+00,1.3292e+00,1.0107e-01
1.8000e+02,2.4986e+00,2.6144e+00,2.5158e+00,1.3797e+00,1.0586e-01
1.9000e+02,2.4454e+00,2.5657e+00,2.5158e+00,1.4283e+00,1.1054e-01
2.0000e+02,2.3941e+00,2.5189e+00,2.5158e+00,1.4749e+00,1.1513e-01
2.1000e+02,2.3447e+00,2.4738e+00,2.5158e+00,1.5198e+00,1.1962e-01
2.2000e+02,2.2971e+00,2.4304e+00,2.5158e+00,1.5630e+00,1.2403e-01
2.3000e+02,2.2511e+00,2.3886e+00,2.5158e+00,1.6047e+00,1.2835e-01
2.4000e+02,2.2068e+00,2.3483e+00,2.5158e+00,1.6448e+00,1.3259e-01
2.5000e+02,2.1639e+00,2.3095e+00,2.5158e+00,1.6835e+00,1.3674e-01
2.6000e+02,2.1224e+00,2.2719e+00,2.5158e+00,1.7209e+00,1.4082e-01
2.7000e+02,2.0823e+00,2.2357e+00,2.5158e+00,1.7570e+00,1.4482e-01
2.8000e+02,2.0435e+00,2.2007e+00,2.5158e+00,1.7919e+00,1.4875e-01
2.9000e+02,2.0059e+00,2.1669e+00,2.5158e+00,1.8256e+00,1.5261e-01
3.0000e+02,1.9695e+00,2.1341e+00,2.5158e+00,1.8582e+00,1.5641e-01
3.1000e+02,1.9342e+00,2.1025e+00,2.5158e+00,1.8898e+00,1.6013e-01
3.2000e+02,1.9000e+00,2.0718e+00,2.5158e+00,1.9203e+00,1.6379e-01
3.3000e+02,1.8668e+00,2.0421e+00,2.5158e+00,1.9499e+00,1.6739e-01
3.4000e+02,1.8346e+00,2.0133e+00,2.5158e+00,1.9786e+00,1.7092e-01
3.5000e+02,1.8033e+00,1.9854e+00,2.5158e+00,2.0064e+00,1.7440e-01
3.6000e+02,1.7729e+00,1.9583e+00,2.5158e+00,2.0334e+00,1.7782e-01
3.7000e+02,1.7434e+00,1.9320e+00,2.5158e+00,2.0596e+00,1.8118e-01
3.8000e+02,1.7147e+00,1.9065e+00,2.5158e+00,2.0850e+00,1.8449e-01
3.9000e+02,1.6867e+00,1.8817e+00,2.5158e+00,2.1097e+00,1.8775e-01
4.0000e+02,1.6596e+00,1.8577e+00,2.5158e+00,2.1336e+00,1.9095e-01
4.1000e+02,1.6331e+00,1.8343e+00,2.5158e+00,2.1569e+00,1.9411e-01
4.2000e+02,1.6074e+00,1.8116e+00,2.5158e+00,2.1796e+00,1.9721e-01
4.3000e+02,1.5823e+00,1.7895e+00,2.5158e+00,2.2016e+00,2.0027e-01
4.4000e+02,1.5578e+00,1.7680e+00,2.5158e+00,2.2230e+00,2.0328e-01
4.5000e+02,1.5340e+00,1.7470e+00,2.5158e+00,2.2439e+00,2.0625e-01
4.6000e+02,1.5108e+00,1.7266e+00,2.5158e+00,2.2642e+00,2.0917e-01
4.7000e+02,1.4881e+00,1.7068e+00,2.5158e+00,2.2840e+00,2.1205e-01
4.8000e+02,1.4660e+00,1.6875e+00,2.5158e+00,2.3032e+00,2.1489e-01
4.9000e+02,1.4445e+00,1.6686e+00,2.5158e+00,2.3220e+00,2.1768e-01
5.0000e+02,1.4234e+00,1.6503e+00,2.5158e+00,2.3403e+00,2.2044e-01
5.1000e+02,1.4029e+00,1.6324e+00,2.5158e+00,2.3581e+00,2.2316e-01
5.2000e+02,1.3828e+00,1.6149e+00,2.5158e+00,2.3755e+00,2.2583e-01
5.3000e+02,1.3632e+00,1.5979e+00,2.5158e+00,2.3925e+00,2.2847e-01
5.4000e+02,1.3440e+00,1.5813e+00,2.5158e+00,2.4090e+00,2.3108e-01
5.5000e+02,1.3253e+00,1.5650e+00,2.5158e+00,2.4252e+00,2.3365e-01
5.6000e+02,1.3070e+00,1.5492e+00,2.5158e+00,2.4410e+00,2.3618e-01
5.7000e+02,1.2891e+00,1.5337e+00,2.5158e+00,2.4564e+00,2.3868e-01
5.8000e+02,1.2716e+00,1.5186e+00,2.5158e+00,2.4714e+00,2.4114e-01
5.9000e+02,1.2544e+00,1.5039e+00,2.5158e+00,2.4861e+00,2.4358e-01
6.0000e+02,1.2377e+00,1.4894e+00,2.5158e+00,2.5005e+00,2.4598e-01
6.1000e+02,1.2213e+00,1.4753e+00,2.5158e+00,2.5146e+00,2.4835e-01
6.2000e+02,1.2052e+00,1.4615e+00,2.5158e+00,2.5283e+00,2.5068e-01
6.3000e+02,1.1894e+00,1.4481e+00,2.5158e+00,2.5417e+00,2.5299e-01
6.4000e+02,1.1740e+00,1.4349e+00,2.5158e+00,2.5549e+00,2.5527e-01
6.5000e+02,1.1589e+00,1.4220e+00,2.5158e+00,2.5677e+00,2.5752e-01
6.6000e+02,1.1441e+00,1.4093e+00,2.5158e+00,2.5803e+00,2.5974e-01
6.7000e+02,1.1296e+00,1.3970e+00,2.5158e+00,2.5926e+00,2.6193e-01
6.8000e+02,1.1154e+00,1.3849e+00,2.5158e+00,2.6047e+00,2.6410e-01
6.9000e+02,1.1015e+00,1.3730e+00,2.5158e+00,2.6165e+00,2.6624e-01
7.0000e+02,1.0878e+00,1.3614e+00,2.5158e+00,2.6280e+00,2.6835e-01
7.1000e+02,1.0744e+00,1.3501e+00,2.5158e+00,2.6393e+00,2.7044e-01
7.2000e+02,1.0612e+00,1.3389e+00,2.5158e+00,2.6504e+00,2.7250e-01
7.3000e+02,1.0483e+00,1.3280e+00,2.5158e+00,2.6613e+00,2.7454e-01
7.4000e+02,1.0357e+00,1.3173e+00,2.5158e+00,2.6719e+00,2.7655e-01
7.5000e+02,1.0232e+00,1.3069e+00,2.5158e+00,2.6824e+00,2.7854e-01
7.6000e+02,1.0110e+00,1.2966e+00,2.5158e+00,2.6926e+00,2.8050e-01
7.7000e+02,9.9906e-01,1.2865e+00,2.5158e+00,2.7027e+00,2.8245e-01
7.8000e+02,9.8730e-01,1.2766e+00,2.5158e+00,2.7125e+00,2.8437e-01
7.9000e+02,9.7575e-01,1.2670e+00,2.5158e+00,2.7221e+00,2.8626e-01
8.0000e+02,9.6441e-01,1.2574e+00,2.5158e+00,2.7316e+00,2.8814e-01
8.1000e+02,9.5326e-01,1.2481e+00,2.5158e+00,2.7409e+00,2.8999e-01
8.2000e+02,9.4231e-01,1.2390e+00,2.5158e+00,2.7500e+00,2.9183e-01
8.3000e+02,9.3155e-01,1.2300e+00,2.5158e+00,2.7590e+00,2.9364e-01
8.4000e+02,9.2097e-01,1.2212e+00,2.5158e+00,2.7678e+00,2.9543e-01
8.5000e+02,9.1058e-01,1.2125e+00,2.5158e+00,2.7764e+00,2.9720e-01
8.6000e+02,9.0036e-01,1.2040e+00,2.5158e+00,2.7849e+00,2.9895e-01
8.7000e+02,8.9031e-01,1.1957e+00,2.5158e+00,2.7932e+00,3.0069e-01
8.8000e+02,8.8042e-01,1.1875e+00,2.5158e+00,2.8013e+00,3.0240e-01
8.9000e+02,8.7071e-01,1.1794e+00,2.5158e+00,2.8094e+00,3.0410e-01
9.0000e+02,8.6115e-01,1.1715e+00,2.5158e+00,2.8172e+00,3.0577e-01
9.1000e+02,8.5174e-01,1.1637e+00,2.5158e+00,2.8250e+00,3.0743e-01
9.2000e+02,8.4249e-01,1.1561e+00,2.5158e+00,2.8326e+00,3.0907e-01
9.3000e+02,8.3339e-01,1.1486e+00,2.5158e+00,2.8401e+00,3.1069e-01
9.4000e+02,8.2443e-01,1.1412e+00,2.5158e+00,2.8474e+00,3.1230e-01
9.5000e+02,8.1561e-01,1.1339e+00,2.5158e+00,2.8547e+00,3.1389e-01
9.6000e+02,8.0694e-01,1.1268e+00,2.5158e+00,2.8618e+00,3.1546e-01
9.7000e+02,7.9839e-01,1.1198e+00,2.5158e+00,2.8688e+00,3.1701e-01
9.8000e+02,7.8998e-01,1.1129e+00,2.5158e+00,2.8756e+00,3.1855e-01
9.9000e+02,7.8170e-01,1.1061e+00,2.5158e+00,2.8824e+00,3.2008e-01
1.0000e+03,7.7354e-01,1.0994e+00,2.5158e+00,2.8890e+00,3.2158e-01
1.0100e+03,7.6551e-01,1.0929e+00,2.5158e+00,2.8956e+00,3.2308e-01
1.0200e+03,7.5760e-01,1.0864e+00,2.5158e+00,2.9020e+00,3.2455e-01
1.0300e+03,7.4981e-01,1.0800e+00,2.5158e+00,2.9083e+00,3.2601e-01
1.0400e+03,7.4213e-01,1.0738e+00,2.5158e+00,2.9146e+00,3.2746e-01
1.0500e+03,7.3457e-01,1.0676e+00,2.5158e+00,2.9207e+00,3.2889e-01
1.0600e+03,7.2711e-01,1.0616e+00,2.5158e+00,2.9267e+00,3.3031e-01
1.0700e+03,7.1977e-01,1.0556e+00,2.5158e+00,2.9327e+00,3.3171e-01
1.0800e+03,7.1253e-01,1.0497e+00,2.5158e+00,2.9385e+00,3.3310e-01
1.0900e+03,7.0540e-01,1.0440e+00,2.5158e+00,2.9443e+00,3.3448e-01
1.1000e+03,6.9836e-01,1.0383e+00,2.5158e+00,2.9500e+00,3.3584e-01
1.1100e+03,6.9143e-01,1.0327e+00,2.5158e+00,2.9555e+00,3.3719e-01
1.1200e+03,6.8460e-01,1.0271e+00,2.5158e+00,2.9610e+00,3.3852e-01
1.1300e+03,6.7786e-01,1.0217e+00,2.5158e+00,2.9665e+00,3.3984e-01
1.1400e+03,6.7121e-01,1.0163e+00,2.5158e+00,2.9718e+00,3.4115e-01
1.1500e+03,6.6466e-01,1.0111e+00,2.5158e+00,2.9771e+00,3.4245e-01
1.1600e+03,6.5820e-01,1.0059e+00,2.5158e+00,2.9822e+00,3.4373e-01
1.1700e+03,6.5182e-01,1.0007e+00,2.5158e+00,2.9873e+00,3.4500e-01
1.1800e+03,6.4553e-01,9.9570e-01,2.5158e+00,2.9924e+00,3.4626e-01
1.1900e+03,6.3933e-01,9.9072e-01,2.5158e+00,2.9973e+00,3.4751e-01
1.2000e+03,6.3321e-01,9.8582e-01,2.5158e+00,3.0022e+00,3.4875e-01
1.2100e+03,6.2717e-01,9.8099e-01,2.5158e+00,3.0070e+00,3.4997e-01
1.2200e+03,6.2122e-01,9.7623e-01,2.5158e+00,3.0118e+00,3.5118e-01
1.2300e+03,6.1534e-01,9.7153e-01,2.5158e+00,3.0164e+00,3.5238e-01
1.2400e+03,6.0954e-01,9.6690e-01,2.5158e+00,3.0211e+00,3.5357e-01
1.2500e+03,6.0381e-01,9.6234e-01,2.5158e+00,3.0256e+00,3.5475e-01
1.2600e+03,5.9816e-01,9.5784e-01,2.5158e+00,3.0301e+00,3.5592e-01
1.2700e+03,5.9258e-01,9.5340e-01,2.5158e+00,3.0345e+00,3.5707e-01
1.2800e+03,5.8708e-01,9.4902e-01,2.5158e+00,3.0389e+00,3.5822e-01
1.2900e+03,5.8164e-01,9.4470e-01,2.5158e+00,3.0432e+00,3.5935e-01
1.3000e+03,5.7628e-01,9.4045e-01,2.5158e+00,3.0474e+00,3.6048e-01
1.3100e+03,5.7098e-01,9.3625e-01,2.5158e+00,3.0516e+00,3.6159e-01
1.3200e+03,5.6575e-01,9.3210e-01,2.5158e+00,3.0557e+00,3.6270e-01
1.3300e+03,5.6058e-01,9.2802e-01,2.5158e+00,3.0598e+00,3.6379e-01
1.3400e+03,5.5548e-01,9.2398e-01,2.5158e+00,3.0638e+00,3.6488e-01
1.3500e+03,5.5044e-01,9.2000e-01,2.5158e+00,3.0678e+00,3.6595e-01
1.3600e+03,5.4546e-01,9.1608e-01,2.5158e+00,3.0717e+00,3.6702e-01
1.3700e+03,5.4055e-01,9.1220e-01,2.5158e+00,3.0755e+00,3.6807e-01
1.3800e+03,5.3569e-01,9.0838e-01,2.5158e+00,3.0794e+00,3.6912e-01
1.3900e+03,5.3090e-01,9.0460e-01,2.5158e+00,3.0831e+00,3.7016e-01
1.4000e+03,5.2616e-01,9.0088e-01,2.5158e+00,3.0868e+00,3.7118e-01
1.4100e+03,5.2148e-01,8.9720e-01,2.5158e+00,3.0905e+00,3.7220e-01
1.4200e+03,5.1685e-01,8.9357e-01,2.5158e+00,3.0941e+00,3.7321e-01
1.4300e+03,5.1228e-01,8.8999e-01,2.5158e+00,3.0977e+00,3.7421e-01
1.4400e+03,5.0777e-01,8.8645e-01,2.5158e+00,3.1012e+00,3.7520e-01
1.4500e+03,5.0331e-01,8.8296e-01,2.5158e+00,3.1047e+00,3.7619e-01
1.4600e+03,4.9890e-01,8.7951e-01,2.5158e+00,3.1081e+00,3.7716e-01
1.4700e+03,4.9454e-01,8.7611e-01,2.5158e+00,3.1115e+00,3.7813e-01
1.4800e+03,4.9023e-01,8.7274e-01,2.5158e+00,3.1148e+00,3.7908e-01
1.4900e+03,4.8597e-01,8.6942e-01,2.5158e+00,3.1182e+00,3.8003e-01
1.5000e+03,4.8176e-01,8.6614e-01,2.5158e+00,3.1214e+00,3.8098e-01
1.5100e+03,4.7760e-01,8.6290e-01,2.5158e+00,3.1247e+00,3.8191e-01
1.5200e+03,4.7349e-01,8.5970e-01,2.5158e+00,3.1278e+00,3.8283e-01
1.5300e+03,4.6942e-01,8.5654e-01,2.5158e+00,3.1310e+00,3.8375e-01
1.5400e+03,4.6541e-01,8.5342e-01,2.5158e+00,3.1341e+00,3.8466e-01
1.5500e+03,4.6143e-01,8.5034e-01,2.5158e+00,3.1372e+00,3.8556e-01
1.5600e+03,4.5750e-01,8.4729e-01,2.5158e+00,3.1402e+00,3.8646e-01
1.5700e+03,4.5362e-01,8.4428e-01,2.5158e+00,3.1432e+00,3.8734e-01
1.5800e+03,4.4977e-01,8.4130e-01,2.5158e+00,3.1462e+00,3.8822e-01
1.5900e+03,4.4597e-01,8.3836e-01,2.5158e+00,3.1491e+00,3.8909e-01
1.6000e+03,4.4222e-01,8.3546e-01,2.5158e+00,3.1520e+00,3.8996e-01
1.6100e+03,4.3850e-01,8.3259e-01,2.5158e+00,3.1548e+00,3.9081e-01
1.6200e+03,4.3482e-01,8.2975e-01,2.5158e+00,3.1577e+00,3.9166e-01
1.6300e+03,4.3119e-01,8.2695e-01,2.5158e+00,3.1605e+00,3.9251e-01
1.6400e+03,4.2759e-01,8.2418e-01,2.5158e+00,3.1632e+00,3.9334e-01
1.6500e+03,4.2404e-01,8.2144e-01,2.5158e+00,3.1660e+00,3.9417e-01
1.6600e+03,4.2052e-01,8.1873e-01,2.5158e+00,3.1687e+00,3.9499e-01
1.6700e+03,4.1704e-01,8.1606e-01,2.5158e+00,3.1713e+00,3.9581e-01
1.6800e+03,4.1359e-01,8.1341e-01,2.5158e+00,3.1740e+00,3.9662e-01
1.6900e+03,4.1019e-01,8.1080e-01,2.5158e+00,3.1766e+00,3.9742e-01
1.7000e+03,4.0682e-01,8.0821e-01,2.5158e+00,3.1791e+00,3.9822e-01
1.7100e+03,4.0348e-01,8.0565e-01,2.5158e+00,3.1817e+00,3.9900e-01
1.7200e+03,4.0018e-01,8.0313e-01,2.5158e+00,3.1842e+00,3.9979e-01
1.7300e+03,3.9691e-01,8.0063e-01,2.5158e+00,3.1867e+00,4.0056e-01
1.7400e+03,3.9368e-01,7.9816e-01,2.5158e+00,3.1891e+00,4.0133e-01
1.7500e+03,3.9049e-01,7.9571e-01,2.5158e+00,3.1916e+00,4.0210e-01
1.7600e+03,3.8732e-01,7.9330e-01,2.5158e+00,3.1940e+00,4.0285e-01
1.7700e+03,3.8419e-01,7.9091e-01,2.5158e+00,3.1964e+00,4.0360e-01
1.7800e+03,3.8109e-01,7.8854e-01,2.5158e+00,3.1987e+00,4.0435e-01
1.7900e+03,3.7802e-01,7.8621e-01,2.5158e+00,3.2011e+00,4.0509e-01
1.8000e+03,3.7499e-01,7.8389e-01,2.5158e+00,3.2034e+00,4.0582e-01
1.8100e+03,3.7198e-01,7.8161e-01,2.5158e+00,3.2056e+00,4.0655e-01
1.8200e+03,3.6901e-01,7.7935e-01,2.5158e+00,3.2079e+00,4.0727e-01
1.8300e+03,3.6606e-01,7.7711e-01,2.5158e+00,3.2101e+00,4.0799e-01
1.8400e+03,3.6315e-01,7.7490e-01,2.5158e+00,3.2123e+00,4.0870e-01
1.8500e+03,3.6026e-01,7.7271e-01,2.5158e+00,3.2145e+00,4.0940e-01
1.8600e+03,3.5740e-01,7.7054e-01,2.5158e+00,3.2167e+00,4.1010e-01
1.8700e+03,3.5458e-01,7.6840e-01,2.5158e+00,3.2188e+00,4.1079e-01
1.8800e+03,3.5178e-01,7.6628e-01,2.5158e+00,3.2209e+00,4.1148e-01
1.8900e+03,3.4900e-01,7.6418e-01,2.5158e+00,3.2230e+00,4.1217e-01
1.9000e+03,3.4626e-01,7.6210e-01,2.5158e+00,3.2251e+00,4.1284e-01
1.9100e+03,3.4354e-01,7.6005e-01,2.5158e+00,3.2271e+00,4.1351e-01
1.9200e+03,3.4085e-01,7.5802e-01,2.5158e+00,3.2291e+00,4.1418e-01
1.9300e+03,3.3819e-01,7.5601e-01,2.5158e+00,3.2311e+00,4.1484e-01
1.9400e+03,3.3555e-01,7.5402e-01,2.5158e+00,3.2331e+00,4.1550e-01
1.9500e+03,3.3293e-01,7.5205e-01,2.5158e+00,3.2351e+00,4.1615e-01
1.9600e+03,3.3034e-01,7.5010e-01,2.5158e+00,3.2370e+00,4.1680e-01
1.9700e+03,3.2778e-01,7.4817e-01,2.5158e+00,3.2389e+00,4.1744e-01
1.9800e+03,3.2524e-01,7.4626e-01,2.5158e+00,3.2408e+00,4.1807e-01
1.9900e+03,3.2273e-01,7.4437e-01,2.5158e+00,3.2427e+00,4.1871e-01
2.0000e+03,3.2024e-01,7.4250e-01,2.5158e+00,3.2446e+00,4.1933e-01
2.0100e+03,3.1777e-01,7.4065e-01,2.5158e+00,3.2464e+00,4.1995e-01
2.0200e+03,3.1533e-01,7.3881e-01,2.5158e+00,3.2483e+00,4.2057e-01
2.0300e+03,3.1291e-01,7.3700e-01,2.5158e+00,3.2501e+00,4.2118e-01
2.0400e+03,3.1051e-01,7.3520e-01,2.5158e+00,3.2519e+00,4.2179e-01
2.0500e+03,3.0814e-01,7.3343e-01,2.5158e+00,3.2536e+00,4.2239e-01
2.0600e+03,3.0579e-01,7.3166e-01,2.5158e+00,3.2554e+00,4.2299e-01
2.0700e+03,3.0346e-01,7.2992e-01,2.5158e+00,3.2571e+00,4.2359e-01
2.0800e+03,3.0115e-01,7.2820e-01,2.5158e+00,3.2588e+00,4.2418e-01
2.0900e+03,2.9887e-01,7.2649e-01,2.5158e+00,3.2605e+00,4.2476e-01
2.1000e+03,2.9660e-01,7.2480e-01,2.5158e+00,3.2622e+00,4.2534e-01
2.1100e+03,2.9436e-01,7.2312e-01,2.5158e+00,3.2639e+00,4.2592e-01
2.1200e+03,2.9213e-01,7.2146e-01,2.5158e+00,3.2655e+00,4.2649e-01
2.1300e+03,2.8993e-01,7.1982e-01,2.5158e+00,3.2672e+00,4.2706e-01
2.1400e+03,2.8775e-01,7.1820e-01,2.5158e+00,3.2688e+00,4.2762e-01
2.1500e+03,2.8558e-01,7.1659e-01,2.5158e+00,3.2704e+00,4.2818e-01
2.1600e+03,2.8344e-01,7.1499e-01,2.5158e+00,3.2720e+00,4.2873e-01
2.1700e+03,2.8132e-01,7.1341e-01,2.5158e+00,3.2736e+00,4.2928e-01
2.1800e+03,2.7921e-01,7.1185e-01,2.5158e+00,3.2751e+00,4.2983e-01
2.1900e+03,2.7713e-01,7.1030e-01,2.5158e+00,3.2767e+00,4.3037e-01
2.2000e+03,2.7506e-01,7.0877e-01,2.5158e+00,3.2782e+00,4.3091e-01
2.2100e+03,2.7301e-01,7.0725e-01,2.5158e+00,3.2797e+00,4.3145e-01
2.2200e+03,2.7098e-01,7.0574e-01,2.5158e+00,3.2812e+00,4.3198e-01
2.2300e+03,2.6897e-01,7.0425e-01,2.5158e+00,3.2827e+00,4.3250e-01
2.2400e+03,2.6698e-01,7.0277e-01,2.5158e+00,3.2842e+00,4.3303e-01
2.2500e+03,2.6500e-01,7.0131e-01,2.5158e+00,3.2856e+00,4.3354e-01
2.2600e+03,2.6305e-01,6.9986e-01,2.5158e+00,3.2871e+00,4.3406e-01
2.2700e+03,2.6110e-01,6.9843e-01,2.5158e+00,3.2885e+00,4.3457e-01
2.2800e+03,2.5918e-01,6.9701e-01,2.5158e+00,3.2899e+00,4.3508e-01
2.2900e+03,2.5727e-01,6.9560e-01,2.5158e+00,3.2913e+00,4.3558e-01
2.3000e+03,2.5539e-01,6.9420e-01,2.5158e+00,3.2927e+00,4.3608e-01
2.3100e+03,2.5351e-01,6.9282e-01,2.5158e+00,3.2941e+00,4.3658e-01
2.3200e+03,2.5166e-01,6.9145e-01,2.5158e+00,3.2954e+00,4.3707e-01
2.3300e+03,2.4981e-01,6.9010e-01,2.5158e+00,3.2968e+00,4.3756e-01
2.3400e+03,2.4799e-01,6.8875e-01,2.5158e+00,3.2981e+00,4.3804e-01
2.3500e+03,2.4618e-01,6.8742e-01,2.5158e+00,3.2995e+00,4.3853e-01
2.3600e+03,2.4439e-01,6.8610e-01,2.5158e+00,3.3008e+00,4.3901e-01
2.3700e+03,2.4261e-01,6.8479e-01,2.5158e+00,3.3021e+00,4.3948e-01
2.3800e+03,2.4085e-01,6.8350e-01,2.5158e+00,3.3034e+00,4.3995e-01
2.3900e+03,2.3910e-01,6.8221e-01,2.5158e+00,3.3046e+00,4.4042e-01
2.4000e+03,2.3737e-01,6.8094e-01,2.5158e+00,3.3059e+00,4.4088e-01
2.4100e+03,2.3565e-01,6.7968e-01,2.5158e+00,3.3072e+00,4.4135e-01
2.4200e+03,2.3395e-01,6.7843e-01,2.5158e+00,3.3084e+00,4.4180e-01
2.4300e+03,2.3226e-01,6.7719e-01,2.5158e+00,3.3096e+00,4.4226e-01
2.4400e+03,2.3059e-01,6.7597e-01,2.5158e+00,3.3109e+00,4.4271e-01
2.4500e+03,2.2893e-01,6.7475e-01,2.5158e+00,3.3121e+00,4.4316e-01
2.4600e+03,2.2729e-01,6.7355e-01,2.5158e+00,3.3133e+00,4.4360e-01
2.4700e+03,2.2565e-01,6.7235e-01,2.5158e+00,3.3145e+00,4.4405e-01
2.4800e+03,2.2404e-01,6.7117e-01,2.5158e+00,3.3156e+00,4.4448e-01
2.4900e+03,2.2243e-01,6.7000e-01,2.5158e+00,3.3168e+00,4.4492e-01
2.5000e+03,2.2084e-01,6.6883e-01,2.5158e+00,3.3180e+00,4.4535e-01
2.5100e+03,2.1926e-01,6.6768e-01,2.5158e+00,3.3191e+00,4.4578e-01
2.5200e+03,2.1770e-01,6.6654e-01,2.5158e+00,3.3203e+00,4.4621e-01
2.5300e+03,2.1615e-01,6.6541e-01,2.5158e+00,3.3214e+00,4.4663e-01
2.5400e+03,2.1461e-01,6.6428e-01,2.5158e+00,3.3225e+00,4.4705e-01
2.5500e+03,2.1309e-01,6.6317e-01,2.5158e+00,3.3236e+00,4.4747e-01
2.5600e+03,2.1157e-01,6.6207e-01,2.5158e+00,3.3247e+00,4.4788e-01
2.5700e+03,2.1007e-01,6.6098e-01,2.5158e+00,3.3258e+00,4.4829e-01
2.5800e+03,2.0859e-01,6.5989e-01,2.5158e+00,3.3269e+00,4.4870e-01
2.5900e+03,2.0711e-01,6.5882e-01,2.5158e+00,3.3279e+00,4.4911e-01
2.6000e+03,2.0565e-01,6.5775e-01,2.5158e+00,3.3290e+00,4.4951e-01
2.6100e+03,2.0420e-01,6.5670e-01,2.5158e+00,3.3301e+00,4.4991e-01
2.6200e+03,2.0276e-01,6.5565e-01,2.5158e+00,3.3311e+00,4.5031e-01
2.6300e+03,2.0133e-01,6.5462e-01,2.5158e+00,3.3321e+00,4.5070e-01
2.6400e+03,1.9991e-01,6.5359e-01,2.5158e+00,3.3332e+00,4.5109e-01
2.6500e+03,1.9851e-01,6.5257e-01,2.5158e+00,3.3342e+00,4.5148e-01
2.6600e+03,1.9712e-01,6.5156e-01,2.5158e+00,3.3352e+00,4.5187e-01
2.6700e+03,1.9573e-01,6.5055e-01,2.5158e+00,3.3362e+00,4.5225e-01
2.6800e+03,1.9436e-01,6.4956e-01,2.5158e+00,3.3372e+00,4.5263e-01
2.6900e+03,1.9300e-01,6.4858e-01,2.5158e+00,3.3381e+00,4.5301e-01
2.7000e+03,1.9165e-01,6.4760e-01,2.5158e+00,3.3391e+00,4.5339e-01
2.7100e+03,1.9032e-01,6.4663e-01,2.5158e+00,3.3401e+00,4.5376e-01
2.7200e+03,1.8899e-01,6.4567e-01,2.5158e+00,3.3410e+00,4.5413e-01
2.7300e+03,1.8767e-01,6.4472e-01,2.5158e+00,3.3420e+00,4.5450e-01
2.7400e+03,1.8637e-01,6.4377e-01,2.5158e+00,3.3429e+00,4.5486e-01
2.7500e+03,1.8507e-01,6.4284e-01,2.5158e+00,3.3439e+00,4.5523e-01
2.7600e+03,1.8379e-01,6.4191e-01,2.5158e+00,3.3448e+00,4.5559e-01
2.7700e+03,1.8251e-01,6.4099e-01,2.5158e+00,3.3457e+00,4.5594e-01
2.7800e+03,1.8125e-01,6.4007e-01,2.5158e+00,3.3466e+00,4.5630e-01
2.7900e+03,1.7999e-01,6.3917e-01,2.5158e+00,3.3475e+00,4.5665e-01
2.8000e+03,1.7875e-01,6.3827e-01,2.5158e+00,3.3484e+00,4.5700e-01
2.8100e+03,1.7751e-01,6.3738e-01,2.5158e+00,3.3493e+00,4.5735e-01
2.8200e+03,1.7629e-01,6.3649e-01,2.5158e+00,3.3502e+00,4.5769e-01
2.8300e+03,1.7507e-01,6.3562e-01,2.5158e+00,3.3511e+00,4.5804e-01
2.8400e+03,1.7387e-01,6.3475e-01,2.5158e+00,3.3519e+00,4.5838e-01
2.8500e+03,1.7267e-01,6.3389e-01,2.5158e+00,3.3528e+00,4.5872e-01
2.8600e+03,1.7148e-01,6.3303e-01,2.5158e+00,3.3536e+00,4.5905e-01
2.8700e+03,1.7030e-01,6.3219e-01,2.5158e+00,3.3545e+00,4.5939e-01
2.8800e+03,1.6914e-01,6.3135e-01,2.5158e+00,3.3553e+00,4.5972e-01
2.8900e+03,1.6798e-01,6.3051e-01,2.5158e+00,3.3561e+00,4.6005e-01
2.9000e+03,1.6683e-01,6.2968e-01,2.5158e+00,3.3570e+00,4.6037e-01
2.9100e+03,1.6568e-01,6.2886e-01,2.5158e+00,3.3578e+00,4.6070e-01
2.9200e+03,1.6455e-01,6.2805e-01,2.5158e+00,3.3586e+00,4.6102e-01
2.9300e+03,1.6343e-01,6.2724e-01,2.5158e+00,3.3594e+00,4.6134e-01
2.9400e+03,1.6231e-01,6.2644e-01,2.5158e+00,3.3602e+00,4.6166e-01
2.9500e+03,1.6121e-01,6.2565e-01,2.5158e+00,3.3610e+00,4.6197e-01
2.9600e+03,1.6011e-01,6.2486e-01,2.5158e+00,3.3618e+00,4.6229e-01
2.9700e+03,1.5902e-01,6.2408e-01,2.5158e+00,3.3625e+00,4.6260e-01
2.9800e+03,1.5794e-01,6.2331e-01,2.5158e+00,3.3633e+00,4.6291e-01
2.9900e+03,1.5686e-01,6.2254e-01,2.5158e+00,3.3641e+00,4.6322e-01
3.0000e+03,1.5580e-01,6.2177e-01,2.5158e+00,3.3648e+00,4.6352e-01
3.0100e+03,1.5474e-01,6.2102e-01,2.5158e+00,3.3656e+00,4.6382e-01
3.0200e+03,1.5369e-01,6.2027e-01,2.5158e+00,3.3663e+00,4.6413e-01
3.0300e+03,1.5265e-01,6.1952e-01,2.5158e+00,3.3671e+00,4.6442e-01
3.0400e+03,1.5162e-01,6.1878e-01,2.5158e+00,3.3678e+00,4.6472e-01
3.0500e+03,1.5059e-01,6.1805e-01,2.5158e+00,3.3686e+00,4.6502e-01
3.0600e+03,1.4958e-01,6.1732e-01,2.5158e+00,3.3693e+00,4.6531e-01
3.0700e+03,1.4857e-01,6.1660e-01,2.5158e+00,3.3700e+00,4.6560e-01
3.0800e+03,1.4756e-01,6.1589e-01,2.5158e+00,3.3707e+00,4.6589e-01
3.0900e+03,1.4657e-01,6.1518e-01,2.5158e+00,3.3714e+00,4.6618e-01
3.1000e+03,1.4558e-01,6.1447e-01,2.5158e+00,3.3721e+00,4.6646e-01
3.1100e+03,1.4460e-01,6.1377e-01,2.5158e+00,3.3728e+00,4.6675e-01
3.1200e+03,1.4363e-01,6.1308e-01,2.5158e+00,3.3735e+00,4.6703e-01
3.1300e+03,1.4267e-01,6.1239e-01,2.5158e+00,3.3742e+00,4.6731e-01
3.1400e+03,1.4171e-01,6.1171e-01,2.5158e+00,3.3749e+00,4.6758e-01
3.1500e+03,1.4076e-01,6.1103e-01,2.5158e+00,3.3755e+00,4.6786e-01
3.1600e+03,1.3982e-01,6.1036e-01,2.5158e+00,3.3762e+00,4.6813e-01
3.1700e+03,1.3888e-01,6.0969e-01,2.5158e+00,3.3769e+00,4.6841e-01
3.1800e+03,1.3795e-01,6.0903e-01,2.5158e+00,3.3775e+00,4.6868e-01
3.1900e+03,1.3703e-01,6.0838e-01,2.5158e+00,3.3782e+00,4.6895e-01
3.2000e+03,1.3611e-01,6.0773e-01,2.5158e+00,3.3788e+00,4.6921e-01
3.2100e+03,1.3520e-01,6.0708e-01,2.5158e+00,3.3795e+00,4.6948e-01
3.2200e+03,1.3430e-01,6.0644e-01,2.5158e+00,3.3801e+00,4.6974e-01
3.2300e+03,1.3341e-01,6.0580e-01,2.5158e+00,3.3808e+00,4.7000e-01
3.2400e+03,1.3252e-01,6.0517e-01,2.5158e+00,3.3814e+00,4.7026e-01
3.2500e+03,1.3164e-01,6.0454e-01,2.5158e+00,3.3820e+00,4.7052e-01
3.2600e+03,1.3076e-01,6.0392e-01,2.5158e+00,3.3826e+00,4.7078e-01
3.2700e+03,1.2989e-01,6.0330e-01,2.5158e+00,3.3832e+00,4.7103e-01
3.2800e+03,1.2903e-01,6.0269e-01,2.5158e+00,3.3839e+00,4.7128e-01
3.2900e+03,1.2817e-01,6.0208e-01,2.5158e+00,3.3845e+00,4.7153e-01
3.3000e+03,1.2732e-01,6.0148e-01,2.5158e+00,3.3851e+00,4.7178e-01
3.3100e+03,1.2648e-01,6.0088e-01,2.5158e+00,3.3857e+00,4.7203e-01
3.3200e+03,1.2564e-01,6.0029e-01,2.5158e+00,3.3862e+00,4.7228e-01
3.3300e+03,1.2481e-01,5.9970e-01,2.5158e+00,3.3868e+00,4.7252e-01
3.3400e+03,1.2398e-01,5.9912e-01,2.5158e+00,3.3874e+00,4.7277e-01
3.3500e+03,1.2316e-01,5.9853e-01,2.5158e+00,3.3880e+00,4.7301e-01
3.3600e+03,1.2235e-01,5.9796e-01,2.5158e+00,3.3886e+00,4.7325e-01
3.3700e+03,1.2154e-01,5.9739e-01,2.5158e+00,3.3891e+00,4.7348e-01
3.3800e+03,1.2074e-01,5.9682e-01,2.5158e+00,3.3897e+00,4.7372e-01
3.3900e+03,1.1994e-01,5.9626e-01,2.5158e+00,3.3903e+00,4.7396e-01
3.4000e+03,1.1915e-01,5.9570e-01,2.5158e+00,3.3908e+00,4.7419e-01
3.4100e+03,1.1837e-01,5.9514e-01,2.5158e+00,3.3914e+00,4.7442e-01
3.4200e+03,1.1759e-01,5.9459e-01,2.5158e+00,3.3919e+00,4.7465e-01
3.4300e+03,1.1682e-01,5.9405e-01,2.5158e+00,3.3925e+00,4.7488e-01
3.4400e+03,1.1605e-01,5.9350e-01,2.5158e+00,3.3930e+00,4.7511e-01
3.4500e+03,1.1529e-01,5.9296e-01,2.5158e+00,3.3935e+00,4.7533e-01
3.4600e+03,1.1453e-01,5.9243e-01,2.5158e+00,3.3941e+00,4.7556e-01
3.4700e+03,1.1378e-01,5.9190e-01,2.5158e+00,3.3946e+00,4.7578e-01
3.4800e+03,1.1303e-01,5.9137e-01,2.5158e+00,3.3951e+00,4.7600e-01
3.4900e+03,1.1229e-01,5.9085e-01,2.5158e+00,3.3956e+00,4.7622e-01
3.5000e+03,1.1156e-01,5.9033e-01,2.5158e+00,3.3962e+00,4.7644e-01
3.5100e+03,1.1083e-01,5.8982e-01,2.5158e+00,3.3967e+00,4.7666e-01
3.5200e+03,1.1010e-01,5.8931e-01,2.5158e+00,3.3972e+00,4.7688e-01
3.5300e+03,1.0938e-01,5.8880e-01,2.5158e+00,3.3977e+00,4.7709e-01
3.5400e+03,1.0867e-01,5.8830e-01,2.5158e+00,3.3982e+00,4.7730e-01
3.5500e+03,1.0796e-01,5.8780e-01,2.5158e+00,3.3987e+00,4.7751e-01
3.5600e+03,1.0725e-01,5.8730e-01,2.5158e+00,3.3992e+00,4.7772e-01
3.5700e+03,1.0656e-01,5.8681e-01,2.5158e+00,3.3997e+00,4.7793e-01
3.5800e+03,1.0586e-01,5.8632e-01,2.5158e+00,3.4002e+00,4.7814e-01
3.5900e+03,1.0517e-01,5.8583e-01,2.5158e+00,3.4006e+00,4.7835e-01
3.6000e+03,1.0449e-01,5.8535e-01,2.5158e+00,3.4011e+00,4.7855e-01
3.6100e+03,1.0381e-01,5.8487e-01,2.5158e+00,3.4016e+00,4.7876e-01
3.6200e+03,1.0313e-01,5.8440e-01,2.5158e+00,3.4021e+00,4.7896e-01
3.6300e+03,1.0246e-01,5.8393e-01,2.5158e+00,3.4025e+00,4.7916e-01
3.6400e+03,1.0180e-01,5.8346e-01,2.5158e+00,3.4030e+00,4.7936e-01
3.6500e+03,1.0114e-01,5.8300e-01,2.5158e+00,3.4035e+00,4.7956e-01
3.6600e+03,1.0048e-01,5.8254e-01,2.5158e+00,3.4039e+00,4.7975e-01
3.6700e+03,9.9829e-02,5.8208e-01,2.5158e+00,3.4044e+00,4.7995e-01
3.6800e+03,9.9182e-02,5.8162e-01,2.5158e+00,3.4048e+00,4.8014e-01
3.6900e+03,9.8539e-02,5.8117e-01,2.5158e+00,3.4053e+00,4.8034e-01
3.7000e+03,9.7901e-02,5.8073e-01,2.5158e+00,3.4057e+00,4.8053e-01
3.7100e+03,9.7268e-02,5.8028e-01,2.5158e+00,3.4062e+00,4.8072e-01
3.7200e+03,9.6639e-02,5.7984e-01,2.5158e+00,3.4066e+00,4.8091e-01
3.7300e+03,9.6014e-02,5.7940e-01,2.5158e+00,3.4071e+00,4.8110e-01
3.7400e+03,9.5394e-02,5.7897e-01,2.5158e+00,3.4075e+00,4.8128e-01
3.7500e+03,9.4778e-02,5.7853e-01,2.5158e+00,3.4079e+00,4.8147e-01
3.7600e+03,9.4167e-02,5.7811e-01,2.5158e+00,3.4083e+00,4.8165e-01
3.7700e+03,9.3559e-02,5.7768e-01,2.5158e+00,3.4088e+00,4.8184e-01
3.7800e+03,9.2956e-02,5.7726e-01,2.5158e+00,3.4092e+00,4.8202e-01
3.7900e+03,9.2357e-02,5.7684e-01,2.5158e+00,3.4096e+00,4.8220e-01
3.8000e+03,9.1762e-02,5.7642e-01,2.5158e+00,3.4100e+00,4.8238e-01
3.8100e+03,9.1172e-02,5.7601e-01,2.5158e+00,3.4104e+00,4.8256e-01
3.8200e+03,9.0585e-02,5.7560e-01,2.5158e+00,3.4108e+00,4.8274e-01
3.8300e+03,9.0002e-02,5.7519e-01,2.5158e+00,3.4112e+00,4.8291e-01
3.8400e+03,8.9424e-02,5.7479e-01,2.5158e+00,3.4117e+00,4.8309e-01
3.8500e+03,8.8849e-02,5.7438e-01,2.5158e+00,3.4121e+00,4.8326e-01
3.8600e+03,8.8279e-02,5.7398e-01,2.5158e+00,3.4124e+00,4.8344e-01
3.8700e+03,8.7712e-02,5.7359e-01,2.5158e+00,3.4128e+00,4.8361e-01
3.8800e+03,8.7149e-02,5.7319e-01,2.5158e+00,3.4132e+00,4.8378e-01
3.8900e+03,8.6591e-02,5.7280e-01,2.5158e+00,3.4136e+00,4.8395e-01
3.9000e+03,8.6036e-02,5.7242e-01,2.5158e+00,3.4140e+00,4.8412e-01
3.9100e+03,8.5484e-02,5.7203e-01,2.5158e+00,3.4144e+00,4.8428e-01
3.9200e+03,8.4937e-02,5.7165e-01,2.5158e+00,3.4148e+00,4.8445e-01
3.9300e+03,8.4393e-02,5.7127e-01,2.5158e+00,3.4152e+00,4.8462e-01
3.9400e+03,8.3853e-02,5.7089e-01,2.5158e+00,3.4155e+00,4.8478e-01
3.9500e+03,8.3317e-02,5.7052e-01,2.5158e+00,3.4159e+00,4.8494e-01
3.9600e+03,8.2785e-02,5.7015e-01,2.5158e+00,3.4163e+00,4.8511e-01
3.9700e+03,8.2256e-02,5.6978e-01,2.5158e+00,3.4166e+00,4.8527e-01
3.9800e+03,8.1730e-02,5.6941e-01,2.5158e+00,3.4170e+00,4.8543e-01
3.9900e+03,8.1209e-02,5.6905e-01,2.5158e+00,3.4174e+00,4.8559e-01
4.0000e+03,8.0690e-02,5.6869e-01,2.5158e+00,3.4177e+00,4.8575e-01
4.0100e+03,8.0176e-02,5.6833e-01,2.5158e+00,3.4181e+00,4.8590e-01
4.0200e+03,7.9665e-02,5.6797e-01,2.5158e+00,3.4184e+00,4.8606e-01
4.0300e+03,7.9157e-02,5.6762e-01,2.5158e+00,3.4188e+00,4.8621e-01
4.0400e+03,7.8653e-02,5.6726e-01,2.5158e+00,3.4191e+00,4.8637e-01
4.0500e+03,7.8152e-02,5.6692e-01,2.5158e+00,3.4195e+00,4.8652e-01
4.0600e+03,7.7655e-02,5.6657e-01,2.5158e+00,3.4198e+00,4.8667e-01
4.0700e+03,7.7161e-02,5.6623e-01,2.5158e+00,3.4202e+00,4.8683e-01
4.0800e+03,7.6670e-02,5.6588e-01,2.5158e+00,3.4205e+00,4.8698e-01
4.0900e+03,7.6182e-02,5.6554e-01,2.5158e+00,3.4209e+00,4.8713e-01
4.1000e+03,7.5698e-02,5.6521e-01,2.5158e+00,3.4212e+00,4.8727e-01
4.1100e+03,7.5218e-02,5.6487e-01,2.5158e+00,3.4215e+00,4.8742e-01
4.1200e+03,7.4740e-02,5.6454e-01,2.5158e+00,3.4219e+00,4.8757e-01
4.1300e+03,7.4266e-02,5.6421e-01,2.5158e+00,3.4222e+00,4.8771e-01
4.1400e+03,7.3795e-02,5.6388e-01,2.5158e+00,3.4225e+00,4.8786e-01
4.1500e+03,7.3327e-02,5.6356e-01,2.5158e+00,3.4228e+00,4.8800e-01
4.1600e+03,7.2862e-02,5.6323e-01,2.5158e+00,3.4232e+00,4.8814e-01
4.1700e+03,7.2400e-02,5.6291e-01,2.5158e+00,3.4235e+00,4.8829e-01
4.1800e+03,7.1942e-02,5.6259e-01,2.5158e+00,3.4238e+00,4.8843e-01
4.1900e+03,7.1486e-02,5.6228e-01,2.5158e+00,3.4241e+00,4.8857e-01
4.2000e+03,7.1034e-02,5.6196e-01,2.5158e+00,3.4244e+00,4.8871e-01
4.2100e+03,7.0584e-02,5.6165e-01,2.5158e+00,3.4247e+00,4.8885e-01
4.2200e+03,7.0138e-02,5.6134e-01,2.5158e+00,3.4250e+00,4.8898e-01
4.2300e+03,6.9694e-02,5.6103e-01,2.5158e+00,3.4253e+00,4.8912e-01
4.2400e+03,6.9254e-02,5.6073e-01,2.5158e+00,3.4257e+00,4.8926e-01
4.2500e+03,6.8816e-02,5.6042e-01,2.5158e+00,3.4260e+00,4.8939e-01
4.2600e+03,6.8382e-02,5.6012e-01,2.5158e+00,3.4263e+00,4.8952e-01
4.2700e+03,6.7950e-02,5.5982e-01,2.5158e+00,3.4266e+00,4.8966e-01
4.2800e+03,6.7521e-02,5.5952e-01,2.5158e+00,3.4269e+00,4.8979e-01
4.2900e+03,6.7096e-02,5.5923e-01,2.5158e+00,3.4271e+00,4.8992e-01
4.3000e+03,6.6672e-02,5.5894e-01,2.5158e+00,3.4274e+00,4.9005e-01
4.3100e+03,6.6252e-02,5.5864e-01,2.5158e+00,3.4277e+00,4.9018e-01
4.3200e+03,6.5835e-02,5.5835e-01,2.5158e+00,3.4280e+00,4.9031e-01
4.3300e+03,6.5420e-02,5.5807e-01,2.5158e+00,3.4283e+00,4.9044e-01
4.3400e+03,6.5008e-02,5.5778e-01,2.5158e+00,3.4286e+00,4.9057e-01
4.3500e+03,6.4599e-02,5.5750e-01,2.5158e+00,3.4289e+00,4.9069e-01
4.3600e+03,6.4192e-02,5.5722e-01,2.5158e+00,3.4292e+00,4.9082e-01
4.3700e+03,6.3789e-02,5.5694e-01,2.5158e+00,3.4294e+00,4.9094e-01
4.3800e+03,6.3387e-02,5.5666e-01,2.5158e+00,3.4297e+00,4.9107e-01
4.3900e+03,6.2989e-02,5.5638e-01,2.5158e+00,3.4300e+00,4.9119e-01
4.4000e+03,6.2593e-02,5.5611e-01,2.5158e+00,3.4303e+00,4.9132e-01
4.4100e+03,6.2200e-02,5.5584e-01,2.5158e+00,3.4305e+00,4.9144e-01
4.4200e+03,6.1809e-02,5.5557e-01,2.5158e+00,3.4308e+00,4.9156e-01
4.4300e+03,6.1421e-02,5.5530e-01,2.5158e+00,3.4311e+00,4.9168e-01
4.4400e+03,6.1036e-02,5.5503e-01,2.5158e+00,3.4313e+00,4.9180e-01
4.4500e+03,6.0653e-02,5.5476e-01,2.5158e+00,3.4316e+00,4.9192e-01
4.4600e+03,6.0273e-02,5.5450e-01,2.5158e+00,3.4319e+00,4.9204e-01
4.4700e+03,5.9895e-02,5.5424e-01,2.5158e+00,3.4321e+00,4.9215e-01
4.4800e+03,5.9519e-02,5.5398e-01,2.5158e+00,3.4324e+00,4.9227e-01
4.4900e+03,5.9146e-02,5.5372e-01,2.5158e+00,3.4326e+00,4.9239e-01
4.5000e+03,5.8776e-02,5.5347e-01,2.5158e+00,3.4329e+00,4.9250e-01
4.5100e+03,5.8408e-02,5.5321e-01,2.5158e+00,3.4331e+00,4.9262e-01
4.5200e+03,5.8042e-02,5.5296e-01,2.5158e+00,3.4334e+00,4.9273e-01
4.5300e+03,5.7679e-02,5.5271e-01,2.5158e+00,3.4336e+00,4.9284e-01
4.5400e+03,5.7318e-02,5.5246e-01,2.5158e+00,3.4339e+00,4.9295e-01
4.5500e+03,5.6960e-02,5.5221e-01,2.5158e+00,3.4341e+00,4.9307e-01
4.5600e+03,5.6604e-02,5.5196e-01,2.5158e+00,3.4344e+00,4.9318e-01
4.5700e+03,5.6250e-02,5.5172e-01,2.5158e+00,3.4346e+00,4.9329e-01
4.5800e+03,5.5898e-02,5.5148e-01,2.5158e+00,3.4349e+00,4.9340e-01
4.5900e+03,5.5549e-02,5.5124e-01,2.5158e+00,3.4351e+00,4.9351e-01
4.6000e+03,5.5202e-02,5.5100e-01,2.5158e+00,3.4353e+00,4.9361e-01
4.6100e+03,5.4858e-02,5.5076e-01,2.5158e+00,3.4356e+00,4.9372e-01
4.6200e+03,5.4515e-02,5.5052e-01,2.5158e+00,3.4358e+00,4.9383e-01
4.6300e+03,5.4175e-02,5.5029e-01,2.5158e+00,3.4361e+00,4.9394e-01
4.6400e+03,5.3837e-02,5.5005e-01,2.5158e+00,3.4363e+00,4.9404e-01
4.6500e+03,5.3502e-02,5.4982e-01,2.5158e+00,3.4365e+00,4.9415e-01
4.6600e+03,5.3168e-02,5.4959e-01,2.5158e+00,3.4367e+00,4.9425e-01
4.6700e+03,5.2837e-02,5.4936e-01,2.5158e+00,3.4370e+00,4.9435e-01
4.6800e+03,5.2507e-02,5.4914e-01,2.5158e+00,3.4372e+00,4.9446e-01
4.6900e+03,5.2180e-02,5.4891e-01,2.5158e+00,3.4374e+00,4.9456e-01
4.7000e+03,5.1855e-02,5.4869e-01,2.5158e+00,3.4376e+00,4.9466e-01
4.7100e+03,5.1533e-02,5.4846e-01,2.5158e+00,3.4379e+00,4.9476e-01
4.7200e+03,5.1212e-02,5.4824e-01,2.5158e+00,3.4381e+00,4.9486e-01
4.7300e+03,5.0893e-02,5.4802e-01,2.5158e+00,3.4383e+00,4.9496e-01
4.7400e+03,5.0577e-02,5.4781e-01,2.5158e+00,3.4385e+00,4.9506e-01
4.7500e+03,5.0262e-02,5.4759e-01,2.5158e+00,3.4387e+00,4.9516e-01
4.7600e+03,4.9950e-02,5.4737e-01,2.5158e+00,3.4390e+00,4.9526e-01
4.7700e+03,4.9639e-02,5.4716e-01,2.5158e+00,3.4392e+00,4.9536e-01
4.7800e+03,4.9331e-02,5.4695e-01,2.5158e+00,3.4394e+00,4.9545e-01
4.7900e+03,4.9024e-02,5.4674e-01,2.5158e+00,3.4396e+00,4.9555e-01
4.8000e+03,4.8720e-02,5.4653e-01,2.5158e+00,3.4398e+00,4.9564e-01
4.8100e+03,4.8418e-02,5.4632e-01,2.5158e+00,3.4400e+00,4.9574e-01
4.8200e+03,4.8117e-02,5.4611e-01,2.5158e+00,3.4402e+00,4.9583e-01
4.8300e+03,4.7818e-02,5.4590e-01,2.5158e+00,3.4404e+00,4.9593e-01
4.8400e+03,4.7522e-02,5.4570e-01,2.5158e+00,3.4406e+00,4.9602e-01
4.8500e+03,4.7227e-02,5.4550e-01,2.5158e+00,3.4408e+00,4.9611e-01
4.8600e+03,4.6934e-02,5.4530e-01,2.5158e+00,3.4410e+00,4.9620e-01
4.8700e+03,4.6643e-02,5.4510e-01,2.5158e+00,3.4412e+00,4.9630e-01
4.8800e+03,4.6354e-02,5.4490e-01,2.5158e+00,3.4414e+00,4.9639e-01
4.8900e+03,4.6067e-02,5.4470e-01,2.5158e+00,3.4416e+00,4.9648e-01
4.9000e+03,4.5782e-02,5.4450e-01,2.5158e+00,3.4418e+00,4.9657e-01
4.9100e+03,4.5498e-02,5.4431e-01,2.5158e+00,3.4420e+00,4.9666e-01
4.9200e+03,4.5216e-02,5.4411e-01,2.5158e+00,3.4422e+00,4.9674e-01
4.9300e+03,4.4936e-02,5.4392e-01,2.5158e+00,3.4424e+00,4.9683e-01
4.9400e+03,4.4658e-02,5.4373e-01,2.5158e+00,3.4426e+00,4.9692e-01
4.9500e+03,4.4382e-02,5.4354e-01,2.5158e+00,3.4428e+00,4.9701e-01
4.9600e+03,4.4107e-02,5.4335e-01,2.5158e+00,3.4430e+00,4.9709e-01
4.9700e+03,4.3835e-02,5.4316e-01,2.5158e+00,3.4431e+00,4.9718e-01
4.9800e+03,4.3564e-02,5.4298e-01,2.5158e+00,3.4433e+00,4.9727e-01
4.9900e+03,4.3294e-02,5.4279e-01,2.5158e+00,3.4435e+00,4.9735e-01
5.0000e+03,4.3027e-02,5.4261e-01,2.5158e+00,3.4437e+00,4.9743e-01
5.0100e+03,4.2761e-02,5.4243e-01,2.5158e+00,3.4439e+00,4.9752e-01
5.0200e+03,4.2497e-02,5.4224e-01,2.5158e+00,3.4441e+00,4.9760e-01
5.0300e+03,4.2234e-02,5.4206e-01,2.5158e+00,3.4442e+00,4.9768e-01
5.0400e+03,4.1974e-02,5.4188e-01,2.5158e+00,3.4444e+00,4.9777e-01
5.0500e+03,4.1714e-02,5.4171e-01,2.5158e+00,3.4446e+00,4.9785e-01
5.0600e+03,4.1457e-02,5.4153e-01,2.5158e+00,3.4448e+00,4.9793e-01
5.0700e+03,4.1201e-02,5.4135e-01,2.5158e+00,3.4450e+00,4.9801e-01
5.0800e+03,4.0947e-02,5.4118e-01,2.5158e+00,3.4451e+00,4.9809e-01
5.0900e+03,4.0694e-02,5.4101e-01,2.5158e+00,3.4453e+00,4.9817e-01
5.1000e+03,4.0444e-02,5.4083e-01,2.5158e+00,3.4455e+00,4.9825e-01
5.1100e+03,4.0194e-02,5.4066e-01,2.5158e+00,3.4456e+00,4.9833e-01
5.1200e+03,3.9946e-02,5.4049e-01,2.5158e+00,3.4458e+00,4.9841e-01
5.1300e+03,3.9700e-02,5.4032e-01,2.5158e+00,3.4460e+00,4.9849e-01
5.1400e+03,3.9456e-02,5.4016e-01,2.5158e+00,3.4461e+00,4.9856e-01
5.1500e+03,3.9213e-02,5.3999e-01,2.5158e+00,3.4463e+00,4.9864e-01
5.1600e+03,3.8971e-02,5.3982e-01,2.5158e+00,3.4465e+00,4.9872e-01
5.1700e+03,3.8731e-02,5.3966e-01,2.5158e+00,3.4466e+00,4.9879e-01
5.1800e+03,3.8493e-02,5.3950e-01,2.5158e+00,3.4468e+00,4.9887e-01
5.1900e+03,3.8256e-02,5.3933e-01,2.5158e+00,3.4470e+00,4.9894e-01
5.2000e+03,3.8020e-02,5.3917e-01,2.5158e+00,3.4471e+00,4.9902e-01
5.2100e+03,3.7787e-02,5.3901e-01,2.5158e+00,3.4473e+00,4.9909e-01
5.2200e+03,3.7554e-02,5.3885e-01,2.5158e+00,3.4474e+00,4.9917e-01
5.2300e+03,3.7323e-02,5.3869e-01,2.5158e+00,3.4476e+00,4.9924e-01
5.2400e+03,3.7094e-02,5.3854e-01,2.5158e+00,3.4478e+00,4.9931e-01
5.2500e+03,3.6866e-02,5.3838e-01,2.5158e+00,3.4479e+00,4.9938e-01
5.2600e+03,3.6639e-02,5.3822e-01,2.5158e+00,3.4481e+00,4.9946e-01
5.2700e+03,3.6414e-02,5.3807e-01,2.5158e+00,3.4482e+00,4.9953e-01
5.2800e+03,3.6190e-02,5.3792e-01,2.5158e+00,3.4484e+00,4.9960e-01
5.2900e+03,3.5968e-02,5.3776e-01,2.5158e+00,3.4485e+00,4.9967e-01
5.3000e+03,3.5747e-02,5.3761e-01,2.5158e+00,3.4487e+00,4.9974e-01
5.3100e+03,3.5527e-02,5.3746e-01,2.5158e+00,3.4488e+00,4.9981e-01
5.3200e+03,3.5309e-02,5.3731e-01,2.5158e+00,3.4490e+00,4.9988e-01
5.3300e+03,3.5093e-02,5.3716e-01,2.5158e+00,3.4491e+00,4.9995e-01
5.3400e+03,3.4877e-02,5.3702e-01,2.5158e+00,3.4493e+00,5.0001e-01
5.3500e+03,3.4663e-02,5.3687e-01,2.5158e+00,3.4494e+00,5.0008e-01
5.3600e+03,3.4451e-02,5.3672e-01,2.5158e+00,3.4496e+00,5.0015e-01
5.3700e+03,3.4239e-02,5.3658e-01,2.5158e+00,3.4497e+00,5.0022e-01
5.3800e+03,3.4029e-02,5.3644e-01,2.5158e+00,3.4499e+00,5.0028e-01
5.3900e+03,3.3821e-02,5.3629e-01,2.5158e+00,3.4500e+00,5.0035e-01
5.4000e+03,3.3613e-02,5.3615e-01,2.5158e+00,3.4501e+00,5.0042e-01
5.4100e+03,3.3407e-02,5.3601e-01,2.5158e+00,3.4503e+00,5.0048e-01
5.4200e+03,3.3203e-02,5.3587e-01,2.5158e+00,3.4504e+00,5.0055e-01
5.4300e+03,3.2999e-02,5.3573e-01,2.5158e+00,3.4506e+00,5.0061e-01
5.4400e+03,3.2797e-02,5.3559e-01,2.5158e+00,3.4507e+00,5.0068e-01
5.4500e+03,3.2596e-02,5.3545e-01,2.5158e+00,3.4508e+00,5.0074e-01
5.4600e+03,3.2396e-02,5.3532e-01,2.5158e+00,3.4510e+00,5.0080e-01
5.4700e+03,3.2198e-02,5.3518e-01,2.5158e+00,3.4511e+00,5.0087e-01
5.4800e+03,3.2001e-02,5.3505e-01,2.5158e+00,3.4512e+00,5.0093e-01
5.4900e+03,3.1805e-02,5.3491e-01,2.5158e+00,3.4514e+00,5.0099e-01
5.5000e+03,3.1611e-02,5.3478e-01,2.5158e+00,3.4515e+00,5.0105e-01
5.5100e+03,3.1417e-02,5.3465e-01,2.5158e+00,3.4516e+00,5.0112e-01
5.5200e+03,3.1225e-02,5.3452e-01,2.5158e+00,3.4518e+00,5.0118e-01
5.5300e+03,3.1034e-02,5.3439e-01,2.5158e+00,3.4519e+00,5.0124e-01
5.5400e+03,3.0844e-02,5.3426e-01,2.5158e+00,3.4520e+00,5.0130e-01
5.5500e+03,3.0655e-02,5.3413e-01,2.5158e+00,3.4522e+00,5.0136e-01
5.5600e+03,3.0468e-02,5.3400e-01,2.5158e+00,3.4523e+00,5.0142e-01
5.5700e+03,3.0282e-02,5.3387e-01,2.5158e+00,3.4524e+00,5.0148e-01
5.5800e+03,3.0097e-02,5.3374e-01,2.5158e+00,3.4525e+00,5.0154e-01
5.5900e+03,2.9913e-02,5.3362e-01,2.5158e+00,3.4527e+00,5.0159e-01
5.6000e+03,2.9730e-02,5.3349e-01,2.5158e+00,3.4528e+00,5.0165e-01
5.6100e+03,2.9548e-02,5.3337e-01,2.5158e+00,3.4529e+00,5.0171e-01
5.6200e+03,2.9368e-02,5.3325e-01,2.5158e+00,3.4530e+00,5.0177e-01
5.6300e+03,2.9189e-02,5.3312e-01,2.5158e+00,3.4531e+00,5.0183e-01
5.6400e+03,2.9010e-02,5.3300e-01,2.5158e+00,3.4533e+00,5.0188e-01
5.6500e+03,2.8833e-02,5.3288e-01,2.5158e+00,3.4534e+00,5.0194e-01
5.6600e+03,2.8657e-02,5.3276e-01,2.5158e+00,3.4535e+00,5.0200e-01
5.6700e+03,2.8482e-02,5.3264e-01,2.5158e+00,3.4536e+00,5.0205e-01
5.6800e+03,2.8309e-02,5.3252e-01,2.5158e+00,3.4537e+00,5.0211e-01
5.6900e+03,2.8136e-02,5.3240e-01,2.5158e+00,3.4539e+00,5.0216e-01
5.7000e+03,2.7964e-02,5.3229e-01,2.5158e+00,3.4540e+00,5.0222e-01
5.7100e+03,2.7794e-02,5.3217e-01,2.5158e+00,3.4541e+00,5.0227e-01
5.7200e+03,2.7624e-02,5.3206e-01,2.5158e+00,3.4542e+00,5.0233e-01
5.7300e+03,2.7456e-02,5.3194e-01,2.5158e+00,3.4543e+00,5.0238e-01
5.7400e+03,2.7288e-02,5.3183e-01,2.5158e+00,3.4544e+00,5.0243e-01
5.7500e+03,2.7122e-02,5.3171e-01,2.5158e+00,3.4546e+00,5.0249e-01
5.7600e+03,2.6957e-02,5.3160e-01,2.5158e+00,3.4547e+00,5.0254e-01
5.7700e+03,2.6792e-02,5.3149e-01,2.5158e+00,3.4548e+00,5.0259e-01
5.7800e+03,2.6629e-02,5.3138e-01,2.5158e+00,3.4549e+00,5.0264e-01
5.7900e+03,2.6467e-02,5.3127e-01,2.5158e+00,3.4550e+00,5.0270e-01
5.8000e+03,2.6306e-02,5.3115e-01,2.5158e+00,3.4551e+00,5.0275e-01
5.8100e+03,2.6145e-02,5.3105e-01,2.5158e+00,3.4552e+00,5.0280e-01
5.8200e+03,2.5986e-02,5.3094e-01,2.5158e+00,3.4553e+00,5.0285e-01
5.8300e+03,2.5828e-02,5.3083e-01,2.5158e+00,3.4554e+00,5.0290e-01
5.8400e+03,2.5671e-02,5.3072e-01,2.5158e+00,3.4555e+00,5.0295e-01
5.8500e+03,2.5514e-02,5.3061e-01,2.5158e+00,3.4556e+00,5.0300e-01
5.8600e+03,2.5359e-02,5.3051e-01,2.5158e+00,3.4558e+00,5.0305e-01
5.8700e+03,2.5205e-02,5.3040e-01,2.5158e+00,3.4559e+00,5.0310e-01
5.8800e+03,2.5051e-02,5.3030e-01,2.5158e+00,3.4560e+00,5.0315e-01
5.8900e+03,2.4899e-02,5.3020e-01,2.5158e+00,3.4561e+00,5.0320e-01
5.9000e+03,2.4747e-02,5.3009e-01,2.5158e+00,3.4562e+00,5.0325e-01
5.9100e+03,2.4597e-02,5.2999e-01,2.5158e+00,3.4563e+00,5.0329e-01
5.9200e+03,2.4447e-02,5.2989e-01,2.5158e+00,3.4564e+00,5.0334e-01
5.9300e+03,2.4299e-02,5.2979e-01,2.5158e+00,3.4565e+00,5.0339e-01
5.9400e+03,2.4151e-02,5.2968e-01,2.5158e+00,3.4566e+00,5.0344e-01
5.9500e+03,2.4004e-02,5.2958e-01,2.5158e+00,3.4567e+00,5.0348e-01
5.9600e+03,2.3858e-02,5.2949e-01,2.5158e+00,3.4568e+00,5.0353e-01
5.9700e+03,2.3713e-02,5.2939e-01,2.5158e+00,3.4569e+00,5.0358e-01
5.9800e+03,2.3569e-02,5.2929e-01,2.5158e+00,3.4570e+00,5.0362e-01
5.9900e+03,2.3426e-02,5.2919e-01,2.5158e+00,3.4571e+00,5.0367e-01
6.0000e+03,2.3283e-02,5.2909e-01,2.5158e+00,3.4572e+00,5.0372e-01
6.0100e+03,2.3142e-02,5.2900e-01,2.5158e+00,3.4573e+00,5.0376e-01
6.0200e+03,2.3001e-02,5.2890e-01,2.5158e+00,3.4574e+00,5.0381e-01
6.0300e+03,2.2862e-02,5.2881e-01,2.5158e+00,3.4575e+00,5.0385e-01
6.0400e+03,2.2723e-02,5.2871e-01,2.5158e+00,3.4575e+00,5.0390e-01
6.0500e+03,2.2585e-02,5.2862e-01,2.5158e+00,3.4576e+00,5.0394e-01
6.0600e+03,2.2448e-02,5.2852e-01,2.5158e+00,3.4577e+00,5.0398e-01
6.0700e+03,2.2311e-02,5.2843e-01,2.5158e+00,3.4578e+00,5.0403e-01
6.0800e+03,2.2176e-02,5.2834e-01,2.5158e+00,3.4579e+00,5.0407e-01
6.0900e+03,2.2041e-02,5.2825e-01,2.5158e+00,3.4580e+00,5.0411e-01
6.1000e+03,2.1908e-02,5.2816e-01,2.5158e+00,3.4581e+00,5.0416e-01
6.1100e+03,2.1775e-02,5.2807e-01,2.5158e+00,3.4582e+00,5.0420e-01
6.1200e+03,2.1643e-02,5.2797e-01,2.5158e+00,3.4583e+00,5.0424e-01
6.1300e+03,2.1511e-02,5.2789e-01,2.5158e+00,3.4584e+00,5.0428e-01
6.1400e+03,2.1381e-02,5.2780e-01,2.5158e+00,3.4585e+00,5.0433e-01
6.1500e+03,2.1251e-02,5.2771e-01,2.5158e+00,3.4585e+00,5.0437e-01
6.1600e+03,2.1122e-02,5.2762e-01,2.5158e+00,3.4586e+00,5.0441e-01
6.1700e+03,2.0994e-02,5.2753e-01,2.5158e+00,3.4587e+00,5.0445e-01
6.1800e+03,2.0867e-02,5.2745e-01,2.5158e+00,3.4588e+00,5.0449e-01
6.1900e+03,2.0740e-02,5.2736e-01,2.5158e+00,3.4589e+00,5.0453e-01
6.2000e+03,2.0615e-02,5.2727e-01,2.5158e+00,3.4590e+00,5.0457e-01
6.2100e+03,2.0490e-02,5.2719e-01,2.5158e+00,3.4591e+00,5.0461e-01
6.2200e+03,2.0366e-02,5.2711e-01,2.5158e+00,3.4591e+00,5.0465e-01
6.2300e+03,2.0242e-02,5.2702e-01,2.5158e+00,3.4592e+00,5.0469e-01
6.2400e+03,2.0119e-02,5.2694e-01,2.5158e+00,3.4593e+00,5.0473e-01
6.2500e+03,1.9998e-02,5.2685e-01,2.5158e+00,3.4594e+00,5.0477e-01
6.2600e+03,1.9876e-02,5.2677e-01,2.5158e+00,3.4595e+00,5.0481e-01
6.2700e+03,1.9756e-02,5.2669e-01,2.5158e+00,3.4596e+00,5.0485e-01
6.2800e+03,1.9636e-02,5.2661e-01,2.5158e+00,3.4596e+00,5.0489e-01
6.2900e+03,1.9517e-02,5.2653e-01,2.5158e+00,3.4597e+00,5.0493e-01
6.3000e+03,1.9399e-02,5.2645e-01,2.5158e+00,3.4598e+00,5.0496e-01
6.3100e+03,1.9282e-02,5.2637e-01,2.5158e+00,3.4599e+00,5.0500e-01
6.3200e+03,1.9165e-02,5.2629e-01,2.5158e+00,3.4600e+00,5.0504e-01
6.3300e+03,1.9049e-02,5.2621e-01,2.5158e+00,3.4600e+00,5.0508e-01
6.3400e+03,1.8934e-02,5.2613e-01,2.5158e+00,3.4601e+00,5.0511e-01
6.3500e+03,1.8819e-02,5.2605e-01,2.5158e+00,3.4602e+00,5.0515e-01
6.3600e+03,1.8705e-02,5.2597e-01,2.5158e+00,3.4603e+00,5.0519e-01
6.3700e+03,1.8592e-02,5.2590e-01,2.5158e+00,3.4603e+00,5.0522e-01
6.3800e+03,1.8480e-02,5.2582e-01,2.5158e+00,3.4604e+00,5.0526e-01
6.3900e+03,1.8368e-02,5.2575e-01,2.5158e+00,3.4605e+00,5.0530e-01
6.4000e+03,1.8257e-02,5.2567e-01,2.5158e+00,3.4606e+00,5.0533e-01
6.4100e+03,1.8146e-02,5.2559e-01,2.5158e+00,3.4606e+00,5.0537e-01
6.4200e+03,1.8036e-02,5.2552e-01,2.5158e+00,3.4607e+00,5.0540e-01
6.4300e+03,1.7927e-02,5.2545e-01,2.5158e+00,3.4608e+00,5.0544e-01
6.4400e+03,1.7819e-02,5.2537e-01,2.5158e+00,3.4609e+00,5.0547e-01
6.4500e+03,1.7711e-02,5.2530e-01,2.5158e+00,3.4609e+00,5.0551e-01
6.4600e+03,1.7604e-02,5.2523e-01,2.5158e+00,3.4610e+00,5.0554e-01
6.4700e+03,1.7498e-02,5.2515e-01,2.5158e+00,3.4611e+00,5.0558e-01
6.4800e+03,1.7392e-02,5.2508e-01,2.5158e+00,3.4612e+00,5.0561e-01
6.4900e+03,1.7287e-02,5.2501e-01,2.5158e+00,3.4612e+00,5.0565e-01
6.5000e+03,1.7182e-02,5.2494e-01,2.5158e+00,3.4613e+00,5.0568e-01
6.5100e+03,1.7078e-02,5.2487e-01,2.5158e+00,3.4614e+00,5.0571e-01
6.5200e+03,1.6975e-02,5.2480e-01,2.5158e+00,3.4614e+00,5.0575e-01
6.5300e+03,1.6873e-02,5.2473e-01,2.5158e+00,3.4615e+00,5.0578e-01
6.5400e+03,1.6771e-02,5.2466e-01,2.5158e+00,3.4616e+00,5.0581e-01
6.5500e+03,1.6669e-02,5.2459e-01,2.5158e+00,3.4616e+00,5.0584e-01
6.5600e+03,1.6569e-02,5.2452e-01,2.5158e+00,3.4617e+00,5.0588e-01
6.5700e+03,1.6469e-02,5.2445e-01,2.5158e+00,3.4618e+00,5.0591e-01
6.5800e+03,1.6369e-02,5.2439e-01,2.5158e+00,3.4619e+00,5.0594e-01
6.5900e+03,1.6270e-02,5.2432e-01,2.5158e+00,3.4619e+00,5.0597e-01
6.6000e+03,1.6172e-02,5.2425e-01,2.5158e+00,3.4620e+00,5.0600e-01
6.6100e+03,1.6074e-02,5.2419e-01,2.5158e+00,3.4621e+00,5.0604e-01
6.6200e+03,1.5977e-02,5.2412e-01,2.5158e+00,3.4621e+00,5.0607e-01
6.6300e+03,1.5881e-02,5.2405e-01,2.5158e+00,3.4622e+00,5.0610e-01
6.6400e+03,1.5785e-02,5.2399e-01,2.5158e+00,3.4622e+00,5.0613e-01
6.6500e+03,1.5690e-02,5.2392e-01,2.5158e+00,3.4623e+00,5.0616e-01
6.6600e+03,1.5595e-02,5.2386e-01,2.5158e+00,3.4624e+00,5.0619e-01
6.6700e+03,1.5501e-02,5.2380e-01,2.5158e+00,3.4624e+00,5.0622e-01
6.6800e+03,1.5407e-02,5.2373e-01,2.5158e+00,3.4625e+00,5.0625e-01
6.6900e+03,1.5314e-02,5.2367e-01,2.5158e+00,3.4626e+00,5.0628e-01
6.7000e+03,1.5222e-02,5.2361e-01,2.5158e+00,3.4626e+00,5.0631e-01
6.7100e+03,1.5130e-02,5.2354e-01,2.5158e+00,3.4627e+00,5.0634e-01
6.7200e+03,1.5039e-02,5.2348e-01,2.5158e+00,3.4628e+00,5.0637e-01
6.7300e+03,1.4948e-02,5.2342e-01,2.5158e+00,3.4628e+00,5.0640e-01
6.7400e+03,1.4858e-02,5.2336e-01,2.5158e+00,3.4629e+00,5.0643e-01
6.7500e+03,1.4768e-02,5.2330e-01,2.5158e+00,3.4629e+00,5.0646e-01
6.7600e+03,1.4679e-02,5.2324e-01,2.5158e+00,3.4630e+00,5.0649e-01
6.7700e+03,1.4591e-02,5.2318e-01,2.5158e+00,3.4631e+00,5.0652e-01
6.7800e+03,1.4503e-02,5.2312e-01,2.5158e+00,3.4631e+00,5.0654e-01
6.7900e+03,1.4415e-02,5.2306e-01,2.5158e+00,3.4632e+00,5.0657e-01
6.8000e+03,1.4329e-02,5.2300e-01,2.5158e+00,3.4632e+00,5.0660e-01
6.8100e+03,1.4242e-02,5.2294e-01,2.5158e+00,3.4633e+00,5.0663e-01
6.8200e+03,1.4156e-02,5.2288e-01,2.5158e+00,3.4634e+00,5.0666e-01
6.8300e+03,1.4071e-02,5.2282e-01,2.5158e+00,3.4634e+00,5.0668e-01
6.8400e+03,1.3986e-02,5.2277e-01,2.5158e+00,3.4635e+00,5.0671e-01
6.8500e+03,1.3902e-02,5.2271e-01,2.5158e+00,3.4635e+00,5.0674e-01
6.8600e+03,1.3818e-02,5.2265e-01,2.5158e+00,3.4636e+00,5.0677e-01
6.8700e+03,1.3735e-02,5.2260e-01,2.5158e+00,3.4636e+00,5.0679e-01
6.8800e+03,1.3652e-02,5.2254e-01,2.5158e+00,3.4637e+00,5.0682e-01
6.8900e+03,1.3570e-02,5.2248e-01,2.5158e+00,3.4637e+00,5.0685e-01
6.9000e+03,1.3488e-02,5.2243e-01,2.5158e+00,3.4638e+00,5.0687e-01
6.9100e+03,1.3407e-02,5.2237e-01,2.5158e+00,3.4639e+00,5.0690e-01
6.9200e+03,1.3326e-02,5.2232e-01,2.5158e+00,3.4639e+00,5.0693e-01
6.9300e+03,1.3246e-02,5.2226e-01,2.5158e+00,3.4640e+00,5.0695e-01
6.9400e+03,1.3166e-02,5.2221e-01,2.5158e+00,3.4640e+00,5.0698e-01
6.9500e+03,1.3087e-02,5.2216e-01,2.5158e+00,3.4641e+00,5.0700e-01
6.9600e+03,1.3008e-02,5.2210e-01,2.5158e+00,3.4641e+00,5.0703e-01
6.9700e+03,1.2930e-02,5.2205e-01,2.5158e+00,3.4642e+00,5.0705e-01
6.9800e+03,1.2852e-02,5.2200e-01,2.5158e+00,3.4642e+00,5.0708e-01
6.9900e+03,1.2774e-02,5.2194e-01,2.5158e+00,3.4643e+00,5.0710e-01
7.0000e+03,1.2697e-02,5.2189e-01,2.5158e+00,3.4643e+00,5.0713e-01
7.0100e+03,1.2621e-02,5.2184e-01,2.5158e+00,3.4644e+00,5.0715e-01
7.0200e+03,1.2545e-02,5.2179e-01,2.5158e+00,3.4644e+00,5.0718e-01
7.0300e+03,1.2469e-02,5.2174e-01,2.5158e+00,3.4645e+00,5.0720e-01
7.0400e+03,1.2394e-02,5.2169e-01,2.5158e+00,3.4645e+00,5.0723e-01
7.0500e+03,1.2320e-02,5.2164e-01,2.5158e+00,3.4646e+00,5.0725e-01
