t,[L2M],[D],[L],[L2MD],[L2Ms]
0.0000e+00,4.0000e+00,1.0000e+01,1.0000e+01,0.0000e+00,0.0000e+00
1.0000e+01,3.9188e+00,9.9244e+00,1.0004e+01,7.5357e-02,1.8911e-03
2.0000e+01,3.8432e+00,9.8507e+00,1.0004e+01,1.4902e-01,3.7534e-03
3.0000e+01,3.7697e+00,9.7789e+00,1.0004e+01,2.2075e-01,5.5806e-03
4.0000e+01,3.6980e+00,9.7089e+00,1.0004e+01,2.9062e-01,7.3733e-03
5.0000e+01,3.6282e+00,9.6408e+00,1.0004e+01,3.5871e-01,9.1326e-03
6.0000e+01,3.5601e+00,9.5744e+00,1.0004e+01,4.2506e-01,1.0859e-02
7.0000e+01,3.4937e+00,9.5096e+00,1.0004e+01,4.8974e-01,1.2554e-02
8.0000e+01,3.4290e+00,9.4465e+00,1.0004e+01,5.5282e-01,1.4217e-02
9.0000e+01,3.3658e+00,9.3849e+00,1.0004e+01,6.1433e-01,1.5851e-02
1.0000e+02,3.3042e+00,9.3249e+00,1.0004e+01,6.7434e-01,1.7454e-02
1.1000e+02,3.2441e+00,9.2663e+00,1.0004e+01,7.3289e-01,1.9029e-02
1.2000e+02,3.1854e+00,9.2091e+00,1.0004e+01,7.9004e-01,2.0576e-02
1.3000e+02,3.1281e+00,9.1532e+00,1.0004e+01,8.4582e-01,2.2095e-02
1.4000e+02,3.0721e+00,9.0987e+00,1.0004e+01,9.0029e-01,2.3587e-02
1.5000e+02,3.0175e+00,9.0455e+00,1.0004e+01,9.5348e-01,2.5052e-02
1.6000e+02,2.9641e+00,8.9935e+00,1.0004e+01,1.0054e+00,2.6492e-02
1.7000e+02,2.9119e+00,8.9427e+00,1.0004e+01,1.0562e+00,2.7907e-02
1.8000e+02,2.8609e+00,8.8930e+00,1.0004e+01,1.1058e+00,2.9298e-02
1.9000e+02,2.8111e+00,8.8445e+00,1.0004e+01,1.1542e+00,3.0664e-02
2.0000e+02,2.7624e+00,8.7971e+00,1.0004e+01,1.2016e+00,3.2007e-02
2.1000e+02,2.7147e+00,8.7507e+00,1.0004e+01,1.2479e+00,3.3326e-02
2.2000e+02,2.6681e+00,8.7054e+00,1.0004e+01,1.2932e+00,3.4624e-02
2.3000e+02,2.6226e+00,8.6610e+00,1.0004e+01,1.3375e+00,3.5899e-02
2.4000e+02,2.5780e+00,8.6177e+00,1.0004e+01,1.3809e+00,3.7153e-02
2.5000e+02,2.5344e+00,8.5752e+00,1.0004e+01,1.4233e+00,3.8386e-02
2.6000e+02,2.4917e+00,8.5337e+00,1.0004e+01,1.4647e+00,3.9598e-02
2.7000e+02,2.4499e+00,8.4931e+00,1.0004e+01,1.5053e+00,4.0790e-02
2.8000e+02,2.4090e+00,8.4533e+00,1.0004e+01,1.5451e+00,4.1962e-02
2.9000e+02,2.3689e+00,8.4144e+00,1.0004e+01,1.5839e+00,4.3115e-02
3.0000e+02,2.3297e+00,8.3763e+00,1.0004e+01,1.6220e+00,4.4249e-02
3.1000e+02,2.2913e+00,8.3390e+00,1.0004e+01,1.6593e+00,4.5364e-02
3.2000e+02,2.2537e+00,8.3024e+00,1.0004e+01,1.6958e+00,4.6461e-02
3.3000e+02,2.2169e+00,8.2666e+00,1.0004e+01,1.7316e+00,4.7540e-02
3.4000e+02,2.1808e+00,8.2315e+00,1.0004e+01,1.7666e+00,4.8602e-02
3.5000e+02,2.1454e+00,8.1972e+00,1.0004e+01,1.8010e+00,4.9647e-02
3.6000e+02,2.1107e+00,8.1635e+00,1.0004e+01,1.8346e+00,5.0675e-02
3.7000e+02,2.0768e+00,8.1305e+00,1.0004e+01,1.8676e+00,5.1686e-02
3.8000e+02,2.0435e+00,8.0982e+00,1.0004e+01,1.8999e+00,5.2682e-02
3.9000e+02,2.0108e+00,8.0665e+00,1.0004e+01,1.9315e+00,5.3661e-02
4.0000e+02,1.9788e+00,8.0354e+00,1.0004e+01,1.9626e+00,5.4625e-02
4.1000e+02,1.9474e+00,8.0049e+00,1.0004e+01,1.9930e+00,5.5574e-02
4.2000e+02,1.9166e+00,7.9751e+00,1.0004e+01,2.0229e+00,5.6508e-02
4.3000e+02,1.8864e+00,7.9458e+00,1.0004e+01,2.0521e+00,5.7427e-02
4.4000e+02,1.8568e+00,7.9170e+00,1.0004e+01,2.0808e+00,5.8332e-02
4.5000e+02,1.8278e+00,7.8888e+00,1.0004e+01,2.1090e+00,5.9223e-02
4.6000e+02,1.7993e+00,7.8612e+00,1.0004e+01,2.1366e+00,6.0100e-02
4.7000e+02,1.7713e+00,7.8340e+00,1.0004e+01,2.1637e+00,6.0964e-02
4.8000e+02,1.7439e+00,7.8074e+00,1.0004e+01,2.1903e+00,6.1814e-02
4.9000e+02,1.7169e+00,7.7813e+00,1.0004e+01,2.2164e+00,6.2651e-02
5.0000e+02,1.6905e+00,7.7557e+00,1.0004e+01,2.2420e+00,6.3475e-02
5.1000e+02,1.6645e+00,7.7305e+00,1.0004e+01,2.2672e+00,6.4287e-02
5.2000e+02,1.6391e+00,7.7058e+00,1.0004e+01,2.2919e+00,6.5086e-02
5.3000e+02,1.6140e+00,7.6815e+00,1.0004e+01,2.3161e+00,6.5873e-02
5.4000e+02,1.5895e+00,7.6577e+00,1.0004e+01,2.3399e+00,6.6649e-02
5.5000e+02,1.5654e+00,7.6344e+00,1.0004e+01,2.3632e+00,6.7412e-02
5.6000e+02,1.5417e+00,7.6114e+00,1.0004e+01,2.3862e+00,6.8164e-02
5.7000e+02,1.5184e+00,7.5889e+00,1.0004e+01,2.4087e+00,6.8905e-02
5.8000e+02,1.4956e+00,7.5667e+00,1.0004e+01,2.4308e+00,6.9635e-02
5.9000e+02,1.4731e+00,7.5450e+00,1.0004e+01,2.4525e+00,7.0353e-02
6.0000e+02,1.4511e+00,7.5236e+00,1.0004e+01,2.4739e+00,7.1061e-02
6.1000e+02,1.4294e+00,7.5026e+00,1.0004e+01,2.4948e+00,7.1759e-02
6.2000e+02,1.4081e+00,7.4820e+00,1.0004e+01,2.5154e+00,7.2446e-02
6.3000e+02,1.3872e+00,7.4618e+00,1.0004e+01,2.5356e+00,7.3123e-02
6.4000e+02,1.3667e+00,7.4419e+00,1.0004e+01,2.5555e+00,7.3790e-02
6.5000e+02,1.3465e+00,7.4223e+00,1.0004e+01,2.5751e+00,7.4447e-02
6.6000e+02,1.3266e+00,7.4031e+00,1.0004e+01,2.5943e+00,7.5095e-02
6.7000e+02,1.3071e+00,7.3842e+00,1.0004e+01,2.6131e+00,7.5733e-02
6.8000e+02,1.2880e+00,7.3657e+00,1.0004e+01,2.6317e+00,7.6362e-02
6.9000e+02,1.2691e+00,7.3474e+00,1.0004e+01,2.6499e+00,7.6981e-02
7.0000e+02,1.2506e+00,7.3295e+00,1.0004e+01,2.6678e+00,7.7592e-02
7.1000e+02,1.2324e+00,7.3118e+00,1.0004e+01,2.6855e+00,7.8193e-02
7.2000e+02,1.2144e+00,7.2945e+00,1.0004e+01,2.7028e+00,7.8786e-02
7.3000e+02,1.1968e+00,7.2774e+00,1.0004e+01,2.7198e+00,7.9371e-02
7.4000e+02,1.1795e+00,7.2607e+00,1.0004e+01,2.7366e+00,7.9947e-02
7.5000e+02,1.1625e+00,7.2442e+00,1.0004e+01,2.7530e+00,8.0514e-02
7.6000e+02,1.1457e+00,7.2280e+00,1.0004e+01,2.7692e+00,8.1074e-02
7.7000e+02,1.1292e+00,7.2120e+00,1.0004e+01,2.7851e+00,8.1625e-02
7.8000e+02,1.1130e+00,7.1964e+00,1.0004e+01,2.8008e+00,8.2169e-02
7.9000e+02,1.0971e+00,7.1809e+00,1.0004e+01,2.8162e+00,8.2705e-02
8.0000e+02,1.0814e+00,7.1658e+00,1.0004e+01,2.8314e+00,8.3233e-02
8.1000e+02,1.0660e+00,7.1508e+00,1.0004e+01,2.8463e+00,8.3754e-02
8.2000e+02,1.0508e+00,7.1362e+00,1.0004e+01,2.8610e+00,8.4267e-02
8.3000e+02,1.0359e+00,7.1217e+00,1.0004e+01,2.8754e+00,8.4773e-02
8.4000e+02,1.0212e+00,7.1075e+00,1.0004e+01,2.8896e+00,8.5272e-02
8.5000e+02,1.0067e+00,7.0935e+00,1.0004e+01,2.9035e+00,8.5764e-02
8.6000e+02,9.9247e-01,7.0798e+00,1.0004e+01,2.9173e+00,8.6249e-02
8.7000e+02,9.7846e-01,7.0662e+00,1.0004e+01,2.9308e+00,8.6727e-02
8.8000e+02,9.6468e-01,7.0529e+00,1.0004e+01,2.9441e+00,8.7198e-02
8.9000e+02,9.5112e-01,7.0398e+00,1.0004e+01,2.9572e+00,8.7663e-02
9.0000e+02,9.3777e-01,7.0269e+00,1.0004e+01,2.9701e+00,8.8121e-02
9.1000e+02,9.2463e-01,7.0142e+00,1.0004e+01,2.9828e+00,8.8573e-02
9.2000e+02,9.1169e-01,7.0017e+00,1.0004e+01,2.9953e+00,8.9018e-02
9.3000e+02,8.9896e-01,6.9894e+00,1.0004e+01,3.0076e+00,8.9458e-02
9.4000e+02,8.8643e-01,6.9773e+00,1.0004e+01,3.0197e+00,8.9891e-02
9.5000e+02,8.7409e-01,6.9653e+00,1.0004e+01,3.0316e+00,9.0318e-02
9.6000e+02,8.6194e-01,6.9536e+00,1.0004e+01,3.0433e+00,9.0739e-02
9.7000e+02,8.4998e-01,6.9420e+00,1.0004e+01,3.0549e+00,9.1155e-02
9.8000e+02,8.3820e-01,6.9307e+00,1.0004e+01,3.0662e+00,9.1565e-02
9.9000e+02,8.2660e-01,6.9195e+00,1.0004e+01,3.0774e+00,9.1969e-02
1.0000e+03,8.1518e-01,6.9084e+00,1.0004e+01,3.0885e+00,9.2367e-02
1.0100e+03,8.0394e-01,6.8976e+00,1.0004e+01,3.0993e+00,9.2760e-02
1.0200e+03,7.9287e-01,6.8869e+00,1.0004e+01,3.1100e+00,9.3148e-02
1.0300e+03,7.8196e-01,6.8763e+00,1.0004e+01,3.1205e+00,9.3530e-02
1.0400e+03,7.7122e-01,6.8660e+00,1.0004e+01,3.1309e+00,9.3907e-02
1.0500e+03,7.6064e-01,6.8558e+00,1.0004e+01,3.1411e+00,9.4279e-02
1.0600e+03,7.5023e-01,6.8457e+00,1.0004e+01,3.1511e+00,9.4646e-02
1.0700e+03,7.3996e-01,6.8358e+00,1.0004e+01,3.1610e+00,9.5007e-02
1.0800e+03,7.2986e-01,6.8260e+00,1.0004e+01,3.1708e+00,9.5364e-02
1.0900e+03,7.1990e-01,6.8164e+00,1.0004e+01,3.1804e+00,9.5716e-02
1.1000e+03,7.1009e-01,6.8069e+00,1.0004e+01,3.1898e+00,9.6064e-02
1.1100e+03,7.0043e-01,6.7976e+00,1.0004e+01,3.1992e+00,9.6406e-02
1.1200e+03,6.9091e-01,6.7884e+00,1.0004e+01,3.2083e+00,9.6744e-02
1.1300e+03,6.8154e-01,6.7794e+00,1.0004e+01,3.2174e+00,9.7077e-02
1.1400e+03,6.7230e-01,6.7705e+00,1.0004e+01,3.2263e+00,9.7406e-02
1.1500e+03,6.6320e-01,6.7617e+00,1.0004e+01,3.2351e+00,9.7730e-02
1.1600e+03,6.5423e-01,6.7530e+00,1.0004e+01,3.2437e+00,9.8050e-02
1.1700e+03,6.4539e-01,6.7445e+00,1.0004e+01,3.2522e+00,9.8366e-02
1.1800e+03,6.3669e-01,6.7361e+00,1.0004e+01,3.2606e+00,9.8677e-02
1.1900e+03,6.2811e-01,6.7278e+00,1.0004e+01,3.2689e+00,9.8984e-02
1.2000e+03,6.1965e-01,6.7196e+00,1.0004e+01,3.2771e+00,9.9287e-02
1.2100e+03,6.1132e-01,6.7116e+00,1.0004e+01,3.2851e+00,9.9586e-02
1.2200e+03,6.0311e-01,6.7037e+00,1.0004e+01,3.2930e+00,9.9881e-02
1.2300e+03,5.9502e-01,6.6959e+00,1.0004e+01,3.3008e+00,1.0017e-01
1.2400e+03,5.8705e-01,6.6882e+00,1.0004e+01,3.3085e+00,1.0046e-01
1.2500e+03,5.7919e-01,6.6806e+00,1.0004e+01,3.3161e+00,1.0074e-01
1.2600e+03,5.7144e-01,6.6731e+00,1.0004e+01,3.3235e+00,1.0102e-01
1.2700e+03,5.6381e-01,6.6658e+00,1.0004e+01,3.3309e+00,1.0130e-01
1.2800e+03,5.5629e-01,6.6585e+00,1.0004e+01,3.3381e+00,1.0157e-01
1.2900e+03,5.4887e-01,6.6513e+00,1.0004e+01,3.3453e+00,1.0184e-01
1.3000e+03,5.4156e-01,6.6443e+00,1.0004e+01,3.3523e+00,1.0210e-01
1.3100e+03,5.3436e-01,6.6373e+00,1.0004e+01,3.3593e+00,1.0237e-01
1.3200e+03,5.2725e-01,6.6305e+00,1.0004e+01,3.3661e+00,1.0262e-01
1.3300e+03,5.2025e-01,6.6237e+00,1.0004e+01,3.3729e+00,1.0288e-01
1.3400e+03,5.1335e-01,6.6171e+00,1.0004e+01,3.3795e+00,1.0313e-01
1.3500e+03,5.0655e-01,6.6105e+00,1.0004e+01,3.3861e+00,1.0338e-01
1.3600e+03,4.9984e-01,6.6040e+00,1.0004e+01,3.3925e+00,1.0362e-01
1.3700e+03,4.9322e-01,6.5977e+00,1.0004e+01,3.3989e+00,1.0386e-01
1.3800e+03,4.8671e-01,6.5914e+00,1.0004e+01,3.4052e+00,1.0410e-01
1.3900e+03,4.8028e-01,6.5852e+00,1.0004e+01,3.4114e+00,1.0434e-01
1.4000e+03,4.7394e-01,6.5791e+00,1.0004e+01,3.4175e+00,1.0457e-01
1.4100e+03,4.6769e-01,6.5730e+00,1.0004e+01,3.4235e+00,1.0480e-01
1.4200e+03,4.6153e-01,6.5671e+00,1.0004e+01,3.4295e+00,1.0502e-01
1.4300e+03,4.5546e-01,6.5613e+00,1.0004e+01,3.4353e+00,1.0525e-01
1.4400e+03,4.4947e-01,6.5555e+00,1.0004e+01,3.4411e+00,1.0547e-01
1.4500e+03,4.4356e-01,6.5498e+00,1.0004e+01,3.4468e+00,1.0568e-01
1.4600e+03,4.3774e-01,6.5442e+00,1.0004e+01,3.4524e+00,1.0590e-01
1.4700e+03,4.3199e-01,6.5386e+00,1.0004e+01,3.4579e+00,1.0611e-01
1.4800e+03,4.2633e-01,6.5332e+00,1.0004e+01,3.4634e+00,1.0632e-01
1.4900e+03,4.2075e-01,6.5278e+00,1.0004e+01,3.4687e+00,1.0652e-01
1.5000e+03,4.1524e-01,6.5225e+00,1.0004e+01,3.4740e+00,1.0673e-01
1.5100e+03,4.0981e-01,6.5172e+00,1.0004e+01,3.4793e+00,1.0693e-01
1.5200e+03,4.0445e-01,6.5121e+00,1.0004e+01,3.4844e+00,1.0712e-01
1.5300e+03,3.9917e-01,6.5070e+00,1.0004e+01,3.4895e+00,1.0732e-01
1.5400e+03,3.9396e-01,6.5020e+00,1.0004e+01,3.4945e+00,1.0751e-01
1.5500e+03,3.8882e-01,6.4970e+00,1.0004e+01,3.4995e+00,1.0770e-01
1.5600e+03,3.8376e-01,6.4921e+00,1.0004e+01,3.5044e+00,1.0789e-01
1.5700e+03,3.7876e-01,6.4873e+00,1.0004e+01,3.5092e+00,1.0808e-01
1.5800e+03,3.7383e-01,6.4826e+00,1.0004e+01,3.5139e+00,1.0826e-01
1.5900e+03,3.6897e-01,6.4779e+00,1.0004e+01,3.5186e+00,1.0844e-01
1.6000e+03,3.6417e-01,6.4733e+00,1.0004e+01,3.5232e+00,1.0862e-01
1.6100e+03,3.5944e-01,6.4687e+00,1.0004e+01,3.5278e+00,1.0879e-01
1.6200e+03,3.5478e-01,6.4642e+00,1.0004e+01,3.5323e+00,1.0897e-01
1.6300e+03,3.5018e-01,6.4598e+00,1.0004e+01,3.5367e+00,1.0914e-01
1.6400e+03,3.4564e-01,6.4554e+00,1.0004e+01,3.5411e+00,1.0931e-01
1.6500e+03,3.4116e-01,6.4511e+00,1.0004e+01,3.5454e+00,1.0947e-01
1.6600e+03,3.3674e-01,6.4468e+00,1.0004e+01,3.5496e+00,1.0964e-01
1.6700e+03,3.3239e-01,6.4426e+00,1.0004e+01,3.5538e+00,1.0980e-01
1.6800e+03,3.2809e-01,6.4385e+00,1.0004e+01,3.5580e+00,1.0996e-01
1.6900e+03,3.2385e-01,6.4344e+00,1.0004e+01,3.5620e+00,1.1012e-01
1.7000e+03,3.1967e-01,6.4304e+00,1.0004e+01,3.5661e+00,1.1028e-01
1.7100e+03,3.1554e-01,6.4264e+00,1.0004e+01,3.5700e+00,1.1043e-01
1.7200e+03,3.1147e-01,6.4225e+00,1.0004e+01,3.5740e+00,1.1058e-01
1.7300e+03,3.0745e-01,6.4186e+00,1.0004e+01,3.5778e+00,1.1074e-01
1.7400e+03,3.0349e-01,6.4148e+00,1.0004e+01,3.5816e+00,1.1088e-01
1.7500e+03,2.9958e-01,6.4110e+00,1.0004e+01,3.5854e+00,1.1103e-01
1.7600e+03,2.9573e-01,6.4073e+00,1.0004e+01,3.5891e+00,1.1118e-01
1.7700e+03,2.9192e-01,6.4036e+00,1.0004e+01,3.5928e+00,1.1132e-01
1.7800e+03,2.8817e-01,6.4000e+00,1.0004e+01,3.5964e+00,1.1146e-01
1.7900e+03,2.8446e-01,6.3965e+00,1.0004e+01,3.5999e+00,1.1160e-01
1.8000e+03,2.8081e-01,6.3929e+00,1.0004e+01,3.6035e+00,1.1174e-01
1.8100e+03,2.7721e-01,6.3895e+00,1.0004e+01,3.6069e+00,1.1187e-01
1.8200e+03,2.7365e-01,6.3860e+00,1.0004e+01,3.6104e+00,1.1201e-01
1.8300e+03,2.7014e-01,6.3827e+00,1.0004e+01,3.6137e+00,1.1214e-01
1.8400e+03,2.6668e-01,6.3793e+00,1.0004e+01,3.6171e+00,1.1227e-01
1.8500e+03,2.6326e-01,6.3760e+00,1.0004e+01,3.6203e+00,1.1240e-01
1.8600e+03,2.5989e-01,6.3728e+00,1.0004e+01,3.6236e+00,1.1252e-01
1.8700e+03,2.5656e-01,6.3696e+00,1.0004e+01,3.6268e+00,1.1265e-01
1.8800e+03,2.5328e-01,6.3664e+00,1.0004e+01,3.6300e+00,1.1277e-01
1.8900e+03,2.5004e-01,6.3633e+00,1.0004e+01,3.6331e+00,1.1290e-01
1.9000e+03,2.4684e-01,6.3602e+00,1.0004e+01,3.6361e+00,1.1302e-01
1.9100e+03,2.4369e-01,6.3572e+00,1.0004e+01,3.6392e+00,1.1314e-01
1.9200e+03,2.4058e-01,6.3542e+00,1.0004e+01,3.6422e+00,1.1325e-01
1.9300e+03,2.3750e-01,6.3512e+00,1.0004e+01,3.6451e+00,1.1337e-01
1.9400e+03,2.3447e-01,6.3483e+00,1.0004e+01,3.6480e+00,1.1349e-01
1.9500e+03,2.3148e-01,6.3454e+00,1.0004e+01,3.6509e+00,1.1360e-01
1.9600e+03,2.2853e-01,6.3426e+00,1.0004e+01,3.6538e+00,1.1371e-01
1.9700e+03,2.2562e-01,6.3398e+00,1.0004e+01,3.6566e+00,1.1382e-01
1.9800e+03,2.2274e-01,6.3370e+00,1.0004e+01,3.6593e+00,1.1393e-01
1.9900e+03,2.1991e-01,6.3343e+00,1.0004e+01,3.6621e+00,1.1404e-01
2.0000e+03,2.1711e-01,6.3316e+00,1.0004e+01,3.6648e+00,1.1414e-01
2.0100e+03,2.1435e-01,6.3289e+00,1.0004e+01,3.6674e+00,1.1425e-01
2.0200e+03,2.1162e-01,6.3263e+00,1.0004e+01,3.6700e+00,1.1435e-01
2.0300e+03,2.0893e-01,6.3237e+00,1.0004e+01,3.6726e+00,1.1446e-01
2.0400e+03,2.0627e-01,6.3211e+00,1.0004e+01,3.6752e+00,1.1456e-01
2.0500e+03,2.0365e-01,6.3186e+00,1.0004e+01,3.6777e+00,1.1466e-01
2.0600e+03,2.0107e-01,6.3161e+00,1.0004e+01,3.6802e+00,1.1475e-01
2.0700e+03,1.9851e-01,6.3137e+00,1.0004e+01,3.6826e+00,1.1485e-01
2.0800e+03,1.9600e-01,6.3112e+00,1.0004e+01,3.6851e+00,1.1495e-01
2.0900e+03,1.9351e-01,6.3089e+00,1.0004e+01,3.6875e+00,1.1504e-01
2.1000e+03,1.9105e-01,6.3065e+00,1.0004e+01,3.6898e+00,1.1514e-01
2.1100e+03,1.8863e-01,6.3042e+00,1.0004e+01,3.6921e+00,1.1523e-01
2.1200e+03,1.8624e-01,6.3019e+00,1.0004e+01,3.6944e+00,1.1532e-01
2.1300e+03,1.8388e-01,6.2996e+00,1.0004e+01,3.6967e+00,1.1541e-01
2.1400e+03,1.8155e-01,6.2973e+00,1.0004e+01,3.6990e+00,1.1550e-01
2.1500e+03,1.7925e-01,6.2951e+00,1.0004e+01,3.7012e+00,1.1559e-01
2.1600e+03,1.7699e-01,6.2929e+00,1.0004e+01,3.7033e+00,1.1567e-01
2.1700e+03,1.7475e-01,6.2908e+00,1.0004e+01,3.7055e+00,1.1576e-01
2.1800e+03,1.7254e-01,6.2887e+00,1.0004e+01,3.7076e+00,1.1584e-01
2.1900e+03,1.7035e-01,6.2866e+00,1.0004e+01,3.7097e+00,1.1593e-01
2.2000e+03,1.6820e-01,6.2845e+00,1.0004e+01,3.7118e+00,1.1601e-01
2.2100e+03,1.6608e-01,6.2824e+00,1.0004e+01,3.7138e+00,1.1609e-01
2.2200e+03,1.6398e-01,6.2804e+00,1.0004e+01,3.7159e+00,1.1617e-01
2.2300e+03,1.6191e-01,6.2784e+00,1.0004e+01,3.7178e+00,1.1625e-01
2.2400e+03,1.5986e-01,6.2765e+00,1.0004e+01,3.7198e+00,1.1633e-01
2.2500e+03,1.5785e-01,6.2745e+00,1.0004e+01,3.7218e+00,1.1641e-01
2.2600e+03,1.5585e-01,6.2726e+00,1.0004e+01,3.7237e+00,1.1648e-01
2.2700e+03,1.5389e-01,6.2707e+00,1.0004e+01,3.7256e+00,1.1656e-01
2.2800e+03,1.5195e-01,6.2688e+00,1.0004e+01,3.7274e+00,1.1663e-01
2.2900e+03,1.5003e-01,6.2670e+00,1.0004e+01,3.7293e+00,1.1670e-01
2.3000e+03,1.4814e-01,6.2652e+00,1.0004e+01,3.7311e+00,1.1678e-01
2.3100e+03,1.4627e-01,6.2634e+00,1.0004e+01,3.7329e+00,1.1685e-01
2.3200e+03,1.4443e-01,6.2616e+00,1.0004e+01,3.7347e+00,1.1692e-01
2.3300e+03,1.4261e-01,6.2599e+00,1.0004e+01,3.7364e+00,1.1699e-01
2.3400e+03,1.4082e-01,6.2581e+00,1.0004e+01,3.7381e+00,1.1706e-01
2.3500e+03,1.3904e-01,6.2564e+00,1.0004e+01,3.7398e+00,1.1713e-01
2.3600e+03,1.3729e-01,6.2547e+00,1.0004e+01,3.7415e+00,1.1719e-01
2.3700e+03,1.3557e-01,6.2531e+00,1.0004e+01,3.7432e+00,1.1726e-01
2.3800e+03,1.3386e-01,6.2514e+00,1.0004e+01,3.7448e+00,1.1733e-01
2.3900e+03,1.3218e-01,6.2498e+00,1.0004e+01,3.7464e+00,1.1739e-01
2.4000e+03,1.3052e-01,6.2482e+00,1.0004e+01,3.7480e+00,1.1745e-01
2.4100e+03,1.2888e-01,6.2466e+00,1.0004e+01,3.7496e+00,1.1752e-01
2.4200e+03,1.2726e-01,6.2451e+00,1.0004e+01,3.7512e+00,1.1758e-01
2.4300e+03,1.2566e-01,6.2435e+00,1.0004e+01,3.7527e+00,1.1764e-01
2.4400e+03,1.2408e-01,6.2420e+00,1.0004e+01,3.7542e+00,1.1770e-01
2.4500e+03,1.2252e-01,6.2405e+00,1.0004e+01,3.7557e+00,1.1776e-01
2.4600e+03,1.2098e-01,6.2390e+00,1.0004e+01,3.7572e+00,1.1782e-01
2.4700e+03,1.1946e-01,6.2376e+00,1.0004e+01,3.7587e+00,1.1788e-01
2.4800e+03,1.1797e-01,6.2361e+00,1.0004e+01,3.7601e+00,1.1794e-01
2.4900e+03,1.1649e-01,6.2347e+00,1.0004e+01,3.7615e+00,1.1799e-01
2.5000e+03,1.1502e-01,6.2333e+00,1.0004e+01,3.7629e+00,1.1805e-01
2.5100e+03,1.1358e-01,6.2319e+00,1.0004e+01,3.7643e+00,1.1811e-01
2.5200e+03,1.1216e-01,6.2305e+00,1.0004e+01,3.7657e+00,1.1816e-01
2.5300e+03,1.1075e-01,6.2292e+00,1.0004e+01,3.7670e+00,1.1822e-01
2.5400e+03,1.0936e-01,6.2279e+00,1.0004e+01,3.7684e+00,1.1827e-01
2.5500e+03,1.0799e-01,6.2265e+00,1.0004e+01,3.7697e+00,1.1832e-01
2.5600e+03,1.0664e-01,6.2252e+00,1.0004e+01,3.7710e+00,1.1837e-01
2.5700e+03,1.0530e-01,6.2240e+00,1.0004e+01,3.7723e+00,1.1843e-01
2.5800e+03,1.0398e-01,6.2227e+00,1.0004e+01,3.7735e+00,1.1848e-01
2.5900e+03,1.0268e-01,6.2214e+00,1.0004e+01,3.7748e+00,1.1853e-01
2.6000e+03,1.0140e-01,6.2202e+00,1.0004e+01,3.7760e+00,1.1858e-01
2.6100e+03,1.0013e-01,6.2190e+00,1.0004e+01,3.7773e+00,1.1863e-01
2.6200e+03,9.8875e-02,6.2178e+00,1.0004e+01,3.7785e+00,1.1867e-01
2.6300e+03,9.7638e-02,6.2166e+00,1.0004e+01,3.7796e+00,1.1872e-01
2.6400e+03,9.6416e-02,6.2154e+00,1.0004e+01,3.7808e+00,1.1877e-01
2.6500e+03,9.5210e-02,6.2142e+00,1.0004e+01,3.7820e+00,1.1882e-01
2.6600e+03,9.4020e-02,6.2131e+00,1.0004e+01,3.7831e+00,1.1886e-01
2.6700e+03,9.2844e-02,6.2120e+00,1.0004e+01,3.7843e+00,1.1891e-01
2.6800e+03,9.1683e-02,6.2108e+00,1.0004e+01,3.7854e+00,1.1895e-01
2.6900e+03,9.0537e-02,6.2097e+00,1.0004e+01,3.7865e+00,1.1900e-01
2.7000e+03,8.9406e-02,6.2087e+00,1.0004e+01,3.7876e+00,1.1904e-01
2.7100e+03,8.8289e-02,6.2076e+00,1.0004e+01,3.7886e+00,1.1908e-01
2.7200e+03,8.7186e-02,6.2065e+00,1.0004e+01,3.7897e+00,1.1913e-01
2.7300e+03,8.6097e-02,6.2055e+00,1.0004e+01,3.7907e+00,1.1917e-01
2.7400e+03,8.5021e-02,6.2044e+00,1.0004e+01,3.7918e+00,1.1921e-01
2.7500e+03,8.3960e-02,6.2034e+00,1.0004e+01,3.7928e+00,1.1925e-01
2.7600e+03,8.2911e-02,6.2024e+00,1.0004e+01,3.7938e+00,1.1929e-01
2.7700e+03,8.1876e-02,6.2014e+00,1.0004e+01,3.7948e+00,1.1933e-01
2.7800e+03,8.0854e-02,6.2004e+00,1.0004e+01,3.7958e+00,1.1937e-01
2.7900e+03,7.9845e-02,6.1995e+00,1.0004e+01,3.7967e+00,1.1941e-01
2.8000e+03,7.8849e-02,6.1985e+00,1.0004e+01,3.7977e+00,1.1945e-01
2.8100e+03,7.7865e-02,6.1975e+00,1.0004e+01,3.7987e+00,1.1949e-01
2.8200e+03,7.6894e-02,6.1966e+00,1.0004e+01,3.7996e+00,1.1953e-01
2.8300e+03,7.5935e-02,6.1957e+00,1.0004e+01,3.8005e+00,1.1956e-01
2.8400e+03,7.4988e-02,6.1948e+00,1.0004e+01,3.8014e+00,1.1960e-01
2.8500e+03,7.4053e-02,6.1939e+00,1.0004e+01,3.8023e+00,1.1964e-01
2.8600e+03,7.3129e-02,6.1930e+00,1.0004e+01,3.8032e+00,1.1967e-01
2.8700e+03,7.2218e-02,6.1921e+00,1.0004e+01,3.8041e+00,1.1971e-01
2.8800e+03,7.1317e-02,6.1912e+00,1.0004e+01,3.8049e+00,1.1974e-01
2.8900e+03,7.0429e-02,6.1904e+00,1.0004e+01,3.8058e+00,1.1978e-01
2.9000e+03,6.9551e-02,6.1895e+00,1.0004e+01,3.8066e+00,1.1981e-01
2.9100e+03,6.8684e-02,6.1887e+00,1.0004e+01,3.8075e+00,1.1984e-01
2.9200e+03,6.7829e-02,6.1879e+00,1.0004e+01,3.8083e+00,1.1988e-01
2.9300e+03,6.6984e-02,6.1871e+00,1.0004e+01,3.8091e+00,1.1991e-01
2.9400e+03,6.6149e-02,6.1863e+00,1.0004e+01,3.8099e+00,1.1994e-01
2.9500e+03,6.5326e-02,6.1855e+00,1.0004e+01,3.8107e+00,1.1997e-01
2.9600e+03,6.4512e-02,6.1847e+00,1.0004e+01,3.8115e+00,1.2001e-01
2.9700e+03,6.3709e-02,6.1839e+00,1.0004e+01,3.8123e+00,1.2004e-01
2.9800e+03,6.2916e-02,6.1832e+00,1.0004e+01,3.8130e+00,1.2007e-01
2.9900e+03,6.2133e-02,6.1824e+00,1.0004e+01,3.8138e+00,1.2010e-01
3.0000e+03,6.1359e-02,6.1817e+00,1.0004e+01,3.8145e+00,1.2013e-01
3.0100e+03,6.0596e-02,6.1809e+00,1.0004e+01,3.8153e+00,1.2016e-01
3.0200e+03,5.9842e-02,6.1802e+00,1.0004e+01,3.8160e+00,1.2019e-01
3.0300e+03,5.9097e-02,6.1795e+00,1.0004e+01,3.8167e+00,1.2022e-01
3.0400e+03,5.8362e-02,6.1788e+00,1.0004e+01,3.8174e+00,1.2025e-01
3.0500e+03,5.7636e-02,6.1781e+00,1.0004e+01,3.8181e+00,1.2027e-01
3.0600e+03,5.6919e-02,6.1774e+00,1.0004e+01,3.8188e+00,1.2030e-01
3.0700e+03,5.6211e-02,6.1767e+00,1.0004e+01,3.8195e+00,1.2033e-01
3.0800e+03,5.5512e-02,6.1760e+00,1.0004e+01,3.8201e+00,1.2036e-01
3.0900e+03,5.4822e-02,6.1754e+00,1.0004e+01,3.8208e+00,1.2038e-01
3.1000e+03,5.4140e-02,6.1747e+00,1.0004e+01,3.8215e+00,1.2041e-01
3.1100e+03,5.3467e-02,6.1741e+00,1.0004e+01,3.8221e+00,1.2044e-01
3.1200e+03,5.2802e-02,6.1734e+00,1.0004e+01,3.8227e+00,1.2046e-01
3.1300e+03,5.2146e-02,6.1728e+00,1.0004e+01,3.8234e+00,1.2049e-01
3.1400e+03,5.1498e-02,6.1722e+00,1.0004e+01,3.8240e+00,1.2051e-01
3.1500e+03,5.0858e-02,6.1716e+00,1.0004e+01,3.8246e+00,1.2054e-01
3.1600e+03,5.0226e-02,6.1710e+00,1.0004e+01,3.8252e+00,1.2056e-01
3.1700e+03,4.9602e-02,6.1704e+00,1.0004e+01,3.8258e+00,1.2059e-01
3.1800e+03,4.8986e-02,6.1698e+00,1.0004e+01,3.8264e+00,1.2061e-01
3.1900e+03,4.8377e-02,6.1692e+00,1.0004e+01,3.8270e+00,1.2063e-01
3.2000e+03,4.7776e-02,6.1686e+00,1.0004e+01,3.8276e+00,1.2066e-01
3.2100e+03,4.7183e-02,6.1680e+00,1.0004e+01,3.8281e+00,1.2068e-01
3.2200e+03,4.6597e-02,6.1675e+00,1.0004e+01,3.8287e+00,1.2070e-01
3.2300e+03,4.6018e-02,6.1669e+00,1.0004e+01,3.8293e+00,1.2073e-01
3.2400e+03,4.5447e-02,6.1664e+00,1.0004e+01,3.8298e+00,1.2075e-01
3.2500e+03,4.4882e-02,6.1658e+00,1.0004e+01,3.8304e+00,1.2077e-01
3.2600e+03,4.4325e-02,6.1653e+00,1.0004e+01,3.8309e+00,1.2079e-01
3.2700e+03,4.3775e-02,6.1648e+00,1.0004e+01,3.8314e+00,1.2081e-01
3.2800e+03,4.3231e-02,6.1642e+00,1.0004e+01,3.8319e+00,1.2083e-01
3.2900e+03,4.2695e-02,6.1637e+00,1.0004e+01,3.8325e+00,1.2086e-01
3.3000e+03,4.2165e-02,6.1632e+00,1.0004e+01,3.8330e+00,1.2088e-01
3.3100e+03,4.1642e-02,6.1627e+00,1.0004e+01,3.8335e+00,1.2090e-01
3.3200e+03,4.1125e-02,6.1622e+00,1.0004e+01,3.8340e+00,1.2092e-01
3.3300e+03,4.0614e-02,6.1617e+00,1.0004e+01,3.8345e+00,1.2094e-01
3.3400e+03,4.0110e-02,6.1612e+00,1.0004e+01,3.8349e+00,1.2096e-01
3.3500e+03,3.9613e-02,6.1607e+00,1.0004e+01,3.8354e+00,1.2098e-01
3.3600e+03,3.9121e-02,6.1603e+00,1.0004e+01,3.8359e+00,1.2099e-01
3.3700e+03,3.8636e-02,6.1598e+00,1.0004e+01,3.8364e+00,1.2101e-01
3.3800e+03,3.8157e-02,6.1593e+00,1.0004e+01,3.8368e+00,1.2103e-01
3.3900e+03,3.7684e-02,6.1589e+00,1.0004e+01,3.8373e+00,1.2105e-01
3.4000e+03,3.7216e-02,6.1584e+00,1.0004e+01,3.8377e+00,1.2107e-01
3.4100e+03,3.6755e-02,6.1580e+00,1.0004e+01,3.8382e+00,1.2109e-01
3.4200e+03,3.6299e-02,6.1576e+00,1.0004e+01,3.8386e+00,1.2110e-01
3.4300e+03,3.5849e-02,6.1571e+00,1.0004e+01,3.8390e+00,1.2112e-01
3.4400e+03,3.5404e-02,6.1567e+00,1.0004e+01,3.8395e+00,1.2114e-01
3.4500e+03,3.4965e-02,6.1563e+00,1.0004e+01,3.8399e+00,1.2116e-01
3.4600e+03,3.4532e-02,6.1559e+00,1.0004e+01,3.8403e+00,1.2117e-01
3.4700e+03,3.4104e-02,6.1554e+00,1.0004e+01,3.8407e+00,1.2119e-01
3.4800e+03,3.3681e-02,6.1550e+00,1.0004e+01,3.8411e+00,1.2121e-01
3.4900e+03,3.3263e-02,6.1546e+00,1.0004e+01,3.8415e+00,1.2122e-01
3.5000e+03,3.2851e-02,6.1542e+00,1.0004e+01,3.8419e+00,1.2124e-01
3.5100e+03,3.2444e-02,6.1539e+00,1.0004e+01,3.8423e+00,1.2126e-01
3.5200e+03,3.2042e-02,6.1535e+00,1.0004e+01,3.8427e+00,1.2127e-01
3.5300e+03,3.1645e-02,6.1531e+00,1.0004e+01,3.8431e+00,1.2129e-01
3.5400e+03,3.1253e-02,6.1527e+00,1.0004e+01,3.8435e+00,1.2130e-01
3.5500e+03,3.0865e-02,6.1523e+00,1.0004e+01,3.8438e+00,1.2132e-01
3.5600e+03,3.0483e-02,6.1520e+00,1.0004e+01,3.8442e+00,1.2133e-01
3.5700e+03,3.0105e-02,6.1516e+00,1.0004e+01,3.8446e+00,1.2135e-01
3.5800e+03,2.9732e-02,6.1512e+00,1.0004e+01,3.8449e+00,1.2136e-01
3.5900e+03,2.9364e-02,6.1509e+00,1.0004e+01,3.8453e+00,1.2138e-01
3.6000e+03,2.9000e-02,6.1505e+00,1.0004e+01,3.8456e+00,1.2139e-01
3.6100e+03,2.8641e-02,6.1502e+00,1.0004e+01,3.8460e+00,1.2140e-01
3.6200e+03,2.8286e-02,6.1499e+00,1.0004e+01,3.8463e+00,1.2142e-01
3.6300e+03,2.7936e-02,6.1495e+00,1.0004e+01,3.8466e+00,1.2143e-01
3.6400e+03,2.7590e-02,6.1492e+00,1.0004e+01,3.8470e+00,1.2144e-01
3.6500e+03,2.7248e-02,6.1489e+00,1.0004e+01,3.8473e+00,1.2146e-01
3.6600e+03,2.6911e-02,6.1485e+00,1.0004e+01,3.8476e+00,1.2147e-01
3.6700e+03,2.6577e-02,6.1482e+00,1.0004e+01,3.8479e+00,1.2148e-01
3.6800e+03,2.6248e-02,6.1479e+00,1.0004e+01,3.8483e+00,1.2150e-01
3.6900e+03,2.5923e-02,6.1476e+00,1.0004e+01,3.8486e+00,1.2151e-01
3.7000e+03,2.5602e-02,6.1473e+00,1.0004e+01,3.8489e+00,1.2152e-01
3.7100e+03,2.5285e-02,6.1470e+00,1.0004e+01,3.8492e+00,1.2153e-01
3.7200e+03,2.4972e-02,6.1467e+00,1.0004e+01,3.8495e+00,1.2155e-01
3.7300e+03,2.4663e-02,6.1464e+00,1.0004e+01,3.8498e+00,1.2156e-01
3.7400e+03,2.4358e-02,6.1461e+00,1.0004e+01,3.8501e+00,1.2157e-01
3.7500e+03,2.4056e-02,6.1458e+00,1.0004e+01,3.8504e+00,1.2158e-01
3.7600e+03,2.3759e-02,6.1455e+00,1.0004e+01,3.8507e+00,1.2159e-01
3.7700e+03,2.3464e-02,6.1452e+00,1.0004e+01,3.8509e+00,1.2161e-01
3.7800e+03,2.3174e-02,6.1449e+00,1.0004e+01,3.8512e+00,1.2162e-01
3.7900e+03,2.2887e-02,6.1447e+00,1.0004e+01,3.8515e+00,1.2163e-01
3.8000e+03,2.2604e-02,6.1444e+00,1.0004e+01,3.8518e+00,1.2164e-01
3.8100e+03,2.2324e-02,6.1441e+00,1.0004e+01,3.8520e+00,1.2165e-01
3.8200e+03,2.2048e-02,6.1439e+00,1.0004e+01,3.8523e+00,1.2166e-01
3.8300e+03,2.1775e-02,6.1436e+00,1.0004e+01,3.8526e+00,1.2167e-01
3.8400e+03,2.1506e-02,6.1433e+00,1.0004e+01,3.8528e+00,1.2168e-01
3.8500e+03,2.1240e-02,6.1431e+00,1.0004e+01,3.8531e+00,1.2169e-01
3.8600e+03,2.0977e-02,6.1428e+00,1.0004e+01,3.8533e+00,1.2170e-01
3.8700e+03,2.0717e-02,6.1426e+00,1.0004e+01,3.8536e+00,1.2171e-01
3.8800e+03,2.0461e-02,6.1423e+00,1.0004e+01,3.8538e+00,1.2172e-01
3.8900e+03,2.0208e-02,6.1421e+00,1.0004e+01,3.8541e+00,1.2173e-01
3.9000e+03,1.9958e-02,6.1418e+00,1.0004e+01,3.8543e+00,1.2174e-01
3.9100e+03,1.9711e-02,6.1416e+00,1.0004e+01,3.8545e+00,1.2175e-01
3.9200e+03,1.9467e-02,6.1414e+00,1.0004e+01,3.8548e+00,1.2176e-01
3.9300e+03,1.9226e-02,6.1411e+00,1.0004e+01,3.8550e+00,1.2177e-01
3.9400e+03,1.8988e-02,6.1409e+00,1.0004e+01,3.8552e+00,1.2178e-01
3.9500e+03,1.8754e-02,6.1407e+00,1.0004e+01,3.8555e+00,1.2179e-01
3.9600e+03,1.8522e-02,6.1405e+00,1.0004e+01,3.8557e+00,1.2180e-01
3.9700e+03,1.8292e-02,6.1402e+00,1.0004e+01,3.8559e+00,1.2181e-01
3.9800e+03,1.8066e-02,6.1400e+00,1.0004e+01,3.8561e+00,1.2182e-01
3.9900e+03,1.7843e-02,6.1398e+00,1.0004e+01,3.8563e+00,1.2183e-01
4.0000e+03,1.7622e-02,6.1396e+00,1.0004e+01,3.8565e+00,1.2183e-01
4.0100e+03,1.7404e-02,6.1394e+00,1.0004e+01,3.8568e+00,1.2184e-01
4.0200e+03,1.7189e-02,6.1392e+00,1.0004e+01,3.8570e+00,1.2185e-01
4.0300e+03,1.6976e-02,6.1390e+00,1.0004e+01,3.8572e+00,1.2186e-01
4.0400e+03,1.6766e-02,6.1388e+00,1.0004e+01,3.8574e+00,1.2187e-01
4.0500e+03,1.6559e-02,6.1386e+00,1.0004e+01,3.8576e+00,1.2188e-01
4.0600e+03,1.6354e-02,6.1384e+00,1.0004e+01,3.8578e+00,1.2188e-01
4.0700e+03,1.6152e-02,6.1382e+00,1.0004e+01,3.8580e+00,1.2189e-01
4.0800e+03,1.5952e-02,6.1380e+00,1.0004e+01,3.8582e+00,1.2190e-01
4.0900e+03,1.5755e-02,6.1378e+00,1.0004e+01,3.8583e+00,1.2191e-01
4.1000e+03,1.5560e-02,6.1376e+00,1.0004e+01,3.8585e+00,1.2192e-01
4.1100e+03,1.5368e-02,6.1374e+00,1.0004e+01,3.8587e+00,1.2192e-01
4.1200e+03,1.5178e-02,6.1372e+00,1.0004e+01,3.8589e+00,1.2193e-01
4.1300e+03,1.4990e-02,6.1371e+00,1.0004e+01,3.8591e+00,1.2194e-01
4.1400e+03,1.4805e-02,6.1369e+00,1.0004e+01,3.8593e+00,1.2194e-01
4.1500e+03,1.4622e-02,6.1367e+00,1.0004e+01,3.8594e+00,1.2195e-01
4.1600e+03,1.4441e-02,6.1365e+00,1.0004e+01,3.8596e+00,1.2196e-01
4.1700e+03,1.4263e-02,6.1364e+00,1.0004e+01,3.8598e+00,1.2197e-01
4.1800e+03,1.4087e-02,6.1362e+00,1.0004e+01,3.8599e+00,1.2197e-01
4.1900e+03,1.3912e-02,6.1360e+00,1.0004e+01,3.8601e+00,1.2198e-01
4.2000e+03,1.3740e-02,6.1359e+00,1.0004e+01,3.8603e+00,1.2199e-01
4.2100e+03,1.3571e-02,6.1357e+00,1.0004e+01,3.8604e+00,1.2199e-01
4.2200e+03,1.3403e-02,6.1355e+00,1.0004e+01,3.8606e+00,1.2200e-01
4.2300e+03,1.3237e-02,6.1354e+00,1.0004e+01,3.8608e+00,1.2201e-01
4.2400e+03,1.3074e-02,6.1352e+00,1.0004e+01,3.8609e+00,1.2201e-01
4.2500e+03,1.2912e-02,6.1351e+00,1.0004e+01,3.8611e+00,1.2202e-01
4.2600e+03,1.2753e-02,6.1349e+00,1.0004e+01,3.8612e+00,1.2203e-01
4.2700e+03,1.2595e-02,6.1348e+00,1.0004e+01,3.8614e+00,1.2203e-01
4.2800e+03,1.2439e-02,6.1346e+00,1.0004e+01,3.8615e+00,1.2204e-01
4.2900e+03,1.2286e-02,6.1345e+00,1.0004e+01,3.8617e+00,1.2204e-01
4.3000e+03,1.2134e-02,6.1343e+00,1.0004e+01,3.8618e+00,1.2205e-01
4.3100e+03,1.1984e-02,6.1342e+00,1.0004e+01,3.8620e+00,1.2206e-01
4.3200e+03,1.1836e-02,6.1340e+00,1.0004e+01,3.8621e+00,1.2206e-01
4.3300e+03,1.1689e-02,6.1339e+00,1.0004e+01,3.8622e+00,1.2207e-01
4.3400e+03,1.1545e-02,6.1338e+00,1.0004e+01,3.8624e+00,1.2207e-01
4.3500e+03,1.1402e-02,6.1336e+00,1.0004e+01,3.8625e+00,1.2208e-01
4.3600e+03,1.1262e-02,6.1335e+00,1.0004e+01,3.8627e+00,1.2208e-01
4.3700e+03,1.1122e-02,6.1333e+00,1.0004e+01,3.8628e+00,1.2209e-01
4.3800e+03,1.0985e-02,6.1332e+00,1.0004e+01,3.8629e+00,1.2209e-01
4.3900e+03,1.0849e-02,6.1331e+00,1.0004e+01,3.8631e+00,1.2210e-01
4.4000e+03,1.0715e-02,6.1330e+00,1.0004e+01,3.8632e+00,1.2210e-01
4.4100e+03,1.0583e-02,6.1328e+00,1.0004e+01,3.8633e+00,1.2211e-01
4.4200e+03,1.0452e-02,6.1327e+00,1.0004e+01,3.8634e+00,1.2212e-01
4.4300e+03,1.0323e-02,6.1326e+00,1.0004e+01,3.8636e+00,1.2212e-01
4.4400e+03,1.0195e-02,6.1325e+00,1.0004e+01,3.8637e+00,1.2213e-01
4.4500e+03,1.0069e-02,6.1323e+00,1.0004e+01,3.8638e+00,1.2213e-01
4.4600e+03,9.9451e-03,6.1322e+00,1.0004e+01,3.8639e+00,1.2214e-01
4.4700e+03,9.8222e-03,6.1321e+00,1.0004e+01,3.8640e+00,1.2214e-01
4.4800e+03,9.7009e-03,6.1320e+00,1.0004e+01,3.8642e+00,1.2214e-01
4.4900e+03,9.5811e-03,6.1319e+00,1.0004e+01,3.8643e+00,1.2215e-01
4.5000e+03,9.4627e-03,6.1317e+00,1.0004e+01,3.8644e+00,1.2215e-01
4.5100e+03,9.3458e-03,6.1316e+00,1.0004e+01,3.8645e+00,1.2216e-01
4.5200e+03,9.2304e-03,6.1315e+00,1.0004e+01,3.8646e+00,1.2216e-01
4.5300e+03,9.1164e-03,6.1314e+00,1.0004e+01,3.8647e+00,1.2217e-01
4.5400e+03,9.0038e-03,6.1313e+00,1.0004e+01,3.8648e+00,1.2217e-01
4.5500e+03,8.8926e-03,6.1312e+00,1.0004e+01,3.8649e+00,1.2218e-01
4.5600e+03,8.7827e-03,6.1311e+00,1.0004e+01,3.8650e+00,1.2218e-01
4.5700e+03,8.6743e-03,6.1310e+00,1.0004e+01,3.8651e+00,1.2218e-01
4.5800e+03,8.5671e-03,6.1309e+00,1.0004e+01,3.8652e+00,1.2219e-01
4.5900e+03,8.4613e-03,6.1308e+00,1.0004e+01,3.8654e+00,1.2219e-01
4.6000e+03,8.3568e-03,6.1307e+00,1.0004e+01,3.8655e+00,1.2220e-01
4.6100e+03,8.2536e-03,6.1306e+00,1.0004e+01,3.8656e+00,1.2220e-01
4.6200e+03,8.1517e-03,6.1305e+00,1.0004e+01,3.8656e+00,1.2221e-01
4.6300e+03,8.0510e-03,6.1304e+00,1.0004e+01,3.8657e+00,1.2221e-01
4.6400e+03,7.9516e-03,6.1303e+00,1.0004e+01,3.8658e+00,1.2221e-01
4.6500e+03,7.8534e-03,6.1302e+00,1.0004e+01,3.8659e+00,1.2222e-01
4.6600e+03,7.7564e-03,6.1301e+00,1.0004e+01,3.8660e+00,1.2222e-01
4.6700e+03,7.6606e-03,6.1300e+00,1.0004e+01,3.8661e+00,1.2222e-01
4.6800e+03,7.5660e-03,6.1299e+00,1.0004e+01,3.8662e+00,1.2223e-01
4.6900e+03,7.4726e-03,6.1298e+00,1.0004e+01,3.8663e+00,1.2223e-01
4.7000e+03,7.3803e-03,6.1297e+00,1.0004e+01,3.8664e+00,1.2224e-01
4.7100e+03,7.2892e-03,6.1297e+00,1.0004e+01,3.8665e+00,1.2224e-01
4.7200e+03,7.1992e-03,6.1296e+00,1.0004e+01,3.8666e+00,1.2224e-01
4.7300e+03,7.1103e-03,6.1295e+00,1.0004e+01,3.8666e+00,1.2225e-01
4.7400e+03,7.0225e-03,6.1294e+00,1.0004e+01,3.8667e+00,1.2225e-01
4.7500e+03,6.9358e-03,6.1293e+00,1.0004e+01,3.8668e+00,1.2225e-01
4.7600e+03,6.8501e-03,6.1292e+00,1.0004e+01,3.8669e+00,1.2226e-01
4.7700e+03,6.7655e-03,6.1292e+00,1.0004e+01,3.8670e+00,1.2226e-01
4.7800e+03,6.6820e-03,6.1291e+00,1.0004e+01,3.8671e+00,1.2226e-01
4.7900e+03,6.5995e-03,6.1290e+00,1.0004e+01,3.8671e+00,1.2227e-01
4.8000e+03,6.5180e-03,6.1289e+00,1.0004e+01,3.8672e+00,1.2227e-01
4.8100e+03,6.4375e-03,6.1288e+00,1.0004e+01,3.8673e+00,1.2227e-01
4.8200e+03,6.3581e-03,6.1288e+00,1.0004e+01,3.8674e+00,1.2228e-01
4.8300e+03,6.2796e-03,6.1287e+00,1.0004e+01,3.8674e+00,1.2228e-01
4.8400e+03,6.2020e-03,6.1286e+00,1.0004e+01,3.8675e+00,1.2228e-01
4.8500e+03,6.1255e-03,6.1285e+00,1.0004e+01,3.8676e+00,1.2228e-01
4.8600e+03,6.0498e-03,6.1285e+00,1.0004e+01,3.8677e+00,1.2229e-01
4.8700e+03,5.9751e-03,6.1284e+00,1.0004e+01,3.8677e+00,1.2229e-01
4.8800e+03,5.9014e-03,6.1283e+00,1.0004e+01,3.8678e+00,1.2229e-01
4.8900e+03,5.8285e-03,6.1283e+00,1.0004e+01,3.8679e+00,1.2230e-01
4.9000e+03,5.7566e-03,6.1282e+00,1.0004e+01,3.8679e+00,1.2230e-01
4.9100e+03,5.6855e-03,6.1281e+00,1.0004e+01,3.8680e+00,1.2230e-01
4.9200e+03,5.6153e-03,6.1280e+00,1.0004e+01,3.8681e+00,1.2230e-01
4.9300e+03,5.5460e-03,6.1280e+00,1.0004e+01,3.8682e+00,1.2231e-01
4.9400e+03,5.4775e-03,6.1279e+00,1.0004e+01,3.8682e+00,1.2231e-01
4.9500e+03,5.4099e-03,6.1279e+00,1.0004e+01,3.8683e+00,1.2231e-01
4.9600e+03,5.3431e-03,6.1278e+00,1.0004e+01,3.8683e+00,1.2232e-01
4.9700e+03,5.2771e-03,6.1277e+00,1.0004e+01,3.8684e+00,1.2232e-01
4.9800e+03,5.2120e-03,6.1277e+00,1.0004e+01,3.8685e+00,1.2232e-01
4.9900e+03,5.1477e-03,6.1276e+00,1.0004e+01,3.8685e+00,1.2232e-01
5.0000e+03,5.0841e-03,6.1275e+00,1.0004e+01,3.8686e+00,1.2233e-01
5.0100e+03,5.0214e-03,6.1275e+00,1.0004e+01,3.8687e+00,1.2233e-01
5.0200e+03,4.9594e-03,6.1274e+00,1.0004e+01,3.8687e+00,1.2233e-01
5.0300e+03,4.8981e-03,6.1274e+00,1.0004e+01,3.8688e+00,1.2233e-01
5.0400e+03,4.8377e-03,6.1273e+00,1.0004e+01,3.8688e+00,1.2234e-01
5.0500e+03,4.7780e-03,6.1272e+00,1.0004e+01,3.8689e+00,1.2234e-01
5.0600e+03,4.7190e-03,6.1272e+00,1.0004e+01,3.8689e+00,1.2234e-01
5.0700e+03,4.6607e-03,6.1271e+00,1.0004e+01,3.8690e+00,1.2234e-01
5.0800e+03,4.6032e-03,6.1271e+00,1.0004e+01,3.8691e+00,1.2234e-01
5.0900e+03,4.5464e-03,6.1270e+00,1.0004e+01,3.8691e+00,1.2235e-01
5.1000e+03,4.4903e-03,6.1270e+00,1.0004e+01,3.8692e+00,1.2235e-01
5.1100e+03,4.4348e-03,6.1269e+00,1.0004e+01,3.8692e+00,1.2235e-01
5.1200e+03,4.3801e-03,6.1269e+00,1.0004e+01,3.8693e+00,1.2235e-01
5.1300e+03,4.3260e-03,6.1268e+00,1.0004e+01,3.8693e+00,1.2236e-01
5.1400e+03,4.2726e-03,6.1268e+00,1.0004e+01,3.8694e+00,1.2236e-01
5.1500e+03,4.2199e-03,6.1267e+00,1.0004e+01,3.8694e+00,1.2236e-01
