t,[L2M],[D],[L],[L2MD],[L2Ms]
0.0000e+00,4.5000e+00,1.1250e+01,1.2500e+01,0.0000e+00,0.0000e+00
1.0000e+01,4.4179e+00,1.1173e+01,1.2504e+01,7.6803e-02,1.7126e-03
2.0000e+01,4.3410e+00,1.1098e+01,1.2504e+01,1.5201e-01,3.4010e-03
3.0000e+01,4.2659e+00,1.1024e+01,1.2504e+01,2.2543e-01,5.0605e-03
4.0000e+01,4.1926e+00,1.0953e+01,1.2504e+01,2.9713e-01,6.6918e-03
5.0000e+01,4.1209e+00,1.0882e+01,1.2504e+01,3.6717e-01,8.2954e-03
6.0000e+01,4.0509e+00,1.0814e+01,1.2504e+01,4.3558e-01,9.8721e-03
7.0000e+01,3.9825e+00,1.0747e+01,1.2504e+01,5.0243e-01,1.1422e-02
8.0000e+01,3.9157e+00,1.0682e+01,1.2504e+01,5.6777e-01,1.2947e-02
9.0000e+01,3.8503e+00,1.0618e+01,1.2504e+01,6.3164e-01,1.4446e-02
1.0000e+02,3.7864e+00,1.0555e+01,1.2504e+01,6.9408e-01,1.5921e-02
1.1000e+02,3.7239e+00,1.0494e+01,1.2504e+01,7.5515e-01,1.7371e-02
1.2000e+02,3.6627e+00,1.0434e+01,1.2504e+01,8.1487e-01,1.8798e-02
1.3000e+02,3.6029e+00,1.0376e+01,1.2504e+01,8.7330e-01,2.0202e-02
1.4000e+02,3.5444e+00,1.0319e+01,1.2504e+01,9.3046e-01,2.1583e-02
1.5000e+02,3.4871e+00,1.0263e+01,1.2504e+01,9.8640e-01,2.2942e-02
1.6000e+02,3.4310e+00,1.0208e+01,1.2504e+01,1.0412e+00,2.4279e-02
1.7000e+02,3.3761e+00,1.0154e+01,1.2504e+01,1.0947e+00,2.5595e-02
1.8000e+02,3.3223e+00,1.0102e+01,1.2504e+01,1.1472e+00,2.6891e-02
1.9000e+02,3.2696e+00,1.0050e+01,1.2504e+01,1.1986e+00,2.8165e-02
2.0000e+02,3.2181e+00,1.0000e+01,1.2504e+01,1.2489e+00,2.9420e-02
2.1000e+02,3.1675e+00,9.9507e+00,1.2504e+01,1.2982e+00,3.0656e-02
2.2000e+02,3.1180e+00,9.9023e+00,1.2504e+01,1.3465e+00,3.1872e-02
2.3000e+02,3.0695e+00,9.8550e+00,1.2504e+01,1.3938e+00,3.3069e-02
2.4000e+02,3.0220e+00,9.8086e+00,1.2504e+01,1.4402e+00,3.4248e-02
2.5000e+02,2.9754e+00,9.7631e+00,1.2504e+01,1.4856e+00,3.5409e-02
2.6000e+02,2.9297e+00,9.7185e+00,1.2504e+01,1.5302e+00,3.6552e-02
2.7000e+02,2.8849e+00,9.6748e+00,1.2504e+01,1.5738e+00,3.7678e-02
2.8000e+02,2.8410e+00,9.6320e+00,1.2504e+01,1.6167e+00,3.8787e-02
2.9000e+02,2.7979e+00,9.5900e+00,1.2504e+01,1.6587e+00,3.9879e-02
3.0000e+02,2.7556e+00,9.5487e+00,1.2504e+01,1.6998e+00,4.0955e-02
3.1000e+02,2.7142e+00,9.5083e+00,1.2504e+01,1.7402e+00,4.2015e-02
3.2000e+02,2.6735e+00,9.4687e+00,1.2504e+01,1.7798e+00,4.3058e-02
3.3000e+02,2.6336e+00,9.4298e+00,1.2504e+01,1.8187e+00,4.4087e-02
3.4000e+02,2.5945e+00,9.3916e+00,1.2504e+01,1.8568e+00,4.5100e-02
3.5000e+02,2.5560e+00,9.3542e+00,1.2504e+01,1.8943e+00,4.6098e-02
3.6000e+02,2.5183e+00,9.3174e+00,1.2504e+01,1.9310e+00,4.7082e-02
3.7000e+02,2.4813e+00,9.2813e+00,1.2504e+01,1.9671e+00,4.8051e-02
3.8000e+02,2.4449e+00,9.2459e+00,1.2504e+01,2.0025e+00,4.9006e-02
3.9000e+02,2.4093e+00,9.2111e+00,1.2504e+01,2.0372e+00,4.9948e-02
4.0000e+02,2.3742e+00,9.1770e+00,1.2504e+01,2.0713e+00,5.0875e-02
4.1000e+02,2.3398e+00,9.1434e+00,1.2504e+01,2.1048e+00,5.1790e-02
4.2000e+02,2.3060e+00,9.1105e+00,1.2504e+01,2.1377e+00,5.2691e-02
4.3000e+02,2.2728e+00,9.0782e+00,1.2504e+01,2.1700e+00,5.3579e-02
4.4000e+02,2.2402e+00,9.0464e+00,1.2504e+01,2.2018e+00,5.4455e-02
4.5000e+02,2.2081e+00,9.0152e+00,1.2504e+01,2.2329e+00,5.5318e-02
4.6000e+02,2.1767e+00,8.9846e+00,1.2504e+01,2.2636e+00,5.6169e-02
4.7000e+02,2.1457e+00,8.9544e+00,1.2504e+01,2.2937e+00,5.7007e-02
4.8000e+02,2.1153e+00,8.9249e+00,1.2504e+01,2.3232e+00,5.7834e-02
4.9000e+02,2.0855e+00,8.8958e+00,1.2504e+01,2.3523e+00,5.8650e-02
5.0000e+02,2.0561e+00,8.8672e+00,1.2504e+01,2.3809e+00,5.9454e-02
5.1000e+02,2.0272e+00,8.8391e+00,1.2504e+01,2.4089e+00,6.0246e-02
5.2000e+02,1.9988e+00,8.8115e+00,1.2504e+01,2.4365e+00,6.1028e-02
5.3000e+02,1.9709e+00,8.7843e+00,1.2504e+01,2.4637e+00,6.1799e-02
5.4000e+02,1.9435e+00,8.7576e+00,1.2504e+01,2.4903e+00,6.2559e-02
5.5000e+02,1.9166e+00,8.7314e+00,1.2504e+01,2.5165e+00,6.3309e-02
5.6000e+02,1.8900e+00,8.7056e+00,1.2504e+01,2.5423e+00,6.4048e-02
5.7000e+02,1.8639e+00,8.6802e+00,1.2504e+01,2.5677e+00,6.4777e-02
5.8000e+02,1.8383e+00,8.6553e+00,1.2504e+01,2.5926e+00,6.5496e-02
5.9000e+02,1.8131e+00,8.6307e+00,1.2504e+01,2.6171e+00,6.6206e-02
6.0000e+02,1.7882e+00,8.6066e+00,1.2504e+01,2.6413e+00,6.6905e-02
6.1000e+02,1.7638e+00,8.5828e+00,1.2504e+01,2.6650e+00,6.7595e-02
6.2000e+02,1.7398e+00,8.5595e+00,1.2504e+01,2.6883e+00,6.8276e-02
6.3000e+02,1.7162e+00,8.5365e+00,1.2504e+01,2.7113e+00,6.8948e-02
6.4000e+02,1.6929e+00,8.5139e+00,1.2504e+01,2.7339e+00,6.9610e-02
6.5000e+02,1.6700e+00,8.4917e+00,1.2504e+01,2.7561e+00,7.0264e-02
6.6000e+02,1.6475e+00,8.4698e+00,1.2504e+01,2.7780e+00,7.0909e-02
6.7000e+02,1.6254e+00,8.4482e+00,1.2504e+01,2.7995e+00,7.1545e-02
6.8000e+02,1.6035e+00,8.4270e+00,1.2504e+01,2.8207e+00,7.2172e-02
6.9000e+02,1.5821e+00,8.4062e+00,1.2504e+01,2.8415e+00,7.2792e-02
7.0000e+02,1.5609e+00,8.3856e+00,1.2504e+01,2.8621e+00,7.3403e-02
7.1000e+02,1.5401e+00,8.3654e+00,1.2504e+01,2.8823e+00,7.4006e-02
7.2000e+02,1.5197e+00,8.3455e+00,1.2504e+01,2.9021e+00,7.4601e-02
7.3000e+02,1.4995e+00,8.3259e+00,1.2504e+01,2.9217e+00,7.5188e-02
7.4000e+02,1.4796e+00,8.3066e+00,1.2504e+01,2.9410e+00,7.5767e-02
7.5000e+02,1.4601e+00,8.2876e+00,1.2504e+01,2.9600e+00,7.6339e-02
7.6000e+02,1.4409e+00,8.2689e+00,1.2504e+01,2.9786e+00,7.6903e-02
7.7000e+02,1.4219e+00,8.2505e+00,1.2504e+01,2.9970e+00,7.7460e-02
7.8000e+02,1.4032e+00,8.2324e+00,1.2504e+01,3.0152e+00,7.8009e-02
7.9000e+02,1.3849e+00,8.2146e+00,1.2504e+01,3.0330e+00,7.8551e-02
8.0000e+02,1.3668e+00,8.1970e+00,1.2504e+01,3.0506e+00,7.9087e-02
8.1000e+02,1.3489e+00,8.1797e+00,1.2504e+01,3.0679e+00,7.9615e-02
8.2000e+02,1.3314e+00,8.1626e+00,1.2504e+01,3.0849e+00,8.0136e-02
8.3000e+02,1.3141e+00,8.1458e+00,1.2504e+01,3.1017e+00,8.0651e-02
8.4000e+02,1.2970e+00,8.1292e+00,1.2504e+01,3.1182e+00,8.1159e-02
8.5000e+02,1.2802e+00,8.1129e+00,1.2504e+01,3.1345e+00,8.1661e-02
8.6000e+02,1.2637e+00,8.0969e+00,1.2504e+01,3.1506e+00,8.2156e-02
8.7000e+02,1.2474e+00,8.0811e+00,1.2504e+01,3.1664e+00,8.2644e-02
8.8000e+02,1.2313e+00,8.0655e+00,1.2504e+01,3.1820e+00,8.3127e-02
8.9000e+02,1.2155e+00,8.0501e+00,1.2504e+01,3.1973e+00,8.3603e-02
9.0000e+02,1.1999e+00,8.0350e+00,1.2504e+01,3.2124e+00,8.4073e-02
9.1000e+02,1.1845e+00,8.0201e+00,1.2504e+01,3.2273e+00,8.4537e-02
9.2000e+02,1.1694e+00,8.0054e+00,1.2504e+01,3.2420e+00,8.4995e-02
9.3000e+02,1.1545e+00,7.9909e+00,1.2504e+01,3.2565e+00,8.5448e-02
9.4000e+02,1.1398e+00,7.9766e+00,1.2504e+01,3.2708e+00,8.5894e-02
9.5000e+02,1.1253e+00,7.9625e+00,1.2504e+01,3.2848e+00,8.6335e-02
9.6000e+02,1.1110e+00,7.9487e+00,1.2504e+01,3.2987e+00,8.6770e-02
9.7000e+02,1.0969e+00,7.9350e+00,1.2504e+01,3.3123e+00,8.7200e-02
9.8000e+02,1.0830e+00,7.9215e+00,1.2504e+01,3.3258e+00,8.7625e-02
9.9000e+02,1.0693e+00,7.9083e+00,1.2504e+01,3.3390e+00,8.8044e-02
1.0000e+03,1.0558e+00,7.8952e+00,1.2504e+01,3.3521e+00,8.8458e-02
1.0100e+03,1.0425e+00,7.8823e+00,1.2504e+01,3.3650e+00,8.8866e-02
1.0200e+03,1.0294e+00,7.8696e+00,1.2504e+01,3.3777e+00,8.9270e-02
1.0300e+03,1.0165e+00,7.8570e+00,1.2504e+01,3.3903e+00,8.9668e-02
1.0400e+03,1.0037e+00,7.8446e+00,1.2504e+01,3.4026e+00,9.0061e-02
1.0500e+03,9.9116e-01,7.8325e+00,1.2504e+01,3.4148e+00,9.0450e-02
1.0600e+03,9.7877e-01,7.8204e+00,1.2504e+01,3.4268e+00,9.0834e-02
1.0700e+03,9.6654e-01,7.8086e+00,1.2504e+01,3.4386e+00,9.1212e-02
1.0800e+03,9.5449e-01,7.7969e+00,1.2504e+01,3.4503e+00,9.1587e-02
1.0900e+03,9.4261e-01,7.7854e+00,1.2504e+01,3.4618e+00,9.1956e-02
1.1000e+03,9.3088e-01,7.7740e+00,1.2504e+01,3.4732e+00,9.2321e-02
1.1100e+03,9.1933e-01,7.7628e+00,1.2504e+01,3.4844e+00,9.2681e-02
1.1200e+03,9.0792e-01,7.7517e+00,1.2504e+01,3.4954e+00,9.3037e-02
1.1300e+03,8.9668e-01,7.7408e+00,1.2504e+01,3.5063e+00,9.3389e-02
1.1400e+03,8.8559e-01,7.7301e+00,1.2504e+01,3.5171e+00,9.3736e-02
1.1500e+03,8.7465e-01,7.7195e+00,1.2504e+01,3.5277e+00,9.4079e-02
1.1600e+03,8.6386e-01,7.7090e+00,1.2504e+01,3.5381e+00,9.4418e-02
1.1700e+03,8.5322e-01,7.6987e+00,1.2504e+01,3.5484e+00,9.4752e-02
1.1800e+03,8.4272e-01,7.6885e+00,1.2504e+01,3.5586e+00,9.5083e-02
1.1900e+03,8.3236e-01,7.6785e+00,1.2504e+01,3.5686e+00,9.5409e-02
1.2000e+03,8.2214e-01,7.6686e+00,1.2504e+01,3.5785e+00,9.5732e-02
1.2100e+03,8.1206e-01,7.6588e+00,1.2504e+01,3.5883e+00,9.6050e-02
1.2200e+03,8.0212e-01,7.6492e+00,1.2504e+01,3.5979e+00,9.6364e-02
1.2300e+03,7.9231e-01,7.6397e+00,1.2504e+01,3.6074e+00,9.6675e-02
1.2400e+03,7.8263e-01,7.6303e+00,1.2504e+01,3.6168e+00,9.6982e-02
1.2500e+03,7.7308e-01,7.6210e+00,1.2504e+01,3.6260e+00,9.7285e-02
1.2600e+03,7.6365e-01,7.6119e+00,1.2504e+01,3.6352e+00,9.7585e-02
1.2700e+03,7.5435e-01,7.6029e+00,1.2504e+01,3.6442e+00,9.7881e-02
1.2800e+03,7.4518e-01,7.5940e+00,1.2504e+01,3.6531e+00,9.8173e-02
1.2900e+03,7.3613e-01,7.5852e+00,1.2504e+01,3.6618e+00,9.8462e-02
1.3000e+03,7.2719e-01,7.5766e+00,1.2504e+01,3.6705e+00,9.8747e-02
1.3100e+03,7.1838e-01,7.5680e+00,1.2504e+01,3.6790e+00,9.9029e-02
1.3200e+03,7.0968e-01,7.5596e+00,1.2504e+01,3.6874e+00,9.9307e-02
1.3300e+03,7.0109e-01,7.5513e+00,1.2504e+01,3.6957e+00,9.9582e-02
1.3400e+03,6.9262e-01,7.5431e+00,1.2504e+01,3.7039e+00,9.9854e-02
1.3500e+03,6.8425e-01,7.5350e+00,1.2504e+01,3.7120e+00,1.0012e-01
1.3600e+03,6.7600e-01,7.5270e+00,1.2504e+01,3.7200e+00,1.0039e-01
1.3700e+03,6.6786e-01,7.5191e+00,1.2504e+01,3.7279e+00,1.0065e-01
1.3800e+03,6.5982e-01,7.5113e+00,1.2504e+01,3.7357e+00,1.0091e-01
1.3900e+03,6.5188e-01,7.5036e+00,1.2504e+01,3.7434e+00,1.0116e-01
1.4000e+03,6.4405e-01,7.4961e+00,1.2504e+01,3.7509e+00,1.0142e-01
1.4100e+03,6.3632e-01,7.4886e+00,1.2504e+01,3.7584e+00,1.0167e-01
1.4200e+03,6.2869e-01,7.4812e+00,1.2504e+01,3.7658e+00,1.0191e-01
1.4300e+03,6.2116e-01,7.4739e+00,1.2504e+01,3.7731e+00,1.0216e-01
1.4400e+03,6.1372e-01,7.4667e+00,1.2504e+01,3.7803e+00,1.0240e-01
1.4500e+03,6.0638e-01,7.4596e+00,1.2504e+01,3.7874e+00,1.0263e-01
1.4600e+03,5.9914e-01,7.4526e+00,1.2504e+01,3.7944e+00,1.0287e-01
1.4700e+03,5.9198e-01,7.4456e+00,1.2504e+01,3.8013e+00,1.0310e-01
1.4800e+03,5.8492e-01,7.4388e+00,1.2504e+01,3.8081e+00,1.0333e-01
1.4900e+03,5.7795e-01,7.4320e+00,1.2504e+01,3.8149e+00,1.0356e-01
1.5000e+03,5.7107e-01,7.4254e+00,1.2504e+01,3.8216e+00,1.0378e-01
1.5100e+03,5.6428e-01,7.4188e+00,1.2504e+01,3.8281e+00,1.0400e-01
1.5200e+03,5.5757e-01,7.4123e+00,1.2504e+01,3.8346e+00,1.0422e-01
1.5300e+03,5.5095e-01,7.4059e+00,1.2504e+01,3.8410e+00,1.0444e-01
1.5400e+03,5.4441e-01,7.3996e+00,1.2504e+01,3.8473e+00,1.0465e-01
1.5500e+03,5.3795e-01,7.3933e+00,1.2504e+01,3.8536e+00,1.0486e-01
1.5600e+03,5.3158e-01,7.3871e+00,1.2504e+01,3.8598e+00,1.0507e-01
1.5700e+03,5.2528e-01,7.3811e+00,1.2504e+01,3.8658e+00,1.0528e-01
1.5800e+03,5.1907e-01,7.3750e+00,1.2504e+01,3.8719e+00,1.0548e-01
1.5900e+03,5.1293e-01,7.3691e+00,1.2504e+01,3.8778e+00,1.0568e-01
1.6000e+03,5.0687e-01,7.3632e+00,1.2504e+01,3.8837e+00,1.0588e-01
1.6100e+03,5.0089e-01,7.3574e+00,1.2504e+01,3.8894e+00,1.0608e-01
1.6200e+03,4.9498e-01,7.3517e+00,1.2504e+01,3.8952e+00,1.0627e-01
1.6300e+03,4.8915e-01,7.3461e+00,1.2504e+01,3.9008e+00,1.0646e-01
1.6400e+03,4.8338e-01,7.3405e+00,1.2504e+01,3.9064e+00,1.0665e-01
1.6500e+03,4.7769e-01,7.3350e+00,1.2504e+01,3.9119e+00,1.0684e-01
1.6600e+03,4.7208e-01,7.3296e+00,1.2504e+01,3.9173e+00,1.0703e-01
1.6700e+03,4.6653e-01,7.3242e+00,1.2504e+01,3.9227e+00,1.0721e-01
1.6800e+03,4.6105e-01,7.3189e+00,1.2504e+01,3.9280e+00,1.0739e-01
1.6900e+03,4.5563e-01,7.3136e+00,1.2504e+01,3.9332e+00,1.0757e-01
1.7000e+03,4.5029e-01,7.3085e+00,1.2504e+01,3.9384e+00,1.0775e-01
1.7100e+03,4.4501e-01,7.3034e+00,1.2504e+01,3.9435e+00,1.0792e-01
1.7200e+03,4.3980e-01,7.2983e+00,1.2504e+01,3.9485e+00,1.0809e-01
1.7300e+03,4.3465e-01,7.2933e+00,1.2504e+01,3.9535e+00,1.0826e-01
1.7400e+03,4.2956e-01,7.2884e+00,1.2504e+01,3.9584e+00,1.0843e-01
1.7500e+03,4.2454e-01,7.2836e+00,1.2504e+01,3.9633e+00,1.0860e-01
1.7600e+03,4.1958e-01,7.2788e+00,1.2504e+01,3.9681e+00,1.0876e-01
1.7700e+03,4.1468e-01,7.2740e+00,1.2504e+01,3.9728e+00,1.0893e-01
1.7800e+03,4.0984e-01,7.2693e+00,1.2504e+01,3.9775e+00,1.0909e-01
1.7900e+03,4.0506e-01,7.2647e+00,1.2504e+01,3.9821e+00,1.0925e-01
1.8000e+03,4.0034e-01,7.2601e+00,1.2504e+01,3.9867e+00,1.0940e-01
1.8100e+03,3.9567e-01,7.2556e+00,1.2504e+01,3.9912e+00,1.0956e-01
1.8200e+03,3.9107e-01,7.2512e+00,1.2504e+01,3.9956e+00,1.0971e-01
1.8300e+03,3.8652e-01,7.2468e+00,1.2504e+01,4.0000e+00,1.0986e-01
1.8400e+03,3.8202e-01,7.2424e+00,1.2504e+01,4.0044e+00,1.1001e-01
1.8500e+03,3.7758e-01,7.2381e+00,1.2504e+01,4.0087e+00,1.1016e-01
1.8600e+03,3.7319e-01,7.2339e+00,1.2504e+01,4.0129e+00,1.1031e-01
1.8700e+03,3.6886e-01,7.2297e+00,1.2504e+01,4.0171e+00,1.1045e-01
1.8800e+03,3.6458e-01,7.2256e+00,1.2504e+01,4.0212e+00,1.1060e-01
1.8900e+03,3.6035e-01,7.2215e+00,1.2504e+01,4.0253e+00,1.1074e-01
1.9000e+03,3.5617e-01,7.2174e+00,1.2504e+01,4.0294e+00,1.1088e-01
1.9100e+03,3.5205e-01,7.2134e+00,1.2504e+01,4.0333e+00,1.1102e-01
1.9200e+03,3.4797e-01,7.2095e+00,1.2504e+01,4.0373e+00,1.1115e-01
1.9300e+03,3.4394e-01,7.2056e+00,1.2504e+01,4.0412e+00,1.1129e-01
1.9400e+03,3.3996e-01,7.2017e+00,1.2504e+01,4.0450e+00,1.1142e-01
1.9500e+03,3.3603e-01,7.1979e+00,1.2504e+01,4.0488e+00,1.1155e-01
1.9600e+03,3.3215e-01,7.1942e+00,1.2504e+01,4.0526e+00,1.1168e-01
1.9700e+03,3.2831e-01,7.1905e+00,1.2504e+01,4.0563e+00,1.1181e-01
1.9800e+03,3.2452e-01,7.1868e+00,1.2504e+01,4.0599e+00,1.1194e-01
1.9900e+03,3.2078e-01,7.1832e+00,1.2504e+01,4.0636e+00,1.1207e-01
2.0000e+03,3.1708e-01,7.1796e+00,1.2504e+01,4.0671e+00,1.1219e-01
2.0100e+03,3.1342e-01,7.1761e+00,1.2504e+01,4.0707e+00,1.1231e-01
2.0200e+03,3.0981e-01,7.1726e+00,1.2504e+01,4.0742e+00,1.1244e-01
2.0300e+03,3.0624e-01,7.1691e+00,1.2504e+01,4.0776e+00,1.1256e-01
2.0400e+03,3.0272e-01,7.1657e+00,1.2504e+01,4.0810e+00,1.1267e-01
2.0500e+03,2.9923e-01,7.1623e+00,1.2504e+01,4.0844e+00,1.1279e-01
2.0600e+03,2.9579e-01,7.1590e+00,1.2504e+01,4.0877e+00,1.1291e-01
2.0700e+03,2.9239e-01,7.1557e+00,1.2504e+01,4.0910e+00,1.1302e-01
2.0800e+03,2.8903e-01,7.1525e+00,1.2504e+01,4.0942e+00,1.1314e-01
2.0900e+03,2.8571e-01,7.1493e+00,1.2504e+01,4.0974e+00,1.1325e-01
2.1000e+03,2.8243e-01,7.1461e+00,1.2504e+01,4.1006e+00,1.1336e-01
2.1100e+03,2.7918e-01,7.1430e+00,1.2504e+01,4.1038e+00,1.1347e-01
2.1200e+03,2.7598e-01,7.1399e+00,1.2504e+01,4.1068e+00,1.1358e-01
2.1300e+03,2.7281e-01,7.1368e+00,1.2504e+01,4.1099e+00,1.1368e-01
2.1400e+03,2.6969e-01,7.1338e+00,1.2504e+01,4.1129e+00,1.1379e-01
2.1500e+03,2.6660e-01,7.1308e+00,1.2504e+01,4.1159e+00,1.1390e-01
2.1600e+03,2.6354e-01,7.1278e+00,1.2504e+01,4.1189e+00,1.1400e-01
2.1700e+03,2.6052e-01,7.1249e+00,1.2504e+01,4.1218e+00,1.1410e-01
2.1800e+03,2.5754e-01,7.1220e+00,1.2504e+01,4.1247e+00,1.1420e-01
2.1900e+03,2.5459e-01,7.1192e+00,1.2504e+01,4.1275e+00,1.1430e-01
2.2000e+03,2.5168e-01,7.1164e+00,1.2504e+01,4.1303e+00,1.1440e-01
2.2100e+03,2.4880e-01,7.1136e+00,1.2504e+01,4.1331e+00,1.1450e-01
2.2200e+03,2.4596e-01,7.1108e+00,1.2504e+01,4.1358e+00,1.1459e-01
2.2300e+03,2.4315e-01,7.1081e+00,1.2504e+01,4.1386e+00,1.1469e-01
2.2400e+03,2.4037e-01,7.1054e+00,1.2504e+01,4.1412e+00,1.1478e-01
2.2500e+03,2.3763e-01,7.1028e+00,1.2504e+01,4.1439e+00,1.1488e-01
2.2600e+03,2.3491e-01,7.1002e+00,1.2504e+01,4.1465e+00,1.1497e-01
2.2700e+03,2.3223e-01,7.0976e+00,1.2504e+01,4.1491e+00,1.1506e-01
2.2800e+03,2.2959e-01,7.0950e+00,1.2504e+01,4.1517e+00,1.1515e-01
2.2900e+03,2.2697e-01,7.0925e+00,1.2504e+01,4.1542e+00,1.1524e-01
2.3000e+03,2.2438e-01,7.0900e+00,1.2504e+01,4.1567e+00,1.1533e-01
2.3100e+03,2.2182e-01,7.0875e+00,1.2504e+01,4.1592e+00,1.1542e-01
2.3200e+03,2.1930e-01,7.0851e+00,1.2504e+01,4.1616e+00,1.1550e-01
2.3300e+03,2.1680e-01,7.0826e+00,1.2504e+01,4.1640e+00,1.1559e-01
2.3400e+03,2.1433e-01,7.0803e+00,1.2504e+01,4.1664e+00,1.1567e-01
2.3500e+03,2.1189e-01,7.0779e+00,1.2504e+01,4.1688e+00,1.1575e-01
2.3600e+03,2.0948e-01,7.0756e+00,1.2504e+01,4.1711e+00,1.1584e-01
2.3700e+03,2.0710e-01,7.0733e+00,1.2504e+01,4.1734e+00,1.1592e-01
2.3800e+03,2.0474e-01,7.0710e+00,1.2504e+01,4.1757e+00,1.1600e-01
2.3900e+03,2.0242e-01,7.0687e+00,1.2504e+01,4.1779e+00,1.1608e-01
2.4000e+03,2.0012e-01,7.0665e+00,1.2504e+01,4.1801e+00,1.1616e-01
2.4100e+03,1.9784e-01,7.0643e+00,1.2504e+01,4.1823e+00,1.1623e-01
2.4200e+03,1.9560e-01,7.0622e+00,1.2504e+01,4.1845e+00,1.1631e-01
2.4300e+03,1.9338e-01,7.0600e+00,1.2504e+01,4.1866e+00,1.1639e-01
2.4400e+03,1.9118e-01,7.0579e+00,1.2504e+01,4.1888e+00,1.1646e-01
2.4500e+03,1.8901e-01,7.0558e+00,1.2504e+01,4.1909e+00,1.1654e-01
2.4600e+03,1.8687e-01,7.0537e+00,1.2504e+01,4.1929e+00,1.1661e-01
2.4700e+03,1.8475e-01,7.0517e+00,1.2504e+01,4.1950e+00,1.1668e-01
2.4800e+03,1.8265e-01,7.0496e+00,1.2504e+01,4.1970e+00,1.1675e-01
2.4900e+03,1.8058e-01,7.0476e+00,1.2504e+01,4.1990e+00,1.1683e-01
2.5000e+03,1.7854e-01,7.0457e+00,1.2504e+01,4.2010e+00,1.1690e-01
2.5100e+03,1.7651e-01,7.0437e+00,1.2504e+01,4.2029e+00,1.1696e-01
2.5200e+03,1.7451e-01,7.0418e+00,1.2504e+01,4.2049e+00,1.1703e-01
2.5300e+03,1.7254e-01,7.0399e+00,1.2504e+01,4.2068e+00,1.1710e-01
2.5400e+03,1.7059e-01,7.0380e+00,1.2504e+01,4.2087e+00,1.1717e-01
2.5500e+03,1.6865e-01,7.0361e+00,1.2504e+01,4.2105e+00,1.1723e-01
2.5600e+03,1.6675e-01,7.0343e+00,1.2504e+01,4.2124e+00,1.1730e-01
2.5700e+03,1.6486e-01,7.0324e+00,1.2504e+01,4.2142e+00,1.1736e-01
2.5800e+03,1.6300e-01,7.0306e+00,1.2504e+01,4.2160e+00,1.1743e-01
2.5900e+03,1.6115e-01,7.0289e+00,1.2504e+01,4.2178e+00,1.1749e-01
2.6000e+03,1.5933e-01,7.0271e+00,1.2504e+01,4.2195e+00,1.1755e-01
2.6100e+03,1.5753e-01,7.0254e+00,1.2504e+01,4.2213e+00,1.1762e-01
2.6200e+03,1.5575e-01,7.0236e+00,1.2504e+01,4.2230e+00,1.1768e-01
2.6300e+03,1.5399e-01,7.0219e+00,1.2504e+01,4.2247e+00,1.1774e-01
2.6400e+03,1.5225e-01,7.0203e+00,1.2504e+01,4.2264e+00,1.1780e-01
2.6500e+03,1.5053e-01,7.0186e+00,1.2504e+01,4.2280e+00,1.1786e-01
2.6600e+03,1.4883e-01,7.0170e+00,1.2504e+01,4.2297e+00,1.1791e-01
2.6700e+03,1.4715e-01,7.0153e+00,1.2504e+01,4.2313e+00,1.1797e-01
2.6800e+03,1.4549e-01,7.0137e+00,1.2504e+01,4.2329e+00,1.1803e-01
2.6900e+03,1.4385e-01,7.0121e+00,1.2504e+01,4.2345e+00,1.1809e-01
2.7000e+03,1.4223e-01,7.0106e+00,1.2504e+01,4.2360e+00,1.1814e-01
2.7100e+03,1.4063e-01,7.0090e+00,1.2504e+01,4.2376e+00,1.1820e-01
2.7200e+03,1.3904e-01,7.0075e+00,1.2504e+01,4.2391e+00,1.1825e-01
2.7300e+03,1.3747e-01,7.0060e+00,1.2504e+01,4.2406e+00,1.1831e-01
2.7400e+03,1.3593e-01,7.0045e+00,1.2504e+01,4.2421e+00,1.1836e-01
2.7500e+03,1.3439e-01,7.0030e+00,1.2504e+01,4.2436e+00,1.1841e-01
2.7600e+03,1.3288e-01,7.0015e+00,1.2504e+01,4.2451e+00,1.1846e-01
2.7700e+03,1.3138e-01,7.0001e+00,1.2504e+01,4.2465e+00,1.1852e-01
2.7800e+03,1.2990e-01,6.9987e+00,1.2504e+01,4.2479e+00,1.1857e-01
2.7900e+03,1.2844e-01,6.9973e+00,1.2504e+01,4.2493e+00,1.1862e-01
2.8000e+03,1.2700e-01,6.9959e+00,1.2504e+01,4.2507e+00,1.1867e-01
2.8100e+03,1.2557e-01,6.9945e+00,1.2504e+01,4.2521e+00,1.1872e-01
2.8200e+03,1.2415e-01,6.9931e+00,1.2504e+01,4.2535e+00,1.1877e-01
2.8300e+03,1.2276e-01,6.9918e+00,1.2504e+01,4.2548e+00,1.1881e-01
2.8400e+03,1.2138e-01,6.9904e+00,1.2504e+01,4.2562e+00,1.1886e-01
2.8500e+03,1.2001e-01,6.9891e+00,1.2504e+01,4.2575e+00,1.1891e-01
2.8600e+03,1.1866e-01,6.9878e+00,1.2504e+01,4.2588e+00,1.1896e-01
2.8700e+03,1.1733e-01,6.9865e+00,1.2504e+01,4.2601e+00,1.1900e-01
2.8800e+03,1.1601e-01,6.9852e+00,1.2504e+01,4.2613e+00,1.1905e-01
2.8900e+03,1.1471e-01,6.9840e+00,1.2504e+01,4.2626e+00,1.1909e-01
2.9000e+03,1.1342e-01,6.9827e+00,1.2504e+01,4.2639e+00,1.1914e-01
2.9100e+03,1.1214e-01,6.9815e+00,1.2504e+01,4.2651e+00,1.1918e-01
2.9200e+03,1.1088e-01,6.9803e+00,1.2504e+01,4.2663e+00,1.1922e-01
2.9300e+03,1.0964e-01,6.9791e+00,1.2504e+01,4.2675e+00,1.1927e-01
2.9400e+03,1.0841e-01,6.9779e+00,1.2504e+01,4.2687e+00,1.1931e-01
2.9500e+03,1.0719e-01,6.9767e+00,1.2504e+01,4.2699e+00,1.1935e-01
2.9600e+03,1.0599e-01,6.9756e+00,1.2504e+01,4.2710e+00,1.1939e-01
2.9700e+03,1.0480e-01,6.9744e+00,1.2504e+01,4.2722e+00,1.1943e-01
2.9800e+03,1.0362e-01,6.9733e+00,1.2504e+01,4.2733e+00,1.1948e-01
2.9900e+03,1.0246e-01,6.9721e+00,1.2504e+01,4.2744e+00,1.1952e-01
3.0000e+03,1.0131e-01,6.9710e+00,1.2504e+01,4.2755e+00,1.1956e-01
3.0100e+03,1.0017e-01,6.9699e+00,1.2504e+01,4.2766e+00,1.1959e-01
3.0200e+03,9.9048e-02,6.9689e+00,1.2504e+01,4.2777e+00,1.1963e-01
3.0300e+03,9.7938e-02,6.9678e+00,1.2504e+01,4.2788e+00,1.1967e-01
3.0400e+03,9.6840e-02,6.9667e+00,1.2504e+01,4.2799e+00,1.1971e-01
3.0500e+03,9.5754e-02,6.9657e+00,1.2504e+01,4.2809e+00,1.1975e-01
3.0600e+03,9.4681e-02,6.9646e+00,1.2504e+01,4.2819e+00,1.1978e-01
3.0700e+03,9.3620e-02,6.9636e+00,1.2504e+01,4.2830e+00,1.1982e-01
3.0800e+03,9.2571e-02,6.9626e+00,1.2504e+01,4.2840e+00,1.1986e-01
3.0900e+03,9.1533e-02,6.9616e+00,1.2504e+01,4.2850e+00,1.1989e-01
3.1000e+03,9.0508e-02,6.9606e+00,1.2504e+01,4.2860e+00,1.1993e-01
3.1100e+03,8.9494e-02,6.9596e+00,1.2504e+01,4.2869e+00,1.1996e-01
3.1200e+03,8.8492e-02,6.9587e+00,1.2504e+01,4.2879e+00,1.2000e-01
3.1300e+03,8.7501e-02,6.9577e+00,1.2504e+01,4.2889e+00,1.2003e-01
3.1400e+03,8.6521e-02,6.9568e+00,1.2504e+01,4.2898e+00,1.2007e-01
3.1500e+03,8.5553e-02,6.9558e+00,1.2504e+01,4.2908e+00,1.2010e-01
3.1600e+03,8.4595e-02,6.9549e+00,1.2504e+01,4.2917e+00,1.2013e-01
3.1700e+03,8.3648e-02,6.9540e+00,1.2504e+01,4.2926e+00,1.2017e-01
3.1800e+03,8.2712e-02,6.9531e+00,1.2504e+01,4.2935e+00,1.2020e-01
3.1900e+03,8.1786e-02,6.9522e+00,1.2504e+01,4.2944e+00,1.2023e-01
3.2000e+03,8.0871e-02,6.9513e+00,1.2504e+01,4.2953e+00,1.2026e-01
3.2100e+03,7.9967e-02,6.9504e+00,1.2504e+01,4.2961e+00,1.2030e-01
3.2200e+03,7.9072e-02,6.9496e+00,1.2504e+01,4.2970e+00,1.2033e-01
3.2300e+03,7.8188e-02,6.9487e+00,1.2504e+01,4.2979e+00,1.2036e-01
3.2400e+03,7.7313e-02,6.9479e+00,1.2504e+01,4.2987e+00,1.2039e-01
3.2500e+03,7.6449e-02,6.9470e+00,1.2504e+01,4.2995e+00,1.2042e-01
3.2600e+03,7.5594e-02,6.9462e+00,1.2504e+01,4.3004e+00,1.2045e-01
3.2700e+03,7.4749e-02,6.9454e+00,1.2504e+01,4.3012e+00,1.2048e-01
3.2800e+03,7.3913e-02,6.9446e+00,1.2504e+01,4.3020e+00,1.2051e-01
3.2900e+03,7.3087e-02,6.9438e+00,1.2504e+01,4.3028e+00,1.2053e-01
3.3000e+03,7.2271e-02,6.9430e+00,1.2504e+01,4.3036e+00,1.2056e-01
3.3100e+03,7.1463e-02,6.9422e+00,1.2504e+01,4.3044e+00,1.2059e-01
3.3200e+03,7.0664e-02,6.9414e+00,1.2504e+01,4.3051e+00,1.2062e-01
3.3300e+03,6.9875e-02,6.9407e+00,1.2504e+01,4.3059e+00,1.2065e-01
3.3400e+03,6.9094e-02,6.9399e+00,1.2504e+01,4.3066e+00,1.2067e-01
3.3500e+03,6.8323e-02,6.9392e+00,1.2504e+01,4.3074e+00,1.2070e-01
3.3600e+03,6.7559e-02,6.9384e+00,1.2504e+01,4.3081e+00,1.2073e-01
3.3700e+03,6.6805e-02,6.9377e+00,1.2504e+01,4.3088e+00,1.2075e-01
3.3800e+03,6.6059e-02,6.9370e+00,1.2504e+01,4.3096e+00,1.2078e-01
3.3900e+03,6.5321e-02,6.9363e+00,1.2504e+01,4.3103e+00,1.2080e-01
3.4000e+03,6.4592e-02,6.9356e+00,1.2504e+01,4.3110e+00,1.2083e-01
3.4100e+03,6.3871e-02,6.9349e+00,1.2504e+01,4.3117e+00,1.2085e-01
3.4200e+03,6.3158e-02,6.9342e+00,1.2504e+01,4.3124e+00,1.2088e-01
3.4300e+03,6.2453e-02,6.9335e+00,1.2504e+01,4.3130e+00,1.2090e-01
3.4400e+03,6.1756e-02,6.9328e+00,1.2504e+01,4.3137e+00,1.2093e-01
3.4500e+03,6.1067e-02,6.9322e+00,1.2504e+01,4.3144e+00,1.2095e-01
3.4600e+03,6.0386e-02,6.9315e+00,1.2504e+01,4.3150e+00,1.2098e-01
3.4700e+03,5.9712e-02,6.9309e+00,1.2504e+01,4.3157e+00,1.2100e-01
3.4800e+03,5.9046e-02,6.9302e+00,1.2504e+01,4.3163e+00,1.2102e-01
3.4900e+03,5.8387e-02,6.9296e+00,1.2504e+01,4.3170e+00,1.2105e-01
3.5000e+03,5.7736e-02,6.9289e+00,1.2504e+01,4.3176e+00,1.2107e-01
3.5100e+03,5.7092e-02,6.9283e+00,1.2504e+01,4.3182e+00,1.2109e-01
3.5200e+03,5.6455e-02,6.9277e+00,1.2504e+01,4.3188e+00,1.2111e-01
3.5300e+03,5.5825e-02,6.9271e+00,1.2504e+01,4.3194e+00,1.2113e-01
3.5400e+03,5.5203e-02,6.9265e+00,1.2504e+01,4.3200e+00,1.2116e-01
3.5500e+03,5.4587e-02,6.9259e+00,1.2504e+01,4.3206e+00,1.2118e-01
3.5600e+03,5.3979e-02,6.9253e+00,1.2504e+01,4.3212e+00,1.2120e-01
3.5700e+03,5.3377e-02,6.9247e+00,1.2504e+01,4.3218e+00,1.2122e-01
3.5800e+03,5.2782e-02,6.9242e+00,1.2504e+01,4.3224e+00,1.2124e-01
3.5900e+03,5.2194e-02,6.9236e+00,1.2504e+01,4.3229e+00,1.2126e-01
3.6000e+03,5.1612e-02,6.9230e+00,1.2504e+01,4.3235e+00,1.2128e-01
3.6100e+03,5.1037e-02,6.9225e+00,1.2504e+01,4.3241e+00,1.2130e-01
3.6200e+03,5.0468e-02,6.9219e+00,1.2504e+01,4.3246e+00,1.2132e-01
3.6300e+03,4.9906e-02,6.9214e+00,1.2504e+01,4.3252e+00,1.2134e-01
3.6400e+03,4.9350e-02,6.9208e+00,1.2504e+01,4.3257e+00,1.2136e-01
3.6500e+03,4.8800e-02,6.9203e+00,1.2504e+01,4.3262e+00,1.2138e-01
3.6600e+03,4.8256e-02,6.9198e+00,1.2504e+01,4.3267e+00,1.2140e-01
3.6700e+03,4.7719e-02,6.9193e+00,1.2504e+01,4.3273e+00,1.2142e-01
3.6800e+03,4.7187e-02,6.9188e+00,1.2504e+01,4.3278e+00,1.2144e-01
3.6900e+03,4.6661e-02,6.9182e+00,1.2504e+01,4.3283e+00,1.2145e-01
3.7000e+03,4.6142e-02,6.9177e+00,1.2504e+01,4.3288e+00,1.2147e-01
3.7100e+03,4.5628e-02,6.9173e+00,1.2504e+01,4.3293e+00,1.2149e-01
3.7200e+03,4.5120e-02,6.9168e+00,1.2504e+01,4.3298e+00,1.2151e-01
3.7300e+03,4.4617e-02,6.9163e+00,1.2504e+01,4.3303e+00,1.2153e-01
3.7400e+03,4.4121e-02,6.9158e+00,1.2504e+01,4.3307e+00,1.2154e-01
3.7500e+03,4.3629e-02,6.9153e+00,1.2504e+01,4.3312e+00,1.2156e-01
3.7600e+03,4.3144e-02,6.9149e+00,1.2504e+01,4.3317e+00,1.2158e-01
3.7700e+03,4.2663e-02,6.9144e+00,1.2504e+01,4.3321e+00,1.2159e-01
3.7800e+03,4.2188e-02,6.9139e+00,1.2504e+01,4.3326e+00,1.2161e-01
3.7900e+03,4.1719e-02,6.9135e+00,1.2504e+01,4.3331e+00,1.2163e-01
3.8000e+03,4.1254e-02,6.9130e+00,1.2504e+01,4.3335e+00,1.2164e-01
3.8100e+03,4.0795e-02,6.9126e+00,1.2504e+01,4.3339e+00,1.2166e-01
3.8200e+03,4.0341e-02,6.9121e+00,1.2504e+01,4.3344e+00,1.2167e-01
3.8300e+03,3.9892e-02,6.9117e+00,1.2504e+01,4.3348e+00,1.2169e-01
3.8400e+03,3.9448e-02,6.9113e+00,1.2504e+01,4.3352e+00,1.2171e-01
3.8500e+03,3.9010e-02,6.9109e+00,1.2504e+01,4.3357e+00,1.2172e-01
3.8600e+03,3.8576e-02,6.9104e+00,1.2504e+01,4.3361e+00,1.2174e-01
3.8700e+03,3.8146e-02,6.9100e+00,1.2504e+01,4.3365e+00,1.2175e-01
3.8800e+03,3.7722e-02,6.9096e+00,1.2504e+01,4.3369e+00,1.2177e-01
3.8900e+03,3.7302e-02,6.9092e+00,1.2504e+01,4.3373e+00,1.2178e-01
3.9000e+03,3.6887e-02,6.9088e+00,1.2504e+01,4.3377e+00,1.2180e-01
3.9100e+03,3.6477e-02,6.9084e+00,1.2504e+01,4.3381e+00,1.2181e-01
3.9200e+03,3.6071e-02,6.9080e+00,1.2504e+01,4.3385e+00,1.2182e-01
3.9300e+03,3.5670e-02,6.9076e+00,1.2504e+01,4.3389e+00,1.2184e-01
3.9400e+03,3.5273e-02,6.9072e+00,1.2504e+01,4.3393e+00,1.2185e-01
3.9500e+03,3.4881e-02,6.9069e+00,1.2504e+01,4.3397e+00,1.2187e-01
3.9600e+03,3.4493e-02,6.9065e+00,1.2504e+01,4.3400e+00,1.2188e-01
3.9700e+03,3.4110e-02,6.9061e+00,1.2504e+01,4.3404e+00,1.2189e-01
3.9800e+03,3.3730e-02,6.9058e+00,1.2504e+01,4.3408e+00,1.2191e-01
3.9900e+03,3.3355e-02,6.9054e+00,1.2504e+01,4.3411e+00,1.2192e-01
4.0000e+03,3.2985e-02,6.9050e+00,1.2504e+01,4.3415e+00,1.2193e-01
4.0100e+03,3.2618e-02,6.9047e+00,1.2504e+01,4.3418e+00,1.2194e-01
4.0200e+03,3.2255e-02,6.9043e+00,1.2504e+01,4.3422e+00,1.2196e-01
4.0300e+03,3.1897e-02,6.9040e+00,1.2504e+01,4.3425e+00,1.2197e-01
4.0400e+03,3.1542e-02,6.9036e+00,1.2504e+01,4.3429e+00,1.2198e-01
4.0500e+03,3.1191e-02,6.9033e+00,1.2504e+01,4.3432e+00,1.2199e-01
4.0600e+03,3.0845e-02,6.9030e+00,1.2504e+01,4.3436e+00,1.2201e-01
4.0700e+03,3.0502e-02,6.9026e+00,1.2504e+01,4.3439e+00,1.2202e-01
4.0800e+03,3.0163e-02,6.9023e+00,1.2504e+01,4.3442e+00,1.2203e-01
4.0900e+03,2.9828e-02,6.9020e+00,1.2504e+01,4.3445e+00,1.2204e-01
4.1000e+03,2.9496e-02,6.9017e+00,1.2504e+01,4.3449e+00,1.2205e-01
4.1100e+03,2.9168e-02,6.9014e+00,1.2504e+01,4.3452e+00,1.2206e-01
4.1200e+03,2.8844e-02,6.9010e+00,1.2504e+01,4.3455e+00,1.2208e-01
4.1300e+03,2.8524e-02,6.9007e+00,1.2504e+01,4.3458e+00,1.2209e-01
4.1400e+03,2.8207e-02,6.9004e+00,1.2504e+01,4.3461e+00,1.2210e-01
4.1500e+03,2.7894e-02,6.9001e+00,1.2504e+01,4.3464e+00,1.2211e-01
4.1600e+03,2.7584e-02,6.8998e+00,1.2504e+01,4.3467e+00,1.2212e-01
4.1700e+03,2.7277e-02,6.8995e+00,1.2504e+01,4.3470e+00,1.2213e-01
4.1800e+03,2.6974e-02,6.8992e+00,1.2504e+01,4.3473e+00,1.2214e-01
4.1900e+03,2.6674e-02,6.8989e+00,1.2504e+01,4.3476e+00,1.2215e-01
4.2000e+03,2.6378e-02,6.8987e+00,1.2504e+01,4.3479e+00,1.2216e-01
4.2100e+03,2.6085e-02,6.8984e+00,1.2504e+01,4.3481e+00,1.2217e-01
4.2200e+03,2.5795e-02,6.8981e+00,1.2504e+01,4.3484e+00,1.2218e-01
4.2300e+03,2.5509e-02,6.8978e+00,1.2504e+01,4.3487e+00,1.2219e-01
4.2400e+03,2.5226e-02,6.8975e+00,1.2504e+01,4.3490e+00,1.2220e-01
4.2500e+03,2.4945e-02,6.8973e+00,1.2504e+01,4.3492e+00,1.2221e-01
4.2600e+03,2.4668e-02,6.8970e+00,1.2504e+01,4.3495e+00,1.2222e-01
4.2700e+03,2.4394e-02,6.8967e+00,1.2504e+01,4.3498e+00,1.2223e-01
4.2800e+03,2.4123e-02,6.8965e+00,1.2504e+01,4.3500e+00,1.2224e-01
4.2900e+03,2.3856e-02,6.8962e+00,1.2504e+01,4.3503e+00,1.2225e-01
4.3000e+03,2.3591e-02,6.8960e+00,1.2504e+01,4.3506e+00,1.2226e-01
4.3100e+03,2.3329e-02,6.8957e+00,1.2504e+01,4.3508e+00,1.2227e-01
4.3200e+03,2.3070e-02,6.8955e+00,1.2504e+01,4.3511e+00,1.2228e-01
4.3300e+03,2.2814e-02,6.8952e+00,1.2504e+01,4.3513e+00,1.2229e-01
4.3400e+03,2.2560e-02,6.8950e+00,1.2504e+01,4.3515e+00,1.2230e-01
4.3500e+03,2.2310e-02,6.8947e+00,1.2504e+01,4.3518e+00,1.2230e-01
4.3600e+03,2.2062e-02,6.8945e+00,1.2504e+01,4.3520e+00,1.2231e-01
4.3700e+03,2.1817e-02,6.8943e+00,1.2504e+01,4.3523e+00,1.2232e-01
4.3800e+03,2.1575e-02,6.8940e+00,1.2504e+01,4.3525e+00,1.2233e-01
4.3900e+03,2.1335e-02,6.8938e+00,1.2504e+01,4.3527e+00,1.2234e-01
4.4000e+03,2.1099e-02,6.8936e+00,1.2504e+01,4.3530e+00,1.2235e-01
4.4100e+03,2.0864e-02,6.8933e+00,1.2504e+01,4.3532e+00,1.2236e-01
4.4200e+03,2.0633e-02,6.8931e+00,1.2504e+01,4.3534e+00,1.2236e-01
4.4300e+03,2.0404e-02,6.8929e+00,1.2504e+01,4.3536e+00,1.2237e-01
4.4400e+03,2.0177e-02,6.8927e+00,1.2504e+01,4.3538e+00,1.2238e-01
4.4500e+03,1.9953e-02,6.8925e+00,1.2504e+01,4.3541e+00,1.2239e-01
4.4600e+03,1.9732e-02,6.8922e+00,1.2504e+01,4.3543e+00,1.2239e-01
4.4700e+03,1.9513e-02,6.8920e+00,1.2504e+01,4.3545e+00,1.2240e-01
4.4800e+03,1.9296e-02,6.8918e+00,1.2504e+01,4.3547e+00,1.2241e-01
4.4900e+03,1.9082e-02,6.8916e+00,1.2504e+01,4.3549e+00,1.2242e-01
4.5000e+03,1.8870e-02,6.8914e+00,1.2504e+01,4.3551e+00,1.2243e-01
4.5100e+03,1.8661e-02,6.8912e+00,1.2504e+01,4.3553e+00,1.2243e-01
4.5200e+03,1.8454e-02,6.8910e+00,1.2504e+01,4.3555e+00,1.2244e-01
4.5300e+03,1.8249e-02,6.8908e+00,1.2504e+01,4.3557e+00,1.2245e-01
4.5400e+03,1.8047e-02,6.8906e+00,1.2504e+01,4.3559e+00,1.2245e-01
4.5500e+03,1.7846e-02,6.8904e+00,1.2504e+01,4.3561e+00,1.2246e-01
4.5600e+03,1.7648e-02,6.8902e+00,1.2504e+01,4.3563e+00,1.2247e-01
4.5700e+03,1.7453e-02,6.8900e+00,1.2504e+01,4.3565e+00,1.2247e-01
4.5800e+03,1.7259e-02,6.8899e+00,1.2504e+01,4.3567e+00,1.2248e-01
4.5900e+03,1.7068e-02,6.8897e+00,1.2504e+01,4.3568e+00,1.2249e-01
4.6000e+03,1.6878e-02,6.8895e+00,1.2504e+01,4.3570e+00,1.2249e-01
4.6100e+03,1.6691e-02,6.8893e+00,1.2504e+01,4.3572e+00,1.2250e-01
4.6200e+03,1.6506e-02,6.8891e+00,1.2504e+01,4.3574e+00,1.2251e-01
4.6300e+03,1.6323e-02,6.8889e+00,1.2504e+01,4.3576e+00,1.2251e-01
4.6400e+03,1.6142e-02,6.8888e+00,1.2504e+01,4.3577e+00,1.2252e-01
4.6500e+03,1.5962e-02,6.8886e+00,1.2504e+01,4.3579e+00,1.2253e-01
4.6600e+03,1.5785e-02,6.8884e+00,1.2504e+01,4.3581e+00,1.2253e-01
4.6700e+03,1.5610e-02,6.8883e+00,1.2504e+01,4.3583e+00,1.2254e-01
4.6800e+03,1.5437e-02,6.8881e+00,1.2504e+01,4.3584e+00,1.2255e-01
4.6900e+03,1.5266e-02,6.8879e+00,1.2504e+01,4.3586e+00,1.2255e-01
4.7000e+03,1.5097e-02,6.8878e+00,1.2504e+01,4.3588e+00,1.2256e-01
4.7100e+03,1.4929e-02,6.8876e+00,1.2504e+01,4.3589e+00,1.2256e-01
4.7200e+03,1.4764e-02,6.8874e+00,1.2504e+01,4.3591e+00,1.2257e-01
4.7300e+03,1.4600e-02,6.8873e+00,1.2504e+01,4.3592e+00,1.2257e-01
4.7400e+03,1.4438e-02,6.8871e+00,1.2504e+01,4.3594e+00,1.2258e-01
4.7500e+03,1.4278e-02,6.8870e+00,1.2504e+01,4.3595e+00,1.2259e-01
4.7600e+03,1.4119e-02,6.8868e+00,1.2504e+01,4.3597e+00,1.2259e-01
4.7700e+03,1.3963e-02,6.8867e+00,1.2504e+01,4.3598e+00,1.2260e-01
4.7800e+03,1.3808e-02,6.8865e+00,1.2504e+01,4.3600e+00,1.2260e-01
4.7900e+03,1.3655e-02,6.8864e+00,1.2504e+01,4.3601e+00,1.2261e-01
4.8000e+03,1.3503e-02,6.8862e+00,1.2504e+01,4.3603e+00,1.2261e-01
4.8100e+03,1.3354e-02,6.8861e+00,1.2504e+01,4.3604e+00,1.2262e-01
4.8200e+03,1.3206e-02,6.8859e+00,1.2504e+01,4.3606e+00,1.2262e-01
4.8300e+03,1.3059e-02,6.8858e+00,1.2504e+01,4.3607e+00,1.2263e-01
4.8400e+03,1.2914e-02,6.8857e+00,1.2504e+01,4.3609e+00,1.2263e-01
4.8500e+03,1.2771e-02,6.8855e+00,1.2504e+01,4.3610e+00,1.2264e-01
4.8600e+03,1.2630e-02,6.8854e+00,1.2504e+01,4.3611e+00,1.2264e-01
4.8700e+03,1.2490e-02,6.8852e+00,1.2504e+01,4.3613e+00,1.2265e-01
4.8800e+03,1.2351e-02,6.8851e+00,1.2504e+01,4.3614e+00,1.2265e-01
4.8900e+03,1.2214e-02,6.8850e+00,1.2504e+01,4.3615e+00,1.2266e-01
4.9000e+03,1.2079e-02,6.8848e+00,1.2504e+01,4.3617e+00,1.2266e-01
4.9100e+03,1.1945e-02,6.8847e+00,1.2504e+01,4.3618e+00,1.2267e-01
4.9200e+03,1.1812e-02,6.8846e+00,1.2504e+01,4.3619e+00,1.2267e-01
4.9300e+03,1.1681e-02,6.8845e+00,1.2504e+01,4.3620e+00,1.2268e-01
4.9400e+03,1.1552e-02,6.8843e+00,1.2504e+01,4.3622e+00,1.2268e-01
4.9500e+03,1.1424e-02,6.8842e+00,1.2504e+01,4.3623e+00,1.2269e-01
4.9600e+03,1.1297e-02,6.8841e+00,1.2504e+01,4.3624e+00,1.2269e-01
4.9700e+03,1.1172e-02,6.8840e+00,1.2504e+01,4.3625e+00,1.2269e-01
4.9800e+03,1.1048e-02,6.8839e+00,1.2504e+01,4.3627e+00,1.2270e-01
4.9900e+03,1.0926e-02,6.8837e+00,1.2504e+01,4.3628e+00,1.2270e-01
5.0000e+03,1.0804e-02,6.8836e+00,1.2504e+01,4.3629e+00,1.2271e-01
5.0100e+03,1.0685e-02,6.8835e+00,1.2504e+01,4.3630e+00,1.2271e-01
5.0200e+03,1.0566e-02,6.8834e+00,1.2504e+01,4.3631e+00,1.2272e-01
5.0300e+03,1.0449e-02,6.8833e+00,1.2504e+01,4.3632e+00,1.2272e-01
5.0400e+03,1.0333e-02,6.8832e+00,1.2504e+01,4.3633e+00,1.2272e-01
5.0500e+03,1.0219e-02,6.8831e+00,1.2504e+01,4.3635e+00,1.2273e-01
5.0600e+03,1.0105e-02,6.8829e+00,1.2504e+01,4.3636e+00,1.2273e-01
5.0700e+03,9.9934e-03,6.8828e+00,1.2504e+01,4.3637e+00,1.2274e-01
5.0800e+03,9.8827e-03,6.8827e+00,1.2504e+01,4.3638e+00,1.2274e-01
5.0900e+03,9.7731e-03,6.8826e+00,1.2504e+01,4.3639e+00,1.2274e-01
5.1000e+03,9.6648e-03,6.8825e+00,1.2504e+01,4.3640e+00,1.2275e-01
5.1100e+03,9.5577e-03,6.8824e+00,1.2504e+01,4.3641e+00,1.2275e-01
5.1200e+03,9.4517e-03,6.8823e+00,1.2504e+01,4.3642e+00,1.2275e-01
5.1300e+03,9.3470e-03,6.8822e+00,1.2504e+01,4.3643e+00,1.2276e-01
5.1400e+03,9.2434e-03,6.8821e+00,1.2504e+01,4.3644e+00,1.2276e-01
5.1500e+03,9.1409e-03,6.8820e+00,1.2504e+01,4.3645e+00,1.2277e-01
5.1600e+03,9.0396e-03,6.8819e+00,1.2504e+01,4.3646e+00,1.2277e-01
5.1700e+03,8.9394e-03,6.8818e+00,1.2504e+01,4.3647e+00,1.2277e-01
5.1800e+03,8.8404e-03,6.8817e+00,1.2504e+01,4.3648e+00,1.2278e-01
5.1900e+03,8.7424e-03,6.8816e+00,1.2504e+01,4.3649e+00,1.2278e-01
5.2000e+03,8.6455e-03,6.8815e+00,1.2504e+01,4.3650e+00,1.2278e-01
5.2100e+03,8.5497e-03,6.8814e+00,1.2504e+01,4.3651e+00,1.2279e-01
5.2200e+03,8.4549e-03,6.8813e+00,1.2504e+01,4.3652e+00,1.2279e-01
5.2300e+03,8.3612e-03,6.8813e+00,1.2504e+01,4.3652e+00,1.2279e-01
5.2400e+03,8.2686e-03,6.8812e+00,1.2504e+01,4.3653e+00,1.2280e-01
5.2500e+03,8.1770e-03,6.8811e+00,1.2504e+01,4.3654e+00,1.2280e-01
5.2600e+03,8.0863e-03,6.8810e+00,1.2504e+01,4.3655e+00,1.2280e-01
5.2700e+03,7.9967e-03,6.8809e+00,1.2504e+01,4.3656e+00,1.2281e-01
5.2800e+03,7.9081e-03,6.8808e+00,1.2504e+01,4.3657e+00,1.2281e-01
5.2900e+03,7.8205e-03,6.8807e+00,1.2504e+01,4.3658e+00,1.2281e-01
5.3000e+03,7.7338e-03,6.8807e+00,1.2504e+01,4.3659e+00,1.2282e-01
5.3100e+03,7.6481e-03,6.8806e+00,1.2504e+01,4.3659e+00,1.2282e-01
5.3200e+03,7.5634e-03,6.8805e+00,1.2504e+01,4.3660e+00,1.2282e-01
5.3300e+03,7.4796e-03,6.8804e+00,1.2504e+01,4.3661e+00,1.2282e-01
5.3400e+03,7.3967e-03,6.8803e+00,1.2504e+01,4.3662e+00,1.2283e-01
5.3500e+03,7.3147e-03,6.8802e+00,1.2504e+01,4.3663e+00,1.2283e-01
5.3600e+03,7.2337e-03,6.8802e+00,1.2504e+01,4.3663e+00,1.2283e-01
5.3700e+03,7.1535e-03,6.8801e+00,1.2504e+01,4.3664e+00,1.2284e-01
5.3800e+03,7.0743e-03,6.8800e+00,1.2504e+01,4.3665e+00,1.2284e-01
5.3900e+03,6.9959e-03,6.8799e+00,1.2504e+01,4.3666e+00,1.2284e-01
5.4000e+03,6.9184e-03,6.8799e+00,1.2504e+01,4.3666e+00,1.2284e-01
5.4100e+03,6.8417e-03,6.8798e+00,1.2504e+01,4.3667e+00,1.2285e-01
5.4200e+03,6.7659e-03,6.8797e+00,1.2504e+01,4.3668e+00,1.2285e-01
5.4300e+03,6.6910e-03,6.8796e+00,1.2504e+01,4.3669e+00,1.2285e-01
5.4400e+03,6.6168e-03,6.8796e+00,1.2504e+01,4.3669e+00,1.2285e-01
5.4500e+03,6.5435e-03,6.8795e+00,1.2504e+01,4.3670e+00,1.2286e-01
5.4600e+03,6.4710e-03,6.8794e+00,1.2504e+01,4.3671e+00,1.2286e-01
5.4700e+03,6.3993e-03,6.8794e+00,1.2504e+01,4.3671e+00,1.2286e-01
5.4800e+03,6.3284e-03,6.8793e+00,1.2504e+01,4.3672e+00,1.2286e-01
5.4900e+03,6.2583e-03,6.8792e+00,1.2504e+01,4.3673e+00,1.2287e-01
5.5000e+03,6.1890e-03,6.8792e+00,1.2504e+01,4.3673e+00,1.2287e-01
5.5100e+03,6.1204e-03,6.8791e+00,1.2504e+01,4.3674e+00,1.2287e-01
5.5200e+03,6.0526e-03,6.8790e+00,1.2504e+01,4.3675e+00,1.2287e-01
5.5300e+03,5.9855e-03,6.8790e+00,1.2504e+01,4.3675e+00,1.2288e-01
5.5400e+03,5.9192e-03,6.8789e+00,1.2504e+01,4.3676e+00,1.2288e-01
5.5500e+03,5.8537e-03,6.8788e+00,1.2504e+01,4.3677e+00,1.2288e-01
5.5600e+03,5.7888e-03,6.8788e+00,1.2504e+01,4.3677e+00,1.2288e-01
5.5700e+03,5.7247e-03,6.8787e+00,1.2504e+01,4.3678e+00,1.2289e-01
5.5800e+03,5.6613e-03,6.8787e+00,1.2504e+01,4.3679e+00,1.2289e-01
5.5900e+03,5.5985e-03,6.8786e+00,1.2504e+01,4.3679e+00,1.2289e-01
5.6000e+03,5.5365e-03,6.8785e+00,1.2504e+01,4.3680e+00,1.2289e-01
5.6100e+03,5.4752e-03,6.8785e+00,1.2504e+01,4.3680e+00,1.2289e-01
5.6200e+03,5.4145e-03,6.8784e+00,1.2504e+01,4.3681e+00,1.2290e-01
5.6300e+03,5.3546e-03,6.8784e+00,1.2504e+01,4.3682e+00,1.2290e-01
5.6400e+03,5.2952e-03,6.8783e+00,1.2504e+01,4.3682e+00,1.2290e-01
5.6500e+03,5.2366e-03,6.8782e+00,1.2504e+01,4.3683e+00,1.2290e-01
5.6600e+03,5.1786e-03,6.8782e+00,1.2504e+01,4.3683e+00,1.2290e-01
5.6700e+03,5.1212e-03,6.8781e+00,1.2504e+01,4.3684e+00,1.2291e-01
5.6800e+03,5.0645e-03,6.8781e+00,1.2504e+01,4.3684e+00,1.2291e-01
5.6900e+03,5.0084e-03,6.8780e+00,1.2504e+01,4.3685e+00,1.2291e-01
5.7000e+03,4.9529e-03,6.8780e+00,1.2504e+01,4.3685e+00,1.2291e-01
5.7100e+03,4.8980e-03,6.8779e+00,1.2504e+01,4.3686e+00,1.2291e-01
5.7200e+03,4.8438e-03,6.8779e+00,1.2504e+01,4.3686e+00,1.2292e-01
5.7300e+03,4.7901e-03,6.8778e+00,1.2504e+01,4.3687e+00,1.2292e-01
5.7400e+03,4.7371e-03,6.8778e+00,1.2504e+01,4.3687e+00,1.2292e-01
5.7500e+03,4.6846e-03,6.8777e+00,1.2504e+01,4.3688e+00,1.2292e-01
