t,[L2M],[D],[L],[L2MD],[L2Ms]
0.0000e+00,4.5000e+00,1.5750e+01,1.0000e+01,0.0000e+00,0.0000e+00
1.0000e+01,4.3635e+00,1.5620e+01,1.0004e+01,1.2994e-01,2.0711e-03
2.0000e+01,4.2358e+00,1.5494e+01,1.0004e+01,2.5559e-01,4.0903e-03
3.0000e+01,4.1128e+00,1.5373e+01,1.0004e+01,3.7667e-01,6.0515e-03
4.0000e+01,3.9942e+00,1.5256e+01,1.0004e+01,4.9338e-01,7.9568e-03
5.0000e+01,3.8798e+00,1.5143e+01,1.0004e+01,6.0594e-01,9.8082e-03
6.0000e+01,3.7694e+00,1.5035e+01,1.0004e+01,7.1454e-01,1.1607e-02
7.0000e+01,3.6628e+00,1.4930e+01,1.0004e+01,8.1935e-01,1.3356e-02
8.0000e+01,3.5599e+00,1.4828e+01,1.0004e+01,9.2054e-01,1.5057e-02
9.0000e+01,3.4605e+00,1.4731e+01,1.0004e+01,1.0183e+00,1.6710e-02
1.0000e+02,3.3645e+00,1.4636e+01,1.0004e+01,1.1127e+00,1.8318e-02
1.1000e+02,3.2716e+00,1.4545e+01,1.0004e+01,1.2040e+00,1.9882e-02
1.2000e+02,3.1819e+00,1.4456e+01,1.0004e+01,1.2922e+00,2.1403e-02
1.3000e+02,3.0950e+00,1.4371e+01,1.0004e+01,1.3776e+00,2.2883e-02
1.4000e+02,3.0110e+00,1.4288e+01,1.0004e+01,1.4601e+00,2.4324e-02
1.5000e+02,2.9297e+00,1.4208e+01,1.0004e+01,1.5400e+00,2.5726e-02
1.6000e+02,2.8510e+00,1.4131e+01,1.0004e+01,1.6174e+00,2.7090e-02
1.7000e+02,2.7748e+00,1.4056e+01,1.0004e+01,1.6923e+00,2.8418e-02
1.8000e+02,2.7010e+00,1.3983e+01,1.0004e+01,1.7648e+00,2.9712e-02
1.9000e+02,2.6295e+00,1.3913e+01,1.0004e+01,1.8350e+00,3.0971e-02
2.0000e+02,2.5602e+00,1.3845e+01,1.0004e+01,1.9031e+00,3.2197e-02
2.1000e+02,2.4930e+00,1.3779e+01,1.0004e+01,1.9691e+00,3.3392e-02
2.2000e+02,2.4279e+00,1.3715e+01,1.0004e+01,2.0331e+00,3.4555e-02
2.3000e+02,2.3647e+00,1.3653e+01,1.0004e+01,2.0951e+00,3.5688e-02
2.4000e+02,2.3034e+00,1.3592e+01,1.0004e+01,2.1553e+00,3.6793e-02
2.5000e+02,2.2440e+00,1.3534e+01,1.0004e+01,2.2137e+00,3.7868e-02
2.6000e+02,2.1863e+00,1.3477e+01,1.0004e+01,2.2703e+00,3.8917e-02
2.7000e+02,2.1303e+00,1.3422e+01,1.0004e+01,2.3253e+00,3.9938e-02
2.8000e+02,2.0760e+00,1.3369e+01,1.0004e+01,2.3786e+00,4.0934e-02
2.9000e+02,2.0232e+00,1.3317e+01,1.0004e+01,2.4304e+00,4.1905e-02
3.0000e+02,1.9719e+00,1.3267e+01,1.0004e+01,2.4807e+00,4.2851e-02
3.1000e+02,1.9222e+00,1.3218e+01,1.0004e+01,2.5296e+00,4.3773e-02
3.2000e+02,1.8738e+00,1.3170e+01,1.0004e+01,2.5770e+00,4.4673e-02
3.3000e+02,1.8268e+00,1.3124e+01,1.0004e+01,2.6232e+00,4.5550e-02
3.4000e+02,1.7811e+00,1.3079e+01,1.0004e+01,2.6680e+00,4.6405e-02
3.5000e+02,1.7367e+00,1.3036e+01,1.0004e+01,2.7115e+00,4.7238e-02
3.6000e+02,1.6936e+00,1.2993e+01,1.0004e+01,2.7539e+00,4.8052e-02
3.7000e+02,1.6516e+00,1.2952e+01,1.0004e+01,2.7950e+00,4.8845e-02
3.8000e+02,1.6108e+00,1.2912e+01,1.0004e+01,2.8350e+00,4.9619e-02
3.9000e+02,1.5712e+00,1.2873e+01,1.0004e+01,2.8740e+00,5.0373e-02
4.0000e+02,1.5326e+00,1.2835e+01,1.0004e+01,2.9118e+00,5.1110e-02
4.1000e+02,1.4950e+00,1.2798e+01,1.0004e+01,2.9486e+00,5.1828e-02
4.2000e+02,1.4585e+00,1.2762e+01,1.0004e+01,2.9845e+00,5.2529e-02
4.3000e+02,1.4230e+00,1.2728e+01,1.0004e+01,3.0193e+00,5.3213e-02
4.4000e+02,1.3884e+00,1.2694e+01,1.0004e+01,3.0533e+00,5.3880e-02
4.5000e+02,1.3547e+00,1.2661e+01,1.0004e+01,3.0863e+00,5.4531e-02
4.6000e+02,1.3219e+00,1.2628e+01,1.0004e+01,3.1184e+00,5.5167e-02
4.7000e+02,1.2900e+00,1.2597e+01,1.0004e+01,3.1497e+00,5.5787e-02
4.8000e+02,1.2589e+00,1.2567e+01,1.0004e+01,3.1802e+00,5.6392e-02
4.9000e+02,1.2287e+00,1.2537e+01,1.0004e+01,3.2098e+00,5.6983e-02
5.0000e+02,1.1992e+00,1.2508e+01,1.0004e+01,3.2387e+00,5.7559e-02
5.1000e+02,1.1705e+00,1.2480e+01,1.0004e+01,3.2669e+00,5.8122e-02
5.2000e+02,1.1426e+00,1.2452e+01,1.0004e+01,3.2943e+00,5.8672e-02
5.3000e+02,1.1153e+00,1.2426e+01,1.0004e+01,3.3210e+00,5.9208e-02
5.4000e+02,1.0888e+00,1.2400e+01,1.0004e+01,3.3470e+00,5.9732e-02
5.5000e+02,1.0630e+00,1.2374e+01,1.0004e+01,3.3723e+00,6.0244e-02
5.6000e+02,1.0378e+00,1.2350e+01,1.0004e+01,3.3970e+00,6.0743e-02
5.7000e+02,1.0132e+00,1.2325e+01,1.0004e+01,3.4210e+00,6.1230e-02
5.8000e+02,9.8931e-01,1.2302e+01,1.0004e+01,3.4445e+00,6.1706e-02
5.9000e+02,9.6600e-01,1.2279e+01,1.0004e+01,3.4673e+00,6.2171e-02
6.0000e+02,9.4327e-01,1.2257e+01,1.0004e+01,3.4896e+00,6.2625e-02
6.1000e+02,9.2111e-01,1.2235e+01,1.0004e+01,3.5113e+00,6.3068e-02
6.2000e+02,8.9951e-01,1.2214e+01,1.0004e+01,3.5325e+00,6.3501e-02
6.3000e+02,8.7844e-01,1.2193e+01,1.0004e+01,3.5531e+00,6.3924e-02
6.4000e+02,8.5791e-01,1.2173e+01,1.0004e+01,3.5733e+00,6.4337e-02
6.5000e+02,8.3788e-01,1.2153e+01,1.0004e+01,3.5929e+00,6.4740e-02
6.6000e+02,8.1835e-01,1.2134e+01,1.0004e+01,3.6120e+00,6.5134e-02
6.7000e+02,7.9930e-01,1.2116e+01,1.0004e+01,3.6307e+00,6.5519e-02
6.8000e+02,7.8072e-01,1.2097e+01,1.0004e+01,3.6489e+00,6.5895e-02
6.9000e+02,7.6260e-01,1.2080e+01,1.0004e+01,3.6666e+00,6.6262e-02
7.0000e+02,7.4492e-01,1.2062e+01,1.0004e+01,3.6840e+00,6.6621e-02
7.1000e+02,7.2768e-01,1.2045e+01,1.0004e+01,3.7009e+00,6.6971e-02
7.2000e+02,7.1085e-01,1.2029e+01,1.0004e+01,3.7173e+00,6.7314e-02
7.3000e+02,6.9444e-01,1.2013e+01,1.0004e+01,3.7334e+00,6.7648e-02
7.4000e+02,6.7842e-01,1.1997e+01,1.0004e+01,3.7491e+00,6.7975e-02
7.5000e+02,6.6279e-01,1.1982e+01,1.0004e+01,3.7644e+00,6.8294e-02
7.6000e+02,6.4754e-01,1.1967e+01,1.0004e+01,3.7794e+00,6.8606e-02
7.7000e+02,6.3266e-01,1.1952e+01,1.0004e+01,3.7939e+00,6.8911e-02
7.8000e+02,6.1814e-01,1.1938e+01,1.0004e+01,3.8082e+00,6.9208e-02
7.9000e+02,6.0396e-01,1.1924e+01,1.0004e+01,3.8220e+00,6.9499e-02
8.0000e+02,5.9013e-01,1.1911e+01,1.0004e+01,3.8356e+00,6.9784e-02
8.1000e+02,5.7662e-01,1.1897e+01,1.0004e+01,3.8488e+00,7.0061e-02
8.2000e+02,5.6344e-01,1.1884e+01,1.0004e+01,3.8617e+00,7.0333e-02
8.3000e+02,5.5057e-01,1.1872e+01,1.0004e+01,3.8743e+00,7.0598e-02
8.4000e+02,5.3801e-01,1.1859e+01,1.0004e+01,3.8866e+00,7.0857e-02
8.5000e+02,5.2575e-01,1.1847e+01,1.0004e+01,3.8987e+00,7.1111e-02
8.6000e+02,5.1377e-01,1.1836e+01,1.0004e+01,3.9104e+00,7.1358e-02
8.7000e+02,5.0208e-01,1.1824e+01,1.0004e+01,3.9218e+00,7.1600e-02
8.8000e+02,4.9067e-01,1.1813e+01,1.0004e+01,3.9330e+00,7.1837e-02
8.9000e+02,4.7952e-01,1.1802e+01,1.0004e+01,3.9439e+00,7.2068e-02
9.0000e+02,4.6864e-01,1.1791e+01,1.0004e+01,3.9546e+00,7.2293e-02
9.1000e+02,4.5801e-01,1.1781e+01,1.0004e+01,3.9650e+00,7.2514e-02
9.2000e+02,4.4764e-01,1.1771e+01,1.0004e+01,3.9751e+00,7.2730e-02
9.3000e+02,4.3750e-01,1.1761e+01,1.0004e+01,3.9851e+00,7.2941e-02
9.4000e+02,4.2761e-01,1.1751e+01,1.0004e+01,3.9948e+00,7.3147e-02
9.5000e+02,4.1794e-01,1.1742e+01,1.0004e+01,4.0042e+00,7.3348e-02
9.6000e+02,4.0850e-01,1.1733e+01,1.0004e+01,4.0135e+00,7.3545e-02
9.7000e+02,3.9928e-01,1.1723e+01,1.0004e+01,4.0225e+00,7.3738e-02
9.8000e+02,3.9027e-01,1.1715e+01,1.0004e+01,4.0313e+00,7.3926e-02
9.9000e+02,3.8148e-01,1.1706e+01,1.0004e+01,4.0399e+00,7.4110e-02
1.0000e+03,3.7288e-01,1.1698e+01,1.0004e+01,4.0483e+00,7.4289e-02
1.0100e+03,3.6449e-01,1.1689e+01,1.0004e+01,4.0566e+00,7.4465e-02
1.0200e+03,3.5629e-01,1.1681e+01,1.0004e+01,4.0646e+00,7.4637e-02
1.0300e+03,3.4828e-01,1.1673e+01,1.0004e+01,4.0724e+00,7.4805e-02
1.0400e+03,3.4046e-01,1.1666e+01,1.0004e+01,4.0801e+00,7.4969e-02
1.0500e+03,3.3281e-01,1.1658e+01,1.0004e+01,4.0876e+00,7.5129e-02
1.0600e+03,3.2534e-01,1.1651e+01,1.0004e+01,4.0949e+00,7.5286e-02
1.0700e+03,3.1804e-01,1.1644e+01,1.0004e+01,4.1020e+00,7.5439e-02
1.0800e+03,3.1092e-01,1.1637e+01,1.0004e+01,4.1090e+00,7.5589e-02
1.0900e+03,3.0395e-01,1.1630e+01,1.0004e+01,4.1158e+00,7.5736e-02
1.1000e+03,2.9714e-01,1.1623e+01,1.0004e+01,4.1225e+00,7.5879e-02
1.1100e+03,2.9049e-01,1.1617e+01,1.0004e+01,4.1290e+00,7.6019e-02
1.1200e+03,2.8400e-01,1.1610e+01,1.0004e+01,4.1354e+00,7.6156e-02
1.1300e+03,2.7765e-01,1.1604e+01,1.0004e+01,4.1416e+00,7.6290e-02
1.1400e+03,2.7144e-01,1.1598e+01,1.0004e+01,4.1476e+00,7.6421e-02
1.1500e+03,2.6538e-01,1.1592e+01,1.0004e+01,4.1536e+00,7.6549e-02
1.1600e+03,2.5946e-01,1.1586e+01,1.0004e+01,4.1594e+00,7.6674e-02
1.1700e+03,2.5367e-01,1.1581e+01,1.0004e+01,4.1650e+00,7.6796e-02
1.1800e+03,2.4801e-01,1.1575e+01,1.0004e+01,4.1706e+00,7.6916e-02
1.1900e+03,2.4248e-01,1.1570e+01,1.0004e+01,4.1760e+00,7.7033e-02
1.2000e+03,2.3707e-01,1.1565e+01,1.0004e+01,4.1813e+00,7.7147e-02
1.2100e+03,2.3179e-01,1.1559e+01,1.0004e+01,4.1865e+00,7.7259e-02
1.2200e+03,2.2663e-01,1.1554e+01,1.0004e+01,4.1915e+00,7.7368e-02
1.2300e+03,2.2159e-01,1.1549e+01,1.0004e+01,4.1964e+00,7.7475e-02
1.2400e+03,2.1666e-01,1.1545e+01,1.0004e+01,4.2013e+00,7.7579e-02
1.2500e+03,2.1184e-01,1.1540e+01,1.0004e+01,4.2060e+00,7.7682e-02
1.2600e+03,2.0713e-01,1.1535e+01,1.0004e+01,4.2106e+00,7.7781e-02
1.2700e+03,2.0253e-01,1.1531e+01,1.0004e+01,4.2151e+00,7.7879e-02
1.2800e+03,1.9803e-01,1.1526e+01,1.0004e+01,4.2195e+00,7.7975e-02
1.2900e+03,1.9363e-01,1.1522e+01,1.0004e+01,4.2238e+00,7.8068e-02
1.3000e+03,1.8933e-01,1.1518e+01,1.0004e+01,4.2280e+00,7.8159e-02
1.3100e+03,1.8513e-01,1.1514e+01,1.0004e+01,4.2321e+00,7.8249e-02
1.3200e+03,1.8102e-01,1.1510e+01,1.0004e+01,4.2362e+00,7.8336e-02
1.3300e+03,1.7701e-01,1.1506e+01,1.0004e+01,4.2401e+00,7.8421e-02
1.3400e+03,1.7308e-01,1.1502e+01,1.0004e+01,4.2439e+00,7.8505e-02
1.3500e+03,1.6924e-01,1.1498e+01,1.0004e+01,4.2477e+00,7.8586e-02
1.3600e+03,1.6549e-01,1.1494e+01,1.0004e+01,4.2513e+00,7.8666e-02
1.3700e+03,1.6183e-01,1.1491e+01,1.0004e+01,4.2549e+00,7.8744e-02
1.3800e+03,1.5824e-01,1.1487e+01,1.0004e+01,4.2584e+00,7.8821e-02
1.3900e+03,1.5474e-01,1.1484e+01,1.0004e+01,4.2619e+00,7.8895e-02
1.4000e+03,1.5131e-01,1.1481e+01,1.0004e+01,4.2652e+00,7.8968e-02
1.4100e+03,1.4797e-01,1.1477e+01,1.0004e+01,4.2685e+00,7.9040e-02
1.4200e+03,1.4469e-01,1.1474e+01,1.0004e+01,4.2717e+00,7.9109e-02
1.4300e+03,1.4149e-01,1.1471e+01,1.0004e+01,4.2748e+00,7.9178e-02
1.4400e+03,1.3836e-01,1.1468e+01,1.0004e+01,4.2779e+00,7.9244e-02
1.4500e+03,1.3531e-01,1.1465e+01,1.0004e+01,4.2809e+00,7.9310e-02
1.4600e+03,1.3232e-01,1.1462e+01,1.0004e+01,4.2838e+00,7.9373e-02
1.4700e+03,1.2939e-01,1.1459e+01,1.0004e+01,4.2867e+00,7.9436e-02
1.4800e+03,1.2653e-01,1.1456e+01,1.0004e+01,4.2895e+00,7.9497e-02
1.4900e+03,1.2374e-01,1.1453e+01,1.0004e+01,4.2922e+00,7.9557e-02
1.5000e+03,1.2101e-01,1.1451e+01,1.0004e+01,4.2949e+00,7.9615e-02
1.5100e+03,1.1834e-01,1.1448e+01,1.0004e+01,4.2975e+00,7.9672e-02
1.5200e+03,1.1572e-01,1.1446e+01,1.0004e+01,4.3001e+00,7.9728e-02
1.5300e+03,1.1317e-01,1.1443e+01,1.0004e+01,4.3026e+00,7.9782e-02
1.5400e+03,1.1067e-01,1.1441e+01,1.0004e+01,4.3050e+00,7.9836e-02
1.5500e+03,1.0823e-01,1.1438e+01,1.0004e+01,4.3074e+00,7.9888e-02
1.5600e+03,1.0585e-01,1.1436e+01,1.0004e+01,4.3097e+00,7.9939e-02
1.5700e+03,1.0351e-01,1.1434e+01,1.0004e+01,4.3120e+00,7.9989e-02
1.5800e+03,1.0123e-01,1.1431e+01,1.0004e+01,4.3142e+00,8.0038e-02
1.5900e+03,9.8998e-02,1.1429e+01,1.0004e+01,4.3164e+00,8.0086e-02
1.6000e+03,9.6816e-02,1.1427e+01,1.0004e+01,4.3186e+00,8.0132e-02
1.6100e+03,9.4683e-02,1.1425e+01,1.0004e+01,4.3206e+00,8.0178e-02
1.6200e+03,9.2597e-02,1.1423e+01,1.0004e+01,4.3227e+00,8.0223e-02
1.6300e+03,9.0557e-02,1.1421e+01,1.0004e+01,4.3247e+00,8.0266e-02
1.6400e+03,8.8563e-02,1.1419e+01,1.0004e+01,4.3266e+00,8.0309e-02
1.6500e+03,8.6613e-02,1.1417e+01,1.0004e+01,4.3285e+00,8.0351e-02
1.6600e+03,8.4706e-02,1.1415e+01,1.0004e+01,4.3304e+00,8.0392e-02
1.6700e+03,8.2841e-02,1.1413e+01,1.0004e+01,4.3322e+00,8.0432e-02
1.6800e+03,8.1018e-02,1.1412e+01,1.0004e+01,4.3340e+00,8.0471e-02
1.6900e+03,7.9235e-02,1.1410e+01,1.0004e+01,4.3358e+00,8.0509e-02
1.7000e+03,7.7492e-02,1.1408e+01,1.0004e+01,4.3375e+00,8.0546e-02
1.7100e+03,7.5787e-02,1.1407e+01,1.0004e+01,4.3391e+00,8.0583e-02
1.7200e+03,7.4120e-02,1.1405e+01,1.0004e+01,4.3408e+00,8.0619e-02
1.7300e+03,7.2489e-02,1.1403e+01,1.0004e+01,4.3424e+00,8.0654e-02
1.7400e+03,7.0895e-02,1.1402e+01,1.0004e+01,4.3439e+00,8.0688e-02
1.7500e+03,6.9336e-02,1.1400e+01,1.0004e+01,4.3454e+00,8.0721e-02
1.7600e+03,6.7812e-02,1.1399e+01,1.0004e+01,4.3469e+00,8.0754e-02
1.7700e+03,6.6321e-02,1.1397e+01,1.0004e+01,4.3484e+00,8.0786e-02
1.7800e+03,6.4863e-02,1.1396e+01,1.0004e+01,4.3498e+00,8.0817e-02
1.7900e+03,6.3437e-02,1.1394e+01,1.0004e+01,4.3512e+00,8.0848e-02
1.8000e+03,6.2043e-02,1.1393e+01,1.0004e+01,4.3526e+00,8.0878e-02
1.8100e+03,6.0680e-02,1.1392e+01,1.0004e+01,4.3539e+00,8.0907e-02
1.8200e+03,5.9347e-02,1.1390e+01,1.0004e+01,4.3552e+00,8.0936e-02
1.8300e+03,5.8043e-02,1.1389e+01,1.0004e+01,4.3565e+00,8.0964e-02
1.8400e+03,5.6768e-02,1.1388e+01,1.0004e+01,4.3577e+00,8.0991e-02
1.8500e+03,5.5521e-02,1.1387e+01,1.0004e+01,4.3590e+00,8.1018e-02
1.8600e+03,5.4302e-02,1.1385e+01,1.0004e+01,4.3602e+00,8.1044e-02
1.8700e+03,5.3109e-02,1.1384e+01,1.0004e+01,4.3613e+00,8.1070e-02
1.8800e+03,5.1943e-02,1.1383e+01,1.0004e+01,4.3625e+00,8.1095e-02
1.8900e+03,5.0802e-02,1.1382e+01,1.0004e+01,4.3636e+00,8.1119e-02
1.9000e+03,4.9687e-02,1.1381e+01,1.0004e+01,4.3647e+00,8.1143e-02
1.9100e+03,4.8596e-02,1.1380e+01,1.0004e+01,4.3657e+00,8.1167e-02
1.9200e+03,4.7530e-02,1.1379e+01,1.0004e+01,4.3668e+00,8.1190e-02
1.9300e+03,4.6486e-02,1.1378e+01,1.0004e+01,4.3678e+00,8.1212e-02
1.9400e+03,4.5466e-02,1.1377e+01,1.0004e+01,4.3688e+00,8.1234e-02
1.9500e+03,4.4468e-02,1.1376e+01,1.0004e+01,4.3698e+00,8.1256e-02
1.9600e+03,4.3493e-02,1.1375e+01,1.0004e+01,4.3707e+00,8.1277e-02
1.9700e+03,4.2538e-02,1.1374e+01,1.0004e+01,4.3717e+00,8.1297e-02
1.9800e+03,4.1605e-02,1.1373e+01,1.0004e+01,4.3726e+00,8.1317e-02
1.9900e+03,4.0692e-02,1.1372e+01,1.0004e+01,4.3735e+00,8.1337e-02
2.0000e+03,3.9799e-02,1.1371e+01,1.0004e+01,4.3744e+00,8.1356e-02
2.0100e+03,3.8926e-02,1.1370e+01,1.0004e+01,4.3752e+00,8.1375e-02
2.0200e+03,3.8073e-02,1.1370e+01,1.0004e+01,4.3760e+00,8.1393e-02
2.0300e+03,3.7238e-02,1.1369e+01,1.0004e+01,4.3769e+00,8.1411e-02
2.0400e+03,3.6421e-02,1.1368e+01,1.0004e+01,4.3777e+00,8.1429e-02
2.0500e+03,3.5622e-02,1.1367e+01,1.0004e+01,4.3784e+00,8.1446e-02
2.0600e+03,3.4841e-02,1.1366e+01,1.0004e+01,4.3792e+00,8.1463e-02
2.0700e+03,3.4077e-02,1.1366e+01,1.0004e+01,4.3800e+00,8.1479e-02
2.0800e+03,3.3330e-02,1.1365e+01,1.0004e+01,4.3807e+00,8.1495e-02
2.0900e+03,3.2599e-02,1.1364e+01,1.0004e+01,4.3814e+00,8.1511e-02
2.1000e+03,3.1885e-02,1.1364e+01,1.0004e+01,4.3821e+00,8.1526e-02
2.1100e+03,3.1186e-02,1.1363e+01,1.0004e+01,4.3828e+00,8.1541e-02
2.1200e+03,3.0502e-02,1.1362e+01,1.0004e+01,4.3834e+00,8.1556e-02
2.1300e+03,2.9833e-02,1.1362e+01,1.0004e+01,4.3841e+00,8.1570e-02
2.1400e+03,2.9179e-02,1.1361e+01,1.0004e+01,4.3847e+00,8.1585e-02
2.1500e+03,2.8540e-02,1.1360e+01,1.0004e+01,4.3854e+00,8.1598e-02
2.1600e+03,2.7914e-02,1.1360e+01,1.0004e+01,4.3860e+00,8.1612e-02
2.1700e+03,2.7303e-02,1.1359e+01,1.0004e+01,4.3866e+00,8.1625e-02
2.1800e+03,2.6704e-02,1.1358e+01,1.0004e+01,4.3872e+00,8.1638e-02
2.1900e+03,2.6119e-02,1.1358e+01,1.0004e+01,4.3877e+00,8.1650e-02
2.2000e+03,2.5547e-02,1.1357e+01,1.0004e+01,4.3883e+00,8.1663e-02
2.2100e+03,2.4987e-02,1.1357e+01,1.0004e+01,4.3888e+00,8.1675e-02
2.2200e+03,2.4440e-02,1.1356e+01,1.0004e+01,4.3894e+00,8.1687e-02
2.2300e+03,2.3904e-02,1.1356e+01,1.0004e+01,4.3899e+00,8.1698e-02
2.2400e+03,2.3381e-02,1.1355e+01,1.0004e+01,4.3904e+00,8.1709e-02
2.2500e+03,2.2868e-02,1.1355e+01,1.0004e+01,4.3909e+00,8.1720e-02
2.2600e+03,2.2367e-02,1.1354e+01,1.0004e+01,4.3914e+00,8.1731e-02
2.2700e+03,2.1877e-02,1.1354e+01,1.0004e+01,4.3919e+00,8.1742e-02
2.2800e+03,2.1398e-02,1.1353e+01,1.0004e+01,4.3924e+00,8.1752e-02
2.2900e+03,2.0929e-02,1.1353e+01,1.0004e+01,4.3928e+00,8.1762e-02
2.3000e+03,2.0471e-02,1.1352e+01,1.0004e+01,4.3933e+00,8.1772e-02
2.3100e+03,2.0023e-02,1.1352e+01,1.0004e+01,4.3937e+00,8.1782e-02
2.3200e+03,1.9584e-02,1.1351e+01,1.0004e+01,4.3941e+00,8.1791e-02
2.3300e+03,1.9155e-02,1.1351e+01,1.0004e+01,4.3946e+00,8.1800e-02
2.3400e+03,1.8736e-02,1.1351e+01,1.0004e+01,4.3950e+00,8.1809e-02
2.3500e+03,1.8325e-02,1.1350e+01,1.0004e+01,4.3954e+00,8.1818e-02
2.3600e+03,1.7924e-02,1.1350e+01,1.0004e+01,4.3958e+00,8.1827e-02
2.3700e+03,1.7532e-02,1.1349e+01,1.0004e+01,4.3961e+00,8.1835e-02
2.3800e+03,1.7148e-02,1.1349e+01,1.0004e+01,4.3965e+00,8.1844e-02
2.3900e+03,1.6772e-02,1.1349e+01,1.0004e+01,4.3969e+00,8.1852e-02
2.4000e+03,1.6405e-02,1.1348e+01,1.0004e+01,4.3972e+00,8.1860e-02
2.4100e+03,1.6046e-02,1.1348e+01,1.0004e+01,4.3976e+00,8.1867e-02
2.4200e+03,1.5695e-02,1.1348e+01,1.0004e+01,4.3979e+00,8.1875e-02
2.4300e+03,1.5351e-02,1.1347e+01,1.0004e+01,4.3983e+00,8.1882e-02
2.4400e+03,1.5015e-02,1.1347e+01,1.0004e+01,4.3986e+00,8.1890e-02
2.4500e+03,1.4686e-02,1.1347e+01,1.0004e+01,4.3989e+00,8.1897e-02
2.4600e+03,1.4365e-02,1.1346e+01,1.0004e+01,4.3992e+00,8.1904e-02
2.4700e+03,1.4050e-02,1.1346e+01,1.0004e+01,4.3995e+00,8.1910e-02
2.4800e+03,1.3743e-02,1.1346e+01,1.0004e+01,4.3998e+00,8.1917e-02
2.4900e+03,1.3442e-02,1.1345e+01,1.0004e+01,4.4001e+00,8.1924e-02
2.5000e+03,1.3147e-02,1.1345e+01,1.0004e+01,4.4004e+00,8.1930e-02
2.5100e+03,1.2860e-02,1.1345e+01,1.0004e+01,4.4007e+00,8.1936e-02
2.5200e+03,1.2578e-02,1.1345e+01,1.0004e+01,4.4010e+00,8.1942e-02
2.5300e+03,1.2303e-02,1.1344e+01,1.0004e+01,4.4013e+00,8.1948e-02
2.5400e+03,1.2034e-02,1.1344e+01,1.0004e+01,4.4015e+00,8.1954e-02
2.5500e+03,1.1770e-02,1.1344e+01,1.0004e+01,4.4018e+00,8.1960e-02
2.5600e+03,1.1513e-02,1.1344e+01,1.0004e+01,4.4020e+00,8.1965e-02
2.5700e+03,1.1261e-02,1.1343e+01,1.0004e+01,4.4023e+00,8.1971e-02
2.5800e+03,1.1014e-02,1.1343e+01,1.0004e+01,4.4025e+00,8.1976e-02
2.5900e+03,1.0773e-02,1.1343e+01,1.0004e+01,4.4028e+00,8.1981e-02
2.6000e+03,1.0537e-02,1.1343e+01,1.0004e+01,4.4030e+00,8.1986e-02
2.6100e+03,1.0307e-02,1.1342e+01,1.0004e+01,4.4032e+00,8.1991e-02
2.6200e+03,1.0081e-02,1.1342e+01,1.0004e+01,4.4034e+00,8.1996e-02
2.6300e+03,9.8606e-03,1.1342e+01,1.0004e+01,4.4036e+00,8.2001e-02
2.6400e+03,9.6448e-03,1.1342e+01,1.0004e+01,4.4039e+00,8.2005e-02
2.6500e+03,9.4337e-03,1.1342e+01,1.0004e+01,4.4041e+00,8.2010e-02
2.6600e+03,9.2273e-03,1.1341e+01,1.0004e+01,4.4043e+00,8.2014e-02
2.6700e+03,9.0253e-03,1.1341e+01,1.0004e+01,4.4045e+00,8.2019e-02
2.6800e+03,8.8279e-03,1.1341e+01,1.0004e+01,4.4047e+00,8.2023e-02
2.6900e+03,8.6347e-03,1.1341e+01,1.0004e+01,4.4048e+00,8.2027e-02
2.7000e+03,8.4457e-03,1.1341e+01,1.0004e+01,4.4050e+00,8.2031e-02
2.7100e+03,8.2609e-03,1.1340e+01,1.0004e+01,4.4052e+00,8.2035e-02
2.7200e+03,8.0802e-03,1.1340e+01,1.0004e+01,4.4054e+00,8.2039e-02
2.7300e+03,7.9034e-03,1.1340e+01,1.0004e+01,4.4056e+00,8.2043e-02
2.7400e+03,7.7304e-03,1.1340e+01,1.0004e+01,4.4057e+00,8.2047e-02
2.7500e+03,7.5613e-03,1.1340e+01,1.0004e+01,4.4059e+00,8.2050e-02
2.7600e+03,7.3959e-03,1.1340e+01,1.0004e+01,4.4061e+00,8.2054e-02
2.7700e+03,7.2340e-03,1.1339e+01,1.0004e+01,4.4062e+00,8.2057e-02
2.7800e+03,7.0758e-03,1.1339e+01,1.0004e+01,4.4064e+00,8.2061e-02
2.7900e+03,6.9210e-03,1.1339e+01,1.0004e+01,4.4065e+00,8.2064e-02
2.8000e+03,6.7695e-03,1.1339e+01,1.0004e+01,4.4067e+00,8.2068e-02
2.8100e+03,6.6214e-03,1.1339e+01,1.0004e+01,4.4068e+00,8.2071e-02
2.8200e+03,6.4766e-03,1.1339e+01,1.0004e+01,4.4070e+00,8.2074e-02
2.8300e+03,6.3349e-03,1.1338e+01,1.0004e+01,4.4071e+00,8.2077e-02
2.8400e+03,6.1963e-03,1.1338e+01,1.0004e+01,4.4072e+00,8.2080e-02
2.8500e+03,6.0607e-03,1.1338e+01,1.0004e+01,4.4074e+00,8.2083e-02
2.8600e+03,5.9281e-03,1.1338e+01,1.0004e+01,4.4075e+00,8.2086e-02
2.8700e+03,5.7984e-03,1.1338e+01,1.0004e+01,4.4076e+00,8.2088e-02
2.8800e+03,5.6716e-03,1.1338e+01,1.0004e+01,4.4077e+00,8.2091e-02
2.8900e+03,5.5475e-03,1.1338e+01,1.0004e+01,4.4079e+00,8.2094e-02
2.9000e+03,5.4261e-03,1.1338e+01,1.0004e+01,4.4080e+00,8.2096e-02
2.9100e+03,5.3074e-03,1.1337e+01,1.0004e+01,4.4081e+00,8.2099e-02
2.9200e+03,5.1913e-03,1.1337e+01,1.0004e+01,4.4082e+00,8.2102e-02
2.9300e+03,5.0778e-03,1.1337e+01,1.0004e+01,4.4083e+00,8.2104e-02
2.9400e+03,4.9667e-03,1.1337e+01,1.0004e+01,4.4084e+00,8.2106e-02
2.9500e+03,4.8580e-03,1.1337e+01,1.0004e+01,4.4085e+00,8.2109e-02
2.9600e+03,4.7518e-03,1.1337e+01,1.0004e+01,4.4086e+00,8.2111e-02
2.9700e+03,4.6478e-03,1.1337e+01,1.0004e+01,4.4087e+00,8.2113e-02
2.9800e+03,4.5462e-03,1.1337e+01,1.0004e+01,4.4088e+00,8.2115e-02
2.9900e+03,4.4467e-03,1.1337e+01,1.0004e+01,4.4089e+00,8.2118e-02
3.0000e+03,4.3494e-03,1.1337e+01,1.0004e+01,4.4090e+00,8.2120e-02
3.0100e+03,4.2543e-03,1.1336e+01,1.0004e+01,4.4091e+00,8.2122e-02
3.0200e+03,4.1612e-03,1.1336e+01,1.0004e+01,4.4092e+00,8.2124e-02
3.0300e+03,4.0702e-03,1.1336e+01,1.0004e+01,4.4093e+00,8.2126e-02
3.0400e+03,3.9812e-03,1.1336e+01,1.0004e+01,4.4094e+00,8.2128e-02
3.0500e+03,3.8941e-03,1.1336e+01,1.0004e+01,4.4095e+00,8.2130e-02
3.0600e+03,3.8089e-03,1.1336e+01,1.0004e+01,4.4096e+00,8.2131e-02
3.0700e+03,3.7256e-03,1.1336e+01,1.0004e+01,4.4096e+00,8.2133e-02
3.0800e+03,3.6441e-03,1.1336e+01,1.0004e+01,4.4097e+00,8.2135e-02
3.0900e+03,3.5644e-03,1.1336e+01,1.0004e+01,4.4098e+00,8.2137e-02
3.1000e+03,3.4864e-03,1.1336e+01,1.0004e+01,4.4099e+00,8.2138e-02
3.1100e+03,3.4102e-03,1.1336e+01,1.0004e+01,4.4100e+00,8.2140e-02
3.1200e+03,3.3356e-03,1.1336e+01,1.0004e+01,4.4100e+00,8.2142e-02
3.1300e+03,3.2626e-03,1.1335e+01,1.0004e+01,4.4101e+00,8.2143e-02
3.1400e+03,3.1913e-03,1.1335e+01,1.0004e+01,4.4102e+00,8.2145e-02
3.1500e+03,3.1215e-03,1.1335e+01,1.0004e+01,4.4102e+00,8.2146e-02
3.1600e+03,3.0532e-03,1.1335e+01,1.0004e+01,4.4103e+00,8.2148e-02
3.1700e+03,2.9864e-03,1.1335e+01,1.0004e+01,4.4104e+00,8.2149e-02
3.1800e+03,2.9211e-03,1.1335e+01,1.0004e+01,4.4104e+00,8.2151e-02
3.1900e+03,2.8572e-03,1.1335e+01,1.0004e+01,4.4105e+00,8.2152e-02
3.2000e+03,2.7947e-03,1.1335e+01,1.0004e+01,4.4106e+00,8.2153e-02
3.2100e+03,2.7336e-03,1.1335e+01,1.0004e+01,4.4106e+00,8.2155e-02
3.2200e+03,2.6738e-03,1.1335e+01,1.0004e+01,4.4107e+00,8.2156e-02
3.2300e+03,2.6153e-03,1.1335e+01,1.0004e+01,4.4107e+00,8.2157e-02
3.2400e+03,2.5581e-03,1.1335e+01,1.0004e+01,4.4108e+00,8.2158e-02
3.2500e+03,2.5022e-03,1.1335e+01,1.0004e+01,4.4108e+00,8.2160e-02
3.2600e+03,2.4475e-03,1.1335e+01,1.0004e+01,4.4109e+00,8.2161e-02
3.2700e+03,2.3939e-03,1.1335e+01,1.0004e+01,4.4110e+00,8.2162e-02
3.2800e+03,2.3416e-03,1.1335e+01,1.0004e+01,4.4110e+00,8.2163e-02
