t,[L2M],[D],[L],[L2MD],[L2Ms]
0.0000e+00,4.5000e+00,6.7500e+00,1.2500e+01,0.0000e+00,0.0000e+00
1.0000e+01,4.4478e+00,6.7030e+00,1.2504e+01,4.6881e-02,1.7424e-03
2.0000e+01,4.3998e+00,6.6568e+00,1.2504e+01,9.3088e-02,3.4717e-03
3.0000e+01,4.3527e+00,6.6113e+00,1.2504e+01,1.3849e-01,5.1827e-03
4.0000e+01,4.3064e+00,6.5667e+00,1.2504e+01,1.8311e-01,6.8756e-03
5.0000e+01,4.2609e+00,6.5228e+00,1.2504e+01,2.2697e-01,8.5509e-03
6.0000e+01,4.2161e+00,6.4796e+00,1.2504e+01,2.7008e-01,1.0209e-02
7.0000e+01,4.1721e+00,6.4372e+00,1.2504e+01,3.1246e-01,1.1849e-02
8.0000e+01,4.1288e+00,6.3955e+00,1.2504e+01,3.5414e-01,1.3473e-02
9.0000e+01,4.0862e+00,6.3545e+00,1.2504e+01,3.9512e-01,1.5080e-02
1.0000e+02,4.0443e+00,6.3142e+00,1.2504e+01,4.3543e-01,1.6671e-02
1.1000e+02,4.0031e+00,6.2745e+00,1.2504e+01,4.7508e-01,1.8246e-02
1.2000e+02,3.9625e+00,6.2354e+00,1.2504e+01,5.1409e-01,1.9805e-02
1.3000e+02,3.9226e+00,6.1970e+00,1.2504e+01,5.5246e-01,2.1348e-02
1.4000e+02,3.8833e+00,6.1592e+00,1.2504e+01,5.9023e-01,2.2876e-02
1.5000e+02,3.8446e+00,6.1220e+00,1.2504e+01,6.2739e-01,2.4389e-02
1.6000e+02,3.8065e+00,6.0854e+00,1.2504e+01,6.6397e-01,2.5888e-02
1.7000e+02,3.7691e+00,6.0494e+00,1.2504e+01,6.9997e-01,2.7371e-02
1.8000e+02,3.7321e+00,6.0139e+00,1.2504e+01,7.3542e-01,2.8840e-02
1.9000e+02,3.6958e+00,5.9790e+00,1.2504e+01,7.7032e-01,3.0295e-02
2.0000e+02,3.6600e+00,5.9446e+00,1.2504e+01,8.0468e-01,3.1736e-02
2.1000e+02,3.6247e+00,5.9108e+00,1.2504e+01,8.3852e-01,3.3163e-02
2.2000e+02,3.5900e+00,5.8774e+00,1.2504e+01,8.7185e-01,3.4577e-02
2.3000e+02,3.5558e+00,5.8445e+00,1.2504e+01,9.0468e-01,3.5977e-02
2.4000e+02,3.5220e+00,5.8122e+00,1.2504e+01,9.3701e-01,3.7364e-02
2.5000e+02,3.4888e+00,5.7803e+00,1.2504e+01,9.6887e-01,3.8738e-02
2.6000e+02,3.4560e+00,5.7489e+00,1.2504e+01,1.0003e+00,4.0100e-02
2.7000e+02,3.4238e+00,5.7179e+00,1.2504e+01,1.0312e+00,4.1448e-02
2.8000e+02,3.3919e+00,5.6874e+00,1.2504e+01,1.0617e+00,4.2785e-02
2.9000e+02,3.3606e+00,5.6574e+00,1.2504e+01,1.0917e+00,4.4109e-02
3.0000e+02,3.3297e+00,5.6277e+00,1.2504e+01,1.1213e+00,4.5420e-02
3.1000e+02,3.2992e+00,5.5985e+00,1.2504e+01,1.1505e+00,4.6720e-02
3.2000e+02,3.2691e+00,5.5697e+00,1.2504e+01,1.1793e+00,4.8009e-02
3.3000e+02,3.2395e+00,5.5413e+00,1.2504e+01,1.2077e+00,4.9285e-02
3.4000e+02,3.2102e+00,5.5133e+00,1.2504e+01,1.2356e+00,5.0550e-02
3.5000e+02,3.1814e+00,5.4857e+00,1.2504e+01,1.2632e+00,5.1804e-02
3.6000e+02,3.1529e+00,5.4585e+00,1.2504e+01,1.2904e+00,5.3047e-02
3.7000e+02,3.1249e+00,5.4317e+00,1.2504e+01,1.3172e+00,5.4279e-02
3.8000e+02,3.0972e+00,5.4052e+00,1.2504e+01,1.3437e+00,5.5500e-02
3.9000e+02,3.0699e+00,5.3791e+00,1.2504e+01,1.3698e+00,5.6710e-02
4.0000e+02,3.0429e+00,5.3533e+00,1.2504e+01,1.3956e+00,5.7910e-02
4.1000e+02,3.0163e+00,5.3279e+00,1.2504e+01,1.4210e+00,5.9099e-02
4.2000e+02,2.9901e+00,5.3028e+00,1.2504e+01,1.4460e+00,6.0278e-02
4.3000e+02,2.9642e+00,5.2780e+00,1.2504e+01,1.4708e+00,6.1447e-02
4.4000e+02,2.9386e+00,5.2536e+00,1.2504e+01,1.4952e+00,6.2606e-02
4.5000e+02,2.9134e+00,5.2295e+00,1.2504e+01,1.5193e+00,6.3755e-02
4.6000e+02,2.8885e+00,5.2057e+00,1.2504e+01,1.5430e+00,6.4894e-02
4.7000e+02,2.8639e+00,5.1822e+00,1.2504e+01,1.5665e+00,6.6024e-02
4.8000e+02,2.8396e+00,5.1590e+00,1.2504e+01,1.5897e+00,6.7144e-02
4.9000e+02,2.8156e+00,5.1361e+00,1.2504e+01,1.6125e+00,6.8254e-02
5.0000e+02,2.7919e+00,5.1135e+00,1.2504e+01,1.6351e+00,6.9356e-02
5.1000e+02,2.7685e+00,5.0912e+00,1.2504e+01,1.6574e+00,7.0448e-02
5.2000e+02,2.7454e+00,5.0692e+00,1.2504e+01,1.6794e+00,7.1531e-02
5.3000e+02,2.7226e+00,5.0474e+00,1.2504e+01,1.7012e+00,7.2605e-02
5.4000e+02,2.7001e+00,5.0260e+00,1.2504e+01,1.7226e+00,7.3671e-02
5.5000e+02,2.6779e+00,5.0047e+00,1.2504e+01,1.7438e+00,7.4727e-02
5.6000e+02,2.6559e+00,4.9838e+00,1.2504e+01,1.7648e+00,7.5775e-02
5.7000e+02,2.6341e+00,4.9631e+00,1.2504e+01,1.7854e+00,7.6815e-02
5.8000e+02,2.6127e+00,4.9427e+00,1.2504e+01,1.8059e+00,7.7846e-02
5.9000e+02,2.5915e+00,4.9225e+00,1.2504e+01,1.8260e+00,7.8869e-02
6.0000e+02,2.5705e+00,4.9025e+00,1.2504e+01,1.8460e+00,7.9883e-02
6.1000e+02,2.5498e+00,4.8828e+00,1.2504e+01,1.8657e+00,8.0890e-02
6.2000e+02,2.5294e+00,4.8633e+00,1.2504e+01,1.8851e+00,8.1888e-02
6.3000e+02,2.5092e+00,4.8441e+00,1.2504e+01,1.9044e+00,8.2878e-02
6.4000e+02,2.4892e+00,4.8251e+00,1.2504e+01,1.9234e+00,8.3861e-02
6.5000e+02,2.4694e+00,4.8063e+00,1.2504e+01,1.9422e+00,8.4836e-02
6.6000e+02,2.4499e+00,4.7877e+00,1.2504e+01,1.9607e+00,8.5803e-02
6.7000e+02,2.4306e+00,4.7693e+00,1.2504e+01,1.9791e+00,8.6763e-02
6.8000e+02,2.4115e+00,4.7512e+00,1.2504e+01,1.9972e+00,8.7715e-02
6.9000e+02,2.3926e+00,4.7333e+00,1.2504e+01,2.0151e+00,8.8660e-02
7.0000e+02,2.3740e+00,4.7155e+00,1.2504e+01,2.0328e+00,8.9597e-02
7.1000e+02,2.3555e+00,4.6980e+00,1.2504e+01,2.0503e+00,9.0527e-02
7.2000e+02,2.3373e+00,4.6807e+00,1.2504e+01,2.0676e+00,9.1450e-02
7.3000e+02,2.3193e+00,4.6635e+00,1.2504e+01,2.0848e+00,9.2366e-02
7.4000e+02,2.3014e+00,4.6466e+00,1.2504e+01,2.1017e+00,9.3275e-02
7.5000e+02,2.2838e+00,4.6299e+00,1.2504e+01,2.1184e+00,9.4177e-02
7.6000e+02,2.2664e+00,4.6133e+00,1.2504e+01,2.1350e+00,9.5072e-02
7.7000e+02,2.2491e+00,4.5969e+00,1.2504e+01,2.1513e+00,9.5960e-02
7.8000e+02,2.2320e+00,4.5807e+00,1.2504e+01,2.1675e+00,9.6842e-02
7.9000e+02,2.2152e+00,4.5647e+00,1.2504e+01,2.1835e+00,9.7717e-02
8.0000e+02,2.1985e+00,4.5489e+00,1.2504e+01,2.1993e+00,9.8585e-02
8.1000e+02,2.1820e+00,4.5332e+00,1.2504e+01,2.2150e+00,9.9447e-02
8.2000e+02,2.1656e+00,4.5177e+00,1.2504e+01,2.2305e+00,1.0030e-01
8.3000e+02,2.1494e+00,4.5024e+00,1.2504e+01,2.2458e+00,1.0115e-01
8.4000e+02,2.1334e+00,4.4872e+00,1.2504e+01,2.2610e+00,1.0199e-01
8.5000e+02,2.1176e+00,4.4722e+00,1.2504e+01,2.2760e+00,1.0283e-01
8.6000e+02,2.1020e+00,4.4574e+00,1.2504e+01,2.2908e+00,1.0366e-01
8.7000e+02,2.0865e+00,4.4427e+00,1.2504e+01,2.3055e+00,1.0449e-01
8.8000e+02,2.0711e+00,4.4281e+00,1.2504e+01,2.3200e+00,1.0530e-01
8.9000e+02,2.0559e+00,4.4138e+00,1.2504e+01,2.3343e+00,1.0612e-01
9.0000e+02,2.0409e+00,4.3995e+00,1.2504e+01,2.3486e+00,1.0692e-01
9.1000e+02,2.0261e+00,4.3855e+00,1.2504e+01,2.3626e+00,1.0772e-01
9.2000e+02,2.0113e+00,4.3715e+00,1.2504e+01,2.3765e+00,1.0852e-01
9.3000e+02,1.9968e+00,4.3577e+00,1.2504e+01,2.3903e+00,1.0931e-01
9.4000e+02,1.9824e+00,4.3441e+00,1.2504e+01,2.4040e+00,1.1009e-01
9.5000e+02,1.9681e+00,4.3306e+00,1.2504e+01,2.4175e+00,1.1087e-01
9.6000e+02,1.9539e+00,4.3172e+00,1.2504e+01,2.4308e+00,1.1164e-01
9.7000e+02,1.9400e+00,4.3040e+00,1.2504e+01,2.4440e+00,1.1241e-01
9.8000e+02,1.9261e+00,4.2909e+00,1.2504e+01,2.4571e+00,1.1317e-01
9.9000e+02,1.9124e+00,4.2779e+00,1.2504e+01,2.4701e+00,1.1393e-01
1.0000e+03,1.8988e+00,4.2651e+00,1.2504e+01,2.4829e+00,1.1468e-01
1.0100e+03,1.8854e+00,4.2524e+00,1.2504e+01,2.4956e+00,1.1542e-01
1.0200e+03,1.8721e+00,4.2398e+00,1.2504e+01,2.5082e+00,1.1616e-01
1.0300e+03,1.8589e+00,4.2274e+00,1.2504e+01,2.5206e+00,1.1690e-01
1.0400e+03,1.8458e+00,4.2150e+00,1.2504e+01,2.5329e+00,1.1763e-01
1.0500e+03,1.8329e+00,4.2028e+00,1.2504e+01,2.5451e+00,1.1835e-01
1.0600e+03,1.8201e+00,4.1907e+00,1.2504e+01,2.5572e+00,1.1907e-01
1.0700e+03,1.8074e+00,4.1788e+00,1.2504e+01,2.5692e+00,1.1979e-01
1.0800e+03,1.7949e+00,4.1669e+00,1.2504e+01,2.5810e+00,1.2049e-01
1.0900e+03,1.7825e+00,4.1552e+00,1.2504e+01,2.5927e+00,1.2120e-01
1.1000e+03,1.7701e+00,4.1435e+00,1.2504e+01,2.6044e+00,1.2190e-01
1.1100e+03,1.7579e+00,4.1320e+00,1.2504e+01,2.6159e+00,1.2259e-01
1.1200e+03,1.7459e+00,4.1206e+00,1.2504e+01,2.6273e+00,1.2328e-01
1.1300e+03,1.7339e+00,4.1093e+00,1.2504e+01,2.6385e+00,1.2397e-01
1.1400e+03,1.7220e+00,4.0981e+00,1.2504e+01,2.6497e+00,1.2465e-01
1.1500e+03,1.7103e+00,4.0871e+00,1.2504e+01,2.6608e+00,1.2533e-01
1.1600e+03,1.6986e+00,4.0761e+00,1.2504e+01,2.6718e+00,1.2600e-01
1.1700e+03,1.6871e+00,4.0652e+00,1.2504e+01,2.6826e+00,1.2667e-01
1.1800e+03,1.6757e+00,4.0544e+00,1.2504e+01,2.6934e+00,1.2733e-01
1.1900e+03,1.6644e+00,4.0438e+00,1.2504e+01,2.7041e+00,1.2799e-01
1.2000e+03,1.6531e+00,4.0332e+00,1.2504e+01,2.7146e+00,1.2864e-01
1.2100e+03,1.6420e+00,4.0227e+00,1.2504e+01,2.7251e+00,1.2929e-01
1.2200e+03,1.6310e+00,4.0123e+00,1.2504e+01,2.7354e+00,1.2994e-01
1.2300e+03,1.6201e+00,4.0021e+00,1.2504e+01,2.7457e+00,1.3058e-01
1.2400e+03,1.6093e+00,3.9919e+00,1.2504e+01,2.7559e+00,1.3121e-01
1.2500e+03,1.5986e+00,3.9818e+00,1.2504e+01,2.7660e+00,1.3185e-01
1.2600e+03,1.5880e+00,3.9718e+00,1.2504e+01,2.7760e+00,1.3247e-01
1.2700e+03,1.5774e+00,3.9619e+00,1.2504e+01,2.7859e+00,1.3310e-01
1.2800e+03,1.5670e+00,3.9521e+00,1.2504e+01,2.7957e+00,1.3372e-01
1.2900e+03,1.5567e+00,3.9423e+00,1.2504e+01,2.8054e+00,1.3433e-01
1.3000e+03,1.5464e+00,3.9327e+00,1.2504e+01,2.8150e+00,1.3495e-01
1.3100e+03,1.5363e+00,3.9231e+00,1.2504e+01,2.8246e+00,1.3555e-01
1.3200e+03,1.5262e+00,3.9137e+00,1.2504e+01,2.8341e+00,1.3616e-01
1.3300e+03,1.5162e+00,3.9043e+00,1.2504e+01,2.8434e+00,1.3676e-01
1.3400e+03,1.5063e+00,3.8950e+00,1.2504e+01,2.8527e+00,1.3735e-01
1.3500e+03,1.4965e+00,3.8858e+00,1.2504e+01,2.8619e+00,1.3794e-01
1.3600e+03,1.4868e+00,3.8766e+00,1.2504e+01,2.8711e+00,1.3853e-01
1.3700e+03,1.4772e+00,3.8676e+00,1.2504e+01,2.8801e+00,1.3912e-01
1.3800e+03,1.4676e+00,3.8586e+00,1.2504e+01,2.8891e+00,1.3970e-01
1.3900e+03,1.4581e+00,3.8497e+00,1.2504e+01,2.8980e+00,1.4028e-01
1.4000e+03,1.4487e+00,3.8408e+00,1.2504e+01,2.9068e+00,1.4085e-01
1.4100e+03,1.4394e+00,3.8321e+00,1.2504e+01,2.9156e+00,1.4142e-01
1.4200e+03,1.4302e+00,3.8234e+00,1.2504e+01,2.9242e+00,1.4198e-01
1.4300e+03,1.4210e+00,3.8148e+00,1.2504e+01,2.9328e+00,1.4255e-01
1.4400e+03,1.4120e+00,3.8063e+00,1.2504e+01,2.9413e+00,1.4310e-01
1.4500e+03,1.4030e+00,3.7979e+00,1.2504e+01,2.9498e+00,1.4366e-01
1.4600e+03,1.3941e+00,3.7895e+00,1.2504e+01,2.9581e+00,1.4421e-01
1.4700e+03,1.3852e+00,3.7812e+00,1.2504e+01,2.9664e+00,1.4476e-01
1.4800e+03,1.3764e+00,3.7729e+00,1.2504e+01,2.9747e+00,1.4530e-01
1.4900e+03,1.3677e+00,3.7648e+00,1.2504e+01,2.9828e+00,1.4585e-01
1.5000e+03,1.3591e+00,3.7567e+00,1.2504e+01,2.9909e+00,1.4638e-01
1.5100e+03,1.3505e+00,3.7486e+00,1.2504e+01,2.9989e+00,1.4692e-01
1.5200e+03,1.3421e+00,3.7407e+00,1.2504e+01,3.0069e+00,1.4745e-01
1.5300e+03,1.3336e+00,3.7328e+00,1.2504e+01,3.0148e+00,1.4798e-01
1.5400e+03,1.3253e+00,3.7250e+00,1.2504e+01,3.0226e+00,1.4850e-01
1.5500e+03,1.3170e+00,3.7172e+00,1.2504e+01,3.0304e+00,1.4902e-01
1.5600e+03,1.3088e+00,3.7095e+00,1.2504e+01,3.0381e+00,1.4954e-01
1.5700e+03,1.3006e+00,3.7019e+00,1.2504e+01,3.0457e+00,1.5006e-01
1.5800e+03,1.2926e+00,3.6943e+00,1.2504e+01,3.0533e+00,1.5057e-01
1.5900e+03,1.2846e+00,3.6868e+00,1.2504e+01,3.0608e+00,1.5108e-01
1.6000e+03,1.2766e+00,3.6793e+00,1.2504e+01,3.0682e+00,1.5158e-01
1.6100e+03,1.2687e+00,3.6719e+00,1.2504e+01,3.0756e+00,1.5208e-01
1.6200e+03,1.2609e+00,3.6646e+00,1.2504e+01,3.0829e+00,1.5258e-01
1.6300e+03,1.2531e+00,3.6573e+00,1.2504e+01,3.0902e+00,1.5308e-01
1.6400e+03,1.2454e+00,3.6501e+00,1.2504e+01,3.0974e+00,1.5357e-01
1.6500e+03,1.2378e+00,3.6430e+00,1.2504e+01,3.1045e+00,1.5406e-01
1.6600e+03,1.2302e+00,3.6359e+00,1.2504e+01,3.1116e+00,1.5455e-01
1.6700e+03,1.2227e+00,3.6288e+00,1.2504e+01,3.1187e+00,1.5503e-01
1.6800e+03,1.2152e+00,3.6218e+00,1.2504e+01,3.1256e+00,1.5551e-01
1.6900e+03,1.2078e+00,3.6149e+00,1.2504e+01,3.1326e+00,1.5599e-01
1.7000e+03,1.2005e+00,3.6081e+00,1.2504e+01,3.1394e+00,1.5647e-01
1.7100e+03,1.1932e+00,3.6012e+00,1.2504e+01,3.1462e+00,1.5694e-01
1.7200e+03,1.1860e+00,3.5945e+00,1.2504e+01,3.1530e+00,1.5741e-01
1.7300e+03,1.1788e+00,3.5878e+00,1.2504e+01,3.1597e+00,1.5788e-01
1.7400e+03,1.1717e+00,3.5811e+00,1.2504e+01,3.1664e+00,1.5834e-01
1.7500e+03,1.1647e+00,3.5745e+00,1.2504e+01,3.1730e+00,1.5880e-01
1.7600e+03,1.1576e+00,3.5679e+00,1.2504e+01,3.1795e+00,1.5926e-01
1.7700e+03,1.1507e+00,3.5614e+00,1.2504e+01,3.1860e+00,1.5972e-01
1.7800e+03,1.1438e+00,3.5550e+00,1.2504e+01,3.1924e+00,1.6017e-01
1.7900e+03,1.1369e+00,3.5486e+00,1.2504e+01,3.1988e+00,1.6062e-01
1.8000e+03,1.1302e+00,3.5422e+00,1.2504e+01,3.2052e+00,1.6107e-01
1.8100e+03,1.1234e+00,3.5359e+00,1.2504e+01,3.2115e+00,1.6151e-01
1.8200e+03,1.1167e+00,3.5297e+00,1.2504e+01,3.2177e+00,1.6195e-01
1.8300e+03,1.1101e+00,3.5235e+00,1.2504e+01,3.2239e+00,1.6239e-01
1.8400e+03,1.1035e+00,3.5173e+00,1.2504e+01,3.2301e+00,1.6283e-01
1.8500e+03,1.0969e+00,3.5112e+00,1.2504e+01,3.2362e+00,1.6326e-01
1.8600e+03,1.0905e+00,3.5051e+00,1.2504e+01,3.2423e+00,1.6370e-01
1.8700e+03,1.0840e+00,3.4991e+00,1.2504e+01,3.2483e+00,1.6412e-01
1.8800e+03,1.0776e+00,3.4932e+00,1.2504e+01,3.2542e+00,1.6455e-01
1.8900e+03,1.0713e+00,3.4872e+00,1.2504e+01,3.2602e+00,1.6498e-01
1.9000e+03,1.0650e+00,3.4813e+00,1.2504e+01,3.2660e+00,1.6540e-01
1.9100e+03,1.0587e+00,3.4755e+00,1.2504e+01,3.2719e+00,1.6582e-01
1.9200e+03,1.0525e+00,3.4697e+00,1.2504e+01,3.2777e+00,1.6623e-01
1.9300e+03,1.0464e+00,3.4640e+00,1.2504e+01,3.2834e+00,1.6665e-01
1.9400e+03,1.0402e+00,3.4583e+00,1.2504e+01,3.2891e+00,1.6706e-01
1.9500e+03,1.0342e+00,3.4526e+00,1.2504e+01,3.2948e+00,1.6747e-01
1.9600e+03,1.0281e+00,3.4470e+00,1.2504e+01,3.3004e+00,1.6788e-01
1.9700e+03,1.0222e+00,3.4414e+00,1.2504e+01,3.3060e+00,1.6828e-01
1.9800e+03,1.0162e+00,3.4358e+00,1.2504e+01,3.3115e+00,1.6868e-01
1.9900e+03,1.0103e+00,3.4303e+00,1.2504e+01,3.3170e+00,1.6908e-01
2.0000e+03,1.0045e+00,3.4249e+00,1.2504e+01,3.3225e+00,1.6948e-01
2.0100e+03,9.9866e-01,3.4195e+00,1.2504e+01,3.3279e+00,1.6988e-01
2.0200e+03,9.9289e-01,3.4141e+00,1.2504e+01,3.3332e+00,1.7027e-01
2.0300e+03,9.8717e-01,3.4087e+00,1.2504e+01,3.3386e+00,1.7066e-01
2.0400e+03,9.8148e-01,3.4034e+00,1.2504e+01,3.3439e+00,1.7105e-01
2.0500e+03,9.7584e-01,3.3982e+00,1.2504e+01,3.3491e+00,1.7144e-01
2.0600e+03,9.7023e-01,3.3930e+00,1.2504e+01,3.3544e+00,1.7182e-01
2.0700e+03,9.6467e-01,3.3878e+00,1.2504e+01,3.3595e+00,1.7220e-01
2.0800e+03,9.5914e-01,3.3826e+00,1.2504e+01,3.3647e+00,1.7258e-01
2.0900e+03,9.5366e-01,3.3775e+00,1.2504e+01,3.3698e+00,1.7296e-01
2.1000e+03,9.4821e-01,3.3724e+00,1.2504e+01,3.3749e+00,1.7334e-01
2.1100e+03,9.4280e-01,3.3674e+00,1.2504e+01,3.3799e+00,1.7371e-01
2.1200e+03,9.3743e-01,3.3624e+00,1.2504e+01,3.3849e+00,1.7408e-01
2.1300e+03,9.3210e-01,3.3574e+00,1.2504e+01,3.3899e+00,1.7445e-01
2.1400e+03,9.2681e-01,3.3525e+00,1.2504e+01,3.3948e+00,1.7482e-01
2.1500e+03,9.2155e-01,3.3476e+00,1.2504e+01,3.3997e+00,1.7518e-01
2.1600e+03,9.1633e-01,3.3427e+00,1.2504e+01,3.4045e+00,1.7555e-01
2.1700e+03,9.1115e-01,3.3379e+00,1.2504e+01,3.4093e+00,1.7591e-01
2.1800e+03,9.0600e-01,3.3331e+00,1.2504e+01,3.4141e+00,1.7627e-01
2.1900e+03,9.0089e-01,3.3284e+00,1.2504e+01,3.4189e+00,1.7662e-01
2.2000e+03,8.9581e-01,3.3236e+00,1.2504e+01,3.4236e+00,1.7698e-01
2.2100e+03,8.9077e-01,3.3189e+00,1.2504e+01,3.4283e+00,1.7733e-01
2.2200e+03,8.8576e-01,3.3143e+00,1.2504e+01,3.4330e+00,1.7768e-01
2.2300e+03,8.8079e-01,3.3097e+00,1.2504e+01,3.4376e+00,1.7803e-01
2.2400e+03,8.7585e-01,3.3051e+00,1.2504e+01,3.4422e+00,1.7838e-01
2.2500e+03,8.7095e-01,3.3005e+00,1.2504e+01,3.4467e+00,1.7872e-01
2.2600e+03,8.6608e-01,3.2960e+00,1.2504e+01,3.4513e+00,1.7907e-01
2.2700e+03,8.6124e-01,3.2915e+00,1.2504e+01,3.4558e+00,1.7941e-01
2.2800e+03,8.5644e-01,3.2870e+00,1.2504e+01,3.4602e+00,1.7975e-01
2.2900e+03,8.5167e-01,3.2826e+00,1.2504e+01,3.4647e+00,1.8008e-01
2.3000e+03,8.4693e-01,3.2782e+00,1.2504e+01,3.4691e+00,1.8042e-01
2.3100e+03,8.4222e-01,3.2738e+00,1.2504e+01,3.4734e+00,1.8075e-01
2.3200e+03,8.3755e-01,3.2694e+00,1.2504e+01,3.4778e+00,1.8109e-01
2.3300e+03,8.3290e-01,3.2651e+00,1.2504e+01,3.4821e+00,1.8142e-01
2.3400e+03,8.2829e-01,3.2608e+00,1.2504e+01,3.4864e+00,1.8174e-01
2.3500e+03,8.2371e-01,3.2566e+00,1.2504e+01,3.4906e+00,1.8207e-01
2.3600e+03,8.1916e-01,3.2524e+00,1.2504e+01,3.4948e+00,1.8239e-01
2.3700e+03,8.1464e-01,3.2482e+00,1.2504e+01,3.4990e+00,1.8272e-01
2.3800e+03,8.1015e-01,3.2440e+00,1.2504e+01,3.5032e+00,1.8304e-01
2.3900e+03,8.0569e-01,3.2398e+00,1.2504e+01,3.5074e+00,1.8336e-01
2.4000e+03,8.0126e-01,3.2357e+00,1.2504e+01,3.5115e+00,1.8367e-01
2.4100e+03,7.9686e-01,3.2316e+00,1.2504e+01,3.5155e+00,1.8399e-01
2.4200e+03,7.9249e-01,3.2276e+00,1.2504e+01,3.5196e+00,1.8430e-01
2.4300e+03,7.8815e-01,3.2235e+00,1.2504e+01,3.5236e+00,1.8462e-01
2.4400e+03,7.8384e-01,3.2195e+00,1.2504e+01,3.5276e+00,1.8493e-01
2.4500e+03,7.7955e-01,3.2156e+00,1.2504e+01,3.5316e+00,1.8524e-01
2.4600e+03,7.7530e-01,3.2116e+00,1.2504e+01,3.5356e+00,1.8554e-01
2.4700e+03,7.7107e-01,3.2077e+00,1.2504e+01,3.5395e+00,1.8585e-01
2.4800e+03,7.6687e-01,3.2038e+00,1.2504e+01,3.5434e+00,1.8615e-01
2.4900e+03,7.6269e-01,3.1999e+00,1.2504e+01,3.5473e+00,1.8646e-01
2.5000e+03,7.5855e-01,3.1961e+00,1.2504e+01,3.5511e+00,1.8676e-01
2.5100e+03,7.5443e-01,3.1922e+00,1.2504e+01,3.5549e+00,1.8706e-01
2.5200e+03,7.5034e-01,3.1884e+00,1.2504e+01,3.5587e+00,1.8735e-01
2.5300e+03,7.4627e-01,3.1847e+00,1.2504e+01,3.5625e+00,1.8765e-01
2.5400e+03,7.4223e-01,3.1809e+00,1.2504e+01,3.5662e+00,1.8794e-01
2.5500e+03,7.3822e-01,3.1772e+00,1.2504e+01,3.5699e+00,1.8823e-01
2.5600e+03,7.3423e-01,3.1735e+00,1.2504e+01,3.5736e+00,1.8853e-01
2.5700e+03,7.3027e-01,3.1698e+00,1.2504e+01,3.5773e+00,1.8882e-01
2.5800e+03,7.2634e-01,3.1662e+00,1.2504e+01,3.5810e+00,1.8910e-01
2.5900e+03,7.2243e-01,3.1625e+00,1.2504e+01,3.5846e+00,1.8939e-01
2.6000e+03,7.1854e-01,3.1589e+00,1.2504e+01,3.5882e+00,1.8967e-01
2.6100e+03,7.1468e-01,3.1554e+00,1.2504e+01,3.5918e+00,1.8996e-01
2.6200e+03,7.1085e-01,3.1518e+00,1.2504e+01,3.5953e+00,1.9024e-01
2.6300e+03,7.0703e-01,3.1483e+00,1.2504e+01,3.5989e+00,1.9052e-01
2.6400e+03,7.0325e-01,3.1448e+00,1.2504e+01,3.6024e+00,1.9080e-01
2.6500e+03,6.9948e-01,3.1413e+00,1.2504e+01,3.6058e+00,1.9108e-01
2.6600e+03,6.9575e-01,3.1378e+00,1.2504e+01,3.6093e+00,1.9135e-01
2.6700e+03,6.9203e-01,3.1344e+00,1.2504e+01,3.6127e+00,1.9163e-01
2.6800e+03,6.8834e-01,3.1309e+00,1.2504e+01,3.6162e+00,1.9190e-01
2.6900e+03,6.8467e-01,3.1275e+00,1.2504e+01,3.6196e+00,1.9217e-01
2.7000e+03,6.8103e-01,3.1242e+00,1.2504e+01,3.6229e+00,1.9244e-01
2.7100e+03,6.7740e-01,3.1208e+00,1.2504e+01,3.6263e+00,1.9271e-01
2.7200e+03,6.7380e-01,3.1175e+00,1.2504e+01,3.6296e+00,1.9298e-01
2.7300e+03,6.7023e-01,3.1142e+00,1.2504e+01,3.6329e+00,1.9324e-01
2.7400e+03,6.6667e-01,3.1109e+00,1.2504e+01,3.6362e+00,1.9351e-01
2.7500e+03,6.6314e-01,3.1076e+00,1.2504e+01,3.6395e+00,1.9377e-01
2.7600e+03,6.5963e-01,3.1043e+00,1.2504e+01,3.6427e+00,1.9403e-01
2.7700e+03,6.5614e-01,3.1011e+00,1.2504e+01,3.6460e+00,1.9429e-01
2.7800e+03,6.5268e-01,3.0979e+00,1.2504e+01,3.6492e+00,1.9455e-01
2.7900e+03,6.4923e-01,3.0947e+00,1.2504e+01,3.6524e+00,1.9481e-01
2.8000e+03,6.4581e-01,3.0915e+00,1.2504e+01,3.6555e+00,1.9506e-01
2.8100e+03,6.4241e-01,3.0884e+00,1.2504e+01,3.6587e+00,1.9532e-01
2.8200e+03,6.3903e-01,3.0853e+00,1.2504e+01,3.6618e+00,1.9557e-01
2.8300e+03,6.3567e-01,3.0821e+00,1.2504e+01,3.6649e+00,1.9582e-01
2.8400e+03,6.3233e-01,3.0791e+00,1.2504e+01,3.6680e+00,1.9607e-01
2.8500e+03,6.2901e-01,3.0760e+00,1.2504e+01,3.6711e+00,1.9632e-01
2.8600e+03,6.2571e-01,3.0729e+00,1.2504e+01,3.6741e+00,1.9657e-01
2.8700e+03,6.2243e-01,3.0699e+00,1.2504e+01,3.6772e+00,1.9682e-01
2.8800e+03,6.1917e-01,3.0669e+00,1.2504e+01,3.6802e+00,1.9706e-01
2.8900e+03,6.1594e-01,3.0639e+00,1.2504e+01,3.6832e+00,1.9731e-01
2.9000e+03,6.1272e-01,3.0609e+00,1.2504e+01,3.6861e+00,1.9755e-01
2.9100e+03,6.0952e-01,3.0580e+00,1.2504e+01,3.6891e+00,1.9779e-01
2.9200e+03,6.0634e-01,3.0550e+00,1.2504e+01,3.6920e+00,1.9803e-01
2.9300e+03,6.0318e-01,3.0521e+00,1.2504e+01,3.6950e+00,1.9827e-01
2.9400e+03,6.0004e-01,3.0492e+00,1.2504e+01,3.6979e+00,1.9851e-01
2.9500e+03,5.9692e-01,3.0463e+00,1.2504e+01,3.7007e+00,1.9874e-01
2.9600e+03,5.9382e-01,3.0434e+00,1.2504e+01,3.7036e+00,1.9898e-01
2.9700e+03,5.9073e-01,3.0406e+00,1.2504e+01,3.7065e+00,1.9921e-01
2.9800e+03,5.8767e-01,3.0377e+00,1.2504e+01,3.7093e+00,1.9945e-01
2.9900e+03,5.8462e-01,3.0349e+00,1.2504e+01,3.7121e+00,1.9968e-01
3.0000e+03,5.8159e-01,3.0321e+00,1.2504e+01,3.7149e+00,1.9991e-01
3.0100e+03,5.7858e-01,3.0293e+00,1.2504e+01,3.7177e+00,2.0014e-01
3.0200e+03,5.7559e-01,3.0266e+00,1.2504e+01,3.7204e+00,2.0037e-01
3.0300e+03,5.7262e-01,3.0238e+00,1.2504e+01,3.7232e+00,2.0059e-01
3.0400e+03,5.6966e-01,3.0211e+00,1.2504e+01,3.7259e+00,2.0082e-01
3.0500e+03,5.6672e-01,3.0184e+00,1.2504e+01,3.7286e+00,2.0104e-01
3.0600e+03,5.6380e-01,3.0157e+00,1.2504e+01,3.7313e+00,2.0127e-01
3.0700e+03,5.6090e-01,3.0130e+00,1.2504e+01,3.7340e+00,2.0149e-01
3.0800e+03,5.5801e-01,3.0103e+00,1.2504e+01,3.7367e+00,2.0171e-01
3.0900e+03,5.5514e-01,3.0077e+00,1.2504e+01,3.7393e+00,2.0193e-01
3.1000e+03,5.5229e-01,3.0050e+00,1.2504e+01,3.7420e+00,2.0215e-01
3.1100e+03,5.4945e-01,3.0024e+00,1.2504e+01,3.7446e+00,2.0237e-01
3.1200e+03,5.4663e-01,2.9998e+00,1.2504e+01,3.7472e+00,2.0259e-01
3.1300e+03,5.4383e-01,2.9972e+00,1.2504e+01,3.7498e+00,2.0280e-01
3.1400e+03,5.4105e-01,2.9947e+00,1.2504e+01,3.7523e+00,2.0302e-01
3.1500e+03,5.3828e-01,2.9921e+00,1.2504e+01,3.7549e+00,2.0323e-01
3.1600e+03,5.3553e-01,2.9896e+00,1.2504e+01,3.7574e+00,2.0344e-01
3.1700e+03,5.3279e-01,2.9870e+00,1.2504e+01,3.7600e+00,2.0365e-01
3.1800e+03,5.3007e-01,2.9845e+00,1.2504e+01,3.7625e+00,2.0386e-01
3.1900e+03,5.2737e-01,2.9820e+00,1.2504e+01,3.7650e+00,2.0407e-01
3.2000e+03,5.2468e-01,2.9795e+00,1.2504e+01,3.7674e+00,2.0428e-01
3.2100e+03,5.2200e-01,2.9771e+00,1.2504e+01,3.7699e+00,2.0449e-01
3.2200e+03,5.1935e-01,2.9746e+00,1.2504e+01,3.7724e+00,2.0469e-01
3.2300e+03,5.1671e-01,2.9722e+00,1.2504e+01,3.7748e+00,2.0490e-01
3.2400e+03,5.1408e-01,2.9698e+00,1.2504e+01,3.7772e+00,2.0510e-01
3.2500e+03,5.1147e-01,2.9673e+00,1.2504e+01,3.7796e+00,2.0530e-01
3.2600e+03,5.0887e-01,2.9649e+00,1.2504e+01,3.7820e+00,2.0551e-01
3.2700e+03,5.0629e-01,2.9626e+00,1.2504e+01,3.7844e+00,2.0571e-01
3.2800e+03,5.0373e-01,2.9602e+00,1.2504e+01,3.7868e+00,2.0591e-01
3.2900e+03,5.0118e-01,2.9578e+00,1.2504e+01,3.7891e+00,2.0611e-01
3.3000e+03,4.9864e-01,2.9555e+00,1.2504e+01,3.7915e+00,2.0630e-01
3.3100e+03,4.9612e-01,2.9532e+00,1.2504e+01,3.7938e+00,2.0650e-01
3.3200e+03,4.9361e-01,2.9509e+00,1.2504e+01,3.7961e+00,2.0670e-01
3.3300e+03,4.9112e-01,2.9486e+00,1.2504e+01,3.7984e+00,2.0689e-01
3.3400e+03,4.8864e-01,2.9463e+00,1.2504e+01,3.8007e+00,2.0708e-01
3.3500e+03,4.8618e-01,2.9440e+00,1.2504e+01,3.8030e+00,2.0728e-01
3.3600e+03,4.8373e-01,2.9417e+00,1.2504e+01,3.8052e+00,2.0747e-01
3.3700e+03,4.8129e-01,2.9395e+00,1.2504e+01,3.8075e+00,2.0766e-01
3.3800e+03,4.7887e-01,2.9373e+00,1.2504e+01,3.8097e+00,2.0785e-01
3.3900e+03,4.7646e-01,2.9350e+00,1.2504e+01,3.8119e+00,2.0804e-01
3.4000e+03,4.7407e-01,2.9328e+00,1.2504e+01,3.8141e+00,2.0823e-01
3.4100e+03,4.7169e-01,2.9306e+00,1.2504e+01,3.8163e+00,2.0841e-01
3.4200e+03,4.6932e-01,2.9285e+00,1.2504e+01,3.8185e+00,2.0860e-01
3.4300e+03,4.6697e-01,2.9263e+00,1.2504e+01,3.8207e+00,2.0878e-01
3.4400e+03,4.6463e-01,2.9241e+00,1.2504e+01,3.8228e+00,2.0897e-01
3.4500e+03,4.6230e-01,2.9220e+00,1.2504e+01,3.8250e+00,2.0915e-01
3.4600e+03,4.5999e-01,2.9199e+00,1.2504e+01,3.8271e+00,2.0933e-01
3.4700e+03,4.5769e-01,2.9177e+00,1.2504e+01,3.8292e+00,2.0952e-01
3.4800e+03,4.5540e-01,2.9156e+00,1.2504e+01,3.8313e+00,2.0970e-01
3.4900e+03,4.5312e-01,2.9135e+00,1.2504e+01,3.8334e+00,2.0988e-01
3.5000e+03,4.5086e-01,2.9114e+00,1.2504e+01,3.8355e+00,2.1005e-01
3.5100e+03,4.4861e-01,2.9094e+00,1.2504e+01,3.8376e+00,2.1023e-01
3.5200e+03,4.4638e-01,2.9073e+00,1.2504e+01,3.8396e+00,2.1041e-01
3.5300e+03,4.4415e-01,2.9053e+00,1.2504e+01,3.8417e+00,2.1059e-01
3.5400e+03,4.4194e-01,2.9032e+00,1.2504e+01,3.8437e+00,2.1076e-01
3.5500e+03,4.3974e-01,2.9012e+00,1.2504e+01,3.8457e+00,2.1094e-01
3.5600e+03,4.3756e-01,2.8992e+00,1.2504e+01,3.8477e+00,2.1111e-01
3.5700e+03,4.3538e-01,2.8972e+00,1.2504e+01,3.8497e+00,2.1128e-01
3.5800e+03,4.3322e-01,2.8952e+00,1.2504e+01,3.8517e+00,2.1145e-01
3.5900e+03,4.3107e-01,2.8932e+00,1.2504e+01,3.8537e+00,2.1162e-01
3.6000e+03,4.2893e-01,2.8912e+00,1.2504e+01,3.8557e+00,2.1179e-01
3.6100e+03,4.2680e-01,2.8893e+00,1.2504e+01,3.8576e+00,2.1196e-01
3.6200e+03,4.2469e-01,2.8873e+00,1.2504e+01,3.8596e+00,2.1213e-01
3.6300e+03,4.2259e-01,2.8854e+00,1.2504e+01,3.8615e+00,2.1230e-01
3.6400e+03,4.2050e-01,2.8835e+00,1.2504e+01,3.8634e+00,2.1247e-01
3.6500e+03,4.1842e-01,2.8816e+00,1.2504e+01,3.8654e+00,2.1263e-01
3.6600e+03,4.1635e-01,2.8796e+00,1.2504e+01,3.8673e+00,2.1280e-01
3.6700e+03,4.1429e-01,2.8778e+00,1.2504e+01,3.8691e+00,2.1296e-01
3.6800e+03,4.1225e-01,2.8759e+00,1.2504e+01,3.8710e+00,2.1313e-01
3.6900e+03,4.1022e-01,2.8740e+00,1.2504e+01,3.8729e+00,2.1329e-01
3.7000e+03,4.0819e-01,2.8721e+00,1.2504e+01,3.8748e+00,2.1345e-01
3.7100e+03,4.0618e-01,2.8703e+00,1.2504e+01,3.8766e+00,2.1361e-01
3.7200e+03,4.0418e-01,2.8684e+00,1.2504e+01,3.8785e+00,2.1377e-01
3.7300e+03,4.0219e-01,2.8666e+00,1.2504e+01,3.8803e+00,2.1393e-01
3.7400e+03,4.0021e-01,2.8648e+00,1.2504e+01,3.8821e+00,2.1409e-01
3.7500e+03,3.9825e-01,2.8630e+00,1.2504e+01,3.8839e+00,2.1425e-01
3.7600e+03,3.9629e-01,2.8612e+00,1.2504e+01,3.8857e+00,2.1440e-01
3.7700e+03,3.9434e-01,2.8594e+00,1.2504e+01,3.8875e+00,2.1456e-01
3.7800e+03,3.9241e-01,2.8576e+00,1.2504e+01,3.8893e+00,2.1472e-01
3.7900e+03,3.9049e-01,2.8558e+00,1.2504e+01,3.8910e+00,2.1487e-01
3.8000e+03,3.8857e-01,2.8541e+00,1.2504e+01,3.8928e+00,2.1503e-01
3.8100e+03,3.8667e-01,2.8523e+00,1.2504e+01,3.8946e+00,2.1518e-01
3.8200e+03,3.8477e-01,2.8506e+00,1.2504e+01,3.8963e+00,2.1533e-01
3.8300e+03,3.8289e-01,2.8489e+00,1.2504e+01,3.8980e+00,2.1548e-01
3.8400e+03,3.8102e-01,2.8471e+00,1.2504e+01,3.8998e+00,2.1563e-01
3.8500e+03,3.7916e-01,2.8454e+00,1.2504e+01,3.9015e+00,2.1579e-01
3.8600e+03,3.7730e-01,2.8437e+00,1.2504e+01,3.9032e+00,2.1593e-01
3.8700e+03,3.7546e-01,2.8420e+00,1.2504e+01,3.9049e+00,2.1608e-01
3.8800e+03,3.7363e-01,2.8403e+00,1.2504e+01,3.9065e+00,2.1623e-01
3.8900e+03,3.7181e-01,2.8387e+00,1.2504e+01,3.9082e+00,2.1638e-01
3.9000e+03,3.6999e-01,2.8370e+00,1.2504e+01,3.9099e+00,2.1653e-01
3.9100e+03,3.6819e-01,2.8353e+00,1.2504e+01,3.9115e+00,2.1667e-01
3.9200e+03,3.6640e-01,2.8337e+00,1.2504e+01,3.9132e+00,2.1682e-01
3.9300e+03,3.6461e-01,2.8320e+00,1.2504e+01,3.9148e+00,2.1696e-01
3.9400e+03,3.6284e-01,2.8304e+00,1.2504e+01,3.9165e+00,2.1711e-01
3.9500e+03,3.6108e-01,2.8288e+00,1.2504e+01,3.9181e+00,2.1725e-01
3.9600e+03,3.5932e-01,2.8272e+00,1.2504e+01,3.9197e+00,2.1739e-01
3.9700e+03,3.5758e-01,2.8256e+00,1.2504e+01,3.9213e+00,2.1753e-01
3.9800e+03,3.5584e-01,2.8240e+00,1.2504e+01,3.9229e+00,2.1767e-01
3.9900e+03,3.5411e-01,2.8224e+00,1.2504e+01,3.9245e+00,2.1782e-01
4.0000e+03,3.5240e-01,2.8208e+00,1.2504e+01,3.9261e+00,2.1796e-01
4.0100e+03,3.5069e-01,2.8192e+00,1.2504e+01,3.9276e+00,2.1809e-01
4.0200e+03,3.4899e-01,2.8177e+00,1.2504e+01,3.9292e+00,2.1823e-01
4.0300e+03,3.4730e-01,2.8161e+00,1.2504e+01,3.9307e+00,2.1837e-01
4.0400e+03,3.4562e-01,2.8146e+00,1.2504e+01,3.9323e+00,2.1851e-01
4.0500e+03,3.4395e-01,2.8130e+00,1.2504e+01,3.9338e+00,2.1864e-01
4.0600e+03,3.4228e-01,2.8115e+00,1.2504e+01,3.9353e+00,2.1878e-01
4.0700e+03,3.4063e-01,2.8100e+00,1.2504e+01,3.9369e+00,2.1891e-01
4.0800e+03,3.3898e-01,2.8085e+00,1.2504e+01,3.9384e+00,2.1905e-01
4.0900e+03,3.3735e-01,2.8070e+00,1.2504e+01,3.9399e+00,2.1918e-01
4.1000e+03,3.3572e-01,2.8055e+00,1.2504e+01,3.9414e+00,2.1932e-01
4.1100e+03,3.3410e-01,2.8040e+00,1.2504e+01,3.9429e+00,2.1945e-01
4.1200e+03,3.3249e-01,2.8025e+00,1.2504e+01,3.9443e+00,2.1958e-01
4.1300e+03,3.3089e-01,2.8010e+00,1.2504e+01,3.9458e+00,2.1971e-01
4.1400e+03,3.2929e-01,2.7996e+00,1.2504e+01,3.9473e+00,2.1984e-01
4.1500e+03,3.2771e-01,2.7981e+00,1.2504e+01,3.9487e+00,2.1997e-01
4.1600e+03,3.2613e-01,2.7967e+00,1.2504e+01,3.9502e+00,2.2010e-01
4.1700e+03,3.2456e-01,2.7952e+00,1.2504e+01,3.9516e+00,2.2023e-01
4.1800e+03,3.2300e-01,2.7938e+00,1.2504e+01,3.9530e+00,2.2036e-01
4.1900e+03,3.2145e-01,2.7924e+00,1.2504e+01,3.9545e+00,2.2049e-01
4.2000e+03,3.1991e-01,2.7909e+00,1.2504e+01,3.9559e+00,2.2061e-01
4.2100e+03,3.1837e-01,2.7895e+00,1.2504e+01,3.9573e+00,2.2074e-01
4.2200e+03,3.1684e-01,2.7881e+00,1.2504e+01,3.9587e+00,2.2087e-01
4.2300e+03,3.1532e-01,2.7867e+00,1.2504e+01,3.9601e+00,2.2099e-01
4.2400e+03,3.1381e-01,2.7854e+00,1.2504e+01,3.9615e+00,2.2111e-01
4.2500e+03,3.1231e-01,2.7840e+00,1.2504e+01,3.9629e+00,2.2124e-01
4.2600e+03,3.1081e-01,2.7826e+00,1.2504e+01,3.9642e+00,2.2136e-01
4.2700e+03,3.0932e-01,2.7812e+00,1.2504e+01,3.9656e+00,2.2148e-01
4.2800e+03,3.0784e-01,2.7799e+00,1.2504e+01,3.9670e+00,2.2161e-01
4.2900e+03,3.0637e-01,2.7785e+00,1.2504e+01,3.9683e+00,2.2173e-01
4.3000e+03,3.0491e-01,2.7772e+00,1.2504e+01,3.9696e+00,2.2185e-01
4.3100e+03,3.0345e-01,2.7758e+00,1.2504e+01,3.9710e+00,2.2197e-01
4.3200e+03,3.0200e-01,2.7745e+00,1.2504e+01,3.9723e+00,2.2209e-01
4.3300e+03,3.0056e-01,2.7732e+00,1.2504e+01,3.9736e+00,2.2221e-01
4.3400e+03,2.9912e-01,2.7719e+00,1.2504e+01,3.9750e+00,2.2233e-01
4.3500e+03,2.9769e-01,2.7706e+00,1.2504e+01,3.9763e+00,2.2245e-01
4.3600e+03,2.9628e-01,2.7693e+00,1.2504e+01,3.9776e+00,2.2256e-01
4.3700e+03,2.9486e-01,2.7680e+00,1.2504e+01,3.9789e+00,2.2268e-01
4.3800e+03,2.9346e-01,2.7667e+00,1.2504e+01,3.9801e+00,2.2280e-01
4.3900e+03,2.9206e-01,2.7654e+00,1.2504e+01,3.9814e+00,2.2291e-01
4.4000e+03,2.9067e-01,2.7641e+00,1.2504e+01,3.9827e+00,2.2303e-01
4.4100e+03,2.8929e-01,2.7628e+00,1.2504e+01,3.9840e+00,2.2314e-01
4.4200e+03,2.8791e-01,2.7616e+00,1.2504e+01,3.9852e+00,2.2326e-01
4.4300e+03,2.8654e-01,2.7603e+00,1.2504e+01,3.9865e+00,2.2337e-01
4.4400e+03,2.8518e-01,2.7591e+00,1.2504e+01,3.9877e+00,2.2348e-01
4.4500e+03,2.8382e-01,2.7578e+00,1.2504e+01,3.9890e+00,2.2360e-01
4.4600e+03,2.8248e-01,2.7566e+00,1.2504e+01,3.9902e+00,2.2371e-01
4.4700e+03,2.8114e-01,2.7554e+00,1.2504e+01,3.9914e+00,2.2382e-01
4.4800e+03,2.7980e-01,2.7541e+00,1.2504e+01,3.9927e+00,2.2393e-01
4.4900e+03,2.7847e-01,2.7529e+00,1.2504e+01,3.9939e+00,2.2404e-01
4.5000e+03,2.7715e-01,2.7517e+00,1.2504e+01,3.9951e+00,2.2415e-01
4.5100e+03,2.7584e-01,2.7505e+00,1.2504e+01,3.9963e+00,2.2426e-01
4.5200e+03,2.7453e-01,2.7493e+00,1.2504e+01,3.9975e+00,2.2437e-01
4.5300e+03,2.7323e-01,2.7481e+00,1.2504e+01,3.9987e+00,2.2448e-01
4.5400e+03,2.7194e-01,2.7469e+00,1.2504e+01,3.9999e+00,2.2459e-01
4.5500e+03,2.7065e-01,2.7457e+00,1.2504e+01,4.0011e+00,2.2469e-01
4.5600e+03,2.6937e-01,2.7446e+00,1.2504e+01,4.0022e+00,2.2480e-01
4.5700e+03,2.6810e-01,2.7434e+00,1.2504e+01,4.0034e+00,2.2491e-01
4.5800e+03,2.6683e-01,2.7422e+00,1.2504e+01,4.0046e+00,2.2501e-01
4.5900e+03,2.6557e-01,2.7411e+00,1.2504e+01,4.0057e+00,2.2512e-01
4.6000e+03,2.6432e-01,2.7399e+00,1.2504e+01,4.0069e+00,2.2522e-01
4.6100e+03,2.6307e-01,2.7388e+00,1.2504e+01,4.0080e+00,2.2533e-01
4.6200e+03,2.6183e-01,2.7376e+00,1.2504e+01,4.0091e+00,2.2543e-01
4.6300e+03,2.6059e-01,2.7365e+00,1.2504e+01,4.0103e+00,2.2553e-01
4.6400e+03,2.5936e-01,2.7354e+00,1.2504e+01,4.0114e+00,2.2564e-01
4.6500e+03,2.5814e-01,2.7343e+00,1.2504e+01,4.0125e+00,2.2574e-01
4.6600e+03,2.5692e-01,2.7331e+00,1.2504e+01,4.0136e+00,2.2584e-01
4.6700e+03,2.5571e-01,2.7320e+00,1.2504e+01,4.0147e+00,2.2594e-01
4.6800e+03,2.5451e-01,2.7309e+00,1.2504e+01,4.0159e+00,2.2604e-01
4.6900e+03,2.5331e-01,2.7298e+00,1.2504e+01,4.0169e+00,2.2614e-01
4.7000e+03,2.5212e-01,2.7287e+00,1.2504e+01,4.0180e+00,2.2624e-01
4.7100e+03,2.5093e-01,2.7277e+00,1.2504e+01,4.0191e+00,2.2634e-01
4.7200e+03,2.4975e-01,2.7266e+00,1.2504e+01,4.0202e+00,2.2644e-01
4.7300e+03,2.4858e-01,2.7255e+00,1.2504e+01,4.0213e+00,2.2654e-01
4.7400e+03,2.4741e-01,2.7244e+00,1.2504e+01,4.0224e+00,2.2664e-01
4.7500e+03,2.4625e-01,2.7234e+00,1.2504e+01,4.0234e+00,2.2674e-01
4.7600e+03,2.4509e-01,2.7223e+00,1.2504e+01,4.0245e+00,2.2683e-01
4.7700e+03,2.4394e-01,2.7212e+00,1.2504e+01,4.0255e+00,2.2693e-01
4.7800e+03,2.4280e-01,2.7202e+00,1.2504e+01,4.0266e+00,2.2703e-01
4.7900e+03,2.4166e-01,2.7192e+00,1.2504e+01,4.0276e+00,2.2712e-01
4.8000e+03,2.4052e-01,2.7181e+00,1.2504e+01,4.0287e+00,2.2722e-01
4.8100e+03,2.3940e-01,2.7171e+00,1.2504e+01,4.0297e+00,2.2731e-01
4.8200e+03,2.3828e-01,2.7161e+00,1.2504e+01,4.0307e+00,2.2741e-01
4.8300e+03,2.3716e-01,2.7150e+00,1.2504e+01,4.0317e+00,2.2750e-01
4.8400e+03,2.3605e-01,2.7140e+00,1.2504e+01,4.0328e+00,2.2760e-01
4.8500e+03,2.3494e-01,2.7130e+00,1.2504e+01,4.0338e+00,2.2769e-01
4.8600e+03,2.3384e-01,2.7120e+00,1.2504e+01,4.0348e+00,2.2778e-01
4.8700e+03,2.3275e-01,2.7110e+00,1.2504e+01,4.0358e+00,2.2787e-01
4.8800e+03,2.3166e-01,2.7100e+00,1.2504e+01,4.0368e+00,2.2797e-01
4.8900e+03,2.3058e-01,2.7090e+00,1.2504e+01,4.0378e+00,2.2806e-01
4.9000e+03,2.2950e-01,2.7080e+00,1.2504e+01,4.0388e+00,2.2815e-01
4.9100e+03,2.2843e-01,2.7070e+00,1.2504e+01,4.0397e+00,2.2824e-01
4.9200e+03,2.2736e-01,2.7061e+00,1.2504e+01,4.0407e+00,2.2833e-01
4.9300e+03,2.2630e-01,2.7051e+00,1.2504e+01,4.0417e+00,2.2842e-01
4.9400e+03,2.2524e-01,2.7041e+00,1.2504e+01,4.0427e+00,2.2851e-01
4.9500e+03,2.2419e-01,2.7032e+00,1.2504e+01,4.0436e+00,2.2860e-01
4.9600e+03,2.2315e-01,2.7022e+00,1.2504e+01,4.0446e+00,2.2869e-01
4.9700e+03,2.2211e-01,2.7012e+00,1.2504e+01,4.0455e+00,2.2877e-01
4.9800e+03,2.2107e-01,2.7003e+00,1.2504e+01,4.0465e+00,2.2886e-01
4.9900e+03,2.2004e-01,2.6993e+00,1.2504e+01,4.0474e+00,2.2895e-01
5.0000e+03,2.1902e-01,2.6984e+00,1.2504e+01,4.0484e+00,2.2904e-01
5.0100e+03,2.1800e-01,2.6975e+00,1.2504e+01,4.0493e+00,2.2912e-01
5.0200e+03,2.1698e-01,2.6965e+00,1.2504e+01,4.0502e+00,2.2921e-01
5.0300e+03,2.1597e-01,2.6956e+00,1.2504e+01,4.0511e+00,2.2929e-01
5.0400e+03,2.1497e-01,2.6947e+00,1.2504e+01,4.0521e+00,2.2938e-01
5.0500e+03,2.1397e-01,2.6938e+00,1.2504e+01,4.0530e+00,2.2946e-01
5.0600e+03,2.1297e-01,2.6929e+00,1.2504e+01,4.0539e+00,2.2955e-01
5.0700e+03,2.1198e-01,2.6920e+00,1.2504e+01,4.0548e+00,2.2963e-01
5.0800e+03,2.1100e-01,2.6911e+00,1.2504e+01,4.0557e+00,2.2972e-01
5.0900e+03,2.1002e-01,2.6902e+00,1.2504e+01,4.0566e+00,2.2980e-01
5.1000e+03,2.0904e-01,2.6893e+00,1.2504e+01,4.0575e+00,2.2988e-01
5.1100e+03,2.0807e-01,2.6884e+00,1.2504e+01,4.0584e+00,2.2997e-01
5.1200e+03,2.0711e-01,2.6875e+00,1.2504e+01,4.0592e+00,2.3005e-01
5.1300e+03,2.0615e-01,2.6866e+00,1.2504e+01,4.0601e+00,2.3013e-01
5.1400e+03,2.0519e-01,2.6857e+00,1.2504e+01,4.0610e+00,2.3021e-01
5.1500e+03,2.0424e-01,2.6849e+00,1.2504e+01,4.0619e+00,2.3029e-01
5.1600e+03,2.0329e-01,2.6840e+00,1.2504e+01,4.0627e+00,2.3037e-01
5.1700e+03,2.0235e-01,2.6831e+00,1.2504e+01,4.0636e+00,2.3045e-01
5.1800e+03,2.0141e-01,2.6823e+00,1.2504e+01,4.0645e+00,2.3053e-01
5.1900e+03,2.0048e-01,2.6814e+00,1.2504e+01,4.0653e+00,2.3061e-01
5.2000e+03,1.9955e-01,2.6806e+00,1.2504e+01,4.0662e+00,2.3069e-01
5.2100e+03,1.9863e-01,2.6797e+00,1.2504e+01,4.0670e+00,2.3077e-01
5.2200e+03,1.9771e-01,2.6789e+00,1.2504e+01,4.0678e+00,2.3085e-01
5.2300e+03,1.9679e-01,2.6781e+00,1.2504e+01,4.0687e+00,2.3093e-01
5.2400e+03,1.9588e-01,2.6772e+00,1.2504e+01,4.0695e+00,2.3100e-01
5.2500e+03,1.9498e-01,2.6764e+00,1.2504e+01,4.0703e+00,2.3108e-01
5.2600e+03,1.9408e-01,2.6756e+00,1.2504e+01,4.0712e+00,2.3116e-01
5.2700e+03,1.9318e-01,2.6748e+00,1.2504e+01,4.0720e+00,2.3124e-01
5.2800e+03,1.9229e-01,2.6739e+00,1.2504e+01,4.0728e+00,2.3131e-01
5.2900e+03,1.9140e-01,2.6731e+00,1.2504e+01,4.0736e+00,2.3139e-01
5.3000e+03,1.9051e-01,2.6723e+00,1.2504e+01,4.0744e+00,2.3146e-01
5.3100e+03,1.8964e-01,2.6715e+00,1.2504e+01,4.0752e+00,2.3154e-01
5.3200e+03,1.8876e-01,2.6707e+00,1.2504e+01,4.0760e+00,2.3161e-01
5.3300e+03,1.8789e-01,2.6699e+00,1.2504e+01,4.0768e+00,2.3169e-01
5.3400e+03,1.8702e-01,2.6691e+00,1.2504e+01,4.0776e+00,2.3176e-01
5.3500e+03,1.8616e-01,2.6683e+00,1.2504e+01,4.0784e+00,2.3184e-01
5.3600e+03,1.8530e-01,2.6675e+00,1.2504e+01,4.0792e+00,2.3191e-01
5.3700e+03,1.8445e-01,2.6668e+00,1.2504e+01,4.0800e+00,2.3198e-01
5.3800e+03,1.8360e-01,2.6660e+00,1.2504e+01,4.0807e+00,2.3206e-01
5.3900e+03,1.8275e-01,2.6652e+00,1.2504e+01,4.0815e+00,2.3213e-01
5.4000e+03,1.8191e-01,2.6644e+00,1.2504e+01,4.0823e+00,2.3220e-01
5.4100e+03,1.8107e-01,2.6637e+00,1.2504e+01,4.0831e+00,2.3227e-01
5.4200e+03,1.8024e-01,2.6629e+00,1.2504e+01,4.0838e+00,2.3234e-01
5.4300e+03,1.7941e-01,2.6622e+00,1.2504e+01,4.0846e+00,2.3242e-01
5.4400e+03,1.7859e-01,2.6614e+00,1.2504e+01,4.0853e+00,2.3249e-01
5.4500e+03,1.7776e-01,2.6606e+00,1.2504e+01,4.0861e+00,2.3256e-01
5.4600e+03,1.7695e-01,2.6599e+00,1.2504e+01,4.0868e+00,2.3263e-01
5.4700e+03,1.7613e-01,2.6592e+00,1.2504e+01,4.0876e+00,2.3270e-01
5.4800e+03,1.7532e-01,2.6584e+00,1.2504e+01,4.0883e+00,2.3277e-01
5.4900e+03,1.7452e-01,2.6577e+00,1.2504e+01,4.0891e+00,2.3284e-01
5.5000e+03,1.7372e-01,2.6569e+00,1.2504e+01,4.0898e+00,2.3290e-01
5.5100e+03,1.7292e-01,2.6562e+00,1.2504e+01,4.0905e+00,2.3297e-01
5.5200e+03,1.7212e-01,2.6555e+00,1.2504e+01,4.0912e+00,2.3304e-01
5.5300e+03,1.7133e-01,2.6548e+00,1.2504e+01,4.0920e+00,2.3311e-01
5.5400e+03,1.7055e-01,2.6540e+00,1.2504e+01,4.0927e+00,2.3318e-01
5.5500e+03,1.6977e-01,2.6533e+00,1.2504e+01,4.0934e+00,2.3324e-01
5.5600e+03,1.6899e-01,2.6526e+00,1.2504e+01,4.0941e+00,2.3331e-01
5.5700e+03,1.6821e-01,2.6519e+00,1.2504e+01,4.0948e+00,2.3338e-01
5.5800e+03,1.6744e-01,2.6512e+00,1.2504e+01,4.0955e+00,2.3344e-01
5.5900e+03,1.6667e-01,2.6505e+00,1.2504e+01,4.0962e+00,2.3351e-01
5.6000e+03,1.6591e-01,2.6498e+00,1.2504e+01,4.0969e+00,2.3358e-01
5.6100e+03,1.6515e-01,2.6491e+00,1.2504e+01,4.0976e+00,2.3364e-01
5.6200e+03,1.6439e-01,2.6484e+00,1.2504e+01,4.0983e+00,2.3371e-01
5.6300e+03,1.6364e-01,2.6477e+00,1.2504e+01,4.0990e+00,2.3377e-01
5.6400e+03,1.6289e-01,2.6470e+00,1.2504e+01,4.0997e+00,2.3384e-01
5.6500e+03,1.6215e-01,2.6464e+00,1.2504e+01,4.1004e+00,2.3390e-01
5.6600e+03,1.6140e-01,2.6457e+00,1.2504e+01,4.1010e+00,2.3397e-01
5.6700e+03,1.6067e-01,2.6450e+00,1.2504e+01,4.1017e+00,2.3403e-01
5.6800e+03,1.5993e-01,2.6443e+00,1.2504e+01,4.1024e+00,2.3409e-01
5.6900e+03,1.5920e-01,2.6437e+00,1.2504e+01,4.1030e+00,2.3416e-01
5.7000e+03,1.5847e-01,2.6430e+00,1.2504e+01,4.1037e+00,2.3422e-01
5.7100e+03,1.5775e-01,2.6423e+00,1.2504e+01,4.1044e+00,2.3428e-01
5.7200e+03,1.5703e-01,2.6417e+00,1.2504e+01,4.1050e+00,2.3434e-01
5.7300e+03,1.5631e-01,2.6410e+00,1.2504e+01,4.1057e+00,2.3441e-01
5.7400e+03,1.5560e-01,2.6404e+00,1.2504e+01,4.1063e+00,2.3447e-01
5.7500e+03,1.5489e-01,2.6397e+00,1.2504e+01,4.1070e+00,2.3453e-01
5.7600e+03,1.5418e-01,2.6391e+00,1.2504e+01,4.1076e+00,2.3459e-01
5.7700e+03,1.5347e-01,2.6384e+00,1.2504e+01,4.1083e+00,2.3465e-01
5.7800e+03,1.5277e-01,2.6378e+00,1.2504e+01,4.1089e+00,2.3471e-01
5.7900e+03,1.5208e-01,2.6372e+00,1.2504e+01,4.1096e+00,2.3477e-01
5.8000e+03,1.5138e-01,2.6365e+00,1.2504e+01,4.1102e+00,2.3483e-01
5.8100e+03,1.5069e-01,2.6359e+00,1.2504e+01,4.1108e+00,2.3489e-01
5.8200e+03,1.5001e-01,2.6353e+00,1.2504e+01,4.1114e+00,2.3495e-01
5.8300e+03,1.4932e-01,2.6346e+00,1.2504e+01,4.1121e+00,2.3501e-01
5.8400e+03,1.4864e-01,2.6340e+00,1.2504e+01,4.1127e+00,2.3507e-01
5.8500e+03,1.4796e-01,2.6334e+00,1.2504e+01,4.1133e+00,2.3513e-01
5.8600e+03,1.4729e-01,2.6328e+00,1.2504e+01,4.1139e+00,2.3519e-01
5.8700e+03,1.4662e-01,2.6322e+00,1.2504e+01,4.1145e+00,2.3524e-01
5.8800e+03,1.4595e-01,2.6316e+00,1.2504e+01,4.1151e+00,2.3530e-01
5.8900e+03,1.4529e-01,2.6310e+00,1.2504e+01,4.1158e+00,2.3536e-01
5.9000e+03,1.4463e-01,2.6303e+00,1.2504e+01,4.1164e+00,2.3542e-01
5.9100e+03,1.4397e-01,2.6297e+00,1.2504e+01,4.1170e+00,2.3548e-01
5.9200e+03,1.4331e-01,2.6291e+00,1.2504e+01,4.1176e+00,2.3553e-01
5.9300e+03,1.4266e-01,2.6286e+00,1.2504e+01,4.1182e+00,2.3559e-01
5.9400e+03,1.4201e-01,2.6280e+00,1.2504e+01,4.1187e+00,2.3564e-01
5.9500e+03,1.4137e-01,2.6274e+00,1.2504e+01,4.1193e+00,2.3570e-01
5.9600e+03,1.4072e-01,2.6268e+00,1.2504e+01,4.1199e+00,2.3576e-01
5.9700e+03,1.4008e-01,2.6262e+00,1.2504e+01,4.1205e+00,2.3581e-01
5.9800e+03,1.3945e-01,2.6256e+00,1.2504e+01,4.1211e+00,2.3587e-01
5.9900e+03,1.3881e-01,2.6250e+00,1.2504e+01,4.1217e+00,2.3592e-01
6.0000e+03,1.3818e-01,2.6245e+00,1.2504e+01,4.1222e+00,2.3598e-01
6.0100e+03,1.3756e-01,2.6239e+00,1.2504e+01,4.1228e+00,2.3603e-01
6.0200e+03,1.3693e-01,2.6233e+00,1.2504e+01,4.1234e+00,2.3609e-01
6.0300e+03,1.3631e-01,2.6227e+00,1.2504e+01,4.1240e+00,2.3614e-01
6.0400e+03,1.3569e-01,2.6222e+00,1.2504e+01,4.1245e+00,2.3619e-01
6.0500e+03,1.3508e-01,2.6216e+00,1.2504e+01,4.1251e+00,2.3625e-01
6.0600e+03,1.3446e-01,2.6211e+00,1.2504e+01,4.1256e+00,2.3630e-01
6.0700e+03,1.3385e-01,2.6205e+00,1.2504e+01,4.1262e+00,2.3635e-01
6.0800e+03,1.3325e-01,2.6199e+00,1.2504e+01,4.1268e+00,2.3641e-01
6.0900e+03,1.3264e-01,2.6194e+00,1.2504e+01,4.1273e+00,2.3646e-01
6.1000e+03,1.3204e-01,2.6188e+00,1.2504e+01,4.1279e+00,2.3651e-01
6.1100e+03,1.3144e-01,2.6183e+00,1.2504e+01,4.1284e+00,2.3656e-01
6.1200e+03,1.3085e-01,2.6178e+00,1.2504e+01,4.1289e+00,2.3662e-01
6.1300e+03,1.3025e-01,2.6172e+00,1.2504e+01,4.1295e+00,2.3667e-01
6.1400e+03,1.2966e-01,2.6167e+00,1.2504e+01,4.1300e+00,2.3672e-01
6.1500e+03,1.2908e-01,2.6161e+00,1.2504e+01,4.1306e+00,2.3677e-01
6.1600e+03,1.2849e-01,2.6156e+00,1.2504e+01,4.1311e+00,2.3682e-01
6.1700e+03,1.2791e-01,2.6151e+00,1.2504e+01,4.1316e+00,2.3687e-01
6.1800e+03,1.2733e-01,2.6145e+00,1.2504e+01,4.1322e+00,2.3692e-01
6.1900e+03,1.2675e-01,2.6140e+00,1.2504e+01,4.1327e+00,2.3697e-01
6.2000e+03,1.2618e-01,2.6135e+00,1.2504e+01,4.1332e+00,2.3702e-01
6.2100e+03,1.2561e-01,2.6130e+00,1.2504e+01,4.1337e+00,2.3707e-01
6.2200e+03,1.2504e-01,2.6125e+00,1.2504e+01,4.1342e+00,2.3712e-01
6.2300e+03,1.2448e-01,2.6119e+00,1.2504e+01,4.1348e+00,2.3717e-01
6.2400e+03,1.2391e-01,2.6114e+00,1.2504e+01,4.1353e+00,2.3722e-01
6.2500e+03,1.2335e-01,2.6109e+00,1.2504e+01,4.1358e+00,2.3727e-01
6.2600e+03,1.2279e-01,2.6104e+00,1.2504e+01,4.1363e+00,2.3732e-01
6.2700e+03,1.2224e-01,2.6099e+00,1.2504e+01,4.1368e+00,2.3737e-01
6.2800e+03,1.2169e-01,2.6094e+00,1.2504e+01,4.1373e+00,2.3742e-01
6.2900e+03,1.2114e-01,2.6089e+00,1.2504e+01,4.1378e+00,2.3746e-01
6.3000e+03,1.2059e-01,2.6084e+00,1.2504e+01,4.1383e+00,2.3751e-01
6.3100e+03,1.2005e-01,2.6079e+00,1.2504e+01,4.1388e+00,2.3756e-01
6.3200e+03,1.1950e-01,2.6074e+00,1.2504e+01,4.1393e+00,2.3761e-01
6.3300e+03,1.1896e-01,2.6069e+00,1.2504e+01,4.1398e+00,2.3765e-01
6.3400e+03,1.1843e-01,2.6064e+00,1.2504e+01,4.1403e+00,2.3770e-01
6.3500e+03,1.1789e-01,2.6059e+00,1.2504e+01,4.1408e+00,2.3775e-01
6.3600e+03,1.1736e-01,2.6054e+00,1.2504e+01,4.1412e+00,2.3779e-01
6.3700e+03,1.1683e-01,2.6050e+00,1.2504e+01,4.1417e+00,2.3784e-01
6.3800e+03,1.1630e-01,2.6045e+00,1.2504e+01,4.1422e+00,2.3789e-01
6.3900e+03,1.1578e-01,2.6040e+00,1.2504e+01,4.1427e+00,2.3793e-01
6.4000e+03,1.1526e-01,2.6035e+00,1.2504e+01,4.1432e+00,2.3798e-01
6.4100e+03,1.1474e-01,2.6030e+00,1.2504e+01,4.1436e+00,2.3802e-01
6.4200e+03,1.1422e-01,2.6026e+00,1.2504e+01,4.1441e+00,2.3807e-01
6.4300e+03,1.1371e-01,2.6021e+00,1.2504e+01,4.1446e+00,2.3811e-01
6.4400e+03,1.1319e-01,2.6016e+00,1.2504e+01,4.1451e+00,2.3816e-01
6.4500e+03,1.1268e-01,2.6012e+00,1.2504e+01,4.1455e+00,2.3820e-01
6.4600e+03,1.1218e-01,2.6007e+00,1.2504e+01,4.1460e+00,2.3825e-01
6.4700e+03,1.1167e-01,2.6002e+00,1.2504e+01,4.1464e+00,2.3829e-01
6.4800e+03,1.1117e-01,2.5998e+00,1.2504e+01,4.1469e+00,2.3834e-01
6.4900e+03,1.1067e-01,2.5993e+00,1.2504e+01,4.1474e+00,2.3838e-01
6.5000e+03,1.1017e-01,2.5989e+00,1.2504e+01,4.1478e+00,2.3843e-01
6.5100e+03,1.0967e-01,2.5984e+00,1.2504e+01,4.1483e+00,2.3847e-01
6.5200e+03,1.0918e-01,2.5980e+00,1.2504e+01,4.1487e+00,2.3851e-01
6.5300e+03,1.0869e-01,2.5975e+00,1.2504e+01,4.1492e+00,2.3856e-01
6.5400e+03,1.0820e-01,2.5971e+00,1.2504e+01,4.1496e+00,2.3860e-01
6.5500e+03,1.0771e-01,2.5966e+00,1.2504e+01,4.1501e+00,2.3864e-01
6.5600e+03,1.0723e-01,2.5962e+00,1.2504e+01,4.1505e+00,2.3868e-01
6.5700e+03,1.0674e-01,2.5957e+00,1.2504e+01,4.1509e+00,2.3873e-01
6.5800e+03,1.0626e-01,2.5953e+00,1.2504e+01,4.1514e+00,2.3877e-01
6.5900e+03,1.0579e-01,2.5949e+00,1.2504e+01,4.1518e+00,2.3881e-01
6.6000e+03,1.0531e-01,2.5944e+00,1.2504e+01,4.1522e+00,2.3885e-01
6.6100e+03,1.0484e-01,2.5940e+00,1.2504e+01,4.1527e+00,2.3889e-01
6.6200e+03,1.0437e-01,2.5936e+00,1.2504e+01,4.1531e+00,2.3893e-01
6.6300e+03,1.0390e-01,2.5931e+00,1.2504e+01,4.1535e+00,2.3898e-01
6.6400e+03,1.0343e-01,2.5927e+00,1.2504e+01,4.1540e+00,2.3902e-01
6.6500e+03,1.0297e-01,2.5923e+00,1.2504e+01,4.1544e+00,2.3906e-01
6.6600e+03,1.0250e-01,2.5919e+00,1.2504e+01,4.1548e+00,2.3910e-01
6.6700e+03,1.0204e-01,2.5915e+00,1.2504e+01,4.1552e+00,2.3914e-01
6.6800e+03,1.0159e-01,2.5910e+00,1.2504e+01,4.1556e+00,2.3918e-01
6.6900e+03,1.0113e-01,2.5906e+00,1.2504e+01,4.1561e+00,2.3922e-01
6.7000e+03,1.0068e-01,2.5902e+00,1.2504e+01,4.1565e+00,2.3926e-01
6.7100e+03,1.0022e-01,2.5898e+00,1.2504e+01,4.1569e+00,2.3930e-01
6.7200e+03,9.9774e-02,2.5894e+00,1.2504e+01,4.1573e+00,2.3934e-01
6.7300e+03,9.9326e-02,2.5890e+00,1.2504e+01,4.1577e+00,2.3938e-01
6.7400e+03,9.8881e-02,2.5886e+00,1.2504e+01,4.1581e+00,2.3942e-01
6.7500e+03,9.8437e-02,2.5882e+00,1.2504e+01,4.1585e+00,2.3946e-01
6.7600e+03,9.7996e-02,2.5878e+00,1.2504e+01,4.1589e+00,2.3950e-01
6.7700e+03,9.7556e-02,2.5874e+00,1.2504e+01,4.1593e+00,2.3953e-01
6.7800e+03,9.7119e-02,2.5870e+00,1.2504e+01,4.1597e+00,2.3957e-01
6.7900e+03,9.6683e-02,2.5866e+00,1.2504e+01,4.1601e+00,2.3961e-01
6.8000e+03,9.6250e-02,2.5862e+00,1.2504e+01,4.1605e+00,2.3965e-01
6.8100e+03,9.5819e-02,2.5858e+00,1.2504e+01,4.1609e+00,2.3969e-01
6.8200e+03,9.5389e-02,2.5854e+00,1.2504e+01,4.1613e+00,2.3973e-01
6.8300e+03,9.4962e-02,2.5850e+00,1.2504e+01,4.1617e+00,2.3976e-01
6.8400e+03,9.4536e-02,2.5846e+00,1.2504e+01,4.1621e+00,2.3980e-01
6.8500e+03,9.4113e-02,2.5842e+00,1.2504e+01,4.1625e+00,2.3984e-01
6.8600e+03,9.3691e-02,2.5838e+00,1.2504e+01,4.1628e+00,2.3987e-01
6.8700e+03,9.3272e-02,2.5834e+00,1.2504e+01,4.1632e+00,2.3991e-01
6.8800e+03,9.2854e-02,2.5831e+00,1.2504e+01,4.1636e+00,2.3995e-01
6.8900e+03,9.2439e-02,2.5827e+00,1.2504e+01,4.1640e+00,2.3999e-01
6.9000e+03,9.2025e-02,2.5823e+00,1.2504e+01,4.1644e+00,2.4002e-01
6.9100e+03,9.1613e-02,2.5819e+00,1.2504e+01,4.1647e+00,2.4006e-01
6.9200e+03,9.1203e-02,2.5816e+00,1.2504e+01,4.1651e+00,2.4009e-01
6.9300e+03,9.0795e-02,2.5812e+00,1.2504e+01,4.1655e+00,2.4013e-01
6.9400e+03,9.0389e-02,2.5808e+00,1.2504e+01,4.1658e+00,2.4017e-01
6.9500e+03,8.9984e-02,2.5804e+00,1.2504e+01,4.1662e+00,2.4020e-01
6.9600e+03,8.9582e-02,2.5801e+00,1.2504e+01,4.1666e+00,2.4024e-01
6.9700e+03,8.9181e-02,2.5797e+00,1.2504e+01,4.1669e+00,2.4027e-01
6.9800e+03,8.8782e-02,2.5794e+00,1.2504e+01,4.1673e+00,2.4031e-01
6.9900e+03,8.8385e-02,2.5790e+00,1.2504e+01,4.1677e+00,2.4034e-01
7.0000e+03,8.7990e-02,2.5786e+00,1.2504e+01,4.1680e+00,2.4038e-01
7.0100e+03,8.7597e-02,2.5783e+00,1.2504e+01,4.1684e+00,2.4041e-01
7.0200e+03,8.7205e-02,2.5779e+00,1.2504e+01,4.1688e+00,2.4045e-01
7.0300e+03,8.6816e-02,2.5776e+00,1.2504e+01,4.1691e+00,2.4048e-01
7.0400e+03,8.6428e-02,2.5772e+00,1.2504e+01,4.1695e+00,2.4052e-01
7.0500e+03,8.6041e-02,2.5769e+00,1.2504e+01,4.1698e+00,2.4055e-01
7.0600e+03,8.5657e-02,2.5765e+00,1.2504e+01,4.1702e+00,2.4058e-01
7.0700e+03,8.5274e-02,2.5762e+00,1.2504e+01,4.1705e+00,2.4062e-01
7.0800e+03,8.4894e-02,2.5758e+00,1.2504e+01,4.1709e+00,2.4065e-01
7.0900e+03,8.4515e-02,2.5755e+00,1.2504e+01,4.1712e+00,2.4069e-01
7.1000e+03,8.4137e-02,2.5751e+00,1.2504e+01,4.1715e+00,2.4072e-01
7.1100e+03,8.3762e-02,2.5748e+00,1.2504e+01,4.1719e+00,2.4075e-01
7.1200e+03,8.3388e-02,2.5744e+00,1.2504e+01,4.1722e+00,2.4079e-01
7.1300e+03,8.3015e-02,2.5741e+00,1.2504e+01,4.1726e+00,2.4082e-01
7.1400e+03,8.2645e-02,2.5738e+00,1.2504e+01,4.1729e+00,2.4085e-01
7.1500e+03,8.2276e-02,2.5734e+00,1.2504e+01,4.1732e+00,2.4088e-01
7.1600e+03,8.1909e-02,2.5731e+00,1.2504e+01,4.1736e+00,2.4092e-01
7.1700e+03,8.1544e-02,2.5727e+00,1.2504e+01,4.1739e+00,2.4095e-01
7.1800e+03,8.1180e-02,2.5724e+00,1.2504e+01,4.1742e+00,2.4098e-01
7.1900e+03,8.0818e-02,2.5721e+00,1.2504e+01,4.1746e+00,2.4101e-01
7.2000e+03,8.0457e-02,2.5718e+00,1.2504e+01,4.1749e+00,2.4104e-01
7.2100e+03,8.0098e-02,2.5714e+00,1.2504e+01,4.1752e+00,2.4108e-01
7.2200e+03,7.9741e-02,2.5711e+00,1.2504e+01,4.1756e+00,2.4111e-01
7.2300e+03,7.9386e-02,2.5708e+00,1.2504e+01,4.1759e+00,2.4114e-01
7.2400e+03,7.9032e-02,2.5705e+00,1.2504e+01,4.1762e+00,2.4117e-01
7.2500e+03,7.8680e-02,2.5701e+00,1.2504e+01,4.1765e+00,2.4120e-01
7.2600e+03,7.8329e-02,2.5698e+00,1.2504e+01,4.1768e+00,2.4123e-01
7.2700e+03,7.7980e-02,2.5695e+00,1.2504e+01,4.1772e+00,2.4126e-01
7.2800e+03,7.7632e-02,2.5692e+00,1.2504e+01,4.1775e+00,2.4130e-01
7.2900e+03,7.7287e-02,2.5689e+00,1.2504e+01,4.1778e+00,2.4133e-01
7.3000e+03,7.6942e-02,2.5686e+00,1.2504e+01,4.1781e+00,2.4136e-01
7.3100e+03,7.6599e-02,2.5682e+00,1.2504e+01,4.1784e+00,2.4139e-01
7.3200e+03,7.6258e-02,2.5679e+00,1.2504e+01,4.1787e+00,2.4142e-01
7.3300e+03,7.5919e-02,2.5676e+00,1.2504e+01,4.1790e+00,2.4145e-01
7.3400e+03,7.5581e-02,2.5673e+00,1.2504e+01,4.1793e+00,2.4148e-01
7.3500e+03,7.5244e-02,2.5670e+00,1.2504e+01,4.1797e+00,2.4151e-01
7.3600e+03,7.4909e-02,2.5667e+00,1.2504e+01,4.1800e+00,2.4154e-01
7.3700e+03,7.4576e-02,2.5664e+00,1.2504e+01,4.1803e+00,2.4157e-01
7.3800e+03,7.4244e-02,2.5661e+00,1.2504e+01,4.1806e+00,2.4160e-01
7.3900e+03,7.3913e-02,2.5658e+00,1.2504e+01,4.1809e+00,2.4163e-01
7.4000e+03,7.3584e-02,2.5655e+00,1.2504e+01,4.1812e+00,2.4165e-01
7.4100e+03,7.3257e-02,2.5652e+00,1.2504e+01,4.1815e+00,2.4168e-01
7.4200e+03,7.2931e-02,2.5649e+00,1.2504e+01,4.1818e+00,2.4171e-01
7.4300e+03,7.2607e-02,2.5646e+00,1.2504e+01,4.1821e+00,2.4174e-01
7.4400e+03,7.2284e-02,2.5643e+00,1.2504e+01,4.1824e+00,2.4177e-01
7.4500e+03,7.1962e-02,2.5640e+00,1.2504e+01,4.1826e+00,2.4180e-01
7.4600e+03,7.1642e-02,2.5637e+00,1.2504e+01,4.1829e+00,2.4183e-01
7.4700e+03,7.1323e-02,2.5634e+00,1.2504e+01,4.1832e+00,2.4186e-01
7.4800e+03,7.1006e-02,2.5631e+00,1.2504e+01,4.1835e+00,2.4188e-01
7.4900e+03,7.0691e-02,2.5629e+00,1.2504e+01,4.1838e+00,2.4191e-01
7.5000e+03,7.0376e-02,2.5626e+00,1.2504e+01,4.1841e+00,2.4194e-01
7.5100e+03,7.0064e-02,2.5623e+00,1.2504e+01,4.1844e+00,2.4197e-01
7.5200e+03,6.9752e-02,2.5620e+00,1.2504e+01,4.1847e+00,2.4200e-01
7.5300e+03,6.9442e-02,2.5617e+00,1.2504e+01,4.1849e+00,2.4202e-01
7.5400e+03,6.9134e-02,2.5614e+00,1.2504e+01,4.1852e+00,2.4205e-01
7.5500e+03,6.8826e-02,2.5612e+00,1.2504e+01,4.1855e+00,2.4208e-01
7.5600e+03,6.8521e-02,2.5609e+00,1.2504e+01,4.1858e+00,2.4210e-01
7.5700e+03,6.8216e-02,2.5606e+00,1.2504e+01,4.1861e+00,2.4213e-01
7.5800e+03,6.7913e-02,2.5603e+00,1.2504e+01,4.1863e+00,2.4216e-01
7.5900e+03,6.7612e-02,2.5600e+00,1.2504e+01,4.1866e+00,2.4219e-01
7.6000e+03,6.7311e-02,2.5598e+00,1.2504e+01,4.1869e+00,2.4221e-01
7.6100e+03,6.7012e-02,2.5595e+00,1.2504e+01,4.1872e+00,2.4224e-01
7.6200e+03,6.6715e-02,2.5592e+00,1.2504e+01,4.1874e+00,2.4227e-01
7.6300e+03,6.6419e-02,2.5590e+00,1.2504e+01,4.1877e+00,2.4229e-01
7.6400e+03,6.6124e-02,2.5587e+00,1.2504e+01,4.1880e+00,2.4232e-01
7.6500e+03,6.5830e-02,2.5584e+00,1.2504e+01,4.1882e+00,2.4234e-01
7.6600e+03,6.5538e-02,2.5582e+00,1.2504e+01,4.1885e+00,2.4237e-01
7.6700e+03,6.5247e-02,2.5579e+00,1.2504e+01,4.1888e+00,2.4240e-01
7.6800e+03,6.4958e-02,2.5576e+00,1.2504e+01,4.1890e+00,2.4242e-01
7.6900e+03,6.4669e-02,2.5574e+00,1.2504e+01,4.1893e+00,2.4245e-01
7.7000e+03,6.4382e-02,2.5571e+00,1.2504e+01,4.1895e+00,2.4247e-01
7.7100e+03,6.4097e-02,2.5568e+00,1.2504e+01,4.1898e+00,2.4250e-01
7.7200e+03,6.3812e-02,2.5566e+00,1.2504e+01,4.1901e+00,2.4252e-01
7.7300e+03,6.3529e-02,2.5563e+00,1.2504e+01,4.1903e+00,2.4255e-01
7.7400e+03,6.3248e-02,2.5561e+00,1.2504e+01,4.1906e+00,2.4257e-01
7.7500e+03,6.2967e-02,2.5558e+00,1.2504e+01,4.1908e+00,2.4260e-01
7.7600e+03,6.2688e-02,2.5556e+00,1.2504e+01,4.1911e+00,2.4262e-01
7.7700e+03,6.2410e-02,2.5553e+00,1.2504e+01,4.1913e+00,2.4265e-01
7.7800e+03,6.2133e-02,2.5550e+00,1.2504e+01,4.1916e+00,2.4267e-01
7.7900e+03,6.1858e-02,2.5548e+00,1.2504e+01,4.1918e+00,2.4270e-01
7.8000e+03,6.1584e-02,2.5545e+00,1.2504e+01,4.1921e+00,2.4272e-01
7.8100e+03,6.1311e-02,2.5543e+00,1.2504e+01,4.1923e+00,2.4275e-01
7.8200e+03,6.1039e-02,2.5541e+00,1.2504e+01,4.1926e+00,2.4277e-01
7.8300e+03,6.0768e-02,2.5538e+00,1.2504e+01,4.1928e+00,2.4279e-01
7.8400e+03,6.0499e-02,2.5536e+00,1.2504e+01,4.1931e+00,2.4282e-01
7.8500e+03,6.0231e-02,2.5533e+00,1.2504e+01,4.1933e+00,2.4284e-01
7.8600e+03,5.9964e-02,2.5531e+00,1.2504e+01,4.1936e+00,2.4287e-01
7.8700e+03,5.9698e-02,2.5528e+00,1.2504e+01,4.1938e+00,2.4289e-01
7.8800e+03,5.9434e-02,2.5526e+00,1.2504e+01,4.1941e+00,2.4291e-01
7.8900e+03,5.9171e-02,2.5523e+00,1.2504e+01,4.1943e+00,2.4294e-01
7.9000e+03,5.8909e-02,2.5521e+00,1.2504e+01,4.1945e+00,2.4296e-01
7.9100e+03,5.8648e-02,2.5519e+00,1.2504e+01,4.1948e+00,2.4298e-01
7.9200e+03,5.8388e-02,2.5516e+00,1.2504e+01,4.1950e+00,2.4301e-01
7.9300e+03,5.8130e-02,2.5514e+00,1.2504e+01,4.1952e+00,2.4303e-01
7.9400e+03,5.7872e-02,2.5512e+00,1.2504e+01,4.1955e+00,2.4305e-01
7.9500e+03,5.7616e-02,2.5509e+00,1.2504e+01,4.1957e+00,2.4308e-01
7.9600e+03,5.7361e-02,2.5507e+00,1.2504e+01,4.1959e+00,2.4310e-01
7.9700e+03,5.7107e-02,2.5505e+00,1.2504e+01,4.1962e+00,2.4312e-01
7.9800e+03,5.6854e-02,2.5502e+00,1.2504e+01,4.1964e+00,2.4314e-01
7.9900e+03,5.6603e-02,2.5500e+00,1.2504e+01,4.1966e+00,2.4317e-01
8.0000e+03,5.6352e-02,2.5498e+00,1.2504e+01,4.1969e+00,2.4319e-01
8.0100e+03,5.6103e-02,2.5496e+00,1.2504e+01,4.1971e+00,2.4321e-01
8.0200e+03,5.5854e-02,2.5493e+00,1.2504e+01,4.1973e+00,2.4323e-01
8.0300e+03,5.5607e-02,2.5491e+00,1.2504e+01,4.1975e+00,2.4326e-01
8.0400e+03,5.5361e-02,2.5489e+00,1.2504e+01,4.1978e+00,2.4328e-01
8.0500e+03,5.5116e-02,2.5487e+00,1.2504e+01,4.1980e+00,2.4330e-01
8.0600e+03,5.4873e-02,2.5484e+00,1.2504e+01,4.1982e+00,2.4332e-01
8.0700e+03,5.4630e-02,2.5482e+00,1.2504e+01,4.1984e+00,2.4334e-01
8.0800e+03,5.4388e-02,2.5480e+00,1.2504e+01,4.1987e+00,2.4336e-01
8.0900e+03,5.4148e-02,2.5478e+00,1.2504e+01,4.1989e+00,2.4339e-01
8.1000e+03,5.3908e-02,2.5476e+00,1.2504e+01,4.1991e+00,2.4341e-01
8.1100e+03,5.3670e-02,2.5473e+00,1.2504e+01,4.1993e+00,2.4343e-01
8.1200e+03,5.3433e-02,2.5471e+00,1.2504e+01,4.1995e+00,2.4345e-01
8.1300e+03,5.3196e-02,2.5469e+00,1.2504e+01,4.1997e+00,2.4347e-01
8.1400e+03,5.2961e-02,2.5467e+00,1.2504e+01,4.2000e+00,2.4349e-01
8.1500e+03,5.2727e-02,2.5465e+00,1.2504e+01,4.2002e+00,2.4351e-01
8.1600e+03,5.2494e-02,2.5463e+00,1.2504e+01,4.2004e+00,2.4353e-01
8.1700e+03,5.2262e-02,2.5461e+00,1.2504e+01,4.2006e+00,2.4355e-01
8.1800e+03,5.2031e-02,2.5458e+00,1.2504e+01,4.2008e+00,2.4358e-01
8.1900e+03,5.1801e-02,2.5456e+00,1.2504e+01,4.2010e+00,2.4360e-01
8.2000e+03,5.1572e-02,2.5454e+00,1.2504e+01,4.2012e+00,2.4362e-01
8.2100e+03,5.1344e-02,2.5452e+00,1.2504e+01,4.2014e+00,2.4364e-01
8.2200e+03,5.1118e-02,2.5450e+00,1.2504e+01,4.2016e+00,2.4366e-01
8.2300e+03,5.0892e-02,2.5448e+00,1.2504e+01,4.2018e+00,2.4368e-01
8.2400e+03,5.0667e-02,2.5446e+00,1.2504e+01,4.2020e+00,2.4370e-01
8.2500e+03,5.0443e-02,2.5444e+00,1.2504e+01,4.2022e+00,2.4372e-01
8.2600e+03,5.0220e-02,2.5442e+00,1.2504e+01,4.2024e+00,2.4374e-01
8.2700e+03,4.9999e-02,2.5440e+00,1.2504e+01,4.2026e+00,2.4376e-01
8.2800e+03,4.9778e-02,2.5438e+00,1.2504e+01,4.2028e+00,2.4378e-01
8.2900e+03,4.9558e-02,2.5436e+00,1.2504e+01,4.2030e+00,2.4380e-01
8.3000e+03,4.9339e-02,2.5434e+00,1.2504e+01,4.2032e+00,2.4382e-01
8.3100e+03,4.9121e-02,2.5432e+00,1.2504e+01,4.2034e+00,2.4384e-01
8.3200e+03,4.8904e-02,2.5430e+00,1.2504e+01,4.2036e+00,2.4385e-01
8.3300e+03,4.8689e-02,2.5428e+00,1.2504e+01,4.2038e+00,2.4387e-01
8.3400e+03,4.8474e-02,2.5426e+00,1.2504e+01,4.2040e+00,2.4389e-01
8.3500e+03,4.8260e-02,2.5424e+00,1.2504e+01,4.2042e+00,2.4391e-01
8.3600e+03,4.8047e-02,2.5422e+00,1.2504e+01,4.2044e+00,2.4393e-01
8.3700e+03,4.7835e-02,2.5420e+00,1.2504e+01,4.2046e+00,2.4395e-01
8.3800e+03,4.7624e-02,2.5418e+00,1.2504e+01,4.2048e+00,2.4397e-01
8.3900e+03,4.7413e-02,2.5416e+00,1.2504e+01,4.2050e+00,2.4399e-01
8.4000e+03,4.7204e-02,2.5414e+00,1.2504e+01,4.2052e+00,2.4401e-01
8.4100e+03,4.6996e-02,2.5413e+00,1.2504e+01,4.2054e+00,2.4403e-01
8.4200e+03,4.6789e-02,2.5411e+00,1.2504e+01,4.2056e+00,2.4404e-01
8.4300e+03,4.6582e-02,2.5409e+00,1.2504e+01,4.2058e+00,2.4406e-01
8.4400e+03,4.6377e-02,2.5407e+00,1.2504e+01,4.2059e+00,2.4408e-01
8.4500e+03,4.6172e-02,2.5405e+00,1.2504e+01,4.2061e+00,2.4410e-01
8.4600e+03,4.5968e-02,2.5403e+00,1.2504e+01,4.2063e+00,2.4412e-01
8.4700e+03,4.5766e-02,2.5401e+00,1.2504e+01,4.2065e+00,2.4414e-01
8.4800e+03,4.5564e-02,2.5399e+00,1.2504e+01,4.2067e+00,2.4415e-01
8.4900e+03,4.5363e-02,2.5398e+00,1.2504e+01,4.2069e+00,2.4417e-01
8.5000e+03,4.5163e-02,2.5396e+00,1.2504e+01,4.2071e+00,2.4419e-01
8.5100e+03,4.4964e-02,2.5394e+00,1.2504e+01,4.2072e+00,2.4421e-01
8.5200e+03,4.4766e-02,2.5392e+00,1.2504e+01,4.2074e+00,2.4423e-01
8.5300e+03,4.4568e-02,2.5390e+00,1.2504e+01,4.2076e+00,2.4424e-01
8.5400e+03,4.4372e-02,2.5389e+00,1.2504e+01,4.2078e+00,2.4426e-01
8.5500e+03,4.4176e-02,2.5387e+00,1.2504e+01,4.2079e+00,2.4428e-01
8.5600e+03,4.3981e-02,2.5385e+00,1.2504e+01,4.2081e+00,2.4430e-01
8.5700e+03,4.3788e-02,2.5383e+00,1.2504e+01,4.2083e+00,2.4431e-01
8.5800e+03,4.3595e-02,2.5382e+00,1.2504e+01,4.2085e+00,2.4433e-01
8.5900e+03,4.3402e-02,2.5380e+00,1.2504e+01,4.2087e+00,2.4435e-01
8.6000e+03,4.3211e-02,2.5378e+00,1.2504e+01,4.2088e+00,2.4436e-01
8.6100e+03,4.3021e-02,2.5376e+00,1.2504e+01,4.2090e+00,2.4438e-01
8.6200e+03,4.2831e-02,2.5375e+00,1.2504e+01,4.2092e+00,2.4440e-01
8.6300e+03,4.2643e-02,2.5373e+00,1.2504e+01,4.2093e+00,2.4442e-01
8.6400e+03,4.2455e-02,2.5371e+00,1.2504e+01,4.2095e+00,2.4443e-01
8.6500e+03,4.2268e-02,2.5369e+00,1.2504e+01,4.2097e+00,2.4445e-01
8.6600e+03,4.2081e-02,2.5368e+00,1.2504e+01,4.2099e+00,2.4447e-01
8.6700e+03,4.1896e-02,2.5366e+00,1.2504e+01,4.2100e+00,2.4448e-01
8.6800e+03,4.1712e-02,2.5364e+00,1.2504e+01,4.2102e+00,2.4450e-01
8.6900e+03,4.1528e-02,2.5363e+00,1.2504e+01,4.2104e+00,2.4452e-01
8.7000e+03,4.1345e-02,2.5361e+00,1.2504e+01,4.2105e+00,2.4453e-01
8.7100e+03,4.1163e-02,2.5359e+00,1.2504e+01,4.2107e+00,2.4455e-01
8.7200e+03,4.0982e-02,2.5358e+00,1.2504e+01,4.2109e+00,2.4456e-01
8.7300e+03,4.0801e-02,2.5356e+00,1.2504e+01,4.2110e+00,2.4458e-01
8.7400e+03,4.0622e-02,2.5354e+00,1.2504e+01,4.2112e+00,2.4460e-01
8.7500e+03,4.0443e-02,2.5353e+00,1.2504e+01,4.2113e+00,2.4461e-01
8.7600e+03,4.0265e-02,2.5351e+00,1.2504e+01,4.2115e+00,2.4463e-01
8.7700e+03,4.0087e-02,2.5350e+00,1.2504e+01,4.2117e+00,2.4465e-01
8.7800e+03,3.9911e-02,2.5348e+00,1.2504e+01,4.2118e+00,2.4466e-01
8.7900e+03,3.9735e-02,2.5346e+00,1.2504e+01,4.2120e+00,2.4468e-01
8.8000e+03,3.9560e-02,2.5345e+00,1.2504e+01,4.2122e+00,2.4469e-01
8.8100e+03,3.9386e-02,2.5343e+00,1.2504e+01,4.2123e+00,2.4471e-01
8.8200e+03,3.9213e-02,2.5342e+00,1.2504e+01,4.2125e+00,2.4472e-01
8.8300e+03,3.9040e-02,2.5340e+00,1.2504e+01,4.2126e+00,2.4474e-01
8.8400e+03,3.8869e-02,2.5338e+00,1.2504e+01,4.2128e+00,2.4475e-01
8.8500e+03,3.8697e-02,2.5337e+00,1.2504e+01,4.2129e+00,2.4477e-01
8.8600e+03,3.8527e-02,2.5335e+00,1.2504e+01,4.2131e+00,2.4479e-01
8.8700e+03,3.8358e-02,2.5334e+00,1.2504e+01,4.2132e+00,2.4480e-01
8.8800e+03,3.8189e-02,2.5332e+00,1.2504e+01,4.2134e+00,2.4482e-01
8.8900e+03,3.8021e-02,2.5331e+00,1.2504e+01,4.2136e+00,2.4483e-01
8.9000e+03,3.7854e-02,2.5329e+00,1.2504e+01,4.2137e+00,2.4485e-01
8.9100e+03,3.7687e-02,2.5328e+00,1.2504e+01,4.2139e+00,2.4486e-01
8.9200e+03,3.7521e-02,2.5326e+00,1.2504e+01,4.2140e+00,2.4488e-01
8.9300e+03,3.7356e-02,2.5325e+00,1.2504e+01,4.2142e+00,2.4489e-01
8.9400e+03,3.7192e-02,2.5323e+00,1.2504e+01,4.2143e+00,2.4491e-01
8.9500e+03,3.7028e-02,2.5322e+00,1.2504e+01,4.2145e+00,2.4492e-01
8.9600e+03,3.6866e-02,2.5320e+00,1.2504e+01,4.2146e+00,2.4493e-01
8.9700e+03,3.6704e-02,2.5319e+00,1.2504e+01,4.2148e+00,2.4495e-01
8.9800e+03,3.6542e-02,2.5317e+00,1.2504e+01,4.2149e+00,2.4496e-01
8.9900e+03,3.6381e-02,2.5316e+00,1.2504e+01,4.2150e+00,2.4498e-01
9.0000e+03,3.6222e-02,2.5314e+00,1.2504e+01,4.2152e+00,2.4499e-01
9.0100e+03,3.6062e-02,2.5313e+00,1.2504e+01,4.2153e+00,2.4501e-01
9.0200e+03,3.5904e-02,2.5311e+00,1.2504e+01,4.2155e+00,2.4502e-01
9.0300e+03,3.5746e-02,2.5310e+00,1.2504e+01,4.2156e+00,2.4504e-01
9.0400e+03,3.5589e-02,2.5309e+00,1.2504e+01,4.2158e+00,2.4505e-01
9.0500e+03,3.5432e-02,2.5307e+00,1.2504e+01,4.2159e+00,2.4506e-01
9.0600e+03,3.5277e-02,2.5306e+00,1.2504e+01,4.2161e+00,2.4508e-01
9.0700e+03,3.5122e-02,2.5304e+00,1.2504e+01,4.2162e+00,2.4509e-01
9.0800e+03,3.4967e-02,2.5303e+00,1.2504e+01,4.2163e+00,2.4511e-01
9.0900e+03,3.4813e-02,2.5302e+00,1.2504e+01,4.2165e+00,2.4512e-01
9.1000e+03,3.4661e-02,2.5300e+00,1.2504e+01,4.2166e+00,2.4513e-01
9.1100e+03,3.4508e-02,2.5299e+00,1.2504e+01,4.2167e+00,2.4515e-01
9.1200e+03,3.4357e-02,2.5297e+00,1.2504e+01,4.2169e+00,2.4516e-01
9.1300e+03,3.4206e-02,2.5296e+00,1.2504e+01,4.2170e+00,2.4517e-01
9.1400e+03,3.4055e-02,2.5295e+00,1.2504e+01,4.2172e+00,2.4519e-01
9.1500e+03,3.3906e-02,2.5293e+00,1.2504e+01,4.2173e+00,2.4520e-01
9.1600e+03,3.3757e-02,2.5292e+00,1.2504e+01,4.2174e+00,2.4521e-01
9.1700e+03,3.3608e-02,2.5291e+00,1.2504e+01,4.2176e+00,2.4523e-01
9.1800e+03,3.3461e-02,2.5289e+00,1.2504e+01,4.2177e+00,2.4524e-01
9.1900e+03,3.3314e-02,2.5288e+00,1.2504e+01,4.2178e+00,2.4525e-01
9.2000e+03,3.3168e-02,2.5287e+00,1.2504e+01,4.2180e+00,2.4527e-01
9.2100e+03,3.3022e-02,2.5285e+00,1.2504e+01,4.2181e+00,2.4528e-01
9.2200e+03,3.2877e-02,2.5284e+00,1.2504e+01,4.2182e+00,2.4529e-01
9.2300e+03,3.2732e-02,2.5283e+00,1.2504e+01,4.2184e+00,2.4531e-01
9.2400e+03,3.2589e-02,2.5281e+00,1.2504e+01,4.2185e+00,2.4532e-01
9.2500e+03,3.2446e-02,2.5280e+00,1.2504e+01,4.2186e+00,2.4533e-01
9.2600e+03,3.2303e-02,2.5279e+00,1.2504e+01,4.2188e+00,2.4534e-01
9.2700e+03,3.2161e-02,2.5277e+00,1.2504e+01,4.2189e+00,2.4536e-01
9.2800e+03,3.2020e-02,2.5276e+00,1.2504e+01,4.2190e+00,2.4537e-01
9.2900e+03,3.1879e-02,2.5275e+00,1.2504e+01,4.2191e+00,2.4538e-01
9.3000e+03,3.1739e-02,2.5274e+00,1.2504e+01,4.2193e+00,2.4540e-01
9.3100e+03,3.1600e-02,2.5272e+00,1.2504e+01,4.2194e+00,2.4541e-01
9.3200e+03,3.1461e-02,2.5271e+00,1.2504e+01,4.2195e+00,2.4542e-01
9.3300e+03,3.1323e-02,2.5270e+00,1.2504e+01,4.2196e+00,2.4543e-01
9.3400e+03,3.1186e-02,2.5269e+00,1.2504e+01,4.2198e+00,2.4545e-01
9.3500e+03,3.1049e-02,2.5267e+00,1.2504e+01,4.2199e+00,2.4546e-01
9.3600e+03,3.0913e-02,2.5266e+00,1.2504e+01,4.2200e+00,2.4547e-01
9.3700e+03,3.0777e-02,2.5265e+00,1.2504e+01,4.2201e+00,2.4548e-01
9.3800e+03,3.0642e-02,2.5264e+00,1.2504e+01,4.2203e+00,2.4549e-01
9.3900e+03,3.0507e-02,2.5262e+00,1.2504e+01,4.2204e+00,2.4551e-01
9.4000e+03,3.0374e-02,2.5261e+00,1.2504e+01,4.2205e+00,2.4552e-01
9.4100e+03,3.0240e-02,2.5260e+00,1.2504e+01,4.2206e+00,2.4553e-01
9.4200e+03,3.0108e-02,2.5259e+00,1.2504e+01,4.2208e+00,2.4554e-01
9.4300e+03,2.9975e-02,2.5257e+00,1.2504e+01,4.2209e+00,2.4555e-01
9.4400e+03,2.9844e-02,2.5256e+00,1.2504e+01,4.2210e+00,2.4557e-01
9.4500e+03,2.9713e-02,2.5255e+00,1.2504e+01,4.2211e+00,2.4558e-01
9.4600e+03,2.9583e-02,2.5254e+00,1.2504e+01,4.2212e+00,2.4559e-01
9.4700e+03,2.9453e-02,2.5253e+00,1.2504e+01,4.2213e+00,2.4560e-01
9.4800e+03,2.9324e-02,2.5252e+00,1.2504e+01,4.2215e+00,2.4561e-01
9.4900e+03,2.9195e-02,2.5250e+00,1.2504e+01,4.2216e+00,2.4562e-01
9.5000e+03,2.9067e-02,2.5249e+00,1.2504e+01,4.2217e+00,2.4564e-01
9.5100e+03,2.8939e-02,2.5248e+00,1.2504e+01,4.2218e+00,2.4565e-01
9.5200e+03,2.8813e-02,2.5247e+00,1.2504e+01,4.2219e+00,2.4566e-01
9.5300e+03,2.8686e-02,2.5246e+00,1.2504e+01,4.2220e+00,2.4567e-01
9.5400e+03,2.8560e-02,2.5245e+00,1.2504e+01,4.2222e+00,2.4568e-01
9.5500e+03,2.8435e-02,2.5243e+00,1.2504e+01,4.2223e+00,2.4569e-01
9.5600e+03,2.8310e-02,2.5242e+00,1.2504e+01,4.2224e+00,2.4570e-01
9.5700e+03,2.8186e-02,2.5241e+00,1.2504e+01,4.2225e+00,2.4572e-01
9.5800e+03,2.8063e-02,2.5240e+00,1.2504e+01,4.2226e+00,2.4573e-01
9.5900e+03,2.7940e-02,2.5239e+00,1.2504e+01,4.2227e+00,2.4574e-01
9.6000e+03,2.7817e-02,2.5238e+00,1.2504e+01,4.2228e+00,2.4575e-01
9.6100e+03,2.7695e-02,2.5237e+00,1.2504e+01,4.2229e+00,2.4576e-01
9.6200e+03,2.7574e-02,2.5236e+00,1.2504e+01,4.2231e+00,2.4577e-01
9.6300e+03,2.7453e-02,2.5235e+00,1.2504e+01,4.2232e+00,2.4578e-01
9.6400e+03,2.7332e-02,2.5233e+00,1.2504e+01,4.2233e+00,2.4579e-01
9.6500e+03,2.7213e-02,2.5232e+00,1.2504e+01,4.2234e+00,2.4580e-01
9.6600e+03,2.7093e-02,2.5231e+00,1.2504e+01,4.2235e+00,2.4581e-01
9.6700e+03,2.6975e-02,2.5230e+00,1.2504e+01,4.2236e+00,2.4582e-01
9.6800e+03,2.6856e-02,2.5229e+00,1.2504e+01,4.2237e+00,2.4584e-01
9.6900e+03,2.6739e-02,2.5228e+00,1.2504e+01,4.2238e+00,2.4585e-01
9.7000e+03,2.6621e-02,2.5227e+00,1.2504e+01,4.2239e+00,2.4586e-01
9.7100e+03,2.6505e-02,2.5226e+00,1.2504e+01,4.2240e+00,2.4587e-01
9.7200e+03,2.6389e-02,2.5225e+00,1.2504e+01,4.2241e+00,2.4588e-01
9.7300e+03,2.6273e-02,2.5224e+00,1.2504e+01,4.2242e+00,2.4589e-01
9.7400e+03,2.6158e-02,2.5223e+00,1.2504e+01,4.2243e+00,2.4590e-01
9.7500e+03,2.6043e-02,2.5222e+00,1.2504e+01,4.2245e+00,2.4591e-01
9.7600e+03,2.5929e-02,2.5221e+00,1.2504e+01,4.2246e+00,2.4592e-01
9.7700e+03,2.5815e-02,2.5220e+00,1.2504e+01,4.2247e+00,2.4593e-01
9.7800e+03,2.5702e-02,2.5219e+00,1.2504e+01,4.2248e+00,2.4594e-01
9.7900e+03,2.5590e-02,2.5218e+00,1.2504e+01,4.2249e+00,2.4595e-01
9.8000e+03,2.5478e-02,2.5217e+00,1.2504e+01,4.2250e+00,2.4596e-01
9.8100e+03,2.5366e-02,2.5216e+00,1.2504e+01,4.2251e+00,2.4597e-01
9.8200e+03,2.5255e-02,2.5215e+00,1.2504e+01,4.2252e+00,2.4598e-01
9.8300e+03,2.5144e-02,2.5214e+00,1.2504e+01,4.2253e+00,2.4599e-01
9.8400e+03,2.5034e-02,2.5213e+00,1.2504e+01,4.2254e+00,2.4600e-01
9.8500e+03,2.4924e-02,2.5212e+00,1.2504e+01,4.2255e+00,2.4601e-01
9.8600e+03,2.4815e-02,2.5211e+00,1.2504e+01,4.2256e+00,2.4602e-01
9.8700e+03,2.4706e-02,2.5210e+00,1.2504e+01,4.2257e+00,2.4603e-01
9.8800e+03,2.4598e-02,2.5209e+00,1.2504e+01,4.2258e+00,2.4604e-01
9.8900e+03,2.4490e-02,2.5208e+00,1.2504e+01,4.2259e+00,2.4605e-01
9.9000e+03,2.4383e-02,2.5207e+00,1.2504e+01,4.2260e+00,2.4606e-01
9.9100e+03,2.4276e-02,2.5206e+00,1.2504e+01,4.2261e+00,2.4607e-01
9.9200e+03,2.4170e-02,2.5205e+00,1.2504e+01,4.2262e+00,2.4608e-01
9.9300e+03,2.4064e-02,2.5204e+00,1.2504e+01,4.2263e+00,2.4609e-01
9.9400e+03,2.3959e-02,2.5203e+00,1.2504e+01,4.2263e+00,2.4610e-01
9.9500e+03,2.3854e-02,2.5202e+00,1.2504e+01,4.2264e+00,2.4611e-01
9.9600e+03,2.3750e-02,2.5201e+00,1.2504e+01,4.2265e+00,2.4612e-01
9.9700e+03,2.3646e-02,2.5200e+00,1.2504e+01,4.2266e+00,2.4613e-01
9.9800e+03,2.3542e-02,2.5199e+00,1.2504e+01,4.2267e+00,2.4613e-01
9.9900e+03,2.3439e-02,2.5198e+00,1.2504e+01,4.2268e+00,2.4614e-01
1.0000e+04,2.3336e-02,2.5197e+00,1.2504e+01,4.2269e+00,2.4615e-01
1.0010e+04,2.3234e-02,2.5196e+00,1.2504e+01,4.2270e+00,2.4616e-01
1.0020e+04,2.3132e-02,2.5195e+00,1.2504e+01,4.2271e+00,2.4617e-01
1.0030e+04,2.3031e-02,2.5194e+00,1.2504e+01,4.2272e+00,2.4618e-01
1.0040e+04,2.2930e-02,2.5193e+00,1.2504e+01,4.2273e+00,2.4619e-01
1.0050e+04,2.2830e-02,2.5192e+00,1.2504e+01,4.2274e+00,2.4620e-01
1.0060e+04,2.2730e-02,2.5192e+00,1.2504e+01,4.2275e+00,2.4621e-01
1.0070e+04,2.2630e-02,2.5191e+00,1.2504e+01,4.2276e+00,2.4622e-01
1.0080e+04,2.2531e-02,2.5190e+00,1.2504e+01,4.2276e+00,2.4623e-01
1.0090e+04,2.2433e-02,2.5189e+00,1.2504e+01,4.2277e+00,2.4623e-01
1.0100e+04,2.2335e-02,2.5188e+00,1.2504e+01,4.2278e+00,2.4624e-01
1.0110e+04,2.2237e-02,2.5187e+00,1.2504e+01,4.2279e+00,2.4625e-01
1.0120e+04,2.2140e-02,2.5186e+00,1.2504e+01,4.2280e+00,2.4626e-01
1.0130e+04,2.2043e-02,2.5185e+00,1.2504e+01,4.2281e+00,2.4627e-01
1.0140e+04,2.1946e-02,2.5184e+00,1.2504e+01,4.2282e+00,2.4628e-01
1.0150e+04,2.1850e-02,2.5184e+00,1.2504e+01,4.2283e+00,2.4629e-01
1.0160e+04,2.1755e-02,2.5183e+00,1.2504e+01,4.2284e+00,2.4630e-01
1.0170e+04,2.1659e-02,2.5182e+00,1.2504e+01,4.2284e+00,2.4630e-01
1.0180e+04,2.1565e-02,2.5181e+00,1.2504e+01,4.2285e+00,2.4631e-01
1.0190e+04,2.1470e-02,2.5180e+00,1.2504e+01,4.2286e+00,2.4632e-01
1.0200e+04,2.1376e-02,2.5179e+00,1.2504e+01,4.2287e+00,2.4633e-01
1.0210e+04,2.1283e-02,2.5178e+00,1.2504e+01,4.2288e+00,2.4634e-01
1.0220e+04,2.1190e-02,2.5178e+00,1.2504e+01,4.2289e+00,2.4635e-01
1.0230e+04,2.1097e-02,2.5177e+00,1.2504e+01,4.2290e+00,2.4636e-01
1.0240e+04,2.1005e-02,2.5176e+00,1.2504e+01,4.2290e+00,2.4636e-01
1.0250e+04,2.0913e-02,2.5175e+00,1.2504e+01,4.2291e+00,2.4637e-01
1.0260e+04,2.0821e-02,2.5174e+00,1.2504e+01,4.2292e+00,2.4638e-01
1.0270e+04,2.0730e-02,2.5173e+00,1.2504e+01,4.2293e+00,2.4639e-01
1.0280e+04,2.0639e-02,2.5172e+00,1.2504e+01,4.2294e+00,2.4640e-01
1.0290e+04,2.0549e-02,2.5172e+00,1.2504e+01,4.2295e+00,2.4640e-01
1.0300e+04,2.0459e-02,2.5171e+00,1.2504e+01,4.2295e+00,2.4641e-01
1.0310e+04,2.0370e-02,2.5170e+00,1.2504e+01,4.2296e+00,2.4642e-01
1.0320e+04,2.0281e-02,2.5169e+00,1.2504e+01,4.2297e+00,2.4643e-01
1.0330e+04,2.0192e-02,2.5168e+00,1.2504e+01,4.2298e+00,2.4644e-01
1.0340e+04,2.0104e-02,2.5168e+00,1.2504e+01,4.2299e+00,2.4644e-01
1.0350e+04,2.0016e-02,2.5167e+00,1.2504e+01,4.2299e+00,2.4645e-01
1.0360e+04,1.9928e-02,2.5166e+00,1.2504e+01,4.2300e+00,2.4646e-01
1.0370e+04,1.9841e-02,2.5165e+00,1.2504e+01,4.2301e+00,2.4647e-01
1.0380e+04,1.9754e-02,2.5164e+00,1.2504e+01,4.2302e+00,2.4648e-01
1.0390e+04,1.9668e-02,2.5164e+00,1.2504e+01,4.2303e+00,2.4648e-01
1.0400e+04,1.9582e-02,2.5163e+00,1.2504e+01,4.2303e+00,2.4649e-01
1.0410e+04,1.9496e-02,2.5162e+00,1.2504e+01,4.2304e+00,2.4650e-01
1.0420e+04,1.9411e-02,2.5161e+00,1.2504e+01,4.2305e+00,2.4651e-01
1.0430e+04,1.9326e-02,2.5161e+00,1.2504e+01,4.2306e+00,2.4652e-01
1.0440e+04,1.9242e-02,2.5160e+00,1.2504e+01,4.2306e+00,2.4652e-01
1.0450e+04,1.9157e-02,2.5159e+00,1.2504e+01,4.2307e+00,2.4653e-01
1.0460e+04,1.9074e-02,2.5158e+00,1.2504e+01,4.2308e+00,2.4654e-01
1.0470e+04,1.8990e-02,2.5157e+00,1.2504e+01,4.2309e+00,2.4655e-01
1.0480e+04,1.8907e-02,2.5157e+00,1.2504e+01,4.2309e+00,2.4655e-01
1.0490e+04,1.8825e-02,2.5156e+00,1.2504e+01,4.2310e+00,2.4656e-01
1.0500e+04,1.8742e-02,2.5155e+00,1.2504e+01,4.2311e+00,2.4657e-01
1.0510e+04,1.8660e-02,2.5154e+00,1.2504e+01,4.2312e+00,2.4658e-01
1.0520e+04,1.8579e-02,2.5154e+00,1.2504e+01,4.2312e+00,2.4658e-01
1.0530e+04,1.8498e-02,2.5153e+00,1.2504e+01,4.2313e+00,2.4659e-01
1.0540e+04,1.8417e-02,2.5152e+00,1.2504e+01,4.2314e+00,2.4660e-01
1.0550e+04,1.8336e-02,2.5152e+00,1.2504e+01,4.2315e+00,2.4660e-01
1.0560e+04,1.8256e-02,2.5151e+00,1.2504e+01,4.2315e+00,2.4661e-01
1.0570e+04,1.8176e-02,2.5150e+00,1.2504e+01,4.2316e+00,2.4662e-01
1.0580e+04,1.8097e-02,2.5149e+00,1.2504e+01,4.2317e+00,2.4663e-01
1.0590e+04,1.8018e-02,2.5149e+00,1.2504e+01,4.2318e+00,2.4663e-01
1.0600e+04,1.7939e-02,2.5148e+00,1.2504e+01,4.2318e+00,2.4664e-01
1.0610e+04,1.7861e-02,2.5147e+00,1.2504e+01,4.2319e+00,2.4665e-01
1.0620e+04,1.7783e-02,2.5146e+00,1.2504e+01,4.2320e+00,2.4665e-01
1.0630e+04,1.7705e-02,2.5146e+00,1.2504e+01,4.2320e+00,2.4666e-01
1.0640e+04,1.7627e-02,2.5145e+00,1.2504e+01,4.2321e+00,2.4667e-01
1.0650e+04,1.7550e-02,2.5144e+00,1.2504e+01,4.2322e+00,2.4668e-01
1.0660e+04,1.7474e-02,2.5144e+00,1.2504e+01,4.2322e+00,2.4668e-01
1.0670e+04,1.7397e-02,2.5143e+00,1.2504e+01,4.2323e+00,2.4669e-01
1.0680e+04,1.7321e-02,2.5142e+00,1.2504e+01,4.2324e+00,2.4670e-01
1.0690e+04,1.7246e-02,2.5142e+00,1.2504e+01,4.2325e+00,2.4670e-01
1.0700e+04,1.7170e-02,2.5141e+00,1.2504e+01,4.2325e+00,2.4671e-01
1.0710e+04,1.7095e-02,2.5140e+00,1.2504e+01,4.2326e+00,2.4672e-01
1.0720e+04,1.7021e-02,2.5140e+00,1.2504e+01,4.2327e+00,2.4672e-01
1.0730e+04,1.6946e-02,2.5139e+00,1.2504e+01,4.2327e+00,2.4673e-01
1.0740e+04,1.6872e-02,2.5138e+00,1.2504e+01,4.2328e+00,2.4674e-01
1.0750e+04,1.6798e-02,2.5138e+00,1.2504e+01,4.2329e+00,2.4674e-01
1.0760e+04,1.6725e-02,2.5137e+00,1.2504e+01,4.2329e+00,2.4675e-01
1.0770e+04,1.6652e-02,2.5136e+00,1.2504e+01,4.2330e+00,2.4676e-01
1.0780e+04,1.6579e-02,2.5136e+00,1.2504e+01,4.2331e+00,2.4676e-01
1.0790e+04,1.6507e-02,2.5135e+00,1.2504e+01,4.2331e+00,2.4677e-01
1.0800e+04,1.6435e-02,2.5134e+00,1.2504e+01,4.2332e+00,2.4678e-01
1.0810e+04,1.6363e-02,2.5134e+00,1.2504e+01,4.2333e+00,2.4678e-01
1.0820e+04,1.6291e-02,2.5133e+00,1.2504e+01,4.2333e+00,2.4679e-01
1.0830e+04,1.6220e-02,2.5132e+00,1.2504e+01,4.2334e+00,2.4680e-01
1.0840e+04,1.6149e-02,2.5132e+00,1.2504e+01,4.2335e+00,2.4680e-01
1.0850e+04,1.6079e-02,2.5131e+00,1.2504e+01,4.2335e+00,2.4681e-01
1.0860e+04,1.6009e-02,2.5130e+00,1.2504e+01,4.2336e+00,2.4682e-01
1.0870e+04,1.5939e-02,2.5130e+00,1.2504e+01,4.2336e+00,2.4682e-01
1.0880e+04,1.5869e-02,2.5129e+00,1.2504e+01,4.2337e+00,2.4683e-01
1.0890e+04,1.5800e-02,2.5128e+00,1.2504e+01,4.2338e+00,2.4683e-01
1.0900e+04,1.5731e-02,2.5128e+00,1.2504e+01,4.2338e+00,2.4684e-01
1.0910e+04,1.5662e-02,2.5127e+00,1.2504e+01,4.2339e+00,2.4685e-01
1.0920e+04,1.5594e-02,2.5127e+00,1.2504e+01,4.2340e+00,2.4685e-01
1.0930e+04,1.5526e-02,2.5126e+00,1.2504e+01,4.2340e+00,2.4686e-01
1.0940e+04,1.5458e-02,2.5125e+00,1.2504e+01,4.2341e+00,2.4687e-01
1.0950e+04,1.5390e-02,2.5125e+00,1.2504e+01,4.2341e+00,2.4687e-01
1.0960e+04,1.5323e-02,2.5124e+00,1.2504e+01,4.2342e+00,2.4688e-01
1.0970e+04,1.5256e-02,2.5123e+00,1.2504e+01,4.2343e+00,2.4688e-01
1.0980e+04,1.5190e-02,2.5123e+00,1.2504e+01,4.2343e+00,2.4689e-01
1.0990e+04,1.5123e-02,2.5122e+00,1.2504e+01,4.2344e+00,2.4690e-01
1.1000e+04,1.5057e-02,2.5122e+00,1.2504e+01,4.2344e+00,2.4690e-01
1.1010e+04,1.4991e-02,2.5121e+00,1.2504e+01,4.2345e+00,2.4691e-01
1.1020e+04,1.4926e-02,2.5120e+00,1.2504e+01,4.2346e+00,2.4691e-01
1.1030e+04,1.4861e-02,2.5120e+00,1.2504e+01,4.2346e+00,2.4692e-01
1.1040e+04,1.4796e-02,2.5119e+00,1.2504e+01,4.2347e+00,2.4692e-01
1.1050e+04,1.4731e-02,2.5119e+00,1.2504e+01,4.2347e+00,2.4693e-01
1.1060e+04,1.4667e-02,2.5118e+00,1.2504e+01,4.2348e+00,2.4694e-01
1.1070e+04,1.4603e-02,2.5118e+00,1.2504e+01,4.2349e+00,2.4694e-01
1.1080e+04,1.4539e-02,2.5117e+00,1.2504e+01,4.2349e+00,2.4695e-01
1.1090e+04,1.4476e-02,2.5116e+00,1.2504e+01,4.2350e+00,2.4695e-01
1.1100e+04,1.4413e-02,2.5116e+00,1.2504e+01,4.2350e+00,2.4696e-01
1.1110e+04,1.4350e-02,2.5115e+00,1.2504e+01,4.2351e+00,2.4697e-01
1.1120e+04,1.4287e-02,2.5115e+00,1.2504e+01,4.2351e+00,2.4697e-01
1.1130e+04,1.4225e-02,2.5114e+00,1.2504e+01,4.2352e+00,2.4698e-01
1.1140e+04,1.4163e-02,2.5114e+00,1.2504e+01,4.2353e+00,2.4698e-01
1.1150e+04,1.4101e-02,2.5113e+00,1.2504e+01,4.2353e+00,2.4699e-01
1.1160e+04,1.4039e-02,2.5112e+00,1.2504e+01,4.2354e+00,2.4699e-01
1.1170e+04,1.3978e-02,2.5112e+00,1.2504e+01,4.2354e+00,2.4700e-01
1.1180e+04,1.3917e-02,2.5111e+00,1.2504e+01,4.2355e+00,2.4700e-01
1.1190e+04,1.3856e-02,2.5111e+00,1.2504e+01,4.2355e+00,2.4701e-01
1.1200e+04,1.3796e-02,2.5110e+00,1.2504e+01,4.2356e+00,2.4702e-01
1.1210e+04,1.3735e-02,2.5110e+00,1.2504e+01,4.2356e+00,2.4702e-01
1.1220e+04,1.3675e-02,2.5109e+00,1.2504e+01,4.2357e+00,2.4703e-01
1.1230e+04,1.3616e-02,2.5109e+00,1.2504e+01,4.2358e+00,2.4703e-01
1.1240e+04,1.3556e-02,2.5108e+00,1.2504e+01,4.2358e+00,2.4704e-01
1.1250e+04,1.3497e-02,2.5107e+00,1.2504e+01,4.2359e+00,2.4704e-01
1.1260e+04,1.3438e-02,2.5107e+00,1.2504e+01,4.2359e+00,2.4705e-01
1.1270e+04,1.3380e-02,2.5106e+00,1.2504e+01,4.2360e+00,2.4705e-01
1.1280e+04,1.3321e-02,2.5106e+00,1.2504e+01,4.2360e+00,2.4706e-01
1.1290e+04,1.3263e-02,2.5105e+00,1.2504e+01,4.2361e+00,2.4706e-01
1.1300e+04,1.3205e-02,2.5105e+00,1.2504e+01,4.2361e+00,2.4707e-01
1.1310e+04,1.3148e-02,2.5104e+00,1.2504e+01,4.2362e+00,2.4707e-01
1.1320e+04,1.3090e-02,2.5104e+00,1.2504e+01,4.2362e+00,2.4708e-01
1.1330e+04,1.3033e-02,2.5103e+00,1.2504e+01,4.2363e+00,2.4708e-01
1.1340e+04,1.2976e-02,2.5103e+00,1.2504e+01,4.2363e+00,2.4709e-01
1.1350e+04,1.2920e-02,2.5102e+00,1.2504e+01,4.2364e+00,2.4709e-01
1.1360e+04,1.2863e-02,2.5102e+00,1.2504e+01,4.2364e+00,2.4710e-01
1.1370e+04,1.2807e-02,2.5101e+00,1.2504e+01,4.2365e+00,2.4710e-01
1.1380e+04,1.2751e-02,2.5101e+00,1.2504e+01,4.2365e+00,2.4711e-01
1.1390e+04,1.2696e-02,2.5100e+00,1.2504e+01,4.2366e+00,2.4712e-01
1.1400e+04,1.2640e-02,2.5100e+00,1.2504e+01,4.2366e+00,2.4712e-01
1.1410e+04,1.2585e-02,2.5099e+00,1.2504e+01,4.2367e+00,2.4713e-01
