t,[L2M],[D],[L],[L2MD],[L2Ms]
0.0000e+00,1.0000e+00,1.0000e+00,1.7500e+01,0.0000e+00,0.0000e+00
1.0000e+01,9.9801e-01,9.9886e-01,1.7501e+01,1.1342e-03,2.8372e-04
2.0000e+01,9.9659e-01,9.9773e-01,1.7501e+01,2.2681e-03,5.6768e-04
3.0000e+01,9.9518e-01,9.9660e-01,1.7501e+01,3.3992e-03,8.5124e-04
4.0000e+01,9.9377e-01,9.9547e-01,1.7501e+01,4.5273e-03,1.1344e-03
5.0000e+01,9.9236e-01,9.9434e-01,1.7501e+01,5.6526e-03,1.4172e-03
6.0000e+01,9.9095e-01,9.9322e-01,1.7501e+01,6.7750e-03,1.6995e-03
7.0000e+01,9.8955e-01,9.9210e-01,1.7501e+01,7.8945e-03,1.9815e-03
8.0000e+01,9.8815e-01,9.9098e-01,1.7501e+01,9.0113e-03,2.2630e-03
9.0000e+01,9.8676e-01,9.8987e-01,1.7501e+01,1.0125e-02,2.5442e-03
1.0000e+02,9.8537e-01,9.8876e-01,1.7501e+01,1.1236e-02,2.8250e-03
1.1000e+02,9.8398e-01,9.8765e-01,1.7501e+01,1.2344e-02,3.1053e-03
1.2000e+02,9.8259e-01,9.8654e-01,1.7501e+01,1.3450e-02,3.3853e-03
1.3000e+02,9.8121e-01,9.8544e-01,1.7501e+01,1.4553e-02,3.6649e-03
1.4000e+02,9.7983e-01,9.8434e-01,1.7501e+01,1.5653e-02,3.9441e-03
1.5000e+02,9.7846e-01,9.8324e-01,1.7501e+01,1.6750e-02,4.2229e-03
1.6000e+02,9.7708e-01,9.8214e-01,1.7501e+01,1.7844e-02,4.5013e-03
1.7000e+02,9.7571e-01,9.8105e-01,1.7501e+01,1.8936e-02,4.7793e-03
1.8000e+02,9.7435e-01,9.7996e-01,1.7501e+01,2.0025e-02,5.0570e-03
1.9000e+02,9.7298e-01,9.7888e-01,1.7501e+01,2.1111e-02,5.3342e-03
2.0000e+02,9.7162e-01,9.7779e-01,1.7501e+01,2.2194e-02,5.6111e-03
2.1000e+02,9.7027e-01,9.7671e-01,1.7501e+01,2.3275e-02,5.8875e-03
2.2000e+02,9.6891e-01,9.7563e-01,1.7501e+01,2.4353e-02,6.1636e-03
2.3000e+02,9.6756e-01,9.7456e-01,1.7501e+01,2.5428e-02,6.4393e-03
2.4000e+02,9.6621e-01,9.7348e-01,1.7501e+01,2.6501e-02,6.7146e-03
2.5000e+02,9.6487e-01,9.7241e-01,1.7501e+01,2.7571e-02,6.9896e-03
2.6000e+02,9.6353e-01,9.7134e-01,1.7501e+01,2.8638e-02,7.2641e-03
2.7000e+02,9.6219e-01,9.7028e-01,1.7501e+01,2.9703e-02,7.5383e-03
2.8000e+02,9.6085e-01,9.6922e-01,1.7501e+01,3.0765e-02,7.8121e-03
2.9000e+02,9.5952e-01,9.6816e-01,1.7501e+01,3.1824e-02,8.0855e-03
3.0000e+02,9.5819e-01,9.6710e-01,1.7501e+01,3.2881e-02,8.3585e-03
3.1000e+02,9.5686e-01,9.6604e-01,1.7501e+01,3.3935e-02,8.6312e-03
3.2000e+02,9.5554e-01,9.6499e-01,1.7501e+01,3.4987e-02,8.9035e-03
3.3000e+02,9.5422e-01,9.6394e-01,1.7501e+01,3.6036e-02,9.1754e-03
3.4000e+02,9.5290e-01,9.6290e-01,1.7501e+01,3.7082e-02,9.4469e-03
3.5000e+02,9.5158e-01,9.6185e-01,1.7501e+01,3.8126e-02,9.7181e-03
3.6000e+02,9.5027e-01,9.6081e-01,1.7501e+01,3.9167e-02,9.9888e-03
3.7000e+02,9.4896e-01,9.5977e-01,1.7501e+01,4.0206e-02,1.0259e-02
3.8000e+02,9.4766e-01,9.5873e-01,1.7501e+01,4.1242e-02,1.0529e-02
3.9000e+02,9.4635e-01,9.5770e-01,1.7501e+01,4.2276e-02,1.0799e-02
4.0000e+02,9.4505e-01,9.5667e-01,1.7501e+01,4.3307e-02,1.1068e-02
4.1000e+02,9.4376e-01,9.5564e-01,1.7501e+01,4.4335e-02,1.1337e-02
4.2000e+02,9.4246e-01,9.5461e-01,1.7501e+01,4.5361e-02,1.1606e-02
4.3000e+02,9.4117e-01,9.5359e-01,1.7501e+01,4.6385e-02,1.1874e-02
4.4000e+02,9.3988e-01,9.5257e-01,1.7501e+01,4.7406e-02,1.2142e-02
4.5000e+02,9.3860e-01,9.5155e-01,1.7501e+01,4.8424e-02,1.2409e-02
4.6000e+02,9.3731e-01,9.5053e-01,1.7501e+01,4.9440e-02,1.2676e-02
4.7000e+02,9.3603e-01,9.4952e-01,1.7501e+01,5.0454e-02,1.2943e-02
4.8000e+02,9.3475e-01,9.4850e-01,1.7501e+01,5.1465e-02,1.3209e-02
4.9000e+02,9.3348e-01,9.4750e-01,1.7501e+01,5.2474e-02,1.3475e-02
5.0000e+02,9.3221e-01,9.4649e-01,1.7501e+01,5.3480e-02,1.3741e-02
5.1000e+02,9.3094e-01,9.4548e-01,1.7501e+01,5.4484e-02,1.4006e-02
5.2000e+02,9.2967e-01,9.4448e-01,1.7501e+01,5.5485e-02,1.4271e-02
5.3000e+02,9.2841e-01,9.4348e-01,1.7501e+01,5.6484e-02,1.4536e-02
5.4000e+02,9.2715e-01,9.4249e-01,1.7501e+01,5.7481e-02,1.4800e-02
5.5000e+02,9.2589e-01,9.4149e-01,1.7501e+01,5.8475e-02,1.5064e-02
5.6000e+02,9.2463e-01,9.4050e-01,1.7501e+01,5.9467e-02,1.5327e-02
5.7000e+02,9.2338e-01,9.3951e-01,1.7501e+01,6.0456e-02,1.5590e-02
5.8000e+02,9.2213e-01,9.3852e-01,1.7501e+01,6.1443e-02,1.5853e-02
5.9000e+02,9.2089e-01,9.3754e-01,1.7501e+01,6.2428e-02,1.6116e-02
6.0000e+02,9.1964e-01,9.3655e-01,1.7501e+01,6.3410e-02,1.6378e-02
6.1000e+02,9.1840e-01,9.3557e-01,1.7501e+01,6.4390e-02,1.6639e-02
6.2000e+02,9.1716e-01,9.3459e-01,1.7501e+01,6.5367e-02,1.6901e-02
6.3000e+02,9.1592e-01,9.3362e-01,1.7501e+01,6.6343e-02,1.7162e-02
6.4000e+02,9.1469e-01,9.3264e-01,1.7501e+01,6.7316e-02,1.7422e-02
6.5000e+02,9.1346e-01,9.3167e-01,1.7501e+01,6.8286e-02,1.7683e-02
6.6000e+02,9.1223e-01,9.3070e-01,1.7501e+01,6.9254e-02,1.7943e-02
6.7000e+02,9.1101e-01,9.2974e-01,1.7501e+01,7.0220e-02,1.8202e-02
6.8000e+02,9.0978e-01,9.2877e-01,1.7501e+01,7.1184e-02,1.8462e-02
6.9000e+02,9.0856e-01,9.2781e-01,1.7501e+01,7.2145e-02,1.8720e-02
7.0000e+02,9.0735e-01,9.2685e-01,1.7501e+01,7.3104e-02,1.8979e-02
7.1000e+02,9.0613e-01,9.2590e-01,1.7501e+01,7.4061e-02,1.9237e-02
7.2000e+02,9.0492e-01,9.2494e-01,1.7501e+01,7.5016e-02,1.9495e-02
7.3000e+02,9.0371e-01,9.2399e-01,1.7501e+01,7.5968e-02,1.9753e-02
7.4000e+02,9.0250e-01,9.2304e-01,1.7501e+01,7.6918e-02,2.0010e-02
7.5000e+02,9.0130e-01,9.2209e-01,1.7501e+01,7.7866e-02,2.0267e-02
7.6000e+02,9.0009e-01,9.2114e-01,1.7501e+01,7.8812e-02,2.0523e-02
7.7000e+02,8.9889e-01,9.2020e-01,1.7501e+01,7.9755e-02,2.0779e-02
7.8000e+02,8.9770e-01,9.1926e-01,1.7501e+01,8.0696e-02,2.1035e-02
7.9000e+02,8.9650e-01,9.1832e-01,1.7501e+01,8.1635e-02,2.1291e-02
8.0000e+02,8.9531e-01,9.1738e-01,1.7501e+01,8.2572e-02,2.1546e-02
8.1000e+02,8.9412e-01,9.1644e-01,1.7501e+01,8.3506e-02,2.1801e-02
8.2000e+02,8.9294e-01,9.1551e-01,1.7501e+01,8.4439e-02,2.2055e-02
8.3000e+02,8.9175e-01,9.1458e-01,1.7501e+01,8.5369e-02,2.2309e-02
8.4000e+02,8.9057e-01,9.1365e-01,1.7501e+01,8.6297e-02,2.2563e-02
8.5000e+02,8.8939e-01,9.1273e-01,1.7501e+01,8.7223e-02,2.2816e-02
8.6000e+02,8.8821e-01,9.1180e-01,1.7501e+01,8.8146e-02,2.3070e-02
8.7000e+02,8.8704e-01,9.1088e-01,1.7501e+01,8.9068e-02,2.3322e-02
8.8000e+02,8.8587e-01,9.0996e-01,1.7501e+01,8.9987e-02,2.3575e-02
8.9000e+02,8.8470e-01,9.0904e-01,1.7501e+01,9.0904e-02,2.3827e-02
9.0000e+02,8.8353e-01,9.0813e-01,1.7501e+01,9.1819e-02,2.4079e-02
9.1000e+02,8.8237e-01,9.0721e-01,1.7501e+01,9.2732e-02,2.4330e-02
9.2000e+02,8.8120e-01,9.0630e-01,1.7501e+01,9.3643e-02,2.4581e-02
9.3000e+02,8.8005e-01,9.0539e-01,1.7501e+01,9.4552e-02,2.4832e-02
9.4000e+02,8.7889e-01,9.0449e-01,1.7501e+01,9.5458e-02,2.5082e-02
9.5000e+02,8.7773e-01,9.0358e-01,1.7501e+01,9.6363e-02,2.5333e-02
9.6000e+02,8.7658e-01,9.0268e-01,1.7501e+01,9.7265e-02,2.5582e-02
9.7000e+02,8.7543e-01,9.0178e-01,1.7501e+01,9.8166e-02,2.5832e-02
9.8000e+02,8.7428e-01,9.0088e-01,1.7501e+01,9.9064e-02,2.6081e-02
9.9000e+02,8.7314e-01,8.9998e-01,1.7501e+01,9.9960e-02,2.6330e-02
1.0000e+03,8.7200e-01,8.9909e-01,1.7501e+01,1.0085e-01,2.6578e-02
1.0100e+03,8.7086e-01,8.9819e-01,1.7501e+01,1.0175e-01,2.6827e-02
1.0200e+03,8.6972e-01,8.9730e-01,1.7501e+01,1.0264e-01,2.7074e-02
1.0300e+03,8.6858e-01,8.9642e-01,1.7501e+01,1.0352e-01,2.7322e-02
1.0400e+03,8.6745e-01,8.9553e-01,1.7501e+01,1.0441e-01,2.7569e-02
1.0500e+03,8.6632e-01,8.9464e-01,1.7501e+01,1.0529e-01,2.7816e-02
1.0600e+03,8.6519e-01,8.9376e-01,1.7501e+01,1.0618e-01,2.8063e-02
1.0700e+03,8.6406e-01,8.9288e-01,1.7501e+01,1.0706e-01,2.8309e-02
1.0800e+03,8.6294e-01,8.9200e-01,1.7501e+01,1.0793e-01,2.8555e-02
1.0900e+03,8.6182e-01,8.9113e-01,1.7501e+01,1.0881e-01,2.8800e-02
1.1000e+03,8.6070e-01,8.9025e-01,1.7501e+01,1.0968e-01,2.9046e-02
1.1100e+03,8.5958e-01,8.8938e-01,1.7501e+01,1.1056e-01,2.9291e-02
1.1200e+03,8.5847e-01,8.8851e-01,1.7501e+01,1.1143e-01,2.9535e-02
1.1300e+03,8.5736e-01,8.8764e-01,1.7501e+01,1.1229e-01,2.9780e-02
1.1400e+03,8.5625e-01,8.8677e-01,1.7501e+01,1.1316e-01,3.0024e-02
1.1500e+03,8.5514e-01,8.8591e-01,1.7501e+01,1.1402e-01,3.0267e-02
1.1600e+03,8.5403e-01,8.8505e-01,1.7501e+01,1.1489e-01,3.0511e-02
1.1700e+03,8.5293e-01,8.8419e-01,1.7501e+01,1.1575e-01,3.0754e-02
1.1800e+03,8.5183e-01,8.8333e-01,1.7501e+01,1.1660e-01,3.0997e-02
1.1900e+03,8.5073e-01,8.8247e-01,1.7501e+01,1.1746e-01,3.1239e-02
1.2000e+03,8.4963e-01,8.8162e-01,1.7501e+01,1.1831e-01,3.1481e-02
1.2100e+03,8.4854e-01,8.8076e-01,1.7501e+01,1.1917e-01,3.1723e-02
1.2200e+03,8.4745e-01,8.7991e-01,1.7501e+01,1.2002e-01,3.1965e-02
1.2300e+03,8.4636e-01,8.7906e-01,1.7501e+01,1.2087e-01,3.2206e-02
1.2400e+03,8.4527e-01,8.7822e-01,1.7501e+01,1.2171e-01,3.2447e-02
1.2500e+03,8.4418e-01,8.7737e-01,1.7501e+01,1.2256e-01,3.2687e-02
1.2600e+03,8.4310e-01,8.7653e-01,1.7501e+01,1.2340e-01,3.2927e-02
1.2700e+03,8.4202e-01,8.7569e-01,1.7501e+01,1.2424e-01,3.3167e-02
1.2800e+03,8.4094e-01,8.7485e-01,1.7501e+01,1.2508e-01,3.3407e-02
1.2900e+03,8.3986e-01,8.7401e-01,1.7501e+01,1.2592e-01,3.3646e-02
1.3000e+03,8.3879e-01,8.7317e-01,1.7501e+01,1.2675e-01,3.3886e-02
1.3100e+03,8.3772e-01,8.7234e-01,1.7501e+01,1.2759e-01,3.4124e-02
1.3200e+03,8.3665e-01,8.7151e-01,1.7501e+01,1.2842e-01,3.4363e-02
1.3300e+03,8.3558e-01,8.7068e-01,1.7501e+01,1.2925e-01,3.4601e-02
1.3400e+03,8.3451e-01,8.6985e-01,1.7501e+01,1.3008e-01,3.4839e-02
1.3500e+03,8.3345e-01,8.6902e-01,1.7501e+01,1.3090e-01,3.5076e-02
1.3600e+03,8.3239e-01,8.6820e-01,1.7501e+01,1.3173e-01,3.5313e-02
1.3700e+03,8.3133e-01,8.6738e-01,1.7501e+01,1.3255e-01,3.5550e-02
1.3800e+03,8.3027e-01,8.6655e-01,1.7501e+01,1.3337e-01,3.5787e-02
1.3900e+03,8.2922e-01,8.6573e-01,1.7501e+01,1.3419e-01,3.6023e-02
1.4000e+03,8.2817e-01,8.6492e-01,1.7501e+01,1.3500e-01,3.6259e-02
1.4100e+03,8.2711e-01,8.6410e-01,1.7501e+01,1.3582e-01,3.6495e-02
1.4200e+03,8.2607e-01,8.6329e-01,1.7501e+01,1.3663e-01,3.6730e-02
1.4300e+03,8.2502e-01,8.6248e-01,1.7501e+01,1.3744e-01,3.6966e-02
1.4400e+03,8.2397e-01,8.6167e-01,1.7501e+01,1.3825e-01,3.7200e-02
1.4500e+03,8.2293e-01,8.6086e-01,1.7501e+01,1.3906e-01,3.7435e-02
1.4600e+03,8.2189e-01,8.6005e-01,1.7501e+01,1.3987e-01,3.7669e-02
1.4700e+03,8.2085e-01,8.5925e-01,1.7501e+01,1.4067e-01,3.7903e-02
1.4800e+03,8.1982e-01,8.5844e-01,1.7501e+01,1.4148e-01,3.8137e-02
1.4900e+03,8.1878e-01,8.5764e-01,1.7501e+01,1.4228e-01,3.8370e-02
1.5000e+03,8.1775e-01,8.5684e-01,1.7501e+01,1.4308e-01,3.8603e-02
1.5100e+03,8.1672e-01,8.5604e-01,1.7501e+01,1.4387e-01,3.8836e-02
1.5200e+03,8.1569e-01,8.5525e-01,1.7501e+01,1.4467e-01,3.9068e-02
1.5300e+03,8.1467e-01,8.5445e-01,1.7501e+01,1.4546e-01,3.9301e-02
1.5400e+03,8.1364e-01,8.5366e-01,1.7501e+01,1.4625e-01,3.9533e-02
1.5500e+03,8.1262e-01,8.5287e-01,1.7501e+01,1.4705e-01,3.9764e-02
1.5600e+03,8.1160e-01,8.5208e-01,1.7501e+01,1.4783e-01,3.9995e-02
1.5700e+03,8.1058e-01,8.5129e-01,1.7501e+01,1.4862e-01,4.0226e-02
1.5800e+03,8.0957e-01,8.5051e-01,1.7501e+01,1.4941e-01,4.0457e-02
1.5900e+03,8.0855e-01,8.4972e-01,1.7501e+01,1.5019e-01,4.0688e-02
1.6000e+03,8.0754e-01,8.4894e-01,1.7501e+01,1.5097e-01,4.0918e-02
1.6100e+03,8.0653e-01,8.4816e-01,1.7501e+01,1.5175e-01,4.1148e-02
1.6200e+03,8.0552e-01,8.4738e-01,1.7501e+01,1.5253e-01,4.1377e-02
1.6300e+03,8.0451e-01,8.4660e-01,1.7501e+01,1.5331e-01,4.1607e-02
1.6400e+03,8.0351e-01,8.4583e-01,1.7501e+01,1.5408e-01,4.1836e-02
1.6500e+03,8.0251e-01,8.4505e-01,1.7501e+01,1.5486e-01,4.2064e-02
1.6600e+03,8.0151e-01,8.4428e-01,1.7501e+01,1.5563e-01,4.2293e-02
1.6700e+03,8.0051e-01,8.4351e-01,1.7501e+01,1.5640e-01,4.2521e-02
1.6800e+03,7.9951e-01,8.4274e-01,1.7501e+01,1.5717e-01,4.2749e-02
1.6900e+03,7.9852e-01,8.4198e-01,1.7501e+01,1.5793e-01,4.2976e-02
1.7000e+03,7.9753e-01,8.4121e-01,1.7501e+01,1.5870e-01,4.3204e-02
1.7100e+03,7.9654e-01,8.4045e-01,1.7501e+01,1.5946e-01,4.3431e-02
1.7200e+03,7.9555e-01,8.3968e-01,1.7501e+01,1.6022e-01,4.3657e-02
1.7300e+03,7.9456e-01,8.3892e-01,1.7501e+01,1.6098e-01,4.3884e-02
1.7400e+03,7.9358e-01,8.3816e-01,1.7501e+01,1.6174e-01,4.4110e-02
1.7500e+03,7.9259e-01,8.3741e-01,1.7501e+01,1.6250e-01,4.4336e-02
1.7600e+03,7.9161e-01,8.3665e-01,1.7501e+01,1.6326e-01,4.4561e-02
1.7700e+03,7.9063e-01,8.3590e-01,1.7501e+01,1.6401e-01,4.4787e-02
1.7800e+03,7.8966e-01,8.3514e-01,1.7501e+01,1.6476e-01,4.5012e-02
1.7900e+03,7.8868e-01,8.3439e-01,1.7501e+01,1.6551e-01,4.5237e-02
1.8000e+03,7.8771e-01,8.3364e-01,1.7501e+01,1.6626e-01,4.5461e-02
1.8100e+03,7.8674e-01,8.3290e-01,1.7501e+01,1.6701e-01,4.5685e-02
1.8200e+03,7.8577e-01,8.3215e-01,1.7501e+01,1.6775e-01,4.5909e-02
1.8300e+03,7.8480e-01,8.3140e-01,1.7501e+01,1.6850e-01,4.6133e-02
1.8400e+03,7.8383e-01,8.3066e-01,1.7501e+01,1.6924e-01,4.6356e-02
1.8500e+03,7.8287e-01,8.2992e-01,1.7501e+01,1.6998e-01,4.6580e-02
1.8600e+03,7.8191e-01,8.2918e-01,1.7501e+01,1.7072e-01,4.6802e-02
1.8700e+03,7.8094e-01,8.2844e-01,1.7501e+01,1.7146e-01,4.7025e-02
1.8800e+03,7.7999e-01,8.2771e-01,1.7501e+01,1.7220e-01,4.7247e-02
1.8900e+03,7.7903e-01,8.2697e-01,1.7501e+01,1.7293e-01,4.7469e-02
1.9000e+03,7.7807e-01,8.2624e-01,1.7501e+01,1.7366e-01,4.7691e-02
1.9100e+03,7.7712e-01,8.2550e-01,1.7501e+01,1.7440e-01,4.7913e-02
1.9200e+03,7.7617e-01,8.2477e-01,1.7501e+01,1.7513e-01,4.8134e-02
1.9300e+03,7.7522e-01,8.2404e-01,1.7501e+01,1.7585e-01,4.8355e-02
1.9400e+03,7.7427e-01,8.2332e-01,1.7501e+01,1.7658e-01,4.8575e-02
1.9500e+03,7.7333e-01,8.2259e-01,1.7501e+01,1.7731e-01,4.8796e-02
1.9600e+03,7.7238e-01,8.2187e-01,1.7501e+01,1.7803e-01,4.9016e-02
1.9700e+03,7.7144e-01,8.2114e-01,1.7501e+01,1.7875e-01,4.9236e-02
1.9800e+03,7.7050e-01,8.2042e-01,1.7501e+01,1.7947e-01,4.9456e-02
1.9900e+03,7.6956e-01,8.1970e-01,1.7501e+01,1.8019e-01,4.9675e-02
2.0000e+03,7.6862e-01,8.1898e-01,1.7501e+01,1.8091e-01,4.9894e-02
2.0100e+03,7.6769e-01,8.1827e-01,1.7501e+01,1.8163e-01,5.0113e-02
2.0200e+03,7.6675e-01,8.1755e-01,1.7501e+01,1.8234e-01,5.0331e-02
2.0300e+03,7.6582e-01,8.1684e-01,1.7501e+01,1.8306e-01,5.0550e-02
2.0400e+03,7.6489e-01,8.1613e-01,1.7501e+01,1.8377e-01,5.0768e-02
2.0500e+03,7.6396e-01,8.1541e-01,1.7501e+01,1.8448e-01,5.0985e-02
2.0600e+03,7.6304e-01,8.1470e-01,1.7501e+01,1.8519e-01,5.1203e-02
2.0700e+03,7.6211e-01,8.1400e-01,1.7501e+01,1.8590e-01,5.1420e-02
2.0800e+03,7.6119e-01,8.1329e-01,1.7501e+01,1.8660e-01,5.1637e-02
2.0900e+03,7.6027e-01,8.1259e-01,1.7501e+01,1.8731e-01,5.1854e-02
2.1000e+03,7.5935e-01,8.1188e-01,1.7501e+01,1.8801e-01,5.2070e-02
2.1100e+03,7.5843e-01,8.1118e-01,1.7501e+01,1.8871e-01,5.2286e-02
2.1200e+03,7.5751e-01,8.1048e-01,1.7501e+01,1.8941e-01,5.2502e-02
2.1300e+03,7.5660e-01,8.0978e-01,1.7501e+01,1.9011e-01,5.2718e-02
2.1400e+03,7.5569e-01,8.0908e-01,1.7501e+01,1.9081e-01,5.2933e-02
2.1500e+03,7.5478e-01,8.0839e-01,1.7501e+01,1.9150e-01,5.3148e-02
2.1600e+03,7.5387e-01,8.0769e-01,1.7501e+01,1.9220e-01,5.3363e-02
2.1700e+03,7.5296e-01,8.0700e-01,1.7501e+01,1.9289e-01,5.3578e-02
2.1800e+03,7.5205e-01,8.0631e-01,1.7501e+01,1.9358e-01,5.3792e-02
2.1900e+03,7.5115e-01,8.0561e-01,1.7501e+01,1.9427e-01,5.4006e-02
2.2000e+03,7.5025e-01,8.0493e-01,1.7501e+01,1.9496e-01,5.4220e-02
2.2100e+03,7.4935e-01,8.0424e-01,1.7501e+01,1.9565e-01,5.4434e-02
2.2200e+03,7.4845e-01,8.0355e-01,1.7501e+01,1.9634e-01,5.4647e-02
2.2300e+03,7.4755e-01,8.0287e-01,1.7501e+01,1.9702e-01,5.4860e-02
2.2400e+03,7.4665e-01,8.0218e-01,1.7501e+01,1.9770e-01,5.5073e-02
2.2500e+03,7.4576e-01,8.0150e-01,1.7501e+01,1.9839e-01,5.5285e-02
2.2600e+03,7.4487e-01,8.0082e-01,1.7501e+01,1.9907e-01,5.5498e-02
2.2700e+03,7.4397e-01,8.0014e-01,1.7501e+01,1.9974e-01,5.5710e-02
2.2800e+03,7.4309e-01,7.9946e-01,1.7501e+01,2.0042e-01,5.5922e-02
2.2900e+03,7.4220e-01,7.9879e-01,1.7501e+01,2.0110e-01,5.6133e-02
2.3000e+03,7.4131e-01,7.9811e-01,1.7501e+01,2.0177e-01,5.6344e-02
2.3100e+03,7.4043e-01,7.9744e-01,1.7501e+01,2.0245e-01,5.6556e-02
2.3200e+03,7.3954e-01,7.9676e-01,1.7501e+01,2.0312e-01,5.6766e-02
2.3300e+03,7.3866e-01,7.9609e-01,1.7501e+01,2.0379e-01,5.6977e-02
2.3400e+03,7.3778e-01,7.9542e-01,1.7501e+01,2.0446e-01,5.7187e-02
2.3500e+03,7.3690e-01,7.9476e-01,1.7501e+01,2.0513e-01,5.7397e-02
2.3600e+03,7.3603e-01,7.9409e-01,1.7501e+01,2.0579e-01,5.7607e-02
2.3700e+03,7.3515e-01,7.9342e-01,1.7501e+01,2.0646e-01,5.7817e-02
2.3800e+03,7.3428e-01,7.9276e-01,1.7501e+01,2.0712e-01,5.8026e-02
2.3900e+03,7.3341e-01,7.9210e-01,1.7501e+01,2.0779e-01,5.8235e-02
2.4000e+03,7.3254e-01,7.9143e-01,1.7501e+01,2.0845e-01,5.8444e-02
2.4100e+03,7.3167e-01,7.9077e-01,1.7501e+01,2.0911e-01,5.8652e-02
2.4200e+03,7.3080e-01,7.9011e-01,1.7501e+01,2.0977e-01,5.8861e-02
2.4300e+03,7.2994e-01,7.8946e-01,1.7501e+01,2.1042e-01,5.9069e-02
2.4400e+03,7.2907e-01,7.8880e-01,1.7501e+01,2.1108e-01,5.9276e-02
2.4500e+03,7.2821e-01,7.8815e-01,1.7501e+01,2.1173e-01,5.9484e-02
2.4600e+03,7.2735e-01,7.8749e-01,1.7501e+01,2.1239e-01,5.9691e-02
2.4700e+03,7.2649e-01,7.8684e-01,1.7501e+01,2.1304e-01,5.9898e-02
2.4800e+03,7.2563e-01,7.8619e-01,1.7501e+01,2.1369e-01,6.0105e-02
2.4900e+03,7.2478e-01,7.8554e-01,1.7501e+01,2.1434e-01,6.0312e-02
2.5000e+03,7.2392e-01,7.8489e-01,1.7501e+01,2.1499e-01,6.0518e-02
2.5100e+03,7.2307e-01,7.8424e-01,1.7501e+01,2.1563e-01,6.0724e-02
2.5200e+03,7.2222e-01,7.8360e-01,1.7501e+01,2.1628e-01,6.0930e-02
2.5300e+03,7.2137e-01,7.8295e-01,1.7501e+01,2.1692e-01,6.1136e-02
2.5400e+03,7.2052e-01,7.8231e-01,1.7501e+01,2.1757e-01,6.1341e-02
2.5500e+03,7.1967e-01,7.8167e-01,1.7501e+01,2.1821e-01,6.1546e-02
2.5600e+03,7.1883e-01,7.8103e-01,1.7501e+01,2.1885e-01,6.1751e-02
2.5700e+03,7.1799e-01,7.8039e-01,1.7501e+01,2.1949e-01,6.1956e-02
2.5800e+03,7.1714e-01,7.7975e-01,1.7501e+01,2.2013e-01,6.2160e-02
2.5900e+03,7.1630e-01,7.7911e-01,1.7501e+01,2.2076e-01,6.2364e-02
2.6000e+03,7.1546e-01,7.7848e-01,1.7501e+01,2.2140e-01,6.2568e-02
2.6100e+03,7.1463e-01,7.7784e-01,1.7501e+01,2.2203e-01,6.2772e-02
2.6200e+03,7.1379e-01,7.7721e-01,1.7501e+01,2.2266e-01,6.2975e-02
2.6300e+03,7.1296e-01,7.7658e-01,1.7501e+01,2.2330e-01,6.3179e-02
2.6400e+03,7.1212e-01,7.7595e-01,1.7501e+01,2.2393e-01,6.3382e-02
2.6500e+03,7.1129e-01,7.7532e-01,1.7501e+01,2.2455e-01,6.3584e-02
2.6600e+03,7.1046e-01,7.7469e-01,1.7501e+01,2.2518e-01,6.3787e-02
2.6700e+03,7.0963e-01,7.7406e-01,1.7501e+01,2.2581e-01,6.3989e-02
2.6800e+03,7.0880e-01,7.7344e-01,1.7501e+01,2.2643e-01,6.4191e-02
2.6900e+03,7.0798e-01,7.7281e-01,1.7501e+01,2.2706e-01,6.4393e-02
2.7000e+03,7.0715e-01,7.7219e-01,1.7501e+01,2.2768e-01,6.4595e-02
2.7100e+03,7.0633e-01,7.7157e-01,1.7501e+01,2.2830e-01,6.4796e-02
2.7200e+03,7.0551e-01,7.7095e-01,1.7501e+01,2.2892e-01,6.4997e-02
2.7300e+03,7.0469e-01,7.7033e-01,1.7501e+01,2.2954e-01,6.5198e-02
2.7400e+03,7.0387e-01,7.6971e-01,1.7501e+01,2.3016e-01,6.5399e-02
2.7500e+03,7.0305e-01,7.6909e-01,1.7501e+01,2.3078e-01,6.5599e-02
2.7600e+03,7.0224e-01,7.6847e-01,1.7501e+01,2.3139e-01,6.5799e-02
2.7700e+03,7.0142e-01,7.6786e-01,1.7501e+01,2.3201e-01,6.5999e-02
2.7800e+03,7.0061e-01,7.6725e-01,1.7501e+01,2.3262e-01,6.6199e-02
2.7900e+03,6.9980e-01,7.6663e-01,1.7501e+01,2.3323e-01,6.6398e-02
2.8000e+03,6.9899e-01,7.6602e-01,1.7501e+01,2.3384e-01,6.6597e-02
2.8100e+03,6.9818e-01,7.6541e-01,1.7501e+01,2.3445e-01,6.6796e-02
2.8200e+03,6.9737e-01,7.6480e-01,1.7501e+01,2.3506e-01,6.6995e-02
2.8300e+03,6.9657e-01,7.6420e-01,1.7501e+01,2.3567e-01,6.7194e-02
2.8400e+03,6.9576e-01,7.6359e-01,1.7501e+01,2.3627e-01,6.7392e-02
2.8500e+03,6.9496e-01,7.6299e-01,1.7501e+01,2.3688e-01,6.7590e-02
2.8600e+03,6.9416e-01,7.6238e-01,1.7501e+01,2.3748e-01,6.7788e-02
2.8700e+03,6.9336e-01,7.6178e-01,1.7501e+01,2.3808e-01,6.7986e-02
2.8800e+03,6.9256e-01,7.6118e-01,1.7501e+01,2.3869e-01,6.8183e-02
2.8900e+03,6.9176e-01,7.6058e-01,1.7501e+01,2.3929e-01,6.8380e-02
2.9000e+03,6.9097e-01,7.5998e-01,1.7501e+01,2.3989e-01,6.8577e-02
2.9100e+03,6.9017e-01,7.5938e-01,1.7501e+01,2.4048e-01,6.8774e-02
2.9200e+03,6.8938e-01,7.5878e-01,1.7501e+01,2.4108e-01,6.8971e-02
2.9300e+03,6.8859e-01,7.5819e-01,1.7501e+01,2.4168e-01,6.9167e-02
2.9400e+03,6.8780e-01,7.5759e-01,1.7501e+01,2.4227e-01,6.9363e-02
2.9500e+03,6.8701e-01,7.5700e-01,1.7501e+01,2.4286e-01,6.9559e-02
2.9600e+03,6.8622e-01,7.5641e-01,1.7501e+01,2.4345e-01,6.9754e-02
2.9700e+03,6.8543e-01,7.5581e-01,1.7501e+01,2.4405e-01,6.9950e-02
2.9800e+03,6.8465e-01,7.5522e-01,1.7501e+01,2.4464e-01,7.0145e-02
2.9900e+03,6.8386e-01,7.5464e-01,1.7501e+01,2.4522e-01,7.0340e-02
3.0000e+03,6.8308e-01,7.5405e-01,1.7501e+01,2.4581e-01,7.0535e-02
3.0100e+03,6.8230e-01,7.5346e-01,1.7501e+01,2.4640e-01,7.0729e-02
3.0200e+03,6.8152e-01,7.5287e-01,1.7501e+01,2.4698e-01,7.0923e-02
3.0300e+03,6.8074e-01,7.5229e-01,1.7501e+01,2.4757e-01,7.1117e-02
3.0400e+03,6.7997e-01,7.5171e-01,1.7501e+01,2.4815e-01,7.1311e-02
3.0500e+03,6.7919e-01,7.5112e-01,1.7501e+01,2.4873e-01,7.1505e-02
3.0600e+03,6.7842e-01,7.5054e-01,1.7501e+01,2.4931e-01,7.1698e-02
3.0700e+03,6.7764e-01,7.4996e-01,1.7501e+01,2.4989e-01,7.1891e-02
3.0800e+03,6.7687e-01,7.4938e-01,1.7501e+01,2.5047e-01,7.2084e-02
3.0900e+03,6.7610e-01,7.4881e-01,1.7501e+01,2.5105e-01,7.2277e-02
3.1000e+03,6.7533e-01,7.4823e-01,1.7501e+01,2.5163e-01,7.2469e-02
3.1100e+03,6.7457e-01,7.4765e-01,1.7501e+01,2.5220e-01,7.2662e-02
3.1200e+03,6.7380e-01,7.4708e-01,1.7501e+01,2.5277e-01,7.2854e-02
3.1300e+03,6.7304e-01,7.4651e-01,1.7501e+01,2.5335e-01,7.3046e-02
3.1400e+03,6.7227e-01,7.4593e-01,1.7501e+01,2.5392e-01,7.3237e-02
3.1500e+03,6.7151e-01,7.4536e-01,1.7501e+01,2.5449e-01,7.3429e-02
3.1600e+03,6.7075e-01,7.4479e-01,1.7501e+01,2.5506e-01,7.3620e-02
3.1700e+03,6.6999e-01,7.4422e-01,1.7501e+01,2.5563e-01,7.3811e-02
3.1800e+03,6.6923e-01,7.4366e-01,1.7501e+01,2.5620e-01,7.4002e-02
3.1900e+03,6.6847e-01,7.4309e-01,1.7501e+01,2.5676e-01,7.4192e-02
3.2000e+03,6.6772e-01,7.4252e-01,1.7501e+01,2.5733e-01,7.4383e-02
3.2100e+03,6.6696e-01,7.4196e-01,1.7501e+01,2.5789e-01,7.4573e-02
3.2200e+03,6.6621e-01,7.4139e-01,1.7501e+01,2.5846e-01,7.4763e-02
3.2300e+03,6.6546e-01,7.4083e-01,1.7501e+01,2.5902e-01,7.4952e-02
3.2400e+03,6.6471e-01,7.4027e-01,1.7501e+01,2.5958e-01,7.5142e-02
3.2500e+03,6.6396e-01,7.3971e-01,1.7501e+01,2.6014e-01,7.5331e-02
3.2600e+03,6.6321e-01,7.3915e-01,1.7501e+01,2.6070e-01,7.5520e-02
3.2700e+03,6.6246e-01,7.3859e-01,1.7501e+01,2.6126e-01,7.5709e-02
3.2800e+03,6.6172e-01,7.3803e-01,1.7501e+01,2.6182e-01,7.5898e-02
3.2900e+03,6.6097e-01,7.3748e-01,1.7501e+01,2.6237e-01,7.6086e-02
3.3000e+03,6.6023e-01,7.3692e-01,1.7501e+01,2.6293e-01,7.6274e-02
3.3100e+03,6.5949e-01,7.3637e-01,1.7501e+01,2.6348e-01,7.6462e-02
3.3200e+03,6.5875e-01,7.3582e-01,1.7501e+01,2.6403e-01,7.6650e-02
3.3300e+03,6.5801e-01,7.3526e-01,1.7501e+01,2.6459e-01,7.6838e-02
3.3400e+03,6.5727e-01,7.3471e-01,1.7501e+01,2.6514e-01,7.7025e-02
3.3500e+03,6.5653e-01,7.3416e-01,1.7501e+01,2.6569e-01,7.7212e-02
3.3600e+03,6.5580e-01,7.3361e-01,1.7501e+01,2.6623e-01,7.7399e-02
3.3700e+03,6.5506e-01,7.3306e-01,1.7501e+01,2.6678e-01,7.7586e-02
3.3800e+03,6.5433e-01,7.3252e-01,1.7501e+01,2.6733e-01,7.7772e-02
3.3900e+03,6.5360e-01,7.3197e-01,1.7501e+01,2.6787e-01,7.7959e-02
3.4000e+03,6.5286e-01,7.3143e-01,1.7501e+01,2.6842e-01,7.8145e-02
3.4100e+03,6.5214e-01,7.3088e-01,1.7501e+01,2.6896e-01,7.8331e-02
3.4200e+03,6.5141e-01,7.3034e-01,1.7501e+01,2.6951e-01,7.8516e-02
3.4300e+03,6.5068e-01,7.2980e-01,1.7501e+01,2.7005e-01,7.8702e-02
3.4400e+03,6.4995e-01,7.2926e-01,1.7501e+01,2.7059e-01,7.8887e-02
3.4500e+03,6.4923e-01,7.2872e-01,1.7501e+01,2.7113e-01,7.9072e-02
3.4600e+03,6.4851e-01,7.2818e-01,1.7501e+01,2.7167e-01,7.9257e-02
3.4700e+03,6.4778e-01,7.2764e-01,1.7501e+01,2.7220e-01,7.9442e-02
3.4800e+03,6.4706e-01,7.2710e-01,1.7501e+01,2.7274e-01,7.9626e-02
3.4900e+03,6.4634e-01,7.2657e-01,1.7501e+01,2.7328e-01,7.9810e-02
3.5000e+03,6.4562e-01,7.2603e-01,1.7501e+01,2.7381e-01,7.9994e-02
3.5100e+03,6.4491e-01,7.2550e-01,1.7501e+01,2.7434e-01,8.0178e-02
3.5200e+03,6.4419e-01,7.2496e-01,1.7501e+01,2.7488e-01,8.0362e-02
3.5300e+03,6.4347e-01,7.2443e-01,1.7501e+01,2.7541e-01,8.0545e-02
3.5400e+03,6.4276e-01,7.2390e-01,1.7501e+01,2.7594e-01,8.0729e-02
3.5500e+03,6.4205e-01,7.2337e-01,1.7501e+01,2.7647e-01,8.0912e-02
3.5600e+03,6.4134e-01,7.2284e-01,1.7501e+01,2.7700e-01,8.1094e-02
3.5700e+03,6.4063e-01,7.2231e-01,1.7501e+01,2.7753e-01,8.1277e-02
3.5800e+03,6.3992e-01,7.2179e-01,1.7501e+01,2.7805e-01,8.1459e-02
3.5900e+03,6.3921e-01,7.2126e-01,1.7501e+01,2.7858e-01,8.1642e-02
3.6000e+03,6.3850e-01,7.2074e-01,1.7501e+01,2.7910e-01,8.1824e-02
3.6100e+03,6.3780e-01,7.2021e-01,1.7501e+01,2.7963e-01,8.2005e-02
3.6200e+03,6.3709e-01,7.1969e-01,1.7501e+01,2.8015e-01,8.2187e-02
3.6300e+03,6.3639e-01,7.1917e-01,1.7501e+01,2.8067e-01,8.2369e-02
3.6400e+03,6.3568e-01,7.1864e-01,1.7501e+01,2.8119e-01,8.2550e-02
3.6500e+03,6.3498e-01,7.1812e-01,1.7501e+01,2.8171e-01,8.2731e-02
3.6600e+03,6.3428e-01,7.1760e-01,1.7501e+01,2.8223e-01,8.2912e-02
3.6700e+03,6.3358e-01,7.1709e-01,1.7501e+01,2.8275e-01,8.3092e-02
3.6800e+03,6.3289e-01,7.1657e-01,1.7501e+01,2.8327e-01,8.3273e-02
3.6900e+03,6.3219e-01,7.1605e-01,1.7501e+01,2.8379e-01,8.3453e-02
3.7000e+03,6.3150e-01,7.1554e-01,1.7501e+01,2.8430e-01,8.3633e-02
3.7100e+03,6.3080e-01,7.1502e-01,1.7501e+01,2.8482e-01,8.3813e-02
3.7200e+03,6.3011e-01,7.1451e-01,1.7501e+01,2.8533e-01,8.3992e-02
3.7300e+03,6.2942e-01,7.1399e-01,1.7501e+01,2.8584e-01,8.4172e-02
3.7400e+03,6.2872e-01,7.1348e-01,1.7501e+01,2.8635e-01,8.4351e-02
3.7500e+03,6.2803e-01,7.1297e-01,1.7501e+01,2.8686e-01,8.4530e-02
3.7600e+03,6.2735e-01,7.1246e-01,1.7501e+01,2.8737e-01,8.4709e-02
3.7700e+03,6.2666e-01,7.1195e-01,1.7501e+01,2.8788e-01,8.4887e-02
3.7800e+03,6.2597e-01,7.1144e-01,1.7501e+01,2.8839e-01,8.5066e-02
3.7900e+03,6.2529e-01,7.1094e-01,1.7501e+01,2.8890e-01,8.5244e-02
3.8000e+03,6.2460e-01,7.1043e-01,1.7501e+01,2.8940e-01,8.5422e-02
3.8100e+03,6.2392e-01,7.0992e-01,1.7501e+01,2.8991e-01,8.5600e-02
3.8200e+03,6.2324e-01,7.0942e-01,1.7501e+01,2.9041e-01,8.5778e-02
3.8300e+03,6.2256e-01,7.0892e-01,1.7501e+01,2.9092e-01,8.5955e-02
3.8400e+03,6.2188e-01,7.0841e-01,1.7501e+01,2.9142e-01,8.6132e-02
3.8500e+03,6.2120e-01,7.0791e-01,1.7501e+01,2.9192e-01,8.6310e-02
3.8600e+03,6.2052e-01,7.0741e-01,1.7501e+01,2.9242e-01,8.6486e-02
3.8700e+03,6.1984e-01,7.0691e-01,1.7501e+01,2.9292e-01,8.6663e-02
3.8800e+03,6.1917e-01,7.0641e-01,1.7501e+01,2.9342e-01,8.6840e-02
3.8900e+03,6.1849e-01,7.0591e-01,1.7501e+01,2.9392e-01,8.7016e-02
3.9000e+03,6.1782e-01,7.0542e-01,1.7501e+01,2.9442e-01,8.7192e-02
3.9100e+03,6.1715e-01,7.0492e-01,1.7501e+01,2.9491e-01,8.7368e-02
3.9200e+03,6.1648e-01,7.0442e-01,1.7501e+01,2.9541e-01,8.7544e-02
3.9300e+03,6.1581e-01,7.0393e-01,1.7501e+01,2.9590e-01,8.7719e-02
3.9400e+03,6.1514e-01,7.0343e-01,1.7501e+01,2.9640e-01,8.7895e-02
3.9500e+03,6.1447e-01,7.0294e-01,1.7501e+01,2.9689e-01,8.8070e-02
3.9600e+03,6.1380e-01,7.0245e-01,1.7501e+01,2.9738e-01,8.8245e-02
3.9700e+03,6.1314e-01,7.0196e-01,1.7501e+01,2.9787e-01,8.8420e-02
3.9800e+03,6.1247e-01,7.0147e-01,1.7501e+01,2.9836e-01,8.8594e-02
3.9900e+03,6.1181e-01,7.0098e-01,1.7501e+01,2.9885e-01,8.8769e-02
4.0000e+03,6.1115e-01,7.0049e-01,1.7501e+01,2.9934e-01,8.8943e-02
4.0100e+03,6.1049e-01,7.0000e-01,1.7501e+01,2.9983e-01,8.9117e-02
4.0200e+03,6.0983e-01,6.9951e-01,1.7501e+01,3.0031e-01,8.9291e-02
4.0300e+03,6.0917e-01,6.9903e-01,1.7501e+01,3.0080e-01,8.9464e-02
4.0400e+03,6.0851e-01,6.9854e-01,1.7501e+01,3.0128e-01,8.9638e-02
4.0500e+03,6.0785e-01,6.9806e-01,1.7501e+01,3.0177e-01,8.9811e-02
4.0600e+03,6.0719e-01,6.9758e-01,1.7501e+01,3.0225e-01,8.9984e-02
4.0700e+03,6.0654e-01,6.9709e-01,1.7501e+01,3.0273e-01,9.0157e-02
4.0800e+03,6.0588e-01,6.9661e-01,1.7501e+01,3.0321e-01,9.0330e-02
4.0900e+03,6.0523e-01,6.9613e-01,1.7501e+01,3.0370e-01,9.0502e-02
4.1000e+03,6.0458e-01,6.9565e-01,1.7501e+01,3.0417e-01,9.0675e-02
4.1100e+03,6.0393e-01,6.9517e-01,1.7501e+01,3.0465e-01,9.0847e-02
4.1200e+03,6.0328e-01,6.9469e-01,1.7501e+01,3.0513e-01,9.1019e-02
4.1300e+03,6.0263e-01,6.9422e-01,1.7501e+01,3.0561e-01,9.1191e-02
4.1400e+03,6.0198e-01,6.9374e-01,1.7501e+01,3.0609e-01,9.1362e-02
4.1500e+03,6.0133e-01,6.9326e-01,1.7501e+01,3.0656e-01,9.1534e-02
4.1600e+03,6.0069e-01,6.9279e-01,1.7501e+01,3.0704e-01,9.1705e-02
4.1700e+03,6.0004e-01,6.9231e-01,1.7501e+01,3.0751e-01,9.1876e-02
4.1800e+03,5.9940e-01,6.9184e-01,1.7501e+01,3.0798e-01,9.2047e-02
4.1900e+03,5.9876e-01,6.9137e-01,1.7501e+01,3.0845e-01,9.2218e-02
4.2000e+03,5.9811e-01,6.9090e-01,1.7501e+01,3.0893e-01,9.2388e-02
4.2100e+03,5.9747e-01,6.9043e-01,1.7501e+01,3.0940e-01,9.2559e-02
4.2200e+03,5.9683e-01,6.8996e-01,1.7501e+01,3.0987e-01,9.2729e-02
4.2300e+03,5.9619e-01,6.8949e-01,1.7501e+01,3.1034e-01,9.2899e-02
4.2400e+03,5.9556e-01,6.8902e-01,1.7501e+01,3.1080e-01,9.3068e-02
4.2500e+03,5.9492e-01,6.8855e-01,1.7501e+01,3.1127e-01,9.3238e-02
4.2600e+03,5.9428e-01,6.8808e-01,1.7501e+01,3.1174e-01,9.3407e-02
4.2700e+03,5.9365e-01,6.8762e-01,1.7501e+01,3.1220e-01,9.3577e-02
4.2800e+03,5.9302e-01,6.8715e-01,1.7501e+01,3.1267e-01,9.3746e-02
4.2900e+03,5.9238e-01,6.8669e-01,1.7501e+01,3.1313e-01,9.3915e-02
4.3000e+03,5.9175e-01,6.8623e-01,1.7501e+01,3.1360e-01,9.4083e-02
4.3100e+03,5.9112e-01,6.8576e-01,1.7501e+01,3.1406e-01,9.4252e-02
4.3200e+03,5.9049e-01,6.8530e-01,1.7501e+01,3.1452e-01,9.4420e-02
4.3300e+03,5.8986e-01,6.8484e-01,1.7501e+01,3.1498e-01,9.4588e-02
4.3400e+03,5.8923e-01,6.8438e-01,1.7501e+01,3.1544e-01,9.4756e-02
4.3500e+03,5.8861e-01,6.8392e-01,1.7501e+01,3.1590e-01,9.4924e-02
4.3600e+03,5.8798e-01,6.8346e-01,1.7501e+01,3.1636e-01,9.5092e-02
4.3700e+03,5.8735e-01,6.8300e-01,1.7501e+01,3.1682e-01,9.5259e-02
4.3800e+03,5.8673e-01,6.8255e-01,1.7501e+01,3.1727e-01,9.5426e-02
4.3900e+03,5.8611e-01,6.8209e-01,1.7501e+01,3.1773e-01,9.5594e-02
4.4000e+03,5.8549e-01,6.8163e-01,1.7501e+01,3.1818e-01,9.5760e-02
4.4100e+03,5.8486e-01,6.8118e-01,1.7501e+01,3.1864e-01,9.5927e-02
4.4200e+03,5.8424e-01,6.8073e-01,1.7501e+01,3.1909e-01,9.6094e-02
4.4300e+03,5.8362e-01,6.8027e-01,1.7501e+01,3.1954e-01,9.6260e-02
4.4400e+03,5.8301e-01,6.7982e-01,1.7501e+01,3.2000e-01,9.6426e-02
4.4500e+03,5.8239e-01,6.7937e-01,1.7501e+01,3.2045e-01,9.6592e-02
4.4600e+03,5.8177e-01,6.7892e-01,1.7501e+01,3.2090e-01,9.6758e-02
4.4700e+03,5.8116e-01,6.7847e-01,1.7501e+01,3.2135e-01,9.6924e-02
4.4800e+03,5.8054e-01,6.7802e-01,1.7501e+01,3.2180e-01,9.7089e-02
4.4900e+03,5.7993e-01,6.7757e-01,1.7501e+01,3.2225e-01,9.7255e-02
4.5000e+03,5.7932e-01,6.7712e-01,1.7501e+01,3.2269e-01,9.7420e-02
4.5100e+03,5.7870e-01,6.7668e-01,1.7501e+01,3.2314e-01,9.7585e-02
4.5200e+03,5.7809e-01,6.7623e-01,1.7501e+01,3.2359e-01,9.7750e-02
4.5300e+03,5.7748e-01,6.7578e-01,1.7501e+01,3.2403e-01,9.7914e-02
4.5400e+03,5.7688e-01,6.7534e-01,1.7501e+01,3.2448e-01,9.8079e-02
4.5500e+03,5.7627e-01,6.7490e-01,1.7501e+01,3.2492e-01,9.8243e-02
4.5600e+03,5.7566e-01,6.7445e-01,1.7501e+01,3.2536e-01,9.8407e-02
4.5700e+03,5.7505e-01,6.7401e-01,1.7501e+01,3.2580e-01,9.8571e-02
4.5800e+03,5.7445e-01,6.7357e-01,1.7501e+01,3.2625e-01,9.8735e-02
4.5900e+03,5.7384e-01,6.7313e-01,1.7501e+01,3.2669e-01,9.8899e-02
4.6000e+03,5.7324e-01,6.7269e-01,1.7501e+01,3.2713e-01,9.9062e-02
4.6100e+03,5.7264e-01,6.7225e-01,1.7501e+01,3.2756e-01,9.9225e-02
4.6200e+03,5.7204e-01,6.7181e-01,1.7501e+01,3.2800e-01,9.9388e-02
4.6300e+03,5.7144e-01,6.7137e-01,1.7501e+01,3.2844e-01,9.9551e-02
4.6400e+03,5.7084e-01,6.7093e-01,1.7501e+01,3.2888e-01,9.9714e-02
4.6500e+03,5.7024e-01,6.7050e-01,1.7501e+01,3.2931e-01,9.9877e-02
4.6600e+03,5.6964e-01,6.7006e-01,1.7501e+01,3.2975e-01,1.0004e-01
4.6700e+03,5.6904e-01,6.6963e-01,1.7501e+01,3.3018e-01,1.0020e-01
4.6800e+03,5.6845e-01,6.6919e-01,1.7501e+01,3.3062e-01,1.0036e-01
4.6900e+03,5.6785e-01,6.6876e-01,1.7501e+01,3.3105e-01,1.0053e-01
4.7000e+03,5.6726e-01,6.6833e-01,1.7501e+01,3.3148e-01,1.0069e-01
4.7100e+03,5.6667e-01,6.6789e-01,1.7501e+01,3.3192e-01,1.0085e-01
4.7200e+03,5.6607e-01,6.6746e-01,1.7501e+01,3.3235e-01,1.0101e-01
4.7300e+03,5.6548e-01,6.6703e-01,1.7501e+01,3.3278e-01,1.0117e-01
4.7400e+03,5.6489e-01,6.6660e-01,1.7501e+01,3.3321e-01,1.0133e-01
4.7500e+03,5.6430e-01,6.6617e-01,1.7501e+01,3.3364e-01,1.0149e-01
4.7600e+03,5.6371e-01,6.6575e-01,1.7501e+01,3.3406e-01,1.0165e-01
4.7700e+03,5.6312e-01,6.6532e-01,1.7501e+01,3.3449e-01,1.0181e-01
4.7800e+03,5.6254e-01,6.6489e-01,1.7501e+01,3.3492e-01,1.0197e-01
4.7900e+03,5.6195e-01,6.6446e-01,1.7501e+01,3.3534e-01,1.0213e-01
4.8000e+03,5.6137e-01,6.6404e-01,1.7501e+01,3.3577e-01,1.0229e-01
4.8100e+03,5.6078e-01,6.6361e-01,1.7501e+01,3.3619e-01,1.0245e-01
4.8200e+03,5.6020e-01,6.6319e-01,1.7501e+01,3.3662e-01,1.0261e-01
4.8300e+03,5.5962e-01,6.6277e-01,1.7501e+01,3.3704e-01,1.0277e-01
4.8400e+03,5.5903e-01,6.6234e-01,1.7501e+01,3.3746e-01,1.0293e-01
4.8500e+03,5.5845e-01,6.6192e-01,1.7501e+01,3.3788e-01,1.0309e-01
4.8600e+03,5.5787e-01,6.6150e-01,1.7501e+01,3.3830e-01,1.0325e-01
4.8700e+03,5.5729e-01,6.6108e-01,1.7501e+01,3.3873e-01,1.0341e-01
4.8800e+03,5.5672e-01,6.6066e-01,1.7501e+01,3.3914e-01,1.0357e-01
4.8900e+03,5.5614e-01,6.6024e-01,1.7501e+01,3.3956e-01,1.0373e-01
4.9000e+03,5.5556e-01,6.5982e-01,1.7501e+01,3.3998e-01,1.0389e-01
4.9100e+03,5.5499e-01,6.5941e-01,1.7501e+01,3.4040e-01,1.0404e-01
4.9200e+03,5.5441e-01,6.5899e-01,1.7501e+01,3.4082e-01,1.0420e-01
4.9300e+03,5.5384e-01,6.5857e-01,1.7501e+01,3.4123e-01,1.0436e-01
4.9400e+03,5.5326e-01,6.5816e-01,1.7501e+01,3.4165e-01,1.0452e-01
4.9500e+03,5.5269e-01,6.5774e-01,1.7501e+01,3.4206e-01,1.0468e-01
4.9600e+03,5.5212e-01,6.5733e-01,1.7501e+01,3.4248e-01,1.0483e-01
4.9700e+03,5.5155e-01,6.5691e-01,1.7501e+01,3.4289e-01,1.0499e-01
4.9800e+03,5.5098e-01,6.5650e-01,1.7501e+01,3.4330e-01,1.0515e-01
4.9900e+03,5.5041e-01,6.5609e-01,1.7501e+01,3.4371e-01,1.0530e-01
5.0000e+03,5.4984e-01,6.5568e-01,1.7501e+01,3.4413e-01,1.0546e-01
5.0100e+03,5.4928e-01,6.5527e-01,1.7501e+01,3.4454e-01,1.0562e-01
5.0200e+03,5.4871e-01,6.5486e-01,1.7501e+01,3.4495e-01,1.0577e-01
5.0300e+03,5.4814e-01,6.5445e-01,1.7501e+01,3.4536e-01,1.0593e-01
5.0400e+03,5.4758e-01,6.5404e-01,1.7501e+01,3.4576e-01,1.0609e-01
5.0500e+03,5.4702e-01,6.5363e-01,1.7501e+01,3.4617e-01,1.0624e-01
5.0600e+03,5.4645e-01,6.5322e-01,1.7501e+01,3.4658e-01,1.0640e-01
5.0700e+03,5.4589e-01,6.5282e-01,1.7501e+01,3.4699e-01,1.0655e-01
5.0800e+03,5.4533e-01,6.5241e-01,1.7501e+01,3.4739e-01,1.0671e-01
5.0900e+03,5.4477e-01,6.5200e-01,1.7501e+01,3.4780e-01,1.0686e-01
5.1000e+03,5.4421e-01,6.5160e-01,1.7501e+01,3.4820e-01,1.0702e-01
5.1100e+03,5.4365e-01,6.5120e-01,1.7501e+01,3.4860e-01,1.0717e-01
5.1200e+03,5.4309e-01,6.5079e-01,1.7501e+01,3.4901e-01,1.0733e-01
5.1300e+03,5.4253e-01,6.5039e-01,1.7501e+01,3.4941e-01,1.0748e-01
5.1400e+03,5.4198e-01,6.4999e-01,1.7501e+01,3.4981e-01,1.0764e-01
5.1500e+03,5.4142e-01,6.4959e-01,1.7501e+01,3.5021e-01,1.0779e-01
5.1600e+03,5.4087e-01,6.4919e-01,1.7501e+01,3.5061e-01,1.0795e-01
5.1700e+03,5.4031e-01,6.4879e-01,1.7501e+01,3.5101e-01,1.0810e-01
5.1800e+03,5.3976e-01,6.4839e-01,1.7501e+01,3.5141e-01,1.0826e-01
5.1900e+03,5.3921e-01,6.4799e-01,1.7501e+01,3.5181e-01,1.0841e-01
5.2000e+03,5.3866e-01,6.4759e-01,1.7501e+01,3.5221e-01,1.0856e-01
5.2100e+03,5.3811e-01,6.4719e-01,1.7501e+01,3.5261e-01,1.0872e-01
5.2200e+03,5.3756e-01,6.4679e-01,1.7501e+01,3.5300e-01,1.0887e-01
5.2300e+03,5.3701e-01,6.4640e-01,1.7501e+01,3.5340e-01,1.0902e-01
5.2400e+03,5.3646e-01,6.4600e-01,1.7501e+01,3.5379e-01,1.0918e-01
5.2500e+03,5.3591e-01,6.4561e-01,1.7501e+01,3.5419e-01,1.0933e-01
5.2600e+03,5.3536e-01,6.4521e-01,1.7501e+01,3.5458e-01,1.0948e-01
5.2700e+03,5.3482e-01,6.4482e-01,1.7501e+01,3.5498e-01,1.0963e-01
5.2800e+03,5.3427e-01,6.4443e-01,1.7501e+01,3.5537e-01,1.0979e-01
5.2900e+03,5.3373e-01,6.4403e-01,1.7501e+01,3.5576e-01,1.0994e-01
5.3000e+03,5.3319e-01,6.4364e-01,1.7501e+01,3.5615e-01,1.1009e-01
5.3100e+03,5.3264e-01,6.4325e-01,1.7501e+01,3.5654e-01,1.1024e-01
5.3200e+03,5.3210e-01,6.4286e-01,1.7501e+01,3.5693e-01,1.1039e-01
5.3300e+03,5.3156e-01,6.4247e-01,1.7501e+01,3.5732e-01,1.1054e-01
5.3400e+03,5.3102e-01,6.4208e-01,1.7501e+01,3.5771e-01,1.1070e-01
5.3500e+03,5.3048e-01,6.4169e-01,1.7501e+01,3.5810e-01,1.1085e-01
5.3600e+03,5.2994e-01,6.4131e-01,1.7501e+01,3.5849e-01,1.1100e-01
5.3700e+03,5.2940e-01,6.4092e-01,1.7501e+01,3.5888e-01,1.1115e-01
5.3800e+03,5.2887e-01,6.4053e-01,1.7501e+01,3.5926e-01,1.1130e-01
5.3900e+03,5.2833e-01,6.4015e-01,1.7501e+01,3.5965e-01,1.1145e-01
5.4000e+03,5.2779e-01,6.3976e-01,1.7501e+01,3.6003e-01,1.1160e-01
5.4100e+03,5.2726e-01,6.3938e-01,1.7501e+01,3.6042e-01,1.1175e-01
5.4200e+03,5.2672e-01,6.3899e-01,1.7501e+01,3.6080e-01,1.1190e-01
5.4300e+03,5.2619e-01,6.3861e-01,1.7501e+01,3.6119e-01,1.1205e-01
5.4400e+03,5.2566e-01,6.3822e-01,1.7501e+01,3.6157e-01,1.1220e-01
5.4500e+03,5.2513e-01,6.3784e-01,1.7501e+01,3.6195e-01,1.1235e-01
5.4600e+03,5.2460e-01,6.3746e-01,1.7501e+01,3.6233e-01,1.1250e-01
5.4700e+03,5.2407e-01,6.3708e-01,1.7501e+01,3.6271e-01,1.1265e-01
5.4800e+03,5.2354e-01,6.3670e-01,1.7501e+01,3.6309e-01,1.1280e-01
5.4900e+03,5.2301e-01,6.3632e-01,1.7501e+01,3.6347e-01,1.1295e-01
5.5000e+03,5.2248e-01,6.3594e-01,1.7501e+01,3.6385e-01,1.1310e-01
5.5100e+03,5.2195e-01,6.3556e-01,1.7501e+01,3.6423e-01,1.1325e-01
5.5200e+03,5.2143e-01,6.3518e-01,1.7501e+01,3.6461e-01,1.1340e-01
5.5300e+03,5.2090e-01,6.3481e-01,1.7501e+01,3.6498e-01,1.1354e-01
5.5400e+03,5.2038e-01,6.3443e-01,1.7501e+01,3.6536e-01,1.1369e-01
5.5500e+03,5.1985e-01,6.3405e-01,1.7501e+01,3.6574e-01,1.1384e-01
5.5600e+03,5.1933e-01,6.3368e-01,1.7501e+01,3.6611e-01,1.1399e-01
5.5700e+03,5.1880e-01,6.3330e-01,1.7501e+01,3.6649e-01,1.1414e-01
5.5800e+03,5.1828e-01,6.3293e-01,1.7501e+01,3.6686e-01,1.1428e-01
5.5900e+03,5.1776e-01,6.3255e-01,1.7501e+01,3.6724e-01,1.1443e-01
5.6000e+03,5.1724e-01,6.3218e-01,1.7501e+01,3.6761e-01,1.1458e-01
5.6100e+03,5.1672e-01,6.3181e-01,1.7501e+01,3.6798e-01,1.1473e-01
5.6200e+03,5.1620e-01,6.3144e-01,1.7501e+01,3.6835e-01,1.1487e-01
5.6300e+03,5.1568e-01,6.3106e-01,1.7501e+01,3.6872e-01,1.1502e-01
5.6400e+03,5.1517e-01,6.3069e-01,1.7501e+01,3.6909e-01,1.1517e-01
5.6500e+03,5.1465e-01,6.3032e-01,1.7501e+01,3.6946e-01,1.1531e-01
5.6600e+03,5.1413e-01,6.2995e-01,1.7501e+01,3.6983e-01,1.1546e-01
5.6700e+03,5.1362e-01,6.2958e-01,1.7501e+01,3.7020e-01,1.1561e-01
5.6800e+03,5.1310e-01,6.2922e-01,1.7501e+01,3.7057e-01,1.1575e-01
5.6900e+03,5.1259e-01,6.2885e-01,1.7501e+01,3.7094e-01,1.1590e-01
5.7000e+03,5.1208e-01,6.2848e-01,1.7501e+01,3.7131e-01,1.1605e-01
5.7100e+03,5.1156e-01,6.2811e-01,1.7501e+01,3.7167e-01,1.1619e-01
5.7200e+03,5.1105e-01,6.2775e-01,1.7501e+01,3.7204e-01,1.1634e-01
5.7300e+03,5.1054e-01,6.2738e-01,1.7501e+01,3.7240e-01,1.1648e-01
5.7400e+03,5.1003e-01,6.2702e-01,1.7501e+01,3.7277e-01,1.1663e-01
5.7500e+03,5.0952e-01,6.2665e-01,1.7501e+01,3.7313e-01,1.1677e-01
5.7600e+03,5.0901e-01,6.2629e-01,1.7501e+01,3.7350e-01,1.1692e-01
5.7700e+03,5.0850e-01,6.2593e-01,1.7501e+01,3.7386e-01,1.1706e-01
5.7800e+03,5.0800e-01,6.2556e-01,1.7501e+01,3.7422e-01,1.1721e-01
5.7900e+03,5.0749e-01,6.2520e-01,1.7501e+01,3.7458e-01,1.1735e-01
5.8000e+03,5.0698e-01,6.2484e-01,1.7501e+01,3.7495e-01,1.1750e-01
5.8100e+03,5.0648e-01,6.2448e-01,1.7501e+01,3.7531e-01,1.1764e-01
5.8200e+03,5.0598e-01,6.2412e-01,1.7501e+01,3.7567e-01,1.1779e-01
5.8300e+03,5.0547e-01,6.2376e-01,1.7501e+01,3.7603e-01,1.1793e-01
5.8400e+03,5.0497e-01,6.2340e-01,1.7501e+01,3.7639e-01,1.1807e-01
5.8500e+03,5.0447e-01,6.2304e-01,1.7501e+01,3.7674e-01,1.1822e-01
5.8600e+03,5.0396e-01,6.2268e-01,1.7501e+01,3.7710e-01,1.1836e-01
5.8700e+03,5.0346e-01,6.2232e-01,1.7501e+01,3.7746e-01,1.1851e-01
5.8800e+03,5.0296e-01,6.2197e-01,1.7501e+01,3.7782e-01,1.1865e-01
5.8900e+03,5.0246e-01,6.2161e-01,1.7501e+01,3.7817e-01,1.1879e-01
5.9000e+03,5.0196e-01,6.2125e-01,1.7501e+01,3.7853e-01,1.1894e-01
5.9100e+03,5.0147e-01,6.2090e-01,1.7501e+01,3.7888e-01,1.1908e-01
5.9200e+03,5.0097e-01,6.2054e-01,1.7501e+01,3.7924e-01,1.1922e-01
5.9300e+03,5.0047e-01,6.2019e-01,1.7501e+01,3.7959e-01,1.1936e-01
5.9400e+03,4.9998e-01,6.1984e-01,1.7501e+01,3.7995e-01,1.1951e-01
5.9500e+03,4.9948e-01,6.1948e-01,1.7501e+01,3.8030e-01,1.1965e-01
5.9600e+03,4.9899e-01,6.1913e-01,1.7501e+01,3.8065e-01,1.1979e-01
5.9700e+03,4.9849e-01,6.1878e-01,1.7501e+01,3.8100e-01,1.1993e-01
5.9800e+03,4.9800e-01,6.1843e-01,1.7501e+01,3.8136e-01,1.2008e-01
5.9900e+03,4.9751e-01,6.1808e-01,1.7501e+01,3.8171e-01,1.2022e-01
6.0000e+03,4.9701e-01,6.1773e-01,1.7501e+01,3.8206e-01,1.2036e-01
6.0100e+03,4.9652e-01,6.1738e-01,1.7501e+01,3.8241e-01,1.2050e-01
6.0200e+03,4.9603e-01,6.1703e-01,1.7501e+01,3.8275e-01,1.2064e-01
6.0300e+03,4.9554e-01,6.1668e-01,1.7501e+01,3.8310e-01,1.2078e-01
6.0400e+03,4.9505e-01,6.1633e-01,1.7501e+01,3.8345e-01,1.2092e-01
6.0500e+03,4.9456e-01,6.1598e-01,1.7501e+01,3.8380e-01,1.2107e-01
6.0600e+03,4.9408e-01,6.1563e-01,1.7501e+01,3.8415e-01,1.2121e-01
6.0700e+03,4.9359e-01,6.1529e-01,1.7501e+01,3.8449e-01,1.2135e-01
6.0800e+03,4.9310e-01,6.1494e-01,1.7501e+01,3.8484e-01,1.2149e-01
6.0900e+03,4.9262e-01,6.1460e-01,1.7501e+01,3.8518e-01,1.2163e-01
6.1000e+03,4.9213e-01,6.1425e-01,1.7501e+01,3.8553e-01,1.2177e-01
6.1100e+03,4.9165e-01,6.1391e-01,1.7501e+01,3.8587e-01,1.2191e-01
6.1200e+03,4.9116e-01,6.1356e-01,1.7501e+01,3.8622e-01,1.2205e-01
6.1300e+03,4.9068e-01,6.1322e-01,1.7501e+01,3.8656e-01,1.2219e-01
6.1400e+03,4.9020e-01,6.1288e-01,1.7501e+01,3.8690e-01,1.2233e-01
6.1500e+03,4.8972e-01,6.1253e-01,1.7501e+01,3.8725e-01,1.2247e-01
6.1600e+03,4.8923e-01,6.1219e-01,1.7501e+01,3.8759e-01,1.2261e-01
6.1700e+03,4.8875e-01,6.1185e-01,1.7501e+01,3.8793e-01,1.2275e-01
6.1800e+03,4.8827e-01,6.1151e-01,1.7501e+01,3.8827e-01,1.2289e-01
6.1900e+03,4.8780e-01,6.1117e-01,1.7501e+01,3.8861e-01,1.2302e-01
6.2000e+03,4.8732e-01,6.1083e-01,1.7501e+01,3.8895e-01,1.2316e-01
6.2100e+03,4.8684e-01,6.1049e-01,1.7501e+01,3.8929e-01,1.2330e-01
6.2200e+03,4.8636e-01,6.1015e-01,1.7501e+01,3.8963e-01,1.2344e-01
6.2300e+03,4.8589e-01,6.0981e-01,1.7501e+01,3.8996e-01,1.2358e-01
6.2400e+03,4.8541e-01,6.0948e-01,1.7501e+01,3.9030e-01,1.2372e-01
6.2500e+03,4.8493e-01,6.0914e-01,1.7501e+01,3.9064e-01,1.2386e-01
6.2600e+03,4.8446e-01,6.0880e-01,1.7501e+01,3.9097e-01,1.2399e-01
6.2700e+03,4.8399e-01,6.0847e-01,1.7501e+01,3.9131e-01,1.2413e-01
6.2800e+03,4.8351e-01,6.0813e-01,1.7501e+01,3.9165e-01,1.2427e-01
6.2900e+03,4.8304e-01,6.0779e-01,1.7501e+01,3.9198e-01,1.2441e-01
6.3000e+03,4.8257e-01,6.0746e-01,1.7501e+01,3.9232e-01,1.2455e-01
6.3100e+03,4.8210e-01,6.0713e-01,1.7501e+01,3.9265e-01,1.2468e-01
6.3200e+03,4.8163e-01,6.0679e-01,1.7501e+01,3.9298e-01,1.2482e-01
6.3300e+03,4.8116e-01,6.0646e-01,1.7501e+01,3.9332e-01,1.2496e-01
6.3400e+03,4.8069e-01,6.0613e-01,1.7501e+01,3.9365e-01,1.2509e-01
6.3500e+03,4.8022e-01,6.0579e-01,1.7501e+01,3.9398e-01,1.2523e-01
6.3600e+03,4.7975e-01,6.0546e-01,1.7501e+01,3.9431e-01,1.2537e-01
6.3700e+03,4.7928e-01,6.0513e-01,1.7501e+01,3.9464e-01,1.2551e-01
6.3800e+03,4.7881e-01,6.0480e-01,1.7501e+01,3.9497e-01,1.2564e-01
6.3900e+03,4.7835e-01,6.0447e-01,1.7501e+01,3.9530e-01,1.2578e-01
6.4000e+03,4.7788e-01,6.0414e-01,1.7501e+01,3.9563e-01,1.2591e-01
6.4100e+03,4.7742e-01,6.0381e-01,1.7501e+01,3.9596e-01,1.2605e-01
6.4200e+03,4.7695e-01,6.0348e-01,1.7501e+01,3.9629e-01,1.2619e-01
6.4300e+03,4.7649e-01,6.0316e-01,1.7501e+01,3.9662e-01,1.2632e-01
6.4400e+03,4.7603e-01,6.0283e-01,1.7501e+01,3.9694e-01,1.2646e-01
6.4500e+03,4.7556e-01,6.0250e-01,1.7501e+01,3.9727e-01,1.2659e-01
6.4600e+03,4.7510e-01,6.0217e-01,1.7501e+01,3.9760e-01,1.2673e-01
6.4700e+03,4.7464e-01,6.0185e-01,1.7501e+01,3.9792e-01,1.2686e-01
6.4800e+03,4.7418e-01,6.0152e-01,1.7501e+01,3.9825e-01,1.2700e-01
6.4900e+03,4.7372e-01,6.0120e-01,1.7501e+01,3.9857e-01,1.2713e-01
6.5000e+03,4.7326e-01,6.0087e-01,1.7501e+01,3.9890e-01,1.2727e-01
6.5100e+03,4.7280e-01,6.0055e-01,1.7501e+01,3.9922e-01,1.2740e-01
6.5200e+03,4.7234e-01,6.0023e-01,1.7501e+01,3.9955e-01,1.2754e-01
6.5300e+03,4.7189e-01,5.9990e-01,1.7501e+01,3.9987e-01,1.2767e-01
6.5400e+03,4.7143e-01,5.9958e-01,1.7501e+01,4.0019e-01,1.2781e-01
6.5500e+03,4.7097e-01,5.9926e-01,1.7501e+01,4.0051e-01,1.2794e-01
6.5600e+03,4.7052e-01,5.9894e-01,1.7501e+01,4.0083e-01,1.2808e-01
6.5700e+03,4.7006e-01,5.9862e-01,1.7501e+01,4.0116e-01,1.2821e-01
6.5800e+03,4.6961e-01,5.9829e-01,1.7501e+01,4.0148e-01,1.2834e-01
6.5900e+03,4.6915e-01,5.9797e-01,1.7501e+01,4.0180e-01,1.2848e-01
6.6000e+03,4.6870e-01,5.9765e-01,1.7501e+01,4.0212e-01,1.2861e-01
6.6100e+03,4.6825e-01,5.9734e-01,1.7501e+01,4.0243e-01,1.2875e-01
6.6200e+03,4.6780e-01,5.9702e-01,1.7501e+01,4.0275e-01,1.2888e-01
6.6300e+03,4.6735e-01,5.9670e-01,1.7501e+01,4.0307e-01,1.2901e-01
6.6400e+03,4.6689e-01,5.9638e-01,1.7501e+01,4.0339e-01,1.2915e-01
6.6500e+03,4.6644e-01,5.9606e-01,1.7501e+01,4.0371e-01,1.2928e-01
6.6600e+03,4.6599e-01,5.9575e-01,1.7501e+01,4.0402e-01,1.2941e-01
6.6700e+03,4.6555e-01,5.9543e-01,1.7501e+01,4.0434e-01,1.2954e-01
6.6800e+03,4.6510e-01,5.9511e-01,1.7501e+01,4.0465e-01,1.2968e-01
6.6900e+03,4.6465e-01,5.9480e-01,1.7501e+01,4.0497e-01,1.2981e-01
6.7000e+03,4.6420e-01,5.9448e-01,1.7501e+01,4.0529e-01,1.2994e-01
6.7100e+03,4.6376e-01,5.9417e-01,1.7501e+01,4.0560e-01,1.3007e-01
6.7200e+03,4.6331e-01,5.9385e-01,1.7501e+01,4.0591e-01,1.3021e-01
6.7300e+03,4.6286e-01,5.9354e-01,1.7501e+01,4.0623e-01,1.3034e-01
6.7400e+03,4.6242e-01,5.9323e-01,1.7501e+01,4.0654e-01,1.3047e-01
6.7500e+03,4.6198e-01,5.9292e-01,1.7501e+01,4.0685e-01,1.3060e-01
6.7600e+03,4.6153e-01,5.9260e-01,1.7501e+01,4.0716e-01,1.3073e-01
6.7700e+03,4.6109e-01,5.9229e-01,1.7501e+01,4.0748e-01,1.3086e-01
6.7800e+03,4.6065e-01,5.9198e-01,1.7501e+01,4.0779e-01,1.3100e-01
6.7900e+03,4.6020e-01,5.9167e-01,1.7501e+01,4.0810e-01,1.3113e-01
6.8000e+03,4.5976e-01,5.9136e-01,1.7501e+01,4.0841e-01,1.3126e-01
6.8100e+03,4.5932e-01,5.9105e-01,1.7501e+01,4.0872e-01,1.3139e-01
6.8200e+03,4.5888e-01,5.9074e-01,1.7501e+01,4.0903e-01,1.3152e-01
6.8300e+03,4.5844e-01,5.9043e-01,1.7501e+01,4.0934e-01,1.3165e-01
6.8400e+03,4.5800e-01,5.9012e-01,1.7501e+01,4.0964e-01,1.3178e-01
6.8500e+03,4.5757e-01,5.8981e-01,1.7501e+01,4.0995e-01,1.3191e-01
6.8600e+03,4.5713e-01,5.8951e-01,1.7501e+01,4.1026e-01,1.3204e-01
6.8700e+03,4.5669e-01,5.8920e-01,1.7501e+01,4.1057e-01,1.3217e-01
6.8800e+03,4.5625e-01,5.8889e-01,1.7501e+01,4.1087e-01,1.3230e-01
6.8900e+03,4.5582e-01,5.8859e-01,1.7501e+01,4.1118e-01,1.3243e-01
6.9000e+03,4.5538e-01,5.8828e-01,1.7501e+01,4.1148e-01,1.3256e-01
6.9100e+03,4.5495e-01,5.8797e-01,1.7501e+01,4.1179e-01,1.3269e-01
6.9200e+03,4.5451e-01,5.8767e-01,1.7501e+01,4.1209e-01,1.3282e-01
6.9300e+03,4.5408e-01,5.8737e-01,1.7501e+01,4.1240e-01,1.3295e-01
6.9400e+03,4.5365e-01,5.8706e-01,1.7501e+01,4.1270e-01,1.3308e-01
6.9500e+03,4.5321e-01,5.8676e-01,1.7501e+01,4.1301e-01,1.3321e-01
6.9600e+03,4.5278e-01,5.8645e-01,1.7501e+01,4.1331e-01,1.3334e-01
6.9700e+03,4.5235e-01,5.8615e-01,1.7501e+01,4.1361e-01,1.3347e-01
6.9800e+03,4.5192e-01,5.8585e-01,1.7501e+01,4.1391e-01,1.3360e-01
6.9900e+03,4.5149e-01,5.8555e-01,1.7501e+01,4.1421e-01,1.3373e-01
7.0000e+03,4.5106e-01,5.8525e-01,1.7501e+01,4.1452e-01,1.3385e-01
7.0100e+03,4.5063e-01,5.8495e-01,1.7501e+01,4.1482e-01,1.3398e-01
7.0200e+03,4.5020e-01,5.8465e-01,1.7501e+01,4.1512e-01,1.3411e-01
7.0300e+03,4.4977e-01,5.8435e-01,1.7501e+01,4.1542e-01,1.3424e-01
7.0400e+03,4.4935e-01,5.8405e-01,1.7501e+01,4.1572e-01,1.3437e-01
7.0500e+03,4.4892e-01,5.8375e-01,1.7501e+01,4.1601e-01,1.3449e-01
7.0600e+03,4.4849e-01,5.8345e-01,1.7501e+01,4.1631e-01,1.3462e-01
7.0700e+03,4.4807e-01,5.8315e-01,1.7501e+01,4.1661e-01,1.3475e-01
7.0800e+03,4.4764e-01,5.8285e-01,1.7501e+01,4.1691e-01,1.3488e-01
7.0900e+03,4.4722e-01,5.8255e-01,1.7501e+01,4.1721e-01,1.3501e-01
7.1000e+03,4.4679e-01,5.8226e-01,1.7501e+01,4.1750e-01,1.3513e-01
7.1100e+03,4.4637e-01,5.8196e-01,1.7501e+01,4.1780e-01,1.3526e-01
7.1200e+03,4.4595e-01,5.8167e-01,1.7501e+01,4.1810e-01,1.3539e-01
7.1300e+03,4.4552e-01,5.8137e-01,1.7501e+01,4.1839e-01,1.3551e-01
7.1400e+03,4.4510e-01,5.8107e-01,1.7501e+01,4.1869e-01,1.3564e-01
7.1500e+03,4.4468e-01,5.8078e-01,1.7501e+01,4.1898e-01,1.3577e-01
7.1600e+03,4.4426e-01,5.8049e-01,1.7501e+01,4.1927e-01,1.3589e-01
7.1700e+03,4.4384e-01,5.8019e-01,1.7501e+01,4.1957e-01,1.3602e-01
7.1800e+03,4.4342e-01,5.7990e-01,1.7501e+01,4.1986e-01,1.3615e-01
7.1900e+03,4.4300e-01,5.7960e-01,1.7501e+01,4.2015e-01,1.3627e-01
7.2000e+03,4.4258e-01,5.7931e-01,1.7501e+01,4.2045e-01,1.3640e-01
7.2100e+03,4.4216e-01,5.7902e-01,1.7501e+01,4.2074e-01,1.3653e-01
7.2200e+03,4.4175e-01,5.7873e-01,1.7501e+01,4.2103e-01,1.3665e-01
7.2300e+03,4.4133e-01,5.7844e-01,1.7501e+01,4.2132e-01,1.3678e-01
7.2400e+03,4.4091e-01,5.7815e-01,1.7501e+01,4.2161e-01,1.3690e-01
7.2500e+03,4.4050e-01,5.7785e-01,1.7501e+01,4.2190e-01,1.3703e-01
7.2600e+03,4.4008e-01,5.7756e-01,1.7501e+01,4.2219e-01,1.3716e-01
7.2700e+03,4.3967e-01,5.7728e-01,1.7501e+01,4.2248e-01,1.3728e-01
7.2800e+03,4.3925e-01,5.7699e-01,1.7501e+01,4.2277e-01,1.3741e-01
7.2900e+03,4.3884e-01,5.7670e-01,1.7501e+01,4.2306e-01,1.3753e-01
7.3000e+03,4.3842e-01,5.7641e-01,1.7501e+01,4.2335e-01,1.3766e-01
7.3100e+03,4.3801e-01,5.7612e-01,1.7501e+01,4.2364e-01,1.3778e-01
7.3200e+03,4.3760e-01,5.7583e-01,1.7501e+01,4.2392e-01,1.3791e-01
7.3300e+03,4.3719e-01,5.7555e-01,1.7501e+01,4.2421e-01,1.3803e-01
7.3400e+03,4.3678e-01,5.7526e-01,1.7501e+01,4.2450e-01,1.3815e-01
7.3500e+03,4.3637e-01,5.7497e-01,1.7501e+01,4.2478e-01,1.3828e-01
7.3600e+03,4.3596e-01,5.7469e-01,1.7501e+01,4.2507e-01,1.3840e-01
7.3700e+03,4.3555e-01,5.7440e-01,1.7501e+01,4.2536e-01,1.3853e-01
7.3800e+03,4.3514e-01,5.7412e-01,1.7501e+01,4.2564e-01,1.3865e-01
7.3900e+03,4.3473e-01,5.7383e-01,1.7501e+01,4.2593e-01,1.3878e-01
7.4000e+03,4.3432e-01,5.7355e-01,1.7501e+01,4.2621e-01,1.3890e-01
7.4100e+03,4.3391e-01,5.7326e-01,1.7501e+01,4.2649e-01,1.3902e-01
7.4200e+03,4.3351e-01,5.7298e-01,1.7501e+01,4.2678e-01,1.3915e-01
7.4300e+03,4.3310e-01,5.7270e-01,1.7501e+01,4.2706e-01,1.3927e-01
7.4400e+03,4.3269e-01,5.7241e-01,1.7501e+01,4.2734e-01,1.3939e-01
7.4500e+03,4.3229e-01,5.7213e-01,1.7501e+01,4.2762e-01,1.3952e-01
7.4600e+03,4.3188e-01,5.7185e-01,1.7501e+01,4.2791e-01,1.3964e-01
7.4700e+03,4.3148e-01,5.7157e-01,1.7501e+01,4.2819e-01,1.3976e-01
7.4800e+03,4.3107e-01,5.7129e-01,1.7501e+01,4.2847e-01,1.3989e-01
7.4900e+03,4.3067e-01,5.7101e-01,1.7501e+01,4.2875e-01,1.4001e-01
7.5000e+03,4.3027e-01,5.7073e-01,1.7501e+01,4.2903e-01,1.4013e-01
7.5100e+03,4.2987e-01,5.7045e-01,1.7501e+01,4.2931e-01,1.4025e-01
7.5200e+03,4.2946e-01,5.7017e-01,1.7501e+01,4.2959e-01,1.4038e-01
7.5300e+03,4.2906e-01,5.6989e-01,1.7501e+01,4.2987e-01,1.4050e-01
7.5400e+03,4.2866e-01,5.6961e-01,1.7501e+01,4.3015e-01,1.4062e-01
7.5500e+03,4.2826e-01,5.6933e-01,1.7501e+01,4.3042e-01,1.4074e-01
7.5600e+03,4.2786e-01,5.6905e-01,1.7501e+01,4.3070e-01,1.4087e-01
7.5700e+03,4.2746e-01,5.6877e-01,1.7501e+01,4.3098e-01,1.4099e-01
7.5800e+03,4.2706e-01,5.6850e-01,1.7501e+01,4.3126e-01,1.4111e-01
7.5900e+03,4.2667e-01,5.6822e-01,1.7501e+01,4.3153e-01,1.4123e-01
7.6000e+03,4.2627e-01,5.6794e-01,1.7501e+01,4.3181e-01,1.4135e-01
7.6100e+03,4.2587e-01,5.6767e-01,1.7501e+01,4.3208e-01,1.4147e-01
7.6200e+03,4.2547e-01,5.6739e-01,1.7501e+01,4.3236e-01,1.4159e-01
7.6300e+03,4.2508e-01,5.6712e-01,1.7501e+01,4.3264e-01,1.4172e-01
7.6400e+03,4.2468e-01,5.6684e-01,1.7501e+01,4.3291e-01,1.4184e-01
7.6500e+03,4.2429e-01,5.6657e-01,1.7501e+01,4.3318e-01,1.4196e-01
7.6600e+03,4.2389e-01,5.6629e-01,1.7501e+01,4.3346e-01,1.4208e-01
7.6700e+03,4.2350e-01,5.6602e-01,1.7501e+01,4.3373e-01,1.4220e-01
7.6800e+03,4.2310e-01,5.6575e-01,1.7501e+01,4.3400e-01,1.4232e-01
7.6900e+03,4.2271e-01,5.6547e-01,1.7501e+01,4.3428e-01,1.4244e-01
7.7000e+03,4.2232e-01,5.6520e-01,1.7501e+01,4.3455e-01,1.4256e-01
7.7100e+03,4.2193e-01,5.6493e-01,1.7501e+01,4.3482e-01,1.4268e-01
7.7200e+03,4.2153e-01,5.6466e-01,1.7501e+01,4.3509e-01,1.4280e-01
7.7300e+03,4.2114e-01,5.6439e-01,1.7501e+01,4.3536e-01,1.4292e-01
7.7400e+03,4.2075e-01,5.6412e-01,1.7501e+01,4.3563e-01,1.4304e-01
7.7500e+03,4.2036e-01,5.6385e-01,1.7501e+01,4.3591e-01,1.4316e-01
7.7600e+03,4.1997e-01,5.6358e-01,1.7501e+01,4.3618e-01,1.4328e-01
7.7700e+03,4.1958e-01,5.6331e-01,1.7501e+01,4.3645e-01,1.4340e-01
7.7800e+03,4.1919e-01,5.6304e-01,1.7501e+01,4.3671e-01,1.4352e-01
7.7900e+03,4.1881e-01,5.6277e-01,1.7501e+01,4.3698e-01,1.4364e-01
7.8000e+03,4.1842e-01,5.6250e-01,1.7501e+01,4.3725e-01,1.4376e-01
7.8100e+03,4.1803e-01,5.6223e-01,1.7501e+01,4.3752e-01,1.4388e-01
7.8200e+03,4.1764e-01,5.6196e-01,1.7501e+01,4.3779e-01,1.4400e-01
7.8300e+03,4.1726e-01,5.6169e-01,1.7501e+01,4.3805e-01,1.4412e-01
7.8400e+03,4.1687e-01,5.6143e-01,1.7501e+01,4.3832e-01,1.4424e-01
7.8500e+03,4.1649e-01,5.6116e-01,1.7501e+01,4.3859e-01,1.4435e-01
7.8600e+03,4.1610e-01,5.6089e-01,1.7501e+01,4.3885e-01,1.4447e-01
7.8700e+03,4.1572e-01,5.6063e-01,1.7501e+01,4.3912e-01,1.4459e-01
7.8800e+03,4.1533e-01,5.6036e-01,1.7501e+01,4.3939e-01,1.4471e-01
7.8900e+03,4.1495e-01,5.6010e-01,1.7501e+01,4.3965e-01,1.4483e-01
7.9000e+03,4.1457e-01,5.5983e-01,1.7501e+01,4.3992e-01,1.4495e-01
7.9100e+03,4.1418e-01,5.5957e-01,1.7501e+01,4.4018e-01,1.4506e-01
7.9200e+03,4.1380e-01,5.5930e-01,1.7501e+01,4.4044e-01,1.4518e-01
7.9300e+03,4.1342e-01,5.5904e-01,1.7501e+01,4.4071e-01,1.4530e-01
7.9400e+03,4.1304e-01,5.5878e-01,1.7501e+01,4.4097e-01,1.4542e-01
7.9500e+03,4.1266e-01,5.5851e-01,1.7501e+01,4.4123e-01,1.4554e-01
7.9600e+03,4.1228e-01,5.5825e-01,1.7501e+01,4.4150e-01,1.4565e-01
7.9700e+03,4.1190e-01,5.5799e-01,1.7501e+01,4.4176e-01,1.4577e-01
7.9800e+03,4.1152e-01,5.5773e-01,1.7501e+01,4.4202e-01,1.4589e-01
7.9900e+03,4.1114e-01,5.5746e-01,1.7501e+01,4.4228e-01,1.4601e-01
8.0000e+03,4.1076e-01,5.5720e-01,1.7501e+01,4.4254e-01,1.4612e-01
8.0100e+03,4.1038e-01,5.5694e-01,1.7501e+01,4.4280e-01,1.4624e-01
8.0200e+03,4.1001e-01,5.5668e-01,1.7501e+01,4.4306e-01,1.4636e-01
8.0300e+03,4.0963e-01,5.5642e-01,1.7501e+01,4.4332e-01,1.4647e-01
8.0400e+03,4.0925e-01,5.5616e-01,1.7501e+01,4.4358e-01,1.4659e-01
8.0500e+03,4.0888e-01,5.5590e-01,1.7501e+01,4.4384e-01,1.4671e-01
8.0600e+03,4.0850e-01,5.5564e-01,1.7501e+01,4.4410e-01,1.4682e-01
8.0700e+03,4.0813e-01,5.5538e-01,1.7501e+01,4.4436e-01,1.4694e-01
8.0800e+03,4.0775e-01,5.5513e-01,1.7501e+01,4.4462e-01,1.4706e-01
8.0900e+03,4.0738e-01,5.5487e-01,1.7501e+01,4.4488e-01,1.4717e-01
8.1000e+03,4.0701e-01,5.5461e-01,1.7501e+01,4.4514e-01,1.4729e-01
8.1100e+03,4.0663e-01,5.5435e-01,1.7501e+01,4.4539e-01,1.4740e-01
8.1200e+03,4.0626e-01,5.5410e-01,1.7501e+01,4.4565e-01,1.4752e-01
8.1300e+03,4.0589e-01,5.5384e-01,1.7501e+01,4.4591e-01,1.4764e-01
8.1400e+03,4.0552e-01,5.5358e-01,1.7501e+01,4.4616e-01,1.4775e-01
8.1500e+03,4.0514e-01,5.5333e-01,1.7501e+01,4.4642e-01,1.4787e-01
8.1600e+03,4.0477e-01,5.5307e-01,1.7501e+01,4.4667e-01,1.4798e-01
8.1700e+03,4.0440e-01,5.5282e-01,1.7501e+01,4.4693e-01,1.4810e-01
8.1800e+03,4.0403e-01,5.5256e-01,1.7501e+01,4.4718e-01,1.4821e-01
8.1900e+03,4.0366e-01,5.5231e-01,1.7501e+01,4.4744e-01,1.4833e-01
8.2000e+03,4.0330e-01,5.5205e-01,1.7501e+01,4.4769e-01,1.4844e-01
8.2100e+03,4.0293e-01,5.5180e-01,1.7501e+01,4.4794e-01,1.4856e-01
8.2200e+03,4.0256e-01,5.5155e-01,1.7501e+01,4.4820e-01,1.4867e-01
8.2300e+03,4.0219e-01,5.5129e-01,1.7501e+01,4.4845e-01,1.4879e-01
8.2400e+03,4.0182e-01,5.5104e-01,1.7501e+01,4.4870e-01,1.4890e-01
8.2500e+03,4.0146e-01,5.5079e-01,1.7501e+01,4.4896e-01,1.4902e-01
8.2600e+03,4.0109e-01,5.5054e-01,1.7501e+01,4.4921e-01,1.4913e-01
8.2700e+03,4.0072e-01,5.5028e-01,1.7501e+01,4.4946e-01,1.4924e-01
8.2800e+03,4.0036e-01,5.5003e-01,1.7501e+01,4.4971e-01,1.4936e-01
8.2900e+03,3.9999e-01,5.4978e-01,1.7501e+01,4.4996e-01,1.4947e-01
8.3000e+03,3.9963e-01,5.4953e-01,1.7501e+01,4.5021e-01,1.4959e-01
8.3100e+03,3.9927e-01,5.4928e-01,1.7501e+01,4.5046e-01,1.4970e-01
8.3200e+03,3.9890e-01,5.4903e-01,1.7501e+01,4.5071e-01,1.4981e-01
8.3300e+03,3.9854e-01,5.4878e-01,1.7501e+01,4.5096e-01,1.4993e-01
8.3400e+03,3.9818e-01,5.4853e-01,1.7501e+01,4.5121e-01,1.5004e-01
8.3500e+03,3.9781e-01,5.4828e-01,1.7501e+01,4.5146e-01,1.5016e-01
8.3600e+03,3.9745e-01,5.4803e-01,1.7501e+01,4.5171e-01,1.5027e-01
8.3700e+03,3.9709e-01,5.4779e-01,1.7501e+01,4.5196e-01,1.5038e-01
8.3800e+03,3.9673e-01,5.4754e-01,1.7501e+01,4.5220e-01,1.5049e-01
8.3900e+03,3.9637e-01,5.4729e-01,1.7501e+01,4.5245e-01,1.5061e-01
8.4000e+03,3.9601e-01,5.4704e-01,1.7501e+01,4.5270e-01,1.5072e-01
8.4100e+03,3.9565e-01,5.4680e-01,1.7501e+01,4.5295e-01,1.5083e-01
8.4200e+03,3.9529e-01,5.4655e-01,1.7501e+01,4.5319e-01,1.5095e-01
8.4300e+03,3.9493e-01,5.4630e-01,1.7501e+01,4.5344e-01,1.5106e-01
8.4400e+03,3.9457e-01,5.4606e-01,1.7501e+01,4.5368e-01,1.5117e-01
8.4500e+03,3.9422e-01,5.4581e-01,1.7501e+01,4.5393e-01,1.5128e-01
8.4600e+03,3.9386e-01,5.4557e-01,1.7501e+01,4.5417e-01,1.5140e-01
8.4700e+03,3.9350e-01,5.4532e-01,1.7501e+01,4.5442e-01,1.5151e-01
8.4800e+03,3.9314e-01,5.4508e-01,1.7501e+01,4.5466e-01,1.5162e-01
8.4900e+03,3.9279e-01,5.4483e-01,1.7501e+01,4.5491e-01,1.5173e-01
8.5000e+03,3.9243e-01,5.4459e-01,1.7501e+01,4.5515e-01,1.5184e-01
8.5100e+03,3.9208e-01,5.4434e-01,1.7501e+01,4.5540e-01,1.5196e-01
8.5200e+03,3.9172e-01,5.4410e-01,1.7501e+01,4.5564e-01,1.5207e-01
8.5300e+03,3.9137e-01,5.4386e-01,1.7501e+01,4.5588e-01,1.5218e-01
8.5400e+03,3.9101e-01,5.4362e-01,1.7501e+01,4.5612e-01,1.5229e-01
8.5500e+03,3.9066e-01,5.4337e-01,1.7501e+01,4.5637e-01,1.5240e-01
8.5600e+03,3.9031e-01,5.4313e-01,1.7501e+01,4.5661e-01,1.5251e-01
8.5700e+03,3.8995e-01,5.4289e-01,1.7501e+01,4.5685e-01,1.5263e-01
8.5800e+03,3.8960e-01,5.4265e-01,1.7501e+01,4.5709e-01,1.5274e-01
8.5900e+03,3.8925e-01,5.4241e-01,1.7501e+01,4.5733e-01,1.5285e-01
8.6000e+03,3.8890e-01,5.4217e-01,1.7501e+01,4.5757e-01,1.5296e-01
8.6100e+03,3.8855e-01,5.4193e-01,1.7501e+01,4.5781e-01,1.5307e-01
8.6200e+03,3.8820e-01,5.4169e-01,1.7501e+01,4.5805e-01,1.5318e-01
8.6300e+03,3.8785e-01,5.4145e-01,1.7501e+01,4.5829e-01,1.5329e-01
8.6400e+03,3.8750e-01,5.4121e-01,1.7501e+01,4.5853e-01,1.5340e-01
8.6500e+03,3.8715e-01,5.4097e-01,1.7501e+01,4.5877e-01,1.5351e-01
8.6600e+03,3.8680e-01,5.4073e-01,1.7501e+01,4.5901e-01,1.5362e-01
8.6700e+03,3.8645e-01,5.4049e-01,1.7501e+01,4.5925e-01,1.5373e-01
8.6800e+03,3.8610e-01,5.4025e-01,1.7501e+01,4.5948e-01,1.5384e-01
8.6900e+03,3.8575e-01,5.4001e-01,1.7501e+01,4.5972e-01,1.5395e-01
8.7000e+03,3.8541e-01,5.3978e-01,1.7501e+01,4.5996e-01,1.5406e-01
8.7100e+03,3.8506e-01,5.3954e-01,1.7501e+01,4.6020e-01,1.5417e-01
8.7200e+03,3.8471e-01,5.3930e-01,1.7501e+01,4.6043e-01,1.5428e-01
8.7300e+03,3.8437e-01,5.3907e-01,1.7501e+01,4.6067e-01,1.5439e-01
8.7400e+03,3.8402e-01,5.3883e-01,1.7501e+01,4.6091e-01,1.5450e-01
8.7500e+03,3.8368e-01,5.3859e-01,1.7501e+01,4.6114e-01,1.5461e-01
8.7600e+03,3.8333e-01,5.3836e-01,1.7501e+01,4.6138e-01,1.5472e-01
8.7700e+03,3.8299e-01,5.3812e-01,1.7501e+01,4.6161e-01,1.5483e-01
8.7800e+03,3.8264e-01,5.3789e-01,1.7501e+01,4.6185e-01,1.5494e-01
8.7900e+03,3.8230e-01,5.3765e-01,1.7501e+01,4.6208e-01,1.5505e-01
8.8000e+03,3.8196e-01,5.3742e-01,1.7501e+01,4.6232e-01,1.5516e-01
8.8100e+03,3.8162e-01,5.3719e-01,1.7501e+01,4.6255e-01,1.5526e-01
8.8200e+03,3.8127e-01,5.3695e-01,1.7501e+01,4.6278e-01,1.5537e-01
8.8300e+03,3.8093e-01,5.3672e-01,1.7501e+01,4.6302e-01,1.5548e-01
8.8400e+03,3.8059e-01,5.3649e-01,1.7501e+01,4.6325e-01,1.5559e-01
8.8500e+03,3.8025e-01,5.3625e-01,1.7501e+01,4.6348e-01,1.5570e-01
8.8600e+03,3.7991e-01,5.3602e-01,1.7501e+01,4.6371e-01,1.5581e-01
8.8700e+03,3.7957e-01,5.3579e-01,1.7501e+01,4.6395e-01,1.5591e-01
8.8800e+03,3.7923e-01,5.3556e-01,1.7501e+01,4.6418e-01,1.5602e-01
8.8900e+03,3.7889e-01,5.3532e-01,1.7501e+01,4.6441e-01,1.5613e-01
8.9000e+03,3.7855e-01,5.3509e-01,1.7501e+01,4.6464e-01,1.5624e-01
8.9100e+03,3.7821e-01,5.3486e-01,1.7501e+01,4.6487e-01,1.5635e-01
8.9200e+03,3.7787e-01,5.3463e-01,1.7501e+01,4.6510e-01,1.5645e-01
8.9300e+03,3.7753e-01,5.3440e-01,1.7501e+01,4.6533e-01,1.5656e-01
8.9400e+03,3.7720e-01,5.3417e-01,1.7501e+01,4.6556e-01,1.5667e-01
8.9500e+03,3.7686e-01,5.3394e-01,1.7501e+01,4.6579e-01,1.5678e-01
8.9600e+03,3.7652e-01,5.3371e-01,1.7501e+01,4.6602e-01,1.5688e-01
8.9700e+03,3.7619e-01,5.3348e-01,1.7501e+01,4.6625e-01,1.5699e-01
8.9800e+03,3.7585e-01,5.3325e-01,1.7501e+01,4.6648e-01,1.5710e-01
8.9900e+03,3.7552e-01,5.3303e-01,1.7501e+01,4.6671e-01,1.5721e-01
9.0000e+03,3.7518e-01,5.3280e-01,1.7501e+01,4.6693e-01,1.5731e-01
9.0100e+03,3.7485e-01,5.3257e-01,1.7501e+01,4.6716e-01,1.5742e-01
9.0200e+03,3.7451e-01,5.3234e-01,1.7501e+01,4.6739e-01,1.5753e-01
9.0300e+03,3.7418e-01,5.3212e-01,1.7501e+01,4.6762e-01,1.5763e-01
9.0400e+03,3.7384e-01,5.3189e-01,1.7501e+01,4.6784e-01,1.5774e-01
9.0500e+03,3.7351e-01,5.3166e-01,1.7501e+01,4.6807e-01,1.5785e-01
9.0600e+03,3.7318e-01,5.3144e-01,1.7501e+01,4.6830e-01,1.5795e-01
9.0700e+03,3.7285e-01,5.3121e-01,1.7501e+01,4.6852e-01,1.5806e-01
9.0800e+03,3.7251e-01,5.3098e-01,1.7501e+01,4.6875e-01,1.5817e-01
9.0900e+03,3.7218e-01,5.3076e-01,1.7501e+01,4.6897e-01,1.5827e-01
9.1000e+03,3.7185e-01,5.3053e-01,1.7501e+01,4.6920e-01,1.5838e-01
9.1100e+03,3.7152e-01,5.3031e-01,1.7501e+01,4.6942e-01,1.5848e-01
9.1200e+03,3.7119e-01,5.3008e-01,1.7501e+01,4.6965e-01,1.5859e-01
9.1300e+03,3.7086e-01,5.2986e-01,1.7501e+01,4.6987e-01,1.5870e-01
9.1400e+03,3.7053e-01,5.2963e-01,1.7501e+01,4.7010e-01,1.5880e-01
9.1500e+03,3.7020e-01,5.2941e-01,1.7501e+01,4.7032e-01,1.5891e-01
9.1600e+03,3.6987e-01,5.2919e-01,1.7501e+01,4.7054e-01,1.5901e-01
9.1700e+03,3.6955e-01,5.2896e-01,1.7501e+01,4.7077e-01,1.5912e-01
9.1800e+03,3.6922e-01,5.2874e-01,1.7501e+01,4.7099e-01,1.5922e-01
9.1900e+03,3.6889e-01,5.2852e-01,1.7501e+01,4.7121e-01,1.5933e-01
9.2000e+03,3.6856e-01,5.2830e-01,1.7501e+01,4.7143e-01,1.5943e-01
9.2100e+03,3.6824e-01,5.2807e-01,1.7501e+01,4.7166e-01,1.5954e-01
9.2200e+03,3.6791e-01,5.2785e-01,1.7501e+01,4.7188e-01,1.5964e-01
9.2300e+03,3.6758e-01,5.2763e-01,1.7501e+01,4.7210e-01,1.5975e-01
9.2400e+03,3.6726e-01,5.2741e-01,1.7501e+01,4.7232e-01,1.5985e-01
9.2500e+03,3.6693e-01,5.2719e-01,1.7501e+01,4.7254e-01,1.5996e-01
9.2600e+03,3.6661e-01,5.2697e-01,1.7501e+01,4.7276e-01,1.6006e-01
9.2700e+03,3.6628e-01,5.2675e-01,1.7501e+01,4.7298e-01,1.6017e-01
9.2800e+03,3.6596e-01,5.2653e-01,1.7501e+01,4.7320e-01,1.6027e-01
9.2900e+03,3.6563e-01,5.2631e-01,1.7501e+01,4.7342e-01,1.6037e-01
9.3000e+03,3.6531e-01,5.2609e-01,1.7501e+01,4.7364e-01,1.6048e-01
9.3100e+03,3.6499e-01,5.2587e-01,1.7501e+01,4.7386e-01,1.6058e-01
9.3200e+03,3.6467e-01,5.2565e-01,1.7501e+01,4.7408e-01,1.6069e-01
9.3300e+03,3.6434e-01,5.2543e-01,1.7501e+01,4.7430e-01,1.6079e-01
9.3400e+03,3.6402e-01,5.2522e-01,1.7501e+01,4.7451e-01,1.6089e-01
9.3500e+03,3.6370e-01,5.2500e-01,1.7501e+01,4.7473e-01,1.6100e-01
9.3600e+03,3.6338e-01,5.2478e-01,1.7501e+01,4.7495e-01,1.6110e-01
9.3700e+03,3.6306e-01,5.2456e-01,1.7501e+01,4.7517e-01,1.6121e-01
9.3800e+03,3.6274e-01,5.2435e-01,1.7501e+01,4.7538e-01,1.6131e-01
9.3900e+03,3.6242e-01,5.2413e-01,1.7501e+01,4.7560e-01,1.6141e-01
9.4000e+03,3.6210e-01,5.2391e-01,1.7501e+01,4.7582e-01,1.6152e-01
9.4100e+03,3.6178e-01,5.2370e-01,1.7501e+01,4.7603e-01,1.6162e-01
9.4200e+03,3.6146e-01,5.2348e-01,1.7501e+01,4.7625e-01,1.6172e-01
9.4300e+03,3.6114e-01,5.2326e-01,1.7501e+01,4.7646e-01,1.6182e-01
9.4400e+03,3.6082e-01,5.2305e-01,1.7501e+01,4.7668e-01,1.6193e-01
9.4500e+03,3.6050e-01,5.2283e-01,1.7501e+01,4.7689e-01,1.6203e-01
9.4600e+03,3.6019e-01,5.2262e-01,1.7501e+01,4.7711e-01,1.6213e-01
9.4700e+03,3.5987e-01,5.2240e-01,1.7501e+01,4.7732e-01,1.6224e-01
9.4800e+03,3.5955e-01,5.2219e-01,1.7501e+01,4.7754e-01,1.6234e-01
9.4900e+03,3.5924e-01,5.2198e-01,1.7501e+01,4.7775e-01,1.6244e-01
9.5000e+03,3.5892e-01,5.2176e-01,1.7501e+01,4.7797e-01,1.6254e-01
9.5100e+03,3.5860e-01,5.2155e-01,1.7501e+01,4.7818e-01,1.6265e-01
9.5200e+03,3.5829e-01,5.2133e-01,1.7501e+01,4.7839e-01,1.6275e-01
9.5300e+03,3.5797e-01,5.2112e-01,1.7501e+01,4.7860e-01,1.6285e-01
9.5400e+03,3.5766e-01,5.2091e-01,1.7501e+01,4.7882e-01,1.6295e-01
9.5500e+03,3.5735e-01,5.2070e-01,1.7501e+01,4.7903e-01,1.6305e-01
9.5600e+03,3.5703e-01,5.2048e-01,1.7501e+01,4.7924e-01,1.6316e-01
9.5700e+03,3.5672e-01,5.2027e-01,1.7501e+01,4.7945e-01,1.6326e-01
9.5800e+03,3.5641e-01,5.2006e-01,1.7501e+01,4.7966e-01,1.6336e-01
9.5900e+03,3.5609e-01,5.1985e-01,1.7501e+01,4.7988e-01,1.6346e-01
9.6000e+03,3.5578e-01,5.1964e-01,1.7501e+01,4.8009e-01,1.6356e-01
9.6100e+03,3.5547e-01,5.1943e-01,1.7501e+01,4.8030e-01,1.6366e-01
9.6200e+03,3.5516e-01,5.1922e-01,1.7501e+01,4.8051e-01,1.6376e-01
9.6300e+03,3.5485e-01,5.1901e-01,1.7501e+01,4.8072e-01,1.6387e-01
9.6400e+03,3.5453e-01,5.1880e-01,1.7501e+01,4.8093e-01,1.6397e-01
9.6500e+03,3.5422e-01,5.1859e-01,1.7501e+01,4.8114e-01,1.6407e-01
9.6600e+03,3.5391e-01,5.1838e-01,1.7501e+01,4.8135e-01,1.6417e-01
9.6700e+03,3.5360e-01,5.1817e-01,1.7501e+01,4.8156e-01,1.6427e-01
9.6800e+03,3.5329e-01,5.1796e-01,1.7501e+01,4.8176e-01,1.6437e-01
9.6900e+03,3.5299e-01,5.1775e-01,1.7501e+01,4.8197e-01,1.6447e-01
9.7000e+03,3.5268e-01,5.1754e-01,1.7501e+01,4.8218e-01,1.6457e-01
9.7100e+03,3.5237e-01,5.1734e-01,1.7501e+01,4.8239e-01,1.6467e-01
9.7200e+03,3.5206e-01,5.1713e-01,1.7501e+01,4.8260e-01,1.6477e-01
9.7300e+03,3.5175e-01,5.1692e-01,1.7501e+01,4.8280e-01,1.6487e-01
9.7400e+03,3.5144e-01,5.1671e-01,1.7501e+01,4.8301e-01,1.6497e-01
9.7500e+03,3.5114e-01,5.1651e-01,1.7501e+01,4.8322e-01,1.6507e-01
9.7600e+03,3.5083e-01,5.1630e-01,1.7501e+01,4.8343e-01,1.6517e-01
9.7700e+03,3.5052e-01,5.1609e-01,1.7501e+01,4.8363e-01,1.6527e-01
9.7800e+03,3.5022e-01,5.1589e-01,1.7501e+01,4.8384e-01,1.6537e-01
9.7900e+03,3.4991e-01,5.1568e-01,1.7501e+01,4.8404e-01,1.6547e-01
9.8000e+03,3.4961e-01,5.1547e-01,1.7501e+01,4.8425e-01,1.6557e-01
9.8100e+03,3.4930e-01,5.1527e-01,1.7501e+01,4.8445e-01,1.6567e-01
9.8200e+03,3.4900e-01,5.1506e-01,1.7501e+01,4.8466e-01,1.6577e-01
9.8300e+03,3.4869e-01,5.1486e-01,1.7501e+01,4.8486e-01,1.6587e-01
9.8400e+03,3.4839e-01,5.1465e-01,1.7501e+01,4.8507e-01,1.6597e-01
9.8500e+03,3.4809e-01,5.1445e-01,1.7501e+01,4.8527e-01,1.6607e-01
9.8600e+03,3.4778e-01,5.1425e-01,1.7501e+01,4.8548e-01,1.6617e-01
9.8700e+03,3.4748e-01,5.1404e-01,1.7501e+01,4.8568e-01,1.6627e-01
9.8800e+03,3.4718e-01,5.1384e-01,1.7501e+01,4.8588e-01,1.6637e-01
9.8900e+03,3.4688e-01,5.1363e-01,1.7501e+01,4.8609e-01,1.6647e-01
9.9000e+03,3.4657e-01,5.1343e-01,1.7501e+01,4.8629e-01,1.6656e-01
9.9100e+03,3.4627e-01,5.1323e-01,1.7501e+01,4.8649e-01,1.6666e-01
9.9200e+03,3.4597e-01,5.1303e-01,1.7501e+01,4.8670e-01,1.6676e-01
9.9300e+03,3.4567e-01,5.1282e-01,1.7501e+01,4.8690e-01,1.6686e-01
9.9400e+03,3.4537e-01,5.1262e-01,1.7501e+01,4.8710e-01,1.6696e-01
9.9500e+03,3.4507e-01,5.1242e-01,1.7501e+01,4.8730e-01,1.6706e-01
9.9600e+03,3.4477e-01,5.1222e-01,1.7501e+01,4.8750e-01,1.6716e-01
9.9700e+03,3.4447e-01,5.1202e-01,1.7501e+01,4.8770e-01,1.6725e-01
9.9800e+03,3.4417e-01,5.1182e-01,1.7501e+01,4.8791e-01,1.6735e-01
9.9900e+03,3.4387e-01,5.1161e-01,1.7501e+01,4.8811e-01,1.6745e-01
1.0000e+04,3.4357e-01,5.1141e-01,1.7501e+01,4.8831e-01,1.6755e-01
1.0010e+04,3.4328e-01,5.1121e-01,1.7501e+01,4.8851e-01,1.6765e-01
1.0020e+04,3.4298e-01,5.1101e-01,1.7501e+01,4.8871e-01,1.6774e-01
1.0030e+04,3.4268e-01,5.1081e-01,1.7501e+01,4.8891e-01,1.6784e-01
1.0040e+04,3.4238e-01,5.1061e-01,1.7501e+01,4.8911e-01,1.6794e-01
1.0050e+04,3.4209e-01,5.1041e-01,1.7501e+01,4.8931e-01,1.6804e-01
1.0060e+04,3.4179e-01,5.1022e-01,1.7501e+01,4.8950e-01,1.6813e-01
1.0070e+04,3.4149e-01,5.1002e-01,1.7501e+01,4.8970e-01,1.6823e-01
1.0080e+04,3.4120e-01,5.0982e-01,1.7501e+01,4.8990e-01,1.6833e-01
1.0090e+04,3.4090e-01,5.0962e-01,1.7501e+01,4.9010e-01,1.6843e-01
1.0100e+04,3.4061e-01,5.0942e-01,1.7501e+01,4.9030e-01,1.6852e-01
1.0110e+04,3.4031e-01,5.0922e-01,1.7501e+01,4.9050e-01,1.6862e-01
1.0120e+04,3.4002e-01,5.0903e-01,1.7501e+01,4.9069e-01,1.6872e-01
1.0130e+04,3.3972e-01,5.0883e-01,1.7501e+01,4.9089e-01,1.6881e-01
1.0140e+04,3.3943e-01,5.0863e-01,1.7501e+01,4.9109e-01,1.6891e-01
1.0150e+04,3.3914e-01,5.0844e-01,1.7501e+01,4.9128e-01,1.6901e-01
1.0160e+04,3.3884e-01,5.0824e-01,1.7501e+01,4.9148e-01,1.6910e-01
1.0170e+04,3.3855e-01,5.0804e-01,1.7501e+01,4.9168e-01,1.6920e-01
1.0180e+04,3.3826e-01,5.0785e-01,1.7501e+01,4.9187e-01,1.6930e-01
1.0190e+04,3.3797e-01,5.0765e-01,1.7501e+01,4.9207e-01,1.6939e-01
1.0200e+04,3.3768e-01,5.0745e-01,1.7501e+01,4.9226e-01,1.6949e-01
1.0210e+04,3.3738e-01,5.0726e-01,1.7501e+01,4.9246e-01,1.6959e-01
1.0220e+04,3.3709e-01,5.0706e-01,1.7501e+01,4.9265e-01,1.6968e-01
1.0230e+04,3.3680e-01,5.0687e-01,1.7501e+01,4.9285e-01,1.6978e-01
1.0240e+04,3.3651e-01,5.0667e-01,1.7501e+01,4.9304e-01,1.6987e-01
1.0250e+04,3.3622e-01,5.0648e-01,1.7501e+01,4.9324e-01,1.6997e-01
1.0260e+04,3.3593e-01,5.0629e-01,1.7501e+01,4.9343e-01,1.7007e-01
1.0270e+04,3.3564e-01,5.0609e-01,1.7501e+01,4.9363e-01,1.7016e-01
1.0280e+04,3.3535e-01,5.0590e-01,1.7501e+01,4.9382e-01,1.7026e-01
1.0290e+04,3.3506e-01,5.0571e-01,1.7501e+01,4.9401e-01,1.7035e-01
1.0300e+04,3.3478e-01,5.0551e-01,1.7501e+01,4.9421e-01,1.7045e-01
1.0310e+04,3.3449e-01,5.0532e-01,1.7501e+01,4.9440e-01,1.7054e-01
1.0320e+04,3.3420e-01,5.0513e-01,1.7501e+01,4.9459e-01,1.7064e-01
1.0330e+04,3.3391e-01,5.0493e-01,1.7501e+01,4.9478e-01,1.7073e-01
1.0340e+04,3.3362e-01,5.0474e-01,1.7501e+01,4.9498e-01,1.7083e-01
1.0350e+04,3.3334e-01,5.0455e-01,1.7501e+01,4.9517e-01,1.7092e-01
1.0360e+04,3.3305e-01,5.0436e-01,1.7501e+01,4.9536e-01,1.7102e-01
1.0370e+04,3.3276e-01,5.0417e-01,1.7501e+01,4.9555e-01,1.7111e-01
1.0380e+04,3.3248e-01,5.0398e-01,1.7501e+01,4.9574e-01,1.7121e-01
1.0390e+04,3.3219e-01,5.0378e-01,1.7501e+01,4.9593e-01,1.7130e-01
1.0400e+04,3.3191e-01,5.0359e-01,1.7501e+01,4.9612e-01,1.7140e-01
1.0410e+04,3.3162e-01,5.0340e-01,1.7501e+01,4.9631e-01,1.7149e-01
1.0420e+04,3.3134e-01,5.0321e-01,1.7501e+01,4.9650e-01,1.7159e-01
1.0430e+04,3.3105e-01,5.0302e-01,1.7501e+01,4.9669e-01,1.7168e-01
1.0440e+04,3.3077e-01,5.0283e-01,1.7501e+01,4.9688e-01,1.7178e-01
1.0450e+04,3.3049e-01,5.0264e-01,1.7501e+01,4.9707e-01,1.7187e-01
1.0460e+04,3.3020e-01,5.0245e-01,1.7501e+01,4.9726e-01,1.7196e-01
1.0470e+04,3.2992e-01,5.0226e-01,1.7501e+01,4.9745e-01,1.7206e-01
1.0480e+04,3.2964e-01,5.0208e-01,1.7501e+01,4.9764e-01,1.7215e-01
1.0490e+04,3.2935e-01,5.0189e-01,1.7501e+01,4.9783e-01,1.7225e-01
1.0500e+04,3.2907e-01,5.0170e-01,1.7501e+01,4.9802e-01,1.7234e-01
1.0510e+04,3.2879e-01,5.0151e-01,1.7501e+01,4.9821e-01,1.7243e-01
1.0520e+04,3.2851e-01,5.0132e-01,1.7501e+01,4.9839e-01,1.7253e-01
1.0530e+04,3.2823e-01,5.0113e-01,1.7501e+01,4.9858e-01,1.7262e-01
1.0540e+04,3.2795e-01,5.0095e-01,1.7501e+01,4.9877e-01,1.7272e-01
1.0550e+04,3.2766e-01,5.0076e-01,1.7501e+01,4.9896e-01,1.7281e-01
1.0560e+04,3.2738e-01,5.0057e-01,1.7501e+01,4.9914e-01,1.7290e-01
1.0570e+04,3.2710e-01,5.0039e-01,1.7501e+01,4.9933e-01,1.7300e-01
1.0580e+04,3.2682e-01,5.0020e-01,1.7501e+01,4.9952e-01,1.7309e-01
1.0590e+04,3.2655e-01,5.0001e-01,1.7501e+01,4.9970e-01,1.7318e-01
1.0600e+04,3.2627e-01,4.9983e-01,1.7501e+01,4.9989e-01,1.7327e-01
1.0610e+04,3.2599e-01,4.9964e-01,1.7501e+01,5.0007e-01,1.7337e-01
1.0620e+04,3.2571e-01,4.9945e-01,1.7501e+01,5.0026e-01,1.7346e-01
1.0630e+04,3.2543e-01,4.9927e-01,1.7501e+01,5.0044e-01,1.7355e-01
1.0640e+04,3.2515e-01,4.9908e-01,1.7501e+01,5.0063e-01,1.7365e-01
1.0650e+04,3.2488e-01,4.9890e-01,1.7501e+01,5.0081e-01,1.7374e-01
1.0660e+04,3.2460e-01,4.9871e-01,1.7501e+01,5.0100e-01,1.7383e-01
1.0670e+04,3.2432e-01,4.9853e-01,1.7501e+01,5.0118e-01,1.7392e-01
1.0680e+04,3.2404e-01,4.9834e-01,1.7501e+01,5.0137e-01,1.7402e-01
1.0690e+04,3.2377e-01,4.9816e-01,1.7501e+01,5.0155e-01,1.7411e-01
1.0700e+04,3.2349e-01,4.9798e-01,1.7501e+01,5.0174e-01,1.7420e-01
1.0710e+04,3.2322e-01,4.9779e-01,1.7501e+01,5.0192e-01,1.7429e-01
1.0720e+04,3.2294e-01,4.9761e-01,1.7501e+01,5.0210e-01,1.7438e-01
1.0730e+04,3.2267e-01,4.9743e-01,1.7501e+01,5.0229e-01,1.7448e-01
1.0740e+04,3.2239e-01,4.9724e-01,1.7501e+01,5.0247e-01,1.7457e-01
1.0750e+04,3.2212e-01,4.9706e-01,1.7501e+01,5.0265e-01,1.7466e-01
1.0760e+04,3.2184e-01,4.9688e-01,1.7501e+01,5.0283e-01,1.7475e-01
1.0770e+04,3.2157e-01,4.9670e-01,1.7501e+01,5.0302e-01,1.7484e-01
1.0780e+04,3.2129e-01,4.9651e-01,1.7501e+01,5.0320e-01,1.7494e-01
1.0790e+04,3.2102e-01,4.9633e-01,1.7501e+01,5.0338e-01,1.7503e-01
1.0800e+04,3.2075e-01,4.9615e-01,1.7501e+01,5.0356e-01,1.7512e-01
1.0810e+04,3.2048e-01,4.9597e-01,1.7501e+01,5.0374e-01,1.7521e-01
1.0820e+04,3.2020e-01,4.9579e-01,1.7501e+01,5.0392e-01,1.7530e-01
1.0830e+04,3.1993e-01,4.9561e-01,1.7501e+01,5.0411e-01,1.7539e-01
1.0840e+04,3.1966e-01,4.9543e-01,1.7501e+01,5.0429e-01,1.7548e-01
1.0850e+04,3.1939e-01,4.9525e-01,1.7501e+01,5.0447e-01,1.7558e-01
1.0860e+04,3.1912e-01,4.9506e-01,1.7501e+01,5.0465e-01,1.7567e-01
1.0870e+04,3.1885e-01,4.9488e-01,1.7501e+01,5.0483e-01,1.7576e-01
1.0880e+04,3.1857e-01,4.9470e-01,1.7501e+01,5.0501e-01,1.7585e-01
1.0890e+04,3.1830e-01,4.9453e-01,1.7501e+01,5.0519e-01,1.7594e-01
1.0900e+04,3.1803e-01,4.9435e-01,1.7501e+01,5.0537e-01,1.7603e-01
1.0910e+04,3.1776e-01,4.9417e-01,1.7501e+01,5.0554e-01,1.7612e-01
1.0920e+04,3.1749e-01,4.9399e-01,1.7501e+01,5.0572e-01,1.7621e-01
1.0930e+04,3.1723e-01,4.9381e-01,1.7501e+01,5.0590e-01,1.7630e-01
1.0940e+04,3.1696e-01,4.9363e-01,1.7501e+01,5.0608e-01,1.7639e-01
1.0950e+04,3.1669e-01,4.9345e-01,1.7501e+01,5.0626e-01,1.7648e-01
1.0960e+04,3.1642e-01,4.9327e-01,1.7501e+01,5.0644e-01,1.7657e-01
1.0970e+04,3.1615e-01,4.9310e-01,1.7501e+01,5.0661e-01,1.7666e-01
1.0980e+04,3.1588e-01,4.9292e-01,1.7501e+01,5.0679e-01,1.7675e-01
1.0990e+04,3.1562e-01,4.9274e-01,1.7501e+01,5.0697e-01,1.7684e-01
1.1000e+04,3.1535e-01,4.9256e-01,1.7501e+01,5.0715e-01,1.7693e-01
1.1010e+04,3.1508e-01,4.9239e-01,1.7501e+01,5.0732e-01,1.7702e-01
1.1020e+04,3.1482e-01,4.9221e-01,1.7501e+01,5.0750e-01,1.7711e-01
1.1030e+04,3.1455e-01,4.9203e-01,1.7501e+01,5.0768e-01,1.7720e-01
1.1040e+04,3.1428e-01,4.9186e-01,1.7501e+01,5.0785e-01,1.7729e-01
1.1050e+04,3.1402e-01,4.9168e-01,1.7501e+01,5.0803e-01,1.7738e-01
1.1060e+04,3.1375e-01,4.9150e-01,1.7501e+01,5.0821e-01,1.7747e-01
1.1070e+04,3.1349e-01,4.9133e-01,1.7501e+01,5.0838e-01,1.7756e-01
1.1080e+04,3.1322e-01,4.9115e-01,1.7501e+01,5.0856e-01,1.7765e-01
1.1090e+04,3.1296e-01,4.9098e-01,1.7501e+01,5.0873e-01,1.7774e-01
1.1100e+04,3.1269e-01,4.9080e-01,1.7501e+01,5.0891e-01,1.7783e-01
1.1110e+04,3.1243e-01,4.9063e-01,1.7501e+01,5.0908e-01,1.7792e-01
1.1120e+04,3.1217e-01,4.9045e-01,1.7501e+01,5.0926e-01,1.7801e-01
1.1130e+04,3.1190e-01,4.9028e-01,1.7501e+01,5.0943e-01,1.7809e-01
1.1140e+04,3.1164e-01,4.9010e-01,1.7501e+01,5.0961e-01,1.7818e-01
1.1150e+04,3.1138e-01,4.8993e-01,1.7501e+01,5.0978e-01,1.7827e-01
1.1160e+04,3.1111e-01,4.8975e-01,1.7501e+01,5.0995e-01,1.7836e-01
1.1170e+04,3.1085e-01,4.8958e-01,1.7501e+01,5.1013e-01,1.7845e-01
1.1180e+04,3.1059e-01,4.8941e-01,1.7501e+01,5.1030e-01,1.7854e-01
1.1190e+04,3.1033e-01,4.8923e-01,1.7501e+01,5.1047e-01,1.7863e-01
1.1200e+04,3.1007e-01,4.8906e-01,1.7501e+01,5.1065e-01,1.7871e-01
1.1210e+04,3.0981e-01,4.8889e-01,1.7501e+01,5.1082e-01,1.7880e-01
1.1220e+04,3.0954e-01,4.8872e-01,1.7501e+01,5.1099e-01,1.7889e-01
1.1230e+04,3.0928e-01,4.8854e-01,1.7501e+01,5.1117e-01,1.7898e-01
1.1240e+04,3.0902e-01,4.8837e-01,1.7501e+01,5.1134e-01,1.7907e-01
1.1250e+04,3.0876e-01,4.8820e-01,1.7501e+01,5.1151e-01,1.7916e-01
1.1260e+04,3.0850e-01,4.8803e-01,1.7501e+01,5.1168e-01,1.7924e-01
1.1270e+04,3.0824e-01,4.8785e-01,1.7501e+01,5.1185e-01,1.7933e-01
1.1280e+04,3.0799e-01,4.8768e-01,1.7501e+01,5.1202e-01,1.7942e-01
1.1290e+04,3.0773e-01,4.8751e-01,1.7501e+01,5.1220e-01,1.7951e-01
1.1300e+04,3.0747e-01,4.8734e-01,1.7501e+01,5.1237e-01,1.7960e-01
1.1310e+04,3.0721e-01,4.8717e-01,1.7501e+01,5.1254e-01,1.7968e-01
1.1320e+04,3.0695e-01,4.8700e-01,1.7501e+01,5.1271e-01,1.7977e-01
1.1330e+04,3.0669e-01,4.8683e-01,1.7501e+01,5.1288e-01,1.7986e-01
1.1340e+04,3.0644e-01,4.8666e-01,1.7501e+01,5.1305e-01,1.7995e-01
1.1350e+04,3.0618e-01,4.8649e-01,1.7501e+01,5.1322e-01,1.8003e-01
1.1360e+04,3.0592e-01,4.8632e-01,1.7501e+01,5.1339e-01,1.8012e-01
1.1370e+04,3.0567e-01,4.8615e-01,1.7501e+01,5.1356e-01,1.8021e-01
1.1380e+04,3.0541e-01,4.8598e-01,1.7501e+01,5.1373e-01,1.8029e-01
1.1390e+04,3.0515e-01,4.8581e-01,1.7501e+01,5.1390e-01,1.8038e-01
1.1400e+04,3.0490e-01,4.8564e-01,1.7501e+01,5.1406e-01,1.8047e-01
1.1410e+04,3.0464e-01,4.8547e-01,1.7501e+01,5.1423e-01,1.8055e-01
1.1420e+04,3.0439e-01,4.8530e-01,1.7501e+01,5.1440e-01,1.8064e-01
1.1430e+04,3.0413e-01,4.8514e-01,1.7501e+01,5.1457e-01,1.8073e-01
1.1440e+04,3.0388e-01,4.8497e-01,1.7501e+01,5.1474e-01,1.8081e-01
1.1450e+04,3.0362e-01,4.8480e-01,1.7501e+01,5.1491e-01,1.8090e-01
1.1460e+04,3.0337e-01,4.8463e-01,1.7501e+01,5.1507e-01,1.8099e-01
1.1470e+04,3.0311e-01,4.8446e-01,1.7501e+01,5.1524e-01,1.8107e-01
1.1480e+04,3.0286e-01,4.8430e-01,1.7501e+01,5.1541e-01,1.8116e-01
1.1490e+04,3.0261e-01,4.8413e-01,1.7501e+01,5.1558e-01,1.8125e-01
1.1500e+04,3.0235e-01,4.8396e-01,1.7501e+01,5.1574e-01,1.8133e-01
1.1510e+04,3.0210e-01,4.8380e-01,1.7501e+01,5.1591e-01,1.8142e-01
1.1520e+04,3.0185e-01,4.8363e-01,1.7501e+01,5.1608e-01,1.8151e-01
1.1530e+04,3.0159e-01,4.8346e-01,1.7501e+01,5.1624e-01,1.8159e-01
1.1540e+04,3.0134e-01,4.8330e-01,1.7501e+01,5.1641e-01,1.8168e-01
1.1550e+04,3.0109e-01,4.8313e-01,1.7501e+01,5.1657e-01,1.8176e-01
1.1560e+04,3.0084e-01,4.8296e-01,1.7501e+01,5.1674e-01,1.8185e-01
1.1570e+04,3.0059e-01,4.8280e-01,1.7501e+01,5.1691e-01,1.8193e-01
1.1580e+04,3.0034e-01,4.8263e-01,1.7501e+01,5.1707e-01,1.8202e-01
1.1590e+04,3.0009e-01,4.8247e-01,1.7501e+01,5.1724e-01,1.8211e-01
1.1600e+04,2.9984e-01,4.8230e-01,1.7501e+01,5.1740e-01,1.8219e-01
1.1610e+04,2.9959e-01,4.8214e-01,1.7501e+01,5.1757e-01,1.8228e-01
1.1620e+04,2.9934e-01,4.8197e-01,1.7501e+01,5.1773e-01,1.8236e-01
1.1630e+04,2.9909e-01,4.8181e-01,1.7501e+01,5.1790e-01,1.8245e-01
1.1640e+04,2.9884e-01,4.8164e-01,1.7501e+01,5.1806e-01,1.8253e-01
1.1650e+04,2.9859e-01,4.8148e-01,1.7501e+01,5.1822e-01,1.8262e-01
1.1660e+04,2.9834e-01,4.8132e-01,1.7501e+01,5.1839e-01,1.8270e-01
1.1670e+04,2.9809e-01,4.8115e-01,1.7501e+01,5.1855e-01,1.8279e-01
1.1680e+04,2.9784e-01,4.8099e-01,1.7501e+01,5.1871e-01,1.8287e-01
1.1690e+04,2.9759e-01,4.8083e-01,1.7501e+01,5.1888e-01,1.8296e-01
1.1700e+04,2.9735e-01,4.8066e-01,1.7501e+01,5.1904e-01,1.8304e-01
1.1710e+04,2.9710e-01,4.8050e-01,1.7501e+01,5.1920e-01,1.8313e-01
1.1720e+04,2.9685e-01,4.8034e-01,1.7501e+01,5.1937e-01,1.8321e-01
1.1730e+04,2.9660e-01,4.8017e-01,1.7501e+01,5.1953e-01,1.8330e-01
1.1740e+04,2.9636e-01,4.8001e-01,1.7501e+01,5.1969e-01,1.8338e-01
1.1750e+04,2.9611e-01,4.7985e-01,1.7501e+01,5.1985e-01,1.8347e-01
1.1760e+04,2.9586e-01,4.7969e-01,1.7501e+01,5.2002e-01,1.8355e-01
1.1770e+04,2.9562e-01,4.7953e-01,1.7501e+01,5.2018e-01,1.8363e-01
1.1780e+04,2.9537e-01,4.7936e-01,1.7501e+01,5.2034e-01,1.8372e-01
1.1790e+04,2.9513e-01,4.7920e-01,1.7501e+01,5.2050e-01,1.8380e-01
1.1800e+04,2.9488e-01,4.7904e-01,1.7501e+01,5.2066e-01,1.8389e-01
1.1810e+04,2.9464e-01,4.7888e-01,1.7501e+01,5.2082e-01,1.8397e-01
1.1820e+04,2.9439e-01,4.7872e-01,1.7501e+01,5.2098e-01,1.8405e-01
1.1830e+04,2.9415e-01,4.7856e-01,1.7501e+01,5.2114e-01,1.8414e-01
1.1840e+04,2.9390e-01,4.7840e-01,1.7501e+01,5.2130e-01,1.8422e-01
1.1850e+04,2.9366e-01,4.7824e-01,1.7501e+01,5.2146e-01,1.8431e-01
1.1860e+04,2.9341e-01,4.7808e-01,1.7501e+01,5.2162e-01,1.8439e-01
1.1870e+04,2.9317e-01,4.7792e-01,1.7501e+01,5.2178e-01,1.8447e-01
1.1880e+04,2.9293e-01,4.7776e-01,1.7501e+01,5.2194e-01,1.8456e-01
1.1890e+04,2.9269e-01,4.7760e-01,1.7501e+01,5.2210e-01,1.8464e-01
1.1900e+04,2.9244e-01,4.7744e-01,1.7501e+01,5.2226e-01,1.8472e-01
1.1910e+04,2.9220e-01,4.7728e-01,1.7501e+01,5.2242e-01,1.8481e-01
1.1920e+04,2.9196e-01,4.7712e-01,1.7501e+01,5.2258e-01,1.8489e-01
1.1930e+04,2.9172e-01,4.7696e-01,1.7501e+01,5.2274e-01,1.8497e-01
1.1940e+04,2.9147e-01,4.7680e-01,1.7501e+01,5.2290e-01,1.8506e-01
1.1950e+04,2.9123e-01,4.7664e-01,1.7501e+01,5.2306e-01,1.8514e-01
1.1960e+04,2.9099e-01,4.7649e-01,1.7501e+01,5.2321e-01,1.8522e-01
1.1970e+04,2.9075e-01,4.7633e-01,1.7501e+01,5.2337e-01,1.8531e-01
1.1980e+04,2.9051e-01,4.7617e-01,1.7501e+01,5.2353e-01,1.8539e-01
1.1990e+04,2.9027e-01,4.7601e-01,1.7501e+01,5.2369e-01,1.8547e-01
1.2000e+04,2.9003e-01,4.7586e-01,1.7501e+01,5.2385e-01,1.8555e-01
1.2010e+04,2.8979e-01,4.7570e-01,1.7501e+01,5.2400e-01,1.8564e-01
1.2020e+04,2.8955e-01,4.7554e-01,1.7501e+01,5.2416e-01,1.8572e-01
1.2030e+04,2.8931e-01,4.7538e-01,1.7501e+01,5.2432e-01,1.8580e-01
1.2040e+04,2.8907e-01,4.7523e-01,1.7501e+01,5.2447e-01,1.8588e-01
1.2050e+04,2.8883e-01,4.7507e-01,1.7501e+01,5.2463e-01,1.8597e-01
1.2060e+04,2.8859e-01,4.7491e-01,1.7501e+01,5.2479e-01,1.8605e-01
1.2070e+04,2.8836e-01,4.7476e-01,1.7501e+01,5.2494e-01,1.8613e-01
1.2080e+04,2.8812e-01,4.7460e-01,1.7501e+01,5.2510e-01,1.8621e-01
1.2090e+04,2.8788e-01,4.7445e-01,1.7501e+01,5.2525e-01,1.8630e-01
1.2100e+04,2.8764e-01,4.7429e-01,1.7501e+01,5.2541e-01,1.8638e-01
1.2110e+04,2.8740e-01,4.7413e-01,1.7501e+01,5.2557e-01,1.8646e-01
1.2120e+04,2.8717e-01,4.7398e-01,1.7501e+01,5.2572e-01,1.8654e-01
1.2130e+04,2.8693e-01,4.7382e-01,1.7501e+01,5.2588e-01,1.8662e-01
1.2140e+04,2.8669e-01,4.7367e-01,1.7501e+01,5.2603e-01,1.8671e-01
1.2150e+04,2.8646e-01,4.7351e-01,1.7501e+01,5.2619e-01,1.8679e-01
1.2160e+04,2.8622e-01,4.7336e-01,1.7501e+01,5.2634e-01,1.8687e-01
1.2170e+04,2.8598e-01,4.7320e-01,1.7501e+01,5.2649e-01,1.8695e-01
1.2180e+04,2.8575e-01,4.7305e-01,1.7501e+01,5.2665e-01,1.8703e-01
1.2190e+04,2.8551e-01,4.7290e-01,1.7501e+01,5.2680e-01,1.8711e-01
1.2200e+04,2.8528e-01,4.7274e-01,1.7501e+01,5.2696e-01,1.8719e-01
1.2210e+04,2.8504e-01,4.7259e-01,1.7501e+01,5.2711e-01,1.8728e-01
1.2220e+04,2.8481e-01,4.7243e-01,1.7501e+01,5.2726e-01,1.8736e-01
1.2230e+04,2.8457e-01,4.7228e-01,1.7501e+01,5.2742e-01,1.8744e-01
1.2240e+04,2.8434e-01,4.7213e-01,1.7501e+01,5.2757e-01,1.8752e-01
1.2250e+04,2.8411e-01,4.7197e-01,1.7501e+01,5.2772e-01,1.8760e-01
1.2260e+04,2.8387e-01,4.7182e-01,1.7501e+01,5.2788e-01,1.8768e-01
1.2270e+04,2.8364e-01,4.7167e-01,1.7501e+01,5.2803e-01,1.8776e-01
1.2280e+04,2.8340e-01,4.7152e-01,1.7501e+01,5.2818e-01,1.8784e-01
1.2290e+04,2.8317e-01,4.7136e-01,1.7501e+01,5.2833e-01,1.8792e-01
1.2300e+04,2.8294e-01,4.7121e-01,1.7501e+01,5.2849e-01,1.8800e-01
1.2310e+04,2.8271e-01,4.7106e-01,1.7501e+01,5.2864e-01,1.8808e-01
1.2320e+04,2.8247e-01,4.7091e-01,1.7501e+01,5.2879e-01,1.8817e-01
1.2330e+04,2.8224e-01,4.7076e-01,1.7501e+01,5.2894e-01,1.8825e-01
1.2340e+04,2.8201e-01,4.7061e-01,1.7501e+01,5.2909e-01,1.8833e-01
1.2350e+04,2.8178e-01,4.7045e-01,1.7501e+01,5.2924e-01,1.8841e-01
1.2360e+04,2.8155e-01,4.7030e-01,1.7501e+01,5.2939e-01,1.8849e-01
1.2370e+04,2.8132e-01,4.7015e-01,1.7501e+01,5.2955e-01,1.8857e-01
1.2380e+04,2.8109e-01,4.7000e-01,1.7501e+01,5.2970e-01,1.8865e-01
1.2390e+04,2.8085e-01,4.6985e-01,1.7501e+01,5.2985e-01,1.8873e-01
1.2400e+04,2.8062e-01,4.6970e-01,1.7501e+01,5.3000e-01,1.8881e-01
1.2410e+04,2.8039e-01,4.6955e-01,1.7501e+01,5.3015e-01,1.8889e-01
1.2420e+04,2.8016e-01,4.6940e-01,1.7501e+01,5.3030e-01,1.8897e-01
1.2430e+04,2.7993e-01,4.6925e-01,1.7501e+01,5.3045e-01,1.8905e-01
1.2440e+04,2.7970e-01,4.6910e-01,1.7501e+01,5.3060e-01,1.8913e-01
1.2450e+04,2.7948e-01,4.6895e-01,1.7501e+01,5.3075e-01,1.8921e-01
1.2460e+04,2.7925e-01,4.6880e-01,1.7501e+01,5.3090e-01,1.8929e-01
1.2470e+04,2.7902e-01,4.6865e-01,1.7501e+01,5.3105e-01,1.8937e-01
1.2480e+04,2.7879e-01,4.6850e-01,1.7501e+01,5.3119e-01,1.8945e-01
1.2490e+04,2.7856e-01,4.6835e-01,1.7501e+01,5.3134e-01,1.8952e-01
1.2500e+04,2.7833e-01,4.6820e-01,1.7501e+01,5.3149e-01,1.8960e-01
1.2510e+04,2.7811e-01,4.6806e-01,1.7501e+01,5.3164e-01,1.8968e-01
1.2520e+04,2.7788e-01,4.6791e-01,1.7501e+01,5.3179e-01,1.8976e-01
1.2530e+04,2.7765e-01,4.6776e-01,1.7501e+01,5.3194e-01,1.8984e-01
1.2540e+04,2.7742e-01,4.6761e-01,1.7501e+01,5.3208e-01,1.8992e-01
1.2550e+04,2.7720e-01,4.6746e-01,1.7501e+01,5.3223e-01,1.9000e-01
1.2560e+04,2.7697e-01,4.6732e-01,1.7501e+01,5.3238e-01,1.9008e-01
1.2570e+04,2.7674e-01,4.6717e-01,1.7501e+01,5.3253e-01,1.9016e-01
1.2580e+04,2.7652e-01,4.6702e-01,1.7501e+01,5.3268e-01,1.9024e-01
1.2590e+04,2.7629e-01,4.6687e-01,1.7501e+01,5.3282e-01,1.9032e-01
1.2600e+04,2.7607e-01,4.6673e-01,1.7501e+01,5.3297e-01,1.9039e-01
1.2610e+04,2.7584e-01,4.6658e-01,1.7501e+01,5.3312e-01,1.9047e-01
1.2620e+04,2.7561e-01,4.6643e-01,1.7501e+01,5.3326e-01,1.9055e-01
1.2630e+04,2.7539e-01,4.6629e-01,1.7501e+01,5.3341e-01,1.9063e-01
1.2640e+04,2.7516e-01,4.6614e-01,1.7501e+01,5.3356e-01,1.9071e-01
1.2650e+04,2.7494e-01,4.6599e-01,1.7501e+01,5.3370e-01,1.9079e-01
1.2660e+04,2.7472e-01,4.6585e-01,1.7501e+01,5.3385e-01,1.9087e-01
1.2670e+04,2.7449e-01,4.6570e-01,1.7501e+01,5.3399e-01,1.9094e-01
1.2680e+04,2.7427e-01,4.6556e-01,1.7501e+01,5.3414e-01,1.9102e-01
1.2690e+04,2.7404e-01,4.6541e-01,1.7501e+01,5.3429e-01,1.9110e-01
1.2700e+04,2.7382e-01,4.6526e-01,1.7501e+01,5.3443e-01,1.9118e-01
1.2710e+04,2.7360e-01,4.6512e-01,1.7501e+01,5.3458e-01,1.9126e-01
1.2720e+04,2.7337e-01,4.6497e-01,1.7501e+01,5.3472e-01,1.9133e-01
1.2730e+04,2.7315e-01,4.6483e-01,1.7501e+01,5.3487e-01,1.9141e-01
1.2740e+04,2.7293e-01,4.6468e-01,1.7501e+01,5.3501e-01,1.9149e-01
1.2750e+04,2.7271e-01,4.6454e-01,1.7501e+01,5.3515e-01,1.9157e-01
1.2760e+04,2.7248e-01,4.6439e-01,1.7501e+01,5.3530e-01,1.9165e-01
1.2770e+04,2.7226e-01,4.6425e-01,1.7501e+01,5.3544e-01,1.9172e-01
1.2780e+04,2.7204e-01,4.6411e-01,1.7501e+01,5.3559e-01,1.9180e-01
1.2790e+04,2.7182e-01,4.6396e-01,1.7501e+01,5.3573e-01,1.9188e-01
1.2800e+04,2.7160e-01,4.6382e-01,1.7501e+01,5.3588e-01,1.9196e-01
1.2810e+04,2.7138e-01,4.6367e-01,1.7501e+01,5.3602e-01,1.9203e-01
1.2820e+04,2.7116e-01,4.6353e-01,1.7501e+01,5.3616e-01,1.9211e-01
1.2830e+04,2.7094e-01,4.6339e-01,1.7501e+01,5.3631e-01,1.9219e-01
1.2840e+04,2.7072e-01,4.6324e-01,1.7501e+01,5.3645e-01,1.9226e-01
1.2850e+04,2.7050e-01,4.6310e-01,1.7501e+01,5.3659e-01,1.9234e-01
1.2860e+04,2.7028e-01,4.6296e-01,1.7501e+01,5.3673e-01,1.9242e-01
1.2870e+04,2.7006e-01,4.6282e-01,1.7501e+01,5.3688e-01,1.9250e-01
1.2880e+04,2.6984e-01,4.6267e-01,1.7501e+01,5.3702e-01,1.9257e-01
1.2890e+04,2.6962e-01,4.6253e-01,1.7501e+01,5.3716e-01,1.9265e-01
1.2900e+04,2.6940e-01,4.6239e-01,1.7501e+01,5.3730e-01,1.9273e-01
1.2910e+04,2.6918e-01,4.6225e-01,1.7501e+01,5.3745e-01,1.9280e-01
1.2920e+04,2.6896e-01,4.6211e-01,1.7501e+01,5.3759e-01,1.9288e-01
1.2930e+04,2.6874e-01,4.6196e-01,1.7501e+01,5.3773e-01,1.9296e-01
1.2940e+04,2.6853e-01,4.6182e-01,1.7501e+01,5.3787e-01,1.9303e-01
1.2950e+04,2.6831e-01,4.6168e-01,1.7501e+01,5.3801e-01,1.9311e-01
1.2960e+04,2.6809e-01,4.6154e-01,1.7501e+01,5.3815e-01,1.9319e-01
1.2970e+04,2.6787e-01,4.6140e-01,1.7501e+01,5.3829e-01,1.9326e-01
1.2980e+04,2.6766e-01,4.6126e-01,1.7501e+01,5.3843e-01,1.9334e-01
1.2990e+04,2.6744e-01,4.6112e-01,1.7501e+01,5.3858e-01,1.9342e-01
1.3000e+04,2.6722e-01,4.6098e-01,1.7501e+01,5.3872e-01,1.9349e-01
1.3010e+04,2.6700e-01,4.6084e-01,1.7501e+01,5.3886e-01,1.9357e-01
1.3020e+04,2.6679e-01,4.6070e-01,1.7501e+01,5.3900e-01,1.9364e-01
1.3030e+04,2.6657e-01,4.6056e-01,1.7501e+01,5.3914e-01,1.9372e-01
1.3040e+04,2.6636e-01,4.6042e-01,1.7501e+01,5.3928e-01,1.9380e-01
1.3050e+04,2.6614e-01,4.6028e-01,1.7501e+01,5.3942e-01,1.9387e-01
1.3060e+04,2.6593e-01,4.6014e-01,1.7501e+01,5.3956e-01,1.9395e-01
1.3070e+04,2.6571e-01,4.6000e-01,1.7501e+01,5.3970e-01,1.9402e-01
1.3080e+04,2.6550e-01,4.5986e-01,1.7501e+01,5.3983e-01,1.9410e-01
1.3090e+04,2.6528e-01,4.5972e-01,1.7501e+01,5.3997e-01,1.9417e-01
1.3100e+04,2.6507e-01,4.5958e-01,1.7501e+01,5.4011e-01,1.9425e-01
1.3110e+04,2.6485e-01,4.5944e-01,1.7501e+01,5.4025e-01,1.9433e-01
1.3120e+04,2.6464e-01,4.5930e-01,1.7501e+01,5.4039e-01,1.9440e-01
1.3130e+04,2.6442e-01,4.5916e-01,1.7501e+01,5.4053e-01,1.9448e-01
1.3140e+04,2.6421e-01,4.5902e-01,1.7501e+01,5.4067e-01,1.9455e-01
1.3150e+04,2.6400e-01,4.5889e-01,1.7501e+01,5.4081e-01,1.9463e-01
1.3160e+04,2.6378e-01,4.5875e-01,1.7501e+01,5.4094e-01,1.9470e-01
1.3170e+04,2.6357e-01,4.5861e-01,1.7501e+01,5.4108e-01,1.9478e-01
1.3180e+04,2.6336e-01,4.5847e-01,1.7501e+01,5.4122e-01,1.9485e-01
1.3190e+04,2.6314e-01,4.5833e-01,1.7501e+01,5.4136e-01,1.9493e-01
1.3200e+04,2.6293e-01,4.5820e-01,1.7501e+01,5.4149e-01,1.9500e-01
1.3210e+04,2.6272e-01,4.5806e-01,1.7501e+01,5.4163e-01,1.9508e-01
1.3220e+04,2.6251e-01,4.5792e-01,1.7501e+01,5.4177e-01,1.9515e-01
1.3230e+04,2.6230e-01,4.5778e-01,1.7501e+01,5.4191e-01,1.9523e-01
1.3240e+04,2.6208e-01,4.5765e-01,1.7501e+01,5.4204e-01,1.9530e-01
1.3250e+04,2.6187e-01,4.5751e-01,1.7501e+01,5.4218e-01,1.9538e-01
1.3260e+04,2.6166e-01,4.5737e-01,1.7501e+01,5.4232e-01,1.9545e-01
1.3270e+04,2.6145e-01,4.5724e-01,1.7501e+01,5.4245e-01,1.9553e-01
1.3280e+04,2.6124e-01,4.5710e-01,1.7501e+01,5.4259e-01,1.9560e-01
1.3290e+04,2.6103e-01,4.5697e-01,1.7501e+01,5.4272e-01,1.9568e-01
1.3300e+04,2.6082e-01,4.5683e-01,1.7501e+01,5.4286e-01,1.9575e-01
1.3310e+04,2.6061e-01,4.5669e-01,1.7501e+01,5.4300e-01,1.9582e-01
1.3320e+04,2.6040e-01,4.5656e-01,1.7501e+01,5.4313e-01,1.9590e-01
1.3330e+04,2.6019e-01,4.5642e-01,1.7501e+01,5.4327e-01,1.9597e-01
1.3340e+04,2.5998e-01,4.5629e-01,1.7501e+01,5.4340e-01,1.9605e-01
1.3350e+04,2.5977e-01,4.5615e-01,1.7501e+01,5.4354e-01,1.9612e-01
1.3360e+04,2.5956e-01,4.5602e-01,1.7501e+01,5.4367e-01,1.9619e-01
1.3370e+04,2.5935e-01,4.5588e-01,1.7501e+01,5.4381e-01,1.9627e-01
1.3380e+04,2.5914e-01,4.5575e-01,1.7501e+01,5.4394e-01,1.9634e-01
1.3390e+04,2.5894e-01,4.5561e-01,1.7501e+01,5.4408e-01,1.9642e-01
1.3400e+04,2.5873e-01,4.5548e-01,1.7501e+01,5.4421e-01,1.9649e-01
1.3410e+04,2.5852e-01,4.5534e-01,1.7501e+01,5.4435e-01,1.9656e-01
1.3420e+04,2.5831e-01,4.5521e-01,1.7501e+01,5.4448e-01,1.9664e-01
1.3430e+04,2.5810e-01,4.5507e-01,1.7501e+01,5.4461e-01,1.9671e-01
1.3440e+04,2.5790e-01,4.5494e-01,1.7501e+01,5.4475e-01,1.9678e-01
1.3450e+04,2.5769e-01,4.5481e-01,1.7501e+01,5.4488e-01,1.9686e-01
1.3460e+04,2.5748e-01,4.5467e-01,1.7501e+01,5.4502e-01,1.9693e-01
1.3470e+04,2.5728e-01,4.5454e-01,1.7501e+01,5.4515e-01,1.9700e-01
1.3480e+04,2.5707e-01,4.5441e-01,1.7501e+01,5.4528e-01,1.9708e-01
1.3490e+04,2.5686e-01,4.5427e-01,1.7501e+01,5.4542e-01,1.9715e-01
1.3500e+04,2.5666e-01,4.5414e-01,1.7501e+01,5.4555e-01,1.9722e-01
1.3510e+04,2.5645e-01,4.5401e-01,1.7501e+01,5.4568e-01,1.9730e-01
1.3520e+04,2.5624e-01,4.5387e-01,1.7501e+01,5.4581e-01,1.9737e-01
1.3530e+04,2.5604e-01,4.5374e-01,1.7501e+01,5.4595e-01,1.9744e-01
1.3540e+04,2.5583e-01,4.5361e-01,1.7501e+01,5.4608e-01,1.9752e-01
1.3550e+04,2.5563e-01,4.5348e-01,1.7501e+01,5.4621e-01,1.9759e-01
1.3560e+04,2.5542e-01,4.5334e-01,1.7501e+01,5.4634e-01,1.9766e-01
1.3570e+04,2.5522e-01,4.5321e-01,1.7501e+01,5.4648e-01,1.9774e-01
1.3580e+04,2.5501e-01,4.5308e-01,1.7501e+01,5.4661e-01,1.9781e-01
1.3590e+04,2.5481e-01,4.5295e-01,1.7501e+01,5.4674e-01,1.9788e-01
1.3600e+04,2.5461e-01,4.5282e-01,1.7501e+01,5.4687e-01,1.9795e-01
1.3610e+04,2.5440e-01,4.5269e-01,1.7501e+01,5.4700e-01,1.9803e-01
1.3620e+04,2.5420e-01,4.5255e-01,1.7501e+01,5.4713e-01,1.9810e-01
1.3630e+04,2.5399e-01,4.5242e-01,1.7501e+01,5.4726e-01,1.9817e-01
1.3640e+04,2.5379e-01,4.5229e-01,1.7501e+01,5.4739e-01,1.9824e-01
1.3650e+04,2.5359e-01,4.5216e-01,1.7501e+01,5.4753e-01,1.9832e-01
1.3660e+04,2.5338e-01,4.5203e-01,1.7501e+01,5.4766e-01,1.9839e-01
1.3670e+04,2.5318e-01,4.5190e-01,1.7501e+01,5.4779e-01,1.9846e-01
1.3680e+04,2.5298e-01,4.5177e-01,1.7501e+01,5.4792e-01,1.9853e-01
1.3690e+04,2.5278e-01,4.5164e-01,1.7501e+01,5.4805e-01,1.9860e-01
1.3700e+04,2.5257e-01,4.5151e-01,1.7501e+01,5.4818e-01,1.9868e-01
1.3710e+04,2.5237e-01,4.5138e-01,1.7501e+01,5.4831e-01,1.9875e-01
1.3720e+04,2.5217e-01,4.5125e-01,1.7501e+01,5.4844e-01,1.9882e-01
1.3730e+04,2.5197e-01,4.5112e-01,1.7501e+01,5.4857e-01,1.9889e-01
1.3740e+04,2.5177e-01,4.5099e-01,1.7501e+01,5.4870e-01,1.9896e-01
1.3750e+04,2.5157e-01,4.5086e-01,1.7501e+01,5.4883e-01,1.9904e-01
1.3760e+04,2.5137e-01,4.5073e-01,1.7501e+01,5.4896e-01,1.9911e-01
1.3770e+04,2.5117e-01,4.5060e-01,1.7501e+01,5.4908e-01,1.9918e-01
1.3780e+04,2.5096e-01,4.5047e-01,1.7501e+01,5.4921e-01,1.9925e-01
1.3790e+04,2.5076e-01,4.5034e-01,1.7501e+01,5.4934e-01,1.9932e-01
1.3800e+04,2.5056e-01,4.5021e-01,1.7501e+01,5.4947e-01,1.9939e-01
1.3810e+04,2.5036e-01,4.5009e-01,1.7501e+01,5.4960e-01,1.9946e-01
1.3820e+04,2.5016e-01,4.4996e-01,1.7501e+01,5.4973e-01,1.9954e-01
1.3830e+04,2.4996e-01,4.4983e-01,1.7501e+01,5.4986e-01,1.9961e-01
1.3840e+04,2.4977e-01,4.4970e-01,1.7501e+01,5.4998e-01,1.9968e-01
1.3850e+04,2.4957e-01,4.4957e-01,1.7501e+01,5.5011e-01,1.9975e-01
1.3860e+04,2.4937e-01,4.4944e-01,1.7501e+01,5.5024e-01,1.9982e-01
1.3870e+04,2.4917e-01,4.4932e-01,1.7501e+01,5.5037e-01,1.9989e-01
1.3880e+04,2.4897e-01,4.4919e-01,1.7501e+01,5.5050e-01,1.9996e-01
1.3890e+04,2.4877e-01,4.4906e-01,1.7501e+01,5.5062e-01,2.0003e-01
1.3900e+04,2.4857e-01,4.4893e-01,1.7501e+01,5.5075e-01,2.0011e-01
1.3910e+04,2.4838e-01,4.4881e-01,1.7501e+01,5.5088e-01,2.0018e-01
1.3920e+04,2.4818e-01,4.4868e-01,1.7501e+01,5.5100e-01,2.0025e-01
1.3930e+04,2.4798e-01,4.4855e-01,1.7501e+01,5.5113e-01,2.0032e-01
1.3940e+04,2.4778e-01,4.4843e-01,1.7501e+01,5.5126e-01,2.0039e-01
1.3950e+04,2.4759e-01,4.4830e-01,1.7501e+01,5.5139e-01,2.0046e-01
1.3960e+04,2.4739e-01,4.4817e-01,1.7501e+01,5.5151e-01,2.0053e-01
1.3970e+04,2.4719e-01,4.4805e-01,1.7501e+01,5.5164e-01,2.0060e-01
1.3980e+04,2.4699e-01,4.4792e-01,1.7501e+01,5.5176e-01,2.0067e-01
1.3990e+04,2.4680e-01,4.4779e-01,1.7501e+01,5.5189e-01,2.0074e-01
1.4000e+04,2.4660e-01,4.4767e-01,1.7501e+01,5.5202e-01,2.0081e-01
1.4010e+04,2.4641e-01,4.4754e-01,1.7501e+01,5.5214e-01,2.0088e-01
1.4020e+04,2.4621e-01,4.4742e-01,1.7501e+01,5.5227e-01,2.0095e-01
1.4030e+04,2.4601e-01,4.4729e-01,1.7501e+01,5.5239e-01,2.0102e-01
1.4040e+04,2.4582e-01,4.4717e-01,1.7501e+01,5.5252e-01,2.0109e-01
1.4050e+04,2.4562e-01,4.4704e-01,1.7501e+01,5.5264e-01,2.0116e-01
1.4060e+04,2.4543e-01,4.4691e-01,1.7501e+01,5.5277e-01,2.0123e-01
1.4070e+04,2.4523e-01,4.4679e-01,1.7501e+01,5.5289e-01,2.0130e-01
1.4080e+04,2.4504e-01,4.4666e-01,1.7501e+01,5.5302e-01,2.0137e-01
1.4090e+04,2.4484e-01,4.4654e-01,1.7501e+01,5.5314e-01,2.0144e-01
1.4100e+04,2.4465e-01,4.4642e-01,1.7501e+01,5.5327e-01,2.0151e-01
1.4110e+04,2.4446e-01,4.4629e-01,1.7501e+01,5.5339e-01,2.0158e-01
1.4120e+04,2.4426e-01,4.4617e-01,1.7501e+01,5.5352e-01,2.0165e-01
1.4130e+04,2.4407e-01,4.4604e-01,1.7501e+01,5.5364e-01,2.0172e-01
1.4140e+04,2.4387e-01,4.4592e-01,1.7501e+01,5.5377e-01,2.0179e-01
1.4150e+04,2.4368e-01,4.4579e-01,1.7501e+01,5.5389e-01,2.0186e-01
1.4160e+04,2.4349e-01,4.4567e-01,1.7501e+01,5.5401e-01,2.0193e-01
1.4170e+04,2.4329e-01,4.4555e-01,1.7501e+01,5.5414e-01,2.0200e-01
1.4180e+04,2.4310e-01,4.4542e-01,1.7501e+01,5.5426e-01,2.0207e-01
1.4190e+04,2.4291e-01,4.4530e-01,1.7501e+01,5.5438e-01,2.0214e-01
1.4200e+04,2.4272e-01,4.4518e-01,1.7501e+01,5.5451e-01,2.0221e-01
1.4210e+04,2.4252e-01,4.4505e-01,1.7501e+01,5.5463e-01,2.0227e-01
1.4220e+04,2.4233e-01,4.4493e-01,1.7501e+01,5.5475e-01,2.0234e-01
1.4230e+04,2.4214e-01,4.4481e-01,1.7501e+01,5.5488e-01,2.0241e-01
1.4240e+04,2.4195e-01,4.4468e-01,1.7501e+01,5.5500e-01,2.0248e-01
1.4250e+04,2.4176e-01,4.4456e-01,1.7501e+01,5.5512e-01,2.0255e-01
1.4260e+04,2.4156e-01,4.4444e-01,1.7501e+01,5.5524e-01,2.0262e-01
1.4270e+04,2.4137e-01,4.4432e-01,1.7501e+01,5.5537e-01,2.0269e-01
1.4280e+04,2.4118e-01,4.4419e-01,1.7501e+01,5.5549e-01,2.0276e-01
1.4290e+04,2.4099e-01,4.4407e-01,1.7501e+01,5.5561e-01,2.0283e-01
1.4300e+04,2.4080e-01,4.4395e-01,1.7501e+01,5.5573e-01,2.0290e-01
1.4310e+04,2.4061e-01,4.4383e-01,1.7501e+01,5.5585e-01,2.0296e-01
1.4320e+04,2.4042e-01,4.4371e-01,1.7501e+01,5.5598e-01,2.0303e-01
1.4330e+04,2.4023e-01,4.4358e-01,1.7501e+01,5.5610e-01,2.0310e-01
1.4340e+04,2.4004e-01,4.4346e-01,1.7501e+01,5.5622e-01,2.0317e-01
1.4350e+04,2.3985e-01,4.4334e-01,1.7501e+01,5.5634e-01,2.0324e-01
1.4360e+04,2.3966e-01,4.4322e-01,1.7501e+01,5.5646e-01,2.0331e-01
1.4370e+04,2.3947e-01,4.4310e-01,1.7501e+01,5.5658e-01,2.0337e-01
1.4380e+04,2.3928e-01,4.4298e-01,1.7501e+01,5.5670e-01,2.0344e-01
1.4390e+04,2.3909e-01,4.4286e-01,1.7501e+01,5.5682e-01,2.0351e-01
