t,[L2M],[D],[L],[L2MD],[L2Ms]
0.0000e+00,4.5000e+00,9.0000e+00,1.5000e+01,0.0000e+00,0.0000e+00
1.0000e+01,4.4435e+00,8.9479e+00,1.5003e+01,5.2023e-02,1.4493e-03
2.0000e+01,4.3908e+00,8.8966e+00,1.5003e+01,1.0327e-01,2.8853e-03
3.0000e+01,4.3391e+00,8.8462e+00,1.5003e+01,1.5364e-01,4.3045e-03
4.0000e+01,4.2882e+00,8.7967e+00,1.5003e+01,2.0313e-01,5.7073e-03
5.0000e+01,4.2381e+00,8.7480e+00,1.5003e+01,2.5178e-01,7.0938e-03
6.0000e+01,4.1889e+00,8.7001e+00,1.5003e+01,2.9961e-01,8.4643e-03
7.0000e+01,4.1406e+00,8.6531e+00,1.5003e+01,3.4663e-01,9.8191e-03
8.0000e+01,4.0930e+00,8.6068e+00,1.5003e+01,3.9287e-01,1.1159e-02
9.0000e+01,4.0462e+00,8.5613e+00,1.5003e+01,4.3834e-01,1.2483e-02
1.0000e+02,4.0002e+00,8.5166e+00,1.5003e+01,4.8305e-01,1.3792e-02
1.1000e+02,3.9549e+00,8.4725e+00,1.5003e+01,5.2704e-01,1.5086e-02
1.2000e+02,3.9103e+00,8.4293e+00,1.5003e+01,5.7031e-01,1.6367e-02
1.3000e+02,3.8665e+00,8.3867e+00,1.5003e+01,6.1288e-01,1.7632e-02
1.4000e+02,3.8233e+00,8.3447e+00,1.5003e+01,6.5477e-01,1.8884e-02
1.5000e+02,3.7809e+00,8.3035e+00,1.5003e+01,6.9599e-01,2.0122e-02
1.6000e+02,3.7391e+00,8.2629e+00,1.5003e+01,7.3656e-01,2.1347e-02
1.7000e+02,3.6980e+00,8.2229e+00,1.5003e+01,7.7649e-01,2.2558e-02
1.8000e+02,3.6574e+00,8.1836e+00,1.5003e+01,8.1580e-01,2.3755e-02
1.9000e+02,3.6176e+00,8.1449e+00,1.5003e+01,8.5449e-01,2.4940e-02
2.0000e+02,3.5783e+00,8.1068e+00,1.5003e+01,8.9259e-01,2.6112e-02
2.1000e+02,3.5396e+00,8.0692e+00,1.5003e+01,9.3011e-01,2.7272e-02
2.2000e+02,3.5015e+00,8.0323e+00,1.5003e+01,9.6705e-01,2.8419e-02
2.3000e+02,3.4640e+00,7.9959e+00,1.5003e+01,1.0034e+00,2.9554e-02
2.4000e+02,3.4271e+00,7.9600e+00,1.5003e+01,1.0393e+00,3.0677e-02
2.5000e+02,3.3907e+00,7.9247e+00,1.5003e+01,1.0746e+00,3.1788e-02
2.6000e+02,3.3548e+00,7.8899e+00,1.5003e+01,1.1093e+00,3.2887e-02
2.7000e+02,3.3194e+00,7.8556e+00,1.5003e+01,1.1436e+00,3.3975e-02
2.8000e+02,3.2846e+00,7.8218e+00,1.5003e+01,1.1773e+00,3.5052e-02
2.9000e+02,3.2503e+00,7.7885e+00,1.5003e+01,1.2106e+00,3.6117e-02
3.0000e+02,3.2164e+00,7.7557e+00,1.5003e+01,1.2434e+00,3.7172e-02
3.1000e+02,3.1831e+00,7.7234e+00,1.5003e+01,1.2757e+00,3.8215e-02
3.2000e+02,3.1502e+00,7.6916e+00,1.5003e+01,1.3075e+00,3.9248e-02
3.3000e+02,3.1178e+00,7.6602e+00,1.5003e+01,1.3389e+00,4.0270e-02
3.4000e+02,3.0859e+00,7.6292e+00,1.5003e+01,1.3699e+00,4.1282e-02
3.5000e+02,3.0544e+00,7.5987e+00,1.5003e+01,1.4004e+00,4.2283e-02
3.6000e+02,3.0233e+00,7.5686e+00,1.5003e+01,1.4304e+00,4.3275e-02
3.7000e+02,2.9927e+00,7.5389e+00,1.5003e+01,1.4601e+00,4.4256e-02
3.8000e+02,2.9625e+00,7.5096e+00,1.5003e+01,1.4893e+00,4.5228e-02
3.9000e+02,2.9327e+00,7.4808e+00,1.5003e+01,1.5182e+00,4.6189e-02
4.0000e+02,2.9033e+00,7.4523e+00,1.5003e+01,1.5466e+00,4.7142e-02
4.1000e+02,2.8743e+00,7.4243e+00,1.5003e+01,1.5747e+00,4.8084e-02
4.2000e+02,2.8457e+00,7.3966e+00,1.5003e+01,1.6023e+00,4.9018e-02
4.3000e+02,2.8174e+00,7.3693e+00,1.5003e+01,1.6296e+00,4.9942e-02
4.4000e+02,2.7896e+00,7.3423e+00,1.5003e+01,1.6565e+00,5.0857e-02
4.5000e+02,2.7621e+00,7.3157e+00,1.5003e+01,1.6831e+00,5.1763e-02
4.6000e+02,2.7350e+00,7.2895e+00,1.5003e+01,1.7093e+00,5.2661e-02
4.7000e+02,2.7083e+00,7.2636e+00,1.5003e+01,1.7352e+00,5.3549e-02
4.8000e+02,2.6819e+00,7.2381e+00,1.5003e+01,1.7607e+00,5.4429e-02
4.9000e+02,2.6558e+00,7.2129e+00,1.5003e+01,1.7859e+00,5.5301e-02
5.0000e+02,2.6301e+00,7.1880e+00,1.5003e+01,1.8108e+00,5.6164e-02
5.1000e+02,2.6047e+00,7.1635e+00,1.5003e+01,1.8353e+00,5.7019e-02
5.2000e+02,2.5796e+00,7.1392e+00,1.5003e+01,1.8595e+00,5.7865e-02
5.3000e+02,2.5549e+00,7.1153e+00,1.5003e+01,1.8834e+00,5.8704e-02
5.4000e+02,2.5305e+00,7.0917e+00,1.5003e+01,1.9070e+00,5.9534e-02
5.5000e+02,2.5063e+00,7.0684e+00,1.5003e+01,1.9303e+00,6.0357e-02
5.6000e+02,2.4825e+00,7.0454e+00,1.5003e+01,1.9533e+00,6.1172e-02
5.7000e+02,2.4590e+00,7.0226e+00,1.5003e+01,1.9760e+00,6.1979e-02
5.8000e+02,2.4358e+00,7.0002e+00,1.5003e+01,1.9985e+00,6.2779e-02
5.9000e+02,2.4128e+00,6.9780e+00,1.5003e+01,2.0206e+00,6.3571e-02
6.0000e+02,2.3902e+00,6.9561e+00,1.5003e+01,2.0425e+00,6.4356e-02
6.1000e+02,2.3678e+00,6.9345e+00,1.5003e+01,2.0641e+00,6.5133e-02
6.2000e+02,2.3457e+00,6.9132e+00,1.5003e+01,2.0854e+00,6.5903e-02
6.3000e+02,2.3239e+00,6.8921e+00,1.5003e+01,2.1065e+00,6.6666e-02
6.4000e+02,2.3023e+00,6.8713e+00,1.5003e+01,2.1273e+00,6.7422e-02
6.5000e+02,2.2810e+00,6.8507e+00,1.5003e+01,2.1478e+00,6.8171e-02
6.6000e+02,2.2600e+00,6.8304e+00,1.5003e+01,2.1681e+00,6.8914e-02
6.7000e+02,2.2392e+00,6.8103e+00,1.5003e+01,2.1882e+00,6.9649e-02
6.8000e+02,2.2186e+00,6.7905e+00,1.5003e+01,2.2080e+00,7.0378e-02
6.9000e+02,2.1983e+00,6.7709e+00,1.5003e+01,2.2276e+00,7.1100e-02
7.0000e+02,2.1782e+00,6.7515e+00,1.5003e+01,2.2470e+00,7.1815e-02
7.1000e+02,2.1584e+00,6.7324e+00,1.5003e+01,2.2661e+00,7.2524e-02
7.2000e+02,2.1388e+00,6.7135e+00,1.5003e+01,2.2850e+00,7.3226e-02
7.3000e+02,2.1194e+00,6.6948e+00,1.5003e+01,2.3036e+00,7.3923e-02
7.4000e+02,2.1003e+00,6.6763e+00,1.5003e+01,2.3221e+00,7.4613e-02
7.5000e+02,2.0814e+00,6.6581e+00,1.5003e+01,2.3403e+00,7.5296e-02
7.6000e+02,2.0627e+00,6.6401e+00,1.5003e+01,2.3583e+00,7.5974e-02
7.7000e+02,2.0442e+00,6.6222e+00,1.5003e+01,2.3762e+00,7.6646e-02
7.8000e+02,2.0259e+00,6.6046e+00,1.5003e+01,2.3938e+00,7.7311e-02
7.9000e+02,2.0079e+00,6.5872e+00,1.5003e+01,2.4112e+00,7.7971e-02
8.0000e+02,1.9900e+00,6.5700e+00,1.5003e+01,2.4284e+00,7.8625e-02
8.1000e+02,1.9723e+00,6.5530e+00,1.5003e+01,2.4454e+00,7.9273e-02
8.2000e+02,1.9549e+00,6.5361e+00,1.5003e+01,2.4622e+00,7.9915e-02
8.3000e+02,1.9376e+00,6.5195e+00,1.5003e+01,2.4788e+00,8.0552e-02
8.4000e+02,1.9206e+00,6.5031e+00,1.5003e+01,2.4953e+00,8.1183e-02
8.5000e+02,1.9037e+00,6.4868e+00,1.5003e+01,2.5115e+00,8.1809e-02
8.6000e+02,1.8870e+00,6.4707e+00,1.5003e+01,2.5276e+00,8.2429e-02
8.7000e+02,1.8705e+00,6.4548e+00,1.5003e+01,2.5435e+00,8.3043e-02
8.8000e+02,1.8542e+00,6.4391e+00,1.5003e+01,2.5592e+00,8.3653e-02
8.9000e+02,1.8380e+00,6.4235e+00,1.5003e+01,2.5747e+00,8.4257e-02
9.0000e+02,1.8221e+00,6.4082e+00,1.5003e+01,2.5901e+00,8.4856e-02
9.1000e+02,1.8063e+00,6.3929e+00,1.5003e+01,2.6053e+00,8.5449e-02
9.2000e+02,1.7906e+00,6.3779e+00,1.5003e+01,2.6203e+00,8.6038e-02
9.3000e+02,1.7752e+00,6.3630e+00,1.5003e+01,2.6352e+00,8.6621e-02
9.4000e+02,1.7599e+00,6.3483e+00,1.5003e+01,2.6499e+00,8.7200e-02
9.5000e+02,1.7448e+00,6.3338e+00,1.5003e+01,2.6645e+00,8.7773e-02
9.6000e+02,1.7298e+00,6.3194e+00,1.5003e+01,2.6788e+00,8.8342e-02
9.7000e+02,1.7150e+00,6.3051e+00,1.5003e+01,2.6931e+00,8.8906e-02
9.8000e+02,1.7004e+00,6.2910e+00,1.5003e+01,2.7072e+00,8.9465e-02
9.9000e+02,1.6859e+00,6.2771e+00,1.5003e+01,2.7211e+00,9.0019e-02
1.0000e+03,1.6716e+00,6.2633e+00,1.5003e+01,2.7349e+00,9.0569e-02
1.0100e+03,1.6574e+00,6.2496e+00,1.5003e+01,2.7485e+00,9.1114e-02
1.0200e+03,1.6433e+00,6.2361e+00,1.5003e+01,2.7620e+00,9.1654e-02
1.0300e+03,1.6295e+00,6.2228e+00,1.5003e+01,2.7754e+00,9.2190e-02
1.0400e+03,1.6157e+00,6.2096e+00,1.5003e+01,2.7886e+00,9.2721e-02
1.0500e+03,1.6021e+00,6.1965e+00,1.5003e+01,2.8016e+00,9.3248e-02
1.0600e+03,1.5887e+00,6.1835e+00,1.5003e+01,2.8146e+00,9.3770e-02
1.0700e+03,1.5753e+00,6.1707e+00,1.5003e+01,2.8274e+00,9.4288e-02
1.0800e+03,1.5622e+00,6.1581e+00,1.5003e+01,2.8400e+00,9.4802e-02
1.0900e+03,1.5491e+00,6.1455e+00,1.5003e+01,2.8526e+00,9.5311e-02
1.1000e+03,1.5362e+00,6.1331e+00,1.5003e+01,2.8650e+00,9.5816e-02
1.1100e+03,1.5234e+00,6.1208e+00,1.5003e+01,2.8773e+00,9.6317e-02
1.1200e+03,1.5108e+00,6.1087e+00,1.5003e+01,2.8894e+00,9.6814e-02
1.1300e+03,1.4983e+00,6.0966e+00,1.5003e+01,2.9014e+00,9.7307e-02
1.1400e+03,1.4859e+00,6.0847e+00,1.5003e+01,2.9133e+00,9.7796e-02
1.1500e+03,1.4736e+00,6.0729e+00,1.5003e+01,2.9251e+00,9.8280e-02
1.1600e+03,1.4615e+00,6.0612e+00,1.5003e+01,2.9368e+00,9.8761e-02
1.1700e+03,1.4494e+00,6.0497e+00,1.5003e+01,2.9483e+00,9.9238e-02
1.1800e+03,1.4375e+00,6.0382e+00,1.5003e+01,2.9598e+00,9.9710e-02
1.1900e+03,1.4257e+00,6.0269e+00,1.5003e+01,2.9711e+00,1.0018e-01
1.2000e+03,1.4141e+00,6.0157e+00,1.5003e+01,2.9823e+00,1.0064e-01
1.2100e+03,1.4025e+00,6.0046e+00,1.5003e+01,2.9934e+00,1.0111e-01
1.2200e+03,1.3911e+00,5.9936e+00,1.5003e+01,3.0044e+00,1.0156e-01
1.2300e+03,1.3798e+00,5.9827e+00,1.5003e+01,3.0152e+00,1.0202e-01
1.2400e+03,1.3685e+00,5.9720e+00,1.5003e+01,3.0260e+00,1.0247e-01
1.2500e+03,1.3574e+00,5.9613e+00,1.5003e+01,3.0366e+00,1.0291e-01
1.2600e+03,1.3464e+00,5.9508e+00,1.5003e+01,3.0472e+00,1.0336e-01
1.2700e+03,1.3356e+00,5.9403e+00,1.5003e+01,3.0576e+00,1.0380e-01
1.2800e+03,1.3248e+00,5.9299e+00,1.5003e+01,3.0680e+00,1.0423e-01
1.2900e+03,1.3141e+00,5.9197e+00,1.5003e+01,3.0782e+00,1.0466e-01
1.3000e+03,1.3035e+00,5.9095e+00,1.5003e+01,3.0884e+00,1.0509e-01
1.3100e+03,1.2930e+00,5.8995e+00,1.5003e+01,3.0984e+00,1.0552e-01
1.3200e+03,1.2827e+00,5.8895e+00,1.5003e+01,3.1084e+00,1.0594e-01
1.3300e+03,1.2724e+00,5.8797e+00,1.5003e+01,3.1182e+00,1.0636e-01
1.3400e+03,1.2622e+00,5.8699e+00,1.5003e+01,3.1280e+00,1.0677e-01
1.3500e+03,1.2522e+00,5.8602e+00,1.5003e+01,3.1377e+00,1.0719e-01
1.3600e+03,1.2422e+00,5.8507e+00,1.5003e+01,3.1472e+00,1.0760e-01
1.3700e+03,1.2323e+00,5.8412e+00,1.5003e+01,3.1567e+00,1.0800e-01
1.3800e+03,1.2225e+00,5.8318e+00,1.5003e+01,3.1661e+00,1.0840e-01
1.3900e+03,1.2128e+00,5.8225e+00,1.5003e+01,3.1754e+00,1.0880e-01
1.4000e+03,1.2032e+00,5.8132e+00,1.5003e+01,3.1846e+00,1.0920e-01
1.4100e+03,1.1937e+00,5.8041e+00,1.5003e+01,3.1938e+00,1.0959e-01
1.4200e+03,1.1842e+00,5.7951e+00,1.5003e+01,3.2028e+00,1.0998e-01
1.4300e+03,1.1749e+00,5.7861e+00,1.5003e+01,3.2117e+00,1.1037e-01
1.4400e+03,1.1656e+00,5.7772e+00,1.5003e+01,3.2206e+00,1.1075e-01
1.4500e+03,1.1565e+00,5.7684e+00,1.5003e+01,3.2294e+00,1.1113e-01
1.4600e+03,1.1474e+00,5.7597e+00,1.5003e+01,3.2381e+00,1.1151e-01
1.4700e+03,1.1384e+00,5.7511e+00,1.5003e+01,3.2467e+00,1.1188e-01
1.4800e+03,1.1295e+00,5.7425e+00,1.5003e+01,3.2553e+00,1.1226e-01
1.4900e+03,1.1206e+00,5.7341e+00,1.5003e+01,3.2637e+00,1.1262e-01
1.5000e+03,1.1119e+00,5.7257e+00,1.5003e+01,3.2721e+00,1.1299e-01
1.5100e+03,1.1032e+00,5.7174e+00,1.5003e+01,3.2804e+00,1.1335e-01
1.5200e+03,1.0946e+00,5.7091e+00,1.5003e+01,3.2887e+00,1.1371e-01
1.5300e+03,1.0861e+00,5.7010e+00,1.5003e+01,3.2968e+00,1.1407e-01
1.5400e+03,1.0777e+00,5.6929e+00,1.5003e+01,3.3049e+00,1.1443e-01
1.5500e+03,1.0693e+00,5.6849e+00,1.5003e+01,3.3129e+00,1.1478e-01
1.5600e+03,1.0610e+00,5.6769e+00,1.5003e+01,3.3209e+00,1.1513e-01
1.5700e+03,1.0528e+00,5.6690e+00,1.5003e+01,3.3287e+00,1.1547e-01
1.5800e+03,1.0447e+00,5.6612e+00,1.5003e+01,3.3365e+00,1.1582e-01
1.5900e+03,1.0366e+00,5.6535e+00,1.5003e+01,3.3442e+00,1.1616e-01
1.6000e+03,1.0286e+00,5.6459e+00,1.5003e+01,3.3519e+00,1.1650e-01
1.6100e+03,1.0207e+00,5.6383e+00,1.5003e+01,3.3595e+00,1.1683e-01
1.6200e+03,1.0128e+00,5.6308e+00,1.5003e+01,3.3670e+00,1.1717e-01
1.6300e+03,1.0051e+00,5.6233e+00,1.5003e+01,3.3744e+00,1.1750e-01
1.6400e+03,9.9736e-01,5.6159e+00,1.5003e+01,3.3818e+00,1.1783e-01
1.6500e+03,9.8972e-01,5.6086e+00,1.5003e+01,3.3891e+00,1.1815e-01
1.6600e+03,9.8215e-01,5.6013e+00,1.5003e+01,3.3964e+00,1.1847e-01
1.6700e+03,9.7465e-01,5.5942e+00,1.5003e+01,3.4036e+00,1.1880e-01
1.6800e+03,9.6721e-01,5.5870e+00,1.5003e+01,3.4107e+00,1.1911e-01
1.6900e+03,9.5983e-01,5.5800e+00,1.5003e+01,3.4177e+00,1.1943e-01
1.7000e+03,9.5253e-01,5.5730e+00,1.5003e+01,3.4247e+00,1.1974e-01
1.7100e+03,9.4528e-01,5.5660e+00,1.5003e+01,3.4317e+00,1.2005e-01
1.7200e+03,9.3810e-01,5.5592e+00,1.5003e+01,3.4385e+00,1.2036e-01
1.7300e+03,9.3098e-01,5.5523e+00,1.5003e+01,3.4454e+00,1.2067e-01
1.7400e+03,9.2393e-01,5.5456e+00,1.5003e+01,3.4521e+00,1.2097e-01
1.7500e+03,9.1693e-01,5.5389e+00,1.5003e+01,3.4588e+00,1.2128e-01
1.7600e+03,9.1000e-01,5.5323e+00,1.5003e+01,3.4654e+00,1.2158e-01
1.7700e+03,9.0312e-01,5.5257e+00,1.5003e+01,3.4720e+00,1.2187e-01
1.7800e+03,8.9631e-01,5.5191e+00,1.5003e+01,3.4785e+00,1.2217e-01
1.7900e+03,8.8956e-01,5.5127e+00,1.5003e+01,3.4850e+00,1.2246e-01
1.8000e+03,8.8286e-01,5.5063e+00,1.5003e+01,3.4914e+00,1.2275e-01
1.8100e+03,8.7622e-01,5.4999e+00,1.5003e+01,3.4977e+00,1.2304e-01
1.8200e+03,8.6964e-01,5.4936e+00,1.5003e+01,3.5040e+00,1.2333e-01
1.8300e+03,8.6311e-01,5.4874e+00,1.5003e+01,3.5103e+00,1.2361e-01
1.8400e+03,8.5664e-01,5.4812e+00,1.5003e+01,3.5165e+00,1.2389e-01
1.8500e+03,8.5023e-01,5.4750e+00,1.5003e+01,3.5226e+00,1.2417e-01
1.8600e+03,8.4387e-01,5.4690e+00,1.5003e+01,3.5287e+00,1.2445e-01
1.8700e+03,8.3756e-01,5.4629e+00,1.5003e+01,3.5347e+00,1.2473e-01
1.8800e+03,8.3131e-01,5.4569e+00,1.5003e+01,3.5407e+00,1.2500e-01
1.8900e+03,8.2511e-01,5.4510e+00,1.5003e+01,3.5466e+00,1.2527e-01
1.9000e+03,8.1896e-01,5.4451e+00,1.5003e+01,3.5525e+00,1.2554e-01
1.9100e+03,8.1287e-01,5.4393e+00,1.5003e+01,3.5583e+00,1.2581e-01
1.9200e+03,8.0683e-01,5.4335e+00,1.5003e+01,3.5641e+00,1.2608e-01
1.9300e+03,8.0083e-01,5.4278e+00,1.5003e+01,3.5698e+00,1.2634e-01
1.9400e+03,7.9489e-01,5.4221e+00,1.5003e+01,3.5755e+00,1.2660e-01
1.9500e+03,7.8900e-01,5.4165e+00,1.5003e+01,3.5811e+00,1.2686e-01
1.9600e+03,7.8316e-01,5.4109e+00,1.5003e+01,3.5867e+00,1.2712e-01
1.9700e+03,7.7736e-01,5.4053e+00,1.5003e+01,3.5923e+00,1.2737e-01
1.9800e+03,7.7162e-01,5.3998e+00,1.5003e+01,3.5978e+00,1.2763e-01
1.9900e+03,7.6592e-01,5.3944e+00,1.5003e+01,3.6032e+00,1.2788e-01
2.0000e+03,7.6027e-01,5.3890e+00,1.5003e+01,3.6086e+00,1.2813e-01
2.0100e+03,7.5466e-01,5.3836e+00,1.5003e+01,3.6140e+00,1.2838e-01
2.0200e+03,7.4911e-01,5.3783e+00,1.5003e+01,3.6193e+00,1.2863e-01
2.0300e+03,7.4360e-01,5.3730e+00,1.5003e+01,3.6245e+00,1.2887e-01
2.0400e+03,7.3813e-01,5.3678e+00,1.5003e+01,3.6298e+00,1.2911e-01
2.0500e+03,7.3271e-01,5.3626e+00,1.5003e+01,3.6349e+00,1.2936e-01
2.0600e+03,7.2734e-01,5.3575e+00,1.5003e+01,3.6401e+00,1.2960e-01
2.0700e+03,7.2200e-01,5.3524e+00,1.5003e+01,3.6452e+00,1.2983e-01
2.0800e+03,7.1672e-01,5.3473e+00,1.5003e+01,3.6502e+00,1.3007e-01
2.0900e+03,7.1147e-01,5.3423e+00,1.5003e+01,3.6552e+00,1.3030e-01
2.1000e+03,7.0627e-01,5.3374e+00,1.5003e+01,3.6602e+00,1.3054e-01
2.1100e+03,7.0111e-01,5.3324e+00,1.5003e+01,3.6651e+00,1.3077e-01
2.1200e+03,6.9600e-01,5.3275e+00,1.5003e+01,3.6700e+00,1.3100e-01
2.1300e+03,6.9092e-01,5.3227e+00,1.5003e+01,3.6749e+00,1.3122e-01
2.1400e+03,6.8589e-01,5.3179e+00,1.5003e+01,3.6797e+00,1.3145e-01
2.1500e+03,6.8089e-01,5.3131e+00,1.5003e+01,3.6844e+00,1.3167e-01
2.1600e+03,6.7594e-01,5.3084e+00,1.5003e+01,3.6892e+00,1.3190e-01
2.1700e+03,6.7103e-01,5.3037e+00,1.5003e+01,3.6939e+00,1.3212e-01
2.1800e+03,6.6616e-01,5.2990e+00,1.5003e+01,3.6985e+00,1.3234e-01
2.1900e+03,6.6132e-01,5.2944e+00,1.5003e+01,3.7031e+00,1.3255e-01
2.2000e+03,6.5653e-01,5.2898e+00,1.5003e+01,3.7077e+00,1.3277e-01
2.2100e+03,6.5177e-01,5.2853e+00,1.5003e+01,3.7122e+00,1.3299e-01
2.2200e+03,6.4706e-01,5.2808e+00,1.5003e+01,3.7167e+00,1.3320e-01
2.2300e+03,6.4238e-01,5.2763e+00,1.5003e+01,3.7212e+00,1.3341e-01
2.2400e+03,6.3774e-01,5.2719e+00,1.5003e+01,3.7256e+00,1.3362e-01
2.2500e+03,6.3313e-01,5.2675e+00,1.5003e+01,3.7300e+00,1.3383e-01
2.2600e+03,6.2856e-01,5.2631e+00,1.5003e+01,3.7344e+00,1.3404e-01
2.2700e+03,6.2403e-01,5.2588e+00,1.5003e+01,3.7387e+00,1.3424e-01
2.2800e+03,6.1954e-01,5.2545e+00,1.5003e+01,3.7430e+00,1.3445e-01
2.2900e+03,6.1508e-01,5.2502e+00,1.5003e+01,3.7473e+00,1.3465e-01
2.3000e+03,6.1065e-01,5.2460e+00,1.5003e+01,3.7515e+00,1.3485e-01
2.3100e+03,6.0626e-01,5.2418e+00,1.5003e+01,3.7557e+00,1.3505e-01
2.3200e+03,6.0191e-01,5.2376e+00,1.5003e+01,3.7598e+00,1.3525e-01
2.3300e+03,5.9759e-01,5.2335e+00,1.5003e+01,3.7640e+00,1.3544e-01
2.3400e+03,5.9330e-01,5.2294e+00,1.5003e+01,3.7681e+00,1.3564e-01
2.3500e+03,5.8905e-01,5.2254e+00,1.5003e+01,3.7721e+00,1.3583e-01
2.3600e+03,5.8483e-01,5.2213e+00,1.5003e+01,3.7761e+00,1.3603e-01
2.3700e+03,5.8065e-01,5.2173e+00,1.5003e+01,3.7801e+00,1.3622e-01
2.3800e+03,5.7650e-01,5.2134e+00,1.5003e+01,3.7841e+00,1.3641e-01
2.3900e+03,5.7238e-01,5.2094e+00,1.5003e+01,3.7880e+00,1.3660e-01
2.4000e+03,5.6829e-01,5.2055e+00,1.5003e+01,3.7919e+00,1.3678e-01
2.4100e+03,5.6423e-01,5.2017e+00,1.5003e+01,3.7958e+00,1.3697e-01
2.4200e+03,5.6021e-01,5.1978e+00,1.5003e+01,3.7996e+00,1.3715e-01
2.4300e+03,5.5622e-01,5.1940e+00,1.5003e+01,3.8034e+00,1.3734e-01
2.4400e+03,5.5226e-01,5.1902e+00,1.5003e+01,3.8072e+00,1.3752e-01
2.4500e+03,5.4833e-01,5.1865e+00,1.5003e+01,3.8110e+00,1.3770e-01
2.4600e+03,5.4443e-01,5.1828e+00,1.5003e+01,3.8147e+00,1.3788e-01
2.4700e+03,5.4056e-01,5.1791e+00,1.5003e+01,3.8184e+00,1.3806e-01
2.4800e+03,5.3672e-01,5.1754e+00,1.5003e+01,3.8220e+00,1.3823e-01
2.4900e+03,5.3291e-01,5.1718e+00,1.5003e+01,3.8257e+00,1.3841e-01
2.5000e+03,5.2913e-01,5.1682e+00,1.5003e+01,3.8293e+00,1.3858e-01
2.5100e+03,5.2538e-01,5.1646e+00,1.5003e+01,3.8329e+00,1.3876e-01
2.5200e+03,5.2166e-01,5.1610e+00,1.5003e+01,3.8364e+00,1.3893e-01
2.5300e+03,5.1797e-01,5.1575e+00,1.5003e+01,3.8399e+00,1.3910e-01
2.5400e+03,5.1430e-01,5.1540e+00,1.5003e+01,3.8434e+00,1.3927e-01
2.5500e+03,5.1067e-01,5.1505e+00,1.5003e+01,3.8469e+00,1.3944e-01
2.5600e+03,5.0706e-01,5.1471e+00,1.5003e+01,3.8503e+00,1.3960e-01
2.5700e+03,5.0348e-01,5.1437e+00,1.5003e+01,3.8538e+00,1.3977e-01
2.5800e+03,4.9993e-01,5.1403e+00,1.5003e+01,3.8571e+00,1.3994e-01
2.5900e+03,4.9640e-01,5.1369e+00,1.5003e+01,3.8605e+00,1.4010e-01
2.6000e+03,4.9290e-01,5.1336e+00,1.5003e+01,3.8638e+00,1.4026e-01
2.6100e+03,4.8943e-01,5.1303e+00,1.5003e+01,3.8671e+00,1.4042e-01
2.6200e+03,4.8599e-01,5.1270e+00,1.5003e+01,3.8704e+00,1.4058e-01
2.6300e+03,4.8257e-01,5.1237e+00,1.5003e+01,3.8737e+00,1.4074e-01
2.6400e+03,4.7917e-01,5.1205e+00,1.5003e+01,3.8769e+00,1.4090e-01
2.6500e+03,4.7581e-01,5.1173e+00,1.5003e+01,3.8801e+00,1.4106e-01
2.6600e+03,4.7247e-01,5.1141e+00,1.5003e+01,3.8833e+00,1.4121e-01
2.6700e+03,4.6915e-01,5.1109e+00,1.5003e+01,3.8865e+00,1.4137e-01
2.6800e+03,4.6586e-01,5.1078e+00,1.5003e+01,3.8896e+00,1.4152e-01
2.6900e+03,4.6259e-01,5.1047e+00,1.5003e+01,3.8927e+00,1.4167e-01
2.7000e+03,4.5935e-01,5.1016e+00,1.5003e+01,3.8958e+00,1.4182e-01
2.7100e+03,4.5614e-01,5.0985e+00,1.5003e+01,3.8989e+00,1.4197e-01
2.7200e+03,4.5294e-01,5.0955e+00,1.5003e+01,3.9019e+00,1.4212e-01
2.7300e+03,4.4977e-01,5.0924e+00,1.5003e+01,3.9050e+00,1.4227e-01
2.7400e+03,4.4663e-01,5.0894e+00,1.5003e+01,3.9080e+00,1.4242e-01
2.7500e+03,4.4351e-01,5.0865e+00,1.5003e+01,3.9109e+00,1.4257e-01
2.7600e+03,4.4041e-01,5.0835e+00,1.5003e+01,3.9139e+00,1.4271e-01
2.7700e+03,4.3734e-01,5.0806e+00,1.5003e+01,3.9168e+00,1.4285e-01
2.7800e+03,4.3429e-01,5.0777e+00,1.5003e+01,3.9197e+00,1.4300e-01
2.7900e+03,4.3126e-01,5.0748e+00,1.5003e+01,3.9226e+00,1.4314e-01
2.8000e+03,4.2826e-01,5.0719e+00,1.5003e+01,3.9255e+00,1.4328e-01
2.8100e+03,4.2527e-01,5.0691e+00,1.5003e+01,3.9283e+00,1.4342e-01
2.8200e+03,4.2231e-01,5.0662e+00,1.5003e+01,3.9311e+00,1.4356e-01
2.8300e+03,4.1937e-01,5.0634e+00,1.5003e+01,3.9339e+00,1.4370e-01
2.8400e+03,4.1646e-01,5.0607e+00,1.5003e+01,3.9367e+00,1.4384e-01
2.8500e+03,4.1356e-01,5.0579e+00,1.5003e+01,3.9395e+00,1.4397e-01
2.8600e+03,4.1069e-01,5.0552e+00,1.5003e+01,3.9422e+00,1.4411e-01
2.8700e+03,4.0784e-01,5.0524e+00,1.5003e+01,3.9449e+00,1.4424e-01
2.8800e+03,4.0501e-01,5.0497e+00,1.5003e+01,3.9476e+00,1.4437e-01
2.8900e+03,4.0220e-01,5.0471e+00,1.5003e+01,3.9503e+00,1.4451e-01
2.9000e+03,3.9941e-01,5.0444e+00,1.5003e+01,3.9530e+00,1.4464e-01
2.9100e+03,3.9664e-01,5.0418e+00,1.5003e+01,3.9556e+00,1.4477e-01
2.9200e+03,3.9390e-01,5.0392e+00,1.5003e+01,3.9582e+00,1.4490e-01
2.9300e+03,3.9117e-01,5.0366e+00,1.5003e+01,3.9608e+00,1.4503e-01
2.9400e+03,3.8846e-01,5.0340e+00,1.5003e+01,3.9634e+00,1.4516e-01
2.9500e+03,3.8578e-01,5.0314e+00,1.5003e+01,3.9659e+00,1.4528e-01
2.9600e+03,3.8311e-01,5.0289e+00,1.5003e+01,3.9685e+00,1.4541e-01
2.9700e+03,3.8046e-01,5.0263e+00,1.5003e+01,3.9710e+00,1.4554e-01
2.9800e+03,3.7784e-01,5.0238e+00,1.5003e+01,3.9735e+00,1.4566e-01
2.9900e+03,3.7523e-01,5.0214e+00,1.5003e+01,3.9760e+00,1.4578e-01
3.0000e+03,3.7264e-01,5.0189e+00,1.5003e+01,3.9785e+00,1.4591e-01
3.0100e+03,3.7007e-01,5.0164e+00,1.5003e+01,3.9809e+00,1.4603e-01
3.0200e+03,3.6752e-01,5.0140e+00,1.5003e+01,3.9833e+00,1.4615e-01
3.0300e+03,3.6499e-01,5.0116e+00,1.5003e+01,3.9857e+00,1.4627e-01
3.0400e+03,3.6247e-01,5.0092e+00,1.5003e+01,3.9881e+00,1.4639e-01
3.0500e+03,3.5998e-01,5.0068e+00,1.5003e+01,3.9905e+00,1.4651e-01
3.0600e+03,3.5750e-01,5.0045e+00,1.5003e+01,3.9929e+00,1.4663e-01
3.0700e+03,3.5504e-01,5.0021e+00,1.5003e+01,3.9952e+00,1.4674e-01
3.0800e+03,3.5260e-01,4.9998e+00,1.5003e+01,3.9975e+00,1.4686e-01
3.0900e+03,3.5018e-01,4.9975e+00,1.5003e+01,3.9999e+00,1.4697e-01
3.1000e+03,3.4777e-01,4.9952e+00,1.5003e+01,4.0021e+00,1.4709e-01
3.1100e+03,3.4538e-01,4.9929e+00,1.5003e+01,4.0044e+00,1.4720e-01
3.1200e+03,3.4301e-01,4.9907e+00,1.5003e+01,4.0067e+00,1.4732e-01
3.1300e+03,3.4066e-01,4.9884e+00,1.5003e+01,4.0089e+00,1.4743e-01
3.1400e+03,3.3832e-01,4.9862e+00,1.5003e+01,4.0111e+00,1.4754e-01
3.1500e+03,3.3600e-01,4.9840e+00,1.5003e+01,4.0133e+00,1.4765e-01
3.1600e+03,3.3370e-01,4.9818e+00,1.5003e+01,4.0155e+00,1.4776e-01
3.1700e+03,3.3142e-01,4.9796e+00,1.5003e+01,4.0177e+00,1.4787e-01
3.1800e+03,3.2915e-01,4.9774e+00,1.5003e+01,4.0199e+00,1.4798e-01
3.1900e+03,3.2690e-01,4.9753e+00,1.5003e+01,4.0220e+00,1.4809e-01
3.2000e+03,3.2466e-01,4.9732e+00,1.5003e+01,4.0242e+00,1.4819e-01
3.2100e+03,3.2244e-01,4.9710e+00,1.5003e+01,4.0263e+00,1.4830e-01
3.2200e+03,3.2024e-01,4.9689e+00,1.5003e+01,4.0284e+00,1.4840e-01
3.2300e+03,3.1805e-01,4.9669e+00,1.5003e+01,4.0304e+00,1.4851e-01
3.2400e+03,3.1588e-01,4.9648e+00,1.5003e+01,4.0325e+00,1.4861e-01
3.2500e+03,3.1372e-01,4.9627e+00,1.5003e+01,4.0346e+00,1.4872e-01
3.2600e+03,3.1158e-01,4.9607e+00,1.5003e+01,4.0366e+00,1.4882e-01
3.2700e+03,3.0945e-01,4.9587e+00,1.5003e+01,4.0386e+00,1.4892e-01
3.2800e+03,3.0734e-01,4.9567e+00,1.5003e+01,4.0406e+00,1.4902e-01
3.2900e+03,3.0525e-01,4.9547e+00,1.5003e+01,4.0426e+00,1.4912e-01
3.3000e+03,3.0317e-01,4.9527e+00,1.5003e+01,4.0446e+00,1.4922e-01
3.3100e+03,3.0110e-01,4.9507e+00,1.5003e+01,4.0466e+00,1.4932e-01
3.3200e+03,2.9905e-01,4.9488e+00,1.5003e+01,4.0485e+00,1.4942e-01
3.3300e+03,2.9702e-01,4.9468e+00,1.5003e+01,4.0505e+00,1.4952e-01
3.3400e+03,2.9499e-01,4.9449e+00,1.5003e+01,4.0524e+00,1.4962e-01
3.3500e+03,2.9299e-01,4.9430e+00,1.5003e+01,4.0543e+00,1.4971e-01
3.3600e+03,2.9100e-01,4.9411e+00,1.5003e+01,4.0562e+00,1.4981e-01
3.3700e+03,2.8902e-01,4.9392e+00,1.5003e+01,4.0581e+00,1.4990e-01
3.3800e+03,2.8705e-01,4.9373e+00,1.5003e+01,4.0599e+00,1.5000e-01
3.3900e+03,2.8511e-01,4.9355e+00,1.5003e+01,4.0618e+00,1.5009e-01
3.4000e+03,2.8317e-01,4.9336e+00,1.5003e+01,4.0636e+00,1.5019e-01
3.4100e+03,2.8125e-01,4.9318e+00,1.5003e+01,4.0655e+00,1.5028e-01
3.4200e+03,2.7934e-01,4.9300e+00,1.5003e+01,4.0673e+00,1.5037e-01
3.4300e+03,2.7744e-01,4.9282e+00,1.5003e+01,4.0691e+00,1.5046e-01
3.4400e+03,2.7556e-01,4.9264e+00,1.5003e+01,4.0709e+00,1.5055e-01
3.4500e+03,2.7370e-01,4.9246e+00,1.5003e+01,4.0727e+00,1.5064e-01
3.4600e+03,2.7184e-01,4.9229e+00,1.5003e+01,4.0744e+00,1.5073e-01
3.4700e+03,2.7000e-01,4.9211e+00,1.5003e+01,4.0762e+00,1.5082e-01
3.4800e+03,2.6817e-01,4.9194e+00,1.5003e+01,4.0779e+00,1.5091e-01
3.4900e+03,2.6636e-01,4.9176e+00,1.5003e+01,4.0796e+00,1.5100e-01
3.5000e+03,2.6455e-01,4.9159e+00,1.5003e+01,4.0814e+00,1.5109e-01
3.5100e+03,2.6276e-01,4.9142e+00,1.5003e+01,4.0831e+00,1.5117e-01
3.5200e+03,2.6099e-01,4.9125e+00,1.5003e+01,4.0848e+00,1.5126e-01
3.5300e+03,2.5922e-01,4.9108e+00,1.5003e+01,4.0864e+00,1.5134e-01
3.5400e+03,2.5747e-01,4.9092e+00,1.5003e+01,4.0881e+00,1.5143e-01
3.5500e+03,2.5573e-01,4.9075e+00,1.5003e+01,4.0898e+00,1.5151e-01
3.5600e+03,2.5400e-01,4.9059e+00,1.5003e+01,4.0914e+00,1.5160e-01
3.5700e+03,2.5229e-01,4.9042e+00,1.5003e+01,4.0930e+00,1.5168e-01
3.5800e+03,2.5059e-01,4.9026e+00,1.5003e+01,4.0947e+00,1.5176e-01
3.5900e+03,2.4890e-01,4.9010e+00,1.5003e+01,4.0963e+00,1.5184e-01
3.6000e+03,2.4722e-01,4.8994e+00,1.5003e+01,4.0979e+00,1.5193e-01
3.6100e+03,2.4555e-01,4.8978e+00,1.5003e+01,4.0994e+00,1.5201e-01
3.6200e+03,2.4390e-01,4.8962e+00,1.5003e+01,4.1010e+00,1.5209e-01
3.6300e+03,2.4225e-01,4.8947e+00,1.5003e+01,4.1026e+00,1.5217e-01
3.6400e+03,2.4062e-01,4.8931e+00,1.5003e+01,4.1041e+00,1.5225e-01
3.6500e+03,2.3900e-01,4.8916e+00,1.5003e+01,4.1057e+00,1.5233e-01
3.6600e+03,2.3739e-01,4.8901e+00,1.5003e+01,4.1072e+00,1.5240e-01
3.6700e+03,2.3579e-01,4.8885e+00,1.5003e+01,4.1087e+00,1.5248e-01
3.6800e+03,2.3420e-01,4.8870e+00,1.5003e+01,4.1102e+00,1.5256e-01
3.6900e+03,2.3263e-01,4.8855e+00,1.5003e+01,4.1117e+00,1.5264e-01
3.7000e+03,2.3106e-01,4.8840e+00,1.5003e+01,4.1132e+00,1.5271e-01
3.7100e+03,2.2951e-01,4.8826e+00,1.5003e+01,4.1147e+00,1.5279e-01
3.7200e+03,2.2797e-01,4.8811e+00,1.5003e+01,4.1162e+00,1.5286e-01
3.7300e+03,2.2644e-01,4.8796e+00,1.5003e+01,4.1176e+00,1.5294e-01
3.7400e+03,2.2492e-01,4.8782e+00,1.5003e+01,4.1191e+00,1.5301e-01
3.7500e+03,2.2340e-01,4.8767e+00,1.5003e+01,4.1205e+00,1.5308e-01
3.7600e+03,2.2190e-01,4.8753e+00,1.5003e+01,4.1219e+00,1.5316e-01
3.7700e+03,2.2042e-01,4.8739e+00,1.5003e+01,4.1234e+00,1.5323e-01
3.7800e+03,2.1894e-01,4.8725e+00,1.5003e+01,4.1248e+00,1.5330e-01
3.7900e+03,2.1747e-01,4.8711e+00,1.5003e+01,4.1262e+00,1.5337e-01
3.8000e+03,2.1601e-01,4.8697e+00,1.5003e+01,4.1275e+00,1.5345e-01
3.8100e+03,2.1456e-01,4.8683e+00,1.5003e+01,4.1289e+00,1.5352e-01
3.8200e+03,2.1312e-01,4.8670e+00,1.5003e+01,4.1303e+00,1.5359e-01
3.8300e+03,2.1169e-01,4.8656e+00,1.5003e+01,4.1317e+00,1.5366e-01
3.8400e+03,2.1028e-01,4.8642e+00,1.5003e+01,4.1330e+00,1.5373e-01
3.8500e+03,2.0887e-01,4.8629e+00,1.5003e+01,4.1343e+00,1.5379e-01
3.8600e+03,2.0747e-01,4.8616e+00,1.5003e+01,4.1357e+00,1.5386e-01
3.8700e+03,2.0608e-01,4.8602e+00,1.5003e+01,4.1370e+00,1.5393e-01
3.8800e+03,2.0470e-01,4.8589e+00,1.5003e+01,4.1383e+00,1.5400e-01
3.8900e+03,2.0333e-01,4.8576e+00,1.5003e+01,4.1396e+00,1.5407e-01
3.9000e+03,2.0197e-01,4.8563e+00,1.5003e+01,4.1409e+00,1.5413e-01
3.9100e+03,2.0062e-01,4.8551e+00,1.5003e+01,4.1422e+00,1.5420e-01
3.9200e+03,1.9928e-01,4.8538e+00,1.5003e+01,4.1435e+00,1.5426e-01
3.9300e+03,1.9795e-01,4.8525e+00,1.5003e+01,4.1447e+00,1.5433e-01
3.9400e+03,1.9662e-01,4.8512e+00,1.5003e+01,4.1460e+00,1.5439e-01
3.9500e+03,1.9531e-01,4.8500e+00,1.5003e+01,4.1472e+00,1.5446e-01
3.9600e+03,1.9400e-01,4.8488e+00,1.5003e+01,4.1485e+00,1.5452e-01
3.9700e+03,1.9271e-01,4.8475e+00,1.5003e+01,4.1497e+00,1.5459e-01
3.9800e+03,1.9142e-01,4.8463e+00,1.5003e+01,4.1509e+00,1.5465e-01
3.9900e+03,1.9014e-01,4.8451e+00,1.5003e+01,4.1521e+00,1.5471e-01
4.0000e+03,1.8888e-01,4.8439e+00,1.5003e+01,4.1534e+00,1.5477e-01
4.0100e+03,1.8762e-01,4.8427e+00,1.5003e+01,4.1546e+00,1.5484e-01
4.0200e+03,1.8636e-01,4.8415e+00,1.5003e+01,4.1557e+00,1.5490e-01
4.0300e+03,1.8512e-01,4.8403e+00,1.5003e+01,4.1569e+00,1.5496e-01
4.0400e+03,1.8389e-01,4.8391e+00,1.5003e+01,4.1581e+00,1.5502e-01
4.0500e+03,1.8266e-01,4.8380e+00,1.5003e+01,4.1593e+00,1.5508e-01
4.0600e+03,1.8144e-01,4.8368e+00,1.5003e+01,4.1604e+00,1.5514e-01
4.0700e+03,1.8023e-01,4.8357e+00,1.5003e+01,4.1616e+00,1.5520e-01
4.0800e+03,1.7903e-01,4.8345e+00,1.5003e+01,4.1627e+00,1.5526e-01
4.0900e+03,1.7784e-01,4.8334e+00,1.5003e+01,4.1638e+00,1.5532e-01
4.1000e+03,1.7666e-01,4.8323e+00,1.5003e+01,4.1650e+00,1.5537e-01
4.1100e+03,1.7548e-01,4.8311e+00,1.5003e+01,4.1661e+00,1.5543e-01
4.1200e+03,1.7431e-01,4.8300e+00,1.5003e+01,4.1672e+00,1.5549e-01
4.1300e+03,1.7315e-01,4.8289e+00,1.5003e+01,4.1683e+00,1.5555e-01
4.1400e+03,1.7200e-01,4.8278e+00,1.5003e+01,4.1694e+00,1.5560e-01
4.1500e+03,1.7086e-01,4.8267e+00,1.5003e+01,4.1705e+00,1.5566e-01
4.1600e+03,1.6972e-01,4.8257e+00,1.5003e+01,4.1716e+00,1.5572e-01
4.1700e+03,1.6859e-01,4.8246e+00,1.5003e+01,4.1726e+00,1.5577e-01
4.1800e+03,1.6747e-01,4.8235e+00,1.5003e+01,4.1737e+00,1.5583e-01
4.1900e+03,1.6636e-01,4.8225e+00,1.5003e+01,4.1748e+00,1.5588e-01
4.2000e+03,1.6525e-01,4.8214e+00,1.5003e+01,4.1758e+00,1.5594e-01
4.2100e+03,1.6416e-01,4.8204e+00,1.5003e+01,4.1769e+00,1.5599e-01
4.2200e+03,1.6307e-01,4.8193e+00,1.5003e+01,4.1779e+00,1.5604e-01
4.2300e+03,1.6198e-01,4.8183e+00,1.5003e+01,4.1789e+00,1.5610e-01
4.2400e+03,1.6091e-01,4.8173e+00,1.5003e+01,4.1799e+00,1.5615e-01
4.2500e+03,1.5984e-01,4.8163e+00,1.5003e+01,4.1810e+00,1.5620e-01
4.2600e+03,1.5878e-01,4.8152e+00,1.5003e+01,4.1820e+00,1.5626e-01
4.2700e+03,1.5773e-01,4.8142e+00,1.5003e+01,4.1830e+00,1.5631e-01
4.2800e+03,1.5668e-01,4.8132e+00,1.5003e+01,4.1840e+00,1.5636e-01
4.2900e+03,1.5564e-01,4.8123e+00,1.5003e+01,4.1850e+00,1.5641e-01
4.3000e+03,1.5461e-01,4.8113e+00,1.5003e+01,4.1859e+00,1.5646e-01
4.3100e+03,1.5358e-01,4.8103e+00,1.5003e+01,4.1869e+00,1.5651e-01
4.3200e+03,1.5256e-01,4.8093e+00,1.5003e+01,4.1879e+00,1.5656e-01
4.3300e+03,1.5155e-01,4.8084e+00,1.5003e+01,4.1888e+00,1.5661e-01
4.3400e+03,1.5055e-01,4.8074e+00,1.5003e+01,4.1898e+00,1.5666e-01
4.3500e+03,1.4955e-01,4.8065e+00,1.5003e+01,4.1907e+00,1.5671e-01
4.3600e+03,1.4856e-01,4.8055e+00,1.5003e+01,4.1917e+00,1.5676e-01
4.3700e+03,1.4758e-01,4.8046e+00,1.5003e+01,4.1926e+00,1.5681e-01
4.3800e+03,1.4660e-01,4.8037e+00,1.5003e+01,4.1935e+00,1.5686e-01
4.3900e+03,1.4563e-01,4.8027e+00,1.5003e+01,4.1945e+00,1.5690e-01
4.4000e+03,1.4467e-01,4.8018e+00,1.5003e+01,4.1954e+00,1.5695e-01
4.4100e+03,1.4371e-01,4.8009e+00,1.5003e+01,4.1963e+00,1.5700e-01
4.4200e+03,1.4276e-01,4.8000e+00,1.5003e+01,4.1972e+00,1.5705e-01
4.4300e+03,1.4181e-01,4.7991e+00,1.5003e+01,4.1981e+00,1.5709e-01
4.4400e+03,1.4087e-01,4.7982e+00,1.5003e+01,4.1990e+00,1.5714e-01
4.4500e+03,1.3994e-01,4.7973e+00,1.5003e+01,4.1999e+00,1.5719e-01
4.4600e+03,1.3902e-01,4.7964e+00,1.5003e+01,4.2008e+00,1.5723e-01
4.4700e+03,1.3810e-01,4.7956e+00,1.5003e+01,4.2016e+00,1.5728e-01
4.4800e+03,1.3719e-01,4.7947e+00,1.5003e+01,4.2025e+00,1.5732e-01
4.4900e+03,1.3628e-01,4.7938e+00,1.5003e+01,4.2034e+00,1.5737e-01
4.5000e+03,1.3538e-01,4.7930e+00,1.5003e+01,4.2042e+00,1.5741e-01
4.5100e+03,1.3448e-01,4.7921e+00,1.5003e+01,4.2051e+00,1.5746e-01
4.5200e+03,1.3360e-01,4.7913e+00,1.5003e+01,4.2059e+00,1.5750e-01
4.5300e+03,1.3271e-01,4.7905e+00,1.5003e+01,4.2067e+00,1.5754e-01
4.5400e+03,1.3184e-01,4.7896e+00,1.5003e+01,4.2076e+00,1.5759e-01
4.5500e+03,1.3097e-01,4.7888e+00,1.5003e+01,4.2084e+00,1.5763e-01
4.5600e+03,1.3010e-01,4.7880e+00,1.5003e+01,4.2092e+00,1.5767e-01
4.5700e+03,1.2924e-01,4.7872e+00,1.5003e+01,4.2100e+00,1.5772e-01
4.5800e+03,1.2839e-01,4.7863e+00,1.5003e+01,4.2109e+00,1.5776e-01
4.5900e+03,1.2754e-01,4.7855e+00,1.5003e+01,4.2117e+00,1.5780e-01
4.6000e+03,1.2670e-01,4.7847e+00,1.5003e+01,4.2125e+00,1.5784e-01
4.6100e+03,1.2587e-01,4.7839e+00,1.5003e+01,4.2133e+00,1.5788e-01
4.6200e+03,1.2504e-01,4.7831e+00,1.5003e+01,4.2140e+00,1.5793e-01
4.6300e+03,1.2421e-01,4.7824e+00,1.5003e+01,4.2148e+00,1.5797e-01
4.6400e+03,1.2339e-01,4.7816e+00,1.5003e+01,4.2156e+00,1.5801e-01
4.6500e+03,1.2258e-01,4.7808e+00,1.5003e+01,4.2164e+00,1.5805e-01
4.6600e+03,1.2177e-01,4.7800e+00,1.5003e+01,4.2171e+00,1.5809e-01
4.6700e+03,1.2097e-01,4.7793e+00,1.5003e+01,4.2179e+00,1.5813e-01
4.6800e+03,1.2017e-01,4.7785e+00,1.5003e+01,4.2187e+00,1.5817e-01
4.6900e+03,1.1938e-01,4.7778e+00,1.5003e+01,4.2194e+00,1.5821e-01
4.7000e+03,1.1859e-01,4.7770e+00,1.5003e+01,4.2202e+00,1.5825e-01
4.7100e+03,1.1781e-01,4.7763e+00,1.5003e+01,4.2209e+00,1.5828e-01
4.7200e+03,1.1704e-01,4.7755e+00,1.5003e+01,4.2216e+00,1.5832e-01
4.7300e+03,1.1627e-01,4.7748e+00,1.5003e+01,4.2224e+00,1.5836e-01
4.7400e+03,1.1550e-01,4.7741e+00,1.5003e+01,4.2231e+00,1.5840e-01
4.7500e+03,1.1474e-01,4.7734e+00,1.5003e+01,4.2238e+00,1.5844e-01
4.7600e+03,1.1399e-01,4.7726e+00,1.5003e+01,4.2245e+00,1.5848e-01
4.7700e+03,1.1324e-01,4.7719e+00,1.5003e+01,4.2253e+00,1.5851e-01
4.7800e+03,1.1249e-01,4.7712e+00,1.5003e+01,4.2260e+00,1.5855e-01
4.7900e+03,1.1175e-01,4.7705e+00,1.5003e+01,4.2267e+00,1.5859e-01
4.8000e+03,1.1101e-01,4.7698e+00,1.5003e+01,4.2274e+00,1.5862e-01
4.8100e+03,1.1028e-01,4.7691e+00,1.5003e+01,4.2281e+00,1.5866e-01
4.8200e+03,1.0956e-01,4.7684e+00,1.5003e+01,4.2287e+00,1.5870e-01
4.8300e+03,1.0884e-01,4.7677e+00,1.5003e+01,4.2294e+00,1.5873e-01
4.8400e+03,1.0812e-01,4.7671e+00,1.5003e+01,4.2301e+00,1.5877e-01
4.8500e+03,1.0741e-01,4.7664e+00,1.5003e+01,4.2308e+00,1.5880e-01
4.8600e+03,1.0671e-01,4.7657e+00,1.5003e+01,4.2315e+00,1.5884e-01
4.8700e+03,1.0601e-01,4.7651e+00,1.5003e+01,4.2321e+00,1.5887e-01
4.8800e+03,1.0531e-01,4.7644e+00,1.5003e+01,4.2328e+00,1.5891e-01
4.8900e+03,1.0462e-01,4.7637e+00,1.5003e+01,4.2334e+00,1.5894e-01
4.9000e+03,1.0393e-01,4.7631e+00,1.5003e+01,4.2341e+00,1.5898e-01
4.9100e+03,1.0325e-01,4.7624e+00,1.5003e+01,4.2347e+00,1.5901e-01
4.9200e+03,1.0257e-01,4.7618e+00,1.5003e+01,4.2354e+00,1.5904e-01
4.9300e+03,1.0190e-01,4.7611e+00,1.5003e+01,4.2360e+00,1.5908e-01
4.9400e+03,1.0123e-01,4.7605e+00,1.5003e+01,4.2367e+00,1.5911e-01
4.9500e+03,1.0056e-01,4.7599e+00,1.5003e+01,4.2373e+00,1.5914e-01
4.9600e+03,9.9902e-02,4.7593e+00,1.5003e+01,4.2379e+00,1.5918e-01
4.9700e+03,9.9246e-02,4.7586e+00,1.5003e+01,4.2385e+00,1.5921e-01
4.9800e+03,9.8595e-02,4.7580e+00,1.5003e+01,4.2392e+00,1.5924e-01
4.9900e+03,9.7948e-02,4.7574e+00,1.5003e+01,4.2398e+00,1.5927e-01
5.0000e+03,9.7305e-02,4.7568e+00,1.5003e+01,4.2404e+00,1.5931e-01
5.0100e+03,9.6667e-02,4.7562e+00,1.5003e+01,4.2410e+00,1.5934e-01
5.0200e+03,9.6033e-02,4.7556e+00,1.5003e+01,4.2416e+00,1.5937e-01
5.0300e+03,9.5403e-02,4.7550e+00,1.5003e+01,4.2422e+00,1.5940e-01
5.0400e+03,9.4778e-02,4.7544e+00,1.5003e+01,4.2428e+00,1.5943e-01
5.0500e+03,9.4156e-02,4.7538e+00,1.5003e+01,4.2434e+00,1.5946e-01
5.0600e+03,9.3539e-02,4.7532e+00,1.5003e+01,4.2440e+00,1.5949e-01
5.0700e+03,9.2926e-02,4.7526e+00,1.5003e+01,4.2446e+00,1.5953e-01
5.0800e+03,9.2316e-02,4.7520e+00,1.5003e+01,4.2451e+00,1.5956e-01
5.0900e+03,9.1711e-02,4.7515e+00,1.5003e+01,4.2457e+00,1.5959e-01
5.1000e+03,9.1110e-02,4.7509e+00,1.5003e+01,4.2463e+00,1.5962e-01
5.1100e+03,9.0513e-02,4.7503e+00,1.5003e+01,4.2468e+00,1.5965e-01
5.1200e+03,8.9920e-02,4.7498e+00,1.5003e+01,4.2474e+00,1.5968e-01
5.1300e+03,8.9331e-02,4.7492e+00,1.5003e+01,4.2480e+00,1.5971e-01
5.1400e+03,8.8746e-02,4.7486e+00,1.5003e+01,4.2485e+00,1.5973e-01
5.1500e+03,8.8165e-02,4.7481e+00,1.5003e+01,4.2491e+00,1.5976e-01
5.1600e+03,8.7587e-02,4.7475e+00,1.5003e+01,4.2496e+00,1.5979e-01
5.1700e+03,8.7014e-02,4.7470e+00,1.5003e+01,4.2502e+00,1.5982e-01
5.1800e+03,8.6444e-02,4.7465e+00,1.5003e+01,4.2507e+00,1.5985e-01
5.1900e+03,8.5878e-02,4.7459e+00,1.5003e+01,4.2512e+00,1.5988e-01
5.2000e+03,8.5316e-02,4.7454e+00,1.5003e+01,4.2518e+00,1.5991e-01
5.2100e+03,8.4758e-02,4.7449e+00,1.5003e+01,4.2523e+00,1.5993e-01
5.2200e+03,8.4203e-02,4.7443e+00,1.5003e+01,4.2528e+00,1.5996e-01
5.2300e+03,8.3652e-02,4.7438e+00,1.5003e+01,4.2534e+00,1.5999e-01
5.2400e+03,8.3104e-02,4.7433e+00,1.5003e+01,4.2539e+00,1.6002e-01
5.2500e+03,8.2561e-02,4.7428e+00,1.5003e+01,4.2544e+00,1.6004e-01
5.2600e+03,8.2021e-02,4.7423e+00,1.5003e+01,4.2549e+00,1.6007e-01
5.2700e+03,8.1484e-02,4.7417e+00,1.5003e+01,4.2554e+00,1.6010e-01
5.2800e+03,8.0951e-02,4.7412e+00,1.5003e+01,4.2559e+00,1.6012e-01
5.2900e+03,8.0422e-02,4.7407e+00,1.5003e+01,4.2564e+00,1.6015e-01
5.3000e+03,7.9896e-02,4.7402e+00,1.5003e+01,4.2569e+00,1.6018e-01
5.3100e+03,7.9373e-02,4.7397e+00,1.5003e+01,4.2574e+00,1.6020e-01
5.3200e+03,7.8854e-02,4.7392e+00,1.5003e+01,4.2579e+00,1.6023e-01
5.3300e+03,7.8339e-02,4.7388e+00,1.5003e+01,4.2584e+00,1.6026e-01
5.3400e+03,7.7827e-02,4.7383e+00,1.5003e+01,4.2589e+00,1.6028e-01
5.3500e+03,7.7318e-02,4.7378e+00,1.5003e+01,4.2594e+00,1.6031e-01
5.3600e+03,7.6813e-02,4.7373e+00,1.5003e+01,4.2599e+00,1.6033e-01
5.3700e+03,7.6311e-02,4.7368e+00,1.5003e+01,4.2603e+00,1.6036e-01
5.3800e+03,7.5812e-02,4.7364e+00,1.5003e+01,4.2608e+00,1.6038e-01
5.3900e+03,7.5317e-02,4.7359e+00,1.5003e+01,4.2613e+00,1.6041e-01
5.4000e+03,7.4825e-02,4.7354e+00,1.5003e+01,4.2617e+00,1.6043e-01
5.4100e+03,7.4336e-02,4.7349e+00,1.5003e+01,4.2622e+00,1.6046e-01
5.4200e+03,7.3850e-02,4.7345e+00,1.5003e+01,4.2627e+00,1.6048e-01
5.4300e+03,7.3368e-02,4.7340e+00,1.5003e+01,4.2631e+00,1.6050e-01
5.4400e+03,7.2889e-02,4.7336e+00,1.5003e+01,4.2636e+00,1.6053e-01
5.4500e+03,7.2413e-02,4.7331e+00,1.5003e+01,4.2640e+00,1.6055e-01
5.4600e+03,7.1940e-02,4.7327e+00,1.5003e+01,4.2645e+00,1.6058e-01
5.4700e+03,7.1470e-02,4.7322e+00,1.5003e+01,4.2649e+00,1.6060e-01
5.4800e+03,7.1004e-02,4.7318e+00,1.5003e+01,4.2654e+00,1.6062e-01
5.4900e+03,7.0540e-02,4.7313e+00,1.5003e+01,4.2658e+00,1.6065e-01
5.5000e+03,7.0080e-02,4.7309e+00,1.5003e+01,4.2663e+00,1.6067e-01
5.5100e+03,6.9622e-02,4.7305e+00,1.5003e+01,4.2667e+00,1.6069e-01
5.5200e+03,6.9168e-02,4.7300e+00,1.5003e+01,4.2671e+00,1.6072e-01
5.5300e+03,6.8716e-02,4.7296e+00,1.5003e+01,4.2675e+00,1.6074e-01
5.5400e+03,6.8268e-02,4.7292e+00,1.5003e+01,4.2680e+00,1.6076e-01
5.5500e+03,6.7823e-02,4.7288e+00,1.5003e+01,4.2684e+00,1.6078e-01
5.5600e+03,6.7380e-02,4.7283e+00,1.5003e+01,4.2688e+00,1.6081e-01
5.5700e+03,6.6941e-02,4.7279e+00,1.5003e+01,4.2692e+00,1.6083e-01
5.5800e+03,6.6504e-02,4.7275e+00,1.5003e+01,4.2696e+00,1.6085e-01
5.5900e+03,6.6070e-02,4.7271e+00,1.5003e+01,4.2701e+00,1.6087e-01
5.6000e+03,6.5639e-02,4.7267e+00,1.5003e+01,4.2705e+00,1.6089e-01
5.6100e+03,6.5211e-02,4.7263e+00,1.5003e+01,4.2709e+00,1.6091e-01
5.6200e+03,6.4786e-02,4.7259e+00,1.5003e+01,4.2713e+00,1.6094e-01
5.6300e+03,6.4363e-02,4.7255e+00,1.5003e+01,4.2717e+00,1.6096e-01
5.6400e+03,6.3944e-02,4.7251e+00,1.5003e+01,4.2721e+00,1.6098e-01
5.6500e+03,6.3527e-02,4.7247e+00,1.5003e+01,4.2725e+00,1.6100e-01
5.6600e+03,6.3113e-02,4.7243e+00,1.5003e+01,4.2729e+00,1.6102e-01
5.6700e+03,6.2701e-02,4.7239e+00,1.5003e+01,4.2733e+00,1.6104e-01
5.6800e+03,6.2293e-02,4.7235e+00,1.5003e+01,4.2736e+00,1.6106e-01
5.6900e+03,6.1887e-02,4.7231e+00,1.5003e+01,4.2740e+00,1.6108e-01
5.7000e+03,6.1483e-02,4.7227e+00,1.5003e+01,4.2744e+00,1.6110e-01
5.7100e+03,6.1083e-02,4.7224e+00,1.5003e+01,4.2748e+00,1.6112e-01
5.7200e+03,6.0685e-02,4.7220e+00,1.5003e+01,4.2752e+00,1.6114e-01
5.7300e+03,6.0289e-02,4.7216e+00,1.5003e+01,4.2756e+00,1.6116e-01
5.7400e+03,5.9897e-02,4.7212e+00,1.5003e+01,4.2759e+00,1.6118e-01
5.7500e+03,5.9506e-02,4.7209e+00,1.5003e+01,4.2763e+00,1.6120e-01
5.7600e+03,5.9119e-02,4.7205e+00,1.5003e+01,4.2767e+00,1.6122e-01
5.7700e+03,5.8734e-02,4.7201e+00,1.5003e+01,4.2770e+00,1.6124e-01
5.7800e+03,5.8351e-02,4.7198e+00,1.5003e+01,4.2774e+00,1.6126e-01
5.7900e+03,5.7971e-02,4.7194e+00,1.5003e+01,4.2778e+00,1.6128e-01
5.8000e+03,5.7594e-02,4.7190e+00,1.5003e+01,4.2781e+00,1.6130e-01
5.8100e+03,5.7219e-02,4.7187e+00,1.5003e+01,4.2785e+00,1.6132e-01
5.8200e+03,5.6846e-02,4.7183e+00,1.5003e+01,4.2788e+00,1.6133e-01
5.8300e+03,5.6476e-02,4.7180e+00,1.5003e+01,4.2792e+00,1.6135e-01
5.8400e+03,5.6108e-02,4.7176e+00,1.5003e+01,4.2795e+00,1.6137e-01
5.8500e+03,5.5743e-02,4.7173e+00,1.5003e+01,4.2799e+00,1.6139e-01
5.8600e+03,5.5380e-02,4.7169e+00,1.5003e+01,4.2802e+00,1.6141e-01
5.8700e+03,5.5020e-02,4.7166e+00,1.5003e+01,4.2806e+00,1.6143e-01
5.8800e+03,5.4662e-02,4.7162e+00,1.5003e+01,4.2809e+00,1.6144e-01
5.8900e+03,5.4306e-02,4.7159e+00,1.5003e+01,4.2812e+00,1.6146e-01
5.9000e+03,5.3952e-02,4.7156e+00,1.5003e+01,4.2816e+00,1.6148e-01
5.9100e+03,5.3601e-02,4.7152e+00,1.5003e+01,4.2819e+00,1.6150e-01
5.9200e+03,5.3253e-02,4.7149e+00,1.5003e+01,4.2822e+00,1.6152e-01
5.9300e+03,5.2906e-02,4.7146e+00,1.5003e+01,4.2826e+00,1.6153e-01
5.9400e+03,5.2562e-02,4.7143e+00,1.5003e+01,4.2829e+00,1.6155e-01
5.9500e+03,5.2220e-02,4.7139e+00,1.5003e+01,4.2832e+00,1.6157e-01
5.9600e+03,5.1880e-02,4.7136e+00,1.5003e+01,4.2835e+00,1.6158e-01
5.9700e+03,5.1543e-02,4.7133e+00,1.5003e+01,4.2839e+00,1.6160e-01
5.9800e+03,5.1207e-02,4.7130e+00,1.5003e+01,4.2842e+00,1.6162e-01
5.9900e+03,5.0874e-02,4.7127e+00,1.5003e+01,4.2845e+00,1.6164e-01
6.0000e+03,5.0544e-02,4.7123e+00,1.5003e+01,4.2848e+00,1.6165e-01
6.0100e+03,5.0215e-02,4.7120e+00,1.5003e+01,4.2851e+00,1.6167e-01
6.0200e+03,4.9888e-02,4.7117e+00,1.5003e+01,4.2854e+00,1.6169e-01
6.0300e+03,4.9564e-02,4.7114e+00,1.5003e+01,4.2857e+00,1.6170e-01
6.0400e+03,4.9242e-02,4.7111e+00,1.5003e+01,4.2860e+00,1.6172e-01
6.0500e+03,4.8922e-02,4.7108e+00,1.5003e+01,4.2863e+00,1.6173e-01
6.0600e+03,4.8603e-02,4.7105e+00,1.5003e+01,4.2866e+00,1.6175e-01
6.0700e+03,4.8288e-02,4.7102e+00,1.5003e+01,4.2869e+00,1.6177e-01
6.0800e+03,4.7974e-02,4.7099e+00,1.5003e+01,4.2872e+00,1.6178e-01
6.0900e+03,4.7662e-02,4.7096e+00,1.5003e+01,4.2875e+00,1.6180e-01
6.1000e+03,4.7352e-02,4.7093e+00,1.5003e+01,4.2878e+00,1.6181e-01
6.1100e+03,4.7044e-02,4.7090e+00,1.5003e+01,4.2881e+00,1.6183e-01
6.1200e+03,4.6739e-02,4.7087e+00,1.5003e+01,4.2884e+00,1.6184e-01
6.1300e+03,4.6435e-02,4.7084e+00,1.5003e+01,4.2887e+00,1.6186e-01
6.1400e+03,4.6133e-02,4.7081e+00,1.5003e+01,4.2890e+00,1.6187e-01
6.1500e+03,4.5833e-02,4.7079e+00,1.5003e+01,4.2893e+00,1.6189e-01
6.1600e+03,4.5536e-02,4.7076e+00,1.5003e+01,4.2896e+00,1.6190e-01
6.1700e+03,4.5240e-02,4.7073e+00,1.5003e+01,4.2898e+00,1.6192e-01
6.1800e+03,4.4946e-02,4.7070e+00,1.5003e+01,4.2901e+00,1.6193e-01
6.1900e+03,4.4654e-02,4.7067e+00,1.5003e+01,4.2904e+00,1.6195e-01
6.2000e+03,4.4364e-02,4.7065e+00,1.5003e+01,4.2907e+00,1.6196e-01
6.2100e+03,4.4076e-02,4.7062e+00,1.5003e+01,4.2909e+00,1.6198e-01
6.2200e+03,4.3789e-02,4.7059e+00,1.5003e+01,4.2912e+00,1.6199e-01
6.2300e+03,4.3505e-02,4.7056e+00,1.5003e+01,4.2915e+00,1.6201e-01
6.2400e+03,4.3222e-02,4.7054e+00,1.5003e+01,4.2918e+00,1.6202e-01
6.2500e+03,4.2942e-02,4.7051e+00,1.5003e+01,4.2920e+00,1.6204e-01
6.2600e+03,4.2663e-02,4.7048e+00,1.5003e+01,4.2923e+00,1.6205e-01
6.2700e+03,4.2386e-02,4.7046e+00,1.5003e+01,4.2926e+00,1.6206e-01
6.2800e+03,4.2111e-02,4.7043e+00,1.5003e+01,4.2928e+00,1.6208e-01
6.2900e+03,4.1837e-02,4.7041e+00,1.5003e+01,4.2931e+00,1.6209e-01
6.3000e+03,4.1566e-02,4.7038e+00,1.5003e+01,4.2933e+00,1.6210e-01
6.3100e+03,4.1296e-02,4.7035e+00,1.5003e+01,4.2936e+00,1.6212e-01
6.3200e+03,4.1028e-02,4.7033e+00,1.5003e+01,4.2938e+00,1.6213e-01
6.3300e+03,4.0761e-02,4.7030e+00,1.5003e+01,4.2941e+00,1.6215e-01
6.3400e+03,4.0497e-02,4.7028e+00,1.5003e+01,4.2943e+00,1.6216e-01
6.3500e+03,4.0234e-02,4.7025e+00,1.5003e+01,4.2946e+00,1.6217e-01
6.3600e+03,3.9973e-02,4.7023e+00,1.5003e+01,4.2948e+00,1.6219e-01
6.3700e+03,3.9713e-02,4.7020e+00,1.5003e+01,4.2951e+00,1.6220e-01
6.3800e+03,3.9456e-02,4.7018e+00,1.5003e+01,4.2953e+00,1.6221e-01
6.3900e+03,3.9199e-02,4.7016e+00,1.5003e+01,4.2956e+00,1.6222e-01
6.4000e+03,3.8945e-02,4.7013e+00,1.5003e+01,4.2958e+00,1.6224e-01
6.4100e+03,3.8692e-02,4.7011e+00,1.5003e+01,4.2961e+00,1.6225e-01
6.4200e+03,3.8441e-02,4.7008e+00,1.5003e+01,4.2963e+00,1.6226e-01
6.4300e+03,3.8192e-02,4.7006e+00,1.5003e+01,4.2965e+00,1.6228e-01
6.4400e+03,3.7944e-02,4.7004e+00,1.5003e+01,4.2968e+00,1.6229e-01
6.4500e+03,3.7698e-02,4.7001e+00,1.5003e+01,4.2970e+00,1.6230e-01
6.4600e+03,3.7453e-02,4.6999e+00,1.5003e+01,4.2972e+00,1.6231e-01
6.4700e+03,3.7210e-02,4.6997e+00,1.5003e+01,4.2975e+00,1.6232e-01
6.4800e+03,3.6969e-02,4.6994e+00,1.5003e+01,4.2977e+00,1.6234e-01
6.4900e+03,3.6729e-02,4.6992e+00,1.5003e+01,4.2979e+00,1.6235e-01
6.5000e+03,3.6491e-02,4.6990e+00,1.5003e+01,4.2982e+00,1.6236e-01
6.5100e+03,3.6254e-02,4.6988e+00,1.5003e+01,4.2984e+00,1.6237e-01
6.5200e+03,3.6019e-02,4.6985e+00,1.5003e+01,4.2986e+00,1.6238e-01
6.5300e+03,3.5786e-02,4.6983e+00,1.5003e+01,4.2988e+00,1.6240e-01
6.5400e+03,3.5554e-02,4.6981e+00,1.5003e+01,4.2990e+00,1.6241e-01
6.5500e+03,3.5323e-02,4.6979e+00,1.5003e+01,4.2993e+00,1.6242e-01
6.5600e+03,3.5094e-02,4.6977e+00,1.5003e+01,4.2995e+00,1.6243e-01
6.5700e+03,3.4866e-02,4.6974e+00,1.5003e+01,4.2997e+00,1.6244e-01
6.5800e+03,3.4640e-02,4.6972e+00,1.5003e+01,4.2999e+00,1.6245e-01
6.5900e+03,3.4416e-02,4.6970e+00,1.5003e+01,4.3001e+00,1.6247e-01
6.6000e+03,3.4193e-02,4.6968e+00,1.5003e+01,4.3003e+00,1.6248e-01
6.6100e+03,3.3971e-02,4.6966e+00,1.5003e+01,4.3005e+00,1.6249e-01
6.6200e+03,3.3751e-02,4.6964e+00,1.5003e+01,4.3008e+00,1.6250e-01
6.6300e+03,3.3532e-02,4.6962e+00,1.5003e+01,4.3010e+00,1.6251e-01
6.6400e+03,3.3314e-02,4.6960e+00,1.5003e+01,4.3012e+00,1.6252e-01
6.6500e+03,3.3099e-02,4.6958e+00,1.5003e+01,4.3014e+00,1.6253e-01
6.6600e+03,3.2884e-02,4.6956e+00,1.5003e+01,4.3016e+00,1.6254e-01
6.6700e+03,3.2671e-02,4.6954e+00,1.5003e+01,4.3018e+00,1.6255e-01
6.6800e+03,3.2459e-02,4.6952e+00,1.5003e+01,4.3020e+00,1.6256e-01
6.6900e+03,3.2249e-02,4.6950e+00,1.5003e+01,4.3022e+00,1.6258e-01
6.7000e+03,3.2040e-02,4.6948e+00,1.5003e+01,4.3024e+00,1.6259e-01
6.7100e+03,3.1832e-02,4.6946e+00,1.5003e+01,4.3026e+00,1.6260e-01
6.7200e+03,3.1626e-02,4.6944e+00,1.5003e+01,4.3028e+00,1.6261e-01
6.7300e+03,3.1421e-02,4.6942e+00,1.5003e+01,4.3030e+00,1.6262e-01
6.7400e+03,3.1217e-02,4.6940e+00,1.5003e+01,4.3032e+00,1.6263e-01
6.7500e+03,3.1015e-02,4.6938e+00,1.5003e+01,4.3033e+00,1.6264e-01
6.7600e+03,3.0814e-02,4.6936e+00,1.5003e+01,4.3035e+00,1.6265e-01
6.7700e+03,3.0614e-02,4.6934e+00,1.5003e+01,4.3037e+00,1.6266e-01
6.7800e+03,3.0416e-02,4.6932e+00,1.5003e+01,4.3039e+00,1.6267e-01
6.7900e+03,3.0219e-02,4.6930e+00,1.5003e+01,4.3041e+00,1.6268e-01
6.8000e+03,3.0023e-02,4.6928e+00,1.5003e+01,4.3043e+00,1.6269e-01
6.8100e+03,2.9829e-02,4.6927e+00,1.5003e+01,4.3045e+00,1.6270e-01
6.8200e+03,2.9636e-02,4.6925e+00,1.5003e+01,4.3047e+00,1.6271e-01
6.8300e+03,2.9444e-02,4.6923e+00,1.5003e+01,4.3048e+00,1.6272e-01
6.8400e+03,2.9253e-02,4.6921e+00,1.5003e+01,4.3050e+00,1.6273e-01
6.8500e+03,2.9063e-02,4.6919e+00,1.5003e+01,4.3052e+00,1.6274e-01
6.8600e+03,2.8875e-02,4.6917e+00,1.5003e+01,4.3054e+00,1.6275e-01
6.8700e+03,2.8688e-02,4.6916e+00,1.5003e+01,4.3056e+00,1.6276e-01
6.8800e+03,2.8502e-02,4.6914e+00,1.5003e+01,4.3057e+00,1.6276e-01
6.8900e+03,2.8318e-02,4.6912e+00,1.5003e+01,4.3059e+00,1.6277e-01
6.9000e+03,2.8134e-02,4.6910e+00,1.5003e+01,4.3061e+00,1.6278e-01
6.9100e+03,2.7952e-02,4.6909e+00,1.5003e+01,4.3063e+00,1.6279e-01
6.9200e+03,2.7771e-02,4.6907e+00,1.5003e+01,4.3064e+00,1.6280e-01
6.9300e+03,2.7591e-02,4.6905e+00,1.5003e+01,4.3066e+00,1.6281e-01
6.9400e+03,2.7413e-02,4.6904e+00,1.5003e+01,4.3068e+00,1.6282e-01
6.9500e+03,2.7235e-02,4.6902e+00,1.5003e+01,4.3069e+00,1.6283e-01
6.9600e+03,2.7059e-02,4.6900e+00,1.5003e+01,4.3071e+00,1.6284e-01
6.9700e+03,2.6884e-02,4.6899e+00,1.5003e+01,4.3073e+00,1.6285e-01
6.9800e+03,2.6710e-02,4.6897e+00,1.5003e+01,4.3074e+00,1.6286e-01
6.9900e+03,2.6537e-02,4.6895e+00,1.5003e+01,4.3076e+00,1.6286e-01
7.0000e+03,2.6365e-02,4.6894e+00,1.5003e+01,4.3078e+00,1.6287e-01
7.0100e+03,2.6194e-02,4.6892e+00,1.5003e+01,4.3079e+00,1.6288e-01
7.0200e+03,2.6025e-02,4.6890e+00,1.5003e+01,4.3081e+00,1.6289e-01
7.0300e+03,2.5856e-02,4.6889e+00,1.5003e+01,4.3082e+00,1.6290e-01
7.0400e+03,2.5689e-02,4.6887e+00,1.5003e+01,4.3084e+00,1.6291e-01
7.0500e+03,2.5523e-02,4.6886e+00,1.5003e+01,4.3086e+00,1.6292e-01
7.0600e+03,2.5357e-02,4.6884e+00,1.5003e+01,4.3087e+00,1.6292e-01
7.0700e+03,2.5193e-02,4.6883e+00,1.5003e+01,4.3089e+00,1.6293e-01
7.0800e+03,2.5030e-02,4.6881e+00,1.5003e+01,4.3090e+00,1.6294e-01
7.0900e+03,2.4868e-02,4.6879e+00,1.5003e+01,4.3092e+00,1.6295e-01
7.1000e+03,2.4707e-02,4.6878e+00,1.5003e+01,4.3093e+00,1.6296e-01
7.1100e+03,2.4547e-02,4.6876e+00,1.5003e+01,4.3095e+00,1.6297e-01
7.1200e+03,2.4389e-02,4.6875e+00,1.5003e+01,4.3096e+00,1.6297e-01
7.1300e+03,2.4231e-02,4.6873e+00,1.5003e+01,4.3098e+00,1.6298e-01
7.1400e+03,2.4074e-02,4.6872e+00,1.5003e+01,4.3099e+00,1.6299e-01
7.1500e+03,2.3918e-02,4.6870e+00,1.5003e+01,4.3101e+00,1.6300e-01
7.1600e+03,2.3763e-02,4.6869e+00,1.5003e+01,4.3102e+00,1.6300e-01
7.1700e+03,2.3610e-02,4.6867e+00,1.5003e+01,4.3104e+00,1.6301e-01
7.1800e+03,2.3457e-02,4.6866e+00,1.5003e+01,4.3105e+00,1.6302e-01
7.1900e+03,2.3305e-02,4.6865e+00,1.5003e+01,4.3107e+00,1.6303e-01
7.2000e+03,2.3154e-02,4.6863e+00,1.5003e+01,4.3108e+00,1.6304e-01
7.2100e+03,2.3004e-02,4.6862e+00,1.5003e+01,4.3110e+00,1.6304e-01
7.2200e+03,2.2856e-02,4.6860e+00,1.5003e+01,4.3111e+00,1.6305e-01
7.2300e+03,2.2708e-02,4.6859e+00,1.5003e+01,4.3112e+00,1.6306e-01
7.2400e+03,2.2561e-02,4.6858e+00,1.5003e+01,4.3114e+00,1.6307e-01
7.2500e+03,2.2415e-02,4.6856e+00,1.5003e+01,4.3115e+00,1.6307e-01
7.2600e+03,2.2270e-02,4.6855e+00,1.5003e+01,4.3117e+00,1.6308e-01
7.2700e+03,2.2126e-02,4.6853e+00,1.5003e+01,4.3118e+00,1.6309e-01
7.2800e+03,2.1983e-02,4.6852e+00,1.5003e+01,4.3119e+00,1.6310e-01
7.2900e+03,2.1841e-02,4.6851e+00,1.5003e+01,4.3121e+00,1.6310e-01
7.3000e+03,2.1699e-02,4.6849e+00,1.5003e+01,4.3122e+00,1.6311e-01
7.3100e+03,2.1559e-02,4.6848e+00,1.5003e+01,4.3123e+00,1.6312e-01
7.3200e+03,2.1420e-02,4.6847e+00,1.5003e+01,4.3125e+00,1.6312e-01
7.3300e+03,2.1281e-02,4.6845e+00,1.5003e+01,4.3126e+00,1.6313e-01
7.3400e+03,2.1143e-02,4.6844e+00,1.5003e+01,4.3127e+00,1.6314e-01
7.3500e+03,2.1007e-02,4.6843e+00,1.5003e+01,4.3129e+00,1.6314e-01
7.3600e+03,2.0871e-02,4.6841e+00,1.5003e+01,4.3130e+00,1.6315e-01
7.3700e+03,2.0736e-02,4.6840e+00,1.5003e+01,4.3131e+00,1.6316e-01
7.3800e+03,2.0602e-02,4.6839e+00,1.5003e+01,4.3132e+00,1.6316e-01
7.3900e+03,2.0469e-02,4.6838e+00,1.5003e+01,4.3134e+00,1.6317e-01
7.4000e+03,2.0336e-02,4.6836e+00,1.5003e+01,4.3135e+00,1.6318e-01
7.4100e+03,2.0205e-02,4.6835e+00,1.5003e+01,4.3136e+00,1.6319e-01
7.4200e+03,2.0074e-02,4.6834e+00,1.5003e+01,4.3137e+00,1.6319e-01
7.4300e+03,1.9944e-02,4.6833e+00,1.5003e+01,4.3139e+00,1.6320e-01
7.4400e+03,1.9815e-02,4.6831e+00,1.5003e+01,4.3140e+00,1.6320e-01
7.4500e+03,1.9687e-02,4.6830e+00,1.5003e+01,4.3141e+00,1.6321e-01
7.4600e+03,1.9560e-02,4.6829e+00,1.5003e+01,4.3142e+00,1.6322e-01
7.4700e+03,1.9433e-02,4.6828e+00,1.5003e+01,4.3143e+00,1.6322e-01
7.4800e+03,1.9308e-02,4.6827e+00,1.5003e+01,4.3145e+00,1.6323e-01
7.4900e+03,1.9183e-02,4.6825e+00,1.5003e+01,4.3146e+00,1.6324e-01
7.5000e+03,1.9059e-02,4.6824e+00,1.5003e+01,4.3147e+00,1.6324e-01
7.5100e+03,1.8936e-02,4.6823e+00,1.5003e+01,4.3148e+00,1.6325e-01
7.5200e+03,1.8813e-02,4.6822e+00,1.5003e+01,4.3149e+00,1.6326e-01
7.5300e+03,1.8692e-02,4.6821e+00,1.5003e+01,4.3150e+00,1.6326e-01
7.5400e+03,1.8571e-02,4.6820e+00,1.5003e+01,4.3152e+00,1.6327e-01
7.5500e+03,1.8451e-02,4.6818e+00,1.5003e+01,4.3153e+00,1.6327e-01
7.5600e+03,1.8332e-02,4.6817e+00,1.5003e+01,4.3154e+00,1.6328e-01
7.5700e+03,1.8213e-02,4.6816e+00,1.5003e+01,4.3155e+00,1.6329e-01
7.5800e+03,1.8095e-02,4.6815e+00,1.5003e+01,4.3156e+00,1.6329e-01
7.5900e+03,1.7978e-02,4.6814e+00,1.5003e+01,4.3157e+00,1.6330e-01
7.6000e+03,1.7862e-02,4.6813e+00,1.5003e+01,4.3158e+00,1.6330e-01
7.6100e+03,1.7747e-02,4.6812e+00,1.5003e+01,4.3159e+00,1.6331e-01
7.6200e+03,1.7632e-02,4.6811e+00,1.5003e+01,4.3161e+00,1.6332e-01
7.6300e+03,1.7518e-02,4.6810e+00,1.5003e+01,4.3162e+00,1.6332e-01
7.6400e+03,1.7405e-02,4.6809e+00,1.5003e+01,4.3163e+00,1.6333e-01
7.6500e+03,1.7292e-02,4.6807e+00,1.5003e+01,4.3164e+00,1.6333e-01
7.6600e+03,1.7181e-02,4.6806e+00,1.5003e+01,4.3165e+00,1.6334e-01
7.6700e+03,1.7070e-02,4.6805e+00,1.5003e+01,4.3166e+00,1.6334e-01
7.6800e+03,1.6959e-02,4.6804e+00,1.5003e+01,4.3167e+00,1.6335e-01
7.6900e+03,1.6850e-02,4.6803e+00,1.5003e+01,4.3168e+00,1.6336e-01
7.7000e+03,1.6741e-02,4.6802e+00,1.5003e+01,4.3169e+00,1.6336e-01
7.7100e+03,1.6633e-02,4.6801e+00,1.5003e+01,4.3170e+00,1.6337e-01
7.7200e+03,1.6525e-02,4.6800e+00,1.5003e+01,4.3171e+00,1.6337e-01
7.7300e+03,1.6418e-02,4.6799e+00,1.5003e+01,4.3172e+00,1.6338e-01
7.7400e+03,1.6312e-02,4.6798e+00,1.5003e+01,4.3173e+00,1.6338e-01
7.7500e+03,1.6207e-02,4.6797e+00,1.5003e+01,4.3174e+00,1.6339e-01
7.7600e+03,1.6102e-02,4.6796e+00,1.5003e+01,4.3175e+00,1.6339e-01
7.7700e+03,1.5998e-02,4.6795e+00,1.5003e+01,4.3176e+00,1.6340e-01
7.7800e+03,1.5895e-02,4.6794e+00,1.5003e+01,4.3177e+00,1.6340e-01
7.7900e+03,1.5792e-02,4.6793e+00,1.5003e+01,4.3178e+00,1.6341e-01
7.8000e+03,1.5690e-02,4.6792e+00,1.5003e+01,4.3179e+00,1.6341e-01
7.8100e+03,1.5589e-02,4.6791e+00,1.5003e+01,4.3180e+00,1.6342e-01
7.8200e+03,1.5488e-02,4.6790e+00,1.5003e+01,4.3181e+00,1.6342e-01
7.8300e+03,1.5388e-02,4.6789e+00,1.5003e+01,4.3182e+00,1.6343e-01
7.8400e+03,1.5289e-02,4.6788e+00,1.5003e+01,4.3183e+00,1.6343e-01
7.8500e+03,1.5190e-02,4.6787e+00,1.5003e+01,4.3184e+00,1.6344e-01
7.8600e+03,1.5092e-02,4.6787e+00,1.5003e+01,4.3185e+00,1.6344e-01
7.8700e+03,1.4994e-02,4.6786e+00,1.5003e+01,4.3186e+00,1.6345e-01
7.8800e+03,1.4897e-02,4.6785e+00,1.5003e+01,4.3187e+00,1.6345e-01
7.8900e+03,1.4801e-02,4.6784e+00,1.5003e+01,4.3187e+00,1.6346e-01
7.9000e+03,1.4705e-02,4.6783e+00,1.5003e+01,4.3188e+00,1.6346e-01
7.9100e+03,1.4610e-02,4.6782e+00,1.5003e+01,4.3189e+00,1.6347e-01
7.9200e+03,1.4516e-02,4.6781e+00,1.5003e+01,4.3190e+00,1.6347e-01
7.9300e+03,1.4422e-02,4.6780e+00,1.5003e+01,4.3191e+00,1.6348e-01
7.9400e+03,1.4329e-02,4.6779e+00,1.5003e+01,4.3192e+00,1.6348e-01
7.9500e+03,1.4237e-02,4.6778e+00,1.5003e+01,4.3193e+00,1.6349e-01
7.9600e+03,1.4145e-02,4.6778e+00,1.5003e+01,4.3194e+00,1.6349e-01
7.9700e+03,1.4053e-02,4.6777e+00,1.5003e+01,4.3195e+00,1.6350e-01
7.9800e+03,1.3963e-02,4.6776e+00,1.5003e+01,4.3195e+00,1.6350e-01
7.9900e+03,1.3872e-02,4.6775e+00,1.5003e+01,4.3196e+00,1.6351e-01
8.0000e+03,1.3783e-02,4.6774e+00,1.5003e+01,4.3197e+00,1.6351e-01
8.0100e+03,1.3694e-02,4.6773e+00,1.5003e+01,4.3198e+00,1.6352e-01
8.0200e+03,1.3605e-02,4.6772e+00,1.5003e+01,4.3199e+00,1.6352e-01
8.0300e+03,1.3517e-02,4.6772e+00,1.5003e+01,4.3200e+00,1.6352e-01
8.0400e+03,1.3430e-02,4.6771e+00,1.5003e+01,4.3200e+00,1.6353e-01
8.0500e+03,1.3343e-02,4.6770e+00,1.5003e+01,4.3201e+00,1.6353e-01
8.0600e+03,1.3257e-02,4.6769e+00,1.5003e+01,4.3202e+00,1.6354e-01
8.0700e+03,1.3172e-02,4.6768e+00,1.5003e+01,4.3203e+00,1.6354e-01
8.0800e+03,1.3087e-02,4.6768e+00,1.5003e+01,4.3204e+00,1.6355e-01
8.0900e+03,1.3002e-02,4.6767e+00,1.5003e+01,4.3205e+00,1.6355e-01
8.1000e+03,1.2918e-02,4.6766e+00,1.5003e+01,4.3205e+00,1.6355e-01
8.1100e+03,1.2835e-02,4.6765e+00,1.5003e+01,4.3206e+00,1.6356e-01
8.1200e+03,1.2752e-02,4.6764e+00,1.5003e+01,4.3207e+00,1.6356e-01
8.1300e+03,1.2670e-02,4.6764e+00,1.5003e+01,4.3208e+00,1.6357e-01
8.1400e+03,1.2588e-02,4.6763e+00,1.5003e+01,4.3208e+00,1.6357e-01
8.1500e+03,1.2506e-02,4.6762e+00,1.5003e+01,4.3209e+00,1.6358e-01
8.1600e+03,1.2426e-02,4.6761e+00,1.5003e+01,4.3210e+00,1.6358e-01
8.1700e+03,1.2345e-02,4.6760e+00,1.5003e+01,4.3211e+00,1.6358e-01
8.1800e+03,1.2266e-02,4.6760e+00,1.5003e+01,4.3211e+00,1.6359e-01
8.1900e+03,1.2187e-02,4.6759e+00,1.5003e+01,4.3212e+00,1.6359e-01
8.2000e+03,1.2108e-02,4.6758e+00,1.5003e+01,4.3213e+00,1.6360e-01
8.2100e+03,1.2030e-02,4.6757e+00,1.5003e+01,4.3214e+00,1.6360e-01
8.2200e+03,1.1952e-02,4.6757e+00,1.5003e+01,4.3214e+00,1.6360e-01
8.2300e+03,1.1875e-02,4.6756e+00,1.5003e+01,4.3215e+00,1.6361e-01
8.2400e+03,1.1798e-02,4.6755e+00,1.5003e+01,4.3216e+00,1.6361e-01
8.2500e+03,1.1722e-02,4.6755e+00,1.5003e+01,4.3217e+00,1.6362e-01
8.2600e+03,1.1646e-02,4.6754e+00,1.5003e+01,4.3217e+00,1.6362e-01
8.2700e+03,1.1571e-02,4.6753e+00,1.5003e+01,4.3218e+00,1.6362e-01
8.2800e+03,1.1497e-02,4.6752e+00,1.5003e+01,4.3219e+00,1.6363e-01
8.2900e+03,1.1422e-02,4.6752e+00,1.5003e+01,4.3219e+00,1.6363e-01
8.3000e+03,1.1349e-02,4.6751e+00,1.5003e+01,4.3220e+00,1.6363e-01
8.3100e+03,1.1275e-02,4.6750e+00,1.5003e+01,4.3221e+00,1.6364e-01
8.3200e+03,1.1203e-02,4.6750e+00,1.5003e+01,4.3222e+00,1.6364e-01
8.3300e+03,1.1130e-02,4.6749e+00,1.5003e+01,4.3222e+00,1.6365e-01
8.3400e+03,1.1058e-02,4.6748e+00,1.5003e+01,4.3223e+00,1.6365e-01
8.3500e+03,1.0987e-02,4.6748e+00,1.5003e+01,4.3224e+00,1.6365e-01
8.3600e+03,1.0916e-02,4.6747e+00,1.5003e+01,4.3224e+00,1.6366e-01
8.3700e+03,1.0846e-02,4.6746e+00,1.5003e+01,4.3225e+00,1.6366e-01
8.3800e+03,1.0776e-02,4.6746e+00,1.5003e+01,4.3226e+00,1.6366e-01
8.3900e+03,1.0706e-02,4.6745e+00,1.5003e+01,4.3226e+00,1.6367e-01
8.4000e+03,1.0637e-02,4.6744e+00,1.5003e+01,4.3227e+00,1.6367e-01
8.4100e+03,1.0568e-02,4.6744e+00,1.5003e+01,4.3228e+00,1.6367e-01
8.4200e+03,1.0500e-02,4.6743e+00,1.5003e+01,4.3228e+00,1.6368e-01
8.4300e+03,1.0432e-02,4.6742e+00,1.5003e+01,4.3229e+00,1.6368e-01
8.4400e+03,1.0365e-02,4.6742e+00,1.5003e+01,4.3230e+00,1.6368e-01
8.4500e+03,1.0298e-02,4.6741e+00,1.5003e+01,4.3230e+00,1.6369e-01
8.4600e+03,1.0232e-02,4.6740e+00,1.5003e+01,4.3231e+00,1.6369e-01
8.4700e+03,1.0166e-02,4.6740e+00,1.5003e+01,4.3231e+00,1.6369e-01
8.4800e+03,1.0100e-02,4.6739e+00,1.5003e+01,4.3232e+00,1.6370e-01
8.4900e+03,1.0035e-02,4.6739e+00,1.5003e+01,4.3233e+00,1.6370e-01
8.5000e+03,9.9700e-03,4.6738e+00,1.5003e+01,4.3233e+00,1.6370e-01
8.5100e+03,9.9057e-03,4.6737e+00,1.5003e+01,4.3234e+00,1.6371e-01
8.5200e+03,9.8418e-03,4.6737e+00,1.5003e+01,4.3235e+00,1.6371e-01
8.5300e+03,9.7783e-03,4.6736e+00,1.5003e+01,4.3235e+00,1.6371e-01
8.5400e+03,9.7152e-03,4.6735e+00,1.5003e+01,4.3236e+00,1.6372e-01
8.5500e+03,9.6525e-03,4.6735e+00,1.5003e+01,4.3236e+00,1.6372e-01
8.5600e+03,9.5902e-03,4.6734e+00,1.5003e+01,4.3237e+00,1.6372e-01
8.5700e+03,9.5283e-03,4.6734e+00,1.5003e+01,4.3237e+00,1.6373e-01
8.5800e+03,9.4668e-03,4.6733e+00,1.5003e+01,4.3238e+00,1.6373e-01
8.5900e+03,9.4057e-03,4.6733e+00,1.5003e+01,4.3239e+00,1.6373e-01
8.6000e+03,9.3450e-03,4.6732e+00,1.5003e+01,4.3239e+00,1.6374e-01
8.6100e+03,9.2847e-03,4.6731e+00,1.5003e+01,4.3240e+00,1.6374e-01
8.6200e+03,9.2248e-03,4.6731e+00,1.5003e+01,4.3240e+00,1.6374e-01
8.6300e+03,9.1653e-03,4.6730e+00,1.5003e+01,4.3241e+00,1.6375e-01
8.6400e+03,9.1061e-03,4.6730e+00,1.5003e+01,4.3241e+00,1.6375e-01
8.6500e+03,9.0474e-03,4.6729e+00,1.5003e+01,4.3242e+00,1.6375e-01
8.6600e+03,8.9890e-03,4.6729e+00,1.5003e+01,4.3243e+00,1.6375e-01
8.6700e+03,8.9310e-03,4.6728e+00,1.5003e+01,4.3243e+00,1.6376e-01
8.6800e+03,8.8734e-03,4.6727e+00,1.5003e+01,4.3244e+00,1.6376e-01
8.6900e+03,8.8161e-03,4.6727e+00,1.5003e+01,4.3244e+00,1.6376e-01
8.7000e+03,8.7592e-03,4.6726e+00,1.5003e+01,4.3245e+00,1.6377e-01
8.7100e+03,8.7027e-03,4.6726e+00,1.5003e+01,4.3245e+00,1.6377e-01
8.7200e+03,8.6466e-03,4.6725e+00,1.5003e+01,4.3246e+00,1.6377e-01
8.7300e+03,8.5908e-03,4.6725e+00,1.5003e+01,4.3246e+00,1.6377e-01
8.7400e+03,8.5354e-03,4.6724e+00,1.5003e+01,4.3247e+00,1.6378e-01
8.7500e+03,8.4803e-03,4.6724e+00,1.5003e+01,4.3247e+00,1.6378e-01
8.7600e+03,8.4256e-03,4.6723e+00,1.5003e+01,4.3248e+00,1.6378e-01
8.7700e+03,8.3712e-03,4.6723e+00,1.5003e+01,4.3248e+00,1.6379e-01
8.7800e+03,8.3172e-03,4.6722e+00,1.5003e+01,4.3249e+00,1.6379e-01
8.7900e+03,8.2636e-03,4.6722e+00,1.5003e+01,4.3249e+00,1.6379e-01
8.8000e+03,8.2102e-03,4.6721e+00,1.5003e+01,4.3250e+00,1.6379e-01
8.8100e+03,8.1573e-03,4.6721e+00,1.5003e+01,4.3250e+00,1.6380e-01
