t,[L2M],[D],[L],[L2MD],[L2Ms]
0.0000e+00,4.5000e+00,4.5000e+00,1.7500e+01,0.0000e+00,0.0000e+00
1.0000e+01,4.4735e+00,4.4773e+00,1.7503e+01,2.2696e-02,1.2641e-03
2.0000e+01,4.4497e+00,4.4547e+00,1.7503e+01,4.5209e-02,2.5243e-03
3.0000e+01,4.4262e+00,4.4324e+00,1.7503e+01,6.7492e-02,3.7779e-03
4.0000e+01,4.4029e+00,4.4104e+00,1.7503e+01,8.9547e-02,5.0250e-03
5.0000e+01,4.3798e+00,4.3885e+00,1.7503e+01,1.1138e-01,6.2656e-03
6.0000e+01,4.3569e+00,4.3669e+00,1.7503e+01,1.3299e-01,7.4998e-03
7.0000e+01,4.3343e+00,4.3455e+00,1.7503e+01,1.5438e-01,8.7276e-03
8.0000e+01,4.3119e+00,4.3243e+00,1.7503e+01,1.7557e-01,9.9491e-03
9.0000e+01,4.2897e+00,4.3033e+00,1.7503e+01,1.9654e-01,1.1164e-02
1.0000e+02,4.2678e+00,4.2826e+00,1.7503e+01,2.1730e-01,1.2373e-02
1.1000e+02,4.2460e+00,4.2620e+00,1.7503e+01,2.3785e-01,1.3576e-02
1.2000e+02,4.2244e+00,4.2416e+00,1.7503e+01,2.5821e-01,1.4773e-02
1.3000e+02,4.2031e+00,4.2214e+00,1.7503e+01,2.7837e-01,1.5964e-02
1.4000e+02,4.1820e+00,4.2015e+00,1.7503e+01,2.9833e-01,1.7149e-02
1.5000e+02,4.1610e+00,4.1817e+00,1.7503e+01,3.1810e-01,1.8328e-02
1.6000e+02,4.1403e+00,4.1621e+00,1.7503e+01,3.3768e-01,1.9501e-02
1.7000e+02,4.1197e+00,4.1427e+00,1.7503e+01,3.5707e-01,2.0669e-02
1.8000e+02,4.0993e+00,4.1235e+00,1.7503e+01,3.7627e-01,2.1830e-02
1.9000e+02,4.0791e+00,4.1045e+00,1.7503e+01,3.9529e-01,2.2986e-02
2.0000e+02,4.0592e+00,4.0856e+00,1.7503e+01,4.1414e-01,2.4137e-02
2.1000e+02,4.0393e+00,4.0669e+00,1.7503e+01,4.3280e-01,2.5282e-02
2.2000e+02,4.0197e+00,4.0484e+00,1.7503e+01,4.5130e-01,2.6421e-02
2.3000e+02,4.0003e+00,4.0301e+00,1.7503e+01,4.6961e-01,2.7555e-02
2.4000e+02,3.9810e+00,4.0119e+00,1.7503e+01,4.8776e-01,2.8683e-02
2.5000e+02,3.9619e+00,3.9939e+00,1.7503e+01,5.0574e-01,2.9806e-02
2.6000e+02,3.9429e+00,3.9761e+00,1.7503e+01,5.2356e-01,3.0924e-02
2.7000e+02,3.9242e+00,3.9585e+00,1.7503e+01,5.4121e-01,3.2036e-02
2.8000e+02,3.9056e+00,3.9410e+00,1.7503e+01,5.5870e-01,3.3143e-02
2.9000e+02,3.8872e+00,3.9236e+00,1.7503e+01,5.7604e-01,3.4245e-02
3.0000e+02,3.8689e+00,3.9064e+00,1.7503e+01,5.9321e-01,3.5342e-02
3.1000e+02,3.8508e+00,3.8894e+00,1.7503e+01,6.1023e-01,3.6433e-02
3.2000e+02,3.8328e+00,3.8725e+00,1.7503e+01,6.2710e-01,3.7520e-02
3.3000e+02,3.8150e+00,3.8558e+00,1.7503e+01,6.4382e-01,3.8602e-02
3.4000e+02,3.7974e+00,3.8392e+00,1.7503e+01,6.6039e-01,3.9678e-02
3.5000e+02,3.7799e+00,3.8228e+00,1.7503e+01,6.7681e-01,4.0750e-02
3.6000e+02,3.7625e+00,3.8065e+00,1.7503e+01,6.9309e-01,4.1817e-02
3.7000e+02,3.7453e+00,3.7904e+00,1.7503e+01,7.0922e-01,4.2879e-02
3.8000e+02,3.7283e+00,3.7743e+00,1.7503e+01,7.2522e-01,4.3936e-02
3.9000e+02,3.7114e+00,3.7585e+00,1.7503e+01,7.4107e-01,4.4988e-02
4.0000e+02,3.6946e+00,3.7428e+00,1.7503e+01,7.5679e-01,4.6036e-02
4.1000e+02,3.6780e+00,3.7272e+00,1.7503e+01,7.7237e-01,4.7079e-02
4.2000e+02,3.6615e+00,3.7117e+00,1.7503e+01,7.8782e-01,4.8117e-02
4.3000e+02,3.6451e+00,3.6964e+00,1.7503e+01,8.0314e-01,4.9151e-02
4.4000e+02,3.6289e+00,3.6812e+00,1.7503e+01,8.1832e-01,5.0180e-02
4.5000e+02,3.6128e+00,3.6661e+00,1.7503e+01,8.3338e-01,5.1205e-02
4.6000e+02,3.5969e+00,3.6512e+00,1.7503e+01,8.4831e-01,5.2225e-02
4.7000e+02,3.5811e+00,3.6364e+00,1.7503e+01,8.6311e-01,5.3241e-02
4.8000e+02,3.5654e+00,3.6217e+00,1.7503e+01,8.7779e-01,5.4252e-02
4.9000e+02,3.5498e+00,3.6071e+00,1.7503e+01,8.9235e-01,5.5259e-02
5.0000e+02,3.5344e+00,3.5927e+00,1.7503e+01,9.0678e-01,5.6261e-02
5.1000e+02,3.5191e+00,3.5784e+00,1.7503e+01,9.2110e-01,5.7259e-02
5.2000e+02,3.5039e+00,3.5642e+00,1.7503e+01,9.3530e-01,5.8253e-02
5.3000e+02,3.4888e+00,3.5501e+00,1.7503e+01,9.4938e-01,5.9243e-02
5.4000e+02,3.4739e+00,3.5361e+00,1.7503e+01,9.6334e-01,6.0228e-02
5.5000e+02,3.4590e+00,3.5222e+00,1.7503e+01,9.7720e-01,6.1210e-02
5.6000e+02,3.4443e+00,3.5085e+00,1.7503e+01,9.9094e-01,6.2187e-02
5.7000e+02,3.4297e+00,3.4948e+00,1.7503e+01,1.0046e+00,6.3160e-02
5.8000e+02,3.4152e+00,3.4813e+00,1.7503e+01,1.0181e+00,6.4128e-02
5.9000e+02,3.4008e+00,3.4679e+00,1.7503e+01,1.0315e+00,6.5093e-02
6.0000e+02,3.3866e+00,3.4546e+00,1.7503e+01,1.0448e+00,6.6054e-02
6.1000e+02,3.3724e+00,3.4414e+00,1.7503e+01,1.0580e+00,6.7011e-02
6.2000e+02,3.3584e+00,3.4283e+00,1.7503e+01,1.0711e+00,6.7964e-02
6.3000e+02,3.3444e+00,3.4153e+00,1.7503e+01,1.0841e+00,6.8913e-02
6.4000e+02,3.3306e+00,3.4024e+00,1.7503e+01,1.0970e+00,6.9858e-02
6.5000e+02,3.3169e+00,3.3896e+00,1.7503e+01,1.1097e+00,7.0799e-02
6.6000e+02,3.3033e+00,3.3769e+00,1.7503e+01,1.1224e+00,7.1736e-02
6.7000e+02,3.2898e+00,3.3643e+00,1.7503e+01,1.1350e+00,7.2670e-02
6.8000e+02,3.2763e+00,3.3518e+00,1.7503e+01,1.1475e+00,7.3599e-02
6.9000e+02,3.2630e+00,3.3394e+00,1.7503e+01,1.1599e+00,7.4525e-02
7.0000e+02,3.2498e+00,3.3271e+00,1.7503e+01,1.1722e+00,7.5447e-02
7.1000e+02,3.2367e+00,3.3149e+00,1.7503e+01,1.1844e+00,7.6366e-02
7.2000e+02,3.2237e+00,3.3028e+00,1.7503e+01,1.1965e+00,7.7281e-02
7.3000e+02,3.2107e+00,3.2908e+00,1.7503e+01,1.2085e+00,7.8192e-02
7.4000e+02,3.1979e+00,3.2789e+00,1.7503e+01,1.2204e+00,7.9099e-02
7.5000e+02,3.1852e+00,3.2670e+00,1.7503e+01,1.2323e+00,8.0003e-02
7.6000e+02,3.1725e+00,3.2553e+00,1.7503e+01,1.2440e+00,8.0904e-02
7.7000e+02,3.1600e+00,3.2436e+00,1.7503e+01,1.2557e+00,8.1800e-02
7.8000e+02,3.1475e+00,3.2320e+00,1.7503e+01,1.2672e+00,8.2694e-02
7.9000e+02,3.1351e+00,3.2205e+00,1.7503e+01,1.2787e+00,8.3584e-02
8.0000e+02,3.1228e+00,3.2091e+00,1.7503e+01,1.2901e+00,8.4470e-02
8.1000e+02,3.1106e+00,3.1978e+00,1.7503e+01,1.3014e+00,8.5353e-02
8.2000e+02,3.0985e+00,3.1866e+00,1.7503e+01,1.3127e+00,8.6232e-02
8.3000e+02,3.0865e+00,3.1754e+00,1.7503e+01,1.3238e+00,8.7108e-02
8.4000e+02,3.0746e+00,3.1643e+00,1.7503e+01,1.3349e+00,8.7981e-02
8.5000e+02,3.0627e+00,3.1534e+00,1.7503e+01,1.3459e+00,8.8850e-02
8.6000e+02,3.0509e+00,3.1424e+00,1.7503e+01,1.3568e+00,8.9716e-02
8.7000e+02,3.0393e+00,3.1316e+00,1.7503e+01,1.3676e+00,9.0579e-02
8.8000e+02,3.0277e+00,3.1209e+00,1.7503e+01,1.3783e+00,9.1439e-02
8.9000e+02,3.0161e+00,3.1102e+00,1.7503e+01,1.3890e+00,9.2295e-02
9.0000e+02,3.0047e+00,3.0996e+00,1.7503e+01,1.3996e+00,9.3148e-02
9.1000e+02,2.9933e+00,3.0891e+00,1.7503e+01,1.4101e+00,9.3998e-02
9.2000e+02,2.9820e+00,3.0786e+00,1.7503e+01,1.4206e+00,9.4844e-02
9.3000e+02,2.9708e+00,3.0682e+00,1.7503e+01,1.4309e+00,9.5688e-02
9.4000e+02,2.9597e+00,3.0579e+00,1.7503e+01,1.4412e+00,9.6528e-02
9.5000e+02,2.9486e+00,3.0477e+00,1.7503e+01,1.4514e+00,9.7365e-02
9.6000e+02,2.9376e+00,3.0376e+00,1.7503e+01,1.4616e+00,9.8199e-02
9.7000e+02,2.9267e+00,3.0275e+00,1.7503e+01,1.4717e+00,9.9030e-02
9.8000e+02,2.9159e+00,3.0175e+00,1.7503e+01,1.4817e+00,9.9858e-02
9.9000e+02,2.9051e+00,3.0075e+00,1.7503e+01,1.4916e+00,1.0068e-01
1.0000e+03,2.8944e+00,2.9976e+00,1.7503e+01,1.5015e+00,1.0150e-01
1.0100e+03,2.8838e+00,2.9878e+00,1.7503e+01,1.5113e+00,1.0232e-01
1.0200e+03,2.8733e+00,2.9781e+00,1.7503e+01,1.5210e+00,1.0314e-01
1.0300e+03,2.8628e+00,2.9684e+00,1.7503e+01,1.5307e+00,1.0395e-01
1.0400e+03,2.8524e+00,2.9588e+00,1.7503e+01,1.5403e+00,1.0476e-01
1.0500e+03,2.8420e+00,2.9493e+00,1.7503e+01,1.5498e+00,1.0557e-01
1.0600e+03,2.8317e+00,2.9398e+00,1.7503e+01,1.5593e+00,1.0637e-01
1.0700e+03,2.8215e+00,2.9304e+00,1.7503e+01,1.5687e+00,1.0717e-01
1.0800e+03,2.8114e+00,2.9210e+00,1.7503e+01,1.5781e+00,1.0797e-01
1.0900e+03,2.8013e+00,2.9117e+00,1.7503e+01,1.5873e+00,1.0877e-01
1.1000e+03,2.7913e+00,2.9025e+00,1.7503e+01,1.5966e+00,1.0956e-01
1.1100e+03,2.7814e+00,2.8934e+00,1.7503e+01,1.6057e+00,1.1035e-01
1.1200e+03,2.7715e+00,2.8843e+00,1.7503e+01,1.6148e+00,1.1114e-01
1.1300e+03,2.7617e+00,2.8752e+00,1.7503e+01,1.6238e+00,1.1192e-01
1.1400e+03,2.7519e+00,2.8662e+00,1.7503e+01,1.6328e+00,1.1270e-01
1.1500e+03,2.7422e+00,2.8573e+00,1.7503e+01,1.6417e+00,1.1348e-01
1.1600e+03,2.7326e+00,2.8485e+00,1.7503e+01,1.6506e+00,1.1426e-01
1.1700e+03,2.7230e+00,2.8397e+00,1.7503e+01,1.6594e+00,1.1503e-01
1.1800e+03,2.7135e+00,2.8309e+00,1.7503e+01,1.6681e+00,1.1580e-01
1.1900e+03,2.7041e+00,2.8222e+00,1.7503e+01,1.6768e+00,1.1657e-01
1.2000e+03,2.6947e+00,2.8136e+00,1.7503e+01,1.6854e+00,1.1734e-01
1.2100e+03,2.6853e+00,2.8050e+00,1.7503e+01,1.6940e+00,1.1810e-01
1.2200e+03,2.6761e+00,2.7965e+00,1.7503e+01,1.7025e+00,1.1886e-01
1.2300e+03,2.6668e+00,2.7880e+00,1.7503e+01,1.7110e+00,1.1962e-01
1.2400e+03,2.6577e+00,2.7796e+00,1.7503e+01,1.7194e+00,1.2037e-01
1.2500e+03,2.6486e+00,2.7713e+00,1.7503e+01,1.7277e+00,1.2112e-01
1.2600e+03,2.6395e+00,2.7630e+00,1.7503e+01,1.7360e+00,1.2187e-01
1.2700e+03,2.6305e+00,2.7547e+00,1.7503e+01,1.7443e+00,1.2262e-01
1.2800e+03,2.6216e+00,2.7465e+00,1.7503e+01,1.7525e+00,1.2336e-01
1.2900e+03,2.6127e+00,2.7384e+00,1.7503e+01,1.7606e+00,1.2411e-01
1.3000e+03,2.6039e+00,2.7303e+00,1.7503e+01,1.7687e+00,1.2485e-01
1.3100e+03,2.5951e+00,2.7222e+00,1.7503e+01,1.7767e+00,1.2558e-01
1.3200e+03,2.5864e+00,2.7142e+00,1.7503e+01,1.7847e+00,1.2632e-01
1.3300e+03,2.5777e+00,2.7063e+00,1.7503e+01,1.7927e+00,1.2705e-01
1.3400e+03,2.5691e+00,2.6984e+00,1.7503e+01,1.8006e+00,1.2778e-01
1.3500e+03,2.5605e+00,2.6906e+00,1.7503e+01,1.8084e+00,1.2851e-01
1.3600e+03,2.5520e+00,2.6828e+00,1.7503e+01,1.8162e+00,1.2923e-01
1.3700e+03,2.5435e+00,2.6750e+00,1.7503e+01,1.8239e+00,1.2996e-01
1.3800e+03,2.5351e+00,2.6673e+00,1.7503e+01,1.8316e+00,1.3068e-01
1.3900e+03,2.5268e+00,2.6597e+00,1.7503e+01,1.8393e+00,1.3139e-01
1.4000e+03,2.5184e+00,2.6521e+00,1.7503e+01,1.8469e+00,1.3211e-01
1.4100e+03,2.5102e+00,2.6445e+00,1.7503e+01,1.8544e+00,1.3282e-01
1.4200e+03,2.5020e+00,2.6370e+00,1.7503e+01,1.8619e+00,1.3353e-01
1.4300e+03,2.4938e+00,2.6295e+00,1.7503e+01,1.8694e+00,1.3424e-01
1.4400e+03,2.4857e+00,2.6221e+00,1.7503e+01,1.8768e+00,1.3495e-01
1.4500e+03,2.4776e+00,2.6147e+00,1.7503e+01,1.8842e+00,1.3565e-01
1.4600e+03,2.4696e+00,2.6074e+00,1.7503e+01,1.8915e+00,1.3635e-01
1.4700e+03,2.4616e+00,2.6001e+00,1.7503e+01,1.8988e+00,1.3705e-01
1.4800e+03,2.4536e+00,2.5929e+00,1.7503e+01,1.9060e+00,1.3775e-01
1.4900e+03,2.4457e+00,2.5857e+00,1.7503e+01,1.9132e+00,1.3844e-01
1.5000e+03,2.4379e+00,2.5785e+00,1.7503e+01,1.9204e+00,1.3914e-01
1.5100e+03,2.4301e+00,2.5714e+00,1.7503e+01,1.9275e+00,1.3983e-01
1.5200e+03,2.4223e+00,2.5643e+00,1.7503e+01,1.9346e+00,1.4052e-01
1.5300e+03,2.4146e+00,2.5573e+00,1.7503e+01,1.9416e+00,1.4120e-01
1.5400e+03,2.4070e+00,2.5503e+00,1.7503e+01,1.9486e+00,1.4189e-01
1.5500e+03,2.3993e+00,2.5433e+00,1.7503e+01,1.9555e+00,1.4257e-01
1.5600e+03,2.3917e+00,2.5364e+00,1.7503e+01,1.9624e+00,1.4325e-01
1.5700e+03,2.3842e+00,2.5296e+00,1.7503e+01,1.9693e+00,1.4392e-01
1.5800e+03,2.3767e+00,2.5227e+00,1.7503e+01,1.9761e+00,1.4460e-01
1.5900e+03,2.3692e+00,2.5159e+00,1.7503e+01,1.9829e+00,1.4527e-01
1.6000e+03,2.3618e+00,2.5092e+00,1.7503e+01,1.9897e+00,1.4594e-01
1.6100e+03,2.3545e+00,2.5025e+00,1.7503e+01,1.9964e+00,1.4661e-01
1.6200e+03,2.3471e+00,2.4958e+00,1.7503e+01,2.0030e+00,1.4728e-01
1.6300e+03,2.3398e+00,2.4892e+00,1.7503e+01,2.0097e+00,1.4795e-01
1.6400e+03,2.3326e+00,2.4826e+00,1.7503e+01,2.0163e+00,1.4861e-01
1.6500e+03,2.3254e+00,2.4760e+00,1.7503e+01,2.0228e+00,1.4927e-01
1.6600e+03,2.3182e+00,2.4695e+00,1.7503e+01,2.0293e+00,1.4993e-01
1.6700e+03,2.3110e+00,2.4630e+00,1.7503e+01,2.0358e+00,1.5058e-01
1.6800e+03,2.3039e+00,2.4566e+00,1.7503e+01,2.0422e+00,1.5124e-01
1.6900e+03,2.2969e+00,2.4502e+00,1.7503e+01,2.0487e+00,1.5189e-01
1.7000e+03,2.2899e+00,2.4438e+00,1.7503e+01,2.0550e+00,1.5254e-01
1.7100e+03,2.2829e+00,2.4375e+00,1.7503e+01,2.0614e+00,1.5319e-01
1.7200e+03,2.2759e+00,2.4312e+00,1.7503e+01,2.0677e+00,1.5384e-01
1.7300e+03,2.2690e+00,2.4249e+00,1.7503e+01,2.0739e+00,1.5448e-01
1.7400e+03,2.2622e+00,2.4187e+00,1.7503e+01,2.0801e+00,1.5513e-01
1.7500e+03,2.2553e+00,2.4125e+00,1.7503e+01,2.0863e+00,1.5577e-01
1.7600e+03,2.2485e+00,2.4063e+00,1.7503e+01,2.0925e+00,1.5641e-01
1.7700e+03,2.2418e+00,2.4002e+00,1.7503e+01,2.0986e+00,1.5704e-01
1.7800e+03,2.2350e+00,2.3941e+00,1.7503e+01,2.1047e+00,1.5768e-01
1.7900e+03,2.2283e+00,2.3880e+00,1.7503e+01,2.1108e+00,1.5831e-01
1.8000e+03,2.2217e+00,2.3820e+00,1.7503e+01,2.1168e+00,1.5894e-01
1.8100e+03,2.2151e+00,2.3760e+00,1.7503e+01,2.1228e+00,1.5957e-01
1.8200e+03,2.2085e+00,2.3700e+00,1.7503e+01,2.1287e+00,1.6020e-01
1.8300e+03,2.2019e+00,2.3641e+00,1.7503e+01,2.1347e+00,1.6083e-01
1.8400e+03,2.1954e+00,2.3582e+00,1.7503e+01,2.1406e+00,1.6145e-01
1.8500e+03,2.1889e+00,2.3523e+00,1.7503e+01,2.1464e+00,1.6207e-01
1.8600e+03,2.1825e+00,2.3465e+00,1.7503e+01,2.1523e+00,1.6269e-01
1.8700e+03,2.1761e+00,2.3407e+00,1.7503e+01,2.1581e+00,1.6331e-01
1.8800e+03,2.1697e+00,2.3349e+00,1.7503e+01,2.1638e+00,1.6393e-01
1.8900e+03,2.1633e+00,2.3292e+00,1.7503e+01,2.1696e+00,1.6454e-01
1.9000e+03,2.1570e+00,2.3235e+00,1.7503e+01,2.1753e+00,1.6516e-01
1.9100e+03,2.1507e+00,2.3178e+00,1.7503e+01,2.1809e+00,1.6577e-01
1.9200e+03,2.1445e+00,2.3122e+00,1.7503e+01,2.1866e+00,1.6638e-01
1.9300e+03,2.1382e+00,2.3065e+00,1.7503e+01,2.1922e+00,1.6699e-01
1.9400e+03,2.1321e+00,2.3010e+00,1.7503e+01,2.1978e+00,1.6759e-01
1.9500e+03,2.1259e+00,2.2954e+00,1.7503e+01,2.2033e+00,1.6820e-01
1.9600e+03,2.1198e+00,2.2899e+00,1.7503e+01,2.2089e+00,1.6880e-01
1.9700e+03,2.1137e+00,2.2844e+00,1.7503e+01,2.2144e+00,1.6940e-01
1.9800e+03,2.1076e+00,2.2789e+00,1.7503e+01,2.2198e+00,1.7000e-01
1.9900e+03,2.1016e+00,2.2735e+00,1.7503e+01,2.2253e+00,1.7060e-01
2.0000e+03,2.0956e+00,2.2680e+00,1.7503e+01,2.2307e+00,1.7119e-01
2.0100e+03,2.0896e+00,2.2627e+00,1.7503e+01,2.2361e+00,1.7179e-01
2.0200e+03,2.0836e+00,2.2573e+00,1.7503e+01,2.2414e+00,1.7238e-01
2.0300e+03,2.0777e+00,2.2520e+00,1.7503e+01,2.2467e+00,1.7297e-01
2.0400e+03,2.0718e+00,2.2467e+00,1.7503e+01,2.2520e+00,1.7356e-01
2.0500e+03,2.0660e+00,2.2414e+00,1.7503e+01,2.2573e+00,1.7415e-01
2.0600e+03,2.0601e+00,2.2361e+00,1.7503e+01,2.2626e+00,1.7473e-01
2.0700e+03,2.0543e+00,2.2309e+00,1.7503e+01,2.2678e+00,1.7531e-01
2.0800e+03,2.0486e+00,2.2257e+00,1.7503e+01,2.2730e+00,1.7590e-01
2.0900e+03,2.0428e+00,2.2206e+00,1.7503e+01,2.2781e+00,1.7648e-01
2.1000e+03,2.0371e+00,2.2154e+00,1.7503e+01,2.2833e+00,1.7706e-01
2.1100e+03,2.0314e+00,2.2103e+00,1.7503e+01,2.2884e+00,1.7763e-01
2.1200e+03,2.0257e+00,2.2052e+00,1.7503e+01,2.2935e+00,1.7821e-01
2.1300e+03,2.0201e+00,2.2001e+00,1.7503e+01,2.2985e+00,1.7879e-01
2.1400e+03,2.0145e+00,2.1951e+00,1.7503e+01,2.3036e+00,1.7936e-01
2.1500e+03,2.0089e+00,2.1901e+00,1.7503e+01,2.3086e+00,1.7993e-01
2.1600e+03,2.0034e+00,2.1851e+00,1.7503e+01,2.3136e+00,1.8050e-01
2.1700e+03,1.9978e+00,2.1801e+00,1.7503e+01,2.3185e+00,1.8107e-01
2.1800e+03,1.9923e+00,2.1752e+00,1.7503e+01,2.3235e+00,1.8163e-01
2.1900e+03,1.9869e+00,2.1703e+00,1.7503e+01,2.3284e+00,1.8220e-01
2.2000e+03,1.9814e+00,2.1654e+00,1.7503e+01,2.3332e+00,1.8276e-01
2.2100e+03,1.9760e+00,2.1605e+00,1.7503e+01,2.3381e+00,1.8332e-01
2.2200e+03,1.9706e+00,2.1557e+00,1.7503e+01,2.3429e+00,1.8388e-01
2.2300e+03,1.9652e+00,2.1509e+00,1.7503e+01,2.3478e+00,1.8444e-01
2.2400e+03,1.9599e+00,2.1461e+00,1.7503e+01,2.3526e+00,1.8500e-01
2.2500e+03,1.9546e+00,2.1413e+00,1.7503e+01,2.3573e+00,1.8556e-01
2.2600e+03,1.9493e+00,2.1366e+00,1.7503e+01,2.3621e+00,1.8611e-01
2.2700e+03,1.9440e+00,2.1319e+00,1.7503e+01,2.3668e+00,1.8666e-01
2.2800e+03,1.9387e+00,2.1272e+00,1.7503e+01,2.3715e+00,1.8721e-01
2.2900e+03,1.9335e+00,2.1225e+00,1.7503e+01,2.3761e+00,1.8776e-01
2.3000e+03,1.9283e+00,2.1178e+00,1.7503e+01,2.3808e+00,1.8831e-01
2.3100e+03,1.9231e+00,2.1132e+00,1.7503e+01,2.3854e+00,1.8886e-01
2.3200e+03,1.9180e+00,2.1086e+00,1.7503e+01,2.3900e+00,1.8940e-01
2.3300e+03,1.9129e+00,2.1040e+00,1.7503e+01,2.3946e+00,1.8995e-01
2.3400e+03,1.9078e+00,2.0995e+00,1.7503e+01,2.3992e+00,1.9049e-01
2.3500e+03,1.9027e+00,2.0949e+00,1.7503e+01,2.4037e+00,1.9103e-01
2.3600e+03,1.8976e+00,2.0904e+00,1.7503e+01,2.4082e+00,1.9157e-01
2.3700e+03,1.8926e+00,2.0859e+00,1.7503e+01,2.4127e+00,1.9211e-01
2.3800e+03,1.8876e+00,2.0814e+00,1.7503e+01,2.4172e+00,1.9265e-01
2.3900e+03,1.8826e+00,2.0770e+00,1.7503e+01,2.4217e+00,1.9318e-01
2.4000e+03,1.8776e+00,2.0725e+00,1.7503e+01,2.4261e+00,1.9372e-01
2.4100e+03,1.8727e+00,2.0681e+00,1.7503e+01,2.4305e+00,1.9425e-01
2.4200e+03,1.8678e+00,2.0637e+00,1.7503e+01,2.4349e+00,1.9478e-01
2.4300e+03,1.8629e+00,2.0594e+00,1.7503e+01,2.4392e+00,1.9531e-01
2.4400e+03,1.8580e+00,2.0550e+00,1.7503e+01,2.4436e+00,1.9584e-01
2.4500e+03,1.8531e+00,2.0507e+00,1.7503e+01,2.4479e+00,1.9636e-01
2.4600e+03,1.8483e+00,2.0464e+00,1.7503e+01,2.4522e+00,1.9689e-01
2.4700e+03,1.8435e+00,2.0421e+00,1.7503e+01,2.4565e+00,1.9741e-01
2.4800e+03,1.8387e+00,2.0378e+00,1.7503e+01,2.4608e+00,1.9794e-01
2.4900e+03,1.8339e+00,2.0336e+00,1.7503e+01,2.4650e+00,1.9846e-01
2.5000e+03,1.8292e+00,2.0293e+00,1.7503e+01,2.4693e+00,1.9898e-01
2.5100e+03,1.8245e+00,2.0251e+00,1.7503e+01,2.4735e+00,1.9950e-01
2.5200e+03,1.8198e+00,2.0209e+00,1.7503e+01,2.4777e+00,2.0002e-01
2.5300e+03,1.8151e+00,2.0168e+00,1.7503e+01,2.4818e+00,2.0053e-01
2.5400e+03,1.8104e+00,2.0126e+00,1.7503e+01,2.4860e+00,2.0105e-01
2.5500e+03,1.8058e+00,2.0085e+00,1.7503e+01,2.4901e+00,2.0156e-01
2.5600e+03,1.8011e+00,2.0044e+00,1.7503e+01,2.4942e+00,2.0207e-01
2.5700e+03,1.7965e+00,2.0003e+00,1.7503e+01,2.4983e+00,2.0258e-01
2.5800e+03,1.7920e+00,1.9962e+00,1.7503e+01,2.5024e+00,2.0309e-01
2.5900e+03,1.7874e+00,1.9921e+00,1.7503e+01,2.5064e+00,2.0360e-01
2.6000e+03,1.7828e+00,1.9881e+00,1.7503e+01,2.5105e+00,2.0411e-01
2.6100e+03,1.7783e+00,1.9841e+00,1.7503e+01,2.5145e+00,2.0461e-01
2.6200e+03,1.7738e+00,1.9801e+00,1.7503e+01,2.5185e+00,2.0512e-01
2.6300e+03,1.7693e+00,1.9761e+00,1.7503e+01,2.5225e+00,2.0562e-01
2.6400e+03,1.7649e+00,1.9721e+00,1.7503e+01,2.5264e+00,2.0612e-01
2.6500e+03,1.7604e+00,1.9682e+00,1.7503e+01,2.5304e+00,2.0662e-01
2.6600e+03,1.7560e+00,1.9642e+00,1.7503e+01,2.5343e+00,2.0712e-01
2.6700e+03,1.7516e+00,1.9603e+00,1.7503e+01,2.5382e+00,2.0762e-01
2.6800e+03,1.7472e+00,1.9564e+00,1.7503e+01,2.5421e+00,2.0812e-01
2.6900e+03,1.7428e+00,1.9526e+00,1.7503e+01,2.5460e+00,2.0862e-01
2.7000e+03,1.7385e+00,1.9487e+00,1.7503e+01,2.5498e+00,2.0911e-01
2.7100e+03,1.7341e+00,1.9448e+00,1.7503e+01,2.5537e+00,2.0960e-01
2.7200e+03,1.7298e+00,1.9410e+00,1.7503e+01,2.5575e+00,2.1009e-01
2.7300e+03,1.7255e+00,1.9372e+00,1.7503e+01,2.5613e+00,2.1059e-01
2.7400e+03,1.7212e+00,1.9334e+00,1.7503e+01,2.5651e+00,2.1108e-01
2.7500e+03,1.7170e+00,1.9296e+00,1.7503e+01,2.5689e+00,2.1156e-01
2.7600e+03,1.7127e+00,1.9259e+00,1.7503e+01,2.5726e+00,2.1205e-01
2.7700e+03,1.7085e+00,1.9221e+00,1.7503e+01,2.5764e+00,2.1254e-01
2.7800e+03,1.7043e+00,1.9184e+00,1.7503e+01,2.5801e+00,2.1302e-01
2.7900e+03,1.7001e+00,1.9147e+00,1.7503e+01,2.5838e+00,2.1351e-01
2.8000e+03,1.6959e+00,1.9110e+00,1.7503e+01,2.5875e+00,2.1399e-01
2.8100e+03,1.6918e+00,1.9073e+00,1.7503e+01,2.5912e+00,2.1447e-01
2.8200e+03,1.6876e+00,1.9037e+00,1.7503e+01,2.5948e+00,2.1495e-01
2.8300e+03,1.6835e+00,1.9000e+00,1.7503e+01,2.5985e+00,2.1543e-01
2.8400e+03,1.6794e+00,1.8964e+00,1.7503e+01,2.6021e+00,2.1591e-01
2.8500e+03,1.6753e+00,1.8928e+00,1.7503e+01,2.6057e+00,2.1638e-01
2.8600e+03,1.6713e+00,1.8892e+00,1.7503e+01,2.6093e+00,2.1686e-01
2.8700e+03,1.6672e+00,1.8856e+00,1.7503e+01,2.6129e+00,2.1733e-01
2.8800e+03,1.6632e+00,1.8820e+00,1.7503e+01,2.6165e+00,2.1780e-01
2.8900e+03,1.6591e+00,1.8785e+00,1.7503e+01,2.6200e+00,2.1828e-01
2.9000e+03,1.6551e+00,1.8750e+00,1.7503e+01,2.6235e+00,2.1875e-01
2.9100e+03,1.6511e+00,1.8714e+00,1.7503e+01,2.6271e+00,2.1922e-01
2.9200e+03,1.6472e+00,1.8679e+00,1.7503e+01,2.6306e+00,2.1969e-01
2.9300e+03,1.6432e+00,1.8644e+00,1.7503e+01,2.6341e+00,2.2015e-01
2.9400e+03,1.6393e+00,1.8610e+00,1.7503e+01,2.6375e+00,2.2062e-01
2.9500e+03,1.6354e+00,1.8575e+00,1.7503e+01,2.6410e+00,2.2109e-01
2.9600e+03,1.6314e+00,1.8540e+00,1.7503e+01,2.6444e+00,2.2155e-01
2.9700e+03,1.6275e+00,1.8506e+00,1.7503e+01,2.6479e+00,2.2201e-01
2.9800e+03,1.6237e+00,1.8472e+00,1.7503e+01,2.6513e+00,2.2247e-01
2.9900e+03,1.6198e+00,1.8438e+00,1.7503e+01,2.6547e+00,2.2293e-01
3.0000e+03,1.6160e+00,1.8404e+00,1.7503e+01,2.6581e+00,2.2339e-01
3.0100e+03,1.6121e+00,1.8370e+00,1.7503e+01,2.6614e+00,2.2385e-01
3.0200e+03,1.6083e+00,1.8337e+00,1.7503e+01,2.6648e+00,2.2431e-01
3.0300e+03,1.6045e+00,1.8303e+00,1.7503e+01,2.6682e+00,2.2477e-01
3.0400e+03,1.6007e+00,1.8270e+00,1.7503e+01,2.6715e+00,2.2522e-01
3.0500e+03,1.5970e+00,1.8237e+00,1.7503e+01,2.6748e+00,2.2568e-01
3.0600e+03,1.5932e+00,1.8204e+00,1.7503e+01,2.6781e+00,2.2613e-01
3.0700e+03,1.5895e+00,1.8171e+00,1.7503e+01,2.6814e+00,2.2658e-01
3.0800e+03,1.5857e+00,1.8138e+00,1.7503e+01,2.6847e+00,2.2703e-01
3.0900e+03,1.5820e+00,1.8105e+00,1.7503e+01,2.6879e+00,2.2748e-01
3.1000e+03,1.5783e+00,1.8073e+00,1.7503e+01,2.6912e+00,2.2793e-01
3.1100e+03,1.5746e+00,1.8040e+00,1.7503e+01,2.6944e+00,2.2838e-01
3.1200e+03,1.5710e+00,1.8008e+00,1.7503e+01,2.6976e+00,2.2883e-01
3.1300e+03,1.5673e+00,1.7976e+00,1.7503e+01,2.7008e+00,2.2927e-01
3.1400e+03,1.5637e+00,1.7944e+00,1.7503e+01,2.7040e+00,2.2972e-01
3.1500e+03,1.5600e+00,1.7912e+00,1.7503e+01,2.7072e+00,2.3016e-01
3.1600e+03,1.5564e+00,1.7881e+00,1.7503e+01,2.7104e+00,2.3061e-01
3.1700e+03,1.5528e+00,1.7849e+00,1.7503e+01,2.7136e+00,2.3105e-01
3.1800e+03,1.5492e+00,1.7817e+00,1.7503e+01,2.7167e+00,2.3149e-01
3.1900e+03,1.5457e+00,1.7786e+00,1.7503e+01,2.7198e+00,2.3193e-01
3.2000e+03,1.5421e+00,1.7755e+00,1.7503e+01,2.7229e+00,2.3237e-01
3.2100e+03,1.5386e+00,1.7724e+00,1.7503e+01,2.7261e+00,2.3280e-01
3.2200e+03,1.5350e+00,1.7693e+00,1.7503e+01,2.7291e+00,2.3324e-01
3.2300e+03,1.5315e+00,1.7662e+00,1.7503e+01,2.7322e+00,2.3368e-01
3.2400e+03,1.5280e+00,1.7631e+00,1.7503e+01,2.7353e+00,2.3411e-01
3.2500e+03,1.5245e+00,1.7601e+00,1.7503e+01,2.7384e+00,2.3455e-01
3.2600e+03,1.5211e+00,1.7570e+00,1.7503e+01,2.7414e+00,2.3498e-01
3.2700e+03,1.5176e+00,1.7540e+00,1.7503e+01,2.7444e+00,2.3541e-01
3.2800e+03,1.5141e+00,1.7510e+00,1.7503e+01,2.7475e+00,2.3584e-01
3.2900e+03,1.5107e+00,1.7480e+00,1.7503e+01,2.7505e+00,2.3627e-01
3.3000e+03,1.5073e+00,1.7450e+00,1.7503e+01,2.7535e+00,2.3670e-01
3.3100e+03,1.5039e+00,1.7420e+00,1.7503e+01,2.7564e+00,2.3713e-01
3.3200e+03,1.5005e+00,1.7390e+00,1.7503e+01,2.7594e+00,2.3755e-01
3.3300e+03,1.4971e+00,1.7360e+00,1.7503e+01,2.7624e+00,2.3798e-01
3.3400e+03,1.4937e+00,1.7331e+00,1.7503e+01,2.7653e+00,2.3841e-01
3.3500e+03,1.4903e+00,1.7302e+00,1.7503e+01,2.7683e+00,2.3883e-01
3.3600e+03,1.4870e+00,1.7272e+00,1.7503e+01,2.7712e+00,2.3925e-01
3.3700e+03,1.4837e+00,1.7243e+00,1.7503e+01,2.7741e+00,2.3967e-01
3.3800e+03,1.4803e+00,1.7214e+00,1.7503e+01,2.7770e+00,2.4010e-01
3.3900e+03,1.4770e+00,1.7185e+00,1.7503e+01,2.7799e+00,2.4052e-01
3.4000e+03,1.4737e+00,1.7156e+00,1.7503e+01,2.7828e+00,2.4094e-01
3.4100e+03,1.4704e+00,1.7128e+00,1.7503e+01,2.7856e+00,2.4135e-01
3.4200e+03,1.4672e+00,1.7099e+00,1.7503e+01,2.7885e+00,2.4177e-01
3.4300e+03,1.4639e+00,1.7071e+00,1.7503e+01,2.7913e+00,2.4219e-01
3.4400e+03,1.4606e+00,1.7042e+00,1.7503e+01,2.7942e+00,2.4260e-01
3.4500e+03,1.4574e+00,1.7014e+00,1.7503e+01,2.7970e+00,2.4302e-01
3.4600e+03,1.4542e+00,1.6986e+00,1.7503e+01,2.7998e+00,2.4343e-01
3.4700e+03,1.4510e+00,1.6958e+00,1.7503e+01,2.8026e+00,2.4384e-01
3.4800e+03,1.4478e+00,1.6930e+00,1.7503e+01,2.8054e+00,2.4426e-01
3.4900e+03,1.4446e+00,1.6902e+00,1.7503e+01,2.8082e+00,2.4467e-01
3.5000e+03,1.4414e+00,1.6874e+00,1.7503e+01,2.8110e+00,2.4508e-01
3.5100e+03,1.4382e+00,1.6847e+00,1.7503e+01,2.8137e+00,2.4549e-01
3.5200e+03,1.4351e+00,1.6819e+00,1.7503e+01,2.8165e+00,2.4590e-01
3.5300e+03,1.4319e+00,1.6792e+00,1.7503e+01,2.8192e+00,2.4630e-01
3.5400e+03,1.4288e+00,1.6764e+00,1.7503e+01,2.8219e+00,2.4671e-01
3.5500e+03,1.4256e+00,1.6737e+00,1.7503e+01,2.8247e+00,2.4712e-01
3.5600e+03,1.4225e+00,1.6710e+00,1.7503e+01,2.8274e+00,2.4752e-01
3.5700e+03,1.4194e+00,1.6683e+00,1.7503e+01,2.8301e+00,2.4792e-01
3.5800e+03,1.4163e+00,1.6656e+00,1.7503e+01,2.8328e+00,2.4833e-01
3.5900e+03,1.4133e+00,1.6629e+00,1.7503e+01,2.8354e+00,2.4873e-01
3.6000e+03,1.4102e+00,1.6603e+00,1.7503e+01,2.8381e+00,2.4913e-01
3.6100e+03,1.4071e+00,1.6576e+00,1.7503e+01,2.8408e+00,2.4953e-01
3.6200e+03,1.4041e+00,1.6550e+00,1.7503e+01,2.8434e+00,2.4993e-01
3.6300e+03,1.4011e+00,1.6523e+00,1.7503e+01,2.8460e+00,2.5033e-01
3.6400e+03,1.3980e+00,1.6497e+00,1.7503e+01,2.8487e+00,2.5073e-01
3.6500e+03,1.3950e+00,1.6471e+00,1.7503e+01,2.8513e+00,2.5112e-01
3.6600e+03,1.3920e+00,1.6445e+00,1.7503e+01,2.8539e+00,2.5152e-01
3.6700e+03,1.3890e+00,1.6419e+00,1.7503e+01,2.8565e+00,2.5192e-01
3.6800e+03,1.3860e+00,1.6393e+00,1.7503e+01,2.8591e+00,2.5231e-01
3.6900e+03,1.3831e+00,1.6367e+00,1.7503e+01,2.8617e+00,2.5270e-01
3.7000e+03,1.3801e+00,1.6341e+00,1.7503e+01,2.8642e+00,2.5310e-01
3.7100e+03,1.3771e+00,1.6316e+00,1.7503e+01,2.8668e+00,2.5349e-01
3.7200e+03,1.3742e+00,1.6290e+00,1.7503e+01,2.8693e+00,2.5388e-01
3.7300e+03,1.3713e+00,1.6265e+00,1.7503e+01,2.8719e+00,2.5427e-01
3.7400e+03,1.3684e+00,1.6239e+00,1.7503e+01,2.8744e+00,2.5466e-01
3.7500e+03,1.3654e+00,1.6214e+00,1.7503e+01,2.8769e+00,2.5505e-01
3.7600e+03,1.3625e+00,1.6189e+00,1.7503e+01,2.8795e+00,2.5544e-01
3.7700e+03,1.3597e+00,1.6164e+00,1.7503e+01,2.8820e+00,2.5582e-01
3.7800e+03,1.3568e+00,1.6139e+00,1.7503e+01,2.8844e+00,2.5621e-01
3.7900e+03,1.3539e+00,1.6114e+00,1.7503e+01,2.8869e+00,2.5659e-01
3.8000e+03,1.3510e+00,1.6089e+00,1.7503e+01,2.8894e+00,2.5698e-01
3.8100e+03,1.3482e+00,1.6065e+00,1.7503e+01,2.8919e+00,2.5736e-01
3.8200e+03,1.3453e+00,1.6040e+00,1.7503e+01,2.8943e+00,2.5775e-01
3.8300e+03,1.3425e+00,1.6016e+00,1.7503e+01,2.8968e+00,2.5813e-01
3.8400e+03,1.3397e+00,1.5991e+00,1.7503e+01,2.8992e+00,2.5851e-01
3.8500e+03,1.3369e+00,1.5967e+00,1.7503e+01,2.9017e+00,2.5889e-01
3.8600e+03,1.3341e+00,1.5943e+00,1.7503e+01,2.9041e+00,2.5927e-01
3.8700e+03,1.3313e+00,1.5918e+00,1.7503e+01,2.9065e+00,2.5965e-01
3.8800e+03,1.3285e+00,1.5894e+00,1.7503e+01,2.9089e+00,2.6003e-01
3.8900e+03,1.3257e+00,1.5870e+00,1.7503e+01,2.9113e+00,2.6040e-01
3.9000e+03,1.3230e+00,1.5846e+00,1.7503e+01,2.9137e+00,2.6078e-01
3.9100e+03,1.3202e+00,1.5823e+00,1.7503e+01,2.9161e+00,2.6116e-01
3.9200e+03,1.3175e+00,1.5799e+00,1.7503e+01,2.9184e+00,2.6153e-01
3.9300e+03,1.3147e+00,1.5775e+00,1.7503e+01,2.9208e+00,2.6190e-01
3.9400e+03,1.3120e+00,1.5752e+00,1.7503e+01,2.9232e+00,2.6228e-01
3.9500e+03,1.3093e+00,1.5728e+00,1.7503e+01,2.9255e+00,2.6265e-01
3.9600e+03,1.3066e+00,1.5705e+00,1.7503e+01,2.9278e+00,2.6302e-01
3.9700e+03,1.3039e+00,1.5682e+00,1.7503e+01,2.9302e+00,2.6339e-01
3.9800e+03,1.3012e+00,1.5658e+00,1.7503e+01,2.9325e+00,2.6376e-01
3.9900e+03,1.2985e+00,1.5635e+00,1.7503e+01,2.9348e+00,2.6413e-01
4.0000e+03,1.2958e+00,1.5612e+00,1.7503e+01,2.9371e+00,2.6450e-01
4.0100e+03,1.2932e+00,1.5589e+00,1.7503e+01,2.9394e+00,2.6487e-01
4.0200e+03,1.2905e+00,1.5566e+00,1.7503e+01,2.9417e+00,2.6524e-01
4.0300e+03,1.2878e+00,1.5543e+00,1.7503e+01,2.9440e+00,2.6560e-01
4.0400e+03,1.2852e+00,1.5521e+00,1.7503e+01,2.9463e+00,2.6597e-01
4.0500e+03,1.2826e+00,1.5498e+00,1.7503e+01,2.9485e+00,2.6634e-01
4.0600e+03,1.2800e+00,1.5475e+00,1.7503e+01,2.9508e+00,2.6670e-01
4.0700e+03,1.2773e+00,1.5453e+00,1.7503e+01,2.9530e+00,2.6706e-01
4.0800e+03,1.2747e+00,1.5430e+00,1.7503e+01,2.9553e+00,2.6743e-01
4.0900e+03,1.2721e+00,1.5408e+00,1.7503e+01,2.9575e+00,2.6779e-01
4.1000e+03,1.2696e+00,1.5386e+00,1.7503e+01,2.9597e+00,2.6815e-01
4.1100e+03,1.2670e+00,1.5364e+00,1.7503e+01,2.9619e+00,2.6851e-01
4.1200e+03,1.2644e+00,1.5342e+00,1.7503e+01,2.9641e+00,2.6887e-01
4.1300e+03,1.2618e+00,1.5320e+00,1.7503e+01,2.9664e+00,2.6923e-01
4.1400e+03,1.2593e+00,1.5298e+00,1.7503e+01,2.9685e+00,2.6959e-01
4.1500e+03,1.2568e+00,1.5276e+00,1.7503e+01,2.9707e+00,2.6995e-01
4.1600e+03,1.2542e+00,1.5254e+00,1.7503e+01,2.9729e+00,2.7030e-01
4.1700e+03,1.2517e+00,1.5232e+00,1.7503e+01,2.9751e+00,2.7066e-01
4.1800e+03,1.2492e+00,1.5210e+00,1.7503e+01,2.9773e+00,2.7101e-01
4.1900e+03,1.2467e+00,1.5189e+00,1.7503e+01,2.9794e+00,2.7137e-01
4.2000e+03,1.2441e+00,1.5167e+00,1.7503e+01,2.9816e+00,2.7172e-01
4.2100e+03,1.2417e+00,1.5146e+00,1.7503e+01,2.9837e+00,2.7208e-01
4.2200e+03,1.2392e+00,1.5125e+00,1.7503e+01,2.9858e+00,2.7243e-01
4.2300e+03,1.2367e+00,1.5103e+00,1.7503e+01,2.9880e+00,2.7278e-01
4.2400e+03,1.2342e+00,1.5082e+00,1.7503e+01,2.9901e+00,2.7313e-01
4.2500e+03,1.2317e+00,1.5061e+00,1.7503e+01,2.9922e+00,2.7348e-01
4.2600e+03,1.2293e+00,1.5040e+00,1.7503e+01,2.9943e+00,2.7383e-01
4.2700e+03,1.2268e+00,1.5019e+00,1.7503e+01,2.9964e+00,2.7418e-01
4.2800e+03,1.2244e+00,1.4998e+00,1.7503e+01,2.9985e+00,2.7453e-01
4.2900e+03,1.2220e+00,1.4977e+00,1.7503e+01,3.0006e+00,2.7488e-01
4.3000e+03,1.2195e+00,1.4956e+00,1.7503e+01,3.0027e+00,2.7523e-01
4.3100e+03,1.2171e+00,1.4935e+00,1.7503e+01,3.0047e+00,2.7557e-01
4.3200e+03,1.2147e+00,1.4915e+00,1.7503e+01,3.0068e+00,2.7592e-01
4.3300e+03,1.2123e+00,1.4894e+00,1.7503e+01,3.0089e+00,2.7626e-01
4.3400e+03,1.2099e+00,1.4874e+00,1.7503e+01,3.0109e+00,2.7661e-01
4.3500e+03,1.2075e+00,1.4853e+00,1.7503e+01,3.0129e+00,2.7695e-01
4.3600e+03,1.2052e+00,1.4833e+00,1.7503e+01,3.0150e+00,2.7729e-01
4.3700e+03,1.2028e+00,1.4813e+00,1.7503e+01,3.0170e+00,2.7764e-01
4.3800e+03,1.2004e+00,1.4792e+00,1.7503e+01,3.0190e+00,2.7798e-01
4.3900e+03,1.1981e+00,1.4772e+00,1.7503e+01,3.0211e+00,2.7832e-01
4.4000e+03,1.1957e+00,1.4752e+00,1.7503e+01,3.0231e+00,2.7866e-01
4.4100e+03,1.1934e+00,1.4732e+00,1.7503e+01,3.0251e+00,2.7900e-01
4.4200e+03,1.1910e+00,1.4712e+00,1.7503e+01,3.0271e+00,2.7934e-01
4.4300e+03,1.1887e+00,1.4692e+00,1.7503e+01,3.0291e+00,2.7968e-01
4.4400e+03,1.1864e+00,1.4672e+00,1.7503e+01,3.0310e+00,2.8001e-01
4.4500e+03,1.1841e+00,1.4652e+00,1.7503e+01,3.0330e+00,2.8035e-01
4.4600e+03,1.1818e+00,1.4633e+00,1.7503e+01,3.0350e+00,2.8069e-01
4.4700e+03,1.1795e+00,1.4613e+00,1.7503e+01,3.0369e+00,2.8102e-01
4.4800e+03,1.1772e+00,1.4594e+00,1.7503e+01,3.0389e+00,2.8136e-01
4.4900e+03,1.1749e+00,1.4574e+00,1.7503e+01,3.0409e+00,2.8169e-01
4.5000e+03,1.1726e+00,1.4555e+00,1.7503e+01,3.0428e+00,2.8203e-01
4.5100e+03,1.1703e+00,1.4535e+00,1.7503e+01,3.0447e+00,2.8236e-01
4.5200e+03,1.1681e+00,1.4516e+00,1.7503e+01,3.0467e+00,2.8269e-01
4.5300e+03,1.1658e+00,1.4497e+00,1.7503e+01,3.0486e+00,2.8303e-01
4.5400e+03,1.1636e+00,1.4477e+00,1.7503e+01,3.0505e+00,2.8336e-01
4.5500e+03,1.1613e+00,1.4458e+00,1.7503e+01,3.0524e+00,2.8369e-01
4.5600e+03,1.1591e+00,1.4439e+00,1.7503e+01,3.0543e+00,2.8402e-01
4.5700e+03,1.1568e+00,1.4420e+00,1.7503e+01,3.0562e+00,2.8435e-01
4.5800e+03,1.1546e+00,1.4401e+00,1.7503e+01,3.0581e+00,2.8468e-01
4.5900e+03,1.1524e+00,1.4382e+00,1.7503e+01,3.0600e+00,2.8500e-01
4.6000e+03,1.1502e+00,1.4363e+00,1.7503e+01,3.0619e+00,2.8533e-01
4.6100e+03,1.1480e+00,1.4345e+00,1.7503e+01,3.0638e+00,2.8566e-01
4.6200e+03,1.1458e+00,1.4326e+00,1.7503e+01,3.0657e+00,2.8598e-01
4.6300e+03,1.1436e+00,1.4307e+00,1.7503e+01,3.0675e+00,2.8631e-01
4.6400e+03,1.1414e+00,1.4289e+00,1.7503e+01,3.0694e+00,2.8663e-01
4.6500e+03,1.1392e+00,1.4270e+00,1.7503e+01,3.0712e+00,2.8696e-01
4.6600e+03,1.1371e+00,1.4252e+00,1.7503e+01,3.0731e+00,2.8728e-01
4.6700e+03,1.1349e+00,1.4233e+00,1.7503e+01,3.0749e+00,2.8761e-01
4.6800e+03,1.1328e+00,1.4215e+00,1.7503e+01,3.0768e+00,2.8793e-01
4.6900e+03,1.1306e+00,1.4197e+00,1.7503e+01,3.0786e+00,2.8825e-01
4.7000e+03,1.1285e+00,1.4178e+00,1.7503e+01,3.0804e+00,2.8857e-01
4.7100e+03,1.1263e+00,1.4160e+00,1.7503e+01,3.0822e+00,2.8889e-01
4.7200e+03,1.1242e+00,1.4142e+00,1.7503e+01,3.0840e+00,2.8921e-01
4.7300e+03,1.1221e+00,1.4124e+00,1.7503e+01,3.0858e+00,2.8953e-01
4.7400e+03,1.1199e+00,1.4106e+00,1.7503e+01,3.0876e+00,2.8985e-01
4.7500e+03,1.1178e+00,1.4088e+00,1.7503e+01,3.0894e+00,2.9017e-01
4.7600e+03,1.1157e+00,1.4070e+00,1.7503e+01,3.0912e+00,2.9049e-01
4.7700e+03,1.1136e+00,1.4052e+00,1.7503e+01,3.0930e+00,2.9080e-01
4.7800e+03,1.1115e+00,1.4034e+00,1.7503e+01,3.0948e+00,2.9112e-01
4.7900e+03,1.1094e+00,1.4017e+00,1.7503e+01,3.0966e+00,2.9144e-01
4.8000e+03,1.1074e+00,1.3999e+00,1.7503e+01,3.0983e+00,2.9175e-01
4.8100e+03,1.1053e+00,1.3981e+00,1.7503e+01,3.1001e+00,2.9207e-01
4.8200e+03,1.1032e+00,1.3964e+00,1.7503e+01,3.1018e+00,2.9238e-01
4.8300e+03,1.1012e+00,1.3946e+00,1.7503e+01,3.1036e+00,2.9269e-01
4.8400e+03,1.0991e+00,1.3929e+00,1.7503e+01,3.1053e+00,2.9301e-01
4.8500e+03,1.0970e+00,1.3912e+00,1.7503e+01,3.1071e+00,2.9332e-01
4.8600e+03,1.0950e+00,1.3894e+00,1.7503e+01,3.1088e+00,2.9363e-01
4.8700e+03,1.0930e+00,1.3877e+00,1.7503e+01,3.1105e+00,2.9394e-01
4.8800e+03,1.0909e+00,1.3860e+00,1.7503e+01,3.1123e+00,2.9425e-01
4.8900e+03,1.0889e+00,1.3842e+00,1.7503e+01,3.1140e+00,2.9456e-01
4.9000e+03,1.0869e+00,1.3825e+00,1.7503e+01,3.1157e+00,2.9487e-01
4.9100e+03,1.0849e+00,1.3808e+00,1.7503e+01,3.1174e+00,2.9518e-01
4.9200e+03,1.0828e+00,1.3791e+00,1.7503e+01,3.1191e+00,2.9549e-01
4.9300e+03,1.0808e+00,1.3774e+00,1.7503e+01,3.1208e+00,2.9580e-01
4.9400e+03,1.0788e+00,1.3757e+00,1.7503e+01,3.1225e+00,2.9610e-01
4.9500e+03,1.0769e+00,1.3740e+00,1.7503e+01,3.1242e+00,2.9641e-01
4.9600e+03,1.0749e+00,1.3724e+00,1.7503e+01,3.1258e+00,2.9672e-01
4.9700e+03,1.0729e+00,1.3707e+00,1.7503e+01,3.1275e+00,2.9702e-01
4.9800e+03,1.0709e+00,1.3690e+00,1.7503e+01,3.1292e+00,2.9733e-01
4.9900e+03,1.0689e+00,1.3673e+00,1.7503e+01,3.1309e+00,2.9763e-01
5.0000e+03,1.0670e+00,1.3657e+00,1.7503e+01,3.1325e+00,2.9793e-01
5.0100e+03,1.0650e+00,1.3640e+00,1.7503e+01,3.1342e+00,2.9824e-01
5.0200e+03,1.0631e+00,1.3624e+00,1.7503e+01,3.1358e+00,2.9854e-01
5.0300e+03,1.0611e+00,1.3607e+00,1.7503e+01,3.1375e+00,2.9884e-01
5.0400e+03,1.0592e+00,1.3591e+00,1.7503e+01,3.1391e+00,2.9914e-01
5.0500e+03,1.0572e+00,1.3575e+00,1.7503e+01,3.1407e+00,2.9944e-01
5.0600e+03,1.0553e+00,1.3558e+00,1.7503e+01,3.1424e+00,2.9975e-01
5.0700e+03,1.0534e+00,1.3542e+00,1.7503e+01,3.1440e+00,3.0005e-01
5.0800e+03,1.0515e+00,1.3526e+00,1.7503e+01,3.1456e+00,3.0034e-01
5.0900e+03,1.0495e+00,1.3510e+00,1.7503e+01,3.1472e+00,3.0064e-01
5.1000e+03,1.0476e+00,1.3493e+00,1.7503e+01,3.1489e+00,3.0094e-01
5.1100e+03,1.0457e+00,1.3477e+00,1.7503e+01,3.1505e+00,3.0124e-01
5.1200e+03,1.0438e+00,1.3461e+00,1.7503e+01,3.1521e+00,3.0154e-01
5.1300e+03,1.0419e+00,1.3445e+00,1.7503e+01,3.1537e+00,3.0183e-01
5.1400e+03,1.0401e+00,1.3429e+00,1.7503e+01,3.1552e+00,3.0213e-01
5.1500e+03,1.0382e+00,1.3414e+00,1.7503e+01,3.1568e+00,3.0243e-01
5.1600e+03,1.0363e+00,1.3398e+00,1.7503e+01,3.1584e+00,3.0272e-01
5.1700e+03,1.0344e+00,1.3382e+00,1.7503e+01,3.1600e+00,3.0301e-01
5.1800e+03,1.0326e+00,1.3366e+00,1.7503e+01,3.1616e+00,3.0331e-01
5.1900e+03,1.0307e+00,1.3351e+00,1.7503e+01,3.1631e+00,3.0360e-01
5.2000e+03,1.0288e+00,1.3335e+00,1.7503e+01,3.1647e+00,3.0390e-01
5.2100e+03,1.0270e+00,1.3319e+00,1.7503e+01,3.1663e+00,3.0419e-01
5.2200e+03,1.0251e+00,1.3304e+00,1.7503e+01,3.1678e+00,3.0448e-01
5.2300e+03,1.0233e+00,1.3288e+00,1.7503e+01,3.1694e+00,3.0477e-01
5.2400e+03,1.0215e+00,1.3273e+00,1.7503e+01,3.1709e+00,3.0506e-01
5.2500e+03,1.0196e+00,1.3257e+00,1.7503e+01,3.1724e+00,3.0535e-01
5.2600e+03,1.0178e+00,1.3242e+00,1.7503e+01,3.1740e+00,3.0564e-01
5.2700e+03,1.0160e+00,1.3227e+00,1.7503e+01,3.1755e+00,3.0593e-01
5.2800e+03,1.0142e+00,1.3211e+00,1.7503e+01,3.1770e+00,3.0622e-01
5.2900e+03,1.0124e+00,1.3196e+00,1.7503e+01,3.1786e+00,3.0651e-01
5.3000e+03,1.0106e+00,1.3181e+00,1.7503e+01,3.1801e+00,3.0680e-01
5.3100e+03,1.0088e+00,1.3166e+00,1.7503e+01,3.1816e+00,3.0708e-01
5.3200e+03,1.0070e+00,1.3151e+00,1.7503e+01,3.1831e+00,3.0737e-01
5.3300e+03,1.0052e+00,1.3136e+00,1.7503e+01,3.1846e+00,3.0766e-01
5.3400e+03,1.0034e+00,1.3121e+00,1.7503e+01,3.1861e+00,3.0794e-01
5.3500e+03,1.0016e+00,1.3106e+00,1.7503e+01,3.1876e+00,3.0823e-01
5.3600e+03,9.9982e-01,1.3091e+00,1.7503e+01,3.1891e+00,3.0851e-01
5.3700e+03,9.9805e-01,1.3076e+00,1.7503e+01,3.1906e+00,3.0880e-01
5.3800e+03,9.9628e-01,1.3061e+00,1.7503e+01,3.1921e+00,3.0908e-01
5.3900e+03,9.9452e-01,1.3046e+00,1.7503e+01,3.1935e+00,3.0936e-01
5.4000e+03,9.9276e-01,1.3032e+00,1.7503e+01,3.1950e+00,3.0965e-01
5.4100e+03,9.9101e-01,1.3017e+00,1.7503e+01,3.1965e+00,3.0993e-01
5.4200e+03,9.8926e-01,1.3002e+00,1.7503e+01,3.1980e+00,3.1021e-01
5.4300e+03,9.8752e-01,1.2988e+00,1.7503e+01,3.1994e+00,3.1049e-01
5.4400e+03,9.8578e-01,1.2973e+00,1.7503e+01,3.2009e+00,3.1077e-01
5.4500e+03,9.8405e-01,1.2958e+00,1.7503e+01,3.2023e+00,3.1105e-01
5.4600e+03,9.8232e-01,1.2944e+00,1.7503e+01,3.2038e+00,3.1133e-01
5.4700e+03,9.8060e-01,1.2929e+00,1.7503e+01,3.2052e+00,3.1161e-01
5.4800e+03,9.7888e-01,1.2915e+00,1.7503e+01,3.2067e+00,3.1189e-01
5.4900e+03,9.7716e-01,1.2901e+00,1.7503e+01,3.2081e+00,3.1217e-01
5.5000e+03,9.7545e-01,1.2886e+00,1.7503e+01,3.2095e+00,3.1245e-01
5.5100e+03,9.7374e-01,1.2872e+00,1.7503e+01,3.2110e+00,3.1272e-01
5.5200e+03,9.7204e-01,1.2858e+00,1.7503e+01,3.2124e+00,3.1300e-01
5.5300e+03,9.7035e-01,1.2844e+00,1.7503e+01,3.2138e+00,3.1328e-01
5.5400e+03,9.6865e-01,1.2829e+00,1.7503e+01,3.2152e+00,3.1355e-01
5.5500e+03,9.6697e-01,1.2815e+00,1.7503e+01,3.2166e+00,3.1383e-01
5.5600e+03,9.6528e-01,1.2801e+00,1.7503e+01,3.2180e+00,3.1410e-01
5.5700e+03,9.6361e-01,1.2787e+00,1.7503e+01,3.2194e+00,3.1438e-01
5.5800e+03,9.6193e-01,1.2773e+00,1.7503e+01,3.2208e+00,3.1465e-01
5.5900e+03,9.6026e-01,1.2759e+00,1.7503e+01,3.2222e+00,3.1492e-01
5.6000e+03,9.5860e-01,1.2745e+00,1.7503e+01,3.2236e+00,3.1520e-01
5.6100e+03,9.5694e-01,1.2731e+00,1.7503e+01,3.2250e+00,3.1547e-01
5.6200e+03,9.5528e-01,1.2717e+00,1.7503e+01,3.2264e+00,3.1574e-01
5.6300e+03,9.5363e-01,1.2704e+00,1.7503e+01,3.2278e+00,3.1601e-01
5.6400e+03,9.5198e-01,1.2690e+00,1.7503e+01,3.2292e+00,3.1628e-01
5.6500e+03,9.5033e-01,1.2676e+00,1.7503e+01,3.2305e+00,3.1655e-01
5.6600e+03,9.4870e-01,1.2662e+00,1.7503e+01,3.2319e+00,3.1682e-01
5.6700e+03,9.4706e-01,1.2649e+00,1.7503e+01,3.2333e+00,3.1709e-01
5.6800e+03,9.4543e-01,1.2635e+00,1.7503e+01,3.2346e+00,3.1736e-01
5.6900e+03,9.4380e-01,1.2622e+00,1.7503e+01,3.2360e+00,3.1763e-01
5.7000e+03,9.4218e-01,1.2608e+00,1.7503e+01,3.2373e+00,3.1790e-01
5.7100e+03,9.4056e-01,1.2594e+00,1.7503e+01,3.2387e+00,3.1817e-01
5.7200e+03,9.3895e-01,1.2581e+00,1.7503e+01,3.2400e+00,3.1844e-01
5.7300e+03,9.3734e-01,1.2568e+00,1.7503e+01,3.2414e+00,3.1870e-01
5.7400e+03,9.3573e-01,1.2554e+00,1.7503e+01,3.2427e+00,3.1897e-01
5.7500e+03,9.3413e-01,1.2541e+00,1.7503e+01,3.2441e+00,3.1924e-01
5.7600e+03,9.3254e-01,1.2528e+00,1.7503e+01,3.2454e+00,3.1950e-01
5.7700e+03,9.3094e-01,1.2514e+00,1.7503e+01,3.2467e+00,3.1977e-01
5.7800e+03,9.2935e-01,1.2501e+00,1.7503e+01,3.2480e+00,3.2003e-01
5.7900e+03,9.2777e-01,1.2488e+00,1.7503e+01,3.2494e+00,3.2029e-01
5.8000e+03,9.2619e-01,1.2475e+00,1.7503e+01,3.2507e+00,3.2056e-01
5.8100e+03,9.2461e-01,1.2461e+00,1.7503e+01,3.2520e+00,3.2082e-01
5.8200e+03,9.2304e-01,1.2448e+00,1.7503e+01,3.2533e+00,3.2108e-01
5.8300e+03,9.2147e-01,1.2435e+00,1.7503e+01,3.2546e+00,3.2135e-01
5.8400e+03,9.1991e-01,1.2422e+00,1.7503e+01,3.2559e+00,3.2161e-01
5.8500e+03,9.1835e-01,1.2409e+00,1.7503e+01,3.2572e+00,3.2187e-01
5.8600e+03,9.1679e-01,1.2396e+00,1.7503e+01,3.2585e+00,3.2213e-01
5.8700e+03,9.1524e-01,1.2383e+00,1.7503e+01,3.2598e+00,3.2239e-01
5.8800e+03,9.1369e-01,1.2370e+00,1.7503e+01,3.2611e+00,3.2265e-01
5.8900e+03,9.1215e-01,1.2358e+00,1.7503e+01,3.2624e+00,3.2291e-01
5.9000e+03,9.1061e-01,1.2345e+00,1.7503e+01,3.2637e+00,3.2317e-01
5.9100e+03,9.0907e-01,1.2332e+00,1.7503e+01,3.2649e+00,3.2343e-01
5.9200e+03,9.0754e-01,1.2319e+00,1.7503e+01,3.2662e+00,3.2369e-01
5.9300e+03,9.0601e-01,1.2307e+00,1.7503e+01,3.2675e+00,3.2395e-01
5.9400e+03,9.0448e-01,1.2294e+00,1.7503e+01,3.2687e+00,3.2420e-01
5.9500e+03,9.0296e-01,1.2281e+00,1.7503e+01,3.2700e+00,3.2446e-01
5.9600e+03,9.0144e-01,1.2269e+00,1.7503e+01,3.2713e+00,3.2472e-01
5.9700e+03,8.9993e-01,1.2256e+00,1.7503e+01,3.2725e+00,3.2497e-01
5.9800e+03,8.9842e-01,1.2243e+00,1.7503e+01,3.2738e+00,3.2523e-01
5.9900e+03,8.9692e-01,1.2231e+00,1.7503e+01,3.2750e+00,3.2549e-01
6.0000e+03,8.9541e-01,1.2219e+00,1.7503e+01,3.2763e+00,3.2574e-01
6.0100e+03,8.9392e-01,1.2206e+00,1.7503e+01,3.2775e+00,3.2600e-01
6.0200e+03,8.9242e-01,1.2194e+00,1.7503e+01,3.2788e+00,3.2625e-01
6.0300e+03,8.9093e-01,1.2181e+00,1.7503e+01,3.2800e+00,3.2650e-01
6.0400e+03,8.8944e-01,1.2169e+00,1.7503e+01,3.2812e+00,3.2676e-01
6.0500e+03,8.8796e-01,1.2157e+00,1.7503e+01,3.2825e+00,3.2701e-01
6.0600e+03,8.8648e-01,1.2144e+00,1.7503e+01,3.2837e+00,3.2726e-01
6.0700e+03,8.8500e-01,1.2132e+00,1.7503e+01,3.2849e+00,3.2751e-01
6.0800e+03,8.8353e-01,1.2120e+00,1.7503e+01,3.2861e+00,3.2777e-01
6.0900e+03,8.8206e-01,1.2108e+00,1.7503e+01,3.2873e+00,3.2802e-01
6.1000e+03,8.8060e-01,1.2096e+00,1.7503e+01,3.2886e+00,3.2827e-01
6.1100e+03,8.7914e-01,1.2083e+00,1.7503e+01,3.2898e+00,3.2852e-01
6.1200e+03,8.7768e-01,1.2071e+00,1.7503e+01,3.2910e+00,3.2877e-01
6.1300e+03,8.7623e-01,1.2059e+00,1.7503e+01,3.2922e+00,3.2902e-01
6.1400e+03,8.7478e-01,1.2047e+00,1.7503e+01,3.2934e+00,3.2927e-01
6.1500e+03,8.7333e-01,1.2035e+00,1.7503e+01,3.2946e+00,3.2952e-01
6.1600e+03,8.7189e-01,1.2023e+00,1.7503e+01,3.2958e+00,3.2976e-01
6.1700e+03,8.7045e-01,1.2011e+00,1.7503e+01,3.2970e+00,3.3001e-01
6.1800e+03,8.6901e-01,1.2000e+00,1.7503e+01,3.2982e+00,3.3026e-01
6.1900e+03,8.6758e-01,1.1988e+00,1.7503e+01,3.2993e+00,3.3051e-01
6.2000e+03,8.6615e-01,1.1976e+00,1.7503e+01,3.3005e+00,3.3075e-01
6.2100e+03,8.6472e-01,1.1964e+00,1.7503e+01,3.3017e+00,3.3100e-01
6.2200e+03,8.6330e-01,1.1952e+00,1.7503e+01,3.3029e+00,3.3125e-01
6.2300e+03,8.6188e-01,1.1941e+00,1.7503e+01,3.3041e+00,3.3149e-01
6.2400e+03,8.6047e-01,1.1929e+00,1.7503e+01,3.3052e+00,3.3174e-01
6.2500e+03,8.5906e-01,1.1917e+00,1.7503e+01,3.3064e+00,3.3198e-01
6.2600e+03,8.5765e-01,1.1906e+00,1.7503e+01,3.3076e+00,3.3222e-01
6.2700e+03,8.5624e-01,1.1894e+00,1.7503e+01,3.3087e+00,3.3247e-01
6.2800e+03,8.5484e-01,1.1882e+00,1.7503e+01,3.3099e+00,3.3271e-01
6.2900e+03,8.5345e-01,1.1871e+00,1.7503e+01,3.3110e+00,3.3295e-01
6.3000e+03,8.5205e-01,1.1859e+00,1.7503e+01,3.3122e+00,3.3320e-01
6.3100e+03,8.5066e-01,1.1848e+00,1.7503e+01,3.3133e+00,3.3344e-01
6.3200e+03,8.4927e-01,1.1836e+00,1.7503e+01,3.3145e+00,3.3368e-01
6.3300e+03,8.4789e-01,1.1825e+00,1.7503e+01,3.3156e+00,3.3392e-01
6.3400e+03,8.4651e-01,1.1813e+00,1.7503e+01,3.3168e+00,3.3416e-01
6.3500e+03,8.4513e-01,1.1802e+00,1.7503e+01,3.3179e+00,3.3441e-01
6.3600e+03,8.4376e-01,1.1791e+00,1.7503e+01,3.3190e+00,3.3465e-01
6.3700e+03,8.4238e-01,1.1779e+00,1.7503e+01,3.3202e+00,3.3489e-01
6.3800e+03,8.4102e-01,1.1768e+00,1.7503e+01,3.3213e+00,3.3512e-01
6.3900e+03,8.3965e-01,1.1757e+00,1.7503e+01,3.3224e+00,3.3536e-01
6.4000e+03,8.3829e-01,1.1746e+00,1.7503e+01,3.3235e+00,3.3560e-01
6.4100e+03,8.3693e-01,1.1734e+00,1.7503e+01,3.3247e+00,3.3584e-01
6.4200e+03,8.3558e-01,1.1723e+00,1.7503e+01,3.3258e+00,3.3608e-01
6.4300e+03,8.3423e-01,1.1712e+00,1.7503e+01,3.3269e+00,3.3632e-01
6.4400e+03,8.3288e-01,1.1701e+00,1.7503e+01,3.3280e+00,3.3655e-01
6.4500e+03,8.3154e-01,1.1690e+00,1.7503e+01,3.3291e+00,3.3679e-01
6.4600e+03,8.3019e-01,1.1679e+00,1.7503e+01,3.3302e+00,3.3703e-01
6.4700e+03,8.2886e-01,1.1668e+00,1.7503e+01,3.3313e+00,3.3726e-01
6.4800e+03,8.2752e-01,1.1657e+00,1.7503e+01,3.3324e+00,3.3750e-01
6.4900e+03,8.2619e-01,1.1646e+00,1.7503e+01,3.3335e+00,3.3773e-01
6.5000e+03,8.2486e-01,1.1635e+00,1.7503e+01,3.3346e+00,3.3797e-01
6.5100e+03,8.2353e-01,1.1624e+00,1.7503e+01,3.3357e+00,3.3820e-01
6.5200e+03,8.2221e-01,1.1613e+00,1.7503e+01,3.3368e+00,3.3844e-01
6.5300e+03,8.2089e-01,1.1602e+00,1.7503e+01,3.3379e+00,3.3867e-01
6.5400e+03,8.1958e-01,1.1591e+00,1.7503e+01,3.3389e+00,3.3891e-01
6.5500e+03,8.1826e-01,1.1581e+00,1.7503e+01,3.3400e+00,3.3914e-01
6.5600e+03,8.1695e-01,1.1570e+00,1.7503e+01,3.3411e+00,3.3937e-01
6.5700e+03,8.1565e-01,1.1559e+00,1.7503e+01,3.3422e+00,3.3960e-01
6.5800e+03,8.1434e-01,1.1548e+00,1.7503e+01,3.3433e+00,3.3984e-01
6.5900e+03,8.1304e-01,1.1538e+00,1.7503e+01,3.3443e+00,3.4007e-01
6.6000e+03,8.1174e-01,1.1527e+00,1.7503e+01,3.3454e+00,3.4030e-01
6.6100e+03,8.1045e-01,1.1516e+00,1.7503e+01,3.3465e+00,3.4053e-01
6.6200e+03,8.0916e-01,1.1506e+00,1.7503e+01,3.3475e+00,3.4076e-01
6.6300e+03,8.0787e-01,1.1495e+00,1.7503e+01,3.3486e+00,3.4099e-01
6.6400e+03,8.0658e-01,1.1485e+00,1.7503e+01,3.3496e+00,3.4122e-01
6.6500e+03,8.0530e-01,1.1474e+00,1.7503e+01,3.3507e+00,3.4145e-01
6.6600e+03,8.0402e-01,1.1464e+00,1.7503e+01,3.3517e+00,3.4168e-01
6.6700e+03,8.0274e-01,1.1453e+00,1.7503e+01,3.3528e+00,3.4191e-01
6.6800e+03,8.0147e-01,1.1443e+00,1.7503e+01,3.3538e+00,3.4213e-01
6.6900e+03,8.0020e-01,1.1432e+00,1.7503e+01,3.3549e+00,3.4236e-01
6.7000e+03,7.9893e-01,1.1422e+00,1.7503e+01,3.3559e+00,3.4259e-01
6.7100e+03,7.9767e-01,1.1411e+00,1.7503e+01,3.3569e+00,3.4282e-01
6.7200e+03,7.9641e-01,1.1401e+00,1.7503e+01,3.3580e+00,3.4304e-01
6.7300e+03,7.9515e-01,1.1391e+00,1.7503e+01,3.3590e+00,3.4327e-01
6.7400e+03,7.9389e-01,1.1380e+00,1.7503e+01,3.3600e+00,3.4350e-01
6.7500e+03,7.9264e-01,1.1370e+00,1.7503e+01,3.3611e+00,3.4372e-01
6.7600e+03,7.9139e-01,1.1360e+00,1.7503e+01,3.3621e+00,3.4395e-01
6.7700e+03,7.9014e-01,1.1350e+00,1.7503e+01,3.3631e+00,3.4417e-01
6.7800e+03,7.8890e-01,1.1339e+00,1.7503e+01,3.3641e+00,3.4440e-01
6.7900e+03,7.8765e-01,1.1329e+00,1.7503e+01,3.3652e+00,3.4462e-01
6.8000e+03,7.8642e-01,1.1319e+00,1.7503e+01,3.3662e+00,3.4485e-01
6.8100e+03,7.8518e-01,1.1309e+00,1.7503e+01,3.3672e+00,3.4507e-01
6.8200e+03,7.8395e-01,1.1299e+00,1.7503e+01,3.3682e+00,3.4529e-01
6.8300e+03,7.8272e-01,1.1289e+00,1.7503e+01,3.3692e+00,3.4552e-01
6.8400e+03,7.8149e-01,1.1279e+00,1.7503e+01,3.3702e+00,3.4574e-01
6.8500e+03,7.8026e-01,1.1269e+00,1.7503e+01,3.3712e+00,3.4596e-01
6.8600e+03,7.7904e-01,1.1259e+00,1.7503e+01,3.3722e+00,3.4618e-01
6.8700e+03,7.7782e-01,1.1249e+00,1.7503e+01,3.3732e+00,3.4640e-01
6.8800e+03,7.7661e-01,1.1239e+00,1.7503e+01,3.3742e+00,3.4663e-01
6.8900e+03,7.7539e-01,1.1229e+00,1.7503e+01,3.3752e+00,3.4685e-01
6.9000e+03,7.7418e-01,1.1219e+00,1.7503e+01,3.3762e+00,3.4707e-01
6.9100e+03,7.7298e-01,1.1209e+00,1.7503e+01,3.3772e+00,3.4729e-01
6.9200e+03,7.7177e-01,1.1199e+00,1.7503e+01,3.3782e+00,3.4751e-01
6.9300e+03,7.7057e-01,1.1189e+00,1.7503e+01,3.3791e+00,3.4773e-01
6.9400e+03,7.6937e-01,1.1180e+00,1.7503e+01,3.3801e+00,3.4795e-01
6.9500e+03,7.6817e-01,1.1170e+00,1.7503e+01,3.3811e+00,3.4816e-01
6.9600e+03,7.6698e-01,1.1160e+00,1.7503e+01,3.3821e+00,3.4838e-01
6.9700e+03,7.6579e-01,1.1150e+00,1.7503e+01,3.3830e+00,3.4860e-01
6.9800e+03,7.6460e-01,1.1141e+00,1.7503e+01,3.3840e+00,3.4882e-01
6.9900e+03,7.6341e-01,1.1131e+00,1.7503e+01,3.3850e+00,3.4904e-01
7.0000e+03,7.6223e-01,1.1121e+00,1.7503e+01,3.3859e+00,3.4925e-01
7.0100e+03,7.6105e-01,1.1112e+00,1.7503e+01,3.3869e+00,3.4947e-01
7.0200e+03,7.5987e-01,1.1102e+00,1.7503e+01,3.3879e+00,3.4969e-01
7.0300e+03,7.5869e-01,1.1092e+00,1.7503e+01,3.3888e+00,3.4990e-01
7.0400e+03,7.5752e-01,1.1083e+00,1.7503e+01,3.3898e+00,3.5012e-01
7.0500e+03,7.5635e-01,1.1073e+00,1.7503e+01,3.3907e+00,3.5033e-01
7.0600e+03,7.5518e-01,1.1064e+00,1.7503e+01,3.3917e+00,3.5055e-01
7.0700e+03,7.5402e-01,1.1054e+00,1.7503e+01,3.3926e+00,3.5076e-01
7.0800e+03,7.5286e-01,1.1045e+00,1.7503e+01,3.3936e+00,3.5098e-01
7.0900e+03,7.5170e-01,1.1035e+00,1.7503e+01,3.3945e+00,3.5119e-01
7.1000e+03,7.5054e-01,1.1026e+00,1.7503e+01,3.3955e+00,3.5141e-01
7.1100e+03,7.4939e-01,1.1016e+00,1.7503e+01,3.3964e+00,3.5162e-01
7.1200e+03,7.4823e-01,1.1007e+00,1.7503e+01,3.3974e+00,3.5183e-01
7.1300e+03,7.4708e-01,1.0998e+00,1.7503e+01,3.3983e+00,3.5205e-01
7.1400e+03,7.4594e-01,1.0988e+00,1.7503e+01,3.3992e+00,3.5226e-01
7.1500e+03,7.4479e-01,1.0979e+00,1.7503e+01,3.4002e+00,3.5247e-01
7.1600e+03,7.4365e-01,1.0970e+00,1.7503e+01,3.4011e+00,3.5268e-01
7.1700e+03,7.4251e-01,1.0960e+00,1.7503e+01,3.4020e+00,3.5289e-01
7.1800e+03,7.4138e-01,1.0951e+00,1.7503e+01,3.4029e+00,3.5310e-01
7.1900e+03,7.4024e-01,1.0942e+00,1.7503e+01,3.4039e+00,3.5332e-01
7.2000e+03,7.3911e-01,1.0933e+00,1.7503e+01,3.4048e+00,3.5353e-01
7.2100e+03,7.3798e-01,1.0923e+00,1.7503e+01,3.4057e+00,3.5374e-01
7.2200e+03,7.3685e-01,1.0914e+00,1.7503e+01,3.4066e+00,3.5395e-01
7.2300e+03,7.3573e-01,1.0905e+00,1.7503e+01,3.4075e+00,3.5416e-01
7.2400e+03,7.3461e-01,1.0896e+00,1.7503e+01,3.4085e+00,3.5436e-01
7.2500e+03,7.3349e-01,1.0887e+00,1.7503e+01,3.4094e+00,3.5457e-01
7.2600e+03,7.3237e-01,1.0878e+00,1.7503e+01,3.4103e+00,3.5478e-01
7.2700e+03,7.3126e-01,1.0869e+00,1.7503e+01,3.4112e+00,3.5499e-01
7.2800e+03,7.3015e-01,1.0860e+00,1.7503e+01,3.4121e+00,3.5520e-01
7.2900e+03,7.2904e-01,1.0851e+00,1.7503e+01,3.4130e+00,3.5541e-01
7.3000e+03,7.2793e-01,1.0842e+00,1.7503e+01,3.4139e+00,3.5561e-01
7.3100e+03,7.2683e-01,1.0833e+00,1.7503e+01,3.4148e+00,3.5582e-01
7.3200e+03,7.2572e-01,1.0824e+00,1.7503e+01,3.4157e+00,3.5603e-01
7.3300e+03,7.2462e-01,1.0815e+00,1.7503e+01,3.4166e+00,3.5623e-01
7.3400e+03,7.2353e-01,1.0806e+00,1.7503e+01,3.4175e+00,3.5644e-01
7.3500e+03,7.2243e-01,1.0797e+00,1.7503e+01,3.4184e+00,3.5665e-01
7.3600e+03,7.2134e-01,1.0788e+00,1.7503e+01,3.4192e+00,3.5685e-01
7.3700e+03,7.2025e-01,1.0779e+00,1.7503e+01,3.4201e+00,3.5706e-01
7.3800e+03,7.1916e-01,1.0770e+00,1.7503e+01,3.4210e+00,3.5726e-01
7.3900e+03,7.1808e-01,1.0762e+00,1.7503e+01,3.4219e+00,3.5747e-01
7.4000e+03,7.1699e-01,1.0753e+00,1.7503e+01,3.4228e+00,3.5767e-01
7.4100e+03,7.1591e-01,1.0744e+00,1.7503e+01,3.4236e+00,3.5787e-01
7.4200e+03,7.1483e-01,1.0735e+00,1.7503e+01,3.4245e+00,3.5808e-01
7.4300e+03,7.1376e-01,1.0726e+00,1.7503e+01,3.4254e+00,3.5828e-01
7.4400e+03,7.1268e-01,1.0718e+00,1.7503e+01,3.4263e+00,3.5848e-01
7.4500e+03,7.1161e-01,1.0709e+00,1.7503e+01,3.4271e+00,3.5869e-01
7.4600e+03,7.1054e-01,1.0700e+00,1.7503e+01,3.4280e+00,3.5889e-01
7.4700e+03,7.0948e-01,1.0692e+00,1.7503e+01,3.4289e+00,3.5909e-01
7.4800e+03,7.0841e-01,1.0683e+00,1.7503e+01,3.4297e+00,3.5929e-01
7.4900e+03,7.0735e-01,1.0675e+00,1.7503e+01,3.4306e+00,3.5949e-01
7.5000e+03,7.0629e-01,1.0666e+00,1.7503e+01,3.4314e+00,3.5970e-01
7.5100e+03,7.0523e-01,1.0657e+00,1.7503e+01,3.4323e+00,3.5990e-01
7.5200e+03,7.0418e-01,1.0649e+00,1.7503e+01,3.4332e+00,3.6010e-01
7.5300e+03,7.0312e-01,1.0640e+00,1.7503e+01,3.4340e+00,3.6030e-01
7.5400e+03,7.0207e-01,1.0632e+00,1.7503e+01,3.4349e+00,3.6050e-01
7.5500e+03,7.0102e-01,1.0623e+00,1.7503e+01,3.4357e+00,3.6070e-01
7.5600e+03,6.9998e-01,1.0615e+00,1.7503e+01,3.4366e+00,3.6090e-01
7.5700e+03,6.9893e-01,1.0606e+00,1.7503e+01,3.4374e+00,3.6110e-01
7.5800e+03,6.9789e-01,1.0598e+00,1.7503e+01,3.4382e+00,3.6129e-01
7.5900e+03,6.9685e-01,1.0589e+00,1.7503e+01,3.4391e+00,3.6149e-01
7.6000e+03,6.9581e-01,1.0581e+00,1.7503e+01,3.4399e+00,3.6169e-01
7.6100e+03,6.9478e-01,1.0573e+00,1.7503e+01,3.4408e+00,3.6189e-01
7.6200e+03,6.9375e-01,1.0564e+00,1.7503e+01,3.4416e+00,3.6209e-01
7.6300e+03,6.9272e-01,1.0556e+00,1.7503e+01,3.4424e+00,3.6228e-01
7.6400e+03,6.9169e-01,1.0548e+00,1.7503e+01,3.4433e+00,3.6248e-01
7.6500e+03,6.9066e-01,1.0539e+00,1.7503e+01,3.4441e+00,3.6268e-01
7.6600e+03,6.8964e-01,1.0531e+00,1.7503e+01,3.4449e+00,3.6287e-01
7.6700e+03,6.8861e-01,1.0523e+00,1.7503e+01,3.4457e+00,3.6307e-01
7.6800e+03,6.8759e-01,1.0515e+00,1.7503e+01,3.4466e+00,3.6327e-01
7.6900e+03,6.8658e-01,1.0506e+00,1.7503e+01,3.4474e+00,3.6346e-01
7.7000e+03,6.8556e-01,1.0498e+00,1.7503e+01,3.4482e+00,3.6366e-01
7.7100e+03,6.8455e-01,1.0490e+00,1.7503e+01,3.4490e+00,3.6385e-01
7.7200e+03,6.8353e-01,1.0482e+00,1.7503e+01,3.4498e+00,3.6405e-01
7.7300e+03,6.8253e-01,1.0474e+00,1.7503e+01,3.4507e+00,3.6424e-01
7.7400e+03,6.8152e-01,1.0466e+00,1.7503e+01,3.4515e+00,3.6444e-01
7.7500e+03,6.8051e-01,1.0457e+00,1.7503e+01,3.4523e+00,3.6463e-01
7.7600e+03,6.7951e-01,1.0449e+00,1.7503e+01,3.4531e+00,3.6482e-01
7.7700e+03,6.7851e-01,1.0441e+00,1.7503e+01,3.4539e+00,3.6502e-01
7.7800e+03,6.7751e-01,1.0433e+00,1.7503e+01,3.4547e+00,3.6521e-01
7.7900e+03,6.7651e-01,1.0425e+00,1.7503e+01,3.4555e+00,3.6540e-01
7.8000e+03,6.7552e-01,1.0417e+00,1.7503e+01,3.4563e+00,3.6559e-01
7.8100e+03,6.7453e-01,1.0409e+00,1.7503e+01,3.4571e+00,3.6579e-01
7.8200e+03,6.7354e-01,1.0401e+00,1.7503e+01,3.4579e+00,3.6598e-01
7.8300e+03,6.7255e-01,1.0393e+00,1.7503e+01,3.4587e+00,3.6617e-01
7.8400e+03,6.7156e-01,1.0385e+00,1.7503e+01,3.4595e+00,3.6636e-01
7.8500e+03,6.7058e-01,1.0377e+00,1.7503e+01,3.4603e+00,3.6655e-01
7.8600e+03,6.6959e-01,1.0369e+00,1.7503e+01,3.4611e+00,3.6674e-01
7.8700e+03,6.6861e-01,1.0361e+00,1.7503e+01,3.4619e+00,3.6693e-01
7.8800e+03,6.6764e-01,1.0354e+00,1.7503e+01,3.4627e+00,3.6712e-01
7.8900e+03,6.6666e-01,1.0346e+00,1.7503e+01,3.4635e+00,3.6731e-01
7.9000e+03,6.6569e-01,1.0338e+00,1.7503e+01,3.4642e+00,3.6750e-01
7.9100e+03,6.6471e-01,1.0330e+00,1.7503e+01,3.4650e+00,3.6769e-01
7.9200e+03,6.6374e-01,1.0322e+00,1.7503e+01,3.4658e+00,3.6788e-01
7.9300e+03,6.6278e-01,1.0314e+00,1.7503e+01,3.4666e+00,3.6807e-01
7.9400e+03,6.6181e-01,1.0307e+00,1.7503e+01,3.4674e+00,3.6826e-01
7.9500e+03,6.6085e-01,1.0299e+00,1.7503e+01,3.4681e+00,3.6845e-01
7.9600e+03,6.5988e-01,1.0291e+00,1.7503e+01,3.4689e+00,3.6864e-01
7.9700e+03,6.5892e-01,1.0283e+00,1.7503e+01,3.4697e+00,3.6882e-01
7.9800e+03,6.5796e-01,1.0276e+00,1.7503e+01,3.4705e+00,3.6901e-01
7.9900e+03,6.5701e-01,1.0268e+00,1.7503e+01,3.4712e+00,3.6920e-01
8.0000e+03,6.5605e-01,1.0260e+00,1.7503e+01,3.4720e+00,3.6938e-01
8.0100e+03,6.5510e-01,1.0253e+00,1.7503e+01,3.4728e+00,3.6957e-01
8.0200e+03,6.5415e-01,1.0245e+00,1.7503e+01,3.4735e+00,3.6976e-01
8.0300e+03,6.5320e-01,1.0237e+00,1.7503e+01,3.4743e+00,3.6994e-01
8.0400e+03,6.5226e-01,1.0230e+00,1.7503e+01,3.4750e+00,3.7013e-01
8.0500e+03,6.5131e-01,1.0222e+00,1.7503e+01,3.4758e+00,3.7032e-01
8.0600e+03,6.5037e-01,1.0215e+00,1.7503e+01,3.4766e+00,3.7050e-01
8.0700e+03,6.4943e-01,1.0207e+00,1.7503e+01,3.4773e+00,3.7069e-01
8.0800e+03,6.4849e-01,1.0199e+00,1.7503e+01,3.4781e+00,3.7087e-01
8.0900e+03,6.4755e-01,1.0192e+00,1.7503e+01,3.4788e+00,3.7105e-01
8.1000e+03,6.4662e-01,1.0184e+00,1.7503e+01,3.4796e+00,3.7124e-01
8.1100e+03,6.4569e-01,1.0177e+00,1.7503e+01,3.4803e+00,3.7142e-01
8.1200e+03,6.4475e-01,1.0169e+00,1.7503e+01,3.4811e+00,3.7161e-01
8.1300e+03,6.4383e-01,1.0162e+00,1.7503e+01,3.4818e+00,3.7179e-01
8.1400e+03,6.4290e-01,1.0155e+00,1.7503e+01,3.4826e+00,3.7197e-01
8.1500e+03,6.4197e-01,1.0147e+00,1.7503e+01,3.4833e+00,3.7216e-01
8.1600e+03,6.4105e-01,1.0140e+00,1.7503e+01,3.4840e+00,3.7234e-01
8.1700e+03,6.4013e-01,1.0132e+00,1.7503e+01,3.4848e+00,3.7252e-01
8.1800e+03,6.3921e-01,1.0125e+00,1.7503e+01,3.4855e+00,3.7270e-01
8.1900e+03,6.3829e-01,1.0118e+00,1.7503e+01,3.4863e+00,3.7289e-01
8.2000e+03,6.3737e-01,1.0110e+00,1.7503e+01,3.4870e+00,3.7307e-01
8.2100e+03,6.3646e-01,1.0103e+00,1.7503e+01,3.4877e+00,3.7325e-01
8.2200e+03,6.3555e-01,1.0096e+00,1.7503e+01,3.4885e+00,3.7343e-01
8.2300e+03,6.3464e-01,1.0088e+00,1.7503e+01,3.4892e+00,3.7361e-01
8.2400e+03,6.3373e-01,1.0081e+00,1.7503e+01,3.4899e+00,3.7379e-01
8.2500e+03,6.3282e-01,1.0074e+00,1.7503e+01,3.4906e+00,3.7397e-01
8.2600e+03,6.3191e-01,1.0066e+00,1.7503e+01,3.4914e+00,3.7415e-01
8.2700e+03,6.3101e-01,1.0059e+00,1.7503e+01,3.4921e+00,3.7433e-01
8.2800e+03,6.3011e-01,1.0052e+00,1.7503e+01,3.4928e+00,3.7451e-01
8.2900e+03,6.2921e-01,1.0045e+00,1.7503e+01,3.4935e+00,3.7469e-01
8.3000e+03,6.2831e-01,1.0038e+00,1.7503e+01,3.4943e+00,3.7487e-01
8.3100e+03,6.2742e-01,1.0030e+00,1.7503e+01,3.4950e+00,3.7505e-01
8.3200e+03,6.2652e-01,1.0023e+00,1.7503e+01,3.4957e+00,3.7523e-01
8.3300e+03,6.2563e-01,1.0016e+00,1.7503e+01,3.4964e+00,3.7540e-01
8.3400e+03,6.2474e-01,1.0009e+00,1.7503e+01,3.4971e+00,3.7558e-01
8.3500e+03,6.2385e-01,1.0002e+00,1.7503e+01,3.4978e+00,3.7576e-01
8.3600e+03,6.2296e-01,9.9947e-01,1.7503e+01,3.4985e+00,3.7594e-01
8.3700e+03,6.2208e-01,9.9876e-01,1.7503e+01,3.4992e+00,3.7611e-01
8.3800e+03,6.2119e-01,9.9805e-01,1.7503e+01,3.4999e+00,3.7629e-01
8.3900e+03,6.2031e-01,9.9735e-01,1.7503e+01,3.5007e+00,3.7647e-01
8.4000e+03,6.1943e-01,9.9664e-01,1.7503e+01,3.5014e+00,3.7664e-01
8.4100e+03,6.1855e-01,9.9594e-01,1.7503e+01,3.5021e+00,3.7682e-01
8.4200e+03,6.1767e-01,9.9524e-01,1.7503e+01,3.5028e+00,3.7700e-01
8.4300e+03,6.1680e-01,9.9454e-01,1.7503e+01,3.5035e+00,3.7717e-01
8.4400e+03,6.1593e-01,9.9384e-01,1.7503e+01,3.5042e+00,3.7735e-01
8.4500e+03,6.1505e-01,9.9314e-01,1.7503e+01,3.5049e+00,3.7752e-01
8.4600e+03,6.1418e-01,9.9245e-01,1.7503e+01,3.5055e+00,3.7770e-01
8.4700e+03,6.1332e-01,9.9175e-01,1.7503e+01,3.5062e+00,3.7787e-01
8.4800e+03,6.1245e-01,9.9106e-01,1.7503e+01,3.5069e+00,3.7805e-01
8.4900e+03,6.1159e-01,9.9037e-01,1.7503e+01,3.5076e+00,3.7822e-01
8.5000e+03,6.1072e-01,9.8968e-01,1.7503e+01,3.5083e+00,3.7840e-01
8.5100e+03,6.0986e-01,9.8899e-01,1.7503e+01,3.5090e+00,3.7857e-01
8.5200e+03,6.0900e-01,9.8831e-01,1.7503e+01,3.5097e+00,3.7874e-01
8.5300e+03,6.0814e-01,9.8762e-01,1.7503e+01,3.5104e+00,3.7892e-01
8.5400e+03,6.0729e-01,9.8694e-01,1.7503e+01,3.5111e+00,3.7909e-01
8.5500e+03,6.0643e-01,9.8626e-01,1.7503e+01,3.5117e+00,3.7926e-01
8.5600e+03,6.0558e-01,9.8558e-01,1.7503e+01,3.5124e+00,3.7943e-01
8.5700e+03,6.0473e-01,9.8490e-01,1.7503e+01,3.5131e+00,3.7961e-01
8.5800e+03,6.0388e-01,9.8422e-01,1.7503e+01,3.5138e+00,3.7978e-01
8.5900e+03,6.0303e-01,9.8354e-01,1.7503e+01,3.5144e+00,3.7995e-01
8.6000e+03,6.0218e-01,9.8287e-01,1.7503e+01,3.5151e+00,3.8012e-01
8.6100e+03,6.0134e-01,9.8219e-01,1.7503e+01,3.5158e+00,3.8029e-01
8.6200e+03,6.0050e-01,9.8152e-01,1.7503e+01,3.5165e+00,3.8046e-01
8.6300e+03,5.9966e-01,9.8085e-01,1.7503e+01,3.5171e+00,3.8064e-01
8.6400e+03,5.9882e-01,9.8018e-01,1.7503e+01,3.5178e+00,3.8081e-01
8.6500e+03,5.9798e-01,9.7951e-01,1.7503e+01,3.5185e+00,3.8098e-01
8.6600e+03,5.9714e-01,9.7885e-01,1.7503e+01,3.5191e+00,3.8115e-01
8.6700e+03,5.9631e-01,9.7818e-01,1.7503e+01,3.5198e+00,3.8132e-01
8.6800e+03,5.9547e-01,9.7752e-01,1.7503e+01,3.5205e+00,3.8149e-01
8.6900e+03,5.9464e-01,9.7685e-01,1.7503e+01,3.5211e+00,3.8166e-01
8.7000e+03,5.9381e-01,9.7619e-01,1.7503e+01,3.5218e+00,3.8182e-01
8.7100e+03,5.9298e-01,9.7553e-01,1.7503e+01,3.5225e+00,3.8199e-01
8.7200e+03,5.9216e-01,9.7487e-01,1.7503e+01,3.5231e+00,3.8216e-01
8.7300e+03,5.9133e-01,9.7422e-01,1.7503e+01,3.5238e+00,3.8233e-01
8.7400e+03,5.9051e-01,9.7356e-01,1.7503e+01,3.5244e+00,3.8250e-01
8.7500e+03,5.8968e-01,9.7291e-01,1.7503e+01,3.5251e+00,3.8267e-01
8.7600e+03,5.8886e-01,9.7225e-01,1.7503e+01,3.5257e+00,3.8283e-01
8.7700e+03,5.8805e-01,9.7160e-01,1.7503e+01,3.5264e+00,3.8300e-01
8.7800e+03,5.8723e-01,9.7095e-01,1.7503e+01,3.5270e+00,3.8317e-01
8.7900e+03,5.8641e-01,9.7030e-01,1.7503e+01,3.5277e+00,3.8334e-01
8.8000e+03,5.8560e-01,9.6965e-01,1.7503e+01,3.5283e+00,3.8350e-01
8.8100e+03,5.8479e-01,9.6901e-01,1.7503e+01,3.5290e+00,3.8367e-01
8.8200e+03,5.8397e-01,9.6836e-01,1.7503e+01,3.5296e+00,3.8384e-01
8.8300e+03,5.8316e-01,9.6772e-01,1.7503e+01,3.5303e+00,3.8400e-01
8.8400e+03,5.8236e-01,9.6708e-01,1.7503e+01,3.5309e+00,3.8417e-01
8.8500e+03,5.8155e-01,9.6644e-01,1.7503e+01,3.5315e+00,3.8433e-01
8.8600e+03,5.8075e-01,9.6580e-01,1.7503e+01,3.5322e+00,3.8450e-01
8.8700e+03,5.7994e-01,9.6516e-01,1.7503e+01,3.5328e+00,3.8466e-01
8.8800e+03,5.7914e-01,9.6452e-01,1.7503e+01,3.5335e+00,3.8483e-01
8.8900e+03,5.7834e-01,9.6388e-01,1.7503e+01,3.5341e+00,3.8499e-01
8.9000e+03,5.7754e-01,9.6325e-01,1.7503e+01,3.5347e+00,3.8516e-01
8.9100e+03,5.7674e-01,9.6262e-01,1.7503e+01,3.5354e+00,3.8532e-01
8.9200e+03,5.7595e-01,9.6198e-01,1.7503e+01,3.5360e+00,3.8549e-01
8.9300e+03,5.7515e-01,9.6135e-01,1.7503e+01,3.5366e+00,3.8565e-01
8.9400e+03,5.7436e-01,9.6072e-01,1.7503e+01,3.5373e+00,3.8582e-01
8.9500e+03,5.7357e-01,9.6010e-01,1.7503e+01,3.5379e+00,3.8598e-01
8.9600e+03,5.7278e-01,9.5947e-01,1.7503e+01,3.5385e+00,3.8614e-01
8.9700e+03,5.7199e-01,9.5884e-01,1.7503e+01,3.5391e+00,3.8630e-01
8.9800e+03,5.7121e-01,9.5822e-01,1.7503e+01,3.5398e+00,3.8647e-01
8.9900e+03,5.7042e-01,9.5760e-01,1.7503e+01,3.5404e+00,3.8663e-01
9.0000e+03,5.6964e-01,9.5697e-01,1.7503e+01,3.5410e+00,3.8679e-01
9.0100e+03,5.6885e-01,9.5635e-01,1.7503e+01,3.5416e+00,3.8695e-01
9.0200e+03,5.6807e-01,9.5573e-01,1.7503e+01,3.5422e+00,3.8712e-01
9.0300e+03,5.6729e-01,9.5512e-01,1.7503e+01,3.5429e+00,3.8728e-01
9.0400e+03,5.6652e-01,9.5450e-01,1.7503e+01,3.5435e+00,3.8744e-01
9.0500e+03,5.6574e-01,9.5388e-01,1.7503e+01,3.5441e+00,3.8760e-01
9.0600e+03,5.6496e-01,9.5327e-01,1.7503e+01,3.5447e+00,3.8776e-01
9.0700e+03,5.6419e-01,9.5266e-01,1.7503e+01,3.5453e+00,3.8792e-01
9.0800e+03,5.6342e-01,9.5204e-01,1.7503e+01,3.5459e+00,3.8808e-01
9.0900e+03,5.6265e-01,9.5143e-01,1.7503e+01,3.5465e+00,3.8824e-01
9.1000e+03,5.6188e-01,9.5082e-01,1.7503e+01,3.5471e+00,3.8840e-01
9.1100e+03,5.6111e-01,9.5022e-01,1.7503e+01,3.5478e+00,3.8856e-01
9.1200e+03,5.6035e-01,9.4961e-01,1.7503e+01,3.5484e+00,3.8872e-01
9.1300e+03,5.5958e-01,9.4900e-01,1.7503e+01,3.5490e+00,3.8888e-01
9.1400e+03,5.5882e-01,9.4840e-01,1.7503e+01,3.5496e+00,3.8904e-01
9.1500e+03,5.5805e-01,9.4780e-01,1.7503e+01,3.5502e+00,3.8920e-01
9.1600e+03,5.5729e-01,9.4719e-01,1.7503e+01,3.5508e+00,3.8936e-01
9.1700e+03,5.5654e-01,9.4659e-01,1.7503e+01,3.5514e+00,3.8952e-01
9.1800e+03,5.5578e-01,9.4599e-01,1.7503e+01,3.5520e+00,3.8968e-01
9.1900e+03,5.5502e-01,9.4539e-01,1.7503e+01,3.5526e+00,3.8983e-01
9.2000e+03,5.5427e-01,9.4480e-01,1.7503e+01,3.5532e+00,3.8999e-01
9.2100e+03,5.5351e-01,9.4420e-01,1.7503e+01,3.5538e+00,3.9015e-01
9.2200e+03,5.5276e-01,9.4361e-01,1.7503e+01,3.5544e+00,3.9031e-01
9.2300e+03,5.5201e-01,9.4301e-01,1.7503e+01,3.5550e+00,3.9046e-01
9.2400e+03,5.5126e-01,9.4242e-01,1.7503e+01,3.5555e+00,3.9062e-01
9.2500e+03,5.5051e-01,9.4183e-01,1.7503e+01,3.5561e+00,3.9078e-01
9.2600e+03,5.4977e-01,9.4124e-01,1.7503e+01,3.5567e+00,3.9094e-01
9.2700e+03,5.4902e-01,9.4065e-01,1.7503e+01,3.5573e+00,3.9109e-01
9.2800e+03,5.4828e-01,9.4006e-01,1.7503e+01,3.5579e+00,3.9125e-01
9.2900e+03,5.4753e-01,9.3947e-01,1.7503e+01,3.5585e+00,3.9140e-01
9.3000e+03,5.4679e-01,9.3889e-01,1.7503e+01,3.5591e+00,3.9156e-01
9.3100e+03,5.4605e-01,9.3830e-01,1.7503e+01,3.5597e+00,3.9172e-01
9.3200e+03,5.4532e-01,9.3772e-01,1.7503e+01,3.5602e+00,3.9187e-01
9.3300e+03,5.4458e-01,9.3714e-01,1.7503e+01,3.5608e+00,3.9203e-01
9.3400e+03,5.4384e-01,9.3656e-01,1.7503e+01,3.5614e+00,3.9218e-01
9.3500e+03,5.4311e-01,9.3598e-01,1.7503e+01,3.5620e+00,3.9234e-01
9.3600e+03,5.4238e-01,9.3540e-01,1.7503e+01,3.5626e+00,3.9249e-01
9.3700e+03,5.4164e-01,9.3482e-01,1.7503e+01,3.5631e+00,3.9264e-01
9.3800e+03,5.4091e-01,9.3424e-01,1.7503e+01,3.5637e+00,3.9280e-01
9.3900e+03,5.4018e-01,9.3367e-01,1.7503e+01,3.5643e+00,3.9295e-01
9.4000e+03,5.3946e-01,9.3310e-01,1.7503e+01,3.5649e+00,3.9311e-01
9.4100e+03,5.3873e-01,9.3252e-01,1.7503e+01,3.5654e+00,3.9326e-01
9.4200e+03,5.3801e-01,9.3195e-01,1.7503e+01,3.5660e+00,3.9341e-01
9.4300e+03,5.3728e-01,9.3138e-01,1.7503e+01,3.5666e+00,3.9357e-01
9.4400e+03,5.3656e-01,9.3081e-01,1.7503e+01,3.5672e+00,3.9372e-01
9.4500e+03,5.3584e-01,9.3024e-01,1.7503e+01,3.5677e+00,3.9387e-01
9.4600e+03,5.3512e-01,9.2967e-01,1.7503e+01,3.5683e+00,3.9402e-01
9.4700e+03,5.3440e-01,9.2911e-01,1.7503e+01,3.5689e+00,3.9418e-01
9.4800e+03,5.3368e-01,9.2854e-01,1.7503e+01,3.5694e+00,3.9433e-01
9.4900e+03,5.3297e-01,9.2798e-01,1.7503e+01,3.5700e+00,3.9448e-01
9.5000e+03,5.3225e-01,9.2741e-01,1.7503e+01,3.5705e+00,3.9463e-01
9.5100e+03,5.3154e-01,9.2685e-01,1.7503e+01,3.5711e+00,3.9478e-01
9.5200e+03,5.3083e-01,9.2629e-01,1.7503e+01,3.5717e+00,3.9493e-01
9.5300e+03,5.3012e-01,9.2573e-01,1.7503e+01,3.5722e+00,3.9509e-01
9.5400e+03,5.2941e-01,9.2517e-01,1.7503e+01,3.5728e+00,3.9524e-01
9.5500e+03,5.2870e-01,9.2462e-01,1.7503e+01,3.5733e+00,3.9539e-01
9.5600e+03,5.2799e-01,9.2406e-01,1.7503e+01,3.5739e+00,3.9554e-01
9.5700e+03,5.2729e-01,9.2350e-01,1.7503e+01,3.5745e+00,3.9569e-01
9.5800e+03,5.2658e-01,9.2295e-01,1.7503e+01,3.5750e+00,3.9584e-01
9.5900e+03,5.2588e-01,9.2240e-01,1.7503e+01,3.5756e+00,3.9599e-01
9.6000e+03,5.2518e-01,9.2184e-01,1.7503e+01,3.5761e+00,3.9614e-01
9.6100e+03,5.2448e-01,9.2129e-01,1.7503e+01,3.5767e+00,3.9629e-01
9.6200e+03,5.2378e-01,9.2074e-01,1.7503e+01,3.5772e+00,3.9644e-01
9.6300e+03,5.2308e-01,9.2019e-01,1.7503e+01,3.5778e+00,3.9659e-01
9.6400e+03,5.2239e-01,9.1964e-01,1.7503e+01,3.5783e+00,3.9673e-01
9.6500e+03,5.2169e-01,9.1910e-01,1.7503e+01,3.5789e+00,3.9688e-01
9.6600e+03,5.2100e-01,9.1855e-01,1.7503e+01,3.5794e+00,3.9703e-01
9.6700e+03,5.2030e-01,9.1801e-01,1.7503e+01,3.5799e+00,3.9718e-01
9.6800e+03,5.1961e-01,9.1746e-01,1.7503e+01,3.5805e+00,3.9733e-01
9.6900e+03,5.1892e-01,9.1692e-01,1.7503e+01,3.5810e+00,3.9748e-01
9.7000e+03,5.1823e-01,9.1638e-01,1.7503e+01,3.5816e+00,3.9762e-01
9.7100e+03,5.1755e-01,9.1584e-01,1.7503e+01,3.5821e+00,3.9777e-01
9.7200e+03,5.1686e-01,9.1530e-01,1.7503e+01,3.5827e+00,3.9792e-01
9.7300e+03,5.1617e-01,9.1476e-01,1.7503e+01,3.5832e+00,3.9806e-01
9.7400e+03,5.1549e-01,9.1422e-01,1.7503e+01,3.5837e+00,3.9821e-01
9.7500e+03,5.1481e-01,9.1369e-01,1.7503e+01,3.5843e+00,3.9836e-01
9.7600e+03,5.1412e-01,9.1315e-01,1.7503e+01,3.5848e+00,3.9850e-01
9.7700e+03,5.1344e-01,9.1262e-01,1.7503e+01,3.5853e+00,3.9865e-01
9.7800e+03,5.1276e-01,9.1208e-01,1.7503e+01,3.5859e+00,3.9880e-01
9.7900e+03,5.1209e-01,9.1155e-01,1.7503e+01,3.5864e+00,3.9894e-01
9.8000e+03,5.1141e-01,9.1102e-01,1.7503e+01,3.5869e+00,3.9909e-01
9.8100e+03,5.1073e-01,9.1049e-01,1.7503e+01,3.5875e+00,3.9923e-01
9.8200e+03,5.1006e-01,9.0996e-01,1.7503e+01,3.5880e+00,3.9938e-01
9.8300e+03,5.0939e-01,9.0943e-01,1.7503e+01,3.5885e+00,3.9952e-01
9.8400e+03,5.0871e-01,9.0890e-01,1.7503e+01,3.5890e+00,3.9967e-01
9.8500e+03,5.0804e-01,9.0838e-01,1.7503e+01,3.5896e+00,3.9981e-01
9.8600e+03,5.0737e-01,9.0785e-01,1.7503e+01,3.5901e+00,3.9996e-01
9.8700e+03,5.0670e-01,9.0733e-01,1.7503e+01,3.5906e+00,4.0010e-01
9.8800e+03,5.0604e-01,9.0680e-01,1.7503e+01,3.5911e+00,4.0025e-01
9.8900e+03,5.0537e-01,9.0628e-01,1.7503e+01,3.5917e+00,4.0039e-01
9.9000e+03,5.0471e-01,9.0576e-01,1.7503e+01,3.5922e+00,4.0054e-01
9.9100e+03,5.0404e-01,9.0524e-01,1.7503e+01,3.5927e+00,4.0068e-01
9.9200e+03,5.0338e-01,9.0472e-01,1.7503e+01,3.5932e+00,4.0082e-01
9.9300e+03,5.0272e-01,9.0420e-01,1.7503e+01,3.5937e+00,4.0097e-01
9.9400e+03,5.0206e-01,9.0368e-01,1.7503e+01,3.5943e+00,4.0111e-01
9.9500e+03,5.0140e-01,9.0317e-01,1.7503e+01,3.5948e+00,4.0125e-01
9.9600e+03,5.0074e-01,9.0265e-01,1.7503e+01,3.5953e+00,4.0139e-01
9.9700e+03,5.0008e-01,9.0214e-01,1.7503e+01,3.5958e+00,4.0154e-01
9.9800e+03,4.9943e-01,9.0162e-01,1.7503e+01,3.5963e+00,4.0168e-01
9.9900e+03,4.9877e-01,9.0111e-01,1.7503e+01,3.5968e+00,4.0182e-01
1.0000e+04,4.9812e-01,9.0060e-01,1.7503e+01,3.5973e+00,4.0196e-01
1.0010e+04,4.9747e-01,9.0009e-01,1.7503e+01,3.5979e+00,4.0211e-01
1.0020e+04,4.9682e-01,8.9958e-01,1.7503e+01,3.5984e+00,4.0225e-01
1.0030e+04,4.9617e-01,8.9907e-01,1.7503e+01,3.5989e+00,4.0239e-01
1.0040e+04,4.9552e-01,8.9856e-01,1.7503e+01,3.5994e+00,4.0253e-01
1.0050e+04,4.9487e-01,8.9805e-01,1.7503e+01,3.5999e+00,4.0267e-01
1.0060e+04,4.9422e-01,8.9755e-01,1.7503e+01,3.6004e+00,4.0281e-01
1.0070e+04,4.9358e-01,8.9704e-01,1.7503e+01,3.6009e+00,4.0295e-01
1.0080e+04,4.9293e-01,8.9654e-01,1.7503e+01,3.6014e+00,4.0309e-01
1.0090e+04,4.9229e-01,8.9603e-01,1.7503e+01,3.6019e+00,4.0323e-01
1.0100e+04,4.9165e-01,8.9553e-01,1.7503e+01,3.6024e+00,4.0337e-01
1.0110e+04,4.9101e-01,8.9503e-01,1.7503e+01,3.6029e+00,4.0351e-01
1.0120e+04,4.9037e-01,8.9453e-01,1.7503e+01,3.6034e+00,4.0365e-01
1.0130e+04,4.8973e-01,8.9403e-01,1.7503e+01,3.6039e+00,4.0379e-01
1.0140e+04,4.8909e-01,8.9353e-01,1.7503e+01,3.6044e+00,4.0393e-01
1.0150e+04,4.8846e-01,8.9303e-01,1.7503e+01,3.6049e+00,4.0407e-01
1.0160e+04,4.8782e-01,8.9254e-01,1.7503e+01,3.6054e+00,4.0421e-01
1.0170e+04,4.8719e-01,8.9204e-01,1.7503e+01,3.6059e+00,4.0435e-01
1.0180e+04,4.8655e-01,8.9155e-01,1.7503e+01,3.6064e+00,4.0449e-01
1.0190e+04,4.8592e-01,8.9105e-01,1.7503e+01,3.6069e+00,4.0463e-01
1.0200e+04,4.8529e-01,8.9056e-01,1.7503e+01,3.6074e+00,4.0476e-01
1.0210e+04,4.8466e-01,8.9007e-01,1.7503e+01,3.6079e+00,4.0490e-01
1.0220e+04,4.8403e-01,8.8958e-01,1.7503e+01,3.6084e+00,4.0504e-01
1.0230e+04,4.8340e-01,8.8909e-01,1.7503e+01,3.6089e+00,4.0518e-01
1.0240e+04,4.8278e-01,8.8860e-01,1.7503e+01,3.6093e+00,4.0531e-01
1.0250e+04,4.8215e-01,8.8811e-01,1.7503e+01,3.6098e+00,4.0545e-01
1.0260e+04,4.8153e-01,8.8762e-01,1.7503e+01,3.6103e+00,4.0559e-01
1.0270e+04,4.8090e-01,8.8713e-01,1.7503e+01,3.6108e+00,4.0573e-01
1.0280e+04,4.8028e-01,8.8665e-01,1.7503e+01,3.6113e+00,4.0586e-01
1.0290e+04,4.7966e-01,8.8616e-01,1.7503e+01,3.6118e+00,4.0600e-01
1.0300e+04,4.7904e-01,8.8568e-01,1.7503e+01,3.6123e+00,4.0614e-01
1.0310e+04,4.7842e-01,8.8520e-01,1.7503e+01,3.6127e+00,4.0627e-01
1.0320e+04,4.7780e-01,8.8471e-01,1.7503e+01,3.6132e+00,4.0641e-01
1.0330e+04,4.7718e-01,8.8423e-01,1.7503e+01,3.6137e+00,4.0655e-01
1.0340e+04,4.7657e-01,8.8375e-01,1.7503e+01,3.6142e+00,4.0668e-01
1.0350e+04,4.7595e-01,8.8327e-01,1.7503e+01,3.6147e+00,4.0682e-01
1.0360e+04,4.7534e-01,8.8279e-01,1.7503e+01,3.6151e+00,4.0695e-01
1.0370e+04,4.7473e-01,8.8232e-01,1.7503e+01,3.6156e+00,4.0709e-01
1.0380e+04,4.7411e-01,8.8184e-01,1.7503e+01,3.6161e+00,4.0722e-01
1.0390e+04,4.7350e-01,8.8136e-01,1.7503e+01,3.6166e+00,4.0736e-01
1.0400e+04,4.7289e-01,8.8089e-01,1.7503e+01,3.6170e+00,4.0749e-01
1.0410e+04,4.7229e-01,8.8041e-01,1.7503e+01,3.6175e+00,4.0763e-01
1.0420e+04,4.7168e-01,8.7994e-01,1.7503e+01,3.6180e+00,4.0776e-01
1.0430e+04,4.7107e-01,8.7947e-01,1.7503e+01,3.6185e+00,4.0790e-01
1.0440e+04,4.7047e-01,8.7900e-01,1.7503e+01,3.6189e+00,4.0803e-01
1.0450e+04,4.6986e-01,8.7853e-01,1.7503e+01,3.6194e+00,4.0816e-01
1.0460e+04,4.6926e-01,8.7806e-01,1.7503e+01,3.6199e+00,4.0830e-01
1.0470e+04,4.6866e-01,8.7759e-01,1.7503e+01,3.6203e+00,4.0843e-01
1.0480e+04,4.6805e-01,8.7712e-01,1.7503e+01,3.6208e+00,4.0856e-01
1.0490e+04,4.6745e-01,8.7665e-01,1.7503e+01,3.6213e+00,4.0870e-01
1.0500e+04,4.6685e-01,8.7618e-01,1.7503e+01,3.6217e+00,4.0883e-01
1.0510e+04,4.6626e-01,8.7572e-01,1.7503e+01,3.6222e+00,4.0896e-01
1.0520e+04,4.6566e-01,8.7525e-01,1.7503e+01,3.6227e+00,4.0910e-01
1.0530e+04,4.6506e-01,8.7479e-01,1.7503e+01,3.6231e+00,4.0923e-01
1.0540e+04,4.6447e-01,8.7433e-01,1.7503e+01,3.6236e+00,4.0936e-01
1.0550e+04,4.6387e-01,8.7386e-01,1.7503e+01,3.6241e+00,4.0949e-01
1.0560e+04,4.6328e-01,8.7340e-01,1.7503e+01,3.6245e+00,4.0962e-01
1.0570e+04,4.6269e-01,8.7294e-01,1.7503e+01,3.6250e+00,4.0976e-01
1.0580e+04,4.6210e-01,8.7248e-01,1.7503e+01,3.6254e+00,4.0989e-01
1.0590e+04,4.6150e-01,8.7202e-01,1.7503e+01,3.6259e+00,4.1002e-01
1.0600e+04,4.6092e-01,8.7156e-01,1.7503e+01,3.6264e+00,4.1015e-01
1.0610e+04,4.6033e-01,8.7111e-01,1.7503e+01,3.6268e+00,4.1028e-01
1.0620e+04,4.5974e-01,8.7065e-01,1.7503e+01,3.6273e+00,4.1041e-01
1.0630e+04,4.5915e-01,8.7019e-01,1.7503e+01,3.6277e+00,4.1054e-01
1.0640e+04,4.5857e-01,8.6974e-01,1.7503e+01,3.6282e+00,4.1067e-01
1.0650e+04,4.5798e-01,8.6928e-01,1.7503e+01,3.6286e+00,4.1081e-01
1.0660e+04,4.5740e-01,8.6883e-01,1.7503e+01,3.6291e+00,4.1094e-01
1.0670e+04,4.5682e-01,8.6838e-01,1.7503e+01,3.6295e+00,4.1107e-01
1.0680e+04,4.5624e-01,8.6793e-01,1.7503e+01,3.6300e+00,4.1120e-01
1.0690e+04,4.5566e-01,8.6748e-01,1.7503e+01,3.6304e+00,4.1133e-01
1.0700e+04,4.5508e-01,8.6703e-01,1.7503e+01,3.6309e+00,4.1146e-01
1.0710e+04,4.5450e-01,8.6658e-01,1.7503e+01,3.6313e+00,4.1158e-01
1.0720e+04,4.5392e-01,8.6613e-01,1.7503e+01,3.6318e+00,4.1171e-01
1.0730e+04,4.5334e-01,8.6568e-01,1.7503e+01,3.6322e+00,4.1184e-01
1.0740e+04,4.5277e-01,8.6523e-01,1.7503e+01,3.6327e+00,4.1197e-01
1.0750e+04,4.5219e-01,8.6479e-01,1.7503e+01,3.6331e+00,4.1210e-01
1.0760e+04,4.5162e-01,8.6434e-01,1.7503e+01,3.6336e+00,4.1223e-01
1.0770e+04,4.5105e-01,8.6390e-01,1.7503e+01,3.6340e+00,4.1236e-01
1.0780e+04,4.5047e-01,8.6345e-01,1.7503e+01,3.6345e+00,4.1249e-01
1.0790e+04,4.4990e-01,8.6301e-01,1.7503e+01,3.6349e+00,4.1262e-01
1.0800e+04,4.4933e-01,8.6257e-01,1.7503e+01,3.6354e+00,4.1274e-01
1.0810e+04,4.4876e-01,8.6213e-01,1.7503e+01,3.6358e+00,4.1287e-01
1.0820e+04,4.4820e-01,8.6169e-01,1.7503e+01,3.6362e+00,4.1300e-01
1.0830e+04,4.4763e-01,8.6125e-01,1.7503e+01,3.6367e+00,4.1313e-01
1.0840e+04,4.4706e-01,8.6081e-01,1.7503e+01,3.6371e+00,4.1325e-01
1.0850e+04,4.4650e-01,8.6037e-01,1.7503e+01,3.6376e+00,4.1338e-01
1.0860e+04,4.4593e-01,8.5993e-01,1.7503e+01,3.6380e+00,4.1351e-01
1.0870e+04,4.4537e-01,8.5950e-01,1.7503e+01,3.6384e+00,4.1363e-01
1.0880e+04,4.4481e-01,8.5906e-01,1.7503e+01,3.6389e+00,4.1376e-01
1.0890e+04,4.4425e-01,8.5862e-01,1.7503e+01,3.6393e+00,4.1389e-01
1.0900e+04,4.4369e-01,8.5819e-01,1.7503e+01,3.6397e+00,4.1401e-01
1.0910e+04,4.4313e-01,8.5776e-01,1.7503e+01,3.6402e+00,4.1414e-01
1.0920e+04,4.4257e-01,8.5732e-01,1.7503e+01,3.6406e+00,4.1427e-01
1.0930e+04,4.4201e-01,8.5689e-01,1.7503e+01,3.6410e+00,4.1439e-01
1.0940e+04,4.4145e-01,8.5646e-01,1.7503e+01,3.6415e+00,4.1452e-01
1.0950e+04,4.4090e-01,8.5603e-01,1.7503e+01,3.6419e+00,4.1464e-01
1.0960e+04,4.4034e-01,8.5560e-01,1.7503e+01,3.6423e+00,4.1477e-01
1.0970e+04,4.3979e-01,8.5517e-01,1.7503e+01,3.6427e+00,4.1490e-01
1.0980e+04,4.3923e-01,8.5474e-01,1.7503e+01,3.6432e+00,4.1502e-01
1.0990e+04,4.3868e-01,8.5431e-01,1.7503e+01,3.6436e+00,4.1515e-01
1.1000e+04,4.3813e-01,8.5389e-01,1.7503e+01,3.6440e+00,4.1527e-01
1.1010e+04,4.3758e-01,8.5346e-01,1.7503e+01,3.6445e+00,4.1540e-01
1.1020e+04,4.3703e-01,8.5304e-01,1.7503e+01,3.6449e+00,4.1552e-01
1.1030e+04,4.3648e-01,8.5261e-01,1.7503e+01,3.6453e+00,4.1564e-01
1.1040e+04,4.3593e-01,8.5219e-01,1.7503e+01,3.6457e+00,4.1577e-01
1.1050e+04,4.3539e-01,8.5177e-01,1.7503e+01,3.6462e+00,4.1589e-01
1.1060e+04,4.3484e-01,8.5134e-01,1.7503e+01,3.6466e+00,4.1602e-01
1.1070e+04,4.3430e-01,8.5092e-01,1.7503e+01,3.6470e+00,4.1614e-01
1.1080e+04,4.3375e-01,8.5050e-01,1.7503e+01,3.6474e+00,4.1626e-01
1.1090e+04,4.3321e-01,8.5008e-01,1.7503e+01,3.6478e+00,4.1639e-01
1.1100e+04,4.3267e-01,8.4966e-01,1.7503e+01,3.6483e+00,4.1651e-01
1.1110e+04,4.3212e-01,8.4924e-01,1.7503e+01,3.6487e+00,4.1663e-01
1.1120e+04,4.3158e-01,8.4882e-01,1.7503e+01,3.6491e+00,4.1676e-01
1.1130e+04,4.3104e-01,8.4841e-01,1.7503e+01,3.6495e+00,4.1688e-01
1.1140e+04,4.3050e-01,8.4799e-01,1.7503e+01,3.6499e+00,4.1700e-01
1.1150e+04,4.2997e-01,8.4757e-01,1.7503e+01,3.6503e+00,4.1712e-01
1.1160e+04,4.2943e-01,8.4716e-01,1.7503e+01,3.6508e+00,4.1725e-01
1.1170e+04,4.2889e-01,8.4675e-01,1.7503e+01,3.6512e+00,4.1737e-01
1.1180e+04,4.2836e-01,8.4633e-01,1.7503e+01,3.6516e+00,4.1749e-01
1.1190e+04,4.2782e-01,8.4592e-01,1.7503e+01,3.6520e+00,4.1761e-01
1.1200e+04,4.2729e-01,8.4551e-01,1.7503e+01,3.6524e+00,4.1773e-01
1.1210e+04,4.2676e-01,8.4510e-01,1.7503e+01,3.6528e+00,4.1786e-01
1.1220e+04,4.2623e-01,8.4468e-01,1.7503e+01,3.6532e+00,4.1798e-01
1.1230e+04,4.2569e-01,8.4427e-01,1.7503e+01,3.6536e+00,4.1810e-01
1.1240e+04,4.2516e-01,8.4387e-01,1.7503e+01,3.6540e+00,4.1822e-01
1.1250e+04,4.2463e-01,8.4346e-01,1.7503e+01,3.6545e+00,4.1834e-01
1.1260e+04,4.2411e-01,8.4305e-01,1.7503e+01,3.6549e+00,4.1846e-01
1.1270e+04,4.2358e-01,8.4264e-01,1.7503e+01,3.6553e+00,4.1858e-01
1.1280e+04,4.2305e-01,8.4224e-01,1.7503e+01,3.6557e+00,4.1870e-01
1.1290e+04,4.2253e-01,8.4183e-01,1.7503e+01,3.6561e+00,4.1882e-01
1.1300e+04,4.2200e-01,8.4142e-01,1.7503e+01,3.6565e+00,4.1894e-01
1.1310e+04,4.2148e-01,8.4102e-01,1.7503e+01,3.6569e+00,4.1906e-01
1.1320e+04,4.2095e-01,8.4062e-01,1.7503e+01,3.6573e+00,4.1918e-01
1.1330e+04,4.2043e-01,8.4021e-01,1.7503e+01,3.6577e+00,4.1930e-01
1.1340e+04,4.1991e-01,8.3981e-01,1.7503e+01,3.6581e+00,4.1942e-01
1.1350e+04,4.1939e-01,8.3941e-01,1.7503e+01,3.6585e+00,4.1954e-01
1.1360e+04,4.1887e-01,8.3901e-01,1.7503e+01,3.6589e+00,4.1966e-01
1.1370e+04,4.1835e-01,8.3861e-01,1.7503e+01,3.6593e+00,4.1978e-01
1.1380e+04,4.1783e-01,8.3821e-01,1.7503e+01,3.6597e+00,4.1990e-01
1.1390e+04,4.1731e-01,8.3781e-01,1.7503e+01,3.6601e+00,4.2002e-01
1.1400e+04,4.1680e-01,8.3741e-01,1.7503e+01,3.6605e+00,4.2014e-01
1.1410e+04,4.1628e-01,8.3701e-01,1.7503e+01,3.6609e+00,4.2026e-01
1.1420e+04,4.1576e-01,8.3662e-01,1.7503e+01,3.6613e+00,4.2038e-01
1.1430e+04,4.1525e-01,8.3622e-01,1.7503e+01,3.6617e+00,4.2049e-01
1.1440e+04,4.1474e-01,8.3583e-01,1.7503e+01,3.6621e+00,4.2061e-01
1.1450e+04,4.1422e-01,8.3543e-01,1.7503e+01,3.6625e+00,4.2073e-01
1.1460e+04,4.1371e-01,8.3504e-01,1.7503e+01,3.6629e+00,4.2085e-01
1.1470e+04,4.1320e-01,8.3464e-01,1.7503e+01,3.6633e+00,4.2097e-01
1.1480e+04,4.1269e-01,8.3425e-01,1.7503e+01,3.6637e+00,4.2108e-01
1.1490e+04,4.1218e-01,8.3386e-01,1.7503e+01,3.6640e+00,4.2120e-01
1.1500e+04,4.1167e-01,8.3347e-01,1.7503e+01,3.6644e+00,4.2132e-01
1.1510e+04,4.1117e-01,8.3308e-01,1.7503e+01,3.6648e+00,4.2144e-01
1.1520e+04,4.1066e-01,8.3269e-01,1.7503e+01,3.6652e+00,4.2155e-01
1.1530e+04,4.1015e-01,8.3230e-01,1.7503e+01,3.6656e+00,4.2167e-01
1.1540e+04,4.0965e-01,8.3191e-01,1.7503e+01,3.6660e+00,4.2179e-01
1.1550e+04,4.0914e-01,8.3152e-01,1.7503e+01,3.6664e+00,4.2190e-01
1.1560e+04,4.0864e-01,8.3113e-01,1.7503e+01,3.6668e+00,4.2202e-01
1.1570e+04,4.0814e-01,8.3075e-01,1.7503e+01,3.6672e+00,4.2214e-01
1.1580e+04,4.0763e-01,8.3036e-01,1.7503e+01,3.6675e+00,4.2225e-01
1.1590e+04,4.0713e-01,8.2997e-01,1.7503e+01,3.6679e+00,4.2237e-01
1.1600e+04,4.0663e-01,8.2959e-01,1.7503e+01,3.6683e+00,4.2248e-01
1.1610e+04,4.0613e-01,8.2920e-01,1.7503e+01,3.6687e+00,4.2260e-01
1.1620e+04,4.0563e-01,8.2882e-01,1.7503e+01,3.6691e+00,4.2271e-01
1.1630e+04,4.0514e-01,8.2844e-01,1.7503e+01,3.6695e+00,4.2283e-01
1.1640e+04,4.0464e-01,8.2806e-01,1.7503e+01,3.6698e+00,4.2295e-01
1.1650e+04,4.0414e-01,8.2767e-01,1.7503e+01,3.6702e+00,4.2306e-01
1.1660e+04,4.0365e-01,8.2729e-01,1.7503e+01,3.6706e+00,4.2318e-01
1.1670e+04,4.0315e-01,8.2691e-01,1.7503e+01,3.6710e+00,4.2329e-01
1.1680e+04,4.0266e-01,8.2653e-01,1.7503e+01,3.6714e+00,4.2341e-01
1.1690e+04,4.0216e-01,8.2615e-01,1.7503e+01,3.6717e+00,4.2352e-01
1.1700e+04,4.0167e-01,8.2578e-01,1.7503e+01,3.6721e+00,4.2363e-01
1.1710e+04,4.0118e-01,8.2540e-01,1.7503e+01,3.6725e+00,4.2375e-01
1.1720e+04,4.0069e-01,8.2502e-01,1.7503e+01,3.6729e+00,4.2386e-01
1.1730e+04,4.0020e-01,8.2464e-01,1.7503e+01,3.6733e+00,4.2398e-01
1.1740e+04,3.9971e-01,8.2427e-01,1.7503e+01,3.6736e+00,4.2409e-01
1.1750e+04,3.9922e-01,8.2389e-01,1.7503e+01,3.6740e+00,4.2420e-01
1.1760e+04,3.9873e-01,8.2352e-01,1.7503e+01,3.6744e+00,4.2432e-01
1.1770e+04,3.9824e-01,8.2314e-01,1.7503e+01,3.6748e+00,4.2443e-01
1.1780e+04,3.9776e-01,8.2277e-01,1.7503e+01,3.6751e+00,4.2455e-01
1.1790e+04,3.9727e-01,8.2240e-01,1.7503e+01,3.6755e+00,4.2466e-01
1.1800e+04,3.9679e-01,8.2203e-01,1.7503e+01,3.6759e+00,4.2477e-01
1.1810e+04,3.9630e-01,8.2166e-01,1.7503e+01,3.6762e+00,4.2488e-01
1.1820e+04,3.9582e-01,8.2128e-01,1.7503e+01,3.6766e+00,4.2500e-01
1.1830e+04,3.9534e-01,8.2091e-01,1.7503e+01,3.6770e+00,4.2511e-01
1.1840e+04,3.9485e-01,8.2054e-01,1.7503e+01,3.6774e+00,4.2522e-01
1.1850e+04,3.9437e-01,8.2018e-01,1.7503e+01,3.6777e+00,4.2533e-01
1.1860e+04,3.9389e-01,8.1981e-01,1.7503e+01,3.6781e+00,4.2545e-01
1.1870e+04,3.9341e-01,8.1944e-01,1.7503e+01,3.6785e+00,4.2556e-01
1.1880e+04,3.9293e-01,8.1907e-01,1.7503e+01,3.6788e+00,4.2567e-01
1.1890e+04,3.9246e-01,8.1871e-01,1.7503e+01,3.6792e+00,4.2578e-01
1.1900e+04,3.9198e-01,8.1834e-01,1.7503e+01,3.6796e+00,4.2589e-01
1.1910e+04,3.9150e-01,8.1797e-01,1.7503e+01,3.6799e+00,4.2601e-01
1.1920e+04,3.9103e-01,8.1761e-01,1.7503e+01,3.6803e+00,4.2612e-01
1.1930e+04,3.9055e-01,8.1725e-01,1.7503e+01,3.6807e+00,4.2623e-01
1.1940e+04,3.9008e-01,8.1688e-01,1.7503e+01,3.6810e+00,4.2634e-01
1.1950e+04,3.8960e-01,8.1652e-01,1.7503e+01,3.6814e+00,4.2645e-01
1.1960e+04,3.8913e-01,8.1616e-01,1.7503e+01,3.6817e+00,4.2656e-01
1.1970e+04,3.8866e-01,8.1579e-01,1.7503e+01,3.6821e+00,4.2667e-01
1.1980e+04,3.8818e-01,8.1543e-01,1.7503e+01,3.6825e+00,4.2678e-01
1.1990e+04,3.8771e-01,8.1507e-01,1.7503e+01,3.6828e+00,4.2689e-01
1.2000e+04,3.8724e-01,8.1471e-01,1.7503e+01,3.6832e+00,4.2700e-01
1.2010e+04,3.8677e-01,8.1435e-01,1.7503e+01,3.6835e+00,4.2711e-01
1.2020e+04,3.8631e-01,8.1400e-01,1.7503e+01,3.6839e+00,4.2722e-01
1.2030e+04,3.8584e-01,8.1364e-01,1.7503e+01,3.6843e+00,4.2733e-01
1.2040e+04,3.8537e-01,8.1328e-01,1.7503e+01,3.6846e+00,4.2744e-01
1.2050e+04,3.8490e-01,8.1292e-01,1.7503e+01,3.6850e+00,4.2755e-01
1.2060e+04,3.8444e-01,8.1257e-01,1.7503e+01,3.6853e+00,4.2766e-01
1.2070e+04,3.8397e-01,8.1221e-01,1.7503e+01,3.6857e+00,4.2777e-01
1.2080e+04,3.8351e-01,8.1186e-01,1.7503e+01,3.6860e+00,4.2788e-01
1.2090e+04,3.8305e-01,8.1150e-01,1.7503e+01,3.6864e+00,4.2799e-01
1.2100e+04,3.8258e-01,8.1115e-01,1.7503e+01,3.6867e+00,4.2810e-01
1.2110e+04,3.8212e-01,8.1079e-01,1.7503e+01,3.6871e+00,4.2821e-01
1.2120e+04,3.8166e-01,8.1044e-01,1.7503e+01,3.6875e+00,4.2832e-01
1.2130e+04,3.8120e-01,8.1009e-01,1.7503e+01,3.6878e+00,4.2843e-01
1.2140e+04,3.8074e-01,8.0974e-01,1.7503e+01,3.6882e+00,4.2854e-01
1.2150e+04,3.8028e-01,8.0938e-01,1.7503e+01,3.6885e+00,4.2864e-01
1.2160e+04,3.7982e-01,8.0903e-01,1.7503e+01,3.6889e+00,4.2875e-01
1.2170e+04,3.7936e-01,8.0868e-01,1.7503e+01,3.6892e+00,4.2886e-01
1.2180e+04,3.7891e-01,8.0833e-01,1.7503e+01,3.6896e+00,4.2897e-01
1.2190e+04,3.7845e-01,8.0799e-01,1.7503e+01,3.6899e+00,4.2908e-01
1.2200e+04,3.7799e-01,8.0764e-01,1.7503e+01,3.6903e+00,4.2918e-01
1.2210e+04,3.7754e-01,8.0729e-01,1.7503e+01,3.6906e+00,4.2929e-01
1.2220e+04,3.7708e-01,8.0694e-01,1.7503e+01,3.6909e+00,4.2940e-01
1.2230e+04,3.7663e-01,8.0660e-01,1.7503e+01,3.6913e+00,4.2951e-01
1.2240e+04,3.7618e-01,8.0625e-01,1.7503e+01,3.6916e+00,4.2961e-01
1.2250e+04,3.7572e-01,8.0590e-01,1.7503e+01,3.6920e+00,4.2972e-01
1.2260e+04,3.7527e-01,8.0556e-01,1.7503e+01,3.6923e+00,4.2983e-01
1.2270e+04,3.7482e-01,8.0522e-01,1.7503e+01,3.6927e+00,4.2993e-01
1.2280e+04,3.7437e-01,8.0487e-01,1.7503e+01,3.6930e+00,4.3004e-01
1.2290e+04,3.7392e-01,8.0453e-01,1.7503e+01,3.6934e+00,4.3015e-01
1.2300e+04,3.7347e-01,8.0419e-01,1.7503e+01,3.6937e+00,4.3025e-01
1.2310e+04,3.7302e-01,8.0384e-01,1.7503e+01,3.6940e+00,4.3036e-01
1.2320e+04,3.7258e-01,8.0350e-01,1.7503e+01,3.6944e+00,4.3047e-01
1.2330e+04,3.7213e-01,8.0316e-01,1.7503e+01,3.6947e+00,4.3057e-01
1.2340e+04,3.7168e-01,8.0282e-01,1.7503e+01,3.6951e+00,4.3068e-01
1.2350e+04,3.7124e-01,8.0248e-01,1.7503e+01,3.6954e+00,4.3078e-01
1.2360e+04,3.7079e-01,8.0214e-01,1.7503e+01,3.6957e+00,4.3089e-01
1.2370e+04,3.7035e-01,8.0180e-01,1.7503e+01,3.6961e+00,4.3100e-01
1.2380e+04,3.6991e-01,8.0146e-01,1.7503e+01,3.6964e+00,4.3110e-01
1.2390e+04,3.6946e-01,8.0113e-01,1.7503e+01,3.6968e+00,4.3121e-01
1.2400e+04,3.6902e-01,8.0079e-01,1.7503e+01,3.6971e+00,4.3131e-01
1.2410e+04,3.6858e-01,8.0045e-01,1.7503e+01,3.6974e+00,4.3142e-01
1.2420e+04,3.6814e-01,8.0012e-01,1.7503e+01,3.6978e+00,4.3152e-01
1.2430e+04,3.6770e-01,7.9978e-01,1.7503e+01,3.6981e+00,4.3163e-01
1.2440e+04,3.6726e-01,7.9945e-01,1.7503e+01,3.6984e+00,4.3173e-01
1.2450e+04,3.6682e-01,7.9911e-01,1.7503e+01,3.6988e+00,4.3184e-01
1.2460e+04,3.6638e-01,7.9878e-01,1.7503e+01,3.6991e+00,4.3194e-01
1.2470e+04,3.6595e-01,7.9845e-01,1.7503e+01,3.6994e+00,4.3204e-01
1.2480e+04,3.6551e-01,7.9811e-01,1.7503e+01,3.6998e+00,4.3215e-01
1.2490e+04,3.6507e-01,7.9778e-01,1.7503e+01,3.7001e+00,4.3225e-01
1.2500e+04,3.6464e-01,7.9745e-01,1.7503e+01,3.7004e+00,4.3236e-01
1.2510e+04,3.6420e-01,7.9712e-01,1.7503e+01,3.7008e+00,4.3246e-01
1.2520e+04,3.6377e-01,7.9679e-01,1.7503e+01,3.7011e+00,4.3256e-01
1.2530e+04,3.6333e-01,7.9646e-01,1.7503e+01,3.7014e+00,4.3267e-01
1.2540e+04,3.6290e-01,7.9613e-01,1.7503e+01,3.7018e+00,4.3277e-01
1.2550e+04,3.6247e-01,7.9580e-01,1.7503e+01,3.7021e+00,4.3287e-01
1.2560e+04,3.6204e-01,7.9547e-01,1.7503e+01,3.7024e+00,4.3298e-01
1.2570e+04,3.6161e-01,7.9514e-01,1.7503e+01,3.7027e+00,4.3308e-01
1.2580e+04,3.6118e-01,7.9481e-01,1.7503e+01,3.7031e+00,4.3318e-01
1.2590e+04,3.6075e-01,7.9449e-01,1.7503e+01,3.7034e+00,4.3329e-01
1.2600e+04,3.6032e-01,7.9416e-01,1.7503e+01,3.7037e+00,4.3339e-01
1.2610e+04,3.5989e-01,7.9383e-01,1.7503e+01,3.7040e+00,4.3349e-01
1.2620e+04,3.5946e-01,7.9351e-01,1.7503e+01,3.7044e+00,4.3359e-01
1.2630e+04,3.5903e-01,7.9318e-01,1.7503e+01,3.7047e+00,4.3370e-01
1.2640e+04,3.5861e-01,7.9286e-01,1.7503e+01,3.7050e+00,4.3380e-01
1.2650e+04,3.5818e-01,7.9254e-01,1.7503e+01,3.7053e+00,4.3390e-01
1.2660e+04,3.5776e-01,7.9221e-01,1.7503e+01,3.7057e+00,4.3400e-01
1.2670e+04,3.5733e-01,7.9189e-01,1.7503e+01,3.7060e+00,4.3410e-01
1.2680e+04,3.5691e-01,7.9157e-01,1.7503e+01,3.7063e+00,4.3421e-01
1.2690e+04,3.5649e-01,7.9125e-01,1.7503e+01,3.7066e+00,4.3431e-01
1.2700e+04,3.5606e-01,7.9092e-01,1.7503e+01,3.7070e+00,4.3441e-01
1.2710e+04,3.5564e-01,7.9060e-01,1.7503e+01,3.7073e+00,4.3451e-01
1.2720e+04,3.5522e-01,7.9028e-01,1.7503e+01,3.7076e+00,4.3461e-01
1.2730e+04,3.5480e-01,7.8996e-01,1.7503e+01,3.7079e+00,4.3471e-01
1.2740e+04,3.5438e-01,7.8964e-01,1.7503e+01,3.7082e+00,4.3481e-01
1.2750e+04,3.5396e-01,7.8932e-01,1.7503e+01,3.7086e+00,4.3491e-01
1.2760e+04,3.5354e-01,7.8901e-01,1.7503e+01,3.7089e+00,4.3502e-01
1.2770e+04,3.5312e-01,7.8869e-01,1.7503e+01,3.7092e+00,4.3512e-01
1.2780e+04,3.5271e-01,7.8837e-01,1.7503e+01,3.7095e+00,4.3522e-01
1.2790e+04,3.5229e-01,7.8805e-01,1.7503e+01,3.7098e+00,4.3532e-01
1.2800e+04,3.5187e-01,7.8774e-01,1.7503e+01,3.7101e+00,4.3542e-01
1.2810e+04,3.5146e-01,7.8742e-01,1.7503e+01,3.7105e+00,4.3552e-01
1.2820e+04,3.5104e-01,7.8711e-01,1.7503e+01,3.7108e+00,4.3562e-01
1.2830e+04,3.5063e-01,7.8679e-01,1.7503e+01,3.7111e+00,4.3572e-01
1.2840e+04,3.5021e-01,7.8648e-01,1.7503e+01,3.7114e+00,4.3582e-01
1.2850e+04,3.4980e-01,7.8617e-01,1.7503e+01,3.7117e+00,4.3592e-01
1.2860e+04,3.4939e-01,7.8585e-01,1.7503e+01,3.7120e+00,4.3602e-01
1.2870e+04,3.4897e-01,7.8554e-01,1.7503e+01,3.7123e+00,4.3612e-01
1.2880e+04,3.4856e-01,7.8523e-01,1.7503e+01,3.7127e+00,4.3622e-01
1.2890e+04,3.4815e-01,7.8491e-01,1.7503e+01,3.7130e+00,4.3631e-01
1.2900e+04,3.4774e-01,7.8460e-01,1.7503e+01,3.7133e+00,4.3641e-01
1.2910e+04,3.4733e-01,7.8429e-01,1.7503e+01,3.7136e+00,4.3651e-01
1.2920e+04,3.4692e-01,7.8398e-01,1.7503e+01,3.7139e+00,4.3661e-01
1.2930e+04,3.4652e-01,7.8367e-01,1.7503e+01,3.7142e+00,4.3671e-01
1.2940e+04,3.4611e-01,7.8336e-01,1.7503e+01,3.7145e+00,4.3681e-01
1.2950e+04,3.4570e-01,7.8305e-01,1.7503e+01,3.7148e+00,4.3691e-01
1.2960e+04,3.4529e-01,7.8275e-01,1.7503e+01,3.7151e+00,4.3701e-01
1.2970e+04,3.4489e-01,7.8244e-01,1.7503e+01,3.7154e+00,4.3710e-01
1.2980e+04,3.4448e-01,7.8213e-01,1.7503e+01,3.7157e+00,4.3720e-01
1.2990e+04,3.4408e-01,7.8182e-01,1.7503e+01,3.7161e+00,4.3730e-01
1.3000e+04,3.4367e-01,7.8152e-01,1.7503e+01,3.7164e+00,4.3740e-01
1.3010e+04,3.4327e-01,7.8121e-01,1.7503e+01,3.7167e+00,4.3750e-01
1.3020e+04,3.4287e-01,7.8091e-01,1.7503e+01,3.7170e+00,4.3759e-01
1.3030e+04,3.4246e-01,7.8060e-01,1.7503e+01,3.7173e+00,4.3769e-01
1.3040e+04,3.4206e-01,7.8030e-01,1.7503e+01,3.7176e+00,4.3779e-01
1.3050e+04,3.4166e-01,7.7999e-01,1.7503e+01,3.7179e+00,4.3789e-01
1.3060e+04,3.4126e-01,7.7969e-01,1.7503e+01,3.7182e+00,4.3798e-01
1.3070e+04,3.4086e-01,7.7939e-01,1.7503e+01,3.7185e+00,4.3808e-01
1.3080e+04,3.4046e-01,7.7908e-01,1.7503e+01,3.7188e+00,4.3818e-01
1.3090e+04,3.4006e-01,7.7878e-01,1.7503e+01,3.7191e+00,4.3827e-01
1.3100e+04,3.3966e-01,7.7848e-01,1.7503e+01,3.7194e+00,4.3837e-01
1.3110e+04,3.3927e-01,7.7818e-01,1.7503e+01,3.7197e+00,4.3847e-01
1.3120e+04,3.3887e-01,7.7788e-01,1.7503e+01,3.7200e+00,4.3856e-01
1.3130e+04,3.3847e-01,7.7758e-01,1.7503e+01,3.7203e+00,4.3866e-01
1.3140e+04,3.3808e-01,7.7728e-01,1.7503e+01,3.7206e+00,4.3876e-01
1.3150e+04,3.3768e-01,7.7698e-01,1.7503e+01,3.7209e+00,4.3885e-01
1.3160e+04,3.3729e-01,7.7668e-01,1.7503e+01,3.7212e+00,4.3895e-01
1.3170e+04,3.3689e-01,7.7638e-01,1.7503e+01,3.7215e+00,4.3905e-01
1.3180e+04,3.3650e-01,7.7608e-01,1.7503e+01,3.7218e+00,4.3914e-01
1.3190e+04,3.3611e-01,7.7579e-01,1.7503e+01,3.7221e+00,4.3924e-01
1.3200e+04,3.3571e-01,7.7549e-01,1.7503e+01,3.7224e+00,4.3933e-01
1.3210e+04,3.3532e-01,7.7519e-01,1.7503e+01,3.7227e+00,4.3943e-01
1.3220e+04,3.3493e-01,7.7490e-01,1.7503e+01,3.7230e+00,4.3952e-01
1.3230e+04,3.3454e-01,7.7460e-01,1.7503e+01,3.7233e+00,4.3962e-01
1.3240e+04,3.3415e-01,7.7430e-01,1.7503e+01,3.7236e+00,4.3971e-01
1.3250e+04,3.3376e-01,7.7401e-01,1.7503e+01,3.7239e+00,4.3981e-01
1.3260e+04,3.3337e-01,7.7372e-01,1.7503e+01,3.7242e+00,4.3991e-01
1.3270e+04,3.3298e-01,7.7342e-01,1.7503e+01,3.7244e+00,4.4000e-01
1.3280e+04,3.3259e-01,7.7313e-01,1.7503e+01,3.7247e+00,4.4009e-01
1.3290e+04,3.3221e-01,7.7284e-01,1.7503e+01,3.7250e+00,4.4019e-01
1.3300e+04,3.3182e-01,7.7254e-01,1.7503e+01,3.7253e+00,4.4028e-01
1.3310e+04,3.3143e-01,7.7225e-01,1.7503e+01,3.7256e+00,4.4038e-01
1.3320e+04,3.3105e-01,7.7196e-01,1.7503e+01,3.7259e+00,4.4047e-01
1.3330e+04,3.3066e-01,7.7167e-01,1.7503e+01,3.7262e+00,4.4057e-01
1.3340e+04,3.3028e-01,7.7138e-01,1.7503e+01,3.7265e+00,4.4066e-01
1.3350e+04,3.2989e-01,7.7109e-01,1.7503e+01,3.7268e+00,4.4076e-01
1.3360e+04,3.2951e-01,7.7080e-01,1.7503e+01,3.7271e+00,4.4085e-01
1.3370e+04,3.2913e-01,7.7051e-01,1.7503e+01,3.7274e+00,4.4094e-01
1.3380e+04,3.2874e-01,7.7022e-01,1.7503e+01,3.7277e+00,4.4104e-01
1.3390e+04,3.2836e-01,7.6993e-01,1.7503e+01,3.7279e+00,4.4113e-01
1.3400e+04,3.2798e-01,7.6964e-01,1.7503e+01,3.7282e+00,4.4122e-01
1.3410e+04,3.2760e-01,7.6936e-01,1.7503e+01,3.7285e+00,4.4132e-01
1.3420e+04,3.2722e-01,7.6907e-01,1.7503e+01,3.7288e+00,4.4141e-01
1.3430e+04,3.2684e-01,7.6878e-01,1.7503e+01,3.7291e+00,4.4150e-01
1.3440e+04,3.2646e-01,7.6850e-01,1.7503e+01,3.7294e+00,4.4160e-01
1.3450e+04,3.2608e-01,7.6821e-01,1.7503e+01,3.7297e+00,4.4169e-01
1.3460e+04,3.2570e-01,7.6792e-01,1.7503e+01,3.7299e+00,4.4178e-01
1.3470e+04,3.2533e-01,7.6764e-01,1.7503e+01,3.7302e+00,4.4188e-01
1.3480e+04,3.2495e-01,7.6736e-01,1.7503e+01,3.7305e+00,4.4197e-01
1.3490e+04,3.2457e-01,7.6707e-01,1.7503e+01,3.7308e+00,4.4206e-01
1.3500e+04,3.2420e-01,7.6679e-01,1.7503e+01,3.7311e+00,4.4215e-01
1.3510e+04,3.2382e-01,7.6650e-01,1.7503e+01,3.7314e+00,4.4224e-01
1.3520e+04,3.2345e-01,7.6622e-01,1.7503e+01,3.7316e+00,4.4234e-01
1.3530e+04,3.2307e-01,7.6594e-01,1.7503e+01,3.7319e+00,4.4243e-01
1.3540e+04,3.2270e-01,7.6566e-01,1.7503e+01,3.7322e+00,4.4252e-01
1.3550e+04,3.2233e-01,7.6538e-01,1.7503e+01,3.7325e+00,4.4261e-01
1.3560e+04,3.2195e-01,7.6509e-01,1.7503e+01,3.7328e+00,4.4270e-01
1.3570e+04,3.2158e-01,7.6481e-01,1.7503e+01,3.7331e+00,4.4280e-01
1.3580e+04,3.2121e-01,7.6453e-01,1.7503e+01,3.7333e+00,4.4289e-01
1.3590e+04,3.2084e-01,7.6425e-01,1.7503e+01,3.7336e+00,4.4298e-01
1.3600e+04,3.2047e-01,7.6398e-01,1.7503e+01,3.7339e+00,4.4307e-01
1.3610e+04,3.2010e-01,7.6370e-01,1.7503e+01,3.7342e+00,4.4316e-01
1.3620e+04,3.1973e-01,7.6342e-01,1.7503e+01,3.7344e+00,4.4325e-01
1.3630e+04,3.1936e-01,7.6314e-01,1.7503e+01,3.7347e+00,4.4334e-01
1.3640e+04,3.1899e-01,7.6286e-01,1.7503e+01,3.7350e+00,4.4343e-01
1.3650e+04,3.1862e-01,7.6258e-01,1.7503e+01,3.7353e+00,4.4353e-01
1.3660e+04,3.1826e-01,7.6231e-01,1.7503e+01,3.7356e+00,4.4362e-01
1.3670e+04,3.1789e-01,7.6203e-01,1.7503e+01,3.7358e+00,4.4371e-01
1.3680e+04,3.1752e-01,7.6176e-01,1.7503e+01,3.7361e+00,4.4380e-01
1.3690e+04,3.1716e-01,7.6148e-01,1.7503e+01,3.7364e+00,4.4389e-01
1.3700e+04,3.1679e-01,7.6120e-01,1.7503e+01,3.7367e+00,4.4398e-01
1.3710e+04,3.1643e-01,7.6093e-01,1.7503e+01,3.7369e+00,4.4407e-01
1.3720e+04,3.1606e-01,7.6066e-01,1.7503e+01,3.7372e+00,4.4416e-01
1.3730e+04,3.1570e-01,7.6038e-01,1.7503e+01,3.7375e+00,4.4425e-01
1.3740e+04,3.1534e-01,7.6011e-01,1.7503e+01,3.7378e+00,4.4434e-01
1.3750e+04,3.1497e-01,7.5984e-01,1.7503e+01,3.7380e+00,4.4443e-01
1.3760e+04,3.1461e-01,7.5956e-01,1.7503e+01,3.7383e+00,4.4452e-01
1.3770e+04,3.1425e-01,7.5929e-01,1.7503e+01,3.7386e+00,4.4461e-01
1.3780e+04,3.1389e-01,7.5902e-01,1.7503e+01,3.7388e+00,4.4470e-01
1.3790e+04,3.1353e-01,7.5875e-01,1.7503e+01,3.7391e+00,4.4479e-01
1.3800e+04,3.1317e-01,7.5848e-01,1.7503e+01,3.7394e+00,4.4488e-01
1.3810e+04,3.1281e-01,7.5821e-01,1.7503e+01,3.7397e+00,4.4496e-01
1.3820e+04,3.1245e-01,7.5794e-01,1.7503e+01,3.7399e+00,4.4505e-01
1.3830e+04,3.1209e-01,7.5767e-01,1.7503e+01,3.7402e+00,4.4514e-01
1.3840e+04,3.1173e-01,7.5740e-01,1.7503e+01,3.7405e+00,4.4523e-01
1.3850e+04,3.1138e-01,7.5713e-01,1.7503e+01,3.7407e+00,4.4532e-01
1.3860e+04,3.1102e-01,7.5686e-01,1.7503e+01,3.7410e+00,4.4541e-01
1.3870e+04,3.1066e-01,7.5659e-01,1.7503e+01,3.7413e+00,4.4550e-01
1.3880e+04,3.1031e-01,7.5632e-01,1.7503e+01,3.7415e+00,4.4559e-01
1.3890e+04,3.0995e-01,7.5606e-01,1.7503e+01,3.7418e+00,4.4567e-01
1.3900e+04,3.0959e-01,7.5579e-01,1.7503e+01,3.7421e+00,4.4576e-01
1.3910e+04,3.0924e-01,7.5552e-01,1.7503e+01,3.7423e+00,4.4585e-01
1.3920e+04,3.0889e-01,7.5526e-01,1.7503e+01,3.7426e+00,4.4594e-01
1.3930e+04,3.0853e-01,7.5499e-01,1.7503e+01,3.7429e+00,4.4603e-01
1.3940e+04,3.0818e-01,7.5472e-01,1.7503e+01,3.7431e+00,4.4611e-01
1.3950e+04,3.0783e-01,7.5446e-01,1.7503e+01,3.7434e+00,4.4620e-01
1.3960e+04,3.0748e-01,7.5420e-01,1.7503e+01,3.7437e+00,4.4629e-01
1.3970e+04,3.0712e-01,7.5393e-01,1.7503e+01,3.7439e+00,4.4638e-01
1.3980e+04,3.0677e-01,7.5367e-01,1.7503e+01,3.7442e+00,4.4646e-01
1.3990e+04,3.0642e-01,7.5340e-01,1.7503e+01,3.7445e+00,4.4655e-01
1.4000e+04,3.0607e-01,7.5314e-01,1.7503e+01,3.7447e+00,4.4664e-01
1.4010e+04,3.0572e-01,7.5288e-01,1.7503e+01,3.7450e+00,4.4673e-01
1.4020e+04,3.0537e-01,7.5262e-01,1.7503e+01,3.7452e+00,4.4681e-01
1.4030e+04,3.0502e-01,7.5235e-01,1.7503e+01,3.7455e+00,4.4690e-01
1.4040e+04,3.0468e-01,7.5209e-01,1.7503e+01,3.7458e+00,4.4699e-01
1.4050e+04,3.0433e-01,7.5183e-01,1.7503e+01,3.7460e+00,4.4707e-01
1.4060e+04,3.0398e-01,7.5157e-01,1.7503e+01,3.7463e+00,4.4716e-01
1.4070e+04,3.0363e-01,7.5131e-01,1.7503e+01,3.7465e+00,4.4725e-01
1.4080e+04,3.0329e-01,7.5105e-01,1.7503e+01,3.7468e+00,4.4733e-01
1.4090e+04,3.0294e-01,7.5079e-01,1.7503e+01,3.7471e+00,4.4742e-01
1.4100e+04,3.0260e-01,7.5053e-01,1.7503e+01,3.7473e+00,4.4751e-01
1.4110e+04,3.0225e-01,7.5027e-01,1.7503e+01,3.7476e+00,4.4759e-01
1.4120e+04,3.0191e-01,7.5002e-01,1.7503e+01,3.7478e+00,4.4768e-01
1.4130e+04,3.0156e-01,7.4976e-01,1.7503e+01,3.7481e+00,4.4776e-01
1.4140e+04,3.0122e-01,7.4950e-01,1.7503e+01,3.7484e+00,4.4785e-01
1.4150e+04,3.0088e-01,7.4924e-01,1.7503e+01,3.7486e+00,4.4794e-01
1.4160e+04,3.0054e-01,7.4899e-01,1.7503e+01,3.7489e+00,4.4802e-01
1.4170e+04,3.0019e-01,7.4873e-01,1.7503e+01,3.7491e+00,4.4811e-01
1.4180e+04,2.9985e-01,7.4847e-01,1.7503e+01,3.7494e+00,4.4819e-01
1.4190e+04,2.9951e-01,7.4822e-01,1.7503e+01,3.7496e+00,4.4828e-01
1.4200e+04,2.9917e-01,7.4796e-01,1.7503e+01,3.7499e+00,4.4836e-01
1.4210e+04,2.9883e-01,7.4771e-01,1.7503e+01,3.7501e+00,4.4845e-01
1.4220e+04,2.9849e-01,7.4745e-01,1.7503e+01,3.7504e+00,4.4853e-01
1.4230e+04,2.9815e-01,7.4720e-01,1.7503e+01,3.7507e+00,4.4862e-01
1.4240e+04,2.9781e-01,7.4694e-01,1.7503e+01,3.7509e+00,4.4870e-01
1.4250e+04,2.9748e-01,7.4669e-01,1.7503e+01,3.7512e+00,4.4879e-01
1.4260e+04,2.9714e-01,7.4644e-01,1.7503e+01,3.7514e+00,4.4887e-01
1.4270e+04,2.9680e-01,7.4619e-01,1.7503e+01,3.7517e+00,4.4896e-01
1.4280e+04,2.9647e-01,7.4593e-01,1.7503e+01,3.7519e+00,4.4904e-01
1.4290e+04,2.9613e-01,7.4568e-01,1.7503e+01,3.7522e+00,4.4913e-01
1.4300e+04,2.9579e-01,7.4543e-01,1.7503e+01,3.7524e+00,4.4921e-01
1.4310e+04,2.9546e-01,7.4518e-01,1.7503e+01,3.7527e+00,4.4929e-01
1.4320e+04,2.9512e-01,7.4493e-01,1.7503e+01,3.7529e+00,4.4938e-01
1.4330e+04,2.9479e-01,7.4468e-01,1.7503e+01,3.7532e+00,4.4946e-01
1.4340e+04,2.9446e-01,7.4443e-01,1.7503e+01,3.7534e+00,4.4955e-01
1.4350e+04,2.9412e-01,7.4418e-01,1.7503e+01,3.7537e+00,4.4963e-01
1.4360e+04,2.9379e-01,7.4393e-01,1.7503e+01,3.7539e+00,4.4971e-01
1.4370e+04,2.9346e-01,7.4368e-01,1.7503e+01,3.7542e+00,4.4980e-01
1.4380e+04,2.9312e-01,7.4343e-01,1.7503e+01,3.7544e+00,4.4988e-01
1.4390e+04,2.9279e-01,7.4318e-01,1.7503e+01,3.7547e+00,4.4997e-01
