t,[L2M],[D],[L],[L2MD],[L2Ms]
0.0000e+00,4.5000e+00,9.0000e+00,1.2500e+01,0.0000e+00,0.0000e+00
1.0000e+01,4.4327e+00,8.9379e+00,1.2504e+01,6.1971e-02,1.7274e-03
2.0000e+01,4.3701e+00,8.8770e+00,1.2504e+01,1.2285e-01,3.4360e-03
3.0000e+01,4.3088e+00,8.8173e+00,1.2504e+01,1.8248e-01,5.1209e-03
4.0000e+01,4.2487e+00,8.7588e+00,1.2504e+01,2.4089e-01,6.7826e-03
5.0000e+01,4.1899e+00,8.7016e+00,1.2504e+01,2.9812e-01,8.4214e-03
6.0000e+01,4.1322e+00,8.6454e+00,1.2504e+01,3.5420e-01,1.0038e-02
7.0000e+01,4.0756e+00,8.5904e+00,1.2504e+01,4.0917e-01,1.1632e-02
8.0000e+01,4.0201e+00,8.5365e+00,1.2504e+01,4.6305e-01,1.3206e-02
9.0000e+01,3.9658e+00,8.4836e+00,1.2504e+01,5.1589e-01,1.4758e-02
1.0000e+02,3.9124e+00,8.4318e+00,1.2504e+01,5.6769e-01,1.6289e-02
1.1000e+02,3.8601e+00,8.3809e+00,1.2504e+01,6.1850e-01,1.7800e-02
1.2000e+02,3.8088e+00,8.3310e+00,1.2504e+01,6.6834e-01,1.9291e-02
1.3000e+02,3.7584e+00,8.2821e+00,1.2504e+01,7.1723e-01,2.0763e-02
1.4000e+02,3.7090e+00,8.2341e+00,1.2504e+01,7.6521e-01,2.2215e-02
1.5000e+02,3.6605e+00,8.1870e+00,1.2504e+01,8.1229e-01,2.3648e-02
1.6000e+02,3.6128e+00,8.1407e+00,1.2504e+01,8.5850e-01,2.5063e-02
1.7000e+02,3.5661e+00,8.0953e+00,1.2504e+01,9.0386e-01,2.6460e-02
1.8000e+02,3.5202e+00,8.0508e+00,1.2504e+01,9.4839e-01,2.7839e-02
1.9000e+02,3.4751e+00,8.0070e+00,1.2504e+01,9.9212e-01,2.9201e-02
2.0000e+02,3.4308e+00,7.9640e+00,1.2504e+01,1.0351e+00,3.0545e-02
2.1000e+02,3.3873e+00,7.9218e+00,1.2504e+01,1.0772e+00,3.1873e-02
2.2000e+02,3.3446e+00,7.8804e+00,1.2504e+01,1.1187e+00,3.3183e-02
2.3000e+02,3.3026e+00,7.8397e+00,1.2504e+01,1.1594e+00,3.4478e-02
2.4000e+02,3.2613e+00,7.7996e+00,1.2504e+01,1.1993e+00,3.5756e-02
2.5000e+02,3.2208e+00,7.7603e+00,1.2504e+01,1.2386e+00,3.7019e-02
2.6000e+02,3.1809e+00,7.7217e+00,1.2504e+01,1.2772e+00,3.8266e-02
2.7000e+02,3.1417e+00,7.6837e+00,1.2504e+01,1.3152e+00,3.9498e-02
2.8000e+02,3.1032e+00,7.6463e+00,1.2504e+01,1.3525e+00,4.0715e-02
2.9000e+02,3.0653e+00,7.6096e+00,1.2504e+01,1.3892e+00,4.1917e-02
3.0000e+02,3.0280e+00,7.5735e+00,1.2504e+01,1.4253e+00,4.3104e-02
3.1000e+02,2.9914e+00,7.5381e+00,1.2504e+01,1.4607e+00,4.4278e-02
3.2000e+02,2.9554e+00,7.5032e+00,1.2504e+01,1.4956e+00,4.5437e-02
3.3000e+02,2.9199e+00,7.4688e+00,1.2504e+01,1.5299e+00,4.6582e-02
3.4000e+02,2.8851e+00,7.4351e+00,1.2504e+01,1.5636e+00,4.7714e-02
3.5000e+02,2.8508e+00,7.4019e+00,1.2504e+01,1.5968e+00,4.8833e-02
3.6000e+02,2.8170e+00,7.3692e+00,1.2504e+01,1.6295e+00,4.9938e-02
3.7000e+02,2.7838e+00,7.3370e+00,1.2504e+01,1.6616e+00,5.1030e-02
3.8000e+02,2.7511e+00,7.3054e+00,1.2504e+01,1.6932e+00,5.2110e-02
3.9000e+02,2.7189e+00,7.2742e+00,1.2504e+01,1.7243e+00,5.3177e-02
4.0000e+02,2.6872e+00,7.2436e+00,1.2504e+01,1.7550e+00,5.4232e-02
4.1000e+02,2.6560e+00,7.2134e+00,1.2504e+01,1.7851e+00,5.5274e-02
4.2000e+02,2.6253e+00,7.1837e+00,1.2504e+01,1.8148e+00,5.6305e-02
4.3000e+02,2.5951e+00,7.1545e+00,1.2504e+01,1.8440e+00,5.7324e-02
4.4000e+02,2.5653e+00,7.1257e+00,1.2504e+01,1.8728e+00,5.8331e-02
4.5000e+02,2.5360e+00,7.0973e+00,1.2504e+01,1.9011e+00,5.9327e-02
4.6000e+02,2.5071e+00,7.0694e+00,1.2504e+01,1.9290e+00,6.0311e-02
4.7000e+02,2.4787e+00,7.0419e+00,1.2504e+01,1.9565e+00,6.1285e-02
4.8000e+02,2.4506e+00,7.0149e+00,1.2504e+01,1.9835e+00,6.2247e-02
4.9000e+02,2.4230e+00,6.9882e+00,1.2504e+01,2.0102e+00,6.3199e-02
5.0000e+02,2.3958e+00,6.9619e+00,1.2504e+01,2.0364e+00,6.4140e-02
5.1000e+02,2.3691e+00,6.9360e+00,1.2504e+01,2.0623e+00,6.5070e-02
5.2000e+02,2.3426e+00,6.9105e+00,1.2504e+01,2.0878e+00,6.5990e-02
5.3000e+02,2.3166e+00,6.8854e+00,1.2504e+01,2.1129e+00,6.6900e-02
5.4000e+02,2.2910e+00,6.8606e+00,1.2504e+01,2.1376e+00,6.7800e-02
5.5000e+02,2.2657e+00,6.8362e+00,1.2504e+01,2.1620e+00,6.8691e-02
5.6000e+02,2.2408e+00,6.8122e+00,1.2504e+01,2.1860e+00,6.9571e-02
5.7000e+02,2.2162e+00,6.7885e+00,1.2504e+01,2.2097e+00,7.0442e-02
5.8000e+02,2.1920e+00,6.7651e+00,1.2504e+01,2.2331e+00,7.1303e-02
5.9000e+02,2.1682e+00,6.7421e+00,1.2504e+01,2.2561e+00,7.2155e-02
6.0000e+02,2.1446e+00,6.7194e+00,1.2504e+01,2.2788e+00,7.2998e-02
6.1000e+02,2.1214e+00,6.6970e+00,1.2504e+01,2.3012e+00,7.3832e-02
6.2000e+02,2.0985e+00,6.6749e+00,1.2504e+01,2.3232e+00,7.4657e-02
6.3000e+02,2.0760e+00,6.6531e+00,1.2504e+01,2.3450e+00,7.5473e-02
6.4000e+02,2.0537e+00,6.6317e+00,1.2504e+01,2.3664e+00,7.6280e-02
6.5000e+02,2.0318e+00,6.6105e+00,1.2504e+01,2.3876e+00,7.7078e-02
6.6000e+02,2.0101e+00,6.5896e+00,1.2504e+01,2.4084e+00,7.7869e-02
6.7000e+02,1.9888e+00,6.5690e+00,1.2504e+01,2.4290e+00,7.8651e-02
6.8000e+02,1.9677e+00,6.5487e+00,1.2504e+01,2.4493e+00,7.9424e-02
6.9000e+02,1.9469e+00,6.5287e+00,1.2504e+01,2.4693e+00,8.0190e-02
7.0000e+02,1.9264e+00,6.5089e+00,1.2504e+01,2.4891e+00,8.0947e-02
7.1000e+02,1.9062e+00,6.4894e+00,1.2504e+01,2.5086e+00,8.1697e-02
7.2000e+02,1.8862e+00,6.4702e+00,1.2504e+01,2.5278e+00,8.2438e-02
7.3000e+02,1.8665e+00,6.4512e+00,1.2504e+01,2.5467e+00,8.3172e-02
7.4000e+02,1.8470e+00,6.4325e+00,1.2504e+01,2.5655e+00,8.3899e-02
7.5000e+02,1.8279e+00,6.4140e+00,1.2504e+01,2.5839e+00,8.4617e-02
7.6000e+02,1.8089e+00,6.3957e+00,1.2504e+01,2.6022e+00,8.5329e-02
7.7000e+02,1.7902e+00,6.3777e+00,1.2504e+01,2.6201e+00,8.6033e-02
7.8000e+02,1.7718e+00,6.3600e+00,1.2504e+01,2.6379e+00,8.6730e-02
7.9000e+02,1.7536e+00,6.3424e+00,1.2504e+01,2.6554e+00,8.7420e-02
8.0000e+02,1.7356e+00,6.3251e+00,1.2504e+01,2.6727e+00,8.8102e-02
8.1000e+02,1.7178e+00,6.3080e+00,1.2504e+01,2.6898e+00,8.8778e-02
8.2000e+02,1.7003e+00,6.2912e+00,1.2504e+01,2.7066e+00,8.9447e-02
8.3000e+02,1.6830e+00,6.2745e+00,1.2504e+01,2.7233e+00,9.0109e-02
8.4000e+02,1.6659e+00,6.2581e+00,1.2504e+01,2.7397e+00,9.0765e-02
8.5000e+02,1.6491e+00,6.2418e+00,1.2504e+01,2.7559e+00,9.1413e-02
8.6000e+02,1.6324e+00,6.2258e+00,1.2504e+01,2.7720e+00,9.2056e-02
8.7000e+02,1.6159e+00,6.2100e+00,1.2504e+01,2.7878e+00,9.2691e-02
8.8000e+02,1.5997e+00,6.1944e+00,1.2504e+01,2.8034e+00,9.3321e-02
8.9000e+02,1.5837e+00,6.1789e+00,1.2504e+01,2.8188e+00,9.3944e-02
9.0000e+02,1.5678e+00,6.1637e+00,1.2504e+01,2.8340e+00,9.4561e-02
9.1000e+02,1.5522e+00,6.1486e+00,1.2504e+01,2.8491e+00,9.5172e-02
9.2000e+02,1.5367e+00,6.1338e+00,1.2504e+01,2.8639e+00,9.5777e-02
9.3000e+02,1.5214e+00,6.1191e+00,1.2504e+01,2.8786e+00,9.6375e-02
9.4000e+02,1.5063e+00,6.1046e+00,1.2504e+01,2.8931e+00,9.6968e-02
9.5000e+02,1.4914e+00,6.0902e+00,1.2504e+01,2.9074e+00,9.7555e-02
9.6000e+02,1.4767e+00,6.0761e+00,1.2504e+01,2.9216e+00,9.8136e-02
9.7000e+02,1.4622e+00,6.0621e+00,1.2504e+01,2.9355e+00,9.8712e-02
9.8000e+02,1.4478e+00,6.0483e+00,1.2504e+01,2.9493e+00,9.9282e-02
9.9000e+02,1.4336e+00,6.0346e+00,1.2504e+01,2.9630e+00,9.9846e-02
1.0000e+03,1.4196e+00,6.0212e+00,1.2504e+01,2.9764e+00,1.0040e-01
1.0100e+03,1.4057e+00,6.0078e+00,1.2504e+01,2.9898e+00,1.0096e-01
1.0200e+03,1.3920e+00,5.9947e+00,1.2504e+01,3.0029e+00,1.0151e-01
1.0300e+03,1.3784e+00,5.9817e+00,1.2504e+01,3.0159e+00,1.0205e-01
1.0400e+03,1.3651e+00,5.9688e+00,1.2504e+01,3.0288e+00,1.0259e-01
1.0500e+03,1.3518e+00,5.9561e+00,1.2504e+01,3.0414e+00,1.0312e-01
1.0600e+03,1.3388e+00,5.9435e+00,1.2504e+01,3.0540e+00,1.0365e-01
1.0700e+03,1.3258e+00,5.9311e+00,1.2504e+01,3.0664e+00,1.0417e-01
1.0800e+03,1.3131e+00,5.9189e+00,1.2504e+01,3.0786e+00,1.0468e-01
1.0900e+03,1.3005e+00,5.9068e+00,1.2504e+01,3.0908e+00,1.0520e-01
1.1000e+03,1.2880e+00,5.8948e+00,1.2504e+01,3.1027e+00,1.0570e-01
1.1100e+03,1.2756e+00,5.8829e+00,1.2504e+01,3.1146e+00,1.0621e-01
1.1200e+03,1.2634e+00,5.8712e+00,1.2504e+01,3.1263e+00,1.0670e-01
1.1300e+03,1.2514e+00,5.8597e+00,1.2504e+01,3.1378e+00,1.0720e-01
1.1400e+03,1.2395e+00,5.8482e+00,1.2504e+01,3.1492e+00,1.0768e-01
1.1500e+03,1.2277e+00,5.8369e+00,1.2504e+01,3.1605e+00,1.0817e-01
1.1600e+03,1.2160e+00,5.8257e+00,1.2504e+01,3.1717e+00,1.0865e-01
1.1700e+03,1.2045e+00,5.8147e+00,1.2504e+01,3.1828e+00,1.0912e-01
1.1800e+03,1.1931e+00,5.8038e+00,1.2504e+01,3.1937e+00,1.0959e-01
1.1900e+03,1.1819e+00,5.7929e+00,1.2504e+01,3.2045e+00,1.1006e-01
1.2000e+03,1.1707e+00,5.7823e+00,1.2504e+01,3.2151e+00,1.1052e-01
1.2100e+03,1.1597e+00,5.7717e+00,1.2504e+01,3.2257e+00,1.1097e-01
1.2200e+03,1.1488e+00,5.7613e+00,1.2504e+01,3.2361e+00,1.1143e-01
1.2300e+03,1.1381e+00,5.7509e+00,1.2504e+01,3.2465e+00,1.1188e-01
1.2400e+03,1.1274e+00,5.7407e+00,1.2504e+01,3.2567e+00,1.1232e-01
1.2500e+03,1.1169e+00,5.7306e+00,1.2504e+01,3.2668e+00,1.1276e-01
1.2600e+03,1.1065e+00,5.7206e+00,1.2504e+01,3.2767e+00,1.1320e-01
1.2700e+03,1.0962e+00,5.7107e+00,1.2504e+01,3.2866e+00,1.1363e-01
1.2800e+03,1.0860e+00,5.7010e+00,1.2504e+01,3.2964e+00,1.1406e-01
1.2900e+03,1.0759e+00,5.6913e+00,1.2504e+01,3.3060e+00,1.1448e-01
1.3000e+03,1.0659e+00,5.6817e+00,1.2504e+01,3.3156e+00,1.1490e-01
1.3100e+03,1.0561e+00,5.6723e+00,1.2504e+01,3.3250e+00,1.1531e-01
1.3200e+03,1.0463e+00,5.6629e+00,1.2504e+01,3.3344e+00,1.1573e-01
1.3300e+03,1.0366e+00,5.6537e+00,1.2504e+01,3.3436e+00,1.1614e-01
1.3400e+03,1.0271e+00,5.6445e+00,1.2504e+01,3.3528e+00,1.1654e-01
1.3500e+03,1.0176e+00,5.6355e+00,1.2504e+01,3.3618e+00,1.1694e-01
1.3600e+03,1.0083e+00,5.6265e+00,1.2504e+01,3.3708e+00,1.1734e-01
1.3700e+03,9.9905e-01,5.6177e+00,1.2504e+01,3.3796e+00,1.1773e-01
1.3800e+03,9.8990e-01,5.6089e+00,1.2504e+01,3.3884e+00,1.1812e-01
1.3900e+03,9.8085e-01,5.6002e+00,1.2504e+01,3.3970e+00,1.1851e-01
1.4000e+03,9.7190e-01,5.5916e+00,1.2504e+01,3.4056e+00,1.1889e-01
1.4100e+03,9.6304e-01,5.5832e+00,1.2504e+01,3.4141e+00,1.1927e-01
1.4200e+03,9.5427e-01,5.5748e+00,1.2504e+01,3.4225e+00,1.1965e-01
1.4300e+03,9.4559e-01,5.5665e+00,1.2504e+01,3.4308e+00,1.2002e-01
1.4400e+03,9.3701e-01,5.5582e+00,1.2504e+01,3.4390e+00,1.2039e-01
1.4500e+03,9.2851e-01,5.5501e+00,1.2504e+01,3.4471e+00,1.2075e-01
1.4600e+03,9.2011e-01,5.5420e+00,1.2504e+01,3.4552e+00,1.2112e-01
1.4700e+03,9.1179e-01,5.5341e+00,1.2504e+01,3.4631e+00,1.2148e-01
1.4800e+03,9.0355e-01,5.5262e+00,1.2504e+01,3.4710e+00,1.2183e-01
1.4900e+03,8.9541e-01,5.5184e+00,1.2504e+01,3.4788e+00,1.2219e-01
1.5000e+03,8.8734e-01,5.5107e+00,1.2504e+01,3.4865e+00,1.2254e-01
1.5100e+03,8.7936e-01,5.5030e+00,1.2504e+01,3.4942e+00,1.2288e-01
1.5200e+03,8.7146e-01,5.4955e+00,1.2504e+01,3.5017e+00,1.2323e-01
1.5300e+03,8.6364e-01,5.4880e+00,1.2504e+01,3.5092e+00,1.2357e-01
1.5400e+03,8.5591e-01,5.4806e+00,1.2504e+01,3.5166e+00,1.2390e-01
1.5500e+03,8.4825e-01,5.4733e+00,1.2504e+01,3.5239e+00,1.2424e-01
1.5600e+03,8.4067e-01,5.4660e+00,1.2504e+01,3.5312e+00,1.2457e-01
1.5700e+03,8.3316e-01,5.4588e+00,1.2504e+01,3.5383e+00,1.2490e-01
1.5800e+03,8.2573e-01,5.4517e+00,1.2504e+01,3.5454e+00,1.2522e-01
1.5900e+03,8.1838e-01,5.4447e+00,1.2504e+01,3.5525e+00,1.2555e-01
1.6000e+03,8.1110e-01,5.4377e+00,1.2504e+01,3.5594e+00,1.2587e-01
1.6100e+03,8.0390e-01,5.4308e+00,1.2504e+01,3.5663e+00,1.2618e-01
1.6200e+03,7.9676e-01,5.4240e+00,1.2504e+01,3.5731e+00,1.2650e-01
1.6300e+03,7.8970e-01,5.4172e+00,1.2504e+01,3.5799e+00,1.2681e-01
1.6400e+03,7.8271e-01,5.4105e+00,1.2504e+01,3.5866e+00,1.2712e-01
1.6500e+03,7.7579e-01,5.4039e+00,1.2504e+01,3.5932e+00,1.2742e-01
1.6600e+03,7.6894e-01,5.3974e+00,1.2504e+01,3.5997e+00,1.2773e-01
1.6700e+03,7.6216e-01,5.3909e+00,1.2504e+01,3.6062e+00,1.2803e-01
1.6800e+03,7.5544e-01,5.3845e+00,1.2504e+01,3.6126e+00,1.2832e-01
1.6900e+03,7.4879e-01,5.3781e+00,1.2504e+01,3.6190e+00,1.2862e-01
1.7000e+03,7.4221e-01,5.3718e+00,1.2504e+01,3.6253e+00,1.2891e-01
1.7100e+03,7.3569e-01,5.3656e+00,1.2504e+01,3.6315e+00,1.2920e-01
1.7200e+03,7.2923e-01,5.3594e+00,1.2504e+01,3.6377e+00,1.2949e-01
1.7300e+03,7.2284e-01,5.3533e+00,1.2504e+01,3.6438e+00,1.2977e-01
1.7400e+03,7.1651e-01,5.3472e+00,1.2504e+01,3.6498e+00,1.3006e-01
1.7500e+03,7.1025e-01,5.3412e+00,1.2504e+01,3.6558e+00,1.3034e-01
1.7600e+03,7.0404e-01,5.3353e+00,1.2504e+01,3.6617e+00,1.3061e-01
1.7700e+03,6.9790e-01,5.3294e+00,1.2504e+01,3.6676e+00,1.3089e-01
1.7800e+03,6.9181e-01,5.3236e+00,1.2504e+01,3.6734e+00,1.3116e-01
1.7900e+03,6.8579e-01,5.3179e+00,1.2504e+01,3.6792e+00,1.3143e-01
1.8000e+03,6.7982e-01,5.3122e+00,1.2504e+01,3.6849e+00,1.3170e-01
1.8100e+03,6.7391e-01,5.3065e+00,1.2504e+01,3.6905e+00,1.3197e-01
1.8200e+03,6.6806e-01,5.3009e+00,1.2504e+01,3.6961e+00,1.3223e-01
1.8300e+03,6.6226e-01,5.2954e+00,1.2504e+01,3.7016e+00,1.3249e-01
1.8400e+03,6.5652e-01,5.2899e+00,1.2504e+01,3.7071e+00,1.3275e-01
1.8500e+03,6.5084e-01,5.2845e+00,1.2504e+01,3.7126e+00,1.3301e-01
1.8600e+03,6.4521e-01,5.2791e+00,1.2504e+01,3.7179e+00,1.3326e-01
1.8700e+03,6.3963e-01,5.2738e+00,1.2504e+01,3.7233e+00,1.3351e-01
1.8800e+03,6.3411e-01,5.2685e+00,1.2504e+01,3.7285e+00,1.3376e-01
1.8900e+03,6.2864e-01,5.2633e+00,1.2504e+01,3.7338e+00,1.3401e-01
1.9000e+03,6.2322e-01,5.2581e+00,1.2504e+01,3.7389e+00,1.3426e-01
1.9100e+03,6.1786e-01,5.2530e+00,1.2504e+01,3.7440e+00,1.3450e-01
1.9200e+03,6.1254e-01,5.2479e+00,1.2504e+01,3.7491e+00,1.3474e-01
1.9300e+03,6.0728e-01,5.2428e+00,1.2504e+01,3.7541e+00,1.3498e-01
1.9400e+03,6.0206e-01,5.2379e+00,1.2504e+01,3.7591e+00,1.3522e-01
1.9500e+03,5.9690e-01,5.2329e+00,1.2504e+01,3.7641e+00,1.3545e-01
1.9600e+03,5.9178e-01,5.2280e+00,1.2504e+01,3.7689e+00,1.3569e-01
1.9700e+03,5.8671e-01,5.2232e+00,1.2504e+01,3.7738e+00,1.3592e-01
1.9800e+03,5.8169e-01,5.2184e+00,1.2504e+01,3.7786e+00,1.3615e-01
1.9900e+03,5.7672e-01,5.2137e+00,1.2504e+01,3.7833e+00,1.3638e-01
2.0000e+03,5.7179e-01,5.2090e+00,1.2504e+01,3.7880e+00,1.3660e-01
2.0100e+03,5.6691e-01,5.2043e+00,1.2504e+01,3.7927e+00,1.3683e-01
2.0200e+03,5.6208e-01,5.1997e+00,1.2504e+01,3.7973e+00,1.3705e-01
2.0300e+03,5.5729e-01,5.1951e+00,1.2504e+01,3.8018e+00,1.3727e-01
2.0400e+03,5.5255e-01,5.1906e+00,1.2504e+01,3.8064e+00,1.3748e-01
2.0500e+03,5.4784e-01,5.1861e+00,1.2504e+01,3.8109e+00,1.3770e-01
2.0600e+03,5.4319e-01,5.1816e+00,1.2504e+01,3.8153e+00,1.3791e-01
2.0700e+03,5.3857e-01,5.1772e+00,1.2504e+01,3.8197e+00,1.3813e-01
2.0800e+03,5.3400e-01,5.1729e+00,1.2504e+01,3.8241e+00,1.3834e-01
2.0900e+03,5.2948e-01,5.1685e+00,1.2504e+01,3.8284e+00,1.3855e-01
2.1000e+03,5.2499e-01,5.1643e+00,1.2504e+01,3.8327e+00,1.3875e-01
2.1100e+03,5.2054e-01,5.1600e+00,1.2504e+01,3.8369e+00,1.3896e-01
2.1200e+03,5.1614e-01,5.1558e+00,1.2504e+01,3.8411e+00,1.3916e-01
2.1300e+03,5.1178e-01,5.1517e+00,1.2504e+01,3.8453e+00,1.3936e-01
2.1400e+03,5.0745e-01,5.1475e+00,1.2504e+01,3.8494e+00,1.3956e-01
2.1500e+03,5.0317e-01,5.1434e+00,1.2504e+01,3.8535e+00,1.3976e-01
2.1600e+03,4.9892e-01,5.1394e+00,1.2504e+01,3.8575e+00,1.3996e-01
2.1700e+03,4.9472e-01,5.1354e+00,1.2504e+01,3.8615e+00,1.4016e-01
2.1800e+03,4.9055e-01,5.1314e+00,1.2504e+01,3.8655e+00,1.4035e-01
2.1900e+03,4.8642e-01,5.1275e+00,1.2504e+01,3.8694e+00,1.4054e-01
2.2000e+03,4.8233e-01,5.1236e+00,1.2504e+01,3.8733e+00,1.4073e-01
2.2100e+03,4.7828e-01,5.1197e+00,1.2504e+01,3.8772e+00,1.4092e-01
2.2200e+03,4.7426e-01,5.1159e+00,1.2504e+01,3.8810e+00,1.4111e-01
2.2300e+03,4.7028e-01,5.1121e+00,1.2504e+01,3.8848e+00,1.4129e-01
2.2400e+03,4.6634e-01,5.1083e+00,1.2504e+01,3.8886e+00,1.4148e-01
2.2500e+03,4.6243e-01,5.1046e+00,1.2504e+01,3.8923e+00,1.4166e-01
2.2600e+03,4.5855e-01,5.1009e+00,1.2504e+01,3.8960e+00,1.4184e-01
2.2700e+03,4.5472e-01,5.0972e+00,1.2504e+01,3.8997e+00,1.4202e-01
2.2800e+03,4.5091e-01,5.0936e+00,1.2504e+01,3.9033e+00,1.4220e-01
2.2900e+03,4.4714e-01,5.0900e+00,1.2504e+01,3.9069e+00,1.4237e-01
2.3000e+03,4.4341e-01,5.0864e+00,1.2504e+01,3.9104e+00,1.4255e-01
2.3100e+03,4.3971e-01,5.0829e+00,1.2504e+01,3.9140e+00,1.4272e-01
2.3200e+03,4.3604e-01,5.0794e+00,1.2504e+01,3.9175e+00,1.4289e-01
2.3300e+03,4.3240e-01,5.0759e+00,1.2504e+01,3.9209e+00,1.4306e-01
2.3400e+03,4.2880e-01,5.0725e+00,1.2504e+01,3.9244e+00,1.4323e-01
2.3500e+03,4.2523e-01,5.0691e+00,1.2504e+01,3.9278e+00,1.4340e-01
2.3600e+03,4.2169e-01,5.0657e+00,1.2504e+01,3.9311e+00,1.4357e-01
2.3700e+03,4.1818e-01,5.0624e+00,1.2504e+01,3.9345e+00,1.4373e-01
2.3800e+03,4.1471e-01,5.0590e+00,1.2504e+01,3.9378e+00,1.4390e-01
2.3900e+03,4.1126e-01,5.0558e+00,1.2504e+01,3.9411e+00,1.4406e-01
2.4000e+03,4.0785e-01,5.0525e+00,1.2504e+01,3.9443e+00,1.4422e-01
2.4100e+03,4.0446e-01,5.0493e+00,1.2504e+01,3.9476e+00,1.4438e-01
2.4200e+03,4.0111e-01,5.0461e+00,1.2504e+01,3.9508e+00,1.4454e-01
2.4300e+03,3.9779e-01,5.0429e+00,1.2504e+01,3.9539e+00,1.4469e-01
2.4400e+03,3.9449e-01,5.0398e+00,1.2504e+01,3.9571e+00,1.4485e-01
2.4500e+03,3.9123e-01,5.0367e+00,1.2504e+01,3.9602e+00,1.4500e-01
2.4600e+03,3.8799e-01,5.0336e+00,1.2504e+01,3.9633e+00,1.4516e-01
2.4700e+03,3.8478e-01,5.0305e+00,1.2504e+01,3.9663e+00,1.4531e-01
2.4800e+03,3.8160e-01,5.0275e+00,1.2504e+01,3.9693e+00,1.4546e-01
2.4900e+03,3.7845e-01,5.0245e+00,1.2504e+01,3.9723e+00,1.4561e-01
2.5000e+03,3.7533e-01,5.0215e+00,1.2504e+01,3.9753e+00,1.4576e-01
2.5100e+03,3.7223e-01,5.0185e+00,1.2504e+01,3.9783e+00,1.4590e-01
2.5200e+03,3.6916e-01,5.0156e+00,1.2504e+01,3.9812e+00,1.4605e-01
2.5300e+03,3.6612e-01,5.0127e+00,1.2504e+01,3.9841e+00,1.4619e-01
2.5400e+03,3.6311e-01,5.0098e+00,1.2504e+01,3.9870e+00,1.4634e-01
2.5500e+03,3.6012e-01,5.0070e+00,1.2504e+01,3.9898e+00,1.4648e-01
2.5600e+03,3.5715e-01,5.0042e+00,1.2504e+01,3.9926e+00,1.4662e-01
2.5700e+03,3.5422e-01,5.0014e+00,1.2504e+01,3.9954e+00,1.4676e-01
2.5800e+03,3.5131e-01,4.9986e+00,1.2504e+01,3.9982e+00,1.4690e-01
2.5900e+03,3.4842e-01,4.9958e+00,1.2504e+01,4.0009e+00,1.4704e-01
2.6000e+03,3.4556e-01,4.9931e+00,1.2504e+01,4.0037e+00,1.4717e-01
2.6100e+03,3.4272e-01,4.9904e+00,1.2504e+01,4.0064e+00,1.4731e-01
2.6200e+03,3.3991e-01,4.9877e+00,1.2504e+01,4.0090e+00,1.4744e-01
2.6300e+03,3.3713e-01,4.9851e+00,1.2504e+01,4.0117e+00,1.4758e-01
2.6400e+03,3.3436e-01,4.9825e+00,1.2504e+01,4.0143e+00,1.4771e-01
2.6500e+03,3.3163e-01,4.9798e+00,1.2504e+01,4.0169e+00,1.4784e-01
2.6600e+03,3.2891e-01,4.9773e+00,1.2504e+01,4.0195e+00,1.4797e-01
2.6700e+03,3.2622e-01,4.9747e+00,1.2504e+01,4.0221e+00,1.4810e-01
2.6800e+03,3.2355e-01,4.9721e+00,1.2504e+01,4.0246e+00,1.4822e-01
2.6900e+03,3.2091e-01,4.9696e+00,1.2504e+01,4.0271e+00,1.4835e-01
2.7000e+03,3.1829e-01,4.9671e+00,1.2504e+01,4.0296e+00,1.4848e-01
2.7100e+03,3.1569e-01,4.9647e+00,1.2504e+01,4.0321e+00,1.4860e-01
2.7200e+03,3.1311e-01,4.9622e+00,1.2504e+01,4.0346e+00,1.4872e-01
2.7300e+03,3.1056e-01,4.9598e+00,1.2504e+01,4.0370e+00,1.4885e-01
2.7400e+03,3.0802e-01,4.9574e+00,1.2504e+01,4.0394e+00,1.4897e-01
2.7500e+03,3.0551e-01,4.9550e+00,1.2504e+01,4.0418e+00,1.4909e-01
2.7600e+03,3.0302e-01,4.9526e+00,1.2504e+01,4.0442e+00,1.4921e-01
2.7700e+03,3.0055e-01,4.9502e+00,1.2504e+01,4.0465e+00,1.4933e-01
2.7800e+03,2.9811e-01,4.9479e+00,1.2504e+01,4.0489e+00,1.4945e-01
2.7900e+03,2.9568e-01,4.9456e+00,1.2504e+01,4.0512e+00,1.4956e-01
2.8000e+03,2.9328e-01,4.9433e+00,1.2504e+01,4.0534e+00,1.4968e-01
2.8100e+03,2.9089e-01,4.9410e+00,1.2504e+01,4.0557e+00,1.4979e-01
2.8200e+03,2.8853e-01,4.9388e+00,1.2504e+01,4.0580e+00,1.4991e-01
2.8300e+03,2.8619e-01,4.9365e+00,1.2504e+01,4.0602e+00,1.5002e-01
2.8400e+03,2.8386e-01,4.9343e+00,1.2504e+01,4.0624e+00,1.5013e-01
2.8500e+03,2.8156e-01,4.9321e+00,1.2504e+01,4.0646e+00,1.5024e-01
2.8600e+03,2.7927e-01,4.9300e+00,1.2504e+01,4.0668e+00,1.5035e-01
2.8700e+03,2.7701e-01,4.9278e+00,1.2504e+01,4.0689e+00,1.5046e-01
2.8800e+03,2.7476e-01,4.9257e+00,1.2504e+01,4.0711e+00,1.5057e-01
2.8900e+03,2.7254e-01,4.9235e+00,1.2504e+01,4.0732e+00,1.5068e-01
2.9000e+03,2.7033e-01,4.9214e+00,1.2504e+01,4.0753e+00,1.5078e-01
2.9100e+03,2.6814e-01,4.9194e+00,1.2504e+01,4.0774e+00,1.5089e-01
2.9200e+03,2.6597e-01,4.9173e+00,1.2504e+01,4.0794e+00,1.5100e-01
2.9300e+03,2.6382e-01,4.9152e+00,1.2504e+01,4.0815e+00,1.5110e-01
2.9400e+03,2.6169e-01,4.9132e+00,1.2504e+01,4.0835e+00,1.5120e-01
2.9500e+03,2.5957e-01,4.9112e+00,1.2504e+01,4.0855e+00,1.5131e-01
2.9600e+03,2.5747e-01,4.9092e+00,1.2504e+01,4.0875e+00,1.5141e-01
2.9700e+03,2.5539e-01,4.9072e+00,1.2504e+01,4.0895e+00,1.5151e-01
2.9800e+03,2.5333e-01,4.9053e+00,1.2504e+01,4.0915e+00,1.5161e-01
2.9900e+03,2.5129e-01,4.9033e+00,1.2504e+01,4.0934e+00,1.5171e-01
3.0000e+03,2.4926e-01,4.9014e+00,1.2504e+01,4.0953e+00,1.5181e-01
3.0100e+03,2.4725e-01,4.8995e+00,1.2504e+01,4.0973e+00,1.5190e-01
3.0200e+03,2.4525e-01,4.8976e+00,1.2504e+01,4.0992e+00,1.5200e-01
3.0300e+03,2.4328e-01,4.8957e+00,1.2504e+01,4.1010e+00,1.5210e-01
3.0400e+03,2.4132e-01,4.8938e+00,1.2504e+01,4.1029e+00,1.5219e-01
3.0500e+03,2.3937e-01,4.8920e+00,1.2504e+01,4.1047e+00,1.5229e-01
3.0600e+03,2.3745e-01,4.8901e+00,1.2504e+01,4.1066e+00,1.5238e-01
3.0700e+03,2.3554e-01,4.8883e+00,1.2504e+01,4.1084e+00,1.5247e-01
3.0800e+03,2.3364e-01,4.8865e+00,1.2504e+01,4.1102e+00,1.5256e-01
3.0900e+03,2.3176e-01,4.8847e+00,1.2504e+01,4.1120e+00,1.5266e-01
3.1000e+03,2.2990e-01,4.8829e+00,1.2504e+01,4.1138e+00,1.5275e-01
3.1100e+03,2.2805e-01,4.8812e+00,1.2504e+01,4.1155e+00,1.5284e-01
3.1200e+03,2.2622e-01,4.8794e+00,1.2504e+01,4.1173e+00,1.5293e-01
3.1300e+03,2.2440e-01,4.8777e+00,1.2504e+01,4.1190e+00,1.5301e-01
3.1400e+03,2.2260e-01,4.8760e+00,1.2504e+01,4.1207e+00,1.5310e-01
3.1500e+03,2.2081e-01,4.8743e+00,1.2504e+01,4.1224e+00,1.5319e-01
3.1600e+03,2.1904e-01,4.8726e+00,1.2504e+01,4.1241e+00,1.5328e-01
3.1700e+03,2.1728e-01,4.8709e+00,1.2504e+01,4.1258e+00,1.5336e-01
3.1800e+03,2.1554e-01,4.8693e+00,1.2504e+01,4.1274e+00,1.5345e-01
3.1900e+03,2.1381e-01,4.8676e+00,1.2504e+01,4.1291e+00,1.5353e-01
3.2000e+03,2.1210e-01,4.8660e+00,1.2504e+01,4.1307e+00,1.5361e-01
3.2100e+03,2.1040e-01,4.8644e+00,1.2504e+01,4.1323e+00,1.5370e-01
3.2200e+03,2.0871e-01,4.8628e+00,1.2504e+01,4.1339e+00,1.5378e-01
3.2300e+03,2.0704e-01,4.8612e+00,1.2504e+01,4.1355e+00,1.5386e-01
3.2400e+03,2.0539e-01,4.8596e+00,1.2504e+01,4.1371e+00,1.5394e-01
3.2500e+03,2.0374e-01,4.8580e+00,1.2504e+01,4.1386e+00,1.5402e-01
3.2600e+03,2.0211e-01,4.8565e+00,1.2504e+01,4.1402e+00,1.5410e-01
3.2700e+03,2.0050e-01,4.8550e+00,1.2504e+01,4.1417e+00,1.5418e-01
3.2800e+03,1.9889e-01,4.8534e+00,1.2504e+01,4.1433e+00,1.5426e-01
3.2900e+03,1.9730e-01,4.8519e+00,1.2504e+01,4.1448e+00,1.5434e-01
3.3000e+03,1.9573e-01,4.8504e+00,1.2504e+01,4.1463e+00,1.5442e-01
3.3100e+03,1.9416e-01,4.8489e+00,1.2504e+01,4.1477e+00,1.5449e-01
3.3200e+03,1.9261e-01,4.8475e+00,1.2504e+01,4.1492e+00,1.5457e-01
3.3300e+03,1.9108e-01,4.8460e+00,1.2504e+01,4.1507e+00,1.5464e-01
3.3400e+03,1.8955e-01,4.8445e+00,1.2504e+01,4.1521e+00,1.5472e-01
3.3500e+03,1.8804e-01,4.8431e+00,1.2504e+01,4.1536e+00,1.5479e-01
3.3600e+03,1.8654e-01,4.8417e+00,1.2504e+01,4.1550e+00,1.5487e-01
3.3700e+03,1.8505e-01,4.8403e+00,1.2504e+01,4.1564e+00,1.5494e-01
3.3800e+03,1.8358e-01,4.8389e+00,1.2504e+01,4.1578e+00,1.5501e-01
3.3900e+03,1.8211e-01,4.8375e+00,1.2504e+01,4.1592e+00,1.5508e-01
3.4000e+03,1.8066e-01,4.8361e+00,1.2504e+01,4.1606e+00,1.5516e-01
3.4100e+03,1.7922e-01,4.8347e+00,1.2504e+01,4.1620e+00,1.5523e-01
3.4200e+03,1.7779e-01,4.8334e+00,1.2504e+01,4.1633e+00,1.5530e-01
3.4300e+03,1.7638e-01,4.8320e+00,1.2504e+01,4.1647e+00,1.5537e-01
3.4400e+03,1.7497e-01,4.8307e+00,1.2504e+01,4.1660e+00,1.5544e-01
3.4500e+03,1.7358e-01,4.8293e+00,1.2504e+01,4.1673e+00,1.5550e-01
3.4600e+03,1.7220e-01,4.8280e+00,1.2504e+01,4.1686e+00,1.5557e-01
3.4700e+03,1.7083e-01,4.8267e+00,1.2504e+01,4.1699e+00,1.5564e-01
3.4800e+03,1.6947e-01,4.8254e+00,1.2504e+01,4.1712e+00,1.5571e-01
3.4900e+03,1.6813e-01,4.8242e+00,1.2504e+01,4.1725e+00,1.5577e-01
3.5000e+03,1.6679e-01,4.8229e+00,1.2504e+01,4.1738e+00,1.5584e-01
3.5100e+03,1.6546e-01,4.8216e+00,1.2504e+01,4.1750e+00,1.5590e-01
3.5200e+03,1.6415e-01,4.8204e+00,1.2504e+01,4.1763e+00,1.5597e-01
3.5300e+03,1.6285e-01,4.8191e+00,1.2504e+01,4.1775e+00,1.5603e-01
3.5400e+03,1.6155e-01,4.8179e+00,1.2504e+01,4.1788e+00,1.5610e-01
3.5500e+03,1.6027e-01,4.8167e+00,1.2504e+01,4.1800e+00,1.5616e-01
3.5600e+03,1.5900e-01,4.8155e+00,1.2504e+01,4.1812e+00,1.5622e-01
3.5700e+03,1.5774e-01,4.8143e+00,1.2504e+01,4.1824e+00,1.5628e-01
3.5800e+03,1.5649e-01,4.8131e+00,1.2504e+01,4.1836e+00,1.5635e-01
3.5900e+03,1.5525e-01,4.8119e+00,1.2504e+01,4.1848e+00,1.5641e-01
3.6000e+03,1.5401e-01,4.8107e+00,1.2504e+01,4.1859e+00,1.5647e-01
3.6100e+03,1.5279e-01,4.8096e+00,1.2504e+01,4.1871e+00,1.5653e-01
3.6200e+03,1.5158e-01,4.8084e+00,1.2504e+01,4.1882e+00,1.5659e-01
3.6300e+03,1.5038e-01,4.8073e+00,1.2504e+01,4.1894e+00,1.5665e-01
3.6400e+03,1.4919e-01,4.8061e+00,1.2504e+01,4.1905e+00,1.5671e-01
3.6500e+03,1.4801e-01,4.8050e+00,1.2504e+01,4.1916e+00,1.5677e-01
3.6600e+03,1.4684e-01,4.8039e+00,1.2504e+01,4.1927e+00,1.5682e-01
3.6700e+03,1.4567e-01,4.8028e+00,1.2504e+01,4.1938e+00,1.5688e-01
3.6800e+03,1.4452e-01,4.8017e+00,1.2504e+01,4.1949e+00,1.5694e-01
3.6900e+03,1.4338e-01,4.8006e+00,1.2504e+01,4.1960e+00,1.5699e-01
3.7000e+03,1.4224e-01,4.7995e+00,1.2504e+01,4.1971e+00,1.5705e-01
3.7100e+03,1.4112e-01,4.7985e+00,1.2504e+01,4.1982e+00,1.5711e-01
3.7200e+03,1.4000e-01,4.7974e+00,1.2504e+01,4.1992e+00,1.5716e-01
3.7300e+03,1.3889e-01,4.7963e+00,1.2504e+01,4.2003e+00,1.5722e-01
3.7400e+03,1.3780e-01,4.7953e+00,1.2504e+01,4.2013e+00,1.5727e-01
3.7500e+03,1.3671e-01,4.7943e+00,1.2504e+01,4.2024e+00,1.5732e-01
3.7600e+03,1.3563e-01,4.7932e+00,1.2504e+01,4.2034e+00,1.5738e-01
3.7700e+03,1.3456e-01,4.7922e+00,1.2504e+01,4.2044e+00,1.5743e-01
3.7800e+03,1.3349e-01,4.7912e+00,1.2504e+01,4.2054e+00,1.5748e-01
3.7900e+03,1.3244e-01,4.7902e+00,1.2504e+01,4.2064e+00,1.5754e-01
3.8000e+03,1.3139e-01,4.7892e+00,1.2504e+01,4.2074e+00,1.5759e-01
3.8100e+03,1.3036e-01,4.7882e+00,1.2504e+01,4.2084e+00,1.5764e-01
3.8200e+03,1.2933e-01,4.7872e+00,1.2504e+01,4.2094e+00,1.5769e-01
3.8300e+03,1.2831e-01,4.7863e+00,1.2504e+01,4.2104e+00,1.5774e-01
3.8400e+03,1.2729e-01,4.7853e+00,1.2504e+01,4.2113e+00,1.5779e-01
3.8500e+03,1.2629e-01,4.7844e+00,1.2504e+01,4.2123e+00,1.5784e-01
3.8600e+03,1.2529e-01,4.7834e+00,1.2504e+01,4.2132e+00,1.5789e-01
3.8700e+03,1.2431e-01,4.7825e+00,1.2504e+01,4.2142e+00,1.5794e-01
3.8800e+03,1.2333e-01,4.7815e+00,1.2504e+01,4.2151e+00,1.5799e-01
3.8900e+03,1.2235e-01,4.7806e+00,1.2504e+01,4.2160e+00,1.5804e-01
3.9000e+03,1.2139e-01,4.7797e+00,1.2504e+01,4.2169e+00,1.5809e-01
3.9100e+03,1.2043e-01,4.7788e+00,1.2504e+01,4.2178e+00,1.5813e-01
3.9200e+03,1.1948e-01,4.7779e+00,1.2504e+01,4.2187e+00,1.5818e-01
3.9300e+03,1.1854e-01,4.7770e+00,1.2504e+01,4.2196e+00,1.5823e-01
3.9400e+03,1.1761e-01,4.7761e+00,1.2504e+01,4.2205e+00,1.5827e-01
3.9500e+03,1.1668e-01,4.7752e+00,1.2504e+01,4.2214e+00,1.5832e-01
3.9600e+03,1.1576e-01,4.7743e+00,1.2504e+01,4.2223e+00,1.5836e-01
3.9700e+03,1.1485e-01,4.7735e+00,1.2504e+01,4.2231e+00,1.5841e-01
3.9800e+03,1.1395e-01,4.7726e+00,1.2504e+01,4.2240e+00,1.5846e-01
3.9900e+03,1.1305e-01,4.7718e+00,1.2504e+01,4.2249e+00,1.5850e-01
4.0000e+03,1.1216e-01,4.7709e+00,1.2504e+01,4.2257e+00,1.5854e-01
4.0100e+03,1.1128e-01,4.7701e+00,1.2504e+01,4.2265e+00,1.5859e-01
4.0200e+03,1.1041e-01,4.7693e+00,1.2504e+01,4.2274e+00,1.5863e-01
4.0300e+03,1.0954e-01,4.7684e+00,1.2504e+01,4.2282e+00,1.5867e-01
4.0400e+03,1.0868e-01,4.7676e+00,1.2504e+01,4.2290e+00,1.5872e-01
4.0500e+03,1.0782e-01,4.7668e+00,1.2504e+01,4.2298e+00,1.5876e-01
4.0600e+03,1.0697e-01,4.7660e+00,1.2504e+01,4.2306e+00,1.5880e-01
4.0700e+03,1.0613e-01,4.7652e+00,1.2504e+01,4.2314e+00,1.5884e-01
4.0800e+03,1.0530e-01,4.7644e+00,1.2504e+01,4.2322e+00,1.5889e-01
4.0900e+03,1.0447e-01,4.7636e+00,1.2504e+01,4.2330e+00,1.5893e-01
4.1000e+03,1.0365e-01,4.7628e+00,1.2504e+01,4.2338e+00,1.5897e-01
4.1100e+03,1.0284e-01,4.7621e+00,1.2504e+01,4.2346e+00,1.5901e-01
4.1200e+03,1.0203e-01,4.7613e+00,1.2504e+01,4.2353e+00,1.5905e-01
4.1300e+03,1.0123e-01,4.7605e+00,1.2504e+01,4.2361e+00,1.5909e-01
4.1400e+03,1.0043e-01,4.7598e+00,1.2504e+01,4.2368e+00,1.5913e-01
4.1500e+03,9.9646e-02,4.7590e+00,1.2504e+01,4.2376e+00,1.5917e-01
4.1600e+03,9.8864e-02,4.7583e+00,1.2504e+01,4.2383e+00,1.5921e-01
4.1700e+03,9.8088e-02,4.7575e+00,1.2504e+01,4.2391e+00,1.5925e-01
4.1800e+03,9.7319e-02,4.7568e+00,1.2504e+01,4.2398e+00,1.5928e-01
4.1900e+03,9.6555e-02,4.7561e+00,1.2504e+01,4.2405e+00,1.5932e-01
4.2000e+03,9.5798e-02,4.7554e+00,1.2504e+01,4.2412e+00,1.5936e-01
4.2100e+03,9.5046e-02,4.7546e+00,1.2504e+01,4.2420e+00,1.5940e-01
4.2200e+03,9.4301e-02,4.7539e+00,1.2504e+01,4.2427e+00,1.5943e-01
4.2300e+03,9.3562e-02,4.7532e+00,1.2504e+01,4.2434e+00,1.5947e-01
4.2400e+03,9.2828e-02,4.7525e+00,1.2504e+01,4.2441e+00,1.5951e-01
4.2500e+03,9.2101e-02,4.7518e+00,1.2504e+01,4.2448e+00,1.5954e-01
4.2600e+03,9.1379e-02,4.7512e+00,1.2504e+01,4.2454e+00,1.5958e-01
4.2700e+03,9.0663e-02,4.7505e+00,1.2504e+01,4.2461e+00,1.5962e-01
4.2800e+03,8.9952e-02,4.7498e+00,1.2504e+01,4.2468e+00,1.5965e-01
4.2900e+03,8.9248e-02,4.7491e+00,1.2504e+01,4.2475e+00,1.5969e-01
4.3000e+03,8.8549e-02,4.7485e+00,1.2504e+01,4.2481e+00,1.5972e-01
4.3100e+03,8.7855e-02,4.7478e+00,1.2504e+01,4.2488e+00,1.5976e-01
4.3200e+03,8.7167e-02,4.7472e+00,1.2504e+01,4.2494e+00,1.5979e-01
4.3300e+03,8.6485e-02,4.7465e+00,1.2504e+01,4.2501e+00,1.5983e-01
4.3400e+03,8.5808e-02,4.7459e+00,1.2504e+01,4.2507e+00,1.5986e-01
4.3500e+03,8.5136e-02,4.7452e+00,1.2504e+01,4.2514e+00,1.5989e-01
4.3600e+03,8.4470e-02,4.7446e+00,1.2504e+01,4.2520e+00,1.5993e-01
4.3700e+03,8.3808e-02,4.7440e+00,1.2504e+01,4.2526e+00,1.5996e-01
4.3800e+03,8.3153e-02,4.7433e+00,1.2504e+01,4.2533e+00,1.5999e-01
4.3900e+03,8.2502e-02,4.7427e+00,1.2504e+01,4.2539e+00,1.6003e-01
4.4000e+03,8.1857e-02,4.7421e+00,1.2504e+01,4.2545e+00,1.6006e-01
4.4100e+03,8.1216e-02,4.7415e+00,1.2504e+01,4.2551e+00,1.6009e-01
4.4200e+03,8.0581e-02,4.7409e+00,1.2504e+01,4.2557e+00,1.6012e-01
4.4300e+03,7.9951e-02,4.7403e+00,1.2504e+01,4.2563e+00,1.6015e-01
4.4400e+03,7.9326e-02,4.7397e+00,1.2504e+01,4.2569e+00,1.6018e-01
4.4500e+03,7.8706e-02,4.7391e+00,1.2504e+01,4.2575e+00,1.6022e-01
4.4600e+03,7.8090e-02,4.7385e+00,1.2504e+01,4.2581e+00,1.6025e-01
4.4700e+03,7.7480e-02,4.7379e+00,1.2504e+01,4.2586e+00,1.6028e-01
4.4800e+03,7.6874e-02,4.7374e+00,1.2504e+01,4.2592e+00,1.6031e-01
4.4900e+03,7.6273e-02,4.7368e+00,1.2504e+01,4.2598e+00,1.6034e-01
4.5000e+03,7.5677e-02,4.7362e+00,1.2504e+01,4.2604e+00,1.6037e-01
4.5100e+03,7.5086e-02,4.7357e+00,1.2504e+01,4.2609e+00,1.6040e-01
4.5200e+03,7.4500e-02,4.7351e+00,1.2504e+01,4.2615e+00,1.6043e-01
4.5300e+03,7.3918e-02,4.7346e+00,1.2504e+01,4.2620e+00,1.6046e-01
4.5400e+03,7.3340e-02,4.7340e+00,1.2504e+01,4.2626e+00,1.6048e-01
4.5500e+03,7.2767e-02,4.7335e+00,1.2504e+01,4.2631e+00,1.6051e-01
4.5600e+03,7.2199e-02,4.7329e+00,1.2504e+01,4.2637e+00,1.6054e-01
4.5700e+03,7.1635e-02,4.7324e+00,1.2504e+01,4.2642e+00,1.6057e-01
4.5800e+03,7.1076e-02,4.7319e+00,1.2504e+01,4.2647e+00,1.6060e-01
4.5900e+03,7.0521e-02,4.7313e+00,1.2504e+01,4.2653e+00,1.6063e-01
4.6000e+03,6.9971e-02,4.7308e+00,1.2504e+01,4.2658e+00,1.6065e-01
4.6100e+03,6.9425e-02,4.7303e+00,1.2504e+01,4.2663e+00,1.6068e-01
4.6200e+03,6.8883e-02,4.7298e+00,1.2504e+01,4.2668e+00,1.6071e-01
4.6300e+03,6.8345e-02,4.7293e+00,1.2504e+01,4.2673e+00,1.6073e-01
4.6400e+03,6.7812e-02,4.7288e+00,1.2504e+01,4.2678e+00,1.6076e-01
4.6500e+03,6.7283e-02,4.7283e+00,1.2504e+01,4.2683e+00,1.6079e-01
4.6600e+03,6.6758e-02,4.7278e+00,1.2504e+01,4.2688e+00,1.6081e-01
4.6700e+03,6.6237e-02,4.7273e+00,1.2504e+01,4.2693e+00,1.6084e-01
4.6800e+03,6.5721e-02,4.7268e+00,1.2504e+01,4.2698e+00,1.6087e-01
4.6900e+03,6.5208e-02,4.7263e+00,1.2504e+01,4.2703e+00,1.6089e-01
4.7000e+03,6.4700e-02,4.7258e+00,1.2504e+01,4.2708e+00,1.6092e-01
4.7100e+03,6.4195e-02,4.7253e+00,1.2504e+01,4.2713e+00,1.6094e-01
4.7200e+03,6.3695e-02,4.7248e+00,1.2504e+01,4.2717e+00,1.6097e-01
4.7300e+03,6.3198e-02,4.7244e+00,1.2504e+01,4.2722e+00,1.6099e-01
4.7400e+03,6.2706e-02,4.7239e+00,1.2504e+01,4.2727e+00,1.6102e-01
4.7500e+03,6.2217e-02,4.7234e+00,1.2504e+01,4.2731e+00,1.6104e-01
4.7600e+03,6.1732e-02,4.7230e+00,1.2504e+01,4.2736e+00,1.6107e-01
4.7700e+03,6.1251e-02,4.7225e+00,1.2504e+01,4.2741e+00,1.6109e-01
4.7800e+03,6.0774e-02,4.7221e+00,1.2504e+01,4.2745e+00,1.6112e-01
4.7900e+03,6.0300e-02,4.7216e+00,1.2504e+01,4.2750e+00,1.6114e-01
4.8000e+03,5.9830e-02,4.7212e+00,1.2504e+01,4.2754e+00,1.6116e-01
4.8100e+03,5.9364e-02,4.7207e+00,1.2504e+01,4.2759e+00,1.6119e-01
4.8200e+03,5.8902e-02,4.7203e+00,1.2504e+01,4.2763e+00,1.6121e-01
4.8300e+03,5.8443e-02,4.7199e+00,1.2504e+01,4.2767e+00,1.6123e-01
4.8400e+03,5.7988e-02,4.7194e+00,1.2504e+01,4.2772e+00,1.6126e-01
4.8500e+03,5.7536e-02,4.7190e+00,1.2504e+01,4.2776e+00,1.6128e-01
4.8600e+03,5.7088e-02,4.7186e+00,1.2504e+01,4.2780e+00,1.6130e-01
4.8700e+03,5.6644e-02,4.7181e+00,1.2504e+01,4.2784e+00,1.6132e-01
4.8800e+03,5.6203e-02,4.7177e+00,1.2504e+01,4.2789e+00,1.6135e-01
4.8900e+03,5.5765e-02,4.7173e+00,1.2504e+01,4.2793e+00,1.6137e-01
4.9000e+03,5.5331e-02,4.7169e+00,1.2504e+01,4.2797e+00,1.6139e-01
4.9100e+03,5.4900e-02,4.7165e+00,1.2504e+01,4.2801e+00,1.6141e-01
4.9200e+03,5.4473e-02,4.7161e+00,1.2504e+01,4.2805e+00,1.6143e-01
4.9300e+03,5.4049e-02,4.7157e+00,1.2504e+01,4.2809e+00,1.6145e-01
4.9400e+03,5.3629e-02,4.7153e+00,1.2504e+01,4.2813e+00,1.6147e-01
4.9500e+03,5.3211e-02,4.7149e+00,1.2504e+01,4.2817e+00,1.6150e-01
4.9600e+03,5.2797e-02,4.7145e+00,1.2504e+01,4.2821e+00,1.6152e-01
4.9700e+03,5.2386e-02,4.7141e+00,1.2504e+01,4.2825e+00,1.6154e-01
4.9800e+03,5.1979e-02,4.7137e+00,1.2504e+01,4.2829e+00,1.6156e-01
4.9900e+03,5.1575e-02,4.7133e+00,1.2504e+01,4.2833e+00,1.6158e-01
5.0000e+03,5.1173e-02,4.7129e+00,1.2504e+01,4.2836e+00,1.6160e-01
5.0100e+03,5.0775e-02,4.7126e+00,1.2504e+01,4.2840e+00,1.6162e-01
5.0200e+03,5.0381e-02,4.7122e+00,1.2504e+01,4.2844e+00,1.6164e-01
5.0300e+03,4.9989e-02,4.7118e+00,1.2504e+01,4.2848e+00,1.6166e-01
5.0400e+03,4.9600e-02,4.7114e+00,1.2504e+01,4.2851e+00,1.6168e-01
5.0500e+03,4.9214e-02,4.7111e+00,1.2504e+01,4.2855e+00,1.6170e-01
5.0600e+03,4.8832e-02,4.7107e+00,1.2504e+01,4.2859e+00,1.6172e-01
5.0700e+03,4.8452e-02,4.7104e+00,1.2504e+01,4.2862e+00,1.6174e-01
5.0800e+03,4.8076e-02,4.7100e+00,1.2504e+01,4.2866e+00,1.6175e-01
5.0900e+03,4.7702e-02,4.7096e+00,1.2504e+01,4.2869e+00,1.6177e-01
5.1000e+03,4.7331e-02,4.7093e+00,1.2504e+01,4.2873e+00,1.6179e-01
5.1100e+03,4.6963e-02,4.7089e+00,1.2504e+01,4.2876e+00,1.6181e-01
5.1200e+03,4.6598e-02,4.7086e+00,1.2504e+01,4.2880e+00,1.6183e-01
5.1300e+03,4.6236e-02,4.7082e+00,1.2504e+01,4.2883e+00,1.6185e-01
5.1400e+03,4.5877e-02,4.7079e+00,1.2504e+01,4.2887e+00,1.6187e-01
5.1500e+03,4.5520e-02,4.7076e+00,1.2504e+01,4.2890e+00,1.6188e-01
5.1600e+03,4.5167e-02,4.7072e+00,1.2504e+01,4.2893e+00,1.6190e-01
5.1700e+03,4.4816e-02,4.7069e+00,1.2504e+01,4.2897e+00,1.6192e-01
5.1800e+03,4.4468e-02,4.7066e+00,1.2504e+01,4.2900e+00,1.6194e-01
5.1900e+03,4.4122e-02,4.7062e+00,1.2504e+01,4.2903e+00,1.6195e-01
5.2000e+03,4.3780e-02,4.7059e+00,1.2504e+01,4.2907e+00,1.6197e-01
5.2100e+03,4.3439e-02,4.7056e+00,1.2504e+01,4.2910e+00,1.6199e-01
5.2200e+03,4.3102e-02,4.7053e+00,1.2504e+01,4.2913e+00,1.6201e-01
5.2300e+03,4.2767e-02,4.7050e+00,1.2504e+01,4.2916e+00,1.6202e-01
5.2400e+03,4.2435e-02,4.7046e+00,1.2504e+01,4.2919e+00,1.6204e-01
5.2500e+03,4.2106e-02,4.7043e+00,1.2504e+01,4.2922e+00,1.6206e-01
5.2600e+03,4.1779e-02,4.7040e+00,1.2504e+01,4.2926e+00,1.6207e-01
5.2700e+03,4.1454e-02,4.7037e+00,1.2504e+01,4.2929e+00,1.6209e-01
5.2800e+03,4.1133e-02,4.7034e+00,1.2504e+01,4.2932e+00,1.6210e-01
5.2900e+03,4.0813e-02,4.7031e+00,1.2504e+01,4.2935e+00,1.6212e-01
5.3000e+03,4.0497e-02,4.7028e+00,1.2504e+01,4.2938e+00,1.6214e-01
5.3100e+03,4.0182e-02,4.7025e+00,1.2504e+01,4.2941e+00,1.6215e-01
5.3200e+03,3.9870e-02,4.7022e+00,1.2504e+01,4.2944e+00,1.6217e-01
5.3300e+03,3.9561e-02,4.7019e+00,1.2504e+01,4.2947e+00,1.6218e-01
5.3400e+03,3.9254e-02,4.7016e+00,1.2504e+01,4.2950e+00,1.6220e-01
5.3500e+03,3.8949e-02,4.7013e+00,1.2504e+01,4.2952e+00,1.6222e-01
5.3600e+03,3.8647e-02,4.7010e+00,1.2504e+01,4.2955e+00,1.6223e-01
5.3700e+03,3.8347e-02,4.7008e+00,1.2504e+01,4.2958e+00,1.6225e-01
5.3800e+03,3.8050e-02,4.7005e+00,1.2504e+01,4.2961e+00,1.6226e-01
5.3900e+03,3.7754e-02,4.7002e+00,1.2504e+01,4.2964e+00,1.6228e-01
5.4000e+03,3.7461e-02,4.6999e+00,1.2504e+01,4.2967e+00,1.6229e-01
5.4100e+03,3.7171e-02,4.6996e+00,1.2504e+01,4.2969e+00,1.6230e-01
5.4200e+03,3.6882e-02,4.6994e+00,1.2504e+01,4.2972e+00,1.6232e-01
5.4300e+03,3.6596e-02,4.6991e+00,1.2504e+01,4.2975e+00,1.6233e-01
5.4400e+03,3.6313e-02,4.6988e+00,1.2504e+01,4.2977e+00,1.6235e-01
5.4500e+03,3.6031e-02,4.6986e+00,1.2504e+01,4.2980e+00,1.6236e-01
5.4600e+03,3.5751e-02,4.6983e+00,1.2504e+01,4.2983e+00,1.6238e-01
5.4700e+03,3.5474e-02,4.6980e+00,1.2504e+01,4.2985e+00,1.6239e-01
5.4800e+03,3.5199e-02,4.6978e+00,1.2504e+01,4.2988e+00,1.6240e-01
5.4900e+03,3.4926e-02,4.6975e+00,1.2504e+01,4.2991e+00,1.6242e-01
5.5000e+03,3.4655e-02,4.6972e+00,1.2504e+01,4.2993e+00,1.6243e-01
5.5100e+03,3.4387e-02,4.6970e+00,1.2504e+01,4.2996e+00,1.6245e-01
5.5200e+03,3.4120e-02,4.6967e+00,1.2504e+01,4.2998e+00,1.6246e-01
5.5300e+03,3.3856e-02,4.6965e+00,1.2504e+01,4.3001e+00,1.6247e-01
5.5400e+03,3.3593e-02,4.6962e+00,1.2504e+01,4.3003e+00,1.6249e-01
5.5500e+03,3.3333e-02,4.6960e+00,1.2504e+01,4.3006e+00,1.6250e-01
5.5600e+03,3.3074e-02,4.6957e+00,1.2504e+01,4.3008e+00,1.6251e-01
5.5700e+03,3.2818e-02,4.6955e+00,1.2504e+01,4.3011e+00,1.6252e-01
5.5800e+03,3.2563e-02,4.6953e+00,1.2504e+01,4.3013e+00,1.6254e-01
5.5900e+03,3.2311e-02,4.6950e+00,1.2504e+01,4.3015e+00,1.6255e-01
5.6000e+03,3.2061e-02,4.6948e+00,1.2504e+01,4.3018e+00,1.6256e-01
5.6100e+03,3.1812e-02,4.6945e+00,1.2504e+01,4.3020e+00,1.6258e-01
5.6200e+03,3.1566e-02,4.6943e+00,1.2504e+01,4.3023e+00,1.6259e-01
5.6300e+03,3.1321e-02,4.6941e+00,1.2504e+01,4.3025e+00,1.6260e-01
5.6400e+03,3.1078e-02,4.6938e+00,1.2504e+01,4.3027e+00,1.6261e-01
5.6500e+03,3.0838e-02,4.6936e+00,1.2504e+01,4.3029e+00,1.6262e-01
5.6600e+03,3.0599e-02,4.6934e+00,1.2504e+01,4.3032e+00,1.6264e-01
5.6700e+03,3.0362e-02,4.6932e+00,1.2504e+01,4.3034e+00,1.6265e-01
5.6800e+03,3.0126e-02,4.6929e+00,1.2504e+01,4.3036e+00,1.6266e-01
5.6900e+03,2.9893e-02,4.6927e+00,1.2504e+01,4.3038e+00,1.6267e-01
5.7000e+03,2.9661e-02,4.6925e+00,1.2504e+01,4.3041e+00,1.6268e-01
5.7100e+03,2.9432e-02,4.6923e+00,1.2504e+01,4.3043e+00,1.6270e-01
5.7200e+03,2.9204e-02,4.6921e+00,1.2504e+01,4.3045e+00,1.6271e-01
5.7300e+03,2.8977e-02,4.6918e+00,1.2504e+01,4.3047e+00,1.6272e-01
5.7400e+03,2.8753e-02,4.6916e+00,1.2504e+01,4.3049e+00,1.6273e-01
5.7500e+03,2.8530e-02,4.6914e+00,1.2504e+01,4.3051e+00,1.6274e-01
5.7600e+03,2.8309e-02,4.6912e+00,1.2504e+01,4.3053e+00,1.6275e-01
5.7700e+03,2.8090e-02,4.6910e+00,1.2504e+01,4.3055e+00,1.6276e-01
5.7800e+03,2.7873e-02,4.6908e+00,1.2504e+01,4.3058e+00,1.6277e-01
5.7900e+03,2.7657e-02,4.6906e+00,1.2504e+01,4.3060e+00,1.6279e-01
5.8000e+03,2.7443e-02,4.6904e+00,1.2504e+01,4.3062e+00,1.6280e-01
5.8100e+03,2.7230e-02,4.6902e+00,1.2504e+01,4.3064e+00,1.6281e-01
5.8200e+03,2.7019e-02,4.6900e+00,1.2504e+01,4.3066e+00,1.6282e-01
5.8300e+03,2.6810e-02,4.6898e+00,1.2504e+01,4.3068e+00,1.6283e-01
5.8400e+03,2.6603e-02,4.6896e+00,1.2504e+01,4.3070e+00,1.6284e-01
5.8500e+03,2.6397e-02,4.6894e+00,1.2504e+01,4.3072e+00,1.6285e-01
5.8600e+03,2.6192e-02,4.6892e+00,1.2504e+01,4.3074e+00,1.6286e-01
5.8700e+03,2.5989e-02,4.6890e+00,1.2504e+01,4.3075e+00,1.6287e-01
5.8800e+03,2.5788e-02,4.6888e+00,1.2504e+01,4.3077e+00,1.6288e-01
5.8900e+03,2.5589e-02,4.6886e+00,1.2504e+01,4.3079e+00,1.6289e-01
5.9000e+03,2.5391e-02,4.6884e+00,1.2504e+01,4.3081e+00,1.6290e-01
5.9100e+03,2.5194e-02,4.6883e+00,1.2504e+01,4.3083e+00,1.6291e-01
5.9200e+03,2.4999e-02,4.6881e+00,1.2504e+01,4.3085e+00,1.6292e-01
5.9300e+03,2.4806e-02,4.6879e+00,1.2504e+01,4.3087e+00,1.6293e-01
5.9400e+03,2.4614e-02,4.6877e+00,1.2504e+01,4.3089e+00,1.6294e-01
5.9500e+03,2.4423e-02,4.6875e+00,1.2504e+01,4.3090e+00,1.6295e-01
5.9600e+03,2.4234e-02,4.6873e+00,1.2504e+01,4.3092e+00,1.6296e-01
5.9700e+03,2.4047e-02,4.6872e+00,1.2504e+01,4.3094e+00,1.6297e-01
5.9800e+03,2.3860e-02,4.6870e+00,1.2504e+01,4.3096e+00,1.6298e-01
5.9900e+03,2.3676e-02,4.6868e+00,1.2504e+01,4.3097e+00,1.6299e-01
6.0000e+03,2.3493e-02,4.6866e+00,1.2504e+01,4.3099e+00,1.6300e-01
6.0100e+03,2.3311e-02,4.6865e+00,1.2504e+01,4.3101e+00,1.6301e-01
6.0200e+03,2.3131e-02,4.6863e+00,1.2504e+01,4.3103e+00,1.6301e-01
6.0300e+03,2.2952e-02,4.6861e+00,1.2504e+01,4.3104e+00,1.6302e-01
6.0400e+03,2.2774e-02,4.6860e+00,1.2504e+01,4.3106e+00,1.6303e-01
6.0500e+03,2.2598e-02,4.6858e+00,1.2504e+01,4.3108e+00,1.6304e-01
6.0600e+03,2.2423e-02,4.6856e+00,1.2504e+01,4.3109e+00,1.6305e-01
6.0700e+03,2.2250e-02,4.6855e+00,1.2504e+01,4.3111e+00,1.6306e-01
6.0800e+03,2.2077e-02,4.6853e+00,1.2504e+01,4.3113e+00,1.6307e-01
6.0900e+03,2.1907e-02,4.6851e+00,1.2504e+01,4.3114e+00,1.6308e-01
6.1000e+03,2.1737e-02,4.6850e+00,1.2504e+01,4.3116e+00,1.6309e-01
6.1100e+03,2.1569e-02,4.6848e+00,1.2504e+01,4.3117e+00,1.6309e-01
6.1200e+03,2.1402e-02,4.6847e+00,1.2504e+01,4.3119e+00,1.6310e-01
6.1300e+03,2.1237e-02,4.6845e+00,1.2504e+01,4.3121e+00,1.6311e-01
6.1400e+03,2.1072e-02,4.6843e+00,1.2504e+01,4.3122e+00,1.6312e-01
6.1500e+03,2.0909e-02,4.6842e+00,1.2504e+01,4.3124e+00,1.6313e-01
6.1600e+03,2.0748e-02,4.6840e+00,1.2504e+01,4.3125e+00,1.6314e-01
6.1700e+03,2.0587e-02,4.6839e+00,1.2504e+01,4.3127e+00,1.6314e-01
6.1800e+03,2.0428e-02,4.6837e+00,1.2504e+01,4.3128e+00,1.6315e-01
6.1900e+03,2.0270e-02,4.6836e+00,1.2504e+01,4.3130e+00,1.6316e-01
6.2000e+03,2.0113e-02,4.6834e+00,1.2504e+01,4.3131e+00,1.6317e-01
6.2100e+03,1.9958e-02,4.6833e+00,1.2504e+01,4.3133e+00,1.6318e-01
6.2200e+03,1.9804e-02,4.6831e+00,1.2504e+01,4.3134e+00,1.6318e-01
6.2300e+03,1.9650e-02,4.6830e+00,1.2504e+01,4.3136e+00,1.6319e-01
6.2400e+03,1.9499e-02,4.6828e+00,1.2504e+01,4.3137e+00,1.6320e-01
6.2500e+03,1.9348e-02,4.6827e+00,1.2504e+01,4.3138e+00,1.6321e-01
6.2600e+03,1.9198e-02,4.6826e+00,1.2504e+01,4.3140e+00,1.6321e-01
6.2700e+03,1.9050e-02,4.6824e+00,1.2504e+01,4.3141e+00,1.6322e-01
6.2800e+03,1.8902e-02,4.6823e+00,1.2504e+01,4.3143e+00,1.6323e-01
6.2900e+03,1.8756e-02,4.6821e+00,1.2504e+01,4.3144e+00,1.6324e-01
6.3000e+03,1.8611e-02,4.6820e+00,1.2504e+01,4.3145e+00,1.6324e-01
6.3100e+03,1.8467e-02,4.6819e+00,1.2504e+01,4.3147e+00,1.6325e-01
6.3200e+03,1.8325e-02,4.6817e+00,1.2504e+01,4.3148e+00,1.6326e-01
6.3300e+03,1.8183e-02,4.6816e+00,1.2504e+01,4.3150e+00,1.6327e-01
6.3400e+03,1.8043e-02,4.6815e+00,1.2504e+01,4.3151e+00,1.6327e-01
6.3500e+03,1.7903e-02,4.6813e+00,1.2504e+01,4.3152e+00,1.6328e-01
6.3600e+03,1.7765e-02,4.6812e+00,1.2504e+01,4.3154e+00,1.6329e-01
6.3700e+03,1.7627e-02,4.6811e+00,1.2504e+01,4.3155e+00,1.6329e-01
6.3800e+03,1.7491e-02,4.6809e+00,1.2504e+01,4.3156e+00,1.6330e-01
6.3900e+03,1.7356e-02,4.6808e+00,1.2504e+01,4.3157e+00,1.6331e-01
6.4000e+03,1.7222e-02,4.6807e+00,1.2504e+01,4.3159e+00,1.6331e-01
6.4100e+03,1.7089e-02,4.6806e+00,1.2504e+01,4.3160e+00,1.6332e-01
6.4200e+03,1.6957e-02,4.6804e+00,1.2504e+01,4.3161e+00,1.6333e-01
6.4300e+03,1.6826e-02,4.6803e+00,1.2504e+01,4.3162e+00,1.6333e-01
6.4400e+03,1.6696e-02,4.6802e+00,1.2504e+01,4.3164e+00,1.6334e-01
6.4500e+03,1.6567e-02,4.6801e+00,1.2504e+01,4.3165e+00,1.6335e-01
6.4600e+03,1.6439e-02,4.6799e+00,1.2504e+01,4.3166e+00,1.6335e-01
6.4700e+03,1.6312e-02,4.6798e+00,1.2504e+01,4.3167e+00,1.6336e-01
6.4800e+03,1.6186e-02,4.6797e+00,1.2504e+01,4.3169e+00,1.6337e-01
6.4900e+03,1.6060e-02,4.6796e+00,1.2504e+01,4.3170e+00,1.6337e-01
6.5000e+03,1.5936e-02,4.6795e+00,1.2504e+01,4.3171e+00,1.6338e-01
6.5100e+03,1.5813e-02,4.6793e+00,1.2504e+01,4.3172e+00,1.6339e-01
6.5200e+03,1.5691e-02,4.6792e+00,1.2504e+01,4.3173e+00,1.6339e-01
6.5300e+03,1.5570e-02,4.6791e+00,1.2504e+01,4.3174e+00,1.6340e-01
6.5400e+03,1.5450e-02,4.6790e+00,1.2504e+01,4.3176e+00,1.6340e-01
6.5500e+03,1.5330e-02,4.6789e+00,1.2504e+01,4.3177e+00,1.6341e-01
6.5600e+03,1.5212e-02,4.6788e+00,1.2504e+01,4.3178e+00,1.6342e-01
6.5700e+03,1.5094e-02,4.6787e+00,1.2504e+01,4.3179e+00,1.6342e-01
6.5800e+03,1.4978e-02,4.6785e+00,1.2504e+01,4.3180e+00,1.6343e-01
6.5900e+03,1.4862e-02,4.6784e+00,1.2504e+01,4.3181e+00,1.6343e-01
6.6000e+03,1.4747e-02,4.6783e+00,1.2504e+01,4.3182e+00,1.6344e-01
6.6100e+03,1.4633e-02,4.6782e+00,1.2504e+01,4.3183e+00,1.6345e-01
6.6200e+03,1.4520e-02,4.6781e+00,1.2504e+01,4.3184e+00,1.6345e-01
6.6300e+03,1.4408e-02,4.6780e+00,1.2504e+01,4.3185e+00,1.6346e-01
6.6400e+03,1.4297e-02,4.6779e+00,1.2504e+01,4.3186e+00,1.6346e-01
6.6500e+03,1.4186e-02,4.6778e+00,1.2504e+01,4.3187e+00,1.6347e-01
6.6600e+03,1.4077e-02,4.6777e+00,1.2504e+01,4.3189e+00,1.6347e-01
6.6700e+03,1.3968e-02,4.6776e+00,1.2504e+01,4.3190e+00,1.6348e-01
6.6800e+03,1.3860e-02,4.6775e+00,1.2504e+01,4.3191e+00,1.6348e-01
6.6900e+03,1.3753e-02,4.6774e+00,1.2504e+01,4.3192e+00,1.6349e-01
6.7000e+03,1.3647e-02,4.6773e+00,1.2504e+01,4.3193e+00,1.6350e-01
6.7100e+03,1.3541e-02,4.6772e+00,1.2504e+01,4.3194e+00,1.6350e-01
6.7200e+03,1.3437e-02,4.6771e+00,1.2504e+01,4.3195e+00,1.6351e-01
6.7300e+03,1.3333e-02,4.6770e+00,1.2504e+01,4.3196e+00,1.6351e-01
6.7400e+03,1.3230e-02,4.6769e+00,1.2504e+01,4.3197e+00,1.6352e-01
6.7500e+03,1.3128e-02,4.6768e+00,1.2504e+01,4.3198e+00,1.6352e-01
6.7600e+03,1.3027e-02,4.6767e+00,1.2504e+01,4.3199e+00,1.6353e-01
6.7700e+03,1.2926e-02,4.6766e+00,1.2504e+01,4.3199e+00,1.6353e-01
6.7800e+03,1.2826e-02,4.6765e+00,1.2504e+01,4.3200e+00,1.6354e-01
6.7900e+03,1.2727e-02,4.6764e+00,1.2504e+01,4.3201e+00,1.6354e-01
6.8000e+03,1.2629e-02,4.6763e+00,1.2504e+01,4.3202e+00,1.6355e-01
6.8100e+03,1.2531e-02,4.6762e+00,1.2504e+01,4.3203e+00,1.6355e-01
6.8200e+03,1.2435e-02,4.6761e+00,1.2504e+01,4.3204e+00,1.6356e-01
6.8300e+03,1.2339e-02,4.6760e+00,1.2504e+01,4.3205e+00,1.6356e-01
6.8400e+03,1.2243e-02,4.6760e+00,1.2504e+01,4.3206e+00,1.6357e-01
6.8500e+03,1.2149e-02,4.6759e+00,1.2504e+01,4.3207e+00,1.6357e-01
6.8600e+03,1.2055e-02,4.6758e+00,1.2504e+01,4.3208e+00,1.6358e-01
6.8700e+03,1.1962e-02,4.6757e+00,1.2504e+01,4.3209e+00,1.6358e-01
6.8800e+03,1.1870e-02,4.6756e+00,1.2504e+01,4.3209e+00,1.6359e-01
6.8900e+03,1.1778e-02,4.6755e+00,1.2504e+01,4.3210e+00,1.6359e-01
6.9000e+03,1.1687e-02,4.6754e+00,1.2504e+01,4.3211e+00,1.6360e-01
6.9100e+03,1.1597e-02,4.6753e+00,1.2504e+01,4.3212e+00,1.6360e-01
6.9200e+03,1.1507e-02,4.6753e+00,1.2504e+01,4.3213e+00,1.6360e-01
6.9300e+03,1.1418e-02,4.6752e+00,1.2504e+01,4.3214e+00,1.6361e-01
6.9400e+03,1.1330e-02,4.6751e+00,1.2504e+01,4.3215e+00,1.6361e-01
6.9500e+03,1.1243e-02,4.6750e+00,1.2504e+01,4.3215e+00,1.6362e-01
6.9600e+03,1.1156e-02,4.6749e+00,1.2504e+01,4.3216e+00,1.6362e-01
6.9700e+03,1.1070e-02,4.6748e+00,1.2504e+01,4.3217e+00,1.6363e-01
6.9800e+03,1.0984e-02,4.6748e+00,1.2504e+01,4.3218e+00,1.6363e-01
6.9900e+03,1.0900e-02,4.6747e+00,1.2504e+01,4.3219e+00,1.6364e-01
7.0000e+03,1.0816e-02,4.6746e+00,1.2504e+01,4.3219e+00,1.6364e-01
7.0100e+03,1.0732e-02,4.6745e+00,1.2504e+01,4.3220e+00,1.6364e-01
7.0200e+03,1.0649e-02,4.6744e+00,1.2504e+01,4.3221e+00,1.6365e-01
7.0300e+03,1.0567e-02,4.6744e+00,1.2504e+01,4.3222e+00,1.6365e-01
7.0400e+03,1.0485e-02,4.6743e+00,1.2504e+01,4.3223e+00,1.6366e-01
7.0500e+03,1.0404e-02,4.6742e+00,1.2504e+01,4.3223e+00,1.6366e-01
7.0600e+03,1.0324e-02,4.6741e+00,1.2504e+01,4.3224e+00,1.6366e-01
7.0700e+03,1.0245e-02,4.6741e+00,1.2504e+01,4.3225e+00,1.6367e-01
7.0800e+03,1.0165e-02,4.6740e+00,1.2504e+01,4.3226e+00,1.6367e-01
7.0900e+03,1.0087e-02,4.6739e+00,1.2504e+01,4.3226e+00,1.6368e-01
7.1000e+03,1.0009e-02,4.6738e+00,1.2504e+01,4.3227e+00,1.6368e-01
7.1100e+03,9.9319e-03,4.6738e+00,1.2504e+01,4.3228e+00,1.6368e-01
7.1200e+03,9.8552e-03,4.6737e+00,1.2504e+01,4.3229e+00,1.6369e-01
7.1300e+03,9.7792e-03,4.6736e+00,1.2504e+01,4.3229e+00,1.6369e-01
7.1400e+03,9.7037e-03,4.6735e+00,1.2504e+01,4.3230e+00,1.6370e-01
7.1500e+03,9.6288e-03,4.6735e+00,1.2504e+01,4.3231e+00,1.6370e-01
7.1600e+03,9.5545e-03,4.6734e+00,1.2504e+01,4.3231e+00,1.6370e-01
7.1700e+03,9.4808e-03,4.6733e+00,1.2504e+01,4.3232e+00,1.6371e-01
7.1800e+03,9.4076e-03,4.6733e+00,1.2504e+01,4.3233e+00,1.6371e-01
7.1900e+03,9.3350e-03,4.6732e+00,1.2504e+01,4.3234e+00,1.6371e-01
7.2000e+03,9.2630e-03,4.6731e+00,1.2504e+01,4.3234e+00,1.6372e-01
7.2100e+03,9.1915e-03,4.6731e+00,1.2504e+01,4.3235e+00,1.6372e-01
7.2200e+03,9.1206e-03,4.6730e+00,1.2504e+01,4.3236e+00,1.6373e-01
7.2300e+03,9.0502e-03,4.6729e+00,1.2504e+01,4.3236e+00,1.6373e-01
7.2400e+03,8.9804e-03,4.6729e+00,1.2504e+01,4.3237e+00,1.6373e-01
7.2500e+03,8.9111e-03,4.6728e+00,1.2504e+01,4.3238e+00,1.6374e-01
7.2600e+03,8.8423e-03,4.6727e+00,1.2504e+01,4.3238e+00,1.6374e-01
7.2700e+03,8.7741e-03,4.6727e+00,1.2504e+01,4.3239e+00,1.6374e-01
7.2800e+03,8.7064e-03,4.6726e+00,1.2504e+01,4.3240e+00,1.6375e-01
7.2900e+03,8.6392e-03,4.6725e+00,1.2504e+01,4.3240e+00,1.6375e-01
7.3000e+03,8.5725e-03,4.6725e+00,1.2504e+01,4.3241e+00,1.6375e-01
7.3100e+03,8.5064e-03,4.6724e+00,1.2504e+01,4.3241e+00,1.6376e-01
7.3200e+03,8.4408e-03,4.6723e+00,1.2504e+01,4.3242e+00,1.6376e-01
7.3300e+03,8.3756e-03,4.6723e+00,1.2504e+01,4.3243e+00,1.6376e-01
7.3400e+03,8.3110e-03,4.6722e+00,1.2504e+01,4.3243e+00,1.6377e-01
7.3500e+03,8.2469e-03,4.6722e+00,1.2504e+01,4.3244e+00,1.6377e-01
7.3600e+03,8.1833e-03,4.6721e+00,1.2504e+01,4.3244e+00,1.6377e-01
7.3700e+03,8.1201e-03,4.6720e+00,1.2504e+01,4.3245e+00,1.6378e-01
7.3800e+03,8.0575e-03,4.6720e+00,1.2504e+01,4.3246e+00,1.6378e-01
7.3900e+03,7.9953e-03,4.6719e+00,1.2504e+01,4.3246e+00,1.6378e-01
7.4000e+03,7.9336e-03,4.6719e+00,1.2504e+01,4.3247e+00,1.6379e-01
7.4100e+03,7.8724e-03,4.6718e+00,1.2504e+01,4.3247e+00,1.6379e-01
7.4200e+03,7.8117e-03,4.6717e+00,1.2504e+01,4.3248e+00,1.6379e-01
7.4300e+03,7.7514e-03,4.6717e+00,1.2504e+01,4.3249e+00,1.6380e-01
7.4400e+03,7.6916e-03,4.6716e+00,1.2504e+01,4.3249e+00,1.6380e-01
7.4500e+03,7.6323e-03,4.6716e+00,1.2504e+01,4.3250e+00,1.6380e-01
7.4600e+03,7.5734e-03,4.6715e+00,1.2504e+01,4.3250e+00,1.6380e-01
7.4700e+03,7.5150e-03,4.6715e+00,1.2504e+01,4.3251e+00,1.6381e-01
7.4800e+03,7.4570e-03,4.6714e+00,1.2504e+01,4.3251e+00,1.6381e-01
7.4900e+03,7.3995e-03,4.6713e+00,1.2504e+01,4.3252e+00,1.6381e-01
7.5000e+03,7.3424e-03,4.6713e+00,1.2504e+01,4.3252e+00,1.6382e-01
7.5100e+03,7.2858e-03,4.6712e+00,1.2504e+01,4.3253e+00,1.6382e-01
7.5200e+03,7.2296e-03,4.6712e+00,1.2504e+01,4.3254e+00,1.6382e-01
7.5300e+03,7.1738e-03,4.6711e+00,1.2504e+01,4.3254e+00,1.6382e-01
7.5400e+03,7.1185e-03,4.6711e+00,1.2504e+01,4.3255e+00,1.6383e-01
7.5500e+03,7.0636e-03,4.6710e+00,1.2504e+01,4.3255e+00,1.6383e-01
7.5600e+03,7.0091e-03,4.6710e+00,1.2504e+01,4.3256e+00,1.6383e-01
7.5700e+03,6.9550e-03,4.6709e+00,1.2504e+01,4.3256e+00,1.6384e-01
7.5800e+03,6.9014e-03,4.6709e+00,1.2504e+01,4.3257e+00,1.6384e-01
7.5900e+03,6.8482e-03,4.6708e+00,1.2504e+01,4.3257e+00,1.6384e-01
