t,[L2M],[D],[L],[L2MD],[L2Ms]
0.0000e+00,5.0000e+00,1.2500e+01,7.5000e+00,0.0000e+00,0.0000e+00
1.0000e+01,4.8388e+00,1.2348e+01,7.5067e+00,1.5146e-01,3.0477e-03
2.0000e+01,4.6900e+00,1.2202e+01,7.5067e+00,2.9734e-01,6.0188e-03
3.0000e+01,4.5472e+00,1.2062e+01,7.5067e+00,4.3722e-01,8.9011e-03
4.0000e+01,4.4102e+00,1.1927e+01,7.5067e+00,5.7141e-01,1.1698e-02
5.0000e+01,4.2787e+00,1.1798e+01,7.5067e+00,7.0024e-01,1.4413e-02
6.0000e+01,4.1523e+00,1.1675e+01,7.5067e+00,8.2399e-01,1.7049e-02
7.0000e+01,4.0308e+00,1.1556e+01,7.5067e+00,9.4293e-01,1.9609e-02
8.0000e+01,3.9139e+00,1.1441e+01,7.5067e+00,1.0573e+00,2.2096e-02
9.0000e+01,3.8015e+00,1.1331e+01,7.5067e+00,1.1674e+00,2.4512e-02
1.0000e+02,3.6932e+00,1.1225e+01,7.5067e+00,1.2733e+00,2.6861e-02
1.1000e+02,3.5888e+00,1.1123e+01,7.5067e+00,1.3754e+00,2.9144e-02
1.2000e+02,3.4883e+00,1.1024e+01,7.5067e+00,1.4737e+00,3.1364e-02
1.3000e+02,3.3913e+00,1.0929e+01,7.5067e+00,1.5685e+00,3.3523e-02
1.4000e+02,3.2978e+00,1.0838e+01,7.5067e+00,1.6599e+00,3.5623e-02
1.5000e+02,3.2075e+00,1.0749e+01,7.5067e+00,1.7482e+00,3.7667e-02
1.6000e+02,3.1204e+00,1.0664e+01,7.5067e+00,1.8333e+00,3.9656e-02
1.7000e+02,3.0362e+00,1.0582e+01,7.5067e+00,1.9156e+00,4.1591e-02
1.8000e+02,2.9548e+00,1.0502e+01,7.5067e+00,1.9950e+00,4.3476e-02
1.9000e+02,2.8762e+00,1.0425e+01,7.5067e+00,2.0718e+00,4.5310e-02
2.0000e+02,2.8002e+00,1.0351e+01,7.5067e+00,2.1461e+00,4.7097e-02
2.1000e+02,2.7266e+00,1.0279e+01,7.5067e+00,2.2179e+00,4.8837e-02
2.2000e+02,2.6554e+00,1.0209e+01,7.5067e+00,2.2874e+00,5.0533e-02
2.3000e+02,2.5866e+00,1.0142e+01,7.5067e+00,2.3546e+00,5.2185e-02
2.4000e+02,2.5199e+00,1.0077e+01,7.5067e+00,2.4197e+00,5.3794e-02
2.5000e+02,2.4553e+00,1.0014e+01,7.5067e+00,2.4827e+00,5.5363e-02
2.6000e+02,2.3927e+00,9.9527e+00,7.5067e+00,2.5438e+00,5.6892e-02
2.7000e+02,2.3320e+00,9.8934e+00,7.5067e+00,2.6030e+00,5.8383e-02
2.8000e+02,2.2732e+00,9.8360e+00,7.5067e+00,2.6603e+00,5.9836e-02
2.9000e+02,2.2162e+00,9.7803e+00,7.5067e+00,2.7159e+00,6.1254e-02
3.0000e+02,2.1609e+00,9.7263e+00,7.5067e+00,2.7698e+00,6.2636e-02
3.1000e+02,2.1072e+00,9.6739e+00,7.5067e+00,2.8222e+00,6.3984e-02
3.2000e+02,2.0551e+00,9.6231e+00,7.5067e+00,2.8729e+00,6.5299e-02
3.3000e+02,2.0046e+00,9.5738e+00,7.5067e+00,2.9222e+00,6.6582e-02
3.4000e+02,1.9555e+00,9.5259e+00,7.5067e+00,2.9700e+00,6.7834e-02
3.5000e+02,1.9079e+00,9.4794e+00,7.5067e+00,3.0164e+00,6.9056e-02
3.6000e+02,1.8616e+00,9.4343e+00,7.5067e+00,3.0615e+00,7.0248e-02
3.7000e+02,1.8166e+00,9.3904e+00,7.5067e+00,3.1053e+00,7.1411e-02
3.8000e+02,1.7729e+00,9.3478e+00,7.5067e+00,3.1479e+00,7.2547e-02
3.9000e+02,1.7304e+00,9.3064e+00,7.5067e+00,3.1893e+00,7.3656e-02
4.0000e+02,1.6891e+00,9.2661e+00,7.5067e+00,3.2295e+00,7.4738e-02
4.1000e+02,1.6490e+00,9.2270e+00,7.5067e+00,3.2686e+00,7.5795e-02
4.2000e+02,1.6100e+00,9.1889e+00,7.5067e+00,3.3066e+00,7.6827e-02
4.3000e+02,1.5720e+00,9.1519e+00,7.5067e+00,3.3435e+00,7.7835e-02
4.4000e+02,1.5350e+00,9.1159e+00,7.5067e+00,3.3795e+00,7.8819e-02
4.5000e+02,1.4991e+00,9.0809e+00,7.5067e+00,3.4145e+00,7.9780e-02
4.6000e+02,1.4641e+00,9.0468e+00,7.5067e+00,3.4485e+00,8.0719e-02
4.7000e+02,1.4301e+00,9.0136e+00,7.5067e+00,3.4817e+00,8.1637e-02
4.8000e+02,1.3969e+00,8.9813e+00,7.5067e+00,3.5139e+00,8.2533e-02
4.9000e+02,1.3646e+00,8.9499e+00,7.5067e+00,3.5453e+00,8.3408e-02
5.0000e+02,1.3332e+00,8.9193e+00,7.5067e+00,3.5759e+00,8.4264e-02
5.1000e+02,1.3026e+00,8.8895e+00,7.5067e+00,3.6057e+00,8.5100e-02
5.2000e+02,1.2728e+00,8.8604e+00,7.5067e+00,3.6347e+00,8.5917e-02
5.3000e+02,1.2437e+00,8.8321e+00,7.5067e+00,3.6629e+00,8.6715e-02
5.4000e+02,1.2154e+00,8.8046e+00,7.5067e+00,3.6904e+00,8.7495e-02
5.5000e+02,1.1878e+00,8.7777e+00,7.5067e+00,3.7173e+00,8.8258e-02
5.6000e+02,1.1610e+00,8.7516e+00,7.5067e+00,3.7434e+00,8.9003e-02
5.7000e+02,1.1348e+00,8.7261e+00,7.5067e+00,3.7689e+00,8.9732e-02
5.8000e+02,1.1092e+00,8.7012e+00,7.5067e+00,3.7937e+00,9.0444e-02
5.9000e+02,1.0843e+00,8.6770e+00,7.5067e+00,3.8179e+00,9.1141e-02
6.0000e+02,1.0600e+00,8.6533e+00,7.5067e+00,3.8415e+00,9.1822e-02
6.1000e+02,1.0364e+00,8.6303e+00,7.5067e+00,3.8645e+00,9.2488e-02
6.2000e+02,1.0133e+00,8.6078e+00,7.5067e+00,3.8870e+00,9.3139e-02
6.3000e+02,9.9073e-01,8.5859e+00,7.5067e+00,3.9088e+00,9.3775e-02
6.4000e+02,9.6876e-01,8.5645e+00,7.5067e+00,3.9302e+00,9.4398e-02
6.5000e+02,9.4732e-01,8.5437e+00,7.5067e+00,3.9510e+00,9.5006e-02
6.6000e+02,9.2640e-01,8.5233e+00,7.5067e+00,3.9713e+00,9.5602e-02
6.7000e+02,9.0599e-01,8.5035e+00,7.5067e+00,3.9912e+00,9.6184e-02
6.8000e+02,8.8607e-01,8.4841e+00,7.5067e+00,4.0105e+00,9.6754e-02
6.9000e+02,8.6663e-01,8.4652e+00,7.5067e+00,4.0294e+00,9.7311e-02
7.0000e+02,8.4765e-01,8.4467e+00,7.5067e+00,4.0478e+00,9.7856e-02
7.1000e+02,8.2913e-01,8.4287e+00,7.5067e+00,4.0658e+00,9.8389e-02
7.2000e+02,8.1104e-01,8.4111e+00,7.5067e+00,4.0834e+00,9.8910e-02
7.3000e+02,7.9339e-01,8.3939e+00,7.5067e+00,4.1005e+00,9.9420e-02
7.4000e+02,7.7615e-01,8.3772e+00,7.5067e+00,4.1173e+00,9.9919e-02
7.5000e+02,7.5931e-01,8.3608e+00,7.5067e+00,4.1336e+00,1.0041e-01
7.6000e+02,7.4287e-01,8.3448e+00,7.5067e+00,4.1496e+00,1.0089e-01
7.7000e+02,7.2681e-01,8.3292e+00,7.5067e+00,4.1652e+00,1.0135e-01
7.8000e+02,7.1113e-01,8.3140e+00,7.5067e+00,4.1804e+00,1.0181e-01
7.9000e+02,6.9581e-01,8.2991e+00,7.5067e+00,4.1953e+00,1.0226e-01
8.0000e+02,6.8085e-01,8.2845e+00,7.5067e+00,4.2098e+00,1.0270e-01
8.1000e+02,6.6623e-01,8.2703e+00,7.5067e+00,4.2240e+00,1.0312e-01
8.2000e+02,6.5195e-01,8.2565e+00,7.5067e+00,4.2379e+00,1.0354e-01
8.3000e+02,6.3799e-01,8.2429e+00,7.5067e+00,4.2514e+00,1.0395e-01
8.4000e+02,6.2435e-01,8.2296e+00,7.5067e+00,4.2646e+00,1.0436e-01
8.5000e+02,6.1103e-01,8.2167e+00,7.5067e+00,4.2776e+00,1.0475e-01
8.6000e+02,5.9801e-01,8.2040e+00,7.5067e+00,4.2902e+00,1.0513e-01
8.7000e+02,5.8528e-01,8.1917e+00,7.5067e+00,4.3026e+00,1.0551e-01
8.8000e+02,5.7284e-01,8.1796e+00,7.5067e+00,4.3146e+00,1.0588e-01
8.9000e+02,5.6068e-01,8.1678e+00,7.5067e+00,4.3264e+00,1.0624e-01
9.0000e+02,5.4880e-01,8.1562e+00,7.5067e+00,4.3380e+00,1.0659e-01
9.1000e+02,5.3718e-01,8.1449e+00,7.5067e+00,4.3492e+00,1.0694e-01
9.2000e+02,5.2582e-01,8.1339e+00,7.5067e+00,4.3602e+00,1.0728e-01
9.3000e+02,5.1472e-01,8.1231e+00,7.5067e+00,4.3710e+00,1.0761e-01
9.4000e+02,5.0386e-01,8.1126e+00,7.5067e+00,4.3816e+00,1.0793e-01
9.5000e+02,4.9325e-01,8.1023e+00,7.5067e+00,4.3919e+00,1.0825e-01
9.6000e+02,4.8287e-01,8.0922e+00,7.5067e+00,4.4019e+00,1.0856e-01
9.7000e+02,4.7272e-01,8.0823e+00,7.5067e+00,4.4118e+00,1.0887e-01
9.8000e+02,4.6279e-01,8.0727e+00,7.5067e+00,4.4214e+00,1.0916e-01
9.9000e+02,4.5309e-01,8.0633e+00,7.5067e+00,4.4308e+00,1.0946e-01
1.0000e+03,4.4360e-01,8.0540e+00,7.5067e+00,4.4400e+00,1.0974e-01
1.0100e+03,4.3431e-01,8.0450e+00,7.5067e+00,4.4490e+00,1.1002e-01
1.0200e+03,4.2523e-01,8.0362e+00,7.5067e+00,4.4578e+00,1.1029e-01
1.0300e+03,4.1635e-01,8.0276e+00,7.5067e+00,4.4664e+00,1.1056e-01
1.0400e+03,4.0766e-01,8.0192e+00,7.5067e+00,4.4749e+00,1.1083e-01
1.0500e+03,3.9916e-01,8.0109e+00,7.5067e+00,4.4831e+00,1.1108e-01
1.0600e+03,3.9085e-01,8.0028e+00,7.5067e+00,4.4912e+00,1.1133e-01
1.0700e+03,3.8272e-01,7.9949e+00,7.5067e+00,4.4990e+00,1.1158e-01
1.0800e+03,3.7476e-01,7.9872e+00,7.5067e+00,4.5068e+00,1.1182e-01
1.0900e+03,3.6698e-01,7.9797e+00,7.5067e+00,4.5143e+00,1.1206e-01
1.1000e+03,3.5936e-01,7.9723e+00,7.5067e+00,4.5217e+00,1.1229e-01
1.1100e+03,3.5191e-01,7.9650e+00,7.5067e+00,4.5289e+00,1.1252e-01
1.1200e+03,3.4462e-01,7.9580e+00,7.5067e+00,4.5360e+00,1.1274e-01
1.1300e+03,3.3749e-01,7.9510e+00,7.5067e+00,4.5429e+00,1.1296e-01
1.1400e+03,3.3051e-01,7.9442e+00,7.5067e+00,4.5497e+00,1.1317e-01
1.1500e+03,3.2368e-01,7.9376e+00,7.5067e+00,4.5563e+00,1.1338e-01
1.1600e+03,3.1699e-01,7.9311e+00,7.5067e+00,4.5628e+00,1.1358e-01
1.1700e+03,3.1045e-01,7.9248e+00,7.5067e+00,4.5691e+00,1.1378e-01
1.1800e+03,3.0405e-01,7.9186e+00,7.5067e+00,4.5753e+00,1.1398e-01
1.1900e+03,2.9778e-01,7.9125e+00,7.5067e+00,4.5814e+00,1.1417e-01
1.2000e+03,2.9165e-01,7.9065e+00,7.5067e+00,4.5873e+00,1.1436e-01
1.2100e+03,2.8565e-01,7.9007e+00,7.5067e+00,4.5932e+00,1.1454e-01
1.2200e+03,2.7977e-01,7.8950e+00,7.5067e+00,4.5989e+00,1.1472e-01
1.2300e+03,2.7402e-01,7.8894e+00,7.5067e+00,4.6044e+00,1.1490e-01
1.2400e+03,2.6839e-01,7.8840e+00,7.5067e+00,4.6099e+00,1.1507e-01
1.2500e+03,2.6289e-01,7.8786e+00,7.5067e+00,4.6152e+00,1.1524e-01
1.2600e+03,2.5749e-01,7.8734e+00,7.5067e+00,4.6204e+00,1.1541e-01
1.2700e+03,2.5221e-01,7.8683e+00,7.5067e+00,4.6256e+00,1.1557e-01
1.2800e+03,2.4705e-01,7.8632e+00,7.5067e+00,4.6306e+00,1.1573e-01
1.2900e+03,2.4199e-01,7.8583e+00,7.5067e+00,4.6355e+00,1.1588e-01
1.3000e+03,2.3704e-01,7.8535e+00,7.5067e+00,4.6403e+00,1.1604e-01
1.3100e+03,2.3219e-01,7.8488e+00,7.5067e+00,4.6450e+00,1.1619e-01
1.3200e+03,2.2744e-01,7.8442e+00,7.5067e+00,4.6496e+00,1.1633e-01
1.3300e+03,2.2279e-01,7.8397e+00,7.5067e+00,4.6541e+00,1.1648e-01
1.3400e+03,2.1824e-01,7.8353e+00,7.5067e+00,4.6585e+00,1.1662e-01
1.3500e+03,2.1379e-01,7.8310e+00,7.5067e+00,4.6628e+00,1.1675e-01
1.3600e+03,2.0943e-01,7.8267e+00,7.5067e+00,4.6670e+00,1.1689e-01
1.3700e+03,2.0516e-01,7.8226e+00,7.5067e+00,4.6712e+00,1.1702e-01
1.3800e+03,2.0098e-01,7.8185e+00,7.5067e+00,4.6752e+00,1.1715e-01
1.3900e+03,1.9688e-01,7.8146e+00,7.5067e+00,4.6792e+00,1.1728e-01
1.4000e+03,1.9287e-01,7.8107e+00,7.5067e+00,4.6831e+00,1.1740e-01
1.4100e+03,1.8895e-01,7.8069e+00,7.5067e+00,4.6869e+00,1.1752e-01
1.4200e+03,1.8510e-01,7.8031e+00,7.5067e+00,4.6906e+00,1.1764e-01
1.4300e+03,1.8134e-01,7.7995e+00,7.5067e+00,4.6942e+00,1.1776e-01
1.4400e+03,1.7765e-01,7.7959e+00,7.5067e+00,4.6978e+00,1.1787e-01
1.4500e+03,1.7405e-01,7.7924e+00,7.5067e+00,4.7013e+00,1.1799e-01
1.4600e+03,1.7051e-01,7.7890e+00,7.5067e+00,4.7047e+00,1.1810e-01
1.4700e+03,1.6705e-01,7.7856e+00,7.5067e+00,4.7081e+00,1.1820e-01
1.4800e+03,1.6366e-01,7.7823e+00,7.5067e+00,4.7114e+00,1.1831e-01
1.4900e+03,1.6034e-01,7.7791e+00,7.5067e+00,4.7146e+00,1.1841e-01
1.5000e+03,1.5709e-01,7.7760e+00,7.5067e+00,4.7177e+00,1.1851e-01
1.5100e+03,1.5390e-01,7.7729e+00,7.5067e+00,4.7208e+00,1.1861e-01
1.5200e+03,1.5079e-01,7.7698e+00,7.5067e+00,4.7239e+00,1.1871e-01
1.5300e+03,1.4773e-01,7.7669e+00,7.5067e+00,4.7268e+00,1.1881e-01
1.5400e+03,1.4474e-01,7.7640e+00,7.5067e+00,4.7297e+00,1.1890e-01
1.5500e+03,1.4181e-01,7.7611e+00,7.5067e+00,4.7325e+00,1.1899e-01
1.5600e+03,1.3894e-01,7.7584e+00,7.5067e+00,4.7353e+00,1.1908e-01
1.5700e+03,1.3613e-01,7.7556e+00,7.5067e+00,4.7380e+00,1.1917e-01
1.5800e+03,1.3338e-01,7.7530e+00,7.5067e+00,4.7407e+00,1.1925e-01
1.5900e+03,1.3068e-01,7.7503e+00,7.5067e+00,4.7433e+00,1.1934e-01
1.6000e+03,1.2804e-01,7.7478e+00,7.5067e+00,4.7459e+00,1.1942e-01
1.6100e+03,1.2545e-01,7.7453e+00,7.5067e+00,4.7484e+00,1.1950e-01
1.6200e+03,1.2292e-01,7.7428e+00,7.5067e+00,4.7508e+00,1.1958e-01
1.6300e+03,1.2044e-01,7.7404e+00,7.5067e+00,4.7533e+00,1.1966e-01
1.6400e+03,1.1801e-01,7.7381e+00,7.5067e+00,4.7556e+00,1.1973e-01
1.6500e+03,1.1563e-01,7.7357e+00,7.5067e+00,4.7579e+00,1.1981e-01
1.6600e+03,1.1329e-01,7.7335e+00,7.5067e+00,4.7602e+00,1.1988e-01
1.6700e+03,1.1101e-01,7.7313e+00,7.5067e+00,4.7624e+00,1.1995e-01
1.6800e+03,1.0877e-01,7.7291e+00,7.5067e+00,4.7646e+00,1.2002e-01
1.6900e+03,1.0658e-01,7.7270e+00,7.5067e+00,4.7667e+00,1.2009e-01
1.7000e+03,1.0443e-01,7.7249e+00,7.5067e+00,4.7688e+00,1.2016e-01
1.7100e+03,1.0233e-01,7.7228e+00,7.5067e+00,4.7708e+00,1.2023e-01
1.7200e+03,1.0026e-01,7.7208e+00,7.5067e+00,4.7728e+00,1.2029e-01
1.7300e+03,9.8245e-02,7.7189e+00,7.5067e+00,4.7747e+00,1.2035e-01
1.7400e+03,9.6267e-02,7.7170e+00,7.5067e+00,4.7767e+00,1.2042e-01
1.7500e+03,9.4329e-02,7.7151e+00,7.5067e+00,4.7785e+00,1.2048e-01
1.7600e+03,9.2431e-02,7.7132e+00,7.5067e+00,4.7804e+00,1.2054e-01
1.7700e+03,9.0571e-02,7.7114e+00,7.5067e+00,4.7822e+00,1.2059e-01
1.7800e+03,8.8749e-02,7.7097e+00,7.5067e+00,4.7839e+00,1.2065e-01
1.7900e+03,8.6964e-02,7.7079e+00,7.5067e+00,4.7857e+00,1.2071e-01
1.8000e+03,8.5215e-02,7.7062e+00,7.5067e+00,4.7874e+00,1.2076e-01
1.8100e+03,8.3502e-02,7.7046e+00,7.5067e+00,4.7890e+00,1.2082e-01
1.8200e+03,8.1824e-02,7.7030e+00,7.5067e+00,4.7907e+00,1.2087e-01
1.8300e+03,8.0179e-02,7.7014e+00,7.5067e+00,4.7922e+00,1.2092e-01
1.8400e+03,7.8568e-02,7.6998e+00,7.5067e+00,4.7938e+00,1.2097e-01
1.8500e+03,7.6990e-02,7.6983e+00,7.5067e+00,4.7953e+00,1.2102e-01
1.8600e+03,7.5444e-02,7.6968e+00,7.5067e+00,4.7968e+00,1.2107e-01
1.8700e+03,7.3929e-02,7.6953e+00,7.5067e+00,4.7983e+00,1.2112e-01
1.8800e+03,7.2444e-02,7.6939e+00,7.5067e+00,4.7997e+00,1.2116e-01
1.8900e+03,7.0990e-02,7.6925e+00,7.5067e+00,4.8011e+00,1.2121e-01
1.9000e+03,6.9565e-02,7.6911e+00,7.5067e+00,4.8025e+00,1.2126e-01
1.9100e+03,6.8169e-02,7.6897e+00,7.5067e+00,4.8039e+00,1.2130e-01
1.9200e+03,6.6801e-02,7.6884e+00,7.5067e+00,4.8052e+00,1.2134e-01
1.9300e+03,6.5461e-02,7.6871e+00,7.5067e+00,4.8065e+00,1.2138e-01
1.9400e+03,6.4148e-02,7.6858e+00,7.5067e+00,4.8078e+00,1.2143e-01
1.9500e+03,6.2861e-02,7.6846e+00,7.5067e+00,4.8090e+00,1.2147e-01
1.9600e+03,6.1601e-02,7.6833e+00,7.5067e+00,4.8102e+00,1.2151e-01
1.9700e+03,6.0366e-02,7.6821e+00,7.5067e+00,4.8114e+00,1.2154e-01
1.9800e+03,5.9156e-02,7.6810e+00,7.5067e+00,4.8126e+00,1.2158e-01
1.9900e+03,5.7970e-02,7.6798e+00,7.5067e+00,4.8138e+00,1.2162e-01
2.0000e+03,5.6808e-02,7.6787e+00,7.5067e+00,4.8149e+00,1.2166e-01
2.0100e+03,5.5670e-02,7.6776e+00,7.5067e+00,4.8160e+00,1.2169e-01
2.0200e+03,5.4554e-02,7.6765e+00,7.5067e+00,4.8171e+00,1.2173e-01
2.0300e+03,5.3461e-02,7.6755e+00,7.5067e+00,4.8181e+00,1.2176e-01
2.0400e+03,5.2391e-02,7.6744e+00,7.5067e+00,4.8192e+00,1.2180e-01
2.0500e+03,5.1341e-02,7.6734e+00,7.5067e+00,4.8202e+00,1.2183e-01
2.0600e+03,5.0313e-02,7.6724e+00,7.5067e+00,4.8212e+00,1.2186e-01
2.0700e+03,4.9306e-02,7.6714e+00,7.5067e+00,4.8221e+00,1.2189e-01
2.0800e+03,4.8319e-02,7.6705e+00,7.5067e+00,4.8231e+00,1.2192e-01
2.0900e+03,4.7351e-02,7.6695e+00,7.5067e+00,4.8240e+00,1.2196e-01
2.1000e+03,4.6403e-02,7.6686e+00,7.5067e+00,4.8250e+00,1.2199e-01
2.1100e+03,4.5475e-02,7.6677e+00,7.5067e+00,4.8259e+00,1.2201e-01
2.1200e+03,4.4565e-02,7.6668e+00,7.5067e+00,4.8267e+00,1.2204e-01
2.1300e+03,4.3673e-02,7.6660e+00,7.5067e+00,4.8276e+00,1.2207e-01
2.1400e+03,4.2799e-02,7.6651e+00,7.5067e+00,4.8284e+00,1.2210e-01
2.1500e+03,4.1943e-02,7.6643e+00,7.5067e+00,4.8293e+00,1.2213e-01
2.1600e+03,4.1104e-02,7.6635e+00,7.5067e+00,4.8301e+00,1.2215e-01
2.1700e+03,4.0282e-02,7.6627e+00,7.5067e+00,4.8309e+00,1.2218e-01
2.1800e+03,3.9476e-02,7.6619e+00,7.5067e+00,4.8317e+00,1.2220e-01
2.1900e+03,3.8686e-02,7.6611e+00,7.5067e+00,4.8324e+00,1.2223e-01
2.2000e+03,3.7913e-02,7.6604e+00,7.5067e+00,4.8332e+00,1.2225e-01
2.2100e+03,3.7155e-02,7.6596e+00,7.5067e+00,4.8339e+00,1.2228e-01
2.2200e+03,3.6412e-02,7.6589e+00,7.5067e+00,4.8346e+00,1.2230e-01
2.2300e+03,3.5684e-02,7.6582e+00,7.5067e+00,4.8353e+00,1.2232e-01
2.2400e+03,3.4971e-02,7.6575e+00,7.5067e+00,4.8360e+00,1.2235e-01
2.2500e+03,3.4272e-02,7.6568e+00,7.5067e+00,4.8367e+00,1.2237e-01
2.2600e+03,3.3587e-02,7.6562e+00,7.5067e+00,4.8374e+00,1.2239e-01
2.2700e+03,3.2915e-02,7.6555e+00,7.5067e+00,4.8380e+00,1.2241e-01
2.2800e+03,3.2258e-02,7.6549e+00,7.5067e+00,4.8387e+00,1.2243e-01
2.2900e+03,3.1613e-02,7.6543e+00,7.5067e+00,4.8393e+00,1.2245e-01
2.3000e+03,3.0981e-02,7.6537e+00,7.5067e+00,4.8399e+00,1.2247e-01
2.3100e+03,3.0362e-02,7.6531e+00,7.5067e+00,4.8405e+00,1.2249e-01
2.3200e+03,2.9756e-02,7.6525e+00,7.5067e+00,4.8411e+00,1.2251e-01
2.3300e+03,2.9161e-02,7.6519e+00,7.5067e+00,4.8417e+00,1.2253e-01
2.3400e+03,2.8579e-02,7.6513e+00,7.5067e+00,4.8422e+00,1.2255e-01
2.3500e+03,2.8008e-02,7.6508e+00,7.5067e+00,4.8428e+00,1.2257e-01
2.3600e+03,2.7449e-02,7.6502e+00,7.5067e+00,4.8433e+00,1.2258e-01
2.3700e+03,2.6901e-02,7.6497e+00,7.5067e+00,4.8438e+00,1.2260e-01
2.3800e+03,2.6363e-02,7.6492e+00,7.5067e+00,4.8444e+00,1.2262e-01
2.3900e+03,2.5837e-02,7.6487e+00,7.5067e+00,4.8449e+00,1.2264e-01
2.4000e+03,2.5321e-02,7.6482e+00,7.5067e+00,4.8454e+00,1.2265e-01
2.4100e+03,2.4815e-02,7.6477e+00,7.5067e+00,4.8459e+00,1.2267e-01
2.4200e+03,2.4320e-02,7.6472e+00,7.5067e+00,4.8463e+00,1.2268e-01
2.4300e+03,2.3835e-02,7.6467e+00,7.5067e+00,4.8468e+00,1.2270e-01
2.4400e+03,2.3359e-02,7.6463e+00,7.5067e+00,4.8473e+00,1.2271e-01
2.4500e+03,2.2892e-02,7.6458e+00,7.5067e+00,4.8477e+00,1.2273e-01
2.4600e+03,2.2435e-02,7.6454e+00,7.5067e+00,4.8482e+00,1.2274e-01
2.4700e+03,2.1988e-02,7.6449e+00,7.5067e+00,4.8486e+00,1.2276e-01
2.4800e+03,2.1549e-02,7.6445e+00,7.5067e+00,4.8490e+00,1.2277e-01
2.4900e+03,2.1119e-02,7.6441e+00,7.5067e+00,4.8494e+00,1.2278e-01
2.5000e+03,2.0697e-02,7.6437e+00,7.5067e+00,4.8499e+00,1.2280e-01
2.5100e+03,2.0284e-02,7.6433e+00,7.5067e+00,4.8503e+00,1.2281e-01
2.5200e+03,1.9880e-02,7.6429e+00,7.5067e+00,4.8506e+00,1.2282e-01
2.5300e+03,1.9483e-02,7.6425e+00,7.5067e+00,4.8510e+00,1.2284e-01
2.5400e+03,1.9094e-02,7.6421e+00,7.5067e+00,4.8514e+00,1.2285e-01
2.5500e+03,1.8713e-02,7.6418e+00,7.5067e+00,4.8518e+00,1.2286e-01
2.5600e+03,1.8340e-02,7.6414e+00,7.5067e+00,4.8521e+00,1.2287e-01
2.5700e+03,1.7974e-02,7.6410e+00,7.5067e+00,4.8525e+00,1.2288e-01
2.5800e+03,1.7615e-02,7.6407e+00,7.5067e+00,4.8528e+00,1.2290e-01
2.5900e+03,1.7264e-02,7.6404e+00,7.5067e+00,4.8532e+00,1.2291e-01
2.6000e+03,1.6920e-02,7.6400e+00,7.5067e+00,4.8535e+00,1.2292e-01
2.6100e+03,1.6582e-02,7.6397e+00,7.5067e+00,4.8538e+00,1.2293e-01
2.6200e+03,1.6251e-02,7.6394e+00,7.5067e+00,4.8542e+00,1.2294e-01
2.6300e+03,1.5927e-02,7.6391e+00,7.5067e+00,4.8545e+00,1.2295e-01
2.6400e+03,1.5610e-02,7.6388e+00,7.5067e+00,4.8548e+00,1.2296e-01
2.6500e+03,1.5298e-02,7.6385e+00,7.5067e+00,4.8551e+00,1.2297e-01
2.6600e+03,1.4993e-02,7.6382e+00,7.5067e+00,4.8554e+00,1.2298e-01
2.6700e+03,1.4694e-02,7.6379e+00,7.5067e+00,4.8557e+00,1.2299e-01
2.6800e+03,1.4401e-02,7.6376e+00,7.5067e+00,4.8559e+00,1.2300e-01
2.6900e+03,1.4114e-02,7.6373e+00,7.5067e+00,4.8562e+00,1.2301e-01
2.7000e+03,1.3833e-02,7.6370e+00,7.5067e+00,4.8565e+00,1.2302e-01
2.7100e+03,1.3557e-02,7.6368e+00,7.5067e+00,4.8568e+00,1.2302e-01
2.7200e+03,1.3286e-02,7.6365e+00,7.5067e+00,4.8570e+00,1.2303e-01
2.7300e+03,1.3022e-02,7.6362e+00,7.5067e+00,4.8573e+00,1.2304e-01
2.7400e+03,1.2762e-02,7.6360e+00,7.5067e+00,4.8575e+00,1.2305e-01
2.7500e+03,1.2507e-02,7.6357e+00,7.5067e+00,4.8578e+00,1.2306e-01
2.7600e+03,1.2258e-02,7.6355e+00,7.5067e+00,4.8580e+00,1.2307e-01
2.7700e+03,1.2014e-02,7.6353e+00,7.5067e+00,4.8583e+00,1.2307e-01
2.7800e+03,1.1774e-02,7.6350e+00,7.5067e+00,4.8585e+00,1.2308e-01
2.7900e+03,1.1540e-02,7.6348e+00,7.5067e+00,4.8587e+00,1.2309e-01
2.8000e+03,1.1309e-02,7.6346e+00,7.5067e+00,4.8589e+00,1.2310e-01
2.8100e+03,1.1084e-02,7.6344e+00,7.5067e+00,4.8592e+00,1.2310e-01
2.8200e+03,1.0863e-02,7.6342e+00,7.5067e+00,4.8594e+00,1.2311e-01
2.8300e+03,1.0647e-02,7.6339e+00,7.5067e+00,4.8596e+00,1.2312e-01
2.8400e+03,1.0434e-02,7.6337e+00,7.5067e+00,4.8598e+00,1.2312e-01
2.8500e+03,1.0226e-02,7.6335e+00,7.5067e+00,4.8600e+00,1.2313e-01
2.8600e+03,1.0023e-02,7.6333e+00,7.5067e+00,4.8602e+00,1.2314e-01
2.8700e+03,9.8228e-03,7.6331e+00,7.5067e+00,4.8604e+00,1.2314e-01
2.8800e+03,9.6270e-03,7.6330e+00,7.5067e+00,4.8606e+00,1.2315e-01
2.8900e+03,9.4352e-03,7.6328e+00,7.5067e+00,4.8608e+00,1.2316e-01
2.9000e+03,9.2471e-03,7.6326e+00,7.5067e+00,4.8609e+00,1.2316e-01
2.9100e+03,9.0628e-03,7.6324e+00,7.5067e+00,4.8611e+00,1.2317e-01
2.9200e+03,8.8822e-03,7.6322e+00,7.5067e+00,4.8613e+00,1.2317e-01
2.9300e+03,8.7052e-03,7.6321e+00,7.5067e+00,4.8615e+00,1.2318e-01
2.9400e+03,8.5317e-03,7.6319e+00,7.5067e+00,4.8616e+00,1.2318e-01
2.9500e+03,8.3617e-03,7.6317e+00,7.5067e+00,4.8618e+00,1.2319e-01
2.9600e+03,8.1951e-03,7.6316e+00,7.5067e+00,4.8620e+00,1.2319e-01
2.9700e+03,8.0318e-03,7.6314e+00,7.5067e+00,4.8621e+00,1.2320e-01
2.9800e+03,7.8718e-03,7.6313e+00,7.5067e+00,4.8623e+00,1.2320e-01
2.9900e+03,7.7149e-03,7.6311e+00,7.5067e+00,4.8624e+00,1.2321e-01
3.0000e+03,7.5612e-03,7.6309e+00,7.5067e+00,4.8626e+00,1.2321e-01
3.0100e+03,7.4105e-03,7.6308e+00,7.5067e+00,4.8627e+00,1.2322e-01
3.0200e+03,7.2629e-03,7.6307e+00,7.5067e+00,4.8629e+00,1.2322e-01
3.0300e+03,7.1182e-03,7.6305e+00,7.5067e+00,4.8630e+00,1.2323e-01
3.0400e+03,6.9763e-03,7.6304e+00,7.5067e+00,4.8631e+00,1.2323e-01
3.0500e+03,6.8373e-03,7.6302e+00,7.5067e+00,4.8633e+00,1.2324e-01
3.0600e+03,6.7011e-03,7.6301e+00,7.5067e+00,4.8634e+00,1.2324e-01
3.0700e+03,6.5676e-03,7.6300e+00,7.5067e+00,4.8635e+00,1.2325e-01
3.0800e+03,6.4368e-03,7.6299e+00,7.5067e+00,4.8637e+00,1.2325e-01
3.0900e+03,6.3085e-03,7.6297e+00,7.5067e+00,4.8638e+00,1.2325e-01
3.1000e+03,6.1828e-03,7.6296e+00,7.5067e+00,4.8639e+00,1.2326e-01
3.1100e+03,6.0597e-03,7.6295e+00,7.5067e+00,4.8640e+00,1.2326e-01
3.1200e+03,5.9390e-03,7.6294e+00,7.5067e+00,4.8641e+00,1.2327e-01
3.1300e+03,5.8206e-03,7.6293e+00,7.5067e+00,4.8643e+00,1.2327e-01
3.1400e+03,5.7047e-03,7.6291e+00,7.5067e+00,4.8644e+00,1.2327e-01
3.1500e+03,5.5910e-03,7.6290e+00,7.5067e+00,4.8645e+00,1.2328e-01
3.1600e+03,5.4797e-03,7.6289e+00,7.5067e+00,4.8646e+00,1.2328e-01
3.1700e+03,5.3705e-03,7.6288e+00,7.5067e+00,4.8647e+00,1.2328e-01
3.1800e+03,5.2635e-03,7.6287e+00,7.5067e+00,4.8648e+00,1.2329e-01
3.1900e+03,5.1587e-03,7.6286e+00,7.5067e+00,4.8649e+00,1.2329e-01
3.2000e+03,5.0559e-03,7.6285e+00,7.5067e+00,4.8650e+00,1.2329e-01
3.2100e+03,4.9552e-03,7.6284e+00,7.5067e+00,4.8651e+00,1.2330e-01
3.2200e+03,4.8565e-03,7.6283e+00,7.5067e+00,4.8652e+00,1.2330e-01
3.2300e+03,4.7598e-03,7.6282e+00,7.5067e+00,4.8653e+00,1.2330e-01
3.2400e+03,4.6650e-03,7.6281e+00,7.5067e+00,4.8654e+00,1.2331e-01
3.2500e+03,4.5720e-03,7.6281e+00,7.5067e+00,4.8655e+00,1.2331e-01
3.2600e+03,4.4810e-03,7.6280e+00,7.5067e+00,4.8656e+00,1.2331e-01
3.2700e+03,4.3917e-03,7.6279e+00,7.5067e+00,4.8656e+00,1.2332e-01
3.2800e+03,4.3043e-03,7.6278e+00,7.5067e+00,4.8657e+00,1.2332e-01
3.2900e+03,4.2185e-03,7.6277e+00,7.5067e+00,4.8658e+00,1.2332e-01
3.3000e+03,4.1345e-03,7.6276e+00,7.5067e+00,4.8659e+00,1.2332e-01
3.3100e+03,4.0522e-03,7.6275e+00,7.5067e+00,4.8660e+00,1.2333e-01
3.3200e+03,3.9714e-03,7.6275e+00,7.5067e+00,4.8660e+00,1.2333e-01
3.3300e+03,3.8923e-03,7.6274e+00,7.5067e+00,4.8661e+00,1.2333e-01
3.3400e+03,3.8148e-03,7.6273e+00,7.5067e+00,4.8662e+00,1.2333e-01
3.3500e+03,3.7388e-03,7.6272e+00,7.5067e+00,4.8663e+00,1.2334e-01
3.3600e+03,3.6644e-03,7.6272e+00,7.5067e+00,4.8663e+00,1.2334e-01
3.3700e+03,3.5914e-03,7.6271e+00,7.5067e+00,4.8664e+00,1.2334e-01
3.3800e+03,3.5199e-03,7.6270e+00,7.5067e+00,4.8665e+00,1.2334e-01
3.3900e+03,3.4498e-03,7.6270e+00,7.5067e+00,4.8666e+00,1.2335e-01
3.4000e+03,3.3811e-03,7.6269e+00,7.5067e+00,4.8666e+00,1.2335e-01
3.4100e+03,3.3137e-03,7.6268e+00,7.5067e+00,4.8667e+00,1.2335e-01
3.4200e+03,3.2477e-03,7.6268e+00,7.5067e+00,4.8667e+00,1.2335e-01
3.4300e+03,3.1831e-03,7.6267e+00,7.5067e+00,4.8668e+00,1.2335e-01
3.4400e+03,3.1197e-03,7.6266e+00,7.5067e+00,4.8669e+00,1.2336e-01
3.4500e+03,3.0575e-03,7.6266e+00,7.5067e+00,4.8669e+00,1.2336e-01
3.4600e+03,2.9966e-03,7.6265e+00,7.5067e+00,4.8670e+00,1.2336e-01
3.4700e+03,2.9370e-03,7.6265e+00,7.5067e+00,4.8670e+00,1.2336e-01
3.4800e+03,2.8785e-03,7.6264e+00,7.5067e+00,4.8671e+00,1.2336e-01
3.4900e+03,2.8212e-03,7.6264e+00,7.5067e+00,4.8672e+00,1.2336e-01
3.5000e+03,2.7650e-03,7.6263e+00,7.5067e+00,4.8672e+00,1.2337e-01
3.5100e+03,2.7099e-03,7.6262e+00,7.5067e+00,4.8673e+00,1.2337e-01
3.5200e+03,2.6560e-03,7.6262e+00,7.5067e+00,4.8673e+00,1.2337e-01
3.5300e+03,2.6031e-03,7.6261e+00,7.5067e+00,4.8674e+00,1.2337e-01
