t,[L2M],[D],[L],[L2MD],[L2Ms]
0.0000e+00,1.0000e+00,5.0000e+00,1.5000e+01,0.0000e+00,0.0000e+00
1.0000e+01,9.9249e-01,4.9935e+00,1.5001e+01,6.5217e-03,3.2630e-04
2.0000e+01,9.8568e-01,4.9870e+00,1.5001e+01,1.3007e-02,6.5122e-04
3.0000e+01,9.7892e-01,4.9805e+00,1.5001e+01,1.9441e-02,9.7392e-04
4.0000e+01,9.7222e-01,4.9742e+00,1.5001e+01,2.5821e-02,1.2944e-03
5.0000e+01,9.6557e-01,4.9678e+00,1.5001e+01,3.2151e-02,1.6127e-03
6.0000e+01,9.5898e-01,4.9615e+00,1.5001e+01,3.8429e-02,1.9289e-03
7.0000e+01,9.5243e-01,4.9553e+00,1.5001e+01,4.4656e-02,2.2429e-03
8.0000e+01,9.4595e-01,4.9491e+00,1.5001e+01,5.0834e-02,2.5547e-03
9.0000e+01,9.3951e-01,4.9430e+00,1.5001e+01,5.6962e-02,2.8644e-03
1.0000e+02,9.3312e-01,4.9369e+00,1.5001e+01,6.3040e-02,3.1721e-03
1.1000e+02,9.2679e-01,4.9309e+00,1.5001e+01,6.9071e-02,3.4776e-03
1.2000e+02,9.2050e-01,4.9249e+00,1.5001e+01,7.5053e-02,3.7811e-03
1.3000e+02,9.1426e-01,4.9190e+00,1.5001e+01,8.0987e-02,4.0825e-03
1.4000e+02,9.0808e-01,4.9131e+00,1.5001e+01,8.6874e-02,4.3819e-03
1.5000e+02,9.0194e-01,4.9072e+00,1.5001e+01,9.2715e-02,4.6793e-03
1.6000e+02,8.9585e-01,4.9014e+00,1.5001e+01,9.8509e-02,4.9746e-03
1.7000e+02,8.8981e-01,4.8957e+00,1.5001e+01,1.0426e-01,5.2680e-03
1.8000e+02,8.8381e-01,4.8900e+00,1.5001e+01,1.0996e-01,5.5594e-03
1.9000e+02,8.7787e-01,4.8843e+00,1.5001e+01,1.1562e-01,5.8489e-03
2.0000e+02,8.7197e-01,4.8787e+00,1.5001e+01,1.2123e-01,6.1364e-03
2.1000e+02,8.6611e-01,4.8731e+00,1.5001e+01,1.2680e-01,6.4219e-03
2.2000e+02,8.6030e-01,4.8676e+00,1.5001e+01,1.3233e-01,6.7056e-03
2.3000e+02,8.5454e-01,4.8621e+00,1.5001e+01,1.3781e-01,6.9874e-03
2.4000e+02,8.4882e-01,4.8566e+00,1.5001e+01,1.4325e-01,7.2672e-03
2.5000e+02,8.4314e-01,4.8512e+00,1.5001e+01,1.4865e-01,7.5453e-03
2.6000e+02,8.3751e-01,4.8459e+00,1.5001e+01,1.5401e-01,7.8214e-03
2.7000e+02,8.3192e-01,4.8406e+00,1.5001e+01,1.5932e-01,8.0957e-03
2.8000e+02,8.2637e-01,4.8353e+00,1.5001e+01,1.6459e-01,8.3682e-03
2.9000e+02,8.2087e-01,4.8301e+00,1.5001e+01,1.6983e-01,8.6389e-03
3.0000e+02,8.1541e-01,4.8249e+00,1.5001e+01,1.7502e-01,8.9078e-03
3.1000e+02,8.0999e-01,4.8197e+00,1.5001e+01,1.8017e-01,9.1749e-03
3.2000e+02,8.0461e-01,4.8146e+00,1.5001e+01,1.8528e-01,9.4402e-03
3.3000e+02,7.9927e-01,4.8095e+00,1.5001e+01,1.9036e-01,9.7038e-03
3.4000e+02,7.9398e-01,4.8045e+00,1.5001e+01,1.9539e-01,9.9656e-03
3.5000e+02,7.8872e-01,4.7995e+00,1.5001e+01,2.0039e-01,1.0226e-02
3.6000e+02,7.8351e-01,4.7945e+00,1.5001e+01,2.0534e-01,1.0484e-02
3.7000e+02,7.7833e-01,4.7896e+00,1.5001e+01,2.1026e-01,1.0741e-02
3.8000e+02,7.7319e-01,4.7847e+00,1.5001e+01,2.1515e-01,1.0996e-02
3.9000e+02,7.6809e-01,4.7799e+00,1.5001e+01,2.1999e-01,1.1249e-02
4.0000e+02,7.6303e-01,4.7750e+00,1.5001e+01,2.2480e-01,1.1501e-02
4.1000e+02,7.5801e-01,4.7703e+00,1.5001e+01,2.2957e-01,1.1751e-02
4.2000e+02,7.5303e-01,4.7655e+00,1.5001e+01,2.3431e-01,1.1999e-02
4.3000e+02,7.4808e-01,4.7608e+00,1.5001e+01,2.3901e-01,1.2246e-02
4.4000e+02,7.4317e-01,4.7562e+00,1.5001e+01,2.4367e-01,1.2491e-02
4.5000e+02,7.3829e-01,4.7515e+00,1.5001e+01,2.4830e-01,1.2734e-02
4.6000e+02,7.3346e-01,4.7469e+00,1.5001e+01,2.5290e-01,1.2976e-02
4.7000e+02,7.2866e-01,4.7424e+00,1.5001e+01,2.5746e-01,1.3217e-02
4.8000e+02,7.2389e-01,4.7378e+00,1.5001e+01,2.6199e-01,1.3455e-02
4.9000e+02,7.1916e-01,4.7333e+00,1.5001e+01,2.6648e-01,1.3692e-02
5.0000e+02,7.1447e-01,4.7289e+00,1.5001e+01,2.7094e-01,1.3928e-02
5.1000e+02,7.0981e-01,4.7244e+00,1.5001e+01,2.7537e-01,1.4162e-02
5.2000e+02,7.0518e-01,4.7200e+00,1.5001e+01,2.7976e-01,1.4395e-02
5.3000e+02,7.0059e-01,4.7157e+00,1.5001e+01,2.8412e-01,1.4626e-02
5.4000e+02,6.9603e-01,4.7114e+00,1.5001e+01,2.8845e-01,1.4855e-02
5.5000e+02,6.9151e-01,4.7071e+00,1.5001e+01,2.9274e-01,1.5084e-02
5.6000e+02,6.8701e-01,4.7028e+00,1.5001e+01,2.9701e-01,1.5310e-02
5.7000e+02,6.8256e-01,4.6986e+00,1.5001e+01,3.0124e-01,1.5535e-02
5.8000e+02,6.7813e-01,4.6943e+00,1.5001e+01,3.0544e-01,1.5759e-02
5.9000e+02,6.7374e-01,4.6902e+00,1.5001e+01,3.0962e-01,1.5981e-02
6.0000e+02,6.6938e-01,4.6860e+00,1.5001e+01,3.1376e-01,1.6202e-02
6.1000e+02,6.6505e-01,4.6819e+00,1.5001e+01,3.1787e-01,1.6421e-02
6.2000e+02,6.6075e-01,4.6778e+00,1.5001e+01,3.2195e-01,1.6639e-02
6.3000e+02,6.5648e-01,4.6738e+00,1.5001e+01,3.2600e-01,1.6856e-02
6.4000e+02,6.5225e-01,4.6698e+00,1.5001e+01,3.3002e-01,1.7071e-02
6.5000e+02,6.4804e-01,4.6658e+00,1.5001e+01,3.3401e-01,1.7285e-02
6.6000e+02,6.4387e-01,4.6618e+00,1.5001e+01,3.3797e-01,1.7497e-02
6.7000e+02,6.3972e-01,4.6579e+00,1.5001e+01,3.4190e-01,1.7708e-02
6.8000e+02,6.3561e-01,4.6540e+00,1.5001e+01,3.4581e-01,1.7918e-02
6.9000e+02,6.3152e-01,4.6501e+00,1.5001e+01,3.4968e-01,1.8126e-02
7.0000e+02,6.2747e-01,4.6462e+00,1.5001e+01,3.5353e-01,1.8333e-02
7.1000e+02,6.2344e-01,4.6424e+00,1.5001e+01,3.5735e-01,1.8539e-02
7.2000e+02,6.1945e-01,4.6386e+00,1.5001e+01,3.6115e-01,1.8743e-02
7.3000e+02,6.1548e-01,4.6348e+00,1.5001e+01,3.6491e-01,1.8946e-02
7.4000e+02,6.1154e-01,4.6311e+00,1.5001e+01,3.6865e-01,1.9148e-02
7.5000e+02,6.0762e-01,4.6274e+00,1.5001e+01,3.7236e-01,1.9348e-02
7.6000e+02,6.0374e-01,4.6237e+00,1.5001e+01,3.7605e-01,1.9547e-02
7.7000e+02,5.9988e-01,4.6200e+00,1.5001e+01,3.7970e-01,1.9745e-02
7.8000e+02,5.9605e-01,4.6164e+00,1.5001e+01,3.8334e-01,1.9942e-02
7.9000e+02,5.9225e-01,4.6128e+00,1.5001e+01,3.8694e-01,2.0137e-02
8.0000e+02,5.8848e-01,4.6092e+00,1.5001e+01,3.9052e-01,2.0331e-02
8.1000e+02,5.8473e-01,4.6057e+00,1.5001e+01,3.9408e-01,2.0524e-02
8.2000e+02,5.8101e-01,4.6021e+00,1.5001e+01,3.9761e-01,2.0716e-02
8.3000e+02,5.7731e-01,4.5986e+00,1.5001e+01,4.0111e-01,2.0907e-02
8.4000e+02,5.7364e-01,4.5951e+00,1.5001e+01,4.0459e-01,2.1096e-02
8.5000e+02,5.7000e-01,4.5917e+00,1.5001e+01,4.0805e-01,2.1284e-02
8.6000e+02,5.6638e-01,4.5882e+00,1.5001e+01,4.1148e-01,2.1471e-02
8.7000e+02,5.6279e-01,4.5848e+00,1.5001e+01,4.1489e-01,2.1656e-02
8.8000e+02,5.5923e-01,4.5814e+00,1.5001e+01,4.1827e-01,2.1841e-02
8.9000e+02,5.5568e-01,4.5781e+00,1.5001e+01,4.2163e-01,2.2024e-02
9.0000e+02,5.5217e-01,4.5748e+00,1.5001e+01,4.2496e-01,2.2206e-02
9.1000e+02,5.4867e-01,4.5714e+00,1.5001e+01,4.2827e-01,2.2387e-02
9.2000e+02,5.4521e-01,4.5681e+00,1.5001e+01,4.3156e-01,2.2567e-02
9.3000e+02,5.4176e-01,4.5649e+00,1.5001e+01,4.3482e-01,2.2746e-02
9.4000e+02,5.3834e-01,4.5616e+00,1.5001e+01,4.3807e-01,2.2924e-02
9.5000e+02,5.3495e-01,4.5584e+00,1.5001e+01,4.4129e-01,2.3100e-02
9.6000e+02,5.3158e-01,4.5552e+00,1.5001e+01,4.4448e-01,2.3275e-02
9.7000e+02,5.2823e-01,4.5520e+00,1.5001e+01,4.4766e-01,2.3450e-02
9.8000e+02,5.2490e-01,4.5489e+00,1.5001e+01,4.5081e-01,2.3623e-02
9.9000e+02,5.2160e-01,4.5458e+00,1.5001e+01,4.5394e-01,2.3795e-02
1.0000e+03,5.1832e-01,4.5426e+00,1.5001e+01,4.5705e-01,2.3966e-02
1.0100e+03,5.1506e-01,4.5396e+00,1.5001e+01,4.6014e-01,2.4136e-02
1.0200e+03,5.1183e-01,4.5365e+00,1.5001e+01,4.6320e-01,2.4305e-02
1.0300e+03,5.0862e-01,4.5334e+00,1.5001e+01,4.6624e-01,2.4473e-02
1.0400e+03,5.0543e-01,4.5304e+00,1.5001e+01,4.6927e-01,2.4639e-02
1.0500e+03,5.0226e-01,4.5274e+00,1.5001e+01,4.7227e-01,2.4805e-02
1.0600e+03,4.9911e-01,4.5244e+00,1.5001e+01,4.7525e-01,2.4970e-02
1.0700e+03,4.9599e-01,4.5215e+00,1.5001e+01,4.7821e-01,2.5133e-02
1.0800e+03,4.9289e-01,4.5185e+00,1.5001e+01,4.8115e-01,2.5296e-02
1.0900e+03,4.8980e-01,4.5156e+00,1.5001e+01,4.8407e-01,2.5458e-02
1.1000e+03,4.8674e-01,4.5127e+00,1.5001e+01,4.8697e-01,2.5618e-02
1.1100e+03,4.8370e-01,4.5098e+00,1.5001e+01,4.8985e-01,2.5778e-02
1.1200e+03,4.8068e-01,4.5070e+00,1.5001e+01,4.9271e-01,2.5937e-02
1.1300e+03,4.7769e-01,4.5041e+00,1.5001e+01,4.9555e-01,2.6094e-02
1.1400e+03,4.7471e-01,4.5013e+00,1.5001e+01,4.9837e-01,2.6251e-02
1.1500e+03,4.7175e-01,4.4985e+00,1.5001e+01,5.0118e-01,2.6406e-02
1.1600e+03,4.6881e-01,4.4957e+00,1.5001e+01,5.0396e-01,2.6561e-02
1.1700e+03,4.6590e-01,4.4929e+00,1.5001e+01,5.0672e-01,2.6715e-02
1.1800e+03,4.6300e-01,4.4902e+00,1.5001e+01,5.0947e-01,2.6868e-02
1.1900e+03,4.6012e-01,4.4875e+00,1.5001e+01,5.1219e-01,2.7019e-02
1.2000e+03,4.5726e-01,4.4848e+00,1.5001e+01,5.1490e-01,2.7170e-02
1.2100e+03,4.5442e-01,4.4821e+00,1.5001e+01,5.1759e-01,2.7320e-02
1.2200e+03,4.5160e-01,4.4794e+00,1.5001e+01,5.2026e-01,2.7469e-02
1.2300e+03,4.4880e-01,4.4767e+00,1.5001e+01,5.2291e-01,2.7617e-02
1.2400e+03,4.4602e-01,4.4741e+00,1.5001e+01,5.2555e-01,2.7765e-02
1.2500e+03,4.4326e-01,4.4715e+00,1.5001e+01,5.2817e-01,2.7911e-02
1.2600e+03,4.4051e-01,4.4689e+00,1.5001e+01,5.3076e-01,2.8056e-02
1.2700e+03,4.3779e-01,4.4663e+00,1.5001e+01,5.3335e-01,2.8201e-02
1.2800e+03,4.3508e-01,4.4637e+00,1.5001e+01,5.3591e-01,2.8344e-02
1.2900e+03,4.3239e-01,4.4612e+00,1.5001e+01,5.3846e-01,2.8487e-02
1.3000e+03,4.2972e-01,4.4586e+00,1.5001e+01,5.4099e-01,2.8629e-02
1.3100e+03,4.2706e-01,4.4561e+00,1.5001e+01,5.4350e-01,2.8770e-02
1.3200e+03,4.2443e-01,4.4536e+00,1.5001e+01,5.4600e-01,2.8910e-02
1.3300e+03,4.2181e-01,4.4512e+00,1.5001e+01,5.4847e-01,2.9049e-02
1.3400e+03,4.1921e-01,4.4487e+00,1.5001e+01,5.5094e-01,2.9187e-02
1.3500e+03,4.1663e-01,4.4462e+00,1.5001e+01,5.5338e-01,2.9325e-02
1.3600e+03,4.1406e-01,4.4438e+00,1.5001e+01,5.5581e-01,2.9461e-02
1.3700e+03,4.1151e-01,4.4414e+00,1.5001e+01,5.5823e-01,2.9597e-02
1.3800e+03,4.0898e-01,4.4390e+00,1.5001e+01,5.6062e-01,2.9732e-02
1.3900e+03,4.0646e-01,4.4366e+00,1.5001e+01,5.6300e-01,2.9866e-02
1.4000e+03,4.0397e-01,4.4343e+00,1.5001e+01,5.6537e-01,3.0000e-02
1.4100e+03,4.0148e-01,4.4319e+00,1.5001e+01,5.6772e-01,3.0132e-02
1.4200e+03,3.9902e-01,4.4296e+00,1.5001e+01,5.7005e-01,3.0264e-02
1.4300e+03,3.9657e-01,4.4272e+00,1.5001e+01,5.7237e-01,3.0395e-02
1.4400e+03,3.9414e-01,4.4249e+00,1.5001e+01,5.7467e-01,3.0525e-02
1.4500e+03,3.9172e-01,4.4227e+00,1.5001e+01,5.7696e-01,3.0654e-02
1.4600e+03,3.8932e-01,4.4204e+00,1.5001e+01,5.7923e-01,3.0782e-02
1.4700e+03,3.8693e-01,4.4181e+00,1.5001e+01,5.8149e-01,3.0910e-02
1.4800e+03,3.8456e-01,4.4159e+00,1.5001e+01,5.8373e-01,3.1037e-02
1.4900e+03,3.8221e-01,4.4136e+00,1.5001e+01,5.8596e-01,3.1163e-02
1.5000e+03,3.7987e-01,4.4114e+00,1.5001e+01,5.8817e-01,3.1289e-02
1.5100e+03,3.7755e-01,4.4092e+00,1.5001e+01,5.9037e-01,3.1413e-02
1.5200e+03,3.7524e-01,4.4070e+00,1.5001e+01,5.9255e-01,3.1537e-02
1.5300e+03,3.7295e-01,4.4049e+00,1.5001e+01,5.9472e-01,3.1660e-02
1.5400e+03,3.7067e-01,4.4027e+00,1.5001e+01,5.9688e-01,3.1782e-02
1.5500e+03,3.6841e-01,4.4006e+00,1.5001e+01,5.9902e-01,3.1904e-02
1.5600e+03,3.6616e-01,4.3985e+00,1.5001e+01,6.0115e-01,3.2025e-02
1.5700e+03,3.6393e-01,4.3963e+00,1.5001e+01,6.0326e-01,3.2145e-02
1.5800e+03,3.6171e-01,4.3942e+00,1.5001e+01,6.0536e-01,3.2264e-02
1.5900e+03,3.5951e-01,4.3921e+00,1.5001e+01,6.0744e-01,3.2383e-02
1.6000e+03,3.5732e-01,4.3901e+00,1.5001e+01,6.0951e-01,3.2501e-02
1.6100e+03,3.5514e-01,4.3880e+00,1.5001e+01,6.1157e-01,3.2618e-02
1.6200e+03,3.5298e-01,4.3860e+00,1.5001e+01,6.1362e-01,3.2735e-02
1.6300e+03,3.5084e-01,4.3839e+00,1.5001e+01,6.1565e-01,3.2850e-02
1.6400e+03,3.4870e-01,4.3819e+00,1.5001e+01,6.1766e-01,3.2966e-02
1.6500e+03,3.4658e-01,4.3799e+00,1.5001e+01,6.1967e-01,3.3080e-02
1.6600e+03,3.4448e-01,4.3779e+00,1.5001e+01,6.2166e-01,3.3194e-02
1.6700e+03,3.4239e-01,4.3759e+00,1.5001e+01,6.2364e-01,3.3307e-02
1.6800e+03,3.4031e-01,4.3740e+00,1.5001e+01,6.2560e-01,3.3419e-02
1.6900e+03,3.3825e-01,4.3720e+00,1.5001e+01,6.2756e-01,3.3531e-02
1.7000e+03,3.3619e-01,4.3701e+00,1.5001e+01,6.2950e-01,3.3642e-02
1.7100e+03,3.3416e-01,4.3682e+00,1.5001e+01,6.3143e-01,3.3752e-02
1.7200e+03,3.3213e-01,4.3662e+00,1.5001e+01,6.3334e-01,3.3861e-02
1.7300e+03,3.3012e-01,4.3643e+00,1.5001e+01,6.3524e-01,3.3970e-02
1.7400e+03,3.2812e-01,4.3624e+00,1.5001e+01,6.3713e-01,3.4079e-02
1.7500e+03,3.2614e-01,4.3606e+00,1.5001e+01,6.3901e-01,3.4186e-02
1.7600e+03,3.2416e-01,4.3587e+00,1.5001e+01,6.4088e-01,3.4293e-02
1.7700e+03,3.2220e-01,4.3568e+00,1.5001e+01,6.4273e-01,3.4400e-02
1.7800e+03,3.2026e-01,4.3550e+00,1.5001e+01,6.4457e-01,3.4505e-02
1.7900e+03,3.1832e-01,4.3532e+00,1.5001e+01,6.4640e-01,3.4610e-02
1.8000e+03,3.1640e-01,4.3513e+00,1.5001e+01,6.4822e-01,3.4715e-02
1.8100e+03,3.1449e-01,4.3495e+00,1.5001e+01,6.5003e-01,3.4819e-02
1.8200e+03,3.1259e-01,4.3477e+00,1.5001e+01,6.5182e-01,3.4922e-02
1.8300e+03,3.1071e-01,4.3460e+00,1.5001e+01,6.5360e-01,3.5024e-02
1.8400e+03,3.0883e-01,4.3442e+00,1.5001e+01,6.5538e-01,3.5126e-02
1.8500e+03,3.0697e-01,4.3424e+00,1.5001e+01,6.5714e-01,3.5228e-02
1.8600e+03,3.0512e-01,4.3407e+00,1.5001e+01,6.5889e-01,3.5328e-02
1.8700e+03,3.0328e-01,4.3389e+00,1.5001e+01,6.6062e-01,3.5429e-02
1.8800e+03,3.0146e-01,4.3372e+00,1.5001e+01,6.6235e-01,3.5528e-02
1.8900e+03,2.9964e-01,4.3355e+00,1.5001e+01,6.6406e-01,3.5627e-02
1.9000e+03,2.9784e-01,4.3338e+00,1.5001e+01,6.6577e-01,3.5725e-02
1.9100e+03,2.9605e-01,4.3321e+00,1.5001e+01,6.6746e-01,3.5823e-02
1.9200e+03,2.9427e-01,4.3304e+00,1.5001e+01,6.6915e-01,3.5920e-02
1.9300e+03,2.9250e-01,4.3287e+00,1.5001e+01,6.7082e-01,3.6017e-02
1.9400e+03,2.9074e-01,4.3271e+00,1.5001e+01,6.7248e-01,3.6113e-02
1.9500e+03,2.8900e-01,4.3254e+00,1.5001e+01,6.7413e-01,3.6208e-02
1.9600e+03,2.8726e-01,4.3238e+00,1.5001e+01,6.7577e-01,3.6303e-02
1.9700e+03,2.8554e-01,4.3221e+00,1.5001e+01,6.7740e-01,3.6397e-02
1.9800e+03,2.8382e-01,4.3205e+00,1.5001e+01,6.7902e-01,3.6491e-02
1.9900e+03,2.8212e-01,4.3189e+00,1.5001e+01,6.8063e-01,3.6584e-02
2.0000e+03,2.8043e-01,4.3173e+00,1.5001e+01,6.8223e-01,3.6676e-02
2.0100e+03,2.7875e-01,4.3157e+00,1.5001e+01,6.8382e-01,3.6768e-02
2.0200e+03,2.7708e-01,4.3141e+00,1.5001e+01,6.8539e-01,3.6860e-02
2.0300e+03,2.7542e-01,4.3126e+00,1.5001e+01,6.8696e-01,3.6951e-02
2.0400e+03,2.7377e-01,4.3110e+00,1.5001e+01,6.8852e-01,3.7041e-02
2.0500e+03,2.7213e-01,4.3095e+00,1.5001e+01,6.9007e-01,3.7131e-02
2.0600e+03,2.7050e-01,4.3079e+00,1.5001e+01,6.9161e-01,3.7220e-02
2.0700e+03,2.6889e-01,4.3064e+00,1.5001e+01,6.9314e-01,3.7309e-02
2.0800e+03,2.6728e-01,4.3049e+00,1.5001e+01,6.9466e-01,3.7397e-02
2.0900e+03,2.6568e-01,4.3034e+00,1.5001e+01,6.9617e-01,3.7485e-02
2.1000e+03,2.6409e-01,4.3019e+00,1.5001e+01,6.9767e-01,3.7572e-02
2.1100e+03,2.6252e-01,4.3004e+00,1.5001e+01,6.9916e-01,3.7659e-02
2.1200e+03,2.6095e-01,4.2989e+00,1.5001e+01,7.0064e-01,3.7745e-02
2.1300e+03,2.5939e-01,4.2974e+00,1.5001e+01,7.0211e-01,3.7831e-02
2.1400e+03,2.5784e-01,4.2960e+00,1.5001e+01,7.0358e-01,3.7916e-02
2.1500e+03,2.5630e-01,4.2945e+00,1.5001e+01,7.0503e-01,3.8000e-02
2.1600e+03,2.5478e-01,4.2931e+00,1.5001e+01,7.0647e-01,3.8084e-02
2.1700e+03,2.5326e-01,4.2916e+00,1.5001e+01,7.0791e-01,3.8168e-02
2.1800e+03,2.5175e-01,4.2902e+00,1.5001e+01,7.0934e-01,3.8251e-02
2.1900e+03,2.5025e-01,4.2888e+00,1.5001e+01,7.1075e-01,3.8334e-02
2.2000e+03,2.4876e-01,4.2874e+00,1.5001e+01,7.1216e-01,3.8416e-02
2.2100e+03,2.4728e-01,4.2860e+00,1.5001e+01,7.1356e-01,3.8497e-02
2.2200e+03,2.4580e-01,4.2846e+00,1.5001e+01,7.1495e-01,3.8579e-02
2.2300e+03,2.4434e-01,4.2832e+00,1.5001e+01,7.1633e-01,3.8659e-02
2.2400e+03,2.4289e-01,4.2818e+00,1.5001e+01,7.1771e-01,3.8739e-02
2.2500e+03,2.4144e-01,4.2804e+00,1.5001e+01,7.1907e-01,3.8819e-02
2.2600e+03,2.4001e-01,4.2791e+00,1.5001e+01,7.2043e-01,3.8898e-02
2.2700e+03,2.3858e-01,4.2777e+00,1.5001e+01,7.2178e-01,3.8977e-02
2.2800e+03,2.3716e-01,4.2764e+00,1.5001e+01,7.2312e-01,3.9055e-02
2.2900e+03,2.3575e-01,4.2751e+00,1.5001e+01,7.2445e-01,3.9133e-02
2.3000e+03,2.3435e-01,4.2737e+00,1.5001e+01,7.2577e-01,3.9211e-02
2.3100e+03,2.3296e-01,4.2724e+00,1.5001e+01,7.2708e-01,3.9288e-02
2.3200e+03,2.3158e-01,4.2711e+00,1.5001e+01,7.2839e-01,3.9364e-02
2.3300e+03,2.3021e-01,4.2698e+00,1.5001e+01,7.2969e-01,3.9440e-02
2.3400e+03,2.2884e-01,4.2685e+00,1.5001e+01,7.3098e-01,3.9515e-02
2.3500e+03,2.2748e-01,4.2672e+00,1.5001e+01,7.3226e-01,3.9591e-02
2.3600e+03,2.2613e-01,4.2660e+00,1.5001e+01,7.3353e-01,3.9665e-02
2.3700e+03,2.2479e-01,4.2647e+00,1.5001e+01,7.3480e-01,3.9739e-02
2.3800e+03,2.2346e-01,4.2634e+00,1.5001e+01,7.3606e-01,3.9813e-02
2.3900e+03,2.2214e-01,4.2622e+00,1.5001e+01,7.3731e-01,3.9887e-02
2.4000e+03,2.2082e-01,4.2610e+00,1.5001e+01,7.3855e-01,3.9959e-02
2.4100e+03,2.1952e-01,4.2597e+00,1.5001e+01,7.3979e-01,4.0032e-02
2.4200e+03,2.1822e-01,4.2585e+00,1.5001e+01,7.4101e-01,4.0104e-02
2.4300e+03,2.1692e-01,4.2573e+00,1.5001e+01,7.4223e-01,4.0176e-02
2.4400e+03,2.1564e-01,4.2561e+00,1.5001e+01,7.4345e-01,4.0247e-02
2.4500e+03,2.1437e-01,4.2549e+00,1.5001e+01,7.4465e-01,4.0318e-02
2.4600e+03,2.1310e-01,4.2537e+00,1.5001e+01,7.4585e-01,4.0388e-02
2.4700e+03,2.1184e-01,4.2525e+00,1.5001e+01,7.4704e-01,4.0458e-02
2.4800e+03,2.1059e-01,4.2513e+00,1.5001e+01,7.4822e-01,4.0527e-02
2.4900e+03,2.0934e-01,4.2501e+00,1.5001e+01,7.4939e-01,4.0596e-02
2.5000e+03,2.0811e-01,4.2489e+00,1.5001e+01,7.5056e-01,4.0665e-02
2.5100e+03,2.0688e-01,4.2478e+00,1.5001e+01,7.5172e-01,4.0733e-02
2.5200e+03,2.0566e-01,4.2466e+00,1.5001e+01,7.5288e-01,4.0801e-02
2.5300e+03,2.0444e-01,4.2455e+00,1.5001e+01,7.5402e-01,4.0869e-02
2.5400e+03,2.0324e-01,4.2443e+00,1.5001e+01,7.5516e-01,4.0936e-02
2.5500e+03,2.0204e-01,4.2432e+00,1.5001e+01,7.5629e-01,4.1003e-02
2.5600e+03,2.0085e-01,4.2421e+00,1.5001e+01,7.5742e-01,4.1069e-02
2.5700e+03,1.9966e-01,4.2410e+00,1.5001e+01,7.5854e-01,4.1135e-02
2.5800e+03,1.9848e-01,4.2398e+00,1.5001e+01,7.5965e-01,4.1200e-02
2.5900e+03,1.9731e-01,4.2387e+00,1.5001e+01,7.6075e-01,4.1266e-02
2.6000e+03,1.9615e-01,4.2376e+00,1.5001e+01,7.6185e-01,4.1330e-02
2.6100e+03,1.9500e-01,4.2365e+00,1.5001e+01,7.6294e-01,4.1395e-02
2.6200e+03,1.9385e-01,4.2355e+00,1.5001e+01,7.6403e-01,4.1459e-02
2.6300e+03,1.9271e-01,4.2344e+00,1.5001e+01,7.6510e-01,4.1522e-02
2.6400e+03,1.9157e-01,4.2333e+00,1.5001e+01,7.6618e-01,4.1586e-02
2.6500e+03,1.9044e-01,4.2322e+00,1.5001e+01,7.6724e-01,4.1648e-02
2.6600e+03,1.8932e-01,4.2312e+00,1.5001e+01,7.6830e-01,4.1711e-02
2.6700e+03,1.8821e-01,4.2301e+00,1.5001e+01,7.6935e-01,4.1773e-02
2.6800e+03,1.8710e-01,4.2291e+00,1.5001e+01,7.7040e-01,4.1835e-02
2.6900e+03,1.8600e-01,4.2281e+00,1.5001e+01,7.7143e-01,4.1896e-02
2.7000e+03,1.8491e-01,4.2270e+00,1.5001e+01,7.7247e-01,4.1957e-02
2.7100e+03,1.8382e-01,4.2260e+00,1.5001e+01,7.7349e-01,4.2018e-02
2.7200e+03,1.8274e-01,4.2250e+00,1.5001e+01,7.7451e-01,4.2078e-02
2.7300e+03,1.8167e-01,4.2240e+00,1.5001e+01,7.7553e-01,4.2138e-02
2.7400e+03,1.8060e-01,4.2229e+00,1.5001e+01,7.7653e-01,4.2198e-02
2.7500e+03,1.7954e-01,4.2219e+00,1.5001e+01,7.7753e-01,4.2257e-02
2.7600e+03,1.7849e-01,4.2210e+00,1.5001e+01,7.7853e-01,4.2316e-02
2.7700e+03,1.7744e-01,4.2200e+00,1.5001e+01,7.7952e-01,4.2375e-02
2.7800e+03,1.7640e-01,4.2190e+00,1.5001e+01,7.8050e-01,4.2433e-02
2.7900e+03,1.7537e-01,4.2180e+00,1.5001e+01,7.8148e-01,4.2491e-02
2.8000e+03,1.7434e-01,4.2170e+00,1.5001e+01,7.8245e-01,4.2548e-02
2.8100e+03,1.7331e-01,4.2161e+00,1.5001e+01,7.8341e-01,4.2606e-02
2.8200e+03,1.7230e-01,4.2151e+00,1.5001e+01,7.8437e-01,4.2662e-02
2.8300e+03,1.7129e-01,4.2141e+00,1.5001e+01,7.8533e-01,4.2719e-02
2.8400e+03,1.7028e-01,4.2132e+00,1.5001e+01,7.8627e-01,4.2775e-02
2.8500e+03,1.6929e-01,4.2123e+00,1.5001e+01,7.8722e-01,4.2831e-02
2.8600e+03,1.6830e-01,4.2113e+00,1.5001e+01,7.8815e-01,4.2887e-02
2.8700e+03,1.6731e-01,4.2104e+00,1.5001e+01,7.8908e-01,4.2942e-02
2.8800e+03,1.6633e-01,4.2095e+00,1.5001e+01,7.9001e-01,4.2997e-02
2.8900e+03,1.6536e-01,4.2085e+00,1.5001e+01,7.9093e-01,4.3051e-02
2.9000e+03,1.6439e-01,4.2076e+00,1.5001e+01,7.9184e-01,4.3106e-02
2.9100e+03,1.6343e-01,4.2067e+00,1.5001e+01,7.9275e-01,4.3160e-02
2.9200e+03,1.6247e-01,4.2058e+00,1.5001e+01,7.9365e-01,4.3213e-02
2.9300e+03,1.6152e-01,4.2049e+00,1.5001e+01,7.9455e-01,4.3267e-02
2.9400e+03,1.6058e-01,4.2040e+00,1.5001e+01,7.9544e-01,4.3320e-02
2.9500e+03,1.5964e-01,4.2031e+00,1.5001e+01,7.9633e-01,4.3372e-02
2.9600e+03,1.5870e-01,4.2023e+00,1.5001e+01,7.9721e-01,4.3425e-02
2.9700e+03,1.5778e-01,4.2014e+00,1.5001e+01,7.9808e-01,4.3477e-02
2.9800e+03,1.5685e-01,4.2005e+00,1.5001e+01,7.9895e-01,4.3529e-02
2.9900e+03,1.5594e-01,4.1996e+00,1.5001e+01,7.9982e-01,4.3580e-02
3.0000e+03,1.5503e-01,4.1988e+00,1.5001e+01,8.0068e-01,4.3631e-02
3.0100e+03,1.5412e-01,4.1979e+00,1.5001e+01,8.0153e-01,4.3682e-02
3.0200e+03,1.5322e-01,4.1971e+00,1.5001e+01,8.0238e-01,4.3733e-02
3.0300e+03,1.5233e-01,4.1962e+00,1.5001e+01,8.0322e-01,4.3783e-02
3.0400e+03,1.5144e-01,4.1954e+00,1.5001e+01,8.0406e-01,4.3833e-02
3.0500e+03,1.5055e-01,4.1946e+00,1.5001e+01,8.0490e-01,4.3883e-02
3.0600e+03,1.4967e-01,4.1937e+00,1.5001e+01,8.0573e-01,4.3932e-02
3.0700e+03,1.4880e-01,4.1929e+00,1.5001e+01,8.0655e-01,4.3981e-02
3.0800e+03,1.4793e-01,4.1921e+00,1.5001e+01,8.0737e-01,4.4030e-02
3.0900e+03,1.4707e-01,4.1913e+00,1.5001e+01,8.0818e-01,4.4079e-02
3.1000e+03,1.4621e-01,4.1905e+00,1.5001e+01,8.0899e-01,4.4127e-02
3.1100e+03,1.4536e-01,4.1897e+00,1.5001e+01,8.0980e-01,4.4175e-02
3.1200e+03,1.4451e-01,4.1889e+00,1.5001e+01,8.1060e-01,4.4223e-02
3.1300e+03,1.4367e-01,4.1881e+00,1.5001e+01,8.1139e-01,4.4270e-02
3.1400e+03,1.4283e-01,4.1873e+00,1.5001e+01,8.1218e-01,4.4317e-02
3.1500e+03,1.4200e-01,4.1865e+00,1.5001e+01,8.1297e-01,4.4364e-02
3.1600e+03,1.4118e-01,4.1857e+00,1.5001e+01,8.1375e-01,4.4411e-02
3.1700e+03,1.4035e-01,4.1849e+00,1.5001e+01,8.1452e-01,4.4457e-02
3.1800e+03,1.3954e-01,4.1842e+00,1.5001e+01,8.1529e-01,4.4503e-02
3.1900e+03,1.3872e-01,4.1834e+00,1.5001e+01,8.1606e-01,4.4549e-02
3.2000e+03,1.3792e-01,4.1826e+00,1.5001e+01,8.1682e-01,4.4595e-02
3.2100e+03,1.3711e-01,4.1819e+00,1.5001e+01,8.1758e-01,4.4640e-02
3.2200e+03,1.3632e-01,4.1811e+00,1.5001e+01,8.1833e-01,4.4685e-02
3.2300e+03,1.3552e-01,4.1804e+00,1.5001e+01,8.1908e-01,4.4730e-02
3.2400e+03,1.3473e-01,4.1796e+00,1.5001e+01,8.1983e-01,4.4774e-02
3.2500e+03,1.3395e-01,4.1789e+00,1.5001e+01,8.2056e-01,4.4818e-02
3.2600e+03,1.3317e-01,4.1782e+00,1.5001e+01,8.2130e-01,4.4862e-02
3.2700e+03,1.3240e-01,4.1774e+00,1.5001e+01,8.2203e-01,4.4906e-02
3.2800e+03,1.3163e-01,4.1767e+00,1.5001e+01,8.2276e-01,4.4949e-02
3.2900e+03,1.3086e-01,4.1760e+00,1.5001e+01,8.2348e-01,4.4993e-02
3.3000e+03,1.3010e-01,4.1753e+00,1.5001e+01,8.2420e-01,4.5036e-02
3.3100e+03,1.2935e-01,4.1745e+00,1.5001e+01,8.2491e-01,4.5078e-02
3.3200e+03,1.2860e-01,4.1738e+00,1.5001e+01,8.2562e-01,4.5121e-02
3.3300e+03,1.2785e-01,4.1731e+00,1.5001e+01,8.2632e-01,4.5163e-02
3.3400e+03,1.2711e-01,4.1724e+00,1.5001e+01,8.2702e-01,4.5205e-02
3.3500e+03,1.2637e-01,4.1717e+00,1.5001e+01,8.2772e-01,4.5247e-02
3.3600e+03,1.2563e-01,4.1710e+00,1.5001e+01,8.2841e-01,4.5288e-02
3.3700e+03,1.2491e-01,4.1703e+00,1.5001e+01,8.2910e-01,4.5329e-02
3.3800e+03,1.2418e-01,4.1697e+00,1.5001e+01,8.2978e-01,4.5370e-02
3.3900e+03,1.2346e-01,4.1690e+00,1.5001e+01,8.3046e-01,4.5411e-02
3.4000e+03,1.2274e-01,4.1683e+00,1.5001e+01,8.3114e-01,4.5452e-02
3.4100e+03,1.2203e-01,4.1676e+00,1.5001e+01,8.3181e-01,4.5492e-02
3.4200e+03,1.2132e-01,4.1670e+00,1.5001e+01,8.3248e-01,4.5532e-02
3.4300e+03,1.2062e-01,4.1663e+00,1.5001e+01,8.3314e-01,4.5572e-02
3.4400e+03,1.1992e-01,4.1656e+00,1.5001e+01,8.3380e-01,4.5611e-02
3.4500e+03,1.1923e-01,4.1650e+00,1.5001e+01,8.3446e-01,4.5651e-02
3.4600e+03,1.1853e-01,4.1643e+00,1.5001e+01,8.3511e-01,4.5690e-02
3.4700e+03,1.1785e-01,4.1637e+00,1.5001e+01,8.3576e-01,4.5729e-02
3.4800e+03,1.1716e-01,4.1630e+00,1.5001e+01,8.3640e-01,4.5768e-02
3.4900e+03,1.1649e-01,4.1624e+00,1.5001e+01,8.3704e-01,4.5806e-02
3.5000e+03,1.1581e-01,4.1618e+00,1.5001e+01,8.3768e-01,4.5844e-02
3.5100e+03,1.1514e-01,4.1611e+00,1.5001e+01,8.3831e-01,4.5882e-02
3.5200e+03,1.1447e-01,4.1605e+00,1.5001e+01,8.3894e-01,4.5920e-02
3.5300e+03,1.1381e-01,4.1599e+00,1.5001e+01,8.3957e-01,4.5958e-02
3.5400e+03,1.1315e-01,4.1593e+00,1.5001e+01,8.4019e-01,4.5995e-02
3.5500e+03,1.1250e-01,4.1586e+00,1.5001e+01,8.4081e-01,4.6032e-02
3.5600e+03,1.1184e-01,4.1580e+00,1.5001e+01,8.4142e-01,4.6069e-02
3.5700e+03,1.1120e-01,4.1574e+00,1.5001e+01,8.4203e-01,4.6106e-02
3.5800e+03,1.1055e-01,4.1568e+00,1.5001e+01,8.4264e-01,4.6142e-02
3.5900e+03,1.0991e-01,4.1562e+00,1.5001e+01,8.4324e-01,4.6179e-02
3.6000e+03,1.0928e-01,4.1556e+00,1.5001e+01,8.4384e-01,4.6215e-02
3.6100e+03,1.0865e-01,4.1550e+00,1.5001e+01,8.4444e-01,4.6251e-02
3.6200e+03,1.0802e-01,4.1544e+00,1.5001e+01,8.4503e-01,4.6286e-02
3.6300e+03,1.0739e-01,4.1538e+00,1.5001e+01,8.4562e-01,4.6322e-02
3.6400e+03,1.0677e-01,4.1532e+00,1.5001e+01,8.4621e-01,4.6357e-02
3.6500e+03,1.0615e-01,4.1526e+00,1.5001e+01,8.4679e-01,4.6392e-02
3.6600e+03,1.0554e-01,4.1521e+00,1.5001e+01,8.4737e-01,4.6427e-02
3.6700e+03,1.0493e-01,4.1515e+00,1.5001e+01,8.4794e-01,4.6461e-02
3.6800e+03,1.0432e-01,4.1509e+00,1.5001e+01,8.4851e-01,4.6496e-02
3.6900e+03,1.0372e-01,4.1504e+00,1.5001e+01,8.4908e-01,4.6530e-02
3.7000e+03,1.0312e-01,4.1498e+00,1.5001e+01,8.4965e-01,4.6564e-02
3.7100e+03,1.0253e-01,4.1492e+00,1.5001e+01,8.5021e-01,4.6598e-02
3.7200e+03,1.0193e-01,4.1487e+00,1.5001e+01,8.5077e-01,4.6632e-02
3.7300e+03,1.0135e-01,4.1481e+00,1.5001e+01,8.5132e-01,4.6665e-02
3.7400e+03,1.0076e-01,4.1476e+00,1.5001e+01,8.5188e-01,4.6698e-02
3.7500e+03,1.0018e-01,4.1470e+00,1.5001e+01,8.5242e-01,4.6732e-02
3.7600e+03,9.9600e-02,4.1465e+00,1.5001e+01,8.5297e-01,4.6764e-02
3.7700e+03,9.9025e-02,4.1459e+00,1.5001e+01,8.5351e-01,4.6797e-02
3.7800e+03,9.8453e-02,4.1454e+00,1.5001e+01,8.5405e-01,4.6830e-02
3.7900e+03,9.7885e-02,4.1448e+00,1.5001e+01,8.5459e-01,4.6862e-02
3.8000e+03,9.7320e-02,4.1443e+00,1.5001e+01,8.5512e-01,4.6894e-02
3.8100e+03,9.6759e-02,4.1438e+00,1.5001e+01,8.5565e-01,4.6926e-02
3.8200e+03,9.6200e-02,4.1433e+00,1.5001e+01,8.5618e-01,4.6958e-02
3.8300e+03,9.5645e-02,4.1427e+00,1.5001e+01,8.5670e-01,4.6989e-02
3.8400e+03,9.5094e-02,4.1422e+00,1.5001e+01,8.5722e-01,4.7021e-02
3.8500e+03,9.4545e-02,4.1417e+00,1.5001e+01,8.5774e-01,4.7052e-02
3.8600e+03,9.4000e-02,4.1412e+00,1.5001e+01,8.5825e-01,4.7083e-02
3.8700e+03,9.3458e-02,4.1407e+00,1.5001e+01,8.5876e-01,4.7114e-02
3.8800e+03,9.2919e-02,4.1402e+00,1.5001e+01,8.5927e-01,4.7145e-02
3.8900e+03,9.2383e-02,4.1397e+00,1.5001e+01,8.5978e-01,4.7175e-02
3.9000e+03,9.1851e-02,4.1391e+00,1.5001e+01,8.6028e-01,4.7205e-02
3.9100e+03,9.1322e-02,4.1386e+00,1.5001e+01,8.6078e-01,4.7236e-02
3.9200e+03,9.0795e-02,4.1382e+00,1.5001e+01,8.6127e-01,4.7266e-02
3.9300e+03,9.0272e-02,4.1377e+00,1.5001e+01,8.6177e-01,4.7295e-02
3.9400e+03,8.9752e-02,4.1372e+00,1.5001e+01,8.6226e-01,4.7325e-02
3.9500e+03,8.9235e-02,4.1367e+00,1.5001e+01,8.6274e-01,4.7354e-02
3.9600e+03,8.8721e-02,4.1362e+00,1.5001e+01,8.6323e-01,4.7384e-02
3.9700e+03,8.8210e-02,4.1357e+00,1.5001e+01,8.6371e-01,4.7413e-02
3.9800e+03,8.7702e-02,4.1352e+00,1.5001e+01,8.6419e-01,4.7442e-02
3.9900e+03,8.7197e-02,4.1348e+00,1.5001e+01,8.6467e-01,4.7471e-02
4.0000e+03,8.6695e-02,4.1343e+00,1.5001e+01,8.6514e-01,4.7499e-02
4.0100e+03,8.6196e-02,4.1338e+00,1.5001e+01,8.6561e-01,4.7528e-02
4.0200e+03,8.5700e-02,4.1333e+00,1.5001e+01,8.6608e-01,4.7556e-02
4.0300e+03,8.5206e-02,4.1329e+00,1.5001e+01,8.6654e-01,4.7584e-02
4.0400e+03,8.4716e-02,4.1324e+00,1.5001e+01,8.6701e-01,4.7612e-02
4.0500e+03,8.4228e-02,4.1320e+00,1.5001e+01,8.6747e-01,4.7640e-02
4.0600e+03,8.3744e-02,4.1315e+00,1.5001e+01,8.6792e-01,4.7668e-02
4.0700e+03,8.3262e-02,4.1310e+00,1.5001e+01,8.6838e-01,4.7695e-02
4.0800e+03,8.2783e-02,4.1306e+00,1.5001e+01,8.6883e-01,4.7722e-02
4.0900e+03,8.2307e-02,4.1301e+00,1.5001e+01,8.6928e-01,4.7750e-02
4.1000e+03,8.1833e-02,4.1297e+00,1.5001e+01,8.6972e-01,4.7777e-02
4.1100e+03,8.1363e-02,4.1293e+00,1.5001e+01,8.7017e-01,4.7804e-02
4.1200e+03,8.0895e-02,4.1288e+00,1.5001e+01,8.7061e-01,4.7830e-02
4.1300e+03,8.0430e-02,4.1284e+00,1.5001e+01,8.7105e-01,4.7857e-02
4.1400e+03,7.9967e-02,4.1279e+00,1.5001e+01,8.7148e-01,4.7883e-02
4.1500e+03,7.9507e-02,4.1275e+00,1.5001e+01,8.7192e-01,4.7909e-02
4.1600e+03,7.9050e-02,4.1271e+00,1.5001e+01,8.7235e-01,4.7936e-02
4.1700e+03,7.8596e-02,4.1266e+00,1.5001e+01,8.7278e-01,4.7962e-02
4.1800e+03,7.8144e-02,4.1262e+00,1.5001e+01,8.7320e-01,4.7987e-02
4.1900e+03,7.7695e-02,4.1258e+00,1.5001e+01,8.7363e-01,4.8013e-02
4.2000e+03,7.7249e-02,4.1254e+00,1.5001e+01,8.7405e-01,4.8038e-02
4.2100e+03,7.6805e-02,4.1250e+00,1.5001e+01,8.7447e-01,4.8064e-02
4.2200e+03,7.6364e-02,4.1245e+00,1.5001e+01,8.7488e-01,4.8089e-02
4.2300e+03,7.5925e-02,4.1241e+00,1.5001e+01,8.7529e-01,4.8114e-02
4.2400e+03,7.5489e-02,4.1237e+00,1.5001e+01,8.7571e-01,4.8139e-02
4.2500e+03,7.5055e-02,4.1233e+00,1.5001e+01,8.7611e-01,4.8164e-02
4.2600e+03,7.4624e-02,4.1229e+00,1.5001e+01,8.7652e-01,4.8188e-02
4.2700e+03,7.4196e-02,4.1225e+00,1.5001e+01,8.7693e-01,4.8213e-02
4.2800e+03,7.3770e-02,4.1221e+00,1.5001e+01,8.7733e-01,4.8237e-02
4.2900e+03,7.3346e-02,4.1217e+00,1.5001e+01,8.7773e-01,4.8262e-02
4.3000e+03,7.2925e-02,4.1213e+00,1.5001e+01,8.7812e-01,4.8286e-02
4.3100e+03,7.2506e-02,4.1209e+00,1.5001e+01,8.7852e-01,4.8310e-02
4.3200e+03,7.2090e-02,4.1205e+00,1.5001e+01,8.7891e-01,4.8333e-02
4.3300e+03,7.1676e-02,4.1201e+00,1.5001e+01,8.7930e-01,4.8357e-02
4.3400e+03,7.1265e-02,4.1197e+00,1.5001e+01,8.7969e-01,4.8381e-02
4.3500e+03,7.0856e-02,4.1193e+00,1.5001e+01,8.8007e-01,4.8404e-02
4.3600e+03,7.0450e-02,4.1190e+00,1.5001e+01,8.8046e-01,4.8427e-02
4.3700e+03,7.0045e-02,4.1186e+00,1.5001e+01,8.8084e-01,4.8450e-02
4.3800e+03,6.9643e-02,4.1182e+00,1.5001e+01,8.8122e-01,4.8473e-02
4.3900e+03,6.9244e-02,4.1178e+00,1.5001e+01,8.8159e-01,4.8496e-02
4.4000e+03,6.8847e-02,4.1174e+00,1.5001e+01,8.8197e-01,4.8519e-02
4.4100e+03,6.8452e-02,4.1171e+00,1.5001e+01,8.8234e-01,4.8542e-02
4.4200e+03,6.8059e-02,4.1167e+00,1.5001e+01,8.8271e-01,4.8564e-02
4.4300e+03,6.7669e-02,4.1163e+00,1.5001e+01,8.8308e-01,4.8586e-02
4.4400e+03,6.7281e-02,4.1160e+00,1.5001e+01,8.8344e-01,4.8609e-02
4.4500e+03,6.6895e-02,4.1156e+00,1.5001e+01,8.8381e-01,4.8631e-02
4.4600e+03,6.6512e-02,4.1152e+00,1.5001e+01,8.8417e-01,4.8653e-02
4.4700e+03,6.6130e-02,4.1149e+00,1.5001e+01,8.8453e-01,4.8675e-02
4.4800e+03,6.5751e-02,4.1145e+00,1.5001e+01,8.8489e-01,4.8696e-02
4.4900e+03,6.5375e-02,4.1142e+00,1.5001e+01,8.8524e-01,4.8718e-02
4.5000e+03,6.5000e-02,4.1138e+00,1.5001e+01,8.8559e-01,4.8739e-02
4.5100e+03,6.4627e-02,4.1135e+00,1.5001e+01,8.8595e-01,4.8761e-02
4.5200e+03,6.4257e-02,4.1131e+00,1.5001e+01,8.8629e-01,4.8782e-02
4.5300e+03,6.3889e-02,4.1128e+00,1.5001e+01,8.8664e-01,4.8803e-02
4.5400e+03,6.3523e-02,4.1124e+00,1.5001e+01,8.8699e-01,4.8824e-02
4.5500e+03,6.3159e-02,4.1121e+00,1.5001e+01,8.8733e-01,4.8845e-02
4.5600e+03,6.2797e-02,4.1117e+00,1.5001e+01,8.8767e-01,4.8865e-02
4.5700e+03,6.2437e-02,4.1114e+00,1.5001e+01,8.8801e-01,4.8886e-02
4.5800e+03,6.2080e-02,4.1111e+00,1.5001e+01,8.8835e-01,4.8907e-02
4.5900e+03,6.1724e-02,4.1107e+00,1.5001e+01,8.8868e-01,4.8927e-02
4.6000e+03,6.1371e-02,4.1104e+00,1.5001e+01,8.8902e-01,4.8947e-02
4.6100e+03,6.1019e-02,4.1101e+00,1.5001e+01,8.8935e-01,4.8967e-02
4.6200e+03,6.0670e-02,4.1097e+00,1.5001e+01,8.8968e-01,4.8987e-02
4.6300e+03,6.0323e-02,4.1094e+00,1.5001e+01,8.9000e-01,4.9007e-02
4.6400e+03,5.9977e-02,4.1091e+00,1.5001e+01,8.9033e-01,4.9027e-02
4.6500e+03,5.9634e-02,4.1088e+00,1.5001e+01,8.9065e-01,4.9047e-02
4.6600e+03,5.9292e-02,4.1084e+00,1.5001e+01,8.9097e-01,4.9066e-02
4.6700e+03,5.8953e-02,4.1081e+00,1.5001e+01,8.9129e-01,4.9086e-02
4.6800e+03,5.8616e-02,4.1078e+00,1.5001e+01,8.9161e-01,4.9105e-02
4.6900e+03,5.8280e-02,4.1075e+00,1.5001e+01,8.9193e-01,4.9125e-02
4.7000e+03,5.7947e-02,4.1072e+00,1.5001e+01,8.9224e-01,4.9144e-02
4.7100e+03,5.7615e-02,4.1068e+00,1.5001e+01,8.9256e-01,4.9163e-02
4.7200e+03,5.7285e-02,4.1065e+00,1.5001e+01,8.9287e-01,4.9182e-02
4.7300e+03,5.6958e-02,4.1062e+00,1.5001e+01,8.9318e-01,4.9200e-02
4.7400e+03,5.6632e-02,4.1059e+00,1.5001e+01,8.9348e-01,4.9219e-02
4.7500e+03,5.6308e-02,4.1056e+00,1.5001e+01,8.9379e-01,4.9238e-02
4.7600e+03,5.5986e-02,4.1053e+00,1.5001e+01,8.9409e-01,4.9256e-02
4.7700e+03,5.5666e-02,4.1050e+00,1.5001e+01,8.9439e-01,4.9275e-02
4.7800e+03,5.5347e-02,4.1047e+00,1.5001e+01,8.9469e-01,4.9293e-02
4.7900e+03,5.5031e-02,4.1044e+00,1.5001e+01,8.9499e-01,4.9311e-02
4.8000e+03,5.4716e-02,4.1041e+00,1.5001e+01,8.9529e-01,4.9329e-02
4.8100e+03,5.4403e-02,4.1038e+00,1.5001e+01,8.9558e-01,4.9347e-02
4.8200e+03,5.4092e-02,4.1035e+00,1.5001e+01,8.9588e-01,4.9365e-02
4.8300e+03,5.3783e-02,4.1032e+00,1.5001e+01,8.9617e-01,4.9383e-02
4.8400e+03,5.3475e-02,4.1029e+00,1.5001e+01,8.9646e-01,4.9400e-02
4.8500e+03,5.3170e-02,4.1027e+00,1.5001e+01,8.9675e-01,4.9418e-02
4.8600e+03,5.2866e-02,4.1024e+00,1.5001e+01,8.9703e-01,4.9435e-02
4.8700e+03,5.2563e-02,4.1021e+00,1.5001e+01,8.9732e-01,4.9453e-02
4.8800e+03,5.2263e-02,4.1018e+00,1.5001e+01,8.9760e-01,4.9470e-02
4.8900e+03,5.1964e-02,4.1015e+00,1.5001e+01,8.9788e-01,4.9487e-02
4.9000e+03,5.1667e-02,4.1012e+00,1.5001e+01,8.9816e-01,4.9504e-02
4.9100e+03,5.1372e-02,4.1010e+00,1.5001e+01,8.9844e-01,4.9521e-02
4.9200e+03,5.1078e-02,4.1007e+00,1.5001e+01,8.9872e-01,4.9538e-02
4.9300e+03,5.0787e-02,4.1004e+00,1.5001e+01,8.9899e-01,4.9555e-02
4.9400e+03,5.0496e-02,4.1001e+00,1.5001e+01,8.9927e-01,4.9571e-02
4.9500e+03,5.0208e-02,4.0999e+00,1.5001e+01,8.9954e-01,4.9588e-02
4.9600e+03,4.9921e-02,4.0996e+00,1.5001e+01,8.9981e-01,4.9605e-02
4.9700e+03,4.9636e-02,4.0993e+00,1.5001e+01,9.0008e-01,4.9621e-02
4.9800e+03,4.9352e-02,4.0991e+00,1.5001e+01,9.0034e-01,4.9637e-02
4.9900e+03,4.9071e-02,4.0988e+00,1.5001e+01,9.0061e-01,4.9653e-02
5.0000e+03,4.8790e-02,4.0985e+00,1.5001e+01,9.0087e-01,4.9670e-02
5.0100e+03,4.8512e-02,4.0983e+00,1.5001e+01,9.0114e-01,4.9686e-02
5.0200e+03,4.8235e-02,4.0980e+00,1.5001e+01,9.0140e-01,4.9701e-02
5.0300e+03,4.7959e-02,4.0977e+00,1.5001e+01,9.0166e-01,4.9717e-02
5.0400e+03,4.7685e-02,4.0975e+00,1.5001e+01,9.0192e-01,4.9733e-02
5.0500e+03,4.7413e-02,4.0972e+00,1.5001e+01,9.0217e-01,4.9749e-02
5.0600e+03,4.7142e-02,4.0970e+00,1.5001e+01,9.0243e-01,4.9764e-02
5.0700e+03,4.6873e-02,4.0967e+00,1.5001e+01,9.0268e-01,4.9780e-02
5.0800e+03,4.6606e-02,4.0965e+00,1.5001e+01,9.0293e-01,4.9795e-02
5.0900e+03,4.6340e-02,4.0962e+00,1.5001e+01,9.0318e-01,4.9810e-02
5.1000e+03,4.6075e-02,4.0960e+00,1.5001e+01,9.0343e-01,4.9826e-02
5.1100e+03,4.5812e-02,4.0957e+00,1.5001e+01,9.0368e-01,4.9841e-02
5.1200e+03,4.5551e-02,4.0955e+00,1.5001e+01,9.0393e-01,4.9856e-02
5.1300e+03,4.5291e-02,4.0952e+00,1.5001e+01,9.0417e-01,4.9871e-02
5.1400e+03,4.5032e-02,4.0950e+00,1.5001e+01,9.0442e-01,4.9886e-02
5.1500e+03,4.4775e-02,4.0947e+00,1.5001e+01,9.0466e-01,4.9900e-02
5.1600e+03,4.4520e-02,4.0945e+00,1.5001e+01,9.0490e-01,4.9915e-02
5.1700e+03,4.4266e-02,4.0943e+00,1.5001e+01,9.0514e-01,4.9930e-02
5.1800e+03,4.4013e-02,4.0940e+00,1.5001e+01,9.0538e-01,4.9944e-02
5.1900e+03,4.3762e-02,4.0938e+00,1.5001e+01,9.0561e-01,4.9959e-02
5.2000e+03,4.3512e-02,4.0935e+00,1.5001e+01,9.0585e-01,4.9973e-02
5.2100e+03,4.3264e-02,4.0933e+00,1.5001e+01,9.0608e-01,4.9987e-02
5.2200e+03,4.3017e-02,4.0931e+00,1.5001e+01,9.0631e-01,5.0002e-02
5.2300e+03,4.2772e-02,4.0928e+00,1.5001e+01,9.0655e-01,5.0016e-02
5.2400e+03,4.2528e-02,4.0926e+00,1.5001e+01,9.0678e-01,5.0030e-02
5.2500e+03,4.2285e-02,4.0924e+00,1.5001e+01,9.0700e-01,5.0044e-02
5.2600e+03,4.2044e-02,4.0922e+00,1.5001e+01,9.0723e-01,5.0058e-02
5.2700e+03,4.1805e-02,4.0919e+00,1.5001e+01,9.0746e-01,5.0071e-02
5.2800e+03,4.1566e-02,4.0917e+00,1.5001e+01,9.0768e-01,5.0085e-02
5.2900e+03,4.1329e-02,4.0915e+00,1.5001e+01,9.0791e-01,5.0099e-02
5.3000e+03,4.1093e-02,4.0913e+00,1.5001e+01,9.0813e-01,5.0112e-02
5.3100e+03,4.0859e-02,4.0910e+00,1.5001e+01,9.0835e-01,5.0126e-02
5.3200e+03,4.0626e-02,4.0908e+00,1.5001e+01,9.0857e-01,5.0139e-02
5.3300e+03,4.0395e-02,4.0906e+00,1.5001e+01,9.0879e-01,5.0153e-02
5.3400e+03,4.0164e-02,4.0904e+00,1.5001e+01,9.0900e-01,5.0166e-02
5.3500e+03,3.9935e-02,4.0902e+00,1.5001e+01,9.0922e-01,5.0179e-02
5.3600e+03,3.9708e-02,4.0900e+00,1.5001e+01,9.0943e-01,5.0192e-02
5.3700e+03,3.9481e-02,4.0897e+00,1.5001e+01,9.0965e-01,5.0205e-02
5.3800e+03,3.9256e-02,4.0895e+00,1.5001e+01,9.0986e-01,5.0218e-02
5.3900e+03,3.9033e-02,4.0893e+00,1.5001e+01,9.1007e-01,5.0231e-02
5.4000e+03,3.8810e-02,4.0891e+00,1.5001e+01,9.1028e-01,5.0244e-02
5.4100e+03,3.8589e-02,4.0889e+00,1.5001e+01,9.1049e-01,5.0257e-02
5.4200e+03,3.8369e-02,4.0887e+00,1.5001e+01,9.1070e-01,5.0269e-02
5.4300e+03,3.8150e-02,4.0885e+00,1.5001e+01,9.1090e-01,5.0282e-02
5.4400e+03,3.7933e-02,4.0883e+00,1.5001e+01,9.1111e-01,5.0294e-02
5.4500e+03,3.7717e-02,4.0881e+00,1.5001e+01,9.1131e-01,5.0307e-02
5.4600e+03,3.7502e-02,4.0879e+00,1.5001e+01,9.1151e-01,5.0319e-02
5.4700e+03,3.7288e-02,4.0877e+00,1.5001e+01,9.1171e-01,5.0332e-02
5.4800e+03,3.7076e-02,4.0875e+00,1.5001e+01,9.1191e-01,5.0344e-02
5.4900e+03,3.6865e-02,4.0873e+00,1.5001e+01,9.1211e-01,5.0356e-02
5.5000e+03,3.6655e-02,4.0871e+00,1.5001e+01,9.1231e-01,5.0368e-02
5.5100e+03,3.6446e-02,4.0869e+00,1.5001e+01,9.1251e-01,5.0380e-02
5.5200e+03,3.6238e-02,4.0867e+00,1.5001e+01,9.1270e-01,5.0392e-02
5.5300e+03,3.6032e-02,4.0865e+00,1.5001e+01,9.1290e-01,5.0404e-02
5.5400e+03,3.5827e-02,4.0863e+00,1.5001e+01,9.1309e-01,5.0416e-02
5.5500e+03,3.5623e-02,4.0861e+00,1.5001e+01,9.1328e-01,5.0428e-02
5.5600e+03,3.5420e-02,4.0859e+00,1.5001e+01,9.1347e-01,5.0439e-02
5.5700e+03,3.5218e-02,4.0857e+00,1.5001e+01,9.1366e-01,5.0451e-02
5.5800e+03,3.5018e-02,4.0855e+00,1.5001e+01,9.1385e-01,5.0463e-02
5.5900e+03,3.4818e-02,4.0853e+00,1.5001e+01,9.1404e-01,5.0474e-02
5.6000e+03,3.4620e-02,4.0852e+00,1.5001e+01,9.1423e-01,5.0485e-02
5.6100e+03,3.4423e-02,4.0850e+00,1.5001e+01,9.1441e-01,5.0497e-02
5.6200e+03,3.4227e-02,4.0848e+00,1.5001e+01,9.1460e-01,5.0508e-02
5.6300e+03,3.4032e-02,4.0846e+00,1.5001e+01,9.1478e-01,5.0519e-02
5.6400e+03,3.3838e-02,4.0844e+00,1.5001e+01,9.1497e-01,5.0531e-02
5.6500e+03,3.3645e-02,4.0842e+00,1.5001e+01,9.1515e-01,5.0542e-02
5.6600e+03,3.3454e-02,4.0841e+00,1.5001e+01,9.1533e-01,5.0553e-02
5.6700e+03,3.3264e-02,4.0839e+00,1.5001e+01,9.1551e-01,5.0564e-02
5.6800e+03,3.3074e-02,4.0837e+00,1.5001e+01,9.1569e-01,5.0575e-02
5.6900e+03,3.2886e-02,4.0835e+00,1.5001e+01,9.1586e-01,5.0585e-02
5.7000e+03,3.2699e-02,4.0834e+00,1.5001e+01,9.1604e-01,5.0596e-02
5.7100e+03,3.2513e-02,4.0832e+00,1.5001e+01,9.1621e-01,5.0607e-02
5.7200e+03,3.2328e-02,4.0830e+00,1.5001e+01,9.1639e-01,5.0618e-02
5.7300e+03,3.2144e-02,4.0828e+00,1.5001e+01,9.1656e-01,5.0628e-02
5.7400e+03,3.1961e-02,4.0827e+00,1.5001e+01,9.1673e-01,5.0639e-02
5.7500e+03,3.1779e-02,4.0825e+00,1.5001e+01,9.1691e-01,5.0649e-02
5.7600e+03,3.1598e-02,4.0823e+00,1.5001e+01,9.1708e-01,5.0660e-02
5.7700e+03,3.1418e-02,4.0821e+00,1.5001e+01,9.1725e-01,5.0670e-02
5.7800e+03,3.1239e-02,4.0820e+00,1.5001e+01,9.1741e-01,5.0680e-02
5.7900e+03,3.1062e-02,4.0818e+00,1.5001e+01,9.1758e-01,5.0691e-02
5.8000e+03,3.0885e-02,4.0816e+00,1.5001e+01,9.1775e-01,5.0701e-02
5.8100e+03,3.0709e-02,4.0815e+00,1.5001e+01,9.1791e-01,5.0711e-02
5.8200e+03,3.0535e-02,4.0813e+00,1.5001e+01,9.1808e-01,5.0721e-02
5.8300e+03,3.0361e-02,4.0811e+00,1.5001e+01,9.1824e-01,5.0731e-02
5.8400e+03,3.0188e-02,4.0810e+00,1.5001e+01,9.1840e-01,5.0741e-02
5.8500e+03,3.0016e-02,4.0808e+00,1.5001e+01,9.1857e-01,5.0751e-02
5.8600e+03,2.9846e-02,4.0807e+00,1.5001e+01,9.1873e-01,5.0761e-02
5.8700e+03,2.9676e-02,4.0805e+00,1.5001e+01,9.1889e-01,5.0771e-02
5.8800e+03,2.9507e-02,4.0803e+00,1.5001e+01,9.1905e-01,5.0780e-02
5.8900e+03,2.9339e-02,4.0802e+00,1.5001e+01,9.1920e-01,5.0790e-02
5.9000e+03,2.9172e-02,4.0800e+00,1.5001e+01,9.1936e-01,5.0800e-02
5.9100e+03,2.9007e-02,4.0799e+00,1.5001e+01,9.1952e-01,5.0809e-02
5.9200e+03,2.8842e-02,4.0797e+00,1.5001e+01,9.1967e-01,5.0819e-02
5.9300e+03,2.8678e-02,4.0796e+00,1.5001e+01,9.1983e-01,5.0828e-02
5.9400e+03,2.8514e-02,4.0794e+00,1.5001e+01,9.1998e-01,5.0838e-02
5.9500e+03,2.8352e-02,4.0793e+00,1.5001e+01,9.2013e-01,5.0847e-02
5.9600e+03,2.8191e-02,4.0791e+00,1.5001e+01,9.2029e-01,5.0856e-02
5.9700e+03,2.8031e-02,4.0789e+00,1.5001e+01,9.2044e-01,5.0866e-02
5.9800e+03,2.7871e-02,4.0788e+00,1.5001e+01,9.2059e-01,5.0875e-02
5.9900e+03,2.7713e-02,4.0786e+00,1.5001e+01,9.2074e-01,5.0884e-02
6.0000e+03,2.7555e-02,4.0785e+00,1.5001e+01,9.2089e-01,5.0893e-02
6.0100e+03,2.7399e-02,4.0784e+00,1.5001e+01,9.2103e-01,5.0902e-02
6.0200e+03,2.7243e-02,4.0782e+00,1.5001e+01,9.2118e-01,5.0911e-02
6.0300e+03,2.7088e-02,4.0781e+00,1.5001e+01,9.2133e-01,5.0920e-02
6.0400e+03,2.6934e-02,4.0779e+00,1.5001e+01,9.2147e-01,5.0929e-02
6.0500e+03,2.6781e-02,4.0778e+00,1.5001e+01,9.2161e-01,5.0938e-02
6.0600e+03,2.6629e-02,4.0776e+00,1.5001e+01,9.2176e-01,5.0947e-02
6.0700e+03,2.6477e-02,4.0775e+00,1.5001e+01,9.2190e-01,5.0955e-02
6.0800e+03,2.6327e-02,4.0773e+00,1.5001e+01,9.2204e-01,5.0964e-02
6.0900e+03,2.6177e-02,4.0772e+00,1.5001e+01,9.2218e-01,5.0973e-02
6.1000e+03,2.6029e-02,4.0771e+00,1.5001e+01,9.2232e-01,5.0981e-02
6.1100e+03,2.5881e-02,4.0769e+00,1.5001e+01,9.2246e-01,5.0990e-02
6.1200e+03,2.5734e-02,4.0768e+00,1.5001e+01,9.2260e-01,5.0998e-02
6.1300e+03,2.5587e-02,4.0766e+00,1.5001e+01,9.2274e-01,5.1007e-02
6.1400e+03,2.5442e-02,4.0765e+00,1.5001e+01,9.2288e-01,5.1015e-02
6.1500e+03,2.5297e-02,4.0764e+00,1.5001e+01,9.2301e-01,5.1024e-02
6.1600e+03,2.5154e-02,4.0762e+00,1.5001e+01,9.2315e-01,5.1032e-02
6.1700e+03,2.5011e-02,4.0761e+00,1.5001e+01,9.2328e-01,5.1040e-02
6.1800e+03,2.4869e-02,4.0760e+00,1.5001e+01,9.2342e-01,5.1048e-02
6.1900e+03,2.4727e-02,4.0758e+00,1.5001e+01,9.2355e-01,5.1057e-02
6.2000e+03,2.4587e-02,4.0757e+00,1.5001e+01,9.2368e-01,5.1065e-02
6.2100e+03,2.4447e-02,4.0756e+00,1.5001e+01,9.2381e-01,5.1073e-02
6.2200e+03,2.4308e-02,4.0754e+00,1.5001e+01,9.2394e-01,5.1081e-02
6.2300e+03,2.4170e-02,4.0753e+00,1.5001e+01,9.2408e-01,5.1089e-02
6.2400e+03,2.4033e-02,4.0752e+00,1.5001e+01,9.2420e-01,5.1097e-02
6.2500e+03,2.3896e-02,4.0751e+00,1.5001e+01,9.2433e-01,5.1105e-02
6.2600e+03,2.3760e-02,4.0749e+00,1.5001e+01,9.2446e-01,5.1112e-02
6.2700e+03,2.3625e-02,4.0748e+00,1.5001e+01,9.2459e-01,5.1120e-02
6.2800e+03,2.3491e-02,4.0747e+00,1.5001e+01,9.2471e-01,5.1128e-02
6.2900e+03,2.3358e-02,4.0745e+00,1.5001e+01,9.2484e-01,5.1136e-02
6.3000e+03,2.3225e-02,4.0744e+00,1.5001e+01,9.2497e-01,5.1143e-02
6.3100e+03,2.3093e-02,4.0743e+00,1.5001e+01,9.2509e-01,5.1151e-02
6.3200e+03,2.2962e-02,4.0742e+00,1.5001e+01,9.2521e-01,5.1159e-02
6.3300e+03,2.2832e-02,4.0740e+00,1.5001e+01,9.2534e-01,5.1166e-02
6.3400e+03,2.2702e-02,4.0739e+00,1.5001e+01,9.2546e-01,5.1174e-02
6.3500e+03,2.2573e-02,4.0738e+00,1.5001e+01,9.2558e-01,5.1181e-02
6.3600e+03,2.2445e-02,4.0737e+00,1.5001e+01,9.2570e-01,5.1188e-02
6.3700e+03,2.2317e-02,4.0736e+00,1.5001e+01,9.2582e-01,5.1196e-02
6.3800e+03,2.2191e-02,4.0734e+00,1.5001e+01,9.2594e-01,5.1203e-02
6.3900e+03,2.2065e-02,4.0733e+00,1.5001e+01,9.2606e-01,5.1210e-02
6.4000e+03,2.1939e-02,4.0732e+00,1.5001e+01,9.2618e-01,5.1218e-02
6.4100e+03,2.1815e-02,4.0731e+00,1.5001e+01,9.2629e-01,5.1225e-02
6.4200e+03,2.1691e-02,4.0730e+00,1.5001e+01,9.2641e-01,5.1232e-02
6.4300e+03,2.1568e-02,4.0729e+00,1.5001e+01,9.2653e-01,5.1239e-02
6.4400e+03,2.1445e-02,4.0727e+00,1.5001e+01,9.2664e-01,5.1246e-02
6.4500e+03,2.1324e-02,4.0726e+00,1.5001e+01,9.2676e-01,5.1253e-02
6.4600e+03,2.1202e-02,4.0725e+00,1.5001e+01,9.2687e-01,5.1260e-02
6.4700e+03,2.1082e-02,4.0724e+00,1.5001e+01,9.2698e-01,5.1267e-02
6.4800e+03,2.0962e-02,4.0723e+00,1.5001e+01,9.2710e-01,5.1274e-02
6.4900e+03,2.0843e-02,4.0722e+00,1.5001e+01,9.2721e-01,5.1281e-02
6.5000e+03,2.0725e-02,4.0721e+00,1.5001e+01,9.2732e-01,5.1288e-02
6.5100e+03,2.0607e-02,4.0719e+00,1.5001e+01,9.2743e-01,5.1295e-02
6.5200e+03,2.0490e-02,4.0718e+00,1.5001e+01,9.2754e-01,5.1302e-02
6.5300e+03,2.0374e-02,4.0717e+00,1.5001e+01,9.2765e-01,5.1308e-02
6.5400e+03,2.0258e-02,4.0716e+00,1.5001e+01,9.2776e-01,5.1315e-02
6.5500e+03,2.0143e-02,4.0715e+00,1.5001e+01,9.2787e-01,5.1322e-02
6.5600e+03,2.0029e-02,4.0714e+00,1.5001e+01,9.2798e-01,5.1328e-02
6.5700e+03,1.9915e-02,4.0713e+00,1.5001e+01,9.2808e-01,5.1335e-02
6.5800e+03,1.9802e-02,4.0712e+00,1.5001e+01,9.2819e-01,5.1341e-02
6.5900e+03,1.9690e-02,4.0711e+00,1.5001e+01,9.2830e-01,5.1348e-02
6.6000e+03,1.9578e-02,4.0710e+00,1.5001e+01,9.2840e-01,5.1354e-02
6.6100e+03,1.9467e-02,4.0709e+00,1.5001e+01,9.2851e-01,5.1361e-02
6.6200e+03,1.9357e-02,4.0708e+00,1.5001e+01,9.2861e-01,5.1367e-02
6.6300e+03,1.9247e-02,4.0707e+00,1.5001e+01,9.2871e-01,5.1373e-02
6.6400e+03,1.9138e-02,4.0706e+00,1.5001e+01,9.2882e-01,5.1380e-02
6.6500e+03,1.9029e-02,4.0705e+00,1.5001e+01,9.2892e-01,5.1386e-02
6.6600e+03,1.8921e-02,4.0704e+00,1.5001e+01,9.2902e-01,5.1392e-02
6.6700e+03,1.8814e-02,4.0703e+00,1.5001e+01,9.2912e-01,5.1399e-02
6.6800e+03,1.8707e-02,4.0702e+00,1.5001e+01,9.2922e-01,5.1405e-02
6.6900e+03,1.8601e-02,4.0701e+00,1.5001e+01,9.2932e-01,5.1411e-02
6.7000e+03,1.8495e-02,4.0700e+00,1.5001e+01,9.2942e-01,5.1417e-02
6.7100e+03,1.8390e-02,4.0699e+00,1.5001e+01,9.2952e-01,5.1423e-02
6.7200e+03,1.8286e-02,4.0698e+00,1.5001e+01,9.2962e-01,5.1429e-02
6.7300e+03,1.8182e-02,4.0697e+00,1.5001e+01,9.2972e-01,5.1435e-02
6.7400e+03,1.8079e-02,4.0696e+00,1.5001e+01,9.2981e-01,5.1441e-02
6.7500e+03,1.7976e-02,4.0695e+00,1.5001e+01,9.2991e-01,5.1447e-02
6.7600e+03,1.7874e-02,4.0694e+00,1.5001e+01,9.3001e-01,5.1453e-02
6.7700e+03,1.7773e-02,4.0693e+00,1.5001e+01,9.3010e-01,5.1459e-02
6.7800e+03,1.7672e-02,4.0692e+00,1.5001e+01,9.3020e-01,5.1465e-02
6.7900e+03,1.7572e-02,4.0691e+00,1.5001e+01,9.3029e-01,5.1470e-02
6.8000e+03,1.7472e-02,4.0690e+00,1.5001e+01,9.3039e-01,5.1476e-02
6.8100e+03,1.7373e-02,4.0689e+00,1.5001e+01,9.3048e-01,5.1482e-02
6.8200e+03,1.7275e-02,4.0688e+00,1.5001e+01,9.3057e-01,5.1488e-02
6.8300e+03,1.7177e-02,4.0687e+00,1.5001e+01,9.3066e-01,5.1493e-02
6.8400e+03,1.7079e-02,4.0686e+00,1.5001e+01,9.3076e-01,5.1499e-02
6.8500e+03,1.6982e-02,4.0685e+00,1.5001e+01,9.3085e-01,5.1505e-02
6.8600e+03,1.6886e-02,4.0684e+00,1.5001e+01,9.3094e-01,5.1510e-02
6.8700e+03,1.6790e-02,4.0684e+00,1.5001e+01,9.3103e-01,5.1516e-02
6.8800e+03,1.6695e-02,4.0683e+00,1.5001e+01,9.3112e-01,5.1521e-02
6.8900e+03,1.6600e-02,4.0682e+00,1.5001e+01,9.3121e-01,5.1527e-02
6.9000e+03,1.6506e-02,4.0681e+00,1.5001e+01,9.3130e-01,5.1532e-02
6.9100e+03,1.6412e-02,4.0680e+00,1.5001e+01,9.3138e-01,5.1538e-02
6.9200e+03,1.6319e-02,4.0679e+00,1.5001e+01,9.3147e-01,5.1543e-02
6.9300e+03,1.6227e-02,4.0678e+00,1.5001e+01,9.3156e-01,5.1548e-02
6.9400e+03,1.6135e-02,4.0677e+00,1.5001e+01,9.3165e-01,5.1554e-02
6.9500e+03,1.6043e-02,4.0676e+00,1.5001e+01,9.3173e-01,5.1559e-02
6.9600e+03,1.5952e-02,4.0676e+00,1.5001e+01,9.3182e-01,5.1564e-02
6.9700e+03,1.5862e-02,4.0675e+00,1.5001e+01,9.3190e-01,5.1569e-02
6.9800e+03,1.5772e-02,4.0674e+00,1.5001e+01,9.3199e-01,5.1575e-02
6.9900e+03,1.5682e-02,4.0673e+00,1.5001e+01,9.3207e-01,5.1580e-02
7.0000e+03,1.5593e-02,4.0672e+00,1.5001e+01,9.3216e-01,5.1585e-02
7.0100e+03,1.5505e-02,4.0671e+00,1.5001e+01,9.3224e-01,5.1590e-02
7.0200e+03,1.5417e-02,4.0671e+00,1.5001e+01,9.3232e-01,5.1595e-02
7.0300e+03,1.5330e-02,4.0670e+00,1.5001e+01,9.3240e-01,5.1600e-02
7.0400e+03,1.5243e-02,4.0669e+00,1.5001e+01,9.3249e-01,5.1605e-02
7.0500e+03,1.5156e-02,4.0668e+00,1.5001e+01,9.3257e-01,5.1610e-02
7.0600e+03,1.5070e-02,4.0667e+00,1.5001e+01,9.3265e-01,5.1615e-02
7.0700e+03,1.4985e-02,4.0666e+00,1.5001e+01,9.3273e-01,5.1620e-02
7.0800e+03,1.4900e-02,4.0666e+00,1.5001e+01,9.3281e-01,5.1625e-02
7.0900e+03,1.4815e-02,4.0665e+00,1.5001e+01,9.3289e-01,5.1630e-02
7.1000e+03,1.4731e-02,4.0664e+00,1.5001e+01,9.3297e-01,5.1635e-02
7.1100e+03,1.4648e-02,4.0663e+00,1.5001e+01,9.3305e-01,5.1640e-02
7.1200e+03,1.4565e-02,4.0663e+00,1.5001e+01,9.3312e-01,5.1645e-02
7.1300e+03,1.4482e-02,4.0662e+00,1.5001e+01,9.3320e-01,5.1649e-02
7.1400e+03,1.4400e-02,4.0661e+00,1.5001e+01,9.3328e-01,5.1654e-02
7.1500e+03,1.4319e-02,4.0660e+00,1.5001e+01,9.3336e-01,5.1659e-02
7.1600e+03,1.4237e-02,4.0659e+00,1.5001e+01,9.3343e-01,5.1663e-02
7.1700e+03,1.4157e-02,4.0659e+00,1.5001e+01,9.3351e-01,5.1668e-02
7.1800e+03,1.4076e-02,4.0658e+00,1.5001e+01,9.3358e-01,5.1673e-02
7.1900e+03,1.3997e-02,4.0657e+00,1.5001e+01,9.3366e-01,5.1677e-02
7.2000e+03,1.3917e-02,4.0656e+00,1.5001e+01,9.3373e-01,5.1682e-02
7.2100e+03,1.3838e-02,4.0656e+00,1.5001e+01,9.3381e-01,5.1687e-02
7.2200e+03,1.3760e-02,4.0655e+00,1.5001e+01,9.3388e-01,5.1691e-02
7.2300e+03,1.3682e-02,4.0654e+00,1.5001e+01,9.3396e-01,5.1696e-02
7.2400e+03,1.3604e-02,4.0653e+00,1.5001e+01,9.3403e-01,5.1700e-02
7.2500e+03,1.3527e-02,4.0653e+00,1.5001e+01,9.3410e-01,5.1705e-02
7.2600e+03,1.3451e-02,4.0652e+00,1.5001e+01,9.3417e-01,5.1709e-02
7.2700e+03,1.3374e-02,4.0651e+00,1.5001e+01,9.3425e-01,5.1713e-02
7.2800e+03,1.3299e-02,4.0651e+00,1.5001e+01,9.3432e-01,5.1718e-02
7.2900e+03,1.3223e-02,4.0650e+00,1.5001e+01,9.3439e-01,5.1722e-02
7.3000e+03,1.3148e-02,4.0649e+00,1.5001e+01,9.3446e-01,5.1727e-02
7.3100e+03,1.3074e-02,4.0648e+00,1.5001e+01,9.3453e-01,5.1731e-02
7.3200e+03,1.3000e-02,4.0648e+00,1.5001e+01,9.3460e-01,5.1735e-02
7.3300e+03,1.2926e-02,4.0647e+00,1.5001e+01,9.3467e-01,5.1739e-02
7.3400e+03,1.2853e-02,4.0646e+00,1.5001e+01,9.3474e-01,5.1744e-02
7.3500e+03,1.2780e-02,4.0646e+00,1.5001e+01,9.3481e-01,5.1748e-02
7.3600e+03,1.2707e-02,4.0645e+00,1.5001e+01,9.3487e-01,5.1752e-02
7.3700e+03,1.2635e-02,4.0644e+00,1.5001e+01,9.3494e-01,5.1756e-02
7.3800e+03,1.2564e-02,4.0644e+00,1.5001e+01,9.3501e-01,5.1760e-02
7.3900e+03,1.2493e-02,4.0643e+00,1.5001e+01,9.3508e-01,5.1765e-02
7.4000e+03,1.2422e-02,4.0642e+00,1.5001e+01,9.3514e-01,5.1769e-02
7.4100e+03,1.2351e-02,4.0642e+00,1.5001e+01,9.3521e-01,5.1773e-02
7.4200e+03,1.2281e-02,4.0641e+00,1.5001e+01,9.3528e-01,5.1777e-02
7.4300e+03,1.2212e-02,4.0640e+00,1.5001e+01,9.3534e-01,5.1781e-02
7.4400e+03,1.2143e-02,4.0640e+00,1.5001e+01,9.3541e-01,5.1785e-02
7.4500e+03,1.2074e-02,4.0639e+00,1.5001e+01,9.3547e-01,5.1789e-02
7.4600e+03,1.2005e-02,4.0638e+00,1.5001e+01,9.3554e-01,5.1793e-02
7.4700e+03,1.1937e-02,4.0638e+00,1.5001e+01,9.3560e-01,5.1797e-02
7.4800e+03,1.1870e-02,4.0637e+00,1.5001e+01,9.3566e-01,5.1801e-02
7.4900e+03,1.1803e-02,4.0636e+00,1.5001e+01,9.3573e-01,5.1805e-02
7.5000e+03,1.1736e-02,4.0636e+00,1.5001e+01,9.3579e-01,5.1808e-02
7.5100e+03,1.1669e-02,4.0635e+00,1.5001e+01,9.3585e-01,5.1812e-02
7.5200e+03,1.1603e-02,4.0635e+00,1.5001e+01,9.3591e-01,5.1816e-02
7.5300e+03,1.1537e-02,4.0634e+00,1.5001e+01,9.3598e-01,5.1820e-02
7.5400e+03,1.1472e-02,4.0633e+00,1.5001e+01,9.3604e-01,5.1824e-02
7.5500e+03,1.1407e-02,4.0633e+00,1.5001e+01,9.3610e-01,5.1827e-02
7.5600e+03,1.1342e-02,4.0632e+00,1.5001e+01,9.3616e-01,5.1831e-02
7.5700e+03,1.1278e-02,4.0632e+00,1.5001e+01,9.3622e-01,5.1835e-02
7.5800e+03,1.1214e-02,4.0631e+00,1.5001e+01,9.3628e-01,5.1839e-02
7.5900e+03,1.1151e-02,4.0630e+00,1.5001e+01,9.3634e-01,5.1842e-02
7.6000e+03,1.1087e-02,4.0630e+00,1.5001e+01,9.3640e-01,5.1846e-02
7.6100e+03,1.1025e-02,4.0629e+00,1.5001e+01,9.3646e-01,5.1850e-02
7.6200e+03,1.0962e-02,4.0629e+00,1.5001e+01,9.3652e-01,5.1853e-02
7.6300e+03,1.0900e-02,4.0628e+00,1.5001e+01,9.3658e-01,5.1857e-02
7.6400e+03,1.0838e-02,4.0627e+00,1.5001e+01,9.3664e-01,5.1860e-02
7.6500e+03,1.0777e-02,4.0627e+00,1.5001e+01,9.3669e-01,5.1864e-02
7.6600e+03,1.0716e-02,4.0626e+00,1.5001e+01,9.3675e-01,5.1868e-02
7.6700e+03,1.0655e-02,4.0626e+00,1.5001e+01,9.3681e-01,5.1871e-02
7.6800e+03,1.0595e-02,4.0625e+00,1.5001e+01,9.3686e-01,5.1875e-02
7.6900e+03,1.0535e-02,4.0625e+00,1.5001e+01,9.3692e-01,5.1878e-02
7.7000e+03,1.0475e-02,4.0624e+00,1.5001e+01,9.3698e-01,5.1882e-02
7.7100e+03,1.0416e-02,4.0623e+00,1.5001e+01,9.3703e-01,5.1885e-02
7.7200e+03,1.0357e-02,4.0623e+00,1.5001e+01,9.3709e-01,5.1888e-02
7.7300e+03,1.0298e-02,4.0622e+00,1.5001e+01,9.3714e-01,5.1892e-02
7.7400e+03,1.0240e-02,4.0622e+00,1.5001e+01,9.3720e-01,5.1895e-02
7.7500e+03,1.0182e-02,4.0621e+00,1.5001e+01,9.3725e-01,5.1899e-02
7.7600e+03,1.0124e-02,4.0621e+00,1.5001e+01,9.3731e-01,5.1902e-02
7.7700e+03,1.0067e-02,4.0620e+00,1.5001e+01,9.3736e-01,5.1905e-02
7.7800e+03,1.0010e-02,4.0620e+00,1.5001e+01,9.3742e-01,5.1908e-02
7.7900e+03,9.9531e-03,4.0619e+00,1.5001e+01,9.3747e-01,5.1912e-02
7.8000e+03,9.8967e-03,4.0619e+00,1.5001e+01,9.3752e-01,5.1915e-02
7.8100e+03,9.8407e-03,4.0618e+00,1.5001e+01,9.3757e-01,5.1918e-02
7.8200e+03,9.7849e-03,4.0617e+00,1.5001e+01,9.3763e-01,5.1922e-02
7.8300e+03,9.7295e-03,4.0617e+00,1.5001e+01,9.3768e-01,5.1925e-02
7.8400e+03,9.6744e-03,4.0616e+00,1.5001e+01,9.3773e-01,5.1928e-02
7.8500e+03,9.6196e-03,4.0616e+00,1.5001e+01,9.3778e-01,5.1931e-02
7.8600e+03,9.5651e-03,4.0615e+00,1.5001e+01,9.3783e-01,5.1934e-02
7.8700e+03,9.5110e-03,4.0615e+00,1.5001e+01,9.3789e-01,5.1937e-02
7.8800e+03,9.4571e-03,4.0614e+00,1.5001e+01,9.3794e-01,5.1941e-02
7.8900e+03,9.4036e-03,4.0614e+00,1.5001e+01,9.3799e-01,5.1944e-02
7.9000e+03,9.3503e-03,4.0613e+00,1.5001e+01,9.3804e-01,5.1947e-02
