t,[L2M],[D],[L],[L2MD],[L2Ms]
0.0000e+00,5.0000e+00,1.0000e+01,1.5000e+01,0.0000e+00,0.0000e+00
1.0000e+01,4.9311e+00,9.9359e+00,1.5003e+01,6.3999e-02,1.6051e-03
2.0000e+01,4.8665e+00,9.8729e+00,1.5003e+01,1.2693e-01,3.1936e-03
3.0000e+01,4.8032e+00,9.8111e+00,1.5003e+01,1.8866e-01,4.7617e-03
4.0000e+01,4.7411e+00,9.7505e+00,1.5003e+01,2.4923e-01,6.3096e-03
5.0000e+01,4.6802e+00,9.6911e+00,1.5003e+01,3.0865e-01,7.8379e-03
6.0000e+01,4.6204e+00,9.6327e+00,1.5003e+01,3.6696e-01,9.3467e-03
7.0000e+01,4.5616e+00,9.5754e+00,1.5003e+01,4.2420e-01,1.0837e-02
8.0000e+01,4.5040e+00,9.5192e+00,1.5003e+01,4.8038e-01,1.2308e-02
9.0000e+01,4.4474e+00,9.4640e+00,1.5003e+01,5.3554e-01,1.3761e-02
1.0000e+02,4.3918e+00,9.4098e+00,1.5003e+01,5.8971e-01,1.5195e-02
1.1000e+02,4.3372e+00,9.3566e+00,1.5003e+01,6.4290e-01,1.6613e-02
1.2000e+02,4.2835e+00,9.3043e+00,1.5003e+01,6.9514e-01,1.8012e-02
1.3000e+02,4.2308e+00,9.2530e+00,1.5003e+01,7.4646e-01,1.9395e-02
1.4000e+02,4.1790e+00,9.2025e+00,1.5003e+01,7.9688e-01,2.0761e-02
1.5000e+02,4.1281e+00,9.1530e+00,1.5003e+01,8.4641e-01,2.2110e-02
1.6000e+02,4.0781e+00,9.1042e+00,1.5003e+01,8.9510e-01,2.3444e-02
1.7000e+02,4.0290e+00,9.0564e+00,1.5003e+01,9.4294e-01,2.4761e-02
1.8000e+02,3.9806e+00,9.0093e+00,1.5003e+01,9.8997e-01,2.6062e-02
1.9000e+02,3.9331e+00,8.9631e+00,1.5003e+01,1.0362e+00,2.7349e-02
2.0000e+02,3.8864e+00,8.9176e+00,1.5003e+01,1.0817e+00,2.8620e-02
2.1000e+02,3.8405e+00,8.8728e+00,1.5003e+01,1.1263e+00,2.9876e-02
2.2000e+02,3.7953e+00,8.8289e+00,1.5003e+01,1.1703e+00,3.1117e-02
2.3000e+02,3.7508e+00,8.7856e+00,1.5003e+01,1.2135e+00,3.2344e-02
2.4000e+02,3.7071e+00,8.7431e+00,1.5003e+01,1.2560e+00,3.3557e-02
2.5000e+02,3.6641e+00,8.7012e+00,1.5003e+01,1.2979e+00,3.4756e-02
2.6000e+02,3.6217e+00,8.6600e+00,1.5003e+01,1.3390e+00,3.5941e-02
2.7000e+02,3.5801e+00,8.6195e+00,1.5003e+01,1.3795e+00,3.7112e-02
2.8000e+02,3.5391e+00,8.5797e+00,1.5003e+01,1.4193e+00,3.8270e-02
2.9000e+02,3.4987e+00,8.5404e+00,1.5003e+01,1.4585e+00,3.9415e-02
3.0000e+02,3.4590e+00,8.5018e+00,1.5003e+01,1.4971e+00,4.0547e-02
3.1000e+02,3.4199e+00,8.4638e+00,1.5003e+01,1.5351e+00,4.1667e-02
3.2000e+02,3.3814e+00,8.4264e+00,1.5003e+01,1.5725e+00,4.2774e-02
3.3000e+02,3.3435e+00,8.3896e+00,1.5003e+01,1.6093e+00,4.3868e-02
3.4000e+02,3.3062e+00,8.3533e+00,1.5003e+01,1.6456e+00,4.4951e-02
3.5000e+02,3.2694e+00,8.3176e+00,1.5003e+01,1.6813e+00,4.6021e-02
3.6000e+02,3.2332e+00,8.2824e+00,1.5003e+01,1.7164e+00,4.7080e-02
3.7000e+02,3.1975e+00,8.2478e+00,1.5003e+01,1.7510e+00,4.8127e-02
3.8000e+02,3.1624e+00,8.2136e+00,1.5003e+01,1.7851e+00,4.9163e-02
3.9000e+02,3.1278e+00,8.1800e+00,1.5003e+01,1.8187e+00,5.0187e-02
4.0000e+02,3.0937e+00,8.1469e+00,1.5003e+01,1.8518e+00,5.1200e-02
4.1000e+02,3.0601e+00,8.1143e+00,1.5003e+01,1.8844e+00,5.2203e-02
4.2000e+02,3.0270e+00,8.0822e+00,1.5003e+01,1.9165e+00,5.3194e-02
4.3000e+02,2.9943e+00,8.0505e+00,1.5003e+01,1.9482e+00,5.4175e-02
4.4000e+02,2.9622e+00,8.0193e+00,1.5003e+01,1.9793e+00,5.5146e-02
4.5000e+02,2.9305e+00,7.9885e+00,1.5003e+01,2.0101e+00,5.6106e-02
4.6000e+02,2.8992e+00,7.9582e+00,1.5003e+01,2.0404e+00,5.7056e-02
4.7000e+02,2.8684e+00,7.9283e+00,1.5003e+01,2.0702e+00,5.7996e-02
4.8000e+02,2.8381e+00,7.8989e+00,1.5003e+01,2.0997e+00,5.8926e-02
4.9000e+02,2.8081e+00,7.8698e+00,1.5003e+01,2.1287e+00,5.9846e-02
5.0000e+02,2.7786e+00,7.8412e+00,1.5003e+01,2.1573e+00,6.0756e-02
5.1000e+02,2.7495e+00,7.8130e+00,1.5003e+01,2.1855e+00,6.1658e-02
5.2000e+02,2.7208e+00,7.7851e+00,1.5003e+01,2.2134e+00,6.2549e-02
5.3000e+02,2.6924e+00,7.7577e+00,1.5003e+01,2.2408e+00,6.3432e-02
5.4000e+02,2.6645e+00,7.7306e+00,1.5003e+01,2.2679e+00,6.4305e-02
5.5000e+02,2.6370e+00,7.7039e+00,1.5003e+01,2.2945e+00,6.5170e-02
5.6000e+02,2.6098e+00,7.6776e+00,1.5003e+01,2.3209e+00,6.6025e-02
5.7000e+02,2.5830e+00,7.6516e+00,1.5003e+01,2.3468e+00,6.6872e-02
5.8000e+02,2.5565e+00,7.6260e+00,1.5003e+01,2.3724e+00,6.7710e-02
5.9000e+02,2.5304e+00,7.6007e+00,1.5003e+01,2.3977e+00,6.8540e-02
6.0000e+02,2.5047e+00,7.5757e+00,1.5003e+01,2.4226e+00,6.9361e-02
6.1000e+02,2.4793e+00,7.5511e+00,1.5003e+01,2.4472e+00,7.0174e-02
6.2000e+02,2.4542e+00,7.5268e+00,1.5003e+01,2.4715e+00,7.0979e-02
6.3000e+02,2.4295e+00,7.5029e+00,1.5003e+01,2.4954e+00,7.1776e-02
6.4000e+02,2.4050e+00,7.4792e+00,1.5003e+01,2.5191e+00,7.2565e-02
6.5000e+02,2.3809e+00,7.4559e+00,1.5003e+01,2.5424e+00,7.3346e-02
6.6000e+02,2.3571e+00,7.4328e+00,1.5003e+01,2.5654e+00,7.4119e-02
6.7000e+02,2.3336e+00,7.4101e+00,1.5003e+01,2.5881e+00,7.4884e-02
6.8000e+02,2.3104e+00,7.3877e+00,1.5003e+01,2.6106e+00,7.5642e-02
6.9000e+02,2.2876e+00,7.3655e+00,1.5003e+01,2.6327e+00,7.6393e-02
7.0000e+02,2.2650e+00,7.3436e+00,1.5003e+01,2.6546e+00,7.7136e-02
7.1000e+02,2.2426e+00,7.3220e+00,1.5003e+01,2.6762e+00,7.7871e-02
7.2000e+02,2.2206e+00,7.3007e+00,1.5003e+01,2.6975e+00,7.8600e-02
7.3000e+02,2.1988e+00,7.2797e+00,1.5003e+01,2.7185e+00,7.9321e-02
7.4000e+02,2.1774e+00,7.2589e+00,1.5003e+01,2.7393e+00,8.0036e-02
7.5000e+02,2.1561e+00,7.2383e+00,1.5003e+01,2.7598e+00,8.0743e-02
7.6000e+02,2.1352e+00,7.2181e+00,1.5003e+01,2.7800e+00,8.1444e-02
7.7000e+02,2.1145e+00,7.1981e+00,1.5003e+01,2.8001e+00,8.2138e-02
7.8000e+02,2.0940e+00,7.1783e+00,1.5003e+01,2.8198e+00,8.2825e-02
7.9000e+02,2.0738e+00,7.1588e+00,1.5003e+01,2.8393e+00,8.3505e-02
8.0000e+02,2.0539e+00,7.1395e+00,1.5003e+01,2.8586e+00,8.4180e-02
8.1000e+02,2.0342e+00,7.1204e+00,1.5003e+01,2.8776e+00,8.4847e-02
8.2000e+02,2.0147e+00,7.1016e+00,1.5003e+01,2.8965e+00,8.5508e-02
8.3000e+02,1.9955e+00,7.0830e+00,1.5003e+01,2.9150e+00,8.6163e-02
8.4000e+02,1.9765e+00,7.0646e+00,1.5003e+01,2.9334e+00,8.6812e-02
8.5000e+02,1.9577e+00,7.0465e+00,1.5003e+01,2.9515e+00,8.7455e-02
8.6000e+02,1.9391e+00,7.0286e+00,1.5003e+01,2.9694e+00,8.8091e-02
8.7000e+02,1.9208e+00,7.0108e+00,1.5003e+01,2.9871e+00,8.8722e-02
8.8000e+02,1.9027e+00,6.9933e+00,1.5003e+01,3.0046e+00,8.9346e-02
8.9000e+02,1.8848e+00,6.9760e+00,1.5003e+01,3.0219e+00,8.9965e-02
9.0000e+02,1.8671e+00,6.9589e+00,1.5003e+01,3.0390e+00,9.0578e-02
9.1000e+02,1.8496e+00,6.9420e+00,1.5003e+01,3.0559e+00,9.1185e-02
9.2000e+02,1.8323e+00,6.9253e+00,1.5003e+01,3.0726e+00,9.1787e-02
9.3000e+02,1.8152e+00,6.9088e+00,1.5003e+01,3.0891e+00,9.2383e-02
9.4000e+02,1.7983e+00,6.8925e+00,1.5003e+01,3.1054e+00,9.2973e-02
9.5000e+02,1.7816e+00,6.8764e+00,1.5003e+01,3.1215e+00,9.3559e-02
9.6000e+02,1.7651e+00,6.8605e+00,1.5003e+01,3.1374e+00,9.4138e-02
9.7000e+02,1.7488e+00,6.8447e+00,1.5003e+01,3.1531e+00,9.4712e-02
9.8000e+02,1.7327e+00,6.8292e+00,1.5003e+01,3.1687e+00,9.5281e-02
9.9000e+02,1.7167e+00,6.8138e+00,1.5003e+01,3.1841e+00,9.5845e-02
1.0000e+03,1.7010e+00,6.7985e+00,1.5003e+01,3.1993e+00,9.6404e-02
1.0100e+03,1.6854e+00,6.7835e+00,1.5003e+01,3.2143e+00,9.6957e-02
1.0200e+03,1.6700e+00,6.7686e+00,1.5003e+01,3.2292e+00,9.7506e-02
1.0300e+03,1.6547e+00,6.7539e+00,1.5003e+01,3.2439e+00,9.8049e-02
1.0400e+03,1.6396e+00,6.7394e+00,1.5003e+01,3.2584e+00,9.8588e-02
1.0500e+03,1.6247e+00,6.7250e+00,1.5003e+01,3.2728e+00,9.9121e-02
1.0600e+03,1.6100e+00,6.7108e+00,1.5003e+01,3.2870e+00,9.9650e-02
1.0700e+03,1.5954e+00,6.6967e+00,1.5003e+01,3.3011e+00,1.0017e-01
1.0800e+03,1.5810e+00,6.6828e+00,1.5003e+01,3.3150e+00,1.0069e-01
1.0900e+03,1.5668e+00,6.6691e+00,1.5003e+01,3.3287e+00,1.0121e-01
1.1000e+03,1.5527e+00,6.6555e+00,1.5003e+01,3.3423e+00,1.0172e-01
1.1100e+03,1.5387e+00,6.6420e+00,1.5003e+01,3.3557e+00,1.0222e-01
1.1200e+03,1.5249e+00,6.6287e+00,1.5003e+01,3.3690e+00,1.0272e-01
1.1300e+03,1.5113e+00,6.6155e+00,1.5003e+01,3.3822e+00,1.0322e-01
1.1400e+03,1.4978e+00,6.6025e+00,1.5003e+01,3.3952e+00,1.0371e-01
1.1500e+03,1.4844e+00,6.5896e+00,1.5003e+01,3.4081e+00,1.0420e-01
1.1600e+03,1.4712e+00,6.5769e+00,1.5003e+01,3.4208e+00,1.0468e-01
1.1700e+03,1.4581e+00,6.5643e+00,1.5003e+01,3.4334e+00,1.0516e-01
1.1800e+03,1.4452e+00,6.5518e+00,1.5003e+01,3.4458e+00,1.0564e-01
1.1900e+03,1.4324e+00,6.5395e+00,1.5003e+01,3.4582e+00,1.0611e-01
1.2000e+03,1.4197e+00,6.5273e+00,1.5003e+01,3.4704e+00,1.0658e-01
1.2100e+03,1.4072e+00,6.5152e+00,1.5003e+01,3.4824e+00,1.0704e-01
1.2200e+03,1.3948e+00,6.5033e+00,1.5003e+01,3.4944e+00,1.0750e-01
1.2300e+03,1.3826e+00,6.4915e+00,1.5003e+01,3.5062e+00,1.0795e-01
1.2400e+03,1.3704e+00,6.4798e+00,1.5003e+01,3.5178e+00,1.0840e-01
1.2500e+03,1.3584e+00,6.4682e+00,1.5003e+01,3.5294e+00,1.0885e-01
1.2600e+03,1.3465e+00,6.4568e+00,1.5003e+01,3.5408e+00,1.0929e-01
1.2700e+03,1.3348e+00,6.4455e+00,1.5003e+01,3.5522e+00,1.0973e-01
1.2800e+03,1.3231e+00,6.4342e+00,1.5003e+01,3.5634e+00,1.1016e-01
1.2900e+03,1.3116e+00,6.4232e+00,1.5003e+01,3.5744e+00,1.1059e-01
1.3000e+03,1.3002e+00,6.4122e+00,1.5003e+01,3.5854e+00,1.1102e-01
1.3100e+03,1.2889e+00,6.4013e+00,1.5003e+01,3.5963e+00,1.1145e-01
1.3200e+03,1.2778e+00,6.3906e+00,1.5003e+01,3.6070e+00,1.1187e-01
1.3300e+03,1.2667e+00,6.3799e+00,1.5003e+01,3.6177e+00,1.1228e-01
1.3400e+03,1.2558e+00,6.3694e+00,1.5003e+01,3.6282e+00,1.1269e-01
1.3500e+03,1.2450e+00,6.3590e+00,1.5003e+01,3.6386e+00,1.1310e-01
1.3600e+03,1.2343e+00,6.3486e+00,1.5003e+01,3.6489e+00,1.1351e-01
1.3700e+03,1.2236e+00,6.3384e+00,1.5003e+01,3.6591e+00,1.1391e-01
1.3800e+03,1.2131e+00,6.3283e+00,1.5003e+01,3.6692e+00,1.1431e-01
1.3900e+03,1.2027e+00,6.3183e+00,1.5003e+01,3.6792e+00,1.1471e-01
1.4000e+03,1.1925e+00,6.3084e+00,1.5003e+01,3.6891e+00,1.1510e-01
1.4100e+03,1.1823e+00,6.2986e+00,1.5003e+01,3.6989e+00,1.1549e-01
1.4200e+03,1.1722e+00,6.2889e+00,1.5003e+01,3.7086e+00,1.1587e-01
1.4300e+03,1.1622e+00,6.2793e+00,1.5003e+01,3.7182e+00,1.1625e-01
1.4400e+03,1.1523e+00,6.2698e+00,1.5003e+01,3.7277e+00,1.1663e-01
1.4500e+03,1.1425e+00,6.2604e+00,1.5003e+01,3.7371e+00,1.1701e-01
1.4600e+03,1.1328e+00,6.2510e+00,1.5003e+01,3.7465e+00,1.1738e-01
1.4700e+03,1.1232e+00,6.2418e+00,1.5003e+01,3.7557e+00,1.1775e-01
1.4800e+03,1.1137e+00,6.2327e+00,1.5003e+01,3.7648e+00,1.1812e-01
1.4900e+03,1.1043e+00,6.2236e+00,1.5003e+01,3.7739e+00,1.1848e-01
1.5000e+03,1.0950e+00,6.2146e+00,1.5003e+01,3.7828e+00,1.1884e-01
1.5100e+03,1.0858e+00,6.2058e+00,1.5003e+01,3.7917e+00,1.1920e-01
1.5200e+03,1.0766e+00,6.1970e+00,1.5003e+01,3.8005e+00,1.1955e-01
1.5300e+03,1.0676e+00,6.1883e+00,1.5003e+01,3.8092e+00,1.1990e-01
1.5400e+03,1.0586e+00,6.1797e+00,1.5003e+01,3.8178e+00,1.2025e-01
1.5500e+03,1.0498e+00,6.1711e+00,1.5003e+01,3.8263e+00,1.2059e-01
1.5600e+03,1.0410e+00,6.1627e+00,1.5003e+01,3.8347e+00,1.2094e-01
1.5700e+03,1.0323e+00,6.1543e+00,1.5003e+01,3.8431e+00,1.2128e-01
1.5800e+03,1.0237e+00,6.1460e+00,1.5003e+01,3.8514e+00,1.2161e-01
1.5900e+03,1.0151e+00,6.1378e+00,1.5003e+01,3.8596e+00,1.2195e-01
1.6000e+03,1.0067e+00,6.1297e+00,1.5003e+01,3.8677e+00,1.2228e-01
1.6100e+03,9.9830e-01,6.1216e+00,1.5003e+01,3.8758e+00,1.2261e-01
1.6200e+03,9.9001e-01,6.1137e+00,1.5003e+01,3.8837e+00,1.2293e-01
1.6300e+03,9.8180e-01,6.1058e+00,1.5003e+01,3.8916e+00,1.2325e-01
1.6400e+03,9.7366e-01,6.0980e+00,1.5003e+01,3.8994e+00,1.2357e-01
1.6500e+03,9.6560e-01,6.0902e+00,1.5003e+01,3.9072e+00,1.2389e-01
1.6600e+03,9.5762e-01,6.0825e+00,1.5003e+01,3.9148e+00,1.2421e-01
1.6700e+03,9.4971e-01,6.0749e+00,1.5003e+01,3.9224e+00,1.2452e-01
1.6800e+03,9.4188e-01,6.0674e+00,1.5003e+01,3.9300e+00,1.2483e-01
1.6900e+03,9.3412e-01,6.0600e+00,1.5003e+01,3.9374e+00,1.2514e-01
1.7000e+03,9.2644e-01,6.0526e+00,1.5003e+01,3.9448e+00,1.2544e-01
1.7100e+03,9.1882e-01,6.0453e+00,1.5003e+01,3.9521e+00,1.2574e-01
1.7200e+03,9.1128e-01,6.0380e+00,1.5003e+01,3.9593e+00,1.2604e-01
1.7300e+03,9.0381e-01,6.0308e+00,1.5003e+01,3.9665e+00,1.2634e-01
1.7400e+03,8.9640e-01,6.0237e+00,1.5003e+01,3.9736e+00,1.2664e-01
1.7500e+03,8.8907e-01,6.0167e+00,1.5003e+01,3.9807e+00,1.2693e-01
1.7600e+03,8.8180e-01,6.0097e+00,1.5003e+01,3.9876e+00,1.2722e-01
1.7700e+03,8.7460e-01,6.0028e+00,1.5003e+01,3.9946e+00,1.2751e-01
1.7800e+03,8.6747e-01,5.9959e+00,1.5003e+01,4.0014e+00,1.2779e-01
1.7900e+03,8.6040e-01,5.9891e+00,1.5003e+01,4.0082e+00,1.2807e-01
1.8000e+03,8.5340e-01,5.9824e+00,1.5003e+01,4.0149e+00,1.2835e-01
1.8100e+03,8.4646e-01,5.9757e+00,1.5003e+01,4.0216e+00,1.2863e-01
1.8200e+03,8.3959e-01,5.9691e+00,1.5003e+01,4.0282e+00,1.2891e-01
1.8300e+03,8.3278e-01,5.9626e+00,1.5003e+01,4.0347e+00,1.2918e-01
1.8400e+03,8.2603e-01,5.9561e+00,1.5003e+01,4.0412e+00,1.2945e-01
1.8500e+03,8.1934e-01,5.9497e+00,1.5003e+01,4.0476e+00,1.2972e-01
1.8600e+03,8.1272e-01,5.9433e+00,1.5003e+01,4.0540e+00,1.2999e-01
1.8700e+03,8.0615e-01,5.9370e+00,1.5003e+01,4.0603e+00,1.3026e-01
1.8800e+03,7.9964e-01,5.9308e+00,1.5003e+01,4.0665e+00,1.3052e-01
1.8900e+03,7.9319e-01,5.9246e+00,1.5003e+01,4.0727e+00,1.3078e-01
1.9000e+03,7.8680e-01,5.9184e+00,1.5003e+01,4.0788e+00,1.3104e-01
1.9100e+03,7.8047e-01,5.9124e+00,1.5003e+01,4.0849e+00,1.3130e-01
1.9200e+03,7.7420e-01,5.9063e+00,1.5003e+01,4.0909e+00,1.3155e-01
1.9300e+03,7.6798e-01,5.9004e+00,1.5003e+01,4.0969e+00,1.3180e-01
1.9400e+03,7.6181e-01,5.8945e+00,1.5003e+01,4.1028e+00,1.3205e-01
1.9500e+03,7.5571e-01,5.8886e+00,1.5003e+01,4.1087e+00,1.3230e-01
1.9600e+03,7.4965e-01,5.8828e+00,1.5003e+01,4.1145e+00,1.3255e-01
1.9700e+03,7.4365e-01,5.8770e+00,1.5003e+01,4.1202e+00,1.3279e-01
1.9800e+03,7.3771e-01,5.8713e+00,1.5003e+01,4.1259e+00,1.3304e-01
1.9900e+03,7.3182e-01,5.8657e+00,1.5003e+01,4.1316e+00,1.3328e-01
2.0000e+03,7.2597e-01,5.8601e+00,1.5003e+01,4.1372e+00,1.3352e-01
2.0100e+03,7.2019e-01,5.8545e+00,1.5003e+01,4.1427e+00,1.3375e-01
2.0200e+03,7.1445e-01,5.8490e+00,1.5003e+01,4.1482e+00,1.3399e-01
2.0300e+03,7.0876e-01,5.8435e+00,1.5003e+01,4.1537e+00,1.3422e-01
2.0400e+03,7.0313e-01,5.8381e+00,1.5003e+01,4.1591e+00,1.3445e-01
2.0500e+03,6.9754e-01,5.8328e+00,1.5003e+01,4.1644e+00,1.3468e-01
2.0600e+03,6.9200e-01,5.8275e+00,1.5003e+01,4.1698e+00,1.3491e-01
2.0700e+03,6.8651e-01,5.8222e+00,1.5003e+01,4.1750e+00,1.3514e-01
2.0800e+03,6.8107e-01,5.8170e+00,1.5003e+01,4.1802e+00,1.3536e-01
2.0900e+03,6.7568e-01,5.8118e+00,1.5003e+01,4.1854e+00,1.3558e-01
2.1000e+03,6.7033e-01,5.8067e+00,1.5003e+01,4.1905e+00,1.3580e-01
2.1100e+03,6.6503e-01,5.8016e+00,1.5003e+01,4.1956e+00,1.3602e-01
2.1200e+03,6.5978e-01,5.7965e+00,1.5003e+01,4.2007e+00,1.3624e-01
2.1300e+03,6.5457e-01,5.7915e+00,1.5003e+01,4.2056e+00,1.3645e-01
2.1400e+03,6.4941e-01,5.7866e+00,1.5003e+01,4.2106e+00,1.3667e-01
2.1500e+03,6.4429e-01,5.7817e+00,1.5003e+01,4.2155e+00,1.3688e-01
2.1600e+03,6.3922e-01,5.7768e+00,1.5003e+01,4.2204e+00,1.3709e-01
2.1700e+03,6.3419e-01,5.7720e+00,1.5003e+01,4.2252e+00,1.3730e-01
2.1800e+03,6.2920e-01,5.7672e+00,1.5003e+01,4.2300e+00,1.3751e-01
2.1900e+03,6.2426e-01,5.7625e+00,1.5003e+01,4.2347e+00,1.3771e-01
2.2000e+03,6.1936e-01,5.7578e+00,1.5003e+01,4.2394e+00,1.3792e-01
2.2100e+03,6.1450e-01,5.7531e+00,1.5003e+01,4.2440e+00,1.3812e-01
2.2200e+03,6.0969e-01,5.7485e+00,1.5003e+01,4.2487e+00,1.3832e-01
2.2300e+03,6.0491e-01,5.7439e+00,1.5003e+01,4.2532e+00,1.3852e-01
2.2400e+03,6.0018e-01,5.7394e+00,1.5003e+01,4.2578e+00,1.3872e-01
2.2500e+03,5.9548e-01,5.7349e+00,1.5003e+01,4.2623e+00,1.3891e-01
2.2600e+03,5.9083e-01,5.7304e+00,1.5003e+01,4.2667e+00,1.3911e-01
2.2700e+03,5.8622e-01,5.7260e+00,1.5003e+01,4.2712e+00,1.3930e-01
2.2800e+03,5.8164e-01,5.7216e+00,1.5003e+01,4.2755e+00,1.3949e-01
2.2900e+03,5.7711e-01,5.7173e+00,1.5003e+01,4.2799e+00,1.3968e-01
2.3000e+03,5.7261e-01,5.7130e+00,1.5003e+01,4.2842e+00,1.3987e-01
2.3100e+03,5.6815e-01,5.7087e+00,1.5003e+01,4.2885e+00,1.4006e-01
2.3200e+03,5.6373e-01,5.7044e+00,1.5003e+01,4.2927e+00,1.4024e-01
2.3300e+03,5.5935e-01,5.7002e+00,1.5003e+01,4.2969e+00,1.4043e-01
2.3400e+03,5.5500e-01,5.6961e+00,1.5003e+01,4.3011e+00,1.4061e-01
2.3500e+03,5.5069e-01,5.6919e+00,1.5003e+01,4.3052e+00,1.4079e-01
2.3600e+03,5.4642e-01,5.6878e+00,1.5003e+01,4.3093e+00,1.4097e-01
2.3700e+03,5.4218e-01,5.6838e+00,1.5003e+01,4.3133e+00,1.4115e-01
2.3800e+03,5.3798e-01,5.6798e+00,1.5003e+01,4.3174e+00,1.4132e-01
2.3900e+03,5.3382e-01,5.6758e+00,1.5003e+01,4.3214e+00,1.4150e-01
2.4000e+03,5.2969e-01,5.6718e+00,1.5003e+01,4.3253e+00,1.4167e-01
2.4100e+03,5.2559e-01,5.6679e+00,1.5003e+01,4.3292e+00,1.4185e-01
2.4200e+03,5.2153e-01,5.6640e+00,1.5003e+01,4.3331e+00,1.4202e-01
2.4300e+03,5.1750e-01,5.6601e+00,1.5003e+01,4.3370e+00,1.4219e-01
2.4400e+03,5.1350e-01,5.6563e+00,1.5003e+01,4.3408e+00,1.4236e-01
2.4500e+03,5.0954e-01,5.6525e+00,1.5003e+01,4.3446e+00,1.4253e-01
2.4600e+03,5.0562e-01,5.6487e+00,1.5003e+01,4.3484e+00,1.4269e-01
2.4700e+03,5.0172e-01,5.6450e+00,1.5003e+01,4.3521e+00,1.4286e-01
2.4800e+03,4.9786e-01,5.6413e+00,1.5003e+01,4.3558e+00,1.4302e-01
2.4900e+03,4.9403e-01,5.6376e+00,1.5003e+01,4.3595e+00,1.4318e-01
2.5000e+03,4.9023e-01,5.6340e+00,1.5003e+01,4.3631e+00,1.4335e-01
2.5100e+03,4.8646e-01,5.6304e+00,1.5003e+01,4.3667e+00,1.4351e-01
2.5200e+03,4.8272e-01,5.6268e+00,1.5003e+01,4.3703e+00,1.4366e-01
2.5300e+03,4.7902e-01,5.6233e+00,1.5003e+01,4.3738e+00,1.4382e-01
2.5400e+03,4.7534e-01,5.6197e+00,1.5003e+01,4.3773e+00,1.4398e-01
2.5500e+03,4.7170e-01,5.6162e+00,1.5003e+01,4.3808e+00,1.4413e-01
2.5600e+03,4.6808e-01,5.6128e+00,1.5003e+01,4.3843e+00,1.4429e-01
2.5700e+03,4.6450e-01,5.6093e+00,1.5003e+01,4.3877e+00,1.4444e-01
2.5800e+03,4.6094e-01,5.6059e+00,1.5003e+01,4.3911e+00,1.4459e-01
2.5900e+03,4.5742e-01,5.6026e+00,1.5003e+01,4.3945e+00,1.4474e-01
2.6000e+03,4.5392e-01,5.5992e+00,1.5003e+01,4.3979e+00,1.4489e-01
2.6100e+03,4.5045e-01,5.5959e+00,1.5003e+01,4.4012e+00,1.4504e-01
2.6200e+03,4.4701e-01,5.5926e+00,1.5003e+01,4.4045e+00,1.4519e-01
2.6300e+03,4.4360e-01,5.5893e+00,1.5003e+01,4.4077e+00,1.4533e-01
2.6400e+03,4.4022e-01,5.5861e+00,1.5003e+01,4.4110e+00,1.4548e-01
2.6500e+03,4.3686e-01,5.5829e+00,1.5003e+01,4.4142e+00,1.4562e-01
2.6600e+03,4.3353e-01,5.5797e+00,1.5003e+01,4.4174e+00,1.4577e-01
2.6700e+03,4.3023e-01,5.5765e+00,1.5003e+01,4.4205e+00,1.4591e-01
2.6800e+03,4.2695e-01,5.5734e+00,1.5003e+01,4.4237e+00,1.4605e-01
2.6900e+03,4.2371e-01,5.5703e+00,1.5003e+01,4.4268e+00,1.4619e-01
2.7000e+03,4.2048e-01,5.5672e+00,1.5003e+01,4.4299e+00,1.4633e-01
2.7100e+03,4.1729e-01,5.5641e+00,1.5003e+01,4.4329e+00,1.4646e-01
2.7200e+03,4.1412e-01,5.5611e+00,1.5003e+01,4.4360e+00,1.4660e-01
2.7300e+03,4.1097e-01,5.5581e+00,1.5003e+01,4.4390e+00,1.4674e-01
2.7400e+03,4.0785e-01,5.5551e+00,1.5003e+01,4.4419e+00,1.4687e-01
2.7500e+03,4.0476e-01,5.5521e+00,1.5003e+01,4.4449e+00,1.4700e-01
2.7600e+03,4.0169e-01,5.5492e+00,1.5003e+01,4.4478e+00,1.4713e-01
2.7700e+03,3.9865e-01,5.5463e+00,1.5003e+01,4.4508e+00,1.4727e-01
2.7800e+03,3.9563e-01,5.5434e+00,1.5003e+01,4.4536e+00,1.4740e-01
2.7900e+03,3.9264e-01,5.5405e+00,1.5003e+01,4.4565e+00,1.4753e-01
2.8000e+03,3.8966e-01,5.5377e+00,1.5003e+01,4.4594e+00,1.4765e-01
2.8100e+03,3.8672e-01,5.5349e+00,1.5003e+01,4.4622e+00,1.4778e-01
2.8200e+03,3.8379e-01,5.5321e+00,1.5003e+01,4.4650e+00,1.4791e-01
2.8300e+03,3.8089e-01,5.5293e+00,1.5003e+01,4.4677e+00,1.4803e-01
2.8400e+03,3.7802e-01,5.5265e+00,1.5003e+01,4.4705e+00,1.4816e-01
2.8500e+03,3.7517e-01,5.5238e+00,1.5003e+01,4.4732e+00,1.4828e-01
2.8600e+03,3.7233e-01,5.5211e+00,1.5003e+01,4.4759e+00,1.4840e-01
2.8700e+03,3.6953e-01,5.5184e+00,1.5003e+01,4.4786e+00,1.4853e-01
2.8800e+03,3.6674e-01,5.5157e+00,1.5003e+01,4.4813e+00,1.4865e-01
2.8900e+03,3.6398e-01,5.5131e+00,1.5003e+01,4.4839e+00,1.4877e-01
2.9000e+03,3.6124e-01,5.5105e+00,1.5003e+01,4.4865e+00,1.4888e-01
2.9100e+03,3.5852e-01,5.5079e+00,1.5003e+01,4.4891e+00,1.4900e-01
2.9200e+03,3.5582e-01,5.5053e+00,1.5003e+01,4.4917e+00,1.4912e-01
2.9300e+03,3.5314e-01,5.5027e+00,1.5003e+01,4.4943e+00,1.4924e-01
2.9400e+03,3.5049e-01,5.5002e+00,1.5003e+01,4.4968e+00,1.4935e-01
2.9500e+03,3.4786e-01,5.4976e+00,1.5003e+01,4.4993e+00,1.4947e-01
2.9600e+03,3.4524e-01,5.4951e+00,1.5003e+01,4.5018e+00,1.4958e-01
2.9700e+03,3.4265e-01,5.4927e+00,1.5003e+01,4.5043e+00,1.4969e-01
2.9800e+03,3.4008e-01,5.4902e+00,1.5003e+01,4.5068e+00,1.4980e-01
2.9900e+03,3.3753e-01,5.4878e+00,1.5003e+01,4.5092e+00,1.4992e-01
3.0000e+03,3.3500e-01,5.4853e+00,1.5003e+01,4.5116e+00,1.5003e-01
3.0100e+03,3.3249e-01,5.4829e+00,1.5003e+01,4.5140e+00,1.5014e-01
3.0200e+03,3.2999e-01,5.4806e+00,1.5003e+01,4.5164e+00,1.5024e-01
3.0300e+03,3.2752e-01,5.4782e+00,1.5003e+01,4.5188e+00,1.5035e-01
3.0400e+03,3.2507e-01,5.4758e+00,1.5003e+01,4.5211e+00,1.5046e-01
3.0500e+03,3.2264e-01,5.4735e+00,1.5003e+01,4.5235e+00,1.5057e-01
3.0600e+03,3.2022e-01,5.4712e+00,1.5003e+01,4.5258e+00,1.5067e-01
3.0700e+03,3.1783e-01,5.4689e+00,1.5003e+01,4.5281e+00,1.5078e-01
3.0800e+03,3.1545e-01,5.4666e+00,1.5003e+01,4.5303e+00,1.5088e-01
3.0900e+03,3.1310e-01,5.4644e+00,1.5003e+01,4.5326e+00,1.5098e-01
3.1000e+03,3.1076e-01,5.4621e+00,1.5003e+01,4.5348e+00,1.5108e-01
3.1100e+03,3.0844e-01,5.4599e+00,1.5003e+01,4.5370e+00,1.5119e-01
3.1200e+03,3.0614e-01,5.4577e+00,1.5003e+01,4.5392e+00,1.5129e-01
3.1300e+03,3.0385e-01,5.4555e+00,1.5003e+01,4.5414e+00,1.5139e-01
3.1400e+03,3.0159e-01,5.4534e+00,1.5003e+01,4.5436e+00,1.5149e-01
3.1500e+03,2.9934e-01,5.4512e+00,1.5003e+01,4.5457e+00,1.5158e-01
3.1600e+03,2.9711e-01,5.4491e+00,1.5003e+01,4.5479e+00,1.5168e-01
3.1700e+03,2.9489e-01,5.4470e+00,1.5003e+01,4.5500e+00,1.5178e-01
3.1800e+03,2.9270e-01,5.4449e+00,1.5003e+01,4.5521e+00,1.5188e-01
3.1900e+03,2.9052e-01,5.4428e+00,1.5003e+01,4.5542e+00,1.5197e-01
3.2000e+03,2.8836e-01,5.4407e+00,1.5003e+01,4.5562e+00,1.5207e-01
3.2100e+03,2.8621e-01,5.4387e+00,1.5003e+01,4.5583e+00,1.5216e-01
3.2200e+03,2.8408e-01,5.4366e+00,1.5003e+01,4.5603e+00,1.5225e-01
3.2300e+03,2.8197e-01,5.4346e+00,1.5003e+01,4.5623e+00,1.5235e-01
3.2400e+03,2.7988e-01,5.4326e+00,1.5003e+01,4.5644e+00,1.5244e-01
3.2500e+03,2.7780e-01,5.4306e+00,1.5003e+01,4.5663e+00,1.5253e-01
3.2600e+03,2.7574e-01,5.4286e+00,1.5003e+01,4.5683e+00,1.5262e-01
3.2700e+03,2.7369e-01,5.4267e+00,1.5003e+01,4.5703e+00,1.5271e-01
3.2800e+03,2.7166e-01,5.4247e+00,1.5003e+01,4.5722e+00,1.5280e-01
3.2900e+03,2.6964e-01,5.4228e+00,1.5003e+01,4.5741e+00,1.5289e-01
3.3000e+03,2.6764e-01,5.4209e+00,1.5003e+01,4.5760e+00,1.5298e-01
3.3100e+03,2.6566e-01,5.4190e+00,1.5003e+01,4.5779e+00,1.5307e-01
3.3200e+03,2.6369e-01,5.4171e+00,1.5003e+01,4.5798e+00,1.5315e-01
3.3300e+03,2.6174e-01,5.4152e+00,1.5003e+01,4.5817e+00,1.5324e-01
3.3400e+03,2.5980e-01,5.4134e+00,1.5003e+01,4.5835e+00,1.5332e-01
3.3500e+03,2.5787e-01,5.4116e+00,1.5003e+01,4.5854e+00,1.5341e-01
3.3600e+03,2.5597e-01,5.4097e+00,1.5003e+01,4.5872e+00,1.5349e-01
3.3700e+03,2.5407e-01,5.4079e+00,1.5003e+01,4.5890e+00,1.5358e-01
3.3800e+03,2.5219e-01,5.4061e+00,1.5003e+01,4.5908e+00,1.5366e-01
3.3900e+03,2.5033e-01,5.4043e+00,1.5003e+01,4.5926e+00,1.5374e-01
3.4000e+03,2.4848e-01,5.4026e+00,1.5003e+01,4.5944e+00,1.5382e-01
3.4100e+03,2.4664e-01,5.4008e+00,1.5003e+01,4.5961e+00,1.5391e-01
3.4200e+03,2.4482e-01,5.3991e+00,1.5003e+01,4.5979e+00,1.5399e-01
3.4300e+03,2.4301e-01,5.3973e+00,1.5003e+01,4.5996e+00,1.5407e-01
3.4400e+03,2.4122e-01,5.3956e+00,1.5003e+01,4.6013e+00,1.5415e-01
3.4500e+03,2.3944e-01,5.3939e+00,1.5003e+01,4.6030e+00,1.5422e-01
3.4600e+03,2.3767e-01,5.3922e+00,1.5003e+01,4.6047e+00,1.5430e-01
3.4700e+03,2.3592e-01,5.3906e+00,1.5003e+01,4.6064e+00,1.5438e-01
3.4800e+03,2.3418e-01,5.3889e+00,1.5003e+01,4.6080e+00,1.5446e-01
3.4900e+03,2.3245e-01,5.3872e+00,1.5003e+01,4.6097e+00,1.5453e-01
3.5000e+03,2.3074e-01,5.3856e+00,1.5003e+01,4.6113e+00,1.5461e-01
3.5100e+03,2.2904e-01,5.3840e+00,1.5003e+01,4.6129e+00,1.5469e-01
3.5200e+03,2.2735e-01,5.3824e+00,1.5003e+01,4.6146e+00,1.5476e-01
3.5300e+03,2.2568e-01,5.3808e+00,1.5003e+01,4.6162e+00,1.5484e-01
3.5400e+03,2.2401e-01,5.3792e+00,1.5003e+01,4.6177e+00,1.5491e-01
3.5500e+03,2.2237e-01,5.3776e+00,1.5003e+01,4.6193e+00,1.5498e-01
3.5600e+03,2.2073e-01,5.3760e+00,1.5003e+01,4.6209e+00,1.5505e-01
3.5700e+03,2.1911e-01,5.3745e+00,1.5003e+01,4.6224e+00,1.5513e-01
3.5800e+03,2.1749e-01,5.3729e+00,1.5003e+01,4.6240e+00,1.5520e-01
3.5900e+03,2.1590e-01,5.3714e+00,1.5003e+01,4.6255e+00,1.5527e-01
3.6000e+03,2.1431e-01,5.3699e+00,1.5003e+01,4.6270e+00,1.5534e-01
3.6100e+03,2.1273e-01,5.3684e+00,1.5003e+01,4.6285e+00,1.5541e-01
3.6200e+03,2.1117e-01,5.3669e+00,1.5003e+01,4.6300e+00,1.5548e-01
3.6300e+03,2.0962e-01,5.3654e+00,1.5003e+01,4.6315e+00,1.5555e-01
3.6400e+03,2.0808e-01,5.3639e+00,1.5003e+01,4.6330e+00,1.5562e-01
3.6500e+03,2.0655e-01,5.3625e+00,1.5003e+01,4.6344e+00,1.5569e-01
3.6600e+03,2.0504e-01,5.3610e+00,1.5003e+01,4.6359e+00,1.5575e-01
3.6700e+03,2.0353e-01,5.3596e+00,1.5003e+01,4.6373e+00,1.5582e-01
3.6800e+03,2.0204e-01,5.3582e+00,1.5003e+01,4.6387e+00,1.5589e-01
3.6900e+03,2.0056e-01,5.3567e+00,1.5003e+01,4.6402e+00,1.5595e-01
3.7000e+03,1.9909e-01,5.3553e+00,1.5003e+01,4.6416e+00,1.5602e-01
3.7100e+03,1.9763e-01,5.3539e+00,1.5003e+01,4.6430e+00,1.5608e-01
3.7200e+03,1.9618e-01,5.3526e+00,1.5003e+01,4.6443e+00,1.5615e-01
3.7300e+03,1.9474e-01,5.3512e+00,1.5003e+01,4.6457e+00,1.5621e-01
3.7400e+03,1.9332e-01,5.3498e+00,1.5003e+01,4.6471e+00,1.5628e-01
3.7500e+03,1.9190e-01,5.3485e+00,1.5003e+01,4.6484e+00,1.5634e-01
3.7600e+03,1.9050e-01,5.3471e+00,1.5003e+01,4.6498e+00,1.5640e-01
3.7700e+03,1.8910e-01,5.3458e+00,1.5003e+01,4.6511e+00,1.5646e-01
3.7800e+03,1.8772e-01,5.3445e+00,1.5003e+01,4.6524e+00,1.5653e-01
3.7900e+03,1.8635e-01,5.3432e+00,1.5003e+01,4.6537e+00,1.5659e-01
3.8000e+03,1.8498e-01,5.3419e+00,1.5003e+01,4.6550e+00,1.5665e-01
3.8100e+03,1.8363e-01,5.3406e+00,1.5003e+01,4.6563e+00,1.5671e-01
3.8200e+03,1.8229e-01,5.3393e+00,1.5003e+01,4.6576e+00,1.5677e-01
3.8300e+03,1.8096e-01,5.3380e+00,1.5003e+01,4.6589e+00,1.5683e-01
3.8400e+03,1.7963e-01,5.3367e+00,1.5003e+01,4.6601e+00,1.5689e-01
3.8500e+03,1.7832e-01,5.3355e+00,1.5003e+01,4.6614e+00,1.5695e-01
3.8600e+03,1.7702e-01,5.3342e+00,1.5003e+01,4.6626e+00,1.5700e-01
3.8700e+03,1.7573e-01,5.3330e+00,1.5003e+01,4.6639e+00,1.5706e-01
3.8800e+03,1.7444e-01,5.3318e+00,1.5003e+01,4.6651e+00,1.5712e-01
3.8900e+03,1.7317e-01,5.3306e+00,1.5003e+01,4.6663e+00,1.5718e-01
3.9000e+03,1.7191e-01,5.3294e+00,1.5003e+01,4.6675e+00,1.5723e-01
3.9100e+03,1.7065e-01,5.3282e+00,1.5003e+01,4.6687e+00,1.5729e-01
3.9200e+03,1.6941e-01,5.3270e+00,1.5003e+01,4.6699e+00,1.5735e-01
3.9300e+03,1.6817e-01,5.3258e+00,1.5003e+01,4.6711e+00,1.5740e-01
3.9400e+03,1.6695e-01,5.3246e+00,1.5003e+01,4.6723e+00,1.5746e-01
3.9500e+03,1.6573e-01,5.3235e+00,1.5003e+01,4.6734e+00,1.5751e-01
3.9600e+03,1.6452e-01,5.3223e+00,1.5003e+01,4.6746e+00,1.5756e-01
3.9700e+03,1.6332e-01,5.3212e+00,1.5003e+01,4.6757e+00,1.5762e-01
3.9800e+03,1.6213e-01,5.3200e+00,1.5003e+01,4.6769e+00,1.5767e-01
3.9900e+03,1.6095e-01,5.3189e+00,1.5003e+01,4.6780e+00,1.5772e-01
4.0000e+03,1.5978e-01,5.3178e+00,1.5003e+01,4.6791e+00,1.5778e-01
4.0100e+03,1.5861e-01,5.3167e+00,1.5003e+01,4.6802e+00,1.5783e-01
4.0200e+03,1.5746e-01,5.3156e+00,1.5003e+01,4.6813e+00,1.5788e-01
4.0300e+03,1.5631e-01,5.3145e+00,1.5003e+01,4.6824e+00,1.5793e-01
4.0400e+03,1.5518e-01,5.3134e+00,1.5003e+01,4.6835e+00,1.5798e-01
4.0500e+03,1.5405e-01,5.3123e+00,1.5003e+01,4.6846e+00,1.5803e-01
4.0600e+03,1.5293e-01,5.3112e+00,1.5003e+01,4.6857e+00,1.5809e-01
4.0700e+03,1.5181e-01,5.3102e+00,1.5003e+01,4.6867e+00,1.5814e-01
4.0800e+03,1.5071e-01,5.3091e+00,1.5003e+01,4.6878e+00,1.5818e-01
4.0900e+03,1.4961e-01,5.3081e+00,1.5003e+01,4.6888e+00,1.5823e-01
4.1000e+03,1.4853e-01,5.3070e+00,1.5003e+01,4.6899e+00,1.5828e-01
4.1100e+03,1.4745e-01,5.3060e+00,1.5003e+01,4.6909e+00,1.5833e-01
4.1200e+03,1.4638e-01,5.3050e+00,1.5003e+01,4.6919e+00,1.5838e-01
4.1300e+03,1.4531e-01,5.3039e+00,1.5003e+01,4.6929e+00,1.5843e-01
4.1400e+03,1.4426e-01,5.3029e+00,1.5003e+01,4.6939e+00,1.5848e-01
4.1500e+03,1.4321e-01,5.3019e+00,1.5003e+01,4.6949e+00,1.5852e-01
4.1600e+03,1.4217e-01,5.3009e+00,1.5003e+01,4.6959e+00,1.5857e-01
4.1700e+03,1.4114e-01,5.3000e+00,1.5003e+01,4.6969e+00,1.5862e-01
4.1800e+03,1.4011e-01,5.2990e+00,1.5003e+01,4.6979e+00,1.5866e-01
4.1900e+03,1.3910e-01,5.2980e+00,1.5003e+01,4.6989e+00,1.5871e-01
4.2000e+03,1.3809e-01,5.2970e+00,1.5003e+01,4.6998e+00,1.5875e-01
4.2100e+03,1.3709e-01,5.2961e+00,1.5003e+01,4.7008e+00,1.5880e-01
4.2200e+03,1.3609e-01,5.2951e+00,1.5003e+01,4.7017e+00,1.5884e-01
4.2300e+03,1.3510e-01,5.2942e+00,1.5003e+01,4.7027e+00,1.5889e-01
4.2400e+03,1.3412e-01,5.2933e+00,1.5003e+01,4.7036e+00,1.5893e-01
4.2500e+03,1.3315e-01,5.2923e+00,1.5003e+01,4.7045e+00,1.5898e-01
4.2600e+03,1.3219e-01,5.2914e+00,1.5003e+01,4.7055e+00,1.5902e-01
4.2700e+03,1.3123e-01,5.2905e+00,1.5003e+01,4.7064e+00,1.5906e-01
4.2800e+03,1.3028e-01,5.2896e+00,1.5003e+01,4.7073e+00,1.5911e-01
4.2900e+03,1.2933e-01,5.2887e+00,1.5003e+01,4.7082e+00,1.5915e-01
4.3000e+03,1.2840e-01,5.2878e+00,1.5003e+01,4.7091e+00,1.5919e-01
4.3100e+03,1.2747e-01,5.2869e+00,1.5003e+01,4.7100e+00,1.5923e-01
4.3200e+03,1.2654e-01,5.2860e+00,1.5003e+01,4.7109e+00,1.5927e-01
4.3300e+03,1.2563e-01,5.2851e+00,1.5003e+01,4.7117e+00,1.5932e-01
4.3400e+03,1.2472e-01,5.2843e+00,1.5003e+01,4.7126e+00,1.5936e-01
4.3500e+03,1.2382e-01,5.2834e+00,1.5003e+01,4.7135e+00,1.5940e-01
4.3600e+03,1.2292e-01,5.2825e+00,1.5003e+01,4.7143e+00,1.5944e-01
4.3700e+03,1.2203e-01,5.2817e+00,1.5003e+01,4.7152e+00,1.5948e-01
4.3800e+03,1.2115e-01,5.2809e+00,1.5003e+01,4.7160e+00,1.5952e-01
4.3900e+03,1.2027e-01,5.2800e+00,1.5003e+01,4.7168e+00,1.5956e-01
4.4000e+03,1.1940e-01,5.2792e+00,1.5003e+01,4.7177e+00,1.5960e-01
4.4100e+03,1.1854e-01,5.2784e+00,1.5003e+01,4.7185e+00,1.5964e-01
4.4200e+03,1.1768e-01,5.2775e+00,1.5003e+01,4.7193e+00,1.5967e-01
4.4300e+03,1.1683e-01,5.2767e+00,1.5003e+01,4.7201e+00,1.5971e-01
4.4400e+03,1.1598e-01,5.2759e+00,1.5003e+01,4.7209e+00,1.5975e-01
4.4500e+03,1.1515e-01,5.2751e+00,1.5003e+01,4.7217e+00,1.5979e-01
4.4600e+03,1.1431e-01,5.2743e+00,1.5003e+01,4.7225e+00,1.5983e-01
4.4700e+03,1.1349e-01,5.2735e+00,1.5003e+01,4.7233e+00,1.5986e-01
4.4800e+03,1.1267e-01,5.2727e+00,1.5003e+01,4.7241e+00,1.5990e-01
4.4900e+03,1.1185e-01,5.2720e+00,1.5003e+01,4.7249e+00,1.5994e-01
4.5000e+03,1.1105e-01,5.2712e+00,1.5003e+01,4.7256e+00,1.5997e-01
4.5100e+03,1.1024e-01,5.2704e+00,1.5003e+01,4.7264e+00,1.6001e-01
4.5200e+03,1.0945e-01,5.2697e+00,1.5003e+01,4.7272e+00,1.6005e-01
4.5300e+03,1.0866e-01,5.2689e+00,1.5003e+01,4.7279e+00,1.6008e-01
4.5400e+03,1.0787e-01,5.2682e+00,1.5003e+01,4.7287e+00,1.6012e-01
4.5500e+03,1.0709e-01,5.2674e+00,1.5003e+01,4.7294e+00,1.6015e-01
4.5600e+03,1.0632e-01,5.2667e+00,1.5003e+01,4.7302e+00,1.6019e-01
4.5700e+03,1.0555e-01,5.2660e+00,1.5003e+01,4.7309e+00,1.6022e-01
4.5800e+03,1.0479e-01,5.2652e+00,1.5003e+01,4.7316e+00,1.6026e-01
4.5900e+03,1.0404e-01,5.2645e+00,1.5003e+01,4.7323e+00,1.6029e-01
4.6000e+03,1.0329e-01,5.2638e+00,1.5003e+01,4.7331e+00,1.6033e-01
4.6100e+03,1.0254e-01,5.2631e+00,1.5003e+01,4.7338e+00,1.6036e-01
4.6200e+03,1.0180e-01,5.2624e+00,1.5003e+01,4.7345e+00,1.6039e-01
4.6300e+03,1.0107e-01,5.2617e+00,1.5003e+01,4.7352e+00,1.6043e-01
4.6400e+03,1.0034e-01,5.2610e+00,1.5003e+01,4.7359e+00,1.6046e-01
4.6500e+03,9.9616e-02,5.2603e+00,1.5003e+01,4.7366e+00,1.6049e-01
4.6600e+03,9.8898e-02,5.2596e+00,1.5003e+01,4.7372e+00,1.6053e-01
4.6700e+03,9.8186e-02,5.2589e+00,1.5003e+01,4.7379e+00,1.6056e-01
4.6800e+03,9.7478e-02,5.2582e+00,1.5003e+01,4.7386e+00,1.6059e-01
4.6900e+03,9.6776e-02,5.2576e+00,1.5003e+01,4.7393e+00,1.6062e-01
4.7000e+03,9.6078e-02,5.2569e+00,1.5003e+01,4.7399e+00,1.6065e-01
4.7100e+03,9.5386e-02,5.2562e+00,1.5003e+01,4.7406e+00,1.6068e-01
4.7200e+03,9.4699e-02,5.2556e+00,1.5003e+01,4.7413e+00,1.6072e-01
4.7300e+03,9.4017e-02,5.2549e+00,1.5003e+01,4.7419e+00,1.6075e-01
4.7400e+03,9.3340e-02,5.2543e+00,1.5003e+01,4.7426e+00,1.6078e-01
4.7500e+03,9.2668e-02,5.2536e+00,1.5003e+01,4.7432e+00,1.6081e-01
4.7600e+03,9.2001e-02,5.2530e+00,1.5003e+01,4.7438e+00,1.6084e-01
4.7700e+03,9.1339e-02,5.2524e+00,1.5003e+01,4.7445e+00,1.6087e-01
4.7800e+03,9.0681e-02,5.2517e+00,1.5003e+01,4.7451e+00,1.6090e-01
4.7900e+03,9.0029e-02,5.2511e+00,1.5003e+01,4.7457e+00,1.6093e-01
4.8000e+03,8.9381e-02,5.2505e+00,1.5003e+01,4.7463e+00,1.6096e-01
4.8100e+03,8.8738e-02,5.2499e+00,1.5003e+01,4.7469e+00,1.6099e-01
4.8200e+03,8.8099e-02,5.2493e+00,1.5003e+01,4.7476e+00,1.6102e-01
4.8300e+03,8.7466e-02,5.2487e+00,1.5003e+01,4.7482e+00,1.6104e-01
4.8400e+03,8.6836e-02,5.2481e+00,1.5003e+01,4.7488e+00,1.6107e-01
4.8500e+03,8.6212e-02,5.2475e+00,1.5003e+01,4.7494e+00,1.6110e-01
4.8600e+03,8.5592e-02,5.2469e+00,1.5003e+01,4.7499e+00,1.6113e-01
4.8700e+03,8.4976e-02,5.2463e+00,1.5003e+01,4.7505e+00,1.6116e-01
4.8800e+03,8.4365e-02,5.2457e+00,1.5003e+01,4.7511e+00,1.6119e-01
4.8900e+03,8.3759e-02,5.2451e+00,1.5003e+01,4.7517e+00,1.6121e-01
4.9000e+03,8.3157e-02,5.2446e+00,1.5003e+01,4.7523e+00,1.6124e-01
4.9100e+03,8.2559e-02,5.2440e+00,1.5003e+01,4.7528e+00,1.6127e-01
4.9200e+03,8.1966e-02,5.2434e+00,1.5003e+01,4.7534e+00,1.6129e-01
4.9300e+03,8.1377e-02,5.2429e+00,1.5003e+01,4.7540e+00,1.6132e-01
4.9400e+03,8.0792e-02,5.2423e+00,1.5003e+01,4.7545e+00,1.6135e-01
4.9500e+03,8.0211e-02,5.2417e+00,1.5003e+01,4.7551e+00,1.6137e-01
4.9600e+03,7.9635e-02,5.2412e+00,1.5003e+01,4.7556e+00,1.6140e-01
4.9700e+03,7.9063e-02,5.2406e+00,1.5003e+01,4.7562e+00,1.6143e-01
4.9800e+03,7.8495e-02,5.2401e+00,1.5003e+01,4.7567e+00,1.6145e-01
4.9900e+03,7.7932e-02,5.2396e+00,1.5003e+01,4.7573e+00,1.6148e-01
5.0000e+03,7.7372e-02,5.2390e+00,1.5003e+01,4.7578e+00,1.6150e-01
5.0100e+03,7.6816e-02,5.2385e+00,1.5003e+01,4.7583e+00,1.6153e-01
5.0200e+03,7.6265e-02,5.2380e+00,1.5003e+01,4.7589e+00,1.6155e-01
5.0300e+03,7.5717e-02,5.2375e+00,1.5003e+01,4.7594e+00,1.6158e-01
5.0400e+03,7.5174e-02,5.2369e+00,1.5003e+01,4.7599e+00,1.6160e-01
5.0500e+03,7.4634e-02,5.2364e+00,1.5003e+01,4.7604e+00,1.6163e-01
5.0600e+03,7.4098e-02,5.2359e+00,1.5003e+01,4.7609e+00,1.6165e-01
5.0700e+03,7.3567e-02,5.2354e+00,1.5003e+01,4.7614e+00,1.6168e-01
5.0800e+03,7.3039e-02,5.2349e+00,1.5003e+01,4.7619e+00,1.6170e-01
5.0900e+03,7.2515e-02,5.2344e+00,1.5003e+01,4.7624e+00,1.6173e-01
5.1000e+03,7.1994e-02,5.2339e+00,1.5003e+01,4.7629e+00,1.6175e-01
5.1100e+03,7.1478e-02,5.2334e+00,1.5003e+01,4.7634e+00,1.6177e-01
5.1200e+03,7.0965e-02,5.2329e+00,1.5003e+01,4.7639e+00,1.6180e-01
5.1300e+03,7.0456e-02,5.2324e+00,1.5003e+01,4.7644e+00,1.6182e-01
5.1400e+03,6.9951e-02,5.2319e+00,1.5003e+01,4.7649e+00,1.6184e-01
5.1500e+03,6.9449e-02,5.2315e+00,1.5003e+01,4.7654e+00,1.6187e-01
5.1600e+03,6.8951e-02,5.2310e+00,1.5003e+01,4.7658e+00,1.6189e-01
5.1700e+03,6.8457e-02,5.2305e+00,1.5003e+01,4.7663e+00,1.6191e-01
5.1800e+03,6.7966e-02,5.2301e+00,1.5003e+01,4.7668e+00,1.6193e-01
5.1900e+03,6.7479e-02,5.2296e+00,1.5003e+01,4.7672e+00,1.6196e-01
5.2000e+03,6.6995e-02,5.2291e+00,1.5003e+01,4.7677e+00,1.6198e-01
5.2100e+03,6.6515e-02,5.2287e+00,1.5003e+01,4.7682e+00,1.6200e-01
5.2200e+03,6.6038e-02,5.2282e+00,1.5003e+01,4.7686e+00,1.6202e-01
5.2300e+03,6.5565e-02,5.2278e+00,1.5003e+01,4.7691e+00,1.6204e-01
5.2400e+03,6.5095e-02,5.2273e+00,1.5003e+01,4.7695e+00,1.6206e-01
5.2500e+03,6.4628e-02,5.2269e+00,1.5003e+01,4.7700e+00,1.6209e-01
5.2600e+03,6.4165e-02,5.2264e+00,1.5003e+01,4.7704e+00,1.6211e-01
5.2700e+03,6.3706e-02,5.2260e+00,1.5003e+01,4.7708e+00,1.6213e-01
5.2800e+03,6.3249e-02,5.2255e+00,1.5003e+01,4.7713e+00,1.6215e-01
5.2900e+03,6.2796e-02,5.2251e+00,1.5003e+01,4.7717e+00,1.6217e-01
5.3000e+03,6.2346e-02,5.2247e+00,1.5003e+01,4.7721e+00,1.6219e-01
5.3100e+03,6.1900e-02,5.2243e+00,1.5003e+01,4.7726e+00,1.6221e-01
5.3200e+03,6.1456e-02,5.2238e+00,1.5003e+01,4.7730e+00,1.6223e-01
5.3300e+03,6.1016e-02,5.2234e+00,1.5003e+01,4.7734e+00,1.6225e-01
5.3400e+03,6.0579e-02,5.2230e+00,1.5003e+01,4.7738e+00,1.6227e-01
5.3500e+03,6.0146e-02,5.2226e+00,1.5003e+01,4.7742e+00,1.6229e-01
5.3600e+03,5.9715e-02,5.2222e+00,1.5003e+01,4.7746e+00,1.6231e-01
5.3700e+03,5.9288e-02,5.2218e+00,1.5003e+01,4.7751e+00,1.6233e-01
5.3800e+03,5.8863e-02,5.2214e+00,1.5003e+01,4.7755e+00,1.6235e-01
5.3900e+03,5.8442e-02,5.2210e+00,1.5003e+01,4.7759e+00,1.6237e-01
5.4000e+03,5.8024e-02,5.2206e+00,1.5003e+01,4.7763e+00,1.6239e-01
5.4100e+03,5.7608e-02,5.2202e+00,1.5003e+01,4.7767e+00,1.6241e-01
5.4200e+03,5.7196e-02,5.2198e+00,1.5003e+01,4.7770e+00,1.6242e-01
5.4300e+03,5.6787e-02,5.2194e+00,1.5003e+01,4.7774e+00,1.6244e-01
5.4400e+03,5.6380e-02,5.2190e+00,1.5003e+01,4.7778e+00,1.6246e-01
5.4500e+03,5.5977e-02,5.2186e+00,1.5003e+01,4.7782e+00,1.6248e-01
5.4600e+03,5.5576e-02,5.2182e+00,1.5003e+01,4.7786e+00,1.6250e-01
5.4700e+03,5.5179e-02,5.2178e+00,1.5003e+01,4.7790e+00,1.6252e-01
5.4800e+03,5.4784e-02,5.2175e+00,1.5003e+01,4.7794e+00,1.6253e-01
5.4900e+03,5.4392e-02,5.2171e+00,1.5003e+01,4.7797e+00,1.6255e-01
5.5000e+03,5.4003e-02,5.2167e+00,1.5003e+01,4.7801e+00,1.6257e-01
5.5100e+03,5.3617e-02,5.2163e+00,1.5003e+01,4.7805e+00,1.6259e-01
5.5200e+03,5.3234e-02,5.2160e+00,1.5003e+01,4.7808e+00,1.6261e-01
5.5300e+03,5.2853e-02,5.2156e+00,1.5003e+01,4.7812e+00,1.6262e-01
5.5400e+03,5.2475e-02,5.2153e+00,1.5003e+01,4.7816e+00,1.6264e-01
5.5500e+03,5.2100e-02,5.2149e+00,1.5003e+01,4.7819e+00,1.6266e-01
5.5600e+03,5.1727e-02,5.2145e+00,1.5003e+01,4.7823e+00,1.6267e-01
5.5700e+03,5.1357e-02,5.2142e+00,1.5003e+01,4.7826e+00,1.6269e-01
5.5800e+03,5.0990e-02,5.2138e+00,1.5003e+01,4.7830e+00,1.6271e-01
5.5900e+03,5.0626e-02,5.2135e+00,1.5003e+01,4.7833e+00,1.6273e-01
5.6000e+03,5.0264e-02,5.2131e+00,1.5003e+01,4.7837e+00,1.6274e-01
5.6100e+03,4.9905e-02,5.2128e+00,1.5003e+01,4.7840e+00,1.6276e-01
5.6200e+03,4.9548e-02,5.2125e+00,1.5003e+01,4.7843e+00,1.6277e-01
5.6300e+03,4.9194e-02,5.2121e+00,1.5003e+01,4.7847e+00,1.6279e-01
5.6400e+03,4.8842e-02,5.2118e+00,1.5003e+01,4.7850e+00,1.6281e-01
5.6500e+03,4.8493e-02,5.2115e+00,1.5003e+01,4.7854e+00,1.6282e-01
5.6600e+03,4.8147e-02,5.2111e+00,1.5003e+01,4.7857e+00,1.6284e-01
5.6700e+03,4.7803e-02,5.2108e+00,1.5003e+01,4.7860e+00,1.6285e-01
5.6800e+03,4.7461e-02,5.2105e+00,1.5003e+01,4.7863e+00,1.6287e-01
5.6900e+03,4.7122e-02,5.2101e+00,1.5003e+01,4.7867e+00,1.6289e-01
5.7000e+03,4.6786e-02,5.2098e+00,1.5003e+01,4.7870e+00,1.6290e-01
5.7100e+03,4.6451e-02,5.2095e+00,1.5003e+01,4.7873e+00,1.6292e-01
5.7200e+03,4.6120e-02,5.2092e+00,1.5003e+01,4.7876e+00,1.6293e-01
5.7300e+03,4.5790e-02,5.2089e+00,1.5003e+01,4.7879e+00,1.6295e-01
5.7400e+03,4.5463e-02,5.2086e+00,1.5003e+01,4.7882e+00,1.6296e-01
5.7500e+03,4.5138e-02,5.2083e+00,1.5003e+01,4.7886e+00,1.6298e-01
5.7600e+03,4.4816e-02,5.2079e+00,1.5003e+01,4.7889e+00,1.6299e-01
5.7700e+03,4.4496e-02,5.2076e+00,1.5003e+01,4.7892e+00,1.6301e-01
5.7800e+03,4.4178e-02,5.2073e+00,1.5003e+01,4.7895e+00,1.6302e-01
5.7900e+03,4.3863e-02,5.2070e+00,1.5003e+01,4.7898e+00,1.6303e-01
5.8000e+03,4.3550e-02,5.2067e+00,1.5003e+01,4.7901e+00,1.6305e-01
5.8100e+03,4.3239e-02,5.2064e+00,1.5003e+01,4.7904e+00,1.6306e-01
5.8200e+03,4.2930e-02,5.2061e+00,1.5003e+01,4.7907e+00,1.6308e-01
5.8300e+03,4.2624e-02,5.2059e+00,1.5003e+01,4.7910e+00,1.6309e-01
5.8400e+03,4.2319e-02,5.2056e+00,1.5003e+01,4.7912e+00,1.6311e-01
5.8500e+03,4.2017e-02,5.2053e+00,1.5003e+01,4.7915e+00,1.6312e-01
5.8600e+03,4.1717e-02,5.2050e+00,1.5003e+01,4.7918e+00,1.6313e-01
5.8700e+03,4.1420e-02,5.2047e+00,1.5003e+01,4.7921e+00,1.6315e-01
5.8800e+03,4.1124e-02,5.2044e+00,1.5003e+01,4.7924e+00,1.6316e-01
5.8900e+03,4.0831e-02,5.2041e+00,1.5003e+01,4.7927e+00,1.6317e-01
5.9000e+03,4.0539e-02,5.2039e+00,1.5003e+01,4.7929e+00,1.6319e-01
5.9100e+03,4.0250e-02,5.2036e+00,1.5003e+01,4.7932e+00,1.6320e-01
5.9200e+03,3.9963e-02,5.2033e+00,1.5003e+01,4.7935e+00,1.6321e-01
5.9300e+03,3.9678e-02,5.2030e+00,1.5003e+01,4.7938e+00,1.6323e-01
5.9400e+03,3.9395e-02,5.2028e+00,1.5003e+01,4.7940e+00,1.6324e-01
5.9500e+03,3.9114e-02,5.2025e+00,1.5003e+01,4.7943e+00,1.6325e-01
5.9600e+03,3.8834e-02,5.2022e+00,1.5003e+01,4.7946e+00,1.6327e-01
5.9700e+03,3.8557e-02,5.2020e+00,1.5003e+01,4.7948e+00,1.6328e-01
5.9800e+03,3.8282e-02,5.2017e+00,1.5003e+01,4.7951e+00,1.6329e-01
5.9900e+03,3.8009e-02,5.2014e+00,1.5003e+01,4.7954e+00,1.6330e-01
6.0000e+03,3.7738e-02,5.2012e+00,1.5003e+01,4.7956e+00,1.6332e-01
6.0100e+03,3.7469e-02,5.2009e+00,1.5003e+01,4.7959e+00,1.6333e-01
6.0200e+03,3.7202e-02,5.2007e+00,1.5003e+01,4.7961e+00,1.6334e-01
6.0300e+03,3.6937e-02,5.2004e+00,1.5003e+01,4.7964e+00,1.6335e-01
6.0400e+03,3.6673e-02,5.2002e+00,1.5003e+01,4.7966e+00,1.6336e-01
6.0500e+03,3.6412e-02,5.1999e+00,1.5003e+01,4.7969e+00,1.6338e-01
6.0600e+03,3.6152e-02,5.1997e+00,1.5003e+01,4.7971e+00,1.6339e-01
6.0700e+03,3.5894e-02,5.1994e+00,1.5003e+01,4.7974e+00,1.6340e-01
6.0800e+03,3.5638e-02,5.1992e+00,1.5003e+01,4.7976e+00,1.6341e-01
6.0900e+03,3.5384e-02,5.1989e+00,1.5003e+01,4.7979e+00,1.6342e-01
6.1000e+03,3.5132e-02,5.1987e+00,1.5003e+01,4.7981e+00,1.6343e-01
6.1100e+03,3.4882e-02,5.1985e+00,1.5003e+01,4.7983e+00,1.6345e-01
6.1200e+03,3.4633e-02,5.1982e+00,1.5003e+01,4.7986e+00,1.6346e-01
6.1300e+03,3.4386e-02,5.1980e+00,1.5003e+01,4.7988e+00,1.6347e-01
6.1400e+03,3.4141e-02,5.1978e+00,1.5003e+01,4.7990e+00,1.6348e-01
6.1500e+03,3.3898e-02,5.1975e+00,1.5003e+01,4.7993e+00,1.6349e-01
6.1600e+03,3.3656e-02,5.1973e+00,1.5003e+01,4.7995e+00,1.6350e-01
6.1700e+03,3.3416e-02,5.1971e+00,1.5003e+01,4.7997e+00,1.6351e-01
6.1800e+03,3.3178e-02,5.1968e+00,1.5003e+01,4.8000e+00,1.6352e-01
6.1900e+03,3.2941e-02,5.1966e+00,1.5003e+01,4.8002e+00,1.6354e-01
6.2000e+03,3.2707e-02,5.1964e+00,1.5003e+01,4.8004e+00,1.6355e-01
6.2100e+03,3.2474e-02,5.1962e+00,1.5003e+01,4.8006e+00,1.6356e-01
6.2200e+03,3.2242e-02,5.1959e+00,1.5003e+01,4.8009e+00,1.6357e-01
6.2300e+03,3.2012e-02,5.1957e+00,1.5003e+01,4.8011e+00,1.6358e-01
6.2400e+03,3.1784e-02,5.1955e+00,1.5003e+01,4.8013e+00,1.6359e-01
6.2500e+03,3.1558e-02,5.1953e+00,1.5003e+01,4.8015e+00,1.6360e-01
6.2600e+03,3.1333e-02,5.1951e+00,1.5003e+01,4.8017e+00,1.6361e-01
6.2700e+03,3.1110e-02,5.1949e+00,1.5003e+01,4.8019e+00,1.6362e-01
6.2800e+03,3.0888e-02,5.1946e+00,1.5003e+01,4.8022e+00,1.6363e-01
6.2900e+03,3.0668e-02,5.1944e+00,1.5003e+01,4.8024e+00,1.6364e-01
6.3000e+03,3.0450e-02,5.1942e+00,1.5003e+01,4.8026e+00,1.6365e-01
6.3100e+03,3.0233e-02,5.1940e+00,1.5003e+01,4.8028e+00,1.6366e-01
6.3200e+03,3.0017e-02,5.1938e+00,1.5003e+01,4.8030e+00,1.6367e-01
6.3300e+03,2.9804e-02,5.1936e+00,1.5003e+01,4.8032e+00,1.6368e-01
6.3400e+03,2.9591e-02,5.1934e+00,1.5003e+01,4.8034e+00,1.6369e-01
6.3500e+03,2.9381e-02,5.1932e+00,1.5003e+01,4.8036e+00,1.6370e-01
6.3600e+03,2.9171e-02,5.1930e+00,1.5003e+01,4.8038e+00,1.6371e-01
6.3700e+03,2.8964e-02,5.1928e+00,1.5003e+01,4.8040e+00,1.6372e-01
6.3800e+03,2.8757e-02,5.1926e+00,1.5003e+01,4.8042e+00,1.6373e-01
6.3900e+03,2.8553e-02,5.1924e+00,1.5003e+01,4.8044e+00,1.6374e-01
6.4000e+03,2.8349e-02,5.1922e+00,1.5003e+01,4.8046e+00,1.6375e-01
6.4100e+03,2.8147e-02,5.1920e+00,1.5003e+01,4.8048e+00,1.6376e-01
6.4200e+03,2.7947e-02,5.1918e+00,1.5003e+01,4.8050e+00,1.6376e-01
6.4300e+03,2.7748e-02,5.1916e+00,1.5003e+01,4.8051e+00,1.6377e-01
6.4400e+03,2.7550e-02,5.1915e+00,1.5003e+01,4.8053e+00,1.6378e-01
6.4500e+03,2.7354e-02,5.1913e+00,1.5003e+01,4.8055e+00,1.6379e-01
6.4600e+03,2.7159e-02,5.1911e+00,1.5003e+01,4.8057e+00,1.6380e-01
6.4700e+03,2.6966e-02,5.1909e+00,1.5003e+01,4.8059e+00,1.6381e-01
6.4800e+03,2.6774e-02,5.1907e+00,1.5003e+01,4.8061e+00,1.6382e-01
6.4900e+03,2.6584e-02,5.1905e+00,1.5003e+01,4.8063e+00,1.6383e-01
6.5000e+03,2.6394e-02,5.1904e+00,1.5003e+01,4.8064e+00,1.6384e-01
6.5100e+03,2.6206e-02,5.1902e+00,1.5003e+01,4.8066e+00,1.6384e-01
6.5200e+03,2.6020e-02,5.1900e+00,1.5003e+01,4.8068e+00,1.6385e-01
6.5300e+03,2.5835e-02,5.1898e+00,1.5003e+01,4.8070e+00,1.6386e-01
6.5400e+03,2.5651e-02,5.1896e+00,1.5003e+01,4.8071e+00,1.6387e-01
6.5500e+03,2.5468e-02,5.1895e+00,1.5003e+01,4.8073e+00,1.6388e-01
6.5600e+03,2.5287e-02,5.1893e+00,1.5003e+01,4.8075e+00,1.6389e-01
6.5700e+03,2.5107e-02,5.1891e+00,1.5003e+01,4.8077e+00,1.6390e-01
6.5800e+03,2.4928e-02,5.1890e+00,1.5003e+01,4.8078e+00,1.6390e-01
6.5900e+03,2.4751e-02,5.1888e+00,1.5003e+01,4.8080e+00,1.6391e-01
6.6000e+03,2.4575e-02,5.1886e+00,1.5003e+01,4.8082e+00,1.6392e-01
6.6100e+03,2.4400e-02,5.1885e+00,1.5003e+01,4.8083e+00,1.6393e-01
6.6200e+03,2.4226e-02,5.1883e+00,1.5003e+01,4.8085e+00,1.6394e-01
6.6300e+03,2.4054e-02,5.1881e+00,1.5003e+01,4.8087e+00,1.6394e-01
6.6400e+03,2.3883e-02,5.1880e+00,1.5003e+01,4.8088e+00,1.6395e-01
6.6500e+03,2.3713e-02,5.1878e+00,1.5003e+01,4.8090e+00,1.6396e-01
6.6600e+03,2.3544e-02,5.1876e+00,1.5003e+01,4.8092e+00,1.6397e-01
6.6700e+03,2.3377e-02,5.1875e+00,1.5003e+01,4.8093e+00,1.6397e-01
6.6800e+03,2.3210e-02,5.1873e+00,1.5003e+01,4.8095e+00,1.6398e-01
6.6900e+03,2.3045e-02,5.1872e+00,1.5003e+01,4.8096e+00,1.6399e-01
6.7000e+03,2.2881e-02,5.1870e+00,1.5003e+01,4.8098e+00,1.6400e-01
6.7100e+03,2.2718e-02,5.1868e+00,1.5003e+01,4.8099e+00,1.6401e-01
6.7200e+03,2.2557e-02,5.1867e+00,1.5003e+01,4.8101e+00,1.6401e-01
6.7300e+03,2.2396e-02,5.1865e+00,1.5003e+01,4.8103e+00,1.6402e-01
6.7400e+03,2.2237e-02,5.1864e+00,1.5003e+01,4.8104e+00,1.6403e-01
6.7500e+03,2.2079e-02,5.1862e+00,1.5003e+01,4.8106e+00,1.6403e-01
6.7600e+03,2.1922e-02,5.1861e+00,1.5003e+01,4.8107e+00,1.6404e-01
6.7700e+03,2.1766e-02,5.1859e+00,1.5003e+01,4.8109e+00,1.6405e-01
6.7800e+03,2.1611e-02,5.1858e+00,1.5003e+01,4.8110e+00,1.6406e-01
6.7900e+03,2.1457e-02,5.1856e+00,1.5003e+01,4.8111e+00,1.6406e-01
6.8000e+03,2.1305e-02,5.1855e+00,1.5003e+01,4.8113e+00,1.6407e-01
6.8100e+03,2.1153e-02,5.1854e+00,1.5003e+01,4.8114e+00,1.6408e-01
6.8200e+03,2.1003e-02,5.1852e+00,1.5003e+01,4.8116e+00,1.6408e-01
6.8300e+03,2.0853e-02,5.1851e+00,1.5003e+01,4.8117e+00,1.6409e-01
6.8400e+03,2.0705e-02,5.1849e+00,1.5003e+01,4.8119e+00,1.6410e-01
6.8500e+03,2.0558e-02,5.1848e+00,1.5003e+01,4.8120e+00,1.6410e-01
6.8600e+03,2.0412e-02,5.1846e+00,1.5003e+01,4.8121e+00,1.6411e-01
6.8700e+03,2.0267e-02,5.1845e+00,1.5003e+01,4.8123e+00,1.6412e-01
6.8800e+03,2.0122e-02,5.1844e+00,1.5003e+01,4.8124e+00,1.6412e-01
6.8900e+03,1.9979e-02,5.1842e+00,1.5003e+01,4.8126e+00,1.6413e-01
6.9000e+03,1.9837e-02,5.1841e+00,1.5003e+01,4.8127e+00,1.6414e-01
6.9100e+03,1.9696e-02,5.1840e+00,1.5003e+01,4.8128e+00,1.6414e-01
6.9200e+03,1.9556e-02,5.1838e+00,1.5003e+01,4.8130e+00,1.6415e-01
6.9300e+03,1.9417e-02,5.1837e+00,1.5003e+01,4.8131e+00,1.6416e-01
6.9400e+03,1.9279e-02,5.1836e+00,1.5003e+01,4.8132e+00,1.6416e-01
6.9500e+03,1.9142e-02,5.1834e+00,1.5003e+01,4.8134e+00,1.6417e-01
6.9600e+03,1.9006e-02,5.1833e+00,1.5003e+01,4.8135e+00,1.6418e-01
6.9700e+03,1.8871e-02,5.1832e+00,1.5003e+01,4.8136e+00,1.6418e-01
6.9800e+03,1.8737e-02,5.1830e+00,1.5003e+01,4.8137e+00,1.6419e-01
6.9900e+03,1.8603e-02,5.1829e+00,1.5003e+01,4.8139e+00,1.6419e-01
7.0000e+03,1.8471e-02,5.1828e+00,1.5003e+01,4.8140e+00,1.6420e-01
7.0100e+03,1.8340e-02,5.1827e+00,1.5003e+01,4.8141e+00,1.6421e-01
7.0200e+03,1.8210e-02,5.1825e+00,1.5003e+01,4.8142e+00,1.6421e-01
7.0300e+03,1.8080e-02,5.1824e+00,1.5003e+01,4.8144e+00,1.6422e-01
7.0400e+03,1.7952e-02,5.1823e+00,1.5003e+01,4.8145e+00,1.6422e-01
7.0500e+03,1.7824e-02,5.1822e+00,1.5003e+01,4.8146e+00,1.6423e-01
7.0600e+03,1.7697e-02,5.1821e+00,1.5003e+01,4.8147e+00,1.6424e-01
7.0700e+03,1.7571e-02,5.1819e+00,1.5003e+01,4.8149e+00,1.6424e-01
7.0800e+03,1.7447e-02,5.1818e+00,1.5003e+01,4.8150e+00,1.6425e-01
7.0900e+03,1.7323e-02,5.1817e+00,1.5003e+01,4.8151e+00,1.6425e-01
7.1000e+03,1.7199e-02,5.1816e+00,1.5003e+01,4.8152e+00,1.6426e-01
7.1100e+03,1.7077e-02,5.1815e+00,1.5003e+01,4.8153e+00,1.6426e-01
7.1200e+03,1.6956e-02,5.1813e+00,1.5003e+01,4.8154e+00,1.6427e-01
7.1300e+03,1.6835e-02,5.1812e+00,1.5003e+01,4.8156e+00,1.6428e-01
7.1400e+03,1.6716e-02,5.1811e+00,1.5003e+01,4.8157e+00,1.6428e-01
7.1500e+03,1.6597e-02,5.1810e+00,1.5003e+01,4.8158e+00,1.6429e-01
7.1600e+03,1.6479e-02,5.1809e+00,1.5003e+01,4.8159e+00,1.6429e-01
7.1700e+03,1.6362e-02,5.1808e+00,1.5003e+01,4.8160e+00,1.6430e-01
7.1800e+03,1.6246e-02,5.1807e+00,1.5003e+01,4.8161e+00,1.6430e-01
7.1900e+03,1.6130e-02,5.1806e+00,1.5003e+01,4.8162e+00,1.6431e-01
7.2000e+03,1.6016e-02,5.1804e+00,1.5003e+01,4.8163e+00,1.6431e-01
7.2100e+03,1.5902e-02,5.1803e+00,1.5003e+01,4.8164e+00,1.6432e-01
7.2200e+03,1.5789e-02,5.1802e+00,1.5003e+01,4.8166e+00,1.6432e-01
7.2300e+03,1.5677e-02,5.1801e+00,1.5003e+01,4.8167e+00,1.6433e-01
7.2400e+03,1.5565e-02,5.1800e+00,1.5003e+01,4.8168e+00,1.6433e-01
7.2500e+03,1.5455e-02,5.1799e+00,1.5003e+01,4.8169e+00,1.6434e-01
7.2600e+03,1.5345e-02,5.1798e+00,1.5003e+01,4.8170e+00,1.6434e-01
7.2700e+03,1.5236e-02,5.1797e+00,1.5003e+01,4.8171e+00,1.6435e-01
7.2800e+03,1.5128e-02,5.1796e+00,1.5003e+01,4.8172e+00,1.6435e-01
7.2900e+03,1.5020e-02,5.1795e+00,1.5003e+01,4.8173e+00,1.6436e-01
7.3000e+03,1.4913e-02,5.1794e+00,1.5003e+01,4.8174e+00,1.6436e-01
7.3100e+03,1.4807e-02,5.1793e+00,1.5003e+01,4.8175e+00,1.6437e-01
7.3200e+03,1.4702e-02,5.1792e+00,1.5003e+01,4.8176e+00,1.6437e-01
7.3300e+03,1.4598e-02,5.1791e+00,1.5003e+01,4.8177e+00,1.6438e-01
7.3400e+03,1.4494e-02,5.1790e+00,1.5003e+01,4.8178e+00,1.6438e-01
7.3500e+03,1.4391e-02,5.1789e+00,1.5003e+01,4.8179e+00,1.6439e-01
7.3600e+03,1.4289e-02,5.1788e+00,1.5003e+01,4.8180e+00,1.6439e-01
7.3700e+03,1.4187e-02,5.1787e+00,1.5003e+01,4.8181e+00,1.6440e-01
7.3800e+03,1.4087e-02,5.1786e+00,1.5003e+01,4.8182e+00,1.6440e-01
7.3900e+03,1.3987e-02,5.1785e+00,1.5003e+01,4.8183e+00,1.6441e-01
7.4000e+03,1.3887e-02,5.1784e+00,1.5003e+01,4.8184e+00,1.6441e-01
7.4100e+03,1.3789e-02,5.1783e+00,1.5003e+01,4.8185e+00,1.6442e-01
7.4200e+03,1.3691e-02,5.1782e+00,1.5003e+01,4.8186e+00,1.6442e-01
7.4300e+03,1.3593e-02,5.1781e+00,1.5003e+01,4.8187e+00,1.6443e-01
7.4400e+03,1.3497e-02,5.1780e+00,1.5003e+01,4.8187e+00,1.6443e-01
7.4500e+03,1.3401e-02,5.1780e+00,1.5003e+01,4.8188e+00,1.6443e-01
7.4600e+03,1.3306e-02,5.1779e+00,1.5003e+01,4.8189e+00,1.6444e-01
7.4700e+03,1.3211e-02,5.1778e+00,1.5003e+01,4.8190e+00,1.6444e-01
7.4800e+03,1.3117e-02,5.1777e+00,1.5003e+01,4.8191e+00,1.6445e-01
7.4900e+03,1.3024e-02,5.1776e+00,1.5003e+01,4.8192e+00,1.6445e-01
7.5000e+03,1.2932e-02,5.1775e+00,1.5003e+01,4.8193e+00,1.6446e-01
7.5100e+03,1.2840e-02,5.1774e+00,1.5003e+01,4.8194e+00,1.6446e-01
7.5200e+03,1.2749e-02,5.1773e+00,1.5003e+01,4.8195e+00,1.6446e-01
7.5300e+03,1.2658e-02,5.1772e+00,1.5003e+01,4.8195e+00,1.6447e-01
7.5400e+03,1.2568e-02,5.1772e+00,1.5003e+01,4.8196e+00,1.6447e-01
7.5500e+03,1.2479e-02,5.1771e+00,1.5003e+01,4.8197e+00,1.6448e-01
7.5600e+03,1.2390e-02,5.1770e+00,1.5003e+01,4.8198e+00,1.6448e-01
7.5700e+03,1.2302e-02,5.1769e+00,1.5003e+01,4.8199e+00,1.6448e-01
7.5800e+03,1.2215e-02,5.1768e+00,1.5003e+01,4.8200e+00,1.6449e-01
7.5900e+03,1.2128e-02,5.1767e+00,1.5003e+01,4.8200e+00,1.6449e-01
7.6000e+03,1.2042e-02,5.1767e+00,1.5003e+01,4.8201e+00,1.6450e-01
7.6100e+03,1.1957e-02,5.1766e+00,1.5003e+01,4.8202e+00,1.6450e-01
7.6200e+03,1.1872e-02,5.1765e+00,1.5003e+01,4.8203e+00,1.6450e-01
7.6300e+03,1.1788e-02,5.1764e+00,1.5003e+01,4.8204e+00,1.6451e-01
7.6400e+03,1.1704e-02,5.1763e+00,1.5003e+01,4.8205e+00,1.6451e-01
7.6500e+03,1.1621e-02,5.1763e+00,1.5003e+01,4.8205e+00,1.6452e-01
7.6600e+03,1.1538e-02,5.1762e+00,1.5003e+01,4.8206e+00,1.6452e-01
7.6700e+03,1.1456e-02,5.1761e+00,1.5003e+01,4.8207e+00,1.6452e-01
7.6800e+03,1.1375e-02,5.1760e+00,1.5003e+01,4.8208e+00,1.6453e-01
7.6900e+03,1.1294e-02,5.1759e+00,1.5003e+01,4.8208e+00,1.6453e-01
7.7000e+03,1.1214e-02,5.1759e+00,1.5003e+01,4.8209e+00,1.6453e-01
7.7100e+03,1.1134e-02,5.1758e+00,1.5003e+01,4.8210e+00,1.6454e-01
7.7200e+03,1.1055e-02,5.1757e+00,1.5003e+01,4.8211e+00,1.6454e-01
7.7300e+03,1.0977e-02,5.1756e+00,1.5003e+01,4.8211e+00,1.6455e-01
7.7400e+03,1.0899e-02,5.1756e+00,1.5003e+01,4.8212e+00,1.6455e-01
7.7500e+03,1.0822e-02,5.1755e+00,1.5003e+01,4.8213e+00,1.6455e-01
7.7600e+03,1.0745e-02,5.1754e+00,1.5003e+01,4.8214e+00,1.6456e-01
7.7700e+03,1.0668e-02,5.1753e+00,1.5003e+01,4.8214e+00,1.6456e-01
7.7800e+03,1.0593e-02,5.1753e+00,1.5003e+01,4.8215e+00,1.6456e-01
7.7900e+03,1.0518e-02,5.1752e+00,1.5003e+01,4.8216e+00,1.6457e-01
7.8000e+03,1.0443e-02,5.1751e+00,1.5003e+01,4.8217e+00,1.6457e-01
7.8100e+03,1.0369e-02,5.1751e+00,1.5003e+01,4.8217e+00,1.6457e-01
7.8200e+03,1.0295e-02,5.1750e+00,1.5003e+01,4.8218e+00,1.6458e-01
7.8300e+03,1.0222e-02,5.1749e+00,1.5003e+01,4.8219e+00,1.6458e-01
7.8400e+03,1.0149e-02,5.1748e+00,1.5003e+01,4.8219e+00,1.6458e-01
7.8500e+03,1.0077e-02,5.1748e+00,1.5003e+01,4.8220e+00,1.6459e-01
7.8600e+03,1.0006e-02,5.1747e+00,1.5003e+01,4.8221e+00,1.6459e-01
7.8700e+03,9.9349e-03,5.1746e+00,1.5003e+01,4.8221e+00,1.6459e-01
7.8800e+03,9.8643e-03,5.1746e+00,1.5003e+01,4.8222e+00,1.6460e-01
7.8900e+03,9.7943e-03,5.1745e+00,1.5003e+01,4.8223e+00,1.6460e-01
7.9000e+03,9.7248e-03,5.1744e+00,1.5003e+01,4.8223e+00,1.6460e-01
7.9100e+03,9.6558e-03,5.1744e+00,1.5003e+01,4.8224e+00,1.6461e-01
7.9200e+03,9.5872e-03,5.1743e+00,1.5003e+01,4.8225e+00,1.6461e-01
7.9300e+03,9.5192e-03,5.1742e+00,1.5003e+01,4.8225e+00,1.6461e-01
7.9400e+03,9.4516e-03,5.1742e+00,1.5003e+01,4.8226e+00,1.6462e-01
7.9500e+03,9.3845e-03,5.1741e+00,1.5003e+01,4.8227e+00,1.6462e-01
7.9600e+03,9.3179e-03,5.1741e+00,1.5003e+01,4.8227e+00,1.6462e-01
7.9700e+03,9.2518e-03,5.1740e+00,1.5003e+01,4.8228e+00,1.6463e-01
7.9800e+03,9.1861e-03,5.1739e+00,1.5003e+01,4.8229e+00,1.6463e-01
7.9900e+03,9.1209e-03,5.1739e+00,1.5003e+01,4.8229e+00,1.6463e-01
8.0000e+03,9.0562e-03,5.1738e+00,1.5003e+01,4.8230e+00,1.6463e-01
8.0100e+03,8.9919e-03,5.1737e+00,1.5003e+01,4.8230e+00,1.6464e-01
8.0200e+03,8.9281e-03,5.1737e+00,1.5003e+01,4.8231e+00,1.6464e-01
8.0300e+03,8.8648e-03,5.1736e+00,1.5003e+01,4.8232e+00,1.6464e-01
8.0400e+03,8.8018e-03,5.1736e+00,1.5003e+01,4.8232e+00,1.6465e-01
8.0500e+03,8.7394e-03,5.1735e+00,1.5003e+01,4.8233e+00,1.6465e-01
8.0600e+03,8.6774e-03,5.1734e+00,1.5003e+01,4.8233e+00,1.6465e-01
8.0700e+03,8.6158e-03,5.1734e+00,1.5003e+01,4.8234e+00,1.6465e-01
8.0800e+03,8.5546e-03,5.1733e+00,1.5003e+01,4.8235e+00,1.6466e-01
8.0900e+03,8.4939e-03,5.1733e+00,1.5003e+01,4.8235e+00,1.6466e-01
8.1000e+03,8.4337e-03,5.1732e+00,1.5003e+01,4.8236e+00,1.6466e-01
8.1100e+03,8.3738e-03,5.1732e+00,1.5003e+01,4.8236e+00,1.6467e-01
8.1200e+03,8.3144e-03,5.1731e+00,1.5003e+01,4.8237e+00,1.6467e-01
8.1300e+03,8.2554e-03,5.1730e+00,1.5003e+01,4.8237e+00,1.6467e-01
8.1400e+03,8.1968e-03,5.1730e+00,1.5003e+01,4.8238e+00,1.6467e-01
8.1500e+03,8.1386e-03,5.1729e+00,1.5003e+01,4.8239e+00,1.6468e-01
8.1600e+03,8.0809e-03,5.1729e+00,1.5003e+01,4.8239e+00,1.6468e-01
8.1700e+03,8.0235e-03,5.1728e+00,1.5003e+01,4.8240e+00,1.6468e-01
8.1800e+03,7.9666e-03,5.1728e+00,1.5003e+01,4.8240e+00,1.6468e-01
8.1900e+03,7.9101e-03,5.1727e+00,1.5003e+01,4.8241e+00,1.6469e-01
8.2000e+03,7.8539e-03,5.1727e+00,1.5003e+01,4.8241e+00,1.6469e-01
8.2100e+03,7.7982e-03,5.1726e+00,1.5003e+01,4.8242e+00,1.6469e-01
8.2200e+03,7.7429e-03,5.1726e+00,1.5003e+01,4.8242e+00,1.6469e-01
8.2300e+03,7.6879e-03,5.1725e+00,1.5003e+01,4.8243e+00,1.6470e-01
8.2400e+03,7.6334e-03,5.1724e+00,1.5003e+01,4.8243e+00,1.6470e-01
8.2500e+03,7.5792e-03,5.1724e+00,1.5003e+01,4.8244e+00,1.6470e-01
8.2600e+03,7.5255e-03,5.1723e+00,1.5003e+01,4.8244e+00,1.6470e-01
8.2700e+03,7.4721e-03,5.1723e+00,1.5003e+01,4.8245e+00,1.6471e-01
8.2800e+03,7.4190e-03,5.1722e+00,1.5003e+01,4.8245e+00,1.6471e-01
8.2900e+03,7.3664e-03,5.1722e+00,1.5003e+01,4.8246e+00,1.6471e-01
