t,[L2M],[D],[L],[L2MD],[L2Ms]
0.0000e+00,5.5000e+00,1.6500e+01,2.0000e+01,0.0000e+00,0.0000e+00
1.0000e+01,5.4093e+00,1.6413e+01,2.0003e+01,8.6617e-02,1.3158e-03
2.0000e+01,5.3231e+00,1.6328e+01,2.0003e+01,1.7159e-01,2.6134e-03
3.0000e+01,5.2386e+00,1.6245e+01,2.0003e+01,2.5479e-01,3.8906e-03
4.0000e+01,5.1558e+00,1.6163e+01,2.0003e+01,3.3627e-01,5.1477e-03
5.0000e+01,5.0748e+00,1.6084e+01,2.0003e+01,4.1608e-01,6.3852e-03
6.0000e+01,4.9954e+00,1.6005e+01,2.0003e+01,4.9427e-01,7.6035e-03
7.0000e+01,4.9176e+00,1.5929e+01,2.0003e+01,5.7088e-01,8.8029e-03
8.0000e+01,4.8413e+00,1.5854e+01,2.0003e+01,6.4595e-01,9.9839e-03
9.0000e+01,4.7666e+00,1.5780e+01,2.0003e+01,7.1952e-01,1.1147e-02
1.0000e+02,4.6933e+00,1.5708e+01,2.0003e+01,7.9164e-01,1.2292e-02
1.1000e+02,4.6215e+00,1.5637e+01,2.0003e+01,8.6233e-01,1.3420e-02
1.2000e+02,4.5511e+00,1.5568e+01,2.0003e+01,9.3165e-01,1.4530e-02
1.3000e+02,4.4820e+00,1.5500e+01,2.0003e+01,9.9962e-01,1.5624e-02
1.4000e+02,4.4143e+00,1.5433e+01,2.0003e+01,1.0663e+00,1.6702e-02
1.5000e+02,4.3478e+00,1.5368e+01,2.0003e+01,1.1317e+00,1.7763e-02
1.6000e+02,4.2826e+00,1.5304e+01,2.0003e+01,1.1958e+00,1.8809e-02
1.7000e+02,4.2187e+00,1.5241e+01,2.0003e+01,1.2587e+00,1.9839e-02
1.8000e+02,4.1559e+00,1.5179e+01,2.0003e+01,1.3205e+00,2.0853e-02
1.9000e+02,4.0944e+00,1.5118e+01,2.0003e+01,1.3810e+00,2.1853e-02
2.0000e+02,4.0339e+00,1.5059e+01,2.0003e+01,1.4405e+00,2.2838e-02
2.1000e+02,3.9746e+00,1.5000e+01,2.0003e+01,1.4989e+00,2.3809e-02
2.2000e+02,3.9163e+00,1.4943e+01,2.0003e+01,1.5562e+00,2.4766e-02
2.3000e+02,3.8591e+00,1.4887e+01,2.0003e+01,1.6124e+00,2.5709e-02
2.4000e+02,3.8030e+00,1.4831e+01,2.0003e+01,1.6676e+00,2.6638e-02
2.5000e+02,3.7478e+00,1.4777e+01,2.0003e+01,1.7218e+00,2.7553e-02
2.6000e+02,3.6937e+00,1.4724e+01,2.0003e+01,1.7751e+00,2.8456e-02
2.7000e+02,3.6405e+00,1.4672e+01,2.0003e+01,1.8274e+00,2.9346e-02
2.8000e+02,3.5883e+00,1.4620e+01,2.0003e+01,1.8788e+00,3.0222e-02
2.9000e+02,3.5369e+00,1.4570e+01,2.0003e+01,1.9292e+00,3.1087e-02
3.0000e+02,3.4865e+00,1.4520e+01,2.0003e+01,1.9788e+00,3.1939e-02
3.1000e+02,3.4369e+00,1.4471e+01,2.0003e+01,2.0275e+00,3.2779e-02
3.2000e+02,3.3882e+00,1.4424e+01,2.0003e+01,2.0754e+00,3.3607e-02
3.3000e+02,3.3404e+00,1.4376e+01,2.0003e+01,2.1224e+00,3.4424e-02
3.4000e+02,3.2934e+00,1.4330e+01,2.0003e+01,2.1687e+00,3.5229e-02
3.5000e+02,3.2471e+00,1.4285e+01,2.0003e+01,2.2141e+00,3.6023e-02
3.6000e+02,3.2017e+00,1.4240e+01,2.0003e+01,2.2588e+00,3.6806e-02
3.7000e+02,3.1570e+00,1.4196e+01,2.0003e+01,2.3027e+00,3.7578e-02
3.8000e+02,3.1131e+00,1.4153e+01,2.0003e+01,2.3458e+00,3.8339e-02
3.9000e+02,3.0699e+00,1.4110e+01,2.0003e+01,2.3883e+00,3.9090e-02
4.0000e+02,3.0274e+00,1.4069e+01,2.0003e+01,2.4300e+00,3.9831e-02
4.1000e+02,2.9856e+00,1.4028e+01,2.0003e+01,2.4710e+00,4.0561e-02
4.2000e+02,2.9446e+00,1.3987e+01,2.0003e+01,2.5114e+00,4.1281e-02
4.3000e+02,2.9042e+00,1.3948e+01,2.0003e+01,2.5511e+00,4.1992e-02
4.4000e+02,2.8644e+00,1.3909e+01,2.0003e+01,2.5901e+00,4.2692e-02
4.5000e+02,2.8253e+00,1.3870e+01,2.0003e+01,2.6285e+00,4.3384e-02
4.6000e+02,2.7869e+00,1.3832e+01,2.0003e+01,2.6663e+00,4.4065e-02
4.7000e+02,2.7490e+00,1.3795e+01,2.0003e+01,2.7035e+00,4.4738e-02
4.8000e+02,2.7118e+00,1.3759e+01,2.0003e+01,2.7401e+00,4.5402e-02
4.9000e+02,2.6752e+00,1.3723e+01,2.0003e+01,2.7760e+00,4.6056e-02
5.0000e+02,2.6391e+00,1.3687e+01,2.0003e+01,2.8114e+00,4.6702e-02
5.1000e+02,2.6036e+00,1.3652e+01,2.0003e+01,2.8463e+00,4.7339e-02
5.2000e+02,2.5687e+00,1.3618e+01,2.0003e+01,2.8806e+00,4.7968e-02
5.3000e+02,2.5343e+00,1.3584e+01,2.0003e+01,2.9143e+00,4.8588e-02
5.4000e+02,2.5005e+00,1.3551e+01,2.0003e+01,2.9475e+00,4.9200e-02
5.5000e+02,2.4672e+00,1.3518e+01,2.0003e+01,2.9802e+00,4.9804e-02
5.6000e+02,2.4344e+00,1.3486e+01,2.0003e+01,3.0124e+00,5.0400e-02
5.7000e+02,2.4022e+00,1.3454e+01,2.0003e+01,3.0441e+00,5.0988e-02
5.8000e+02,2.3704e+00,1.3423e+01,2.0003e+01,3.0753e+00,5.1569e-02
5.9000e+02,2.3391e+00,1.3392e+01,2.0003e+01,3.1060e+00,5.2141e-02
6.0000e+02,2.3083e+00,1.3362e+01,2.0003e+01,3.1362e+00,5.2707e-02
6.1000e+02,2.2780e+00,1.3332e+01,2.0003e+01,3.1660e+00,5.3264e-02
6.2000e+02,2.2481e+00,1.3303e+01,2.0003e+01,3.1954e+00,5.3815e-02
6.3000e+02,2.2187e+00,1.3274e+01,2.0003e+01,3.2242e+00,5.4358e-02
6.4000e+02,2.1897e+00,1.3246e+01,2.0003e+01,3.2527e+00,5.4894e-02
6.5000e+02,2.1611e+00,1.3218e+01,2.0003e+01,3.2807e+00,5.5423e-02
6.6000e+02,2.1330e+00,1.3190e+01,2.0003e+01,3.3083e+00,5.5946e-02
6.7000e+02,2.1053e+00,1.3163e+01,2.0003e+01,3.3354e+00,5.6461e-02
6.8000e+02,2.0781e+00,1.3136e+01,2.0003e+01,3.3622e+00,5.6970e-02
6.9000e+02,2.0512e+00,1.3110e+01,2.0003e+01,3.3886e+00,5.7473e-02
7.0000e+02,2.0247e+00,1.3084e+01,2.0003e+01,3.4146e+00,5.7969e-02
7.1000e+02,1.9986e+00,1.3058e+01,2.0003e+01,3.4402e+00,5.8458e-02
7.2000e+02,1.9729e+00,1.3033e+01,2.0003e+01,3.4654e+00,5.8942e-02
7.3000e+02,1.9476e+00,1.3008e+01,2.0003e+01,3.4902e+00,5.9419e-02
7.4000e+02,1.9226e+00,1.2984e+01,2.0003e+01,3.5147e+00,5.9890e-02
7.5000e+02,1.8981e+00,1.2959e+01,2.0003e+01,3.5388e+00,6.0355e-02
7.6000e+02,1.8738e+00,1.2936e+01,2.0003e+01,3.5626e+00,6.0814e-02
7.7000e+02,1.8499e+00,1.2912e+01,2.0003e+01,3.5861e+00,6.1267e-02
7.8000e+02,1.8264e+00,1.2889e+01,2.0003e+01,3.6091e+00,6.1715e-02
7.9000e+02,1.8032e+00,1.2866e+01,2.0003e+01,3.6319e+00,6.2156e-02
8.0000e+02,1.7803e+00,1.2844e+01,2.0003e+01,3.6543e+00,6.2593e-02
8.1000e+02,1.7578e+00,1.2822e+01,2.0003e+01,3.6764e+00,6.3023e-02
8.2000e+02,1.7356e+00,1.2800e+01,2.0003e+01,3.6982e+00,6.3449e-02
8.3000e+02,1.7137e+00,1.2778e+01,2.0003e+01,3.7197e+00,6.3869e-02
8.4000e+02,1.6921e+00,1.2757e+01,2.0003e+01,3.7409e+00,6.4283e-02
8.5000e+02,1.6708e+00,1.2736e+01,2.0003e+01,3.7618e+00,6.4693e-02
8.6000e+02,1.6498e+00,1.2716e+01,2.0003e+01,3.7824e+00,6.5097e-02
8.7000e+02,1.6291e+00,1.2695e+01,2.0003e+01,3.8026e+00,6.5496e-02
8.8000e+02,1.6087e+00,1.2675e+01,2.0003e+01,3.8227e+00,6.5891e-02
8.9000e+02,1.5886e+00,1.2656e+01,2.0003e+01,3.8424e+00,6.6280e-02
9.0000e+02,1.5688e+00,1.2636e+01,2.0003e+01,3.8618e+00,6.6664e-02
9.1000e+02,1.5492e+00,1.2617e+01,2.0003e+01,3.8810e+00,6.7044e-02
9.2000e+02,1.5299e+00,1.2598e+01,2.0003e+01,3.8999e+00,6.7419e-02
9.3000e+02,1.5109e+00,1.2579e+01,2.0003e+01,3.9186e+00,6.7789e-02
9.4000e+02,1.4921e+00,1.2561e+01,2.0003e+01,3.9370e+00,6.8155e-02
9.5000e+02,1.4736e+00,1.2543e+01,2.0003e+01,3.9551e+00,6.8516e-02
9.6000e+02,1.4554e+00,1.2525e+01,2.0003e+01,3.9730e+00,6.8873e-02
9.7000e+02,1.4374e+00,1.2507e+01,2.0003e+01,3.9906e+00,6.9226e-02
9.8000e+02,1.4197e+00,1.2490e+01,2.0003e+01,4.0080e+00,6.9574e-02
9.9000e+02,1.4021e+00,1.2473e+01,2.0003e+01,4.0252e+00,6.9917e-02
1.0000e+03,1.3849e+00,1.2456e+01,2.0003e+01,4.0421e+00,7.0257e-02
1.0100e+03,1.3678e+00,1.2439e+01,2.0003e+01,4.0588e+00,7.0592e-02
1.0200e+03,1.3510e+00,1.2423e+01,2.0003e+01,4.0753e+00,7.0924e-02
1.0300e+03,1.3345e+00,1.2406e+01,2.0003e+01,4.0915e+00,7.1251e-02
1.0400e+03,1.3181e+00,1.2390e+01,2.0003e+01,4.1076e+00,7.1574e-02
1.0500e+03,1.3020e+00,1.2375e+01,2.0003e+01,4.1234e+00,7.1893e-02
1.0600e+03,1.2861e+00,1.2359e+01,2.0003e+01,4.1390e+00,7.2209e-02
1.0700e+03,1.2704e+00,1.2344e+01,2.0003e+01,4.1544e+00,7.2520e-02
1.0800e+03,1.2549e+00,1.2328e+01,2.0003e+01,4.1695e+00,7.2828e-02
1.0900e+03,1.2396e+00,1.2313e+01,2.0003e+01,4.1845e+00,7.3132e-02
1.1000e+03,1.2245e+00,1.2299e+01,2.0003e+01,4.1993e+00,7.3432e-02
1.1100e+03,1.2096e+00,1.2284e+01,2.0003e+01,4.2139e+00,7.3729e-02
1.1200e+03,1.1949e+00,1.2270e+01,2.0003e+01,4.2283e+00,7.4022e-02
1.1300e+03,1.1805e+00,1.2255e+01,2.0003e+01,4.2425e+00,7.4311e-02
1.1400e+03,1.1662e+00,1.2241e+01,2.0003e+01,4.2565e+00,7.4597e-02
1.1500e+03,1.1521e+00,1.2228e+01,2.0003e+01,4.2703e+00,7.4880e-02
1.1600e+03,1.1381e+00,1.2214e+01,2.0003e+01,4.2840e+00,7.5159e-02
1.1700e+03,1.1244e+00,1.2200e+01,2.0003e+01,4.2974e+00,7.5435e-02
1.1800e+03,1.1108e+00,1.2187e+01,2.0003e+01,4.3107e+00,7.5707e-02
1.1900e+03,1.0974e+00,1.2174e+01,2.0003e+01,4.3238e+00,7.5976e-02
1.2000e+03,1.0842e+00,1.2161e+01,2.0003e+01,4.3368e+00,7.6242e-02
1.2100e+03,1.0712e+00,1.2148e+01,2.0003e+01,4.3496e+00,7.6505e-02
1.2200e+03,1.0583e+00,1.2136e+01,2.0003e+01,4.3622e+00,7.6765e-02
1.2300e+03,1.0456e+00,1.2123e+01,2.0003e+01,4.3746e+00,7.7021e-02
1.2400e+03,1.0331e+00,1.2111e+01,2.0003e+01,4.3869e+00,7.7274e-02
1.2500e+03,1.0207e+00,1.2099e+01,2.0003e+01,4.3990e+00,7.7525e-02
1.2600e+03,1.0085e+00,1.2087e+01,2.0003e+01,4.4110e+00,7.7772e-02
1.2700e+03,9.9645e-01,1.2075e+01,2.0003e+01,4.4228e+00,7.8017e-02
1.2800e+03,9.8455e-01,1.2063e+01,2.0003e+01,4.4344e+00,7.8258e-02
1.2900e+03,9.7280e-01,1.2052e+01,2.0003e+01,4.4460e+00,7.8497e-02
1.3000e+03,9.6120e-01,1.2040e+01,2.0003e+01,4.4573e+00,7.8733e-02
1.3100e+03,9.4975e-01,1.2029e+01,2.0003e+01,4.4685e+00,7.8966e-02
1.3200e+03,9.3845e-01,1.2018e+01,2.0003e+01,4.4796e+00,7.9196e-02
1.3300e+03,9.2729e-01,1.2007e+01,2.0003e+01,4.4905e+00,7.9423e-02
1.3400e+03,9.1627e-01,1.1996e+01,2.0003e+01,4.5013e+00,7.9648e-02
1.3500e+03,9.0540e-01,1.1986e+01,2.0003e+01,4.5120e+00,7.9870e-02
1.3600e+03,8.9466e-01,1.1975e+01,2.0003e+01,4.5225e+00,8.0090e-02
1.3700e+03,8.8405e-01,1.1965e+01,2.0003e+01,4.5329e+00,8.0307e-02
1.3800e+03,8.7359e-01,1.1955e+01,2.0003e+01,4.5431e+00,8.0521e-02
1.3900e+03,8.6325e-01,1.1944e+01,2.0003e+01,4.5533e+00,8.0733e-02
1.4000e+03,8.5305e-01,1.1934e+01,2.0003e+01,4.5633e+00,8.0942e-02
1.4100e+03,8.4297e-01,1.1925e+01,2.0003e+01,4.5731e+00,8.1149e-02
1.4200e+03,8.3302e-01,1.1915e+01,2.0003e+01,4.5829e+00,8.1353e-02
1.4300e+03,8.2320e-01,1.1905e+01,2.0003e+01,4.5925e+00,8.1555e-02
1.4400e+03,8.1349e-01,1.1896e+01,2.0003e+01,4.6020e+00,8.1755e-02
1.4500e+03,8.0391e-01,1.1886e+01,2.0003e+01,4.6114e+00,8.1952e-02
1.4600e+03,7.9445e-01,1.1877e+01,2.0003e+01,4.6207e+00,8.2147e-02
1.4700e+03,7.8511e-01,1.1868e+01,2.0003e+01,4.6298e+00,8.2340e-02
1.4800e+03,7.7589e-01,1.1859e+01,2.0003e+01,4.6388e+00,8.2530e-02
1.4900e+03,7.6678e-01,1.1850e+01,2.0003e+01,4.6478e+00,8.2718e-02
1.5000e+03,7.5778e-01,1.1841e+01,2.0003e+01,4.6566e+00,8.2904e-02
1.5100e+03,7.4890e-01,1.1832e+01,2.0003e+01,4.6653e+00,8.3088e-02
1.5200e+03,7.4012e-01,1.1824e+01,2.0003e+01,4.6739e+00,8.3270e-02
1.5300e+03,7.3145e-01,1.1815e+01,2.0003e+01,4.6823e+00,8.3449e-02
1.5400e+03,7.2290e-01,1.1807e+01,2.0003e+01,4.6907e+00,8.3627e-02
1.5500e+03,7.1444e-01,1.1799e+01,2.0003e+01,4.6990e+00,8.3802e-02
1.5600e+03,7.0609e-01,1.1790e+01,2.0003e+01,4.7072e+00,8.3975e-02
1.5700e+03,6.9785e-01,1.1782e+01,2.0003e+01,4.7153e+00,8.4146e-02
1.5800e+03,6.8970e-01,1.1774e+01,2.0003e+01,4.7232e+00,8.4316e-02
1.5900e+03,6.8166e-01,1.1767e+01,2.0003e+01,4.7311e+00,8.4483e-02
1.6000e+03,6.7372e-01,1.1759e+01,2.0003e+01,4.7389e+00,8.4648e-02
1.6100e+03,6.6587e-01,1.1751e+01,2.0003e+01,4.7466e+00,8.4812e-02
1.6200e+03,6.5812e-01,1.1743e+01,2.0003e+01,4.7542e+00,8.4973e-02
1.6300e+03,6.5046e-01,1.1736e+01,2.0003e+01,4.7617e+00,8.5133e-02
1.6400e+03,6.4290e-01,1.1729e+01,2.0003e+01,4.7691e+00,8.5291e-02
1.6500e+03,6.3543e-01,1.1721e+01,2.0003e+01,4.7764e+00,8.5447e-02
1.6600e+03,6.2805e-01,1.1714e+01,2.0003e+01,4.7836e+00,8.5601e-02
1.6700e+03,6.2076e-01,1.1707e+01,2.0003e+01,4.7907e+00,8.5753e-02
1.6800e+03,6.1356e-01,1.1700e+01,2.0003e+01,4.7978e+00,8.5904e-02
1.6900e+03,6.0645e-01,1.1693e+01,2.0003e+01,4.8048e+00,8.6053e-02
1.7000e+03,5.9942e-01,1.1686e+01,2.0003e+01,4.8116e+00,8.6200e-02
1.7100e+03,5.9248e-01,1.1679e+01,2.0003e+01,4.8184e+00,8.6345e-02
1.7200e+03,5.8562e-01,1.1672e+01,2.0003e+01,4.8251e+00,8.6489e-02
1.7300e+03,5.7885e-01,1.1666e+01,2.0003e+01,4.8318e+00,8.6631e-02
1.7400e+03,5.7216e-01,1.1659e+01,2.0003e+01,4.8383e+00,8.6771e-02
1.7500e+03,5.6554e-01,1.1653e+01,2.0003e+01,4.8448e+00,8.6910e-02
1.7600e+03,5.5901e-01,1.1646e+01,2.0003e+01,4.8512e+00,8.7048e-02
1.7700e+03,5.5256e-01,1.1640e+01,2.0003e+01,4.8575e+00,8.7183e-02
1.7800e+03,5.4619e-01,1.1634e+01,2.0003e+01,4.8637e+00,8.7317e-02
1.7900e+03,5.3989e-01,1.1628e+01,2.0003e+01,4.8699e+00,8.7450e-02
1.8000e+03,5.3367e-01,1.1622e+01,2.0003e+01,4.8760e+00,8.7581e-02
1.8100e+03,5.2752e-01,1.1616e+01,2.0003e+01,4.8820e+00,8.7710e-02
1.8200e+03,5.2144e-01,1.1610e+01,2.0003e+01,4.8880e+00,8.7838e-02
1.8300e+03,5.1544e-01,1.1604e+01,2.0003e+01,4.8938e+00,8.7965e-02
1.8400e+03,5.0951e-01,1.1598e+01,2.0003e+01,4.8996e+00,8.8090e-02
1.8500e+03,5.0366e-01,1.1592e+01,2.0003e+01,4.9054e+00,8.8213e-02
1.8600e+03,4.9787e-01,1.1586e+01,2.0003e+01,4.9110e+00,8.8336e-02
1.8700e+03,4.9215e-01,1.1581e+01,2.0003e+01,4.9166e+00,8.8457e-02
1.8800e+03,4.8650e-01,1.1575e+01,2.0003e+01,4.9222e+00,8.8576e-02
1.8900e+03,4.8092e-01,1.1570e+01,2.0003e+01,4.9276e+00,8.8694e-02
1.9000e+03,4.7540e-01,1.1564e+01,2.0003e+01,4.9330e+00,8.8811e-02
1.9100e+03,4.6995e-01,1.1559e+01,2.0003e+01,4.9384e+00,8.8926e-02
1.9200e+03,4.6456e-01,1.1554e+01,2.0003e+01,4.9436e+00,8.9040e-02
1.9300e+03,4.5924e-01,1.1549e+01,2.0003e+01,4.9489e+00,8.9153e-02
1.9400e+03,4.5398e-01,1.1544e+01,2.0003e+01,4.9540e+00,8.9264e-02
1.9500e+03,4.4879e-01,1.1538e+01,2.0003e+01,4.9591e+00,8.9375e-02
1.9600e+03,4.4365e-01,1.1533e+01,2.0003e+01,4.9641e+00,8.9483e-02
1.9700e+03,4.3858e-01,1.1528e+01,2.0003e+01,4.9691e+00,8.9591e-02
1.9800e+03,4.3356e-01,1.1524e+01,2.0003e+01,4.9740e+00,8.9698e-02
1.9900e+03,4.2861e-01,1.1519e+01,2.0003e+01,4.9788e+00,8.9803e-02
2.0000e+03,4.2371e-01,1.1514e+01,2.0003e+01,4.9836e+00,8.9907e-02
2.0100e+03,4.1887e-01,1.1509e+01,2.0003e+01,4.9884e+00,9.0010e-02
2.0200e+03,4.1409e-01,1.1504e+01,2.0003e+01,4.9930e+00,9.0111e-02
2.0300e+03,4.0937e-01,1.1500e+01,2.0003e+01,4.9977e+00,9.0212e-02
2.0400e+03,4.0470e-01,1.1495e+01,2.0003e+01,5.0022e+00,9.0311e-02
2.0500e+03,4.0008e-01,1.1491e+01,2.0003e+01,5.0068e+00,9.0409e-02
2.0600e+03,3.9553e-01,1.1486e+01,2.0003e+01,5.0112e+00,9.0507e-02
2.0700e+03,3.9102e-01,1.1482e+01,2.0003e+01,5.0156e+00,9.0603e-02
2.0800e+03,3.8657e-01,1.1477e+01,2.0003e+01,5.0200e+00,9.0697e-02
2.0900e+03,3.8217e-01,1.1473e+01,2.0003e+01,5.0243e+00,9.0791e-02
2.1000e+03,3.7782e-01,1.1469e+01,2.0003e+01,5.0286e+00,9.0884e-02
2.1100e+03,3.7352e-01,1.1465e+01,2.0003e+01,5.0328e+00,9.0976e-02
2.1200e+03,3.6927e-01,1.1461e+01,2.0003e+01,5.0369e+00,9.1066e-02
2.1300e+03,3.6507e-01,1.1456e+01,2.0003e+01,5.0410e+00,9.1156e-02
2.1400e+03,3.6092e-01,1.1452e+01,2.0003e+01,5.0451e+00,9.1245e-02
2.1500e+03,3.5682e-01,1.1448e+01,2.0003e+01,5.0491e+00,9.1332e-02
2.1600e+03,3.5277e-01,1.1444e+01,2.0003e+01,5.0531e+00,9.1419e-02
2.1700e+03,3.4876e-01,1.1440e+01,2.0003e+01,5.0570e+00,9.1505e-02
2.1800e+03,3.4481e-01,1.1437e+01,2.0003e+01,5.0609e+00,9.1589e-02
2.1900e+03,3.4089e-01,1.1433e+01,2.0003e+01,5.0647e+00,9.1673e-02
2.2000e+03,3.3703e-01,1.1429e+01,2.0003e+01,5.0685e+00,9.1756e-02
2.2100e+03,3.3321e-01,1.1425e+01,2.0003e+01,5.0722e+00,9.1837e-02
2.2200e+03,3.2943e-01,1.1422e+01,2.0003e+01,5.0759e+00,9.1918e-02
2.2300e+03,3.2570e-01,1.1418e+01,2.0003e+01,5.0796e+00,9.1998e-02
2.2400e+03,3.2201e-01,1.1414e+01,2.0003e+01,5.0832e+00,9.2077e-02
2.2500e+03,3.1836e-01,1.1411e+01,2.0003e+01,5.0867e+00,9.2156e-02
2.2600e+03,3.1476e-01,1.1407e+01,2.0003e+01,5.0903e+00,9.2233e-02
2.2700e+03,3.1119e-01,1.1404e+01,2.0003e+01,5.0937e+00,9.2309e-02
2.2800e+03,3.0767e-01,1.1400e+01,2.0003e+01,5.0972e+00,9.2385e-02
2.2900e+03,3.0419e-01,1.1397e+01,2.0003e+01,5.1006e+00,9.2460e-02
2.3000e+03,3.0075e-01,1.1393e+01,2.0003e+01,5.1040e+00,9.2533e-02
2.3100e+03,2.9735e-01,1.1390e+01,2.0003e+01,5.1073e+00,9.2606e-02
2.3200e+03,2.9399e-01,1.1387e+01,2.0003e+01,5.1106e+00,9.2679e-02
2.3300e+03,2.9067e-01,1.1384e+01,2.0003e+01,5.1138e+00,9.2750e-02
2.3400e+03,2.8738e-01,1.1380e+01,2.0003e+01,5.1170e+00,9.2821e-02
2.3500e+03,2.8414e-01,1.1377e+01,2.0003e+01,5.1202e+00,9.2890e-02
2.3600e+03,2.8093e-01,1.1374e+01,2.0003e+01,5.1234e+00,9.2959e-02
2.3700e+03,2.7776e-01,1.1371e+01,2.0003e+01,5.1265e+00,9.3027e-02
2.3800e+03,2.7463e-01,1.1368e+01,2.0003e+01,5.1295e+00,9.3095e-02
2.3900e+03,2.7153e-01,1.1365e+01,2.0003e+01,5.1326e+00,9.3162e-02
2.4000e+03,2.6846e-01,1.1362e+01,2.0003e+01,5.1356e+00,9.3228e-02
2.4100e+03,2.6544e-01,1.1359e+01,2.0003e+01,5.1385e+00,9.3293e-02
2.4200e+03,2.6245e-01,1.1356e+01,2.0003e+01,5.1414e+00,9.3357e-02
2.4300e+03,2.5949e-01,1.1353e+01,2.0003e+01,5.1443e+00,9.3421e-02
2.4400e+03,2.5656e-01,1.1350e+01,2.0003e+01,5.1472e+00,9.3484e-02
2.4500e+03,2.5367e-01,1.1347e+01,2.0003e+01,5.1500e+00,9.3546e-02
2.4600e+03,2.5082e-01,1.1345e+01,2.0003e+01,5.1528e+00,9.3608e-02
2.4700e+03,2.4799e-01,1.1342e+01,2.0003e+01,5.1556e+00,9.3669e-02
2.4800e+03,2.4520e-01,1.1339e+01,2.0003e+01,5.1583e+00,9.3729e-02
2.4900e+03,2.4244e-01,1.1336e+01,2.0003e+01,5.1610e+00,9.3788e-02
2.5000e+03,2.3971e-01,1.1334e+01,2.0003e+01,5.1637e+00,9.3847e-02
2.5100e+03,2.3702e-01,1.1331e+01,2.0003e+01,5.1663e+00,9.3906e-02
2.5200e+03,2.3435e-01,1.1328e+01,2.0003e+01,5.1689e+00,9.3963e-02
2.5300e+03,2.3172e-01,1.1326e+01,2.0003e+01,5.1715e+00,9.4020e-02
2.5400e+03,2.2911e-01,1.1323e+01,2.0003e+01,5.1741e+00,9.4076e-02
2.5500e+03,2.2654e-01,1.1321e+01,2.0003e+01,5.1766e+00,9.4132e-02
2.5600e+03,2.2399e-01,1.1318e+01,2.0003e+01,5.1791e+00,9.4187e-02
2.5700e+03,2.2147e-01,1.1316e+01,2.0003e+01,5.1815e+00,9.4241e-02
2.5800e+03,2.1899e-01,1.1313e+01,2.0003e+01,5.1840e+00,9.4295e-02
2.5900e+03,2.1653e-01,1.1311e+01,2.0003e+01,5.1864e+00,9.4348e-02
2.6000e+03,2.1409e-01,1.1309e+01,2.0003e+01,5.1888e+00,9.4401e-02
2.6100e+03,2.1169e-01,1.1306e+01,2.0003e+01,5.1911e+00,9.4453e-02
2.6200e+03,2.0932e-01,1.1304e+01,2.0003e+01,5.1934e+00,9.4504e-02
2.6300e+03,2.0697e-01,1.1302e+01,2.0003e+01,5.1957e+00,9.4555e-02
2.6400e+03,2.0464e-01,1.1299e+01,2.0003e+01,5.1980e+00,9.4605e-02
2.6500e+03,2.0235e-01,1.1297e+01,2.0003e+01,5.2002e+00,9.4655e-02
2.6600e+03,2.0008e-01,1.1295e+01,2.0003e+01,5.2025e+00,9.4704e-02
2.6700e+03,1.9784e-01,1.1293e+01,2.0003e+01,5.2047e+00,9.4753e-02
2.6800e+03,1.9562e-01,1.1291e+01,2.0003e+01,5.2068e+00,9.4801e-02
2.6900e+03,1.9343e-01,1.1288e+01,2.0003e+01,5.2090e+00,9.4848e-02
2.7000e+03,1.9126e-01,1.1286e+01,2.0003e+01,5.2111e+00,9.4895e-02
2.7100e+03,1.8911e-01,1.1284e+01,2.0003e+01,5.2132e+00,9.4942e-02
2.7200e+03,1.8700e-01,1.1282e+01,2.0003e+01,5.2153e+00,9.4988e-02
2.7300e+03,1.8490e-01,1.1280e+01,2.0003e+01,5.2173e+00,9.5033e-02
2.7400e+03,1.8283e-01,1.1278e+01,2.0003e+01,5.2193e+00,9.5078e-02
2.7500e+03,1.8078e-01,1.1276e+01,2.0003e+01,5.2213e+00,9.5122e-02
2.7600e+03,1.7876e-01,1.1274e+01,2.0003e+01,5.2233e+00,9.5166e-02
2.7700e+03,1.7676e-01,1.1272e+01,2.0003e+01,5.2253e+00,9.5210e-02
2.7800e+03,1.7478e-01,1.1270e+01,2.0003e+01,5.2272e+00,9.5253e-02
2.7900e+03,1.7282e-01,1.1268e+01,2.0003e+01,5.2291e+00,9.5295e-02
2.8000e+03,1.7089e-01,1.1266e+01,2.0003e+01,5.2310e+00,9.5337e-02
2.8100e+03,1.6898e-01,1.1264e+01,2.0003e+01,5.2329e+00,9.5378e-02
2.8200e+03,1.6709e-01,1.1263e+01,2.0003e+01,5.2347e+00,9.5420e-02
2.8300e+03,1.6522e-01,1.1261e+01,2.0003e+01,5.2366e+00,9.5460e-02
2.8400e+03,1.6337e-01,1.1259e+01,2.0003e+01,5.2384e+00,9.5500e-02
2.8500e+03,1.6155e-01,1.1257e+01,2.0003e+01,5.2402e+00,9.5540e-02
2.8600e+03,1.5974e-01,1.1255e+01,2.0003e+01,5.2419e+00,9.5579e-02
2.8700e+03,1.5796e-01,1.1254e+01,2.0003e+01,5.2437e+00,9.5618e-02
2.8800e+03,1.5619e-01,1.1252e+01,2.0003e+01,5.2454e+00,9.5656e-02
2.8900e+03,1.5445e-01,1.1250e+01,2.0003e+01,5.2471e+00,9.5694e-02
2.9000e+03,1.5272e-01,1.1249e+01,2.0003e+01,5.2488e+00,9.5732e-02
2.9100e+03,1.5101e-01,1.1247e+01,2.0003e+01,5.2505e+00,9.5769e-02
2.9200e+03,1.4933e-01,1.1245e+01,2.0003e+01,5.2521e+00,9.5805e-02
2.9300e+03,1.4766e-01,1.1244e+01,2.0003e+01,5.2537e+00,9.5842e-02
2.9400e+03,1.4601e-01,1.1242e+01,2.0003e+01,5.2554e+00,9.5878e-02
2.9500e+03,1.4438e-01,1.1240e+01,2.0003e+01,5.2570e+00,9.5913e-02
2.9600e+03,1.4277e-01,1.1239e+01,2.0003e+01,5.2585e+00,9.5948e-02
2.9700e+03,1.4118e-01,1.1237e+01,2.0003e+01,5.2601e+00,9.5983e-02
2.9800e+03,1.3960e-01,1.1236e+01,2.0003e+01,5.2616e+00,9.6017e-02
2.9900e+03,1.3804e-01,1.1234e+01,2.0003e+01,5.2632e+00,9.6051e-02
3.0000e+03,1.3650e-01,1.1233e+01,2.0003e+01,5.2647e+00,9.6085e-02
3.0100e+03,1.3498e-01,1.1231e+01,2.0003e+01,5.2662e+00,9.6118e-02
3.0200e+03,1.3348e-01,1.1230e+01,2.0003e+01,5.2676e+00,9.6150e-02
3.0300e+03,1.3199e-01,1.1228e+01,2.0003e+01,5.2691e+00,9.6183e-02
3.0400e+03,1.3052e-01,1.1227e+01,2.0003e+01,5.2705e+00,9.6215e-02
3.0500e+03,1.2906e-01,1.1225e+01,2.0003e+01,5.2719e+00,9.6247e-02
3.0600e+03,1.2762e-01,1.1224e+01,2.0003e+01,5.2734e+00,9.6278e-02
3.0700e+03,1.2620e-01,1.1223e+01,2.0003e+01,5.2747e+00,9.6309e-02
3.0800e+03,1.2479e-01,1.1221e+01,2.0003e+01,5.2761e+00,9.6340e-02
3.0900e+03,1.2340e-01,1.1220e+01,2.0003e+01,5.2775e+00,9.6370e-02
3.1000e+03,1.2203e-01,1.1219e+01,2.0003e+01,5.2788e+00,9.6400e-02
3.1100e+03,1.2067e-01,1.1217e+01,2.0003e+01,5.2802e+00,9.6430e-02
3.1200e+03,1.1932e-01,1.1216e+01,2.0003e+01,5.2815e+00,9.6459e-02
3.1300e+03,1.1799e-01,1.1215e+01,2.0003e+01,5.2828e+00,9.6488e-02
3.1400e+03,1.1668e-01,1.1213e+01,2.0003e+01,5.2841e+00,9.6517e-02
3.1500e+03,1.1538e-01,1.1212e+01,2.0003e+01,5.2853e+00,9.6545e-02
3.1600e+03,1.1410e-01,1.1211e+01,2.0003e+01,5.2866e+00,9.6573e-02
3.1700e+03,1.1283e-01,1.1210e+01,2.0003e+01,5.2878e+00,9.6601e-02
3.1800e+03,1.1157e-01,1.1208e+01,2.0003e+01,5.2891e+00,9.6628e-02
3.1900e+03,1.1033e-01,1.1207e+01,2.0003e+01,5.2903e+00,9.6655e-02
3.2000e+03,1.0910e-01,1.1206e+01,2.0003e+01,5.2915e+00,9.6682e-02
3.2100e+03,1.0788e-01,1.1205e+01,2.0003e+01,5.2927e+00,9.6708e-02
3.2200e+03,1.0668e-01,1.1204e+01,2.0003e+01,5.2938e+00,9.6735e-02
3.2300e+03,1.0550e-01,1.1202e+01,2.0003e+01,5.2950e+00,9.6761e-02
3.2400e+03,1.0432e-01,1.1201e+01,2.0003e+01,5.2961e+00,9.6786e-02
3.2500e+03,1.0316e-01,1.1200e+01,2.0003e+01,5.2973e+00,9.6811e-02
3.2600e+03,1.0202e-01,1.1199e+01,2.0003e+01,5.2984e+00,9.6837e-02
3.2700e+03,1.0088e-01,1.1198e+01,2.0003e+01,5.2995e+00,9.6861e-02
3.2800e+03,9.9759e-02,1.1197e+01,2.0003e+01,5.3006e+00,9.6886e-02
3.2900e+03,9.8649e-02,1.1196e+01,2.0003e+01,5.3017e+00,9.6910e-02
3.3000e+03,9.7552e-02,1.1195e+01,2.0003e+01,5.3028e+00,9.6934e-02
3.3100e+03,9.6468e-02,1.1194e+01,2.0003e+01,5.3038e+00,9.6958e-02
3.3200e+03,9.5395e-02,1.1192e+01,2.0003e+01,5.3049e+00,9.6981e-02
3.3300e+03,9.4334e-02,1.1191e+01,2.0003e+01,5.3059e+00,9.7004e-02
3.3400e+03,9.3286e-02,1.1190e+01,2.0003e+01,5.3069e+00,9.7027e-02
3.3500e+03,9.2249e-02,1.1189e+01,2.0003e+01,5.3080e+00,9.7050e-02
3.3600e+03,9.1224e-02,1.1188e+01,2.0003e+01,5.3090e+00,9.7072e-02
3.3700e+03,9.0210e-02,1.1187e+01,2.0003e+01,5.3099e+00,9.7094e-02
3.3800e+03,8.9208e-02,1.1186e+01,2.0003e+01,5.3109e+00,9.7116e-02
3.3900e+03,8.8216e-02,1.1185e+01,2.0003e+01,5.3119e+00,9.7138e-02
3.4000e+03,8.7236e-02,1.1184e+01,2.0003e+01,5.3129e+00,9.7159e-02
3.4100e+03,8.6267e-02,1.1184e+01,2.0003e+01,5.3138e+00,9.7181e-02
3.4200e+03,8.5309e-02,1.1183e+01,2.0003e+01,5.3147e+00,9.7202e-02
3.4300e+03,8.4361e-02,1.1182e+01,2.0003e+01,5.3157e+00,9.7222e-02
3.4400e+03,8.3424e-02,1.1181e+01,2.0003e+01,5.3166e+00,9.7243e-02
3.4500e+03,8.2498e-02,1.1180e+01,2.0003e+01,5.3175e+00,9.7263e-02
3.4600e+03,8.1582e-02,1.1179e+01,2.0003e+01,5.3184e+00,9.7283e-02
3.4700e+03,8.0676e-02,1.1178e+01,2.0003e+01,5.3193e+00,9.7303e-02
3.4800e+03,7.9780e-02,1.1177e+01,2.0003e+01,5.3201e+00,9.7323e-02
3.4900e+03,7.8894e-02,1.1176e+01,2.0003e+01,5.3210e+00,9.7342e-02
3.5000e+03,7.8018e-02,1.1175e+01,2.0003e+01,5.3219e+00,9.7361e-02
3.5100e+03,7.7152e-02,1.1175e+01,2.0003e+01,5.3227e+00,9.7380e-02
3.5200e+03,7.6296e-02,1.1174e+01,2.0003e+01,5.3236e+00,9.7399e-02
3.5300e+03,7.5449e-02,1.1173e+01,2.0003e+01,5.3244e+00,9.7417e-02
3.5400e+03,7.4612e-02,1.1172e+01,2.0003e+01,5.3252e+00,9.7436e-02
3.5500e+03,7.3784e-02,1.1171e+01,2.0003e+01,5.3260e+00,9.7454e-02
3.5600e+03,7.2965e-02,1.1171e+01,2.0003e+01,5.3268e+00,9.7472e-02
3.5700e+03,7.2155e-02,1.1170e+01,2.0003e+01,5.3276e+00,9.7489e-02
3.5800e+03,7.1355e-02,1.1169e+01,2.0003e+01,5.3284e+00,9.7507e-02
3.5900e+03,7.0563e-02,1.1168e+01,2.0003e+01,5.3292e+00,9.7524e-02
3.6000e+03,6.9780e-02,1.1167e+01,2.0003e+01,5.3299e+00,9.7541e-02
3.6100e+03,6.9006e-02,1.1167e+01,2.0003e+01,5.3307e+00,9.7558e-02
3.6200e+03,6.8240e-02,1.1166e+01,2.0003e+01,5.3314e+00,9.7575e-02
3.6300e+03,6.7484e-02,1.1165e+01,2.0003e+01,5.3322e+00,9.7592e-02
3.6400e+03,6.6735e-02,1.1164e+01,2.0003e+01,5.3329e+00,9.7608e-02
3.6500e+03,6.5995e-02,1.1164e+01,2.0003e+01,5.3336e+00,9.7624e-02
3.6600e+03,6.5263e-02,1.1163e+01,2.0003e+01,5.3343e+00,9.7640e-02
3.6700e+03,6.4539e-02,1.1162e+01,2.0003e+01,5.3351e+00,9.7656e-02
3.6800e+03,6.3824e-02,1.1162e+01,2.0003e+01,5.3358e+00,9.7672e-02
3.6900e+03,6.3116e-02,1.1161e+01,2.0003e+01,5.3364e+00,9.7687e-02
3.7000e+03,6.2416e-02,1.1160e+01,2.0003e+01,5.3371e+00,9.7703e-02
3.7100e+03,6.1724e-02,1.1160e+01,2.0003e+01,5.3378e+00,9.7718e-02
3.7200e+03,6.1040e-02,1.1159e+01,2.0003e+01,5.3385e+00,9.7733e-02
3.7300e+03,6.0363e-02,1.1158e+01,2.0003e+01,5.3391e+00,9.7748e-02
3.7400e+03,5.9694e-02,1.1158e+01,2.0003e+01,5.3398e+00,9.7762e-02
3.7500e+03,5.9033e-02,1.1157e+01,2.0003e+01,5.3404e+00,9.7777e-02
3.7600e+03,5.8378e-02,1.1156e+01,2.0003e+01,5.3411e+00,9.7791e-02
3.7700e+03,5.7731e-02,1.1156e+01,2.0003e+01,5.3417e+00,9.7805e-02
3.7800e+03,5.7091e-02,1.1155e+01,2.0003e+01,5.3423e+00,9.7819e-02
3.7900e+03,5.6459e-02,1.1154e+01,2.0003e+01,5.3430e+00,9.7833e-02
3.8000e+03,5.5833e-02,1.1154e+01,2.0003e+01,5.3436e+00,9.7847e-02
3.8100e+03,5.5215e-02,1.1153e+01,2.0003e+01,5.3442e+00,9.7861e-02
3.8200e+03,5.4603e-02,1.1153e+01,2.0003e+01,5.3448e+00,9.7874e-02
3.8300e+03,5.3998e-02,1.1152e+01,2.0003e+01,5.3454e+00,9.7887e-02
3.8400e+03,5.3400e-02,1.1151e+01,2.0003e+01,5.3460e+00,9.7900e-02
3.8500e+03,5.2808e-02,1.1151e+01,2.0003e+01,5.3465e+00,9.7913e-02
3.8600e+03,5.2223e-02,1.1150e+01,2.0003e+01,5.3471e+00,9.7926e-02
3.8700e+03,5.1644e-02,1.1150e+01,2.0003e+01,5.3477e+00,9.7939e-02
3.8800e+03,5.1072e-02,1.1149e+01,2.0003e+01,5.3482e+00,9.7951e-02
3.8900e+03,5.0507e-02,1.1149e+01,2.0003e+01,5.3488e+00,9.7964e-02
3.9000e+03,4.9947e-02,1.1148e+01,2.0003e+01,5.3493e+00,9.7976e-02
3.9100e+03,4.9394e-02,1.1147e+01,2.0003e+01,5.3499e+00,9.7988e-02
3.9200e+03,4.8847e-02,1.1147e+01,2.0003e+01,5.3504e+00,9.8000e-02
3.9300e+03,4.8306e-02,1.1146e+01,2.0003e+01,5.3509e+00,9.8012e-02
3.9400e+03,4.7771e-02,1.1146e+01,2.0003e+01,5.3515e+00,9.8024e-02
3.9500e+03,4.7242e-02,1.1145e+01,2.0003e+01,5.3520e+00,9.8035e-02
3.9600e+03,4.6719e-02,1.1145e+01,2.0003e+01,5.3525e+00,9.8047e-02
3.9700e+03,4.6202e-02,1.1144e+01,2.0003e+01,5.3530e+00,9.8058e-02
3.9800e+03,4.5690e-02,1.1144e+01,2.0003e+01,5.3535e+00,9.8069e-02
3.9900e+03,4.5185e-02,1.1143e+01,2.0003e+01,5.3540e+00,9.8081e-02
4.0000e+03,4.4684e-02,1.1143e+01,2.0003e+01,5.3545e+00,9.8091e-02
4.0100e+03,4.4190e-02,1.1142e+01,2.0003e+01,5.3550e+00,9.8102e-02
4.0200e+03,4.3700e-02,1.1142e+01,2.0003e+01,5.3554e+00,9.8113e-02
4.0300e+03,4.3217e-02,1.1141e+01,2.0003e+01,5.3559e+00,9.8124e-02
4.0400e+03,4.2738e-02,1.1141e+01,2.0003e+01,5.3564e+00,9.8134e-02
4.0500e+03,4.2265e-02,1.1140e+01,2.0003e+01,5.3568e+00,9.8145e-02
4.0600e+03,4.1797e-02,1.1140e+01,2.0003e+01,5.3573e+00,9.8155e-02
4.0700e+03,4.1335e-02,1.1140e+01,2.0003e+01,5.3578e+00,9.8165e-02
4.0800e+03,4.0877e-02,1.1139e+01,2.0003e+01,5.3582e+00,9.8175e-02
4.0900e+03,4.0425e-02,1.1139e+01,2.0003e+01,5.3586e+00,9.8185e-02
4.1000e+03,3.9978e-02,1.1138e+01,2.0003e+01,5.3591e+00,9.8195e-02
4.1100e+03,3.9535e-02,1.1138e+01,2.0003e+01,5.3595e+00,9.8204e-02
4.1200e+03,3.9098e-02,1.1137e+01,2.0003e+01,5.3599e+00,9.8214e-02
4.1300e+03,3.8665e-02,1.1137e+01,2.0003e+01,5.3604e+00,9.8224e-02
4.1400e+03,3.8237e-02,1.1137e+01,2.0003e+01,5.3608e+00,9.8233e-02
4.1500e+03,3.7814e-02,1.1136e+01,2.0003e+01,5.3612e+00,9.8242e-02
4.1600e+03,3.7396e-02,1.1136e+01,2.0003e+01,5.3616e+00,9.8251e-02
4.1700e+03,3.6982e-02,1.1135e+01,2.0003e+01,5.3620e+00,9.8261e-02
4.1800e+03,3.6573e-02,1.1135e+01,2.0003e+01,5.3624e+00,9.8270e-02
4.1900e+03,3.6168e-02,1.1135e+01,2.0003e+01,5.3628e+00,9.8278e-02
4.2000e+03,3.5768e-02,1.1134e+01,2.0003e+01,5.3632e+00,9.8287e-02
4.2100e+03,3.5373e-02,1.1134e+01,2.0003e+01,5.3636e+00,9.8296e-02
4.2200e+03,3.4981e-02,1.1133e+01,2.0003e+01,5.3640e+00,9.8304e-02
4.2300e+03,3.4594e-02,1.1133e+01,2.0003e+01,5.3643e+00,9.8313e-02
4.2400e+03,3.4212e-02,1.1133e+01,2.0003e+01,5.3647e+00,9.8321e-02
4.2500e+03,3.3833e-02,1.1132e+01,2.0003e+01,5.3651e+00,9.8330e-02
4.2600e+03,3.3459e-02,1.1132e+01,2.0003e+01,5.3655e+00,9.8338e-02
4.2700e+03,3.3089e-02,1.1132e+01,2.0003e+01,5.3658e+00,9.8346e-02
4.2800e+03,3.2723e-02,1.1131e+01,2.0003e+01,5.3662e+00,9.8354e-02
4.2900e+03,3.2361e-02,1.1131e+01,2.0003e+01,5.3665e+00,9.8362e-02
4.3000e+03,3.2003e-02,1.1130e+01,2.0003e+01,5.3669e+00,9.8370e-02
4.3100e+03,3.1649e-02,1.1130e+01,2.0003e+01,5.3672e+00,9.8378e-02
4.3200e+03,3.1299e-02,1.1130e+01,2.0003e+01,5.3676e+00,9.8385e-02
4.3300e+03,3.0953e-02,1.1129e+01,2.0003e+01,5.3679e+00,9.8393e-02
4.3400e+03,3.0611e-02,1.1129e+01,2.0003e+01,5.3682e+00,9.8400e-02
4.3500e+03,3.0273e-02,1.1129e+01,2.0003e+01,5.3686e+00,9.8408e-02
4.3600e+03,2.9938e-02,1.1128e+01,2.0003e+01,5.3689e+00,9.8415e-02
4.3700e+03,2.9607e-02,1.1128e+01,2.0003e+01,5.3692e+00,9.8423e-02
4.3800e+03,2.9280e-02,1.1128e+01,2.0003e+01,5.3695e+00,9.8430e-02
4.3900e+03,2.8956e-02,1.1127e+01,2.0003e+01,5.3699e+00,9.8437e-02
4.4000e+03,2.8636e-02,1.1127e+01,2.0003e+01,5.3702e+00,9.8444e-02
4.4100e+03,2.8319e-02,1.1127e+01,2.0003e+01,5.3705e+00,9.8451e-02
4.4200e+03,2.8006e-02,1.1127e+01,2.0003e+01,5.3708e+00,9.8458e-02
4.4300e+03,2.7696e-02,1.1126e+01,2.0003e+01,5.3711e+00,9.8465e-02
4.4400e+03,2.7390e-02,1.1126e+01,2.0003e+01,5.3714e+00,9.8471e-02
4.4500e+03,2.7087e-02,1.1126e+01,2.0003e+01,5.3717e+00,9.8478e-02
4.4600e+03,2.6788e-02,1.1125e+01,2.0003e+01,5.3720e+00,9.8484e-02
4.4700e+03,2.6492e-02,1.1125e+01,2.0003e+01,5.3723e+00,9.8491e-02
4.4800e+03,2.6199e-02,1.1125e+01,2.0003e+01,5.3726e+00,9.8497e-02
4.4900e+03,2.5909e-02,1.1124e+01,2.0003e+01,5.3728e+00,9.8504e-02
4.5000e+03,2.5623e-02,1.1124e+01,2.0003e+01,5.3731e+00,9.8510e-02
4.5100e+03,2.5340e-02,1.1124e+01,2.0003e+01,5.3734e+00,9.8516e-02
4.5200e+03,2.5060e-02,1.1124e+01,2.0003e+01,5.3737e+00,9.8522e-02
4.5300e+03,2.4783e-02,1.1123e+01,2.0003e+01,5.3739e+00,9.8529e-02
4.5400e+03,2.4509e-02,1.1123e+01,2.0003e+01,5.3742e+00,9.8535e-02
4.5500e+03,2.4238e-02,1.1123e+01,2.0003e+01,5.3745e+00,9.8541e-02
4.5600e+03,2.3970e-02,1.1123e+01,2.0003e+01,5.3747e+00,9.8546e-02
4.5700e+03,2.3705e-02,1.1122e+01,2.0003e+01,5.3750e+00,9.8552e-02
4.5800e+03,2.3443e-02,1.1122e+01,2.0003e+01,5.3753e+00,9.8558e-02
4.5900e+03,2.3184e-02,1.1122e+01,2.0003e+01,5.3755e+00,9.8564e-02
4.6000e+03,2.2928e-02,1.1122e+01,2.0003e+01,5.3758e+00,9.8569e-02
4.6100e+03,2.2675e-02,1.1121e+01,2.0003e+01,5.3760e+00,9.8575e-02
4.6200e+03,2.2424e-02,1.1121e+01,2.0003e+01,5.3762e+00,9.8580e-02
4.6300e+03,2.2176e-02,1.1121e+01,2.0003e+01,5.3765e+00,9.8586e-02
4.6400e+03,2.1931e-02,1.1121e+01,2.0003e+01,5.3767e+00,9.8591e-02
4.6500e+03,2.1689e-02,1.1120e+01,2.0003e+01,5.3770e+00,9.8597e-02
4.6600e+03,2.1449e-02,1.1120e+01,2.0003e+01,5.3772e+00,9.8602e-02
4.6700e+03,2.1212e-02,1.1120e+01,2.0003e+01,5.3774e+00,9.8607e-02
4.6800e+03,2.0978e-02,1.1120e+01,2.0003e+01,5.3777e+00,9.8612e-02
4.6900e+03,2.0746e-02,1.1119e+01,2.0003e+01,5.3779e+00,9.8617e-02
4.7000e+03,2.0517e-02,1.1119e+01,2.0003e+01,5.3781e+00,9.8622e-02
4.7100e+03,2.0290e-02,1.1119e+01,2.0003e+01,5.3783e+00,9.8627e-02
4.7200e+03,2.0066e-02,1.1119e+01,2.0003e+01,5.3786e+00,9.8632e-02
4.7300e+03,1.9844e-02,1.1119e+01,2.0003e+01,5.3788e+00,9.8637e-02
4.7400e+03,1.9625e-02,1.1118e+01,2.0003e+01,5.3790e+00,9.8642e-02
4.7500e+03,1.9408e-02,1.1118e+01,2.0003e+01,5.3792e+00,9.8647e-02
4.7600e+03,1.9194e-02,1.1118e+01,2.0003e+01,5.3794e+00,9.8651e-02
4.7700e+03,1.8982e-02,1.1118e+01,2.0003e+01,5.3796e+00,9.8656e-02
4.7800e+03,1.8772e-02,1.1117e+01,2.0003e+01,5.3798e+00,9.8661e-02
4.7900e+03,1.8565e-02,1.1117e+01,2.0003e+01,5.3800e+00,9.8665e-02
4.8000e+03,1.8360e-02,1.1117e+01,2.0003e+01,5.3802e+00,9.8670e-02
4.8100e+03,1.8157e-02,1.1117e+01,2.0003e+01,5.3804e+00,9.8674e-02
4.8200e+03,1.7957e-02,1.1117e+01,2.0003e+01,5.3806e+00,9.8679e-02
4.8300e+03,1.7758e-02,1.1116e+01,2.0003e+01,5.3808e+00,9.8683e-02
4.8400e+03,1.7562e-02,1.1116e+01,2.0003e+01,5.3810e+00,9.8687e-02
4.8500e+03,1.7368e-02,1.1116e+01,2.0003e+01,5.3812e+00,9.8692e-02
4.8600e+03,1.7176e-02,1.1116e+01,2.0003e+01,5.3814e+00,9.8696e-02
4.8700e+03,1.6987e-02,1.1116e+01,2.0003e+01,5.3816e+00,9.8700e-02
4.8800e+03,1.6799e-02,1.1116e+01,2.0003e+01,5.3817e+00,9.8704e-02
4.8900e+03,1.6613e-02,1.1115e+01,2.0003e+01,5.3819e+00,9.8708e-02
4.9000e+03,1.6430e-02,1.1115e+01,2.0003e+01,5.3821e+00,9.8712e-02
4.9100e+03,1.6248e-02,1.1115e+01,2.0003e+01,5.3823e+00,9.8716e-02
4.9200e+03,1.6069e-02,1.1115e+01,2.0003e+01,5.3825e+00,9.8720e-02
4.9300e+03,1.5891e-02,1.1115e+01,2.0003e+01,5.3826e+00,9.8724e-02
4.9400e+03,1.5716e-02,1.1115e+01,2.0003e+01,5.3828e+00,9.8728e-02
4.9500e+03,1.5542e-02,1.1114e+01,2.0003e+01,5.3830e+00,9.8732e-02
4.9600e+03,1.5371e-02,1.1114e+01,2.0003e+01,5.3831e+00,9.8736e-02
4.9700e+03,1.5201e-02,1.1114e+01,2.0003e+01,5.3833e+00,9.8739e-02
4.9800e+03,1.5033e-02,1.1114e+01,2.0003e+01,5.3835e+00,9.8743e-02
4.9900e+03,1.4867e-02,1.1114e+01,2.0003e+01,5.3836e+00,9.8747e-02
5.0000e+03,1.4703e-02,1.1114e+01,2.0003e+01,5.3838e+00,9.8750e-02
5.0100e+03,1.4541e-02,1.1113e+01,2.0003e+01,5.3840e+00,9.8754e-02
5.0200e+03,1.4380e-02,1.1113e+01,2.0003e+01,5.3841e+00,9.8757e-02
5.0300e+03,1.4221e-02,1.1113e+01,2.0003e+01,5.3843e+00,9.8761e-02
5.0400e+03,1.4064e-02,1.1113e+01,2.0003e+01,5.3844e+00,9.8764e-02
5.0500e+03,1.3909e-02,1.1113e+01,2.0003e+01,5.3846e+00,9.8768e-02
5.0600e+03,1.3755e-02,1.1113e+01,2.0003e+01,5.3847e+00,9.8771e-02
5.0700e+03,1.3603e-02,1.1112e+01,2.0003e+01,5.3849e+00,9.8774e-02
5.0800e+03,1.3453e-02,1.1112e+01,2.0003e+01,5.3850e+00,9.8778e-02
5.0900e+03,1.3305e-02,1.1112e+01,2.0003e+01,5.3852e+00,9.8781e-02
5.1000e+03,1.3158e-02,1.1112e+01,2.0003e+01,5.3853e+00,9.8784e-02
5.1100e+03,1.3013e-02,1.1112e+01,2.0003e+01,5.3855e+00,9.8787e-02
5.1200e+03,1.2869e-02,1.1112e+01,2.0003e+01,5.3856e+00,9.8791e-02
5.1300e+03,1.2727e-02,1.1112e+01,2.0003e+01,5.3857e+00,9.8794e-02
5.1400e+03,1.2586e-02,1.1111e+01,2.0003e+01,5.3859e+00,9.8797e-02
5.1500e+03,1.2447e-02,1.1111e+01,2.0003e+01,5.3860e+00,9.8800e-02
5.1600e+03,1.2310e-02,1.1111e+01,2.0003e+01,5.3861e+00,9.8803e-02
5.1700e+03,1.2174e-02,1.1111e+01,2.0003e+01,5.3863e+00,9.8806e-02
5.1800e+03,1.2040e-02,1.1111e+01,2.0003e+01,5.3864e+00,9.8809e-02
5.1900e+03,1.1907e-02,1.1111e+01,2.0003e+01,5.3865e+00,9.8812e-02
5.2000e+03,1.1775e-02,1.1111e+01,2.0003e+01,5.3867e+00,9.8815e-02
5.2100e+03,1.1645e-02,1.1111e+01,2.0003e+01,5.3868e+00,9.8818e-02
5.2200e+03,1.1517e-02,1.1110e+01,2.0003e+01,5.3869e+00,9.8820e-02
5.2300e+03,1.1389e-02,1.1110e+01,2.0003e+01,5.3870e+00,9.8823e-02
5.2400e+03,1.1264e-02,1.1110e+01,2.0003e+01,5.3872e+00,9.8826e-02
5.2500e+03,1.1139e-02,1.1110e+01,2.0003e+01,5.3873e+00,9.8829e-02
5.2600e+03,1.1016e-02,1.1110e+01,2.0003e+01,5.3874e+00,9.8831e-02
5.2700e+03,1.0895e-02,1.1110e+01,2.0003e+01,5.3875e+00,9.8834e-02
5.2800e+03,1.0775e-02,1.1110e+01,2.0003e+01,5.3876e+00,9.8837e-02
5.2900e+03,1.0656e-02,1.1110e+01,2.0003e+01,5.3878e+00,9.8839e-02
5.3000e+03,1.0538e-02,1.1109e+01,2.0003e+01,5.3879e+00,9.8842e-02
5.3100e+03,1.0422e-02,1.1109e+01,2.0003e+01,5.3880e+00,9.8844e-02
5.3200e+03,1.0307e-02,1.1109e+01,2.0003e+01,5.3881e+00,9.8847e-02
5.3300e+03,1.0193e-02,1.1109e+01,2.0003e+01,5.3882e+00,9.8849e-02
5.3400e+03,1.0080e-02,1.1109e+01,2.0003e+01,5.3883e+00,9.8852e-02
5.3500e+03,9.9690e-03,1.1109e+01,2.0003e+01,5.3884e+00,9.8854e-02
5.3600e+03,9.8590e-03,1.1109e+01,2.0003e+01,5.3885e+00,9.8857e-02
5.3700e+03,9.7502e-03,1.1109e+01,2.0003e+01,5.3886e+00,9.8859e-02
5.3800e+03,9.6425e-03,1.1109e+01,2.0003e+01,5.3887e+00,9.8862e-02
5.3900e+03,9.5361e-03,1.1108e+01,2.0003e+01,5.3889e+00,9.8864e-02
5.4000e+03,9.4308e-03,1.1108e+01,2.0003e+01,5.3890e+00,9.8866e-02
5.4100e+03,9.3268e-03,1.1108e+01,2.0003e+01,5.3891e+00,9.8869e-02
5.4200e+03,9.2238e-03,1.1108e+01,2.0003e+01,5.3892e+00,9.8871e-02
5.4300e+03,9.1220e-03,1.1108e+01,2.0003e+01,5.3893e+00,9.8873e-02
5.4400e+03,9.0213e-03,1.1108e+01,2.0003e+01,5.3894e+00,9.8875e-02
5.4500e+03,8.9217e-03,1.1108e+01,2.0003e+01,5.3895e+00,9.8877e-02
5.4600e+03,8.8233e-03,1.1108e+01,2.0003e+01,5.3895e+00,9.8880e-02
5.4700e+03,8.7259e-03,1.1108e+01,2.0003e+01,5.3896e+00,9.8882e-02
5.4800e+03,8.6296e-03,1.1108e+01,2.0003e+01,5.3897e+00,9.8884e-02
5.4900e+03,8.5343e-03,1.1107e+01,2.0003e+01,5.3898e+00,9.8886e-02
5.5000e+03,8.4401e-03,1.1107e+01,2.0003e+01,5.3899e+00,9.8888e-02
5.5100e+03,8.3470e-03,1.1107e+01,2.0003e+01,5.3900e+00,9.8890e-02
5.5200e+03,8.2549e-03,1.1107e+01,2.0003e+01,5.3901e+00,9.8892e-02
5.5300e+03,8.1637e-03,1.1107e+01,2.0003e+01,5.3902e+00,9.8894e-02
5.5400e+03,8.0736e-03,1.1107e+01,2.0003e+01,5.3903e+00,9.8896e-02
5.5500e+03,7.9845e-03,1.1107e+01,2.0003e+01,5.3904e+00,9.8898e-02
5.5600e+03,7.8964e-03,1.1107e+01,2.0003e+01,5.3905e+00,9.8900e-02
5.5700e+03,7.8093e-03,1.1107e+01,2.0003e+01,5.3905e+00,9.8902e-02
5.5800e+03,7.7231e-03,1.1107e+01,2.0003e+01,5.3906e+00,9.8904e-02
5.5900e+03,7.6378e-03,1.1107e+01,2.0003e+01,5.3907e+00,9.8906e-02
5.6000e+03,7.5536e-03,1.1107e+01,2.0003e+01,5.3908e+00,9.8908e-02
5.6100e+03,7.4702e-03,1.1106e+01,2.0003e+01,5.3909e+00,9.8909e-02
5.6200e+03,7.3877e-03,1.1106e+01,2.0003e+01,5.3910e+00,9.8911e-02
5.6300e+03,7.3062e-03,1.1106e+01,2.0003e+01,5.3910e+00,9.8913e-02
5.6400e+03,7.2256e-03,1.1106e+01,2.0003e+01,5.3911e+00,9.8915e-02
5.6500e+03,7.1458e-03,1.1106e+01,2.0003e+01,5.3912e+00,9.8917e-02
5.6600e+03,7.0670e-03,1.1106e+01,2.0003e+01,5.3913e+00,9.8918e-02
5.6700e+03,6.9890e-03,1.1106e+01,2.0003e+01,5.3913e+00,9.8920e-02
5.6800e+03,6.9119e-03,1.1106e+01,2.0003e+01,5.3914e+00,9.8922e-02
5.6900e+03,6.8356e-03,1.1106e+01,2.0003e+01,5.3915e+00,9.8923e-02
5.7000e+03,6.7602e-03,1.1106e+01,2.0003e+01,5.3916e+00,9.8925e-02
5.7100e+03,6.6856e-03,1.1106e+01,2.0003e+01,5.3916e+00,9.8927e-02
5.7200e+03,6.6118e-03,1.1106e+01,2.0003e+01,5.3917e+00,9.8928e-02
5.7300e+03,6.5388e-03,1.1106e+01,2.0003e+01,5.3918e+00,9.8930e-02
5.7400e+03,6.4667e-03,1.1105e+01,2.0003e+01,5.3919e+00,9.8931e-02
5.7500e+03,6.3953e-03,1.1105e+01,2.0003e+01,5.3919e+00,9.8933e-02
5.7600e+03,6.3247e-03,1.1105e+01,2.0003e+01,5.3920e+00,9.8935e-02
5.7700e+03,6.2549e-03,1.1105e+01,2.0003e+01,5.3921e+00,9.8936e-02
5.7800e+03,6.1859e-03,1.1105e+01,2.0003e+01,5.3921e+00,9.8938e-02
5.7900e+03,6.1176e-03,1.1105e+01,2.0003e+01,5.3922e+00,9.8939e-02
5.8000e+03,6.0501e-03,1.1105e+01,2.0003e+01,5.3923e+00,9.8941e-02
5.8100e+03,5.9834e-03,1.1105e+01,2.0003e+01,5.3923e+00,9.8942e-02
5.8200e+03,5.9174e-03,1.1105e+01,2.0003e+01,5.3924e+00,9.8944e-02
5.8300e+03,5.8521e-03,1.1105e+01,2.0003e+01,5.3925e+00,9.8945e-02
5.8400e+03,5.7875e-03,1.1105e+01,2.0003e+01,5.3925e+00,9.8946e-02
5.8500e+03,5.7236e-03,1.1105e+01,2.0003e+01,5.3926e+00,9.8948e-02
5.8600e+03,5.6605e-03,1.1105e+01,2.0003e+01,5.3926e+00,9.8949e-02
5.8700e+03,5.5980e-03,1.1105e+01,2.0003e+01,5.3927e+00,9.8951e-02
5.8800e+03,5.5362e-03,1.1105e+01,2.0003e+01,5.3928e+00,9.8952e-02
5.8900e+03,5.4751e-03,1.1104e+01,2.0003e+01,5.3928e+00,9.8953e-02
5.9000e+03,5.4147e-03,1.1104e+01,2.0003e+01,5.3929e+00,9.8955e-02
5.9100e+03,5.3550e-03,1.1104e+01,2.0003e+01,5.3929e+00,9.8956e-02
5.9200e+03,5.2959e-03,1.1104e+01,2.0003e+01,5.3930e+00,9.8957e-02
5.9300e+03,5.2375e-03,1.1104e+01,2.0003e+01,5.3931e+00,9.8959e-02
5.9400e+03,5.1797e-03,1.1104e+01,2.0003e+01,5.3931e+00,9.8960e-02
5.9500e+03,5.1225e-03,1.1104e+01,2.0003e+01,5.3932e+00,9.8961e-02
5.9600e+03,5.0660e-03,1.1104e+01,2.0003e+01,5.3932e+00,9.8962e-02
5.9700e+03,5.0101e-03,1.1104e+01,2.0003e+01,5.3933e+00,9.8964e-02
5.9800e+03,4.9548e-03,1.1104e+01,2.0003e+01,5.3933e+00,9.8965e-02
5.9900e+03,4.9001e-03,1.1104e+01,2.0003e+01,5.3934e+00,9.8966e-02
6.0000e+03,4.8461e-03,1.1104e+01,2.0003e+01,5.3934e+00,9.8967e-02
6.0100e+03,4.7926e-03,1.1104e+01,2.0003e+01,5.3935e+00,9.8968e-02
6.0200e+03,4.7397e-03,1.1104e+01,2.0003e+01,5.3935e+00,9.8970e-02
6.0300e+03,4.6874e-03,1.1104e+01,2.0003e+01,5.3936e+00,9.8971e-02
6.0400e+03,4.6357e-03,1.1104e+01,2.0003e+01,5.3936e+00,9.8972e-02
