t,[L2M],[D],[L],[L2MD],[L2Ms]
0.0000e+00,5.5000e+00,8.2500e+00,1.0000e+01,0.0000e+00,0.0000e+00
1.0000e+01,5.4058e+00,8.1637e+00,1.0005e+01,8.6062e-02,2.6216e-03
2.0000e+01,5.3191e+00,8.0794e+00,1.0005e+01,1.7022e-01,5.2121e-03
3.0000e+01,5.2345e+00,7.9974e+00,1.0005e+01,2.5221e-01,7.7620e-03
4.0000e+01,5.1521e+00,7.9174e+00,1.0005e+01,3.3211e-01,1.0272e-02
5.0000e+01,5.0718e+00,7.8394e+00,1.0005e+01,4.1001e-01,1.2744e-02
6.0000e+01,4.9934e+00,7.7634e+00,1.0005e+01,4.8597e-01,1.5178e-02
7.0000e+01,4.9169e+00,7.6892e+00,1.0005e+01,5.6006e-01,1.7576e-02
8.0000e+01,4.8422e+00,7.6169e+00,1.0005e+01,6.3235e-01,1.9937e-02
9.0000e+01,4.7693e+00,7.5463e+00,1.0005e+01,7.0291e-01,2.2264e-02
1.0000e+02,4.6982e+00,7.4773e+00,1.0005e+01,7.7178e-01,2.4556e-02
1.1000e+02,4.6287e+00,7.4100e+00,1.0005e+01,8.3903e-01,2.6814e-02
1.2000e+02,4.5607e+00,7.3442e+00,1.0005e+01,9.0472e-01,2.9040e-02
1.3000e+02,4.4944e+00,7.2800e+00,1.0005e+01,9.6889e-01,3.1235e-02
1.4000e+02,4.4295e+00,7.2172e+00,1.0005e+01,1.0316e+00,3.3397e-02
1.5000e+02,4.3661e+00,7.1559e+00,1.0005e+01,1.0929e+00,3.5529e-02
1.6000e+02,4.3041e+00,7.0959e+00,1.0005e+01,1.1528e+00,3.7632e-02
1.7000e+02,4.2434e+00,7.0373e+00,1.0005e+01,1.2114e+00,3.9705e-02
1.8000e+02,4.1840e+00,6.9799e+00,1.0005e+01,1.2687e+00,4.1749e-02
1.9000e+02,4.1259e+00,6.9238e+00,1.0005e+01,1.3248e+00,4.3765e-02
2.0000e+02,4.0691e+00,6.8689e+00,1.0005e+01,1.3797e+00,4.5754e-02
2.1000e+02,4.0134e+00,6.8151e+00,1.0005e+01,1.4334e+00,4.7716e-02
2.2000e+02,3.9589e+00,6.7625e+00,1.0005e+01,1.4859e+00,4.9652e-02
2.3000e+02,3.9056e+00,6.7110e+00,1.0005e+01,1.5374e+00,5.1562e-02
2.4000e+02,3.8533e+00,6.6605e+00,1.0005e+01,1.5878e+00,5.3446e-02
2.5000e+02,3.8021e+00,6.6111e+00,1.0005e+01,1.6371e+00,5.5306e-02
2.6000e+02,3.7519e+00,6.5627e+00,1.0005e+01,1.6855e+00,5.7141e-02
2.7000e+02,3.7027e+00,6.5153e+00,1.0005e+01,1.7329e+00,5.8953e-02
2.8000e+02,3.6544e+00,6.4688e+00,1.0005e+01,1.7793e+00,6.0741e-02
2.9000e+02,3.6071e+00,6.4232e+00,1.0005e+01,1.8249e+00,6.2507e-02
3.0000e+02,3.5608e+00,6.3786e+00,1.0005e+01,1.8695e+00,6.4250e-02
3.1000e+02,3.5153e+00,6.3348e+00,1.0005e+01,1.9132e+00,6.5970e-02
3.2000e+02,3.4707e+00,6.2918e+00,1.0005e+01,1.9561e+00,6.7670e-02
3.3000e+02,3.4269e+00,6.2497e+00,1.0005e+01,1.9982e+00,6.9348e-02
3.4000e+02,3.3840e+00,6.2083e+00,1.0005e+01,2.0395e+00,7.1005e-02
3.5000e+02,3.3418e+00,6.1678e+00,1.0005e+01,2.0800e+00,7.2642e-02
3.6000e+02,3.3004e+00,6.1280e+00,1.0005e+01,2.1198e+00,7.4259e-02
3.7000e+02,3.2598e+00,6.0889e+00,1.0005e+01,2.1588e+00,7.5856e-02
3.8000e+02,3.2199e+00,6.0506e+00,1.0005e+01,2.1971e+00,7.7433e-02
3.9000e+02,3.1808e+00,6.0130e+00,1.0005e+01,2.2347e+00,7.8992e-02
4.0000e+02,3.1423e+00,5.9760e+00,1.0005e+01,2.2717e+00,8.0532e-02
4.1000e+02,3.1045e+00,5.9397e+00,1.0005e+01,2.3079e+00,8.2053e-02
4.2000e+02,3.0674e+00,5.9040e+00,1.0005e+01,2.3435e+00,8.3557e-02
4.3000e+02,3.0309e+00,5.8690e+00,1.0005e+01,2.3785e+00,8.5043e-02
4.4000e+02,2.9951e+00,5.8346e+00,1.0005e+01,2.4129e+00,8.6511e-02
4.5000e+02,2.9599e+00,5.8008e+00,1.0005e+01,2.4467e+00,8.7962e-02
4.6000e+02,2.9253e+00,5.7676e+00,1.0005e+01,2.4799e+00,8.9397e-02
4.7000e+02,2.8912e+00,5.7349e+00,1.0005e+01,2.5125e+00,9.0815e-02
4.8000e+02,2.8578e+00,5.7029e+00,1.0005e+01,2.5445e+00,9.2216e-02
4.9000e+02,2.8248e+00,5.6713e+00,1.0005e+01,2.5761e+00,9.3602e-02
5.0000e+02,2.7925e+00,5.6403e+00,1.0005e+01,2.6071e+00,9.4972e-02
5.1000e+02,2.7607e+00,5.6098e+00,1.0005e+01,2.6375e+00,9.6326e-02
5.2000e+02,2.7293e+00,5.5798e+00,1.0005e+01,2.6675e+00,9.7665e-02
5.3000e+02,2.6985e+00,5.5503e+00,1.0005e+01,2.6970e+00,9.8990e-02
5.4000e+02,2.6682e+00,5.5213e+00,1.0005e+01,2.7260e+00,1.0030e-01
5.5000e+02,2.6384e+00,5.4927e+00,1.0005e+01,2.7545e+00,1.0159e-01
5.6000e+02,2.6091e+00,5.4646e+00,1.0005e+01,2.7826e+00,1.0287e-01
5.7000e+02,2.5802e+00,5.4370e+00,1.0005e+01,2.8102e+00,1.0414e-01
5.8000e+02,2.5518e+00,5.4098e+00,1.0005e+01,2.8373e+00,1.0539e-01
5.9000e+02,2.5238e+00,5.3830e+00,1.0005e+01,2.8641e+00,1.0663e-01
6.0000e+02,2.4962e+00,5.3566e+00,1.0005e+01,2.8904e+00,1.0786e-01
6.1000e+02,2.4691e+00,5.3307e+00,1.0005e+01,2.9163e+00,1.0907e-01
6.2000e+02,2.4424e+00,5.3052e+00,1.0005e+01,2.9418e+00,1.1027e-01
6.3000e+02,2.4161e+00,5.2800e+00,1.0005e+01,2.9670e+00,1.1146e-01
6.4000e+02,2.3902e+00,5.2553e+00,1.0005e+01,2.9917e+00,1.1263e-01
6.5000e+02,2.3647e+00,5.2309e+00,1.0005e+01,3.0160e+00,1.1379e-01
6.6000e+02,2.3395e+00,5.2069e+00,1.0005e+01,3.0400e+00,1.1494e-01
6.7000e+02,2.3148e+00,5.1832e+00,1.0005e+01,3.0637e+00,1.1608e-01
6.8000e+02,2.2904e+00,5.1599e+00,1.0005e+01,3.0869e+00,1.1720e-01
6.9000e+02,2.2663e+00,5.1370e+00,1.0005e+01,3.1099e+00,1.1832e-01
7.0000e+02,2.2426e+00,5.1144e+00,1.0005e+01,3.1325e+00,1.1942e-01
7.1000e+02,2.2193e+00,5.0921e+00,1.0005e+01,3.1547e+00,1.2051e-01
7.2000e+02,2.1963e+00,5.0701e+00,1.0005e+01,3.1767e+00,1.2159e-01
7.3000e+02,2.1736e+00,5.0485e+00,1.0005e+01,3.1983e+00,1.2266e-01
7.4000e+02,2.1512e+00,5.0272e+00,1.0005e+01,3.2196e+00,1.2371e-01
7.5000e+02,2.1292e+00,5.0061e+00,1.0005e+01,3.2406e+00,1.2476e-01
7.6000e+02,2.1074e+00,4.9854e+00,1.0005e+01,3.2613e+00,1.2580e-01
7.7000e+02,2.0860e+00,4.9650e+00,1.0005e+01,3.2817e+00,1.2682e-01
7.8000e+02,2.0649e+00,4.9449e+00,1.0005e+01,3.3018e+00,1.2784e-01
7.9000e+02,2.0440e+00,4.9250e+00,1.0005e+01,3.3216e+00,1.2884e-01
8.0000e+02,2.0235e+00,4.9054e+00,1.0005e+01,3.3412e+00,1.2984e-01
8.1000e+02,2.0032e+00,4.8861e+00,1.0005e+01,3.3605e+00,1.3082e-01
8.2000e+02,1.9832e+00,4.8671e+00,1.0005e+01,3.3795e+00,1.3180e-01
8.3000e+02,1.9635e+00,4.8483e+00,1.0005e+01,3.3983e+00,1.3276e-01
8.4000e+02,1.9440e+00,4.8298e+00,1.0005e+01,3.4168e+00,1.3372e-01
8.5000e+02,1.9248e+00,4.8115e+00,1.0005e+01,3.4350e+00,1.3466e-01
8.6000e+02,1.9059e+00,4.7935e+00,1.0005e+01,3.4530e+00,1.3560e-01
8.7000e+02,1.8872e+00,4.7757e+00,1.0005e+01,3.4708e+00,1.3653e-01
8.8000e+02,1.8687e+00,4.7582e+00,1.0005e+01,3.4883e+00,1.3745e-01
8.9000e+02,1.8505e+00,4.7409e+00,1.0005e+01,3.5056e+00,1.3836e-01
9.0000e+02,1.8326e+00,4.7238e+00,1.0005e+01,3.5227e+00,1.3926e-01
9.1000e+02,1.8148e+00,4.7069e+00,1.0005e+01,3.5395e+00,1.4015e-01
9.2000e+02,1.7973e+00,4.6903e+00,1.0005e+01,3.5561e+00,1.4104e-01
9.3000e+02,1.7801e+00,4.6739e+00,1.0005e+01,3.5725e+00,1.4191e-01
9.4000e+02,1.7630e+00,4.6577e+00,1.0005e+01,3.5887e+00,1.4278e-01
9.5000e+02,1.7462e+00,4.6417e+00,1.0005e+01,3.6047e+00,1.4364e-01
9.6000e+02,1.7296e+00,4.6259e+00,1.0005e+01,3.6205e+00,1.4449e-01
9.7000e+02,1.7131e+00,4.6103e+00,1.0005e+01,3.6360e+00,1.4533e-01
9.8000e+02,1.6969e+00,4.5949e+00,1.0005e+01,3.6514e+00,1.4617e-01
9.9000e+02,1.6809e+00,4.5797e+00,1.0005e+01,3.6666e+00,1.4700e-01
1.0000e+03,1.6651e+00,4.5647e+00,1.0005e+01,3.6816e+00,1.4781e-01
1.0100e+03,1.6495e+00,4.5499e+00,1.0005e+01,3.6964e+00,1.4863e-01
1.0200e+03,1.6341e+00,4.5353e+00,1.0005e+01,3.7110e+00,1.4943e-01
1.0300e+03,1.6189e+00,4.5208e+00,1.0005e+01,3.7254e+00,1.5023e-01
1.0400e+03,1.6038e+00,4.5066e+00,1.0005e+01,3.7397e+00,1.5102e-01
1.0500e+03,1.5890e+00,4.4925e+00,1.0005e+01,3.7537e+00,1.5180e-01
1.0600e+03,1.5743e+00,4.4786e+00,1.0005e+01,3.7677e+00,1.5257e-01
1.0700e+03,1.5598e+00,4.4648e+00,1.0005e+01,3.7814e+00,1.5334e-01
1.0800e+03,1.5455e+00,4.4512e+00,1.0005e+01,3.7950e+00,1.5410e-01
1.0900e+03,1.5313e+00,4.4378e+00,1.0005e+01,3.8084e+00,1.5486e-01
1.1000e+03,1.5173e+00,4.4246e+00,1.0005e+01,3.8216e+00,1.5560e-01
1.1100e+03,1.5035e+00,4.4115e+00,1.0005e+01,3.8347e+00,1.5634e-01
1.1200e+03,1.4898e+00,4.3985e+00,1.0005e+01,3.8476e+00,1.5708e-01
1.1300e+03,1.4763e+00,4.3857e+00,1.0005e+01,3.8604e+00,1.5780e-01
1.1400e+03,1.4630e+00,4.3731e+00,1.0005e+01,3.8730e+00,1.5852e-01
1.1500e+03,1.4498e+00,4.3606e+00,1.0005e+01,3.8855e+00,1.5924e-01
1.1600e+03,1.4368e+00,4.3483e+00,1.0005e+01,3.8978e+00,1.5995e-01
1.1700e+03,1.4239e+00,4.3361e+00,1.0005e+01,3.9100e+00,1.6065e-01
1.1800e+03,1.4112e+00,4.3241e+00,1.0005e+01,3.9220e+00,1.6134e-01
1.1900e+03,1.3986e+00,4.3121e+00,1.0005e+01,3.9339e+00,1.6203e-01
1.2000e+03,1.3861e+00,4.3004e+00,1.0005e+01,3.9457e+00,1.6271e-01
1.2100e+03,1.3738e+00,4.2887e+00,1.0005e+01,3.9573e+00,1.6339e-01
1.2200e+03,1.3617e+00,4.2772e+00,1.0005e+01,3.9688e+00,1.6406e-01
1.2300e+03,1.3496e+00,4.2659e+00,1.0005e+01,3.9801e+00,1.6473e-01
1.2400e+03,1.3378e+00,4.2546e+00,1.0005e+01,3.9914e+00,1.6538e-01
1.2500e+03,1.3260e+00,4.2435e+00,1.0005e+01,4.0025e+00,1.6604e-01
1.2600e+03,1.3144e+00,4.2325e+00,1.0005e+01,4.0134e+00,1.6669e-01
1.2700e+03,1.3029e+00,4.2217e+00,1.0005e+01,4.0243e+00,1.6733e-01
1.2800e+03,1.2915e+00,4.2109e+00,1.0005e+01,4.0350e+00,1.6796e-01
1.2900e+03,1.2803e+00,4.2003e+00,1.0005e+01,4.0456e+00,1.6859e-01
1.3000e+03,1.2692e+00,4.1898e+00,1.0005e+01,4.0561e+00,1.6922e-01
1.3100e+03,1.2582e+00,4.1794e+00,1.0005e+01,4.0665e+00,1.6984e-01
1.3200e+03,1.2473e+00,4.1691e+00,1.0005e+01,4.0768e+00,1.7045e-01
1.3300e+03,1.2365e+00,4.1590e+00,1.0005e+01,4.0869e+00,1.7106e-01
1.3400e+03,1.2259e+00,4.1489e+00,1.0005e+01,4.0970e+00,1.7167e-01
1.3500e+03,1.2154e+00,4.1390e+00,1.0005e+01,4.1069e+00,1.7227e-01
1.3600e+03,1.2050e+00,4.1292e+00,1.0005e+01,4.1167e+00,1.7286e-01
1.3700e+03,1.1947e+00,4.1194e+00,1.0005e+01,4.1264e+00,1.7345e-01
1.3800e+03,1.1845e+00,4.1098e+00,1.0005e+01,4.1360e+00,1.7403e-01
1.3900e+03,1.1744e+00,4.1003e+00,1.0005e+01,4.1455e+00,1.7461e-01
1.4000e+03,1.1644e+00,4.0909e+00,1.0005e+01,4.1549e+00,1.7518e-01
1.4100e+03,1.1545e+00,4.0816e+00,1.0005e+01,4.1642e+00,1.7575e-01
1.4200e+03,1.1448e+00,4.0724e+00,1.0005e+01,4.1734e+00,1.7632e-01
1.4300e+03,1.1351e+00,4.0633e+00,1.0005e+01,4.1825e+00,1.7688e-01
1.4400e+03,1.1255e+00,4.0543e+00,1.0005e+01,4.1915e+00,1.7743e-01
1.4500e+03,1.1161e+00,4.0453e+00,1.0005e+01,4.2004e+00,1.7798e-01
1.4600e+03,1.1067e+00,4.0365e+00,1.0005e+01,4.2093e+00,1.7853e-01
1.4700e+03,1.0975e+00,4.0278e+00,1.0005e+01,4.2180e+00,1.7907e-01
1.4800e+03,1.0883e+00,4.0191e+00,1.0005e+01,4.2266e+00,1.7961e-01
1.4900e+03,1.0792e+00,4.0106e+00,1.0005e+01,4.2352e+00,1.8014e-01
1.5000e+03,1.0702e+00,4.0021e+00,1.0005e+01,4.2436e+00,1.8066e-01
1.5100e+03,1.0613e+00,3.9938e+00,1.0005e+01,4.2520e+00,1.8119e-01
1.5200e+03,1.0525e+00,3.9855e+00,1.0005e+01,4.2603e+00,1.8171e-01
1.5300e+03,1.0438e+00,3.9773e+00,1.0005e+01,4.2685e+00,1.8222e-01
1.5400e+03,1.0352e+00,3.9691e+00,1.0005e+01,4.2766e+00,1.8273e-01
1.5500e+03,1.0267e+00,3.9611e+00,1.0005e+01,4.2846e+00,1.8324e-01
1.5600e+03,1.0182e+00,3.9532e+00,1.0005e+01,4.2925e+00,1.8374e-01
1.5700e+03,1.0099e+00,3.9453e+00,1.0005e+01,4.3004e+00,1.8424e-01
1.5800e+03,1.0016e+00,3.9375e+00,1.0005e+01,4.3082e+00,1.8473e-01
1.5900e+03,9.9339e-01,3.9298e+00,1.0005e+01,4.3159e+00,1.8522e-01
1.6000e+03,9.8527e-01,3.9221e+00,1.0005e+01,4.3235e+00,1.8571e-01
1.6100e+03,9.7724e-01,3.9146e+00,1.0005e+01,4.3311e+00,1.8619e-01
1.6200e+03,9.6928e-01,3.9071e+00,1.0005e+01,4.3386e+00,1.8667e-01
1.6300e+03,9.6141e-01,3.8997e+00,1.0005e+01,4.3460e+00,1.8714e-01
1.6400e+03,9.5361e-01,3.8923e+00,1.0005e+01,4.3533e+00,1.8761e-01
1.6500e+03,9.4589e-01,3.8851e+00,1.0005e+01,4.3605e+00,1.8808e-01
1.6600e+03,9.3824e-01,3.8779e+00,1.0005e+01,4.3677e+00,1.8854e-01
1.6700e+03,9.3067e-01,3.8708e+00,1.0005e+01,4.3748e+00,1.8900e-01
1.6800e+03,9.2317e-01,3.8637e+00,1.0005e+01,4.3819e+00,1.8945e-01
1.6900e+03,9.1575e-01,3.8567e+00,1.0005e+01,4.3889e+00,1.8991e-01
1.7000e+03,9.0839e-01,3.8498e+00,1.0005e+01,4.3958e+00,1.9035e-01
1.7100e+03,9.0111e-01,3.8430e+00,1.0005e+01,4.4026e+00,1.9080e-01
1.7200e+03,8.9390e-01,3.8362e+00,1.0005e+01,4.4094e+00,1.9124e-01
1.7300e+03,8.8676e-01,3.8295e+00,1.0005e+01,4.4161e+00,1.9168e-01
1.7400e+03,8.7968e-01,3.8229e+00,1.0005e+01,4.4227e+00,1.9211e-01
1.7500e+03,8.7268e-01,3.8163e+00,1.0005e+01,4.4293e+00,1.9254e-01
1.7600e+03,8.6574e-01,3.8098e+00,1.0005e+01,4.4358e+00,1.9297e-01
1.7700e+03,8.5886e-01,3.8033e+00,1.0005e+01,4.4423e+00,1.9339e-01
1.7800e+03,8.5206e-01,3.7969e+00,1.0005e+01,4.4486e+00,1.9381e-01
1.7900e+03,8.4531e-01,3.7906e+00,1.0005e+01,4.4550e+00,1.9423e-01
1.8000e+03,8.3863e-01,3.7843e+00,1.0005e+01,4.4612e+00,1.9464e-01
1.8100e+03,8.3201e-01,3.7781e+00,1.0005e+01,4.4674e+00,1.9505e-01
1.8200e+03,8.2546e-01,3.7719e+00,1.0005e+01,4.4736e+00,1.9546e-01
1.8300e+03,8.1896e-01,3.7658e+00,1.0005e+01,4.4797e+00,1.9586e-01
1.8400e+03,8.1253e-01,3.7598e+00,1.0005e+01,4.4857e+00,1.9627e-01
1.8500e+03,8.0615e-01,3.7538e+00,1.0005e+01,4.4917e+00,1.9666e-01
1.8600e+03,7.9984e-01,3.7479e+00,1.0005e+01,4.4976e+00,1.9706e-01
1.8700e+03,7.9358e-01,3.7420e+00,1.0005e+01,4.5035e+00,1.9745e-01
1.8800e+03,7.8739e-01,3.7362e+00,1.0005e+01,4.5093e+00,1.9784e-01
1.8900e+03,7.8124e-01,3.7304e+00,1.0005e+01,4.5150e+00,1.9822e-01
1.9000e+03,7.7516e-01,3.7247e+00,1.0005e+01,4.5207e+00,1.9861e-01
1.9100e+03,7.6913e-01,3.7191e+00,1.0005e+01,4.5264e+00,1.9898e-01
1.9200e+03,7.6316e-01,3.7135e+00,1.0005e+01,4.5320e+00,1.9936e-01
1.9300e+03,7.5724e-01,3.7079e+00,1.0005e+01,4.5375e+00,1.9973e-01
1.9400e+03,7.5137e-01,3.7024e+00,1.0005e+01,4.5430e+00,2.0011e-01
1.9500e+03,7.4556e-01,3.6970e+00,1.0005e+01,4.5485e+00,2.0047e-01
1.9600e+03,7.3980e-01,3.6916e+00,1.0005e+01,4.5539e+00,2.0084e-01
1.9700e+03,7.3410e-01,3.6862e+00,1.0005e+01,4.5592e+00,2.0120e-01
1.9800e+03,7.2844e-01,3.6809e+00,1.0005e+01,4.5645e+00,2.0156e-01
1.9900e+03,7.2284e-01,3.6757e+00,1.0005e+01,4.5698e+00,2.0192e-01
2.0000e+03,7.1728e-01,3.6705e+00,1.0005e+01,4.5750e+00,2.0227e-01
2.0100e+03,7.1178e-01,3.6653e+00,1.0005e+01,4.5801e+00,2.0262e-01
2.0200e+03,7.0632e-01,3.6602e+00,1.0005e+01,4.5852e+00,2.0297e-01
2.0300e+03,7.0092e-01,3.6551e+00,1.0005e+01,4.5903e+00,2.0332e-01
2.0400e+03,6.9556e-01,3.6501e+00,1.0005e+01,4.5953e+00,2.0366e-01
2.0500e+03,6.9025e-01,3.6451e+00,1.0005e+01,4.6003e+00,2.0400e-01
2.0600e+03,6.8499e-01,3.6402e+00,1.0005e+01,4.6052e+00,2.0434e-01
2.0700e+03,6.7977e-01,3.6353e+00,1.0005e+01,4.6101e+00,2.0467e-01
2.0800e+03,6.7460e-01,3.6305e+00,1.0005e+01,4.6149e+00,2.0501e-01
2.0900e+03,6.6947e-01,3.6257e+00,1.0005e+01,4.6197e+00,2.0534e-01
2.1000e+03,6.6439e-01,3.6209e+00,1.0005e+01,4.6245e+00,2.0566e-01
2.1100e+03,6.5936e-01,3.6162e+00,1.0005e+01,4.6292e+00,2.0599e-01
2.1200e+03,6.5437e-01,3.6115e+00,1.0005e+01,4.6338e+00,2.0631e-01
2.1300e+03,6.4942e-01,3.6069e+00,1.0005e+01,4.6385e+00,2.0663e-01
2.1400e+03,6.4451e-01,3.6023e+00,1.0005e+01,4.6430e+00,2.0695e-01
2.1500e+03,6.3965e-01,3.5978e+00,1.0005e+01,4.6476e+00,2.0727e-01
2.1600e+03,6.3483e-01,3.5932e+00,1.0005e+01,4.6521e+00,2.0758e-01
2.1700e+03,6.3006e-01,3.5888e+00,1.0005e+01,4.6566e+00,2.0789e-01
2.1800e+03,6.2532e-01,3.5843e+00,1.0005e+01,4.6610e+00,2.0820e-01
2.1900e+03,6.2062e-01,3.5800e+00,1.0005e+01,4.6654e+00,2.0851e-01
2.2000e+03,6.1597e-01,3.5756e+00,1.0005e+01,4.6697e+00,2.0881e-01
2.2100e+03,6.1135e-01,3.5713e+00,1.0005e+01,4.6740e+00,2.0911e-01
2.2200e+03,6.0678e-01,3.5670e+00,1.0005e+01,4.6783e+00,2.0941e-01
2.2300e+03,6.0224e-01,3.5628e+00,1.0005e+01,4.6826e+00,2.0971e-01
2.2400e+03,5.9774e-01,3.5585e+00,1.0005e+01,4.6868e+00,2.1000e-01
2.2500e+03,5.9329e-01,3.5544e+00,1.0005e+01,4.6909e+00,2.1030e-01
2.2600e+03,5.8887e-01,3.5502e+00,1.0005e+01,4.6951e+00,2.1059e-01
2.2700e+03,5.8448e-01,3.5461e+00,1.0005e+01,4.6992e+00,2.1088e-01
2.2800e+03,5.8014e-01,3.5421e+00,1.0005e+01,4.7032e+00,2.1116e-01
2.2900e+03,5.7583e-01,3.5381e+00,1.0005e+01,4.7072e+00,2.1145e-01
2.3000e+03,5.7155e-01,3.5341e+00,1.0005e+01,4.7112e+00,2.1173e-01
2.3100e+03,5.6732e-01,3.5301e+00,1.0005e+01,4.7152e+00,2.1201e-01
2.3200e+03,5.6312e-01,3.5262e+00,1.0005e+01,4.7191e+00,2.1229e-01
2.3300e+03,5.5895e-01,3.5223e+00,1.0005e+01,4.7230e+00,2.1256e-01
2.3400e+03,5.5482e-01,3.5184e+00,1.0005e+01,4.7269e+00,2.1284e-01
2.3500e+03,5.5072e-01,3.5146e+00,1.0005e+01,4.7307e+00,2.1311e-01
2.3600e+03,5.4666e-01,3.5108e+00,1.0005e+01,4.7345e+00,2.1338e-01
2.3700e+03,5.4263e-01,3.5070e+00,1.0005e+01,4.7382e+00,2.1365e-01
2.3800e+03,5.3864e-01,3.5033e+00,1.0005e+01,4.7420e+00,2.1391e-01
2.3900e+03,5.3468e-01,3.4996e+00,1.0005e+01,4.7457e+00,2.1418e-01
2.4000e+03,5.3075e-01,3.4959e+00,1.0005e+01,4.7493e+00,2.1444e-01
2.4100e+03,5.2686e-01,3.4923e+00,1.0005e+01,4.7530e+00,2.1470e-01
2.4200e+03,5.2299e-01,3.4887e+00,1.0005e+01,4.7566e+00,2.1496e-01
2.4300e+03,5.1916e-01,3.4851e+00,1.0005e+01,4.7601e+00,2.1521e-01
2.4400e+03,5.1536e-01,3.4816e+00,1.0005e+01,4.7637e+00,2.1547e-01
2.4500e+03,5.1159e-01,3.4780e+00,1.0005e+01,4.7672e+00,2.1572e-01
2.4600e+03,5.0786e-01,3.4745e+00,1.0005e+01,4.7707e+00,2.1597e-01
2.4700e+03,5.0415e-01,3.4711e+00,1.0005e+01,4.7741e+00,2.1622e-01
2.4800e+03,5.0047e-01,3.4676e+00,1.0005e+01,4.7776e+00,2.1647e-01
2.4900e+03,4.9683e-01,3.4642e+00,1.0005e+01,4.7810e+00,2.1671e-01
2.5000e+03,4.9321e-01,3.4609e+00,1.0005e+01,4.7843e+00,2.1696e-01
2.5100e+03,4.8962e-01,3.4575e+00,1.0005e+01,4.7877e+00,2.1720e-01
2.5200e+03,4.8607e-01,3.4542e+00,1.0005e+01,4.7910e+00,2.1744e-01
2.5300e+03,4.8254e-01,3.4509e+00,1.0005e+01,4.7943e+00,2.1768e-01
2.5400e+03,4.7904e-01,3.4476e+00,1.0005e+01,4.7976e+00,2.1791e-01
2.5500e+03,4.7557e-01,3.4444e+00,1.0005e+01,4.8008e+00,2.1815e-01
2.5600e+03,4.7212e-01,3.4412e+00,1.0005e+01,4.8040e+00,2.1838e-01
2.5700e+03,4.6871e-01,3.4380e+00,1.0005e+01,4.8072e+00,2.1861e-01
2.5800e+03,4.6532e-01,3.4348e+00,1.0005e+01,4.8103e+00,2.1884e-01
2.5900e+03,4.6196e-01,3.4317e+00,1.0005e+01,4.8135e+00,2.1907e-01
2.6000e+03,4.5862e-01,3.4286e+00,1.0005e+01,4.8166e+00,2.1930e-01
2.6100e+03,4.5532e-01,3.4255e+00,1.0005e+01,4.8197e+00,2.1952e-01
2.6200e+03,4.5204e-01,3.4224e+00,1.0005e+01,4.8227e+00,2.1974e-01
2.6300e+03,4.4878e-01,3.4194e+00,1.0005e+01,4.8258e+00,2.1997e-01
2.6400e+03,4.4555e-01,3.4164e+00,1.0005e+01,4.8288e+00,2.2019e-01
2.6500e+03,4.4235e-01,3.4134e+00,1.0005e+01,4.8318e+00,2.2040e-01
2.6600e+03,4.3918e-01,3.4105e+00,1.0005e+01,4.8347e+00,2.2062e-01
2.6700e+03,4.3602e-01,3.4075e+00,1.0005e+01,4.8376e+00,2.2084e-01
2.6800e+03,4.3290e-01,3.4046e+00,1.0005e+01,4.8406e+00,2.2105e-01
2.6900e+03,4.2980e-01,3.4017e+00,1.0005e+01,4.8434e+00,2.2126e-01
2.7000e+03,4.2672e-01,3.3988e+00,1.0005e+01,4.8463e+00,2.2147e-01
2.7100e+03,4.2367e-01,3.3960e+00,1.0005e+01,4.8492e+00,2.2168e-01
2.7200e+03,4.2064e-01,3.3932e+00,1.0005e+01,4.8520e+00,2.2189e-01
2.7300e+03,4.1763e-01,3.3904e+00,1.0005e+01,4.8548e+00,2.2210e-01
2.7400e+03,4.1465e-01,3.3876e+00,1.0005e+01,4.8576e+00,2.2230e-01
2.7500e+03,4.1170e-01,3.3848e+00,1.0005e+01,4.8603e+00,2.2250e-01
2.7600e+03,4.0876e-01,3.3821e+00,1.0005e+01,4.8630e+00,2.2271e-01
2.7700e+03,4.0585e-01,3.3794e+00,1.0005e+01,4.8658e+00,2.2291e-01
2.7800e+03,4.0296e-01,3.3767e+00,1.0005e+01,4.8684e+00,2.2311e-01
2.7900e+03,4.0010e-01,3.3740e+00,1.0005e+01,4.8711e+00,2.2330e-01
2.8000e+03,3.9726e-01,3.3714e+00,1.0005e+01,4.8738e+00,2.2350e-01
2.8100e+03,3.9443e-01,3.3687e+00,1.0005e+01,4.8764e+00,2.2369e-01
2.8200e+03,3.9164e-01,3.3661e+00,1.0005e+01,4.8790e+00,2.2389e-01
2.8300e+03,3.8886e-01,3.3635e+00,1.0005e+01,4.8816e+00,2.2408e-01
2.8400e+03,3.8610e-01,3.3610e+00,1.0005e+01,4.8841e+00,2.2427e-01
2.8500e+03,3.8337e-01,3.3584e+00,1.0005e+01,4.8867e+00,2.2446e-01
2.8600e+03,3.8066e-01,3.3559e+00,1.0005e+01,4.8892e+00,2.2465e-01
2.8700e+03,3.7797e-01,3.3534e+00,1.0005e+01,4.8917e+00,2.2483e-01
2.8800e+03,3.7529e-01,3.3509e+00,1.0005e+01,4.8942e+00,2.2502e-01
2.8900e+03,3.7264e-01,3.3484e+00,1.0005e+01,4.8967e+00,2.2520e-01
2.9000e+03,3.7001e-01,3.3460e+00,1.0005e+01,4.8991e+00,2.2539e-01
2.9100e+03,3.6741e-01,3.3436e+00,1.0005e+01,4.9015e+00,2.2557e-01
2.9200e+03,3.6482e-01,3.3411e+00,1.0005e+01,4.9039e+00,2.2575e-01
2.9300e+03,3.6225e-01,3.3388e+00,1.0005e+01,4.9063e+00,2.2593e-01
2.9400e+03,3.5970e-01,3.3364e+00,1.0005e+01,4.9087e+00,2.2610e-01
2.9500e+03,3.5717e-01,3.3340e+00,1.0005e+01,4.9111e+00,2.2628e-01
2.9600e+03,3.5466e-01,3.3317e+00,1.0005e+01,4.9134e+00,2.2646e-01
2.9700e+03,3.5217e-01,3.3294e+00,1.0005e+01,4.9157e+00,2.2663e-01
2.9800e+03,3.4969e-01,3.3271e+00,1.0005e+01,4.9180e+00,2.2680e-01
2.9900e+03,3.4724e-01,3.3248e+00,1.0005e+01,4.9203e+00,2.2697e-01
3.0000e+03,3.4481e-01,3.3225e+00,1.0005e+01,4.9226e+00,2.2714e-01
3.0100e+03,3.4239e-01,3.3203e+00,1.0005e+01,4.9248e+00,2.2731e-01
3.0200e+03,3.3999e-01,3.3180e+00,1.0005e+01,4.9270e+00,2.2748e-01
3.0300e+03,3.3761e-01,3.3158e+00,1.0005e+01,4.9292e+00,2.2765e-01
3.0400e+03,3.3525e-01,3.3136e+00,1.0005e+01,4.9314e+00,2.2781e-01
3.0500e+03,3.3291e-01,3.3114e+00,1.0005e+01,4.9336e+00,2.2798e-01
3.0600e+03,3.3058e-01,3.3093e+00,1.0005e+01,4.9358e+00,2.2814e-01
3.0700e+03,3.2827e-01,3.3071e+00,1.0005e+01,4.9379e+00,2.2830e-01
3.0800e+03,3.2598e-01,3.3050e+00,1.0005e+01,4.9401e+00,2.2847e-01
3.0900e+03,3.2371e-01,3.3029e+00,1.0005e+01,4.9422e+00,2.2862e-01
3.1000e+03,3.2145e-01,3.3008e+00,1.0005e+01,4.9443e+00,2.2878e-01
3.1100e+03,3.1922e-01,3.2987e+00,1.0005e+01,4.9464e+00,2.2894e-01
3.1200e+03,3.1699e-01,3.2966e+00,1.0005e+01,4.9484e+00,2.2910e-01
3.1300e+03,3.1479e-01,3.2946e+00,1.0005e+01,4.9505e+00,2.2925e-01
3.1400e+03,3.1260e-01,3.2925e+00,1.0005e+01,4.9525e+00,2.2941e-01
3.1500e+03,3.1043e-01,3.2905e+00,1.0005e+01,4.9545e+00,2.2956e-01
3.1600e+03,3.0827e-01,3.2885e+00,1.0005e+01,4.9565e+00,2.2971e-01
3.1700e+03,3.0613e-01,3.2865e+00,1.0005e+01,4.9585e+00,2.2986e-01
3.1800e+03,3.0401e-01,3.2846e+00,1.0005e+01,4.9605e+00,2.3001e-01
3.1900e+03,3.0190e-01,3.2826e+00,1.0005e+01,4.9624e+00,2.3016e-01
3.2000e+03,2.9981e-01,3.2806e+00,1.0005e+01,4.9644e+00,2.3031e-01
3.2100e+03,2.9773e-01,3.2787e+00,1.0005e+01,4.9663e+00,2.3046e-01
3.2200e+03,2.9567e-01,3.2768e+00,1.0005e+01,4.9682e+00,2.3061e-01
3.2300e+03,2.9362e-01,3.2749e+00,1.0005e+01,4.9701e+00,2.3075e-01
3.2400e+03,2.9159e-01,3.2730e+00,1.0005e+01,4.9720e+00,2.3089e-01
3.2500e+03,2.8958e-01,3.2711e+00,1.0005e+01,4.9739e+00,2.3104e-01
3.2600e+03,2.8758e-01,3.2693e+00,1.0005e+01,4.9758e+00,2.3118e-01
3.2700e+03,2.8559e-01,3.2674e+00,1.0005e+01,4.9776e+00,2.3132e-01
3.2800e+03,2.8362e-01,3.2656e+00,1.0005e+01,4.9794e+00,2.3146e-01
3.2900e+03,2.8166e-01,3.2638e+00,1.0005e+01,4.9812e+00,2.3160e-01
3.3000e+03,2.7972e-01,3.2620e+00,1.0005e+01,4.9830e+00,2.3174e-01
3.3100e+03,2.7779e-01,3.2602e+00,1.0005e+01,4.9848e+00,2.3188e-01
3.3200e+03,2.7588e-01,3.2584e+00,1.0005e+01,4.9866e+00,2.3201e-01
3.3300e+03,2.7398e-01,3.2566e+00,1.0005e+01,4.9884e+00,2.3215e-01
3.3400e+03,2.7210e-01,3.2549e+00,1.0005e+01,4.9901e+00,2.3228e-01
3.3500e+03,2.7023e-01,3.2531e+00,1.0005e+01,4.9919e+00,2.3241e-01
3.3600e+03,2.6837e-01,3.2514e+00,1.0005e+01,4.9936e+00,2.3255e-01
3.3700e+03,2.6653e-01,3.2497e+00,1.0005e+01,4.9953e+00,2.3268e-01
3.3800e+03,2.6469e-01,3.2480e+00,1.0005e+01,4.9970e+00,2.3281e-01
3.3900e+03,2.6288e-01,3.2463e+00,1.0005e+01,4.9987e+00,2.3294e-01
3.4000e+03,2.6107e-01,3.2446e+00,1.0005e+01,5.0004e+00,2.3307e-01
3.4100e+03,2.5928e-01,3.2430e+00,1.0005e+01,5.0020e+00,2.3320e-01
3.4200e+03,2.5751e-01,3.2413e+00,1.0005e+01,5.0037e+00,2.3332e-01
3.4300e+03,2.5574e-01,3.2397e+00,1.0005e+01,5.0053e+00,2.3345e-01
3.4400e+03,2.5399e-01,3.2381e+00,1.0005e+01,5.0069e+00,2.3358e-01
3.4500e+03,2.5225e-01,3.2364e+00,1.0005e+01,5.0086e+00,2.3370e-01
3.4600e+03,2.5053e-01,3.2348e+00,1.0005e+01,5.0102e+00,2.3382e-01
3.4700e+03,2.4881e-01,3.2332e+00,1.0005e+01,5.0117e+00,2.3395e-01
3.4800e+03,2.4711e-01,3.2317e+00,1.0005e+01,5.0133e+00,2.3407e-01
3.4900e+03,2.4543e-01,3.2301e+00,1.0005e+01,5.0149e+00,2.3419e-01
3.5000e+03,2.4375e-01,3.2285e+00,1.0005e+01,5.0164e+00,2.3431e-01
3.5100e+03,2.4209e-01,3.2270e+00,1.0005e+01,5.0180e+00,2.3443e-01
3.5200e+03,2.4043e-01,3.2255e+00,1.0005e+01,5.0195e+00,2.3455e-01
3.5300e+03,2.3879e-01,3.2239e+00,1.0005e+01,5.0210e+00,2.3467e-01
3.5400e+03,2.3717e-01,3.2224e+00,1.0005e+01,5.0226e+00,2.3478e-01
3.5500e+03,2.3555e-01,3.2209e+00,1.0005e+01,5.0241e+00,2.3490e-01
3.5600e+03,2.3394e-01,3.2194e+00,1.0005e+01,5.0255e+00,2.3502e-01
3.5700e+03,2.3235e-01,3.2179e+00,1.0005e+01,5.0270e+00,2.3513e-01
3.5800e+03,2.3077e-01,3.2165e+00,1.0005e+01,5.0285e+00,2.3525e-01
3.5900e+03,2.2920e-01,3.2150e+00,1.0005e+01,5.0299e+00,2.3536e-01
3.6000e+03,2.2764e-01,3.2136e+00,1.0005e+01,5.0314e+00,2.3547e-01
3.6100e+03,2.2609e-01,3.2121e+00,1.0005e+01,5.0328e+00,2.3558e-01
3.6200e+03,2.2456e-01,3.2107e+00,1.0005e+01,5.0343e+00,2.3569e-01
3.6300e+03,2.2303e-01,3.2093e+00,1.0005e+01,5.0357e+00,2.3580e-01
3.6400e+03,2.2152e-01,3.2079e+00,1.0005e+01,5.0371e+00,2.3591e-01
3.6500e+03,2.2002e-01,3.2065e+00,1.0005e+01,5.0385e+00,2.3602e-01
3.6600e+03,2.1852e-01,3.2051e+00,1.0005e+01,5.0399e+00,2.3613e-01
3.6700e+03,2.1704e-01,3.2037e+00,1.0005e+01,5.0412e+00,2.3624e-01
3.6800e+03,2.1557e-01,3.2024e+00,1.0005e+01,5.0426e+00,2.3634e-01
3.6900e+03,2.1411e-01,3.2010e+00,1.0005e+01,5.0439e+00,2.3645e-01
3.7000e+03,2.1266e-01,3.1997e+00,1.0005e+01,5.0453e+00,2.3655e-01
3.7100e+03,2.1122e-01,3.1983e+00,1.0005e+01,5.0466e+00,2.3666e-01
3.7200e+03,2.0979e-01,3.1970e+00,1.0005e+01,5.0480e+00,2.3676e-01
3.7300e+03,2.0837e-01,3.1957e+00,1.0005e+01,5.0493e+00,2.3687e-01
3.7400e+03,2.0696e-01,3.1944e+00,1.0005e+01,5.0506e+00,2.3697e-01
3.7500e+03,2.0556e-01,3.1931e+00,1.0005e+01,5.0519e+00,2.3707e-01
3.7600e+03,2.0417e-01,3.1918e+00,1.0005e+01,5.0532e+00,2.3717e-01
3.7700e+03,2.0279e-01,3.1905e+00,1.0005e+01,5.0544e+00,2.3727e-01
3.7800e+03,2.0142e-01,3.1892e+00,1.0005e+01,5.0557e+00,2.3737e-01
3.7900e+03,2.0006e-01,3.1880e+00,1.0005e+01,5.0570e+00,2.3747e-01
3.8000e+03,1.9871e-01,3.1867e+00,1.0005e+01,5.0582e+00,2.3757e-01
3.8100e+03,1.9737e-01,3.1855e+00,1.0005e+01,5.0595e+00,2.3767e-01
3.8200e+03,1.9604e-01,3.1842e+00,1.0005e+01,5.0607e+00,2.3776e-01
3.8300e+03,1.9472e-01,3.1830e+00,1.0005e+01,5.0619e+00,2.3786e-01
3.8400e+03,1.9341e-01,3.1818e+00,1.0005e+01,5.0631e+00,2.3795e-01
3.8500e+03,1.9211e-01,3.1806e+00,1.0005e+01,5.0644e+00,2.3805e-01
3.8600e+03,1.9081e-01,3.1794e+00,1.0005e+01,5.0656e+00,2.3814e-01
3.8700e+03,1.8953e-01,3.1782e+00,1.0005e+01,5.0667e+00,2.3824e-01
3.8800e+03,1.8825e-01,3.1770e+00,1.0005e+01,5.0679e+00,2.3833e-01
3.8900e+03,1.8699e-01,3.1758e+00,1.0005e+01,5.0691e+00,2.3842e-01
3.9000e+03,1.8573e-01,3.1747e+00,1.0005e+01,5.0703e+00,2.3851e-01
3.9100e+03,1.8448e-01,3.1735e+00,1.0005e+01,5.0714e+00,2.3860e-01
3.9200e+03,1.8324e-01,3.1724e+00,1.0005e+01,5.0726e+00,2.3870e-01
3.9300e+03,1.8201e-01,3.1712e+00,1.0005e+01,5.0737e+00,2.3879e-01
3.9400e+03,1.8079e-01,3.1701e+00,1.0005e+01,5.0748e+00,2.3887e-01
3.9500e+03,1.7957e-01,3.1690e+00,1.0005e+01,5.0760e+00,2.3896e-01
3.9600e+03,1.7837e-01,3.1678e+00,1.0005e+01,5.0771e+00,2.3905e-01
3.9700e+03,1.7717e-01,3.1667e+00,1.0005e+01,5.0782e+00,2.3914e-01
3.9800e+03,1.7598e-01,3.1656e+00,1.0005e+01,5.0793e+00,2.3923e-01
3.9900e+03,1.7480e-01,3.1645e+00,1.0005e+01,5.0804e+00,2.3931e-01
4.0000e+03,1.7363e-01,3.1634e+00,1.0005e+01,5.0815e+00,2.3940e-01
4.0100e+03,1.7247e-01,3.1624e+00,1.0005e+01,5.0826e+00,2.3948e-01
4.0200e+03,1.7131e-01,3.1613e+00,1.0005e+01,5.0836e+00,2.3957e-01
4.0300e+03,1.7016e-01,3.1602e+00,1.0005e+01,5.0847e+00,2.3965e-01
4.0400e+03,1.6902e-01,3.1592e+00,1.0005e+01,5.0857e+00,2.3974e-01
4.0500e+03,1.6789e-01,3.1581e+00,1.0005e+01,5.0868e+00,2.3982e-01
4.0600e+03,1.6677e-01,3.1571e+00,1.0005e+01,5.0878e+00,2.3990e-01
4.0700e+03,1.6565e-01,3.1560e+00,1.0005e+01,5.0889e+00,2.3998e-01
4.0800e+03,1.6455e-01,3.1550e+00,1.0005e+01,5.0899e+00,2.4006e-01
4.0900e+03,1.6345e-01,3.1540e+00,1.0005e+01,5.0909e+00,2.4015e-01
4.1000e+03,1.6235e-01,3.1530e+00,1.0005e+01,5.0919e+00,2.4023e-01
4.1100e+03,1.6127e-01,3.1520e+00,1.0005e+01,5.0929e+00,2.4031e-01
4.1200e+03,1.6019e-01,3.1510e+00,1.0005e+01,5.0939e+00,2.4038e-01
4.1300e+03,1.5912e-01,3.1500e+00,1.0005e+01,5.0949e+00,2.4046e-01
4.1400e+03,1.5806e-01,3.1490e+00,1.0005e+01,5.0959e+00,2.4054e-01
4.1500e+03,1.5701e-01,3.1480e+00,1.0005e+01,5.0969e+00,2.4062e-01
4.1600e+03,1.5596e-01,3.1470e+00,1.0005e+01,5.0979e+00,2.4070e-01
4.1700e+03,1.5492e-01,3.1461e+00,1.0005e+01,5.0988e+00,2.4077e-01
4.1800e+03,1.5389e-01,3.1451e+00,1.0005e+01,5.0998e+00,2.4085e-01
4.1900e+03,1.5286e-01,3.1442e+00,1.0005e+01,5.1007e+00,2.4092e-01
4.2000e+03,1.5184e-01,3.1432e+00,1.0005e+01,5.1017e+00,2.4100e-01
4.2100e+03,1.5083e-01,3.1423e+00,1.0005e+01,5.1026e+00,2.4107e-01
4.2200e+03,1.4982e-01,3.1414e+00,1.0005e+01,5.1035e+00,2.4115e-01
4.2300e+03,1.4883e-01,3.1404e+00,1.0005e+01,5.1045e+00,2.4122e-01
4.2400e+03,1.4784e-01,3.1395e+00,1.0005e+01,5.1054e+00,2.4129e-01
4.2500e+03,1.4685e-01,3.1386e+00,1.0005e+01,5.1063e+00,2.4137e-01
4.2600e+03,1.4588e-01,3.1377e+00,1.0005e+01,5.1072e+00,2.4144e-01
4.2700e+03,1.4491e-01,3.1368e+00,1.0005e+01,5.1081e+00,2.4151e-01
4.2800e+03,1.4394e-01,3.1359e+00,1.0005e+01,5.1090e+00,2.4158e-01
4.2900e+03,1.4298e-01,3.1350e+00,1.0005e+01,5.1099e+00,2.4165e-01
4.3000e+03,1.4203e-01,3.1341e+00,1.0005e+01,5.1108e+00,2.4172e-01
4.3100e+03,1.4109e-01,3.1333e+00,1.0005e+01,5.1116e+00,2.4179e-01
4.3200e+03,1.4015e-01,3.1324e+00,1.0005e+01,5.1125e+00,2.4186e-01
4.3300e+03,1.3922e-01,3.1315e+00,1.0005e+01,5.1134e+00,2.4193e-01
4.3400e+03,1.3830e-01,3.1307e+00,1.0005e+01,5.1142e+00,2.4200e-01
4.3500e+03,1.3738e-01,3.1298e+00,1.0005e+01,5.1151e+00,2.4207e-01
4.3600e+03,1.3647e-01,3.1290e+00,1.0005e+01,5.1159e+00,2.4213e-01
4.3700e+03,1.3556e-01,3.1281e+00,1.0005e+01,5.1167e+00,2.4220e-01
4.3800e+03,1.3466e-01,3.1273e+00,1.0005e+01,5.1176e+00,2.4227e-01
4.3900e+03,1.3377e-01,3.1265e+00,1.0005e+01,5.1184e+00,2.4233e-01
4.4000e+03,1.3288e-01,3.1257e+00,1.0005e+01,5.1192e+00,2.4240e-01
4.4100e+03,1.3200e-01,3.1248e+00,1.0005e+01,5.1200e+00,2.4246e-01
4.4200e+03,1.3113e-01,3.1240e+00,1.0005e+01,5.1209e+00,2.4253e-01
4.4300e+03,1.3026e-01,3.1232e+00,1.0005e+01,5.1217e+00,2.4259e-01
4.4400e+03,1.2940e-01,3.1224e+00,1.0005e+01,5.1225e+00,2.4266e-01
4.4500e+03,1.2854e-01,3.1216e+00,1.0005e+01,5.1232e+00,2.4272e-01
4.4600e+03,1.2769e-01,3.1208e+00,1.0005e+01,5.1240e+00,2.4278e-01
4.4700e+03,1.2684e-01,3.1201e+00,1.0005e+01,5.1248e+00,2.4285e-01
4.4800e+03,1.2600e-01,3.1193e+00,1.0005e+01,5.1256e+00,2.4291e-01
4.4900e+03,1.2517e-01,3.1185e+00,1.0005e+01,5.1264e+00,2.4297e-01
4.5000e+03,1.2434e-01,3.1177e+00,1.0005e+01,5.1271e+00,2.4303e-01
4.5100e+03,1.2352e-01,3.1170e+00,1.0005e+01,5.1279e+00,2.4309e-01
4.5200e+03,1.2270e-01,3.1162e+00,1.0005e+01,5.1287e+00,2.4315e-01
4.5300e+03,1.2189e-01,3.1155e+00,1.0005e+01,5.1294e+00,2.4321e-01
4.5400e+03,1.2109e-01,3.1147e+00,1.0005e+01,5.1301e+00,2.4327e-01
4.5500e+03,1.2029e-01,3.1140e+00,1.0005e+01,5.1309e+00,2.4333e-01
4.5600e+03,1.1949e-01,3.1132e+00,1.0005e+01,5.1316e+00,2.4339e-01
4.5700e+03,1.1870e-01,3.1125e+00,1.0005e+01,5.1324e+00,2.4345e-01
4.5800e+03,1.1792e-01,3.1118e+00,1.0005e+01,5.1331e+00,2.4351e-01
4.5900e+03,1.1714e-01,3.1111e+00,1.0005e+01,5.1338e+00,2.4357e-01
4.6000e+03,1.1637e-01,3.1104e+00,1.0005e+01,5.1345e+00,2.4363e-01
4.6100e+03,1.1560e-01,3.1096e+00,1.0005e+01,5.1352e+00,2.4368e-01
4.6200e+03,1.1484e-01,3.1089e+00,1.0005e+01,5.1359e+00,2.4374e-01
4.6300e+03,1.1408e-01,3.1082e+00,1.0005e+01,5.1366e+00,2.4380e-01
4.6400e+03,1.1333e-01,3.1075e+00,1.0005e+01,5.1373e+00,2.4385e-01
4.6500e+03,1.1258e-01,3.1068e+00,1.0005e+01,5.1380e+00,2.4391e-01
4.6600e+03,1.1184e-01,3.1062e+00,1.0005e+01,5.1387e+00,2.4396e-01
4.6700e+03,1.1110e-01,3.1055e+00,1.0005e+01,5.1394e+00,2.4402e-01
4.6800e+03,1.1037e-01,3.1048e+00,1.0005e+01,5.1401e+00,2.4407e-01
4.6900e+03,1.0964e-01,3.1041e+00,1.0005e+01,5.1407e+00,2.4413e-01
4.7000e+03,1.0892e-01,3.1035e+00,1.0005e+01,5.1414e+00,2.4418e-01
4.7100e+03,1.0820e-01,3.1028e+00,1.0005e+01,5.1421e+00,2.4423e-01
4.7200e+03,1.0749e-01,3.1021e+00,1.0005e+01,5.1427e+00,2.4429e-01
4.7300e+03,1.0678e-01,3.1015e+00,1.0005e+01,5.1434e+00,2.4434e-01
4.7400e+03,1.0608e-01,3.1008e+00,1.0005e+01,5.1440e+00,2.4439e-01
4.7500e+03,1.0538e-01,3.1002e+00,1.0005e+01,5.1447e+00,2.4444e-01
4.7600e+03,1.0469e-01,3.0995e+00,1.0005e+01,5.1453e+00,2.4450e-01
4.7700e+03,1.0400e-01,3.0989e+00,1.0005e+01,5.1460e+00,2.4455e-01
4.7800e+03,1.0331e-01,3.0983e+00,1.0005e+01,5.1466e+00,2.4460e-01
4.7900e+03,1.0264e-01,3.0976e+00,1.0005e+01,5.1472e+00,2.4465e-01
4.8000e+03,1.0196e-01,3.0970e+00,1.0005e+01,5.1478e+00,2.4470e-01
4.8100e+03,1.0129e-01,3.0964e+00,1.0005e+01,5.1485e+00,2.4475e-01
4.8200e+03,1.0062e-01,3.0958e+00,1.0005e+01,5.1491e+00,2.4480e-01
4.8300e+03,9.9964e-02,3.0952e+00,1.0005e+01,5.1497e+00,2.4485e-01
4.8400e+03,9.9307e-02,3.0945e+00,1.0005e+01,5.1503e+00,2.4490e-01
4.8500e+03,9.8654e-02,3.0939e+00,1.0005e+01,5.1509e+00,2.4495e-01
4.8600e+03,9.8007e-02,3.0933e+00,1.0005e+01,5.1515e+00,2.4499e-01
4.8700e+03,9.7363e-02,3.0927e+00,1.0005e+01,5.1521e+00,2.4504e-01
4.8800e+03,9.6724e-02,3.0922e+00,1.0005e+01,5.1527e+00,2.4509e-01
4.8900e+03,9.6089e-02,3.0916e+00,1.0005e+01,5.1533e+00,2.4514e-01
4.9000e+03,9.5458e-02,3.0910e+00,1.0005e+01,5.1539e+00,2.4519e-01
4.9100e+03,9.4832e-02,3.0904e+00,1.0005e+01,5.1544e+00,2.4523e-01
4.9200e+03,9.4210e-02,3.0898e+00,1.0005e+01,5.1550e+00,2.4528e-01
4.9300e+03,9.3592e-02,3.0893e+00,1.0005e+01,5.1556e+00,2.4533e-01
4.9400e+03,9.2978e-02,3.0887e+00,1.0005e+01,5.1562e+00,2.4537e-01
4.9500e+03,9.2368e-02,3.0881e+00,1.0005e+01,5.1567e+00,2.4542e-01
4.9600e+03,9.1763e-02,3.0876e+00,1.0005e+01,5.1573e+00,2.4546e-01
4.9700e+03,9.1161e-02,3.0870e+00,1.0005e+01,5.1578e+00,2.4551e-01
4.9800e+03,9.0564e-02,3.0865e+00,1.0005e+01,5.1584e+00,2.4555e-01
4.9900e+03,8.9970e-02,3.0859e+00,1.0005e+01,5.1589e+00,2.4560e-01
5.0000e+03,8.9381e-02,3.0854e+00,1.0005e+01,5.1595e+00,2.4564e-01
5.0100e+03,8.8795e-02,3.0848e+00,1.0005e+01,5.1600e+00,2.4568e-01
5.0200e+03,8.8214e-02,3.0843e+00,1.0005e+01,5.1606e+00,2.4573e-01
5.0300e+03,8.7636e-02,3.0837e+00,1.0005e+01,5.1611e+00,2.4577e-01
5.0400e+03,8.7062e-02,3.0832e+00,1.0005e+01,5.1616e+00,2.4581e-01
5.0500e+03,8.6492e-02,3.0827e+00,1.0005e+01,5.1622e+00,2.4586e-01
5.0600e+03,8.5926e-02,3.0822e+00,1.0005e+01,5.1627e+00,2.4590e-01
5.0700e+03,8.5364e-02,3.0816e+00,1.0005e+01,5.1632e+00,2.4594e-01
5.0800e+03,8.4805e-02,3.0811e+00,1.0005e+01,5.1637e+00,2.4598e-01
5.0900e+03,8.4250e-02,3.0806e+00,1.0005e+01,5.1642e+00,2.4603e-01
5.1000e+03,8.3699e-02,3.0801e+00,1.0005e+01,5.1647e+00,2.4607e-01
5.1100e+03,8.3152e-02,3.0796e+00,1.0005e+01,5.1652e+00,2.4611e-01
5.1200e+03,8.2608e-02,3.0791e+00,1.0005e+01,5.1658e+00,2.4615e-01
5.1300e+03,8.2068e-02,3.0786e+00,1.0005e+01,5.1663e+00,2.4619e-01
5.1400e+03,8.1531e-02,3.0781e+00,1.0005e+01,5.1667e+00,2.4623e-01
5.1500e+03,8.0998e-02,3.0776e+00,1.0005e+01,5.1672e+00,2.4627e-01
5.1600e+03,8.0469e-02,3.0771e+00,1.0005e+01,5.1677e+00,2.4631e-01
5.1700e+03,7.9943e-02,3.0766e+00,1.0005e+01,5.1682e+00,2.4635e-01
5.1800e+03,7.9421e-02,3.0761e+00,1.0005e+01,5.1687e+00,2.4639e-01
5.1900e+03,7.8902e-02,3.0757e+00,1.0005e+01,5.1692e+00,2.4643e-01
5.2000e+03,7.8386e-02,3.0752e+00,1.0005e+01,5.1697e+00,2.4647e-01
5.2100e+03,7.7874e-02,3.0747e+00,1.0005e+01,5.1701e+00,2.4650e-01
5.2200e+03,7.7366e-02,3.0742e+00,1.0005e+01,5.1706e+00,2.4654e-01
5.2300e+03,7.6861e-02,3.0738e+00,1.0005e+01,5.1711e+00,2.4658e-01
5.2400e+03,7.6359e-02,3.0733e+00,1.0005e+01,5.1715e+00,2.4662e-01
5.2500e+03,7.5860e-02,3.0728e+00,1.0005e+01,5.1720e+00,2.4666e-01
5.2600e+03,7.5365e-02,3.0724e+00,1.0005e+01,5.1725e+00,2.4669e-01
5.2700e+03,7.4874e-02,3.0719e+00,1.0005e+01,5.1729e+00,2.4673e-01
5.2800e+03,7.4385e-02,3.0715e+00,1.0005e+01,5.1734e+00,2.4677e-01
5.2900e+03,7.3900e-02,3.0710e+00,1.0005e+01,5.1738e+00,2.4680e-01
5.3000e+03,7.3418e-02,3.0706e+00,1.0005e+01,5.1743e+00,2.4684e-01
5.3100e+03,7.2939e-02,3.0701e+00,1.0005e+01,5.1747e+00,2.4688e-01
5.3200e+03,7.2463e-02,3.0697e+00,1.0005e+01,5.1751e+00,2.4691e-01
5.3300e+03,7.1991e-02,3.0693e+00,1.0005e+01,5.1756e+00,2.4695e-01
5.3400e+03,7.1521e-02,3.0688e+00,1.0005e+01,5.1760e+00,2.4698e-01
5.3500e+03,7.1055e-02,3.0684e+00,1.0005e+01,5.1764e+00,2.4702e-01
5.3600e+03,7.0592e-02,3.0680e+00,1.0005e+01,5.1769e+00,2.4705e-01
5.3700e+03,7.0132e-02,3.0675e+00,1.0005e+01,5.1773e+00,2.4709e-01
5.3800e+03,6.9675e-02,3.0671e+00,1.0005e+01,5.1777e+00,2.4712e-01
5.3900e+03,6.9221e-02,3.0667e+00,1.0005e+01,5.1781e+00,2.4716e-01
5.4000e+03,6.8770e-02,3.0663e+00,1.0005e+01,5.1785e+00,2.4719e-01
5.4100e+03,6.8322e-02,3.0659e+00,1.0005e+01,5.1790e+00,2.4722e-01
5.4200e+03,6.7877e-02,3.0654e+00,1.0005e+01,5.1794e+00,2.4726e-01
5.4300e+03,6.7435e-02,3.0650e+00,1.0005e+01,5.1798e+00,2.4729e-01
5.4400e+03,6.6996e-02,3.0646e+00,1.0005e+01,5.1802e+00,2.4732e-01
5.4500e+03,6.6559e-02,3.0642e+00,1.0005e+01,5.1806e+00,2.4736e-01
5.4600e+03,6.6126e-02,3.0638e+00,1.0005e+01,5.1810e+00,2.4739e-01
5.4700e+03,6.5696e-02,3.0634e+00,1.0005e+01,5.1814e+00,2.4742e-01
5.4800e+03,6.5268e-02,3.0630e+00,1.0005e+01,5.1818e+00,2.4745e-01
5.4900e+03,6.4843e-02,3.0626e+00,1.0005e+01,5.1822e+00,2.4749e-01
5.5000e+03,6.4421e-02,3.0623e+00,1.0005e+01,5.1826e+00,2.4752e-01
5.5100e+03,6.4002e-02,3.0619e+00,1.0005e+01,5.1830e+00,2.4755e-01
5.5200e+03,6.3586e-02,3.0615e+00,1.0005e+01,5.1833e+00,2.4758e-01
5.5300e+03,6.3172e-02,3.0611e+00,1.0005e+01,5.1837e+00,2.4761e-01
5.5400e+03,6.2761e-02,3.0607e+00,1.0005e+01,5.1841e+00,2.4764e-01
5.5500e+03,6.2353e-02,3.0603e+00,1.0005e+01,5.1845e+00,2.4767e-01
5.5600e+03,6.1948e-02,3.0600e+00,1.0005e+01,5.1849e+00,2.4770e-01
5.5700e+03,6.1545e-02,3.0596e+00,1.0005e+01,5.1852e+00,2.4773e-01
5.5800e+03,6.1145e-02,3.0592e+00,1.0005e+01,5.1856e+00,2.4777e-01
5.5900e+03,6.0747e-02,3.0589e+00,1.0005e+01,5.1860e+00,2.4780e-01
5.6000e+03,6.0352e-02,3.0585e+00,1.0005e+01,5.1863e+00,2.4783e-01
5.6100e+03,5.9960e-02,3.0581e+00,1.0005e+01,5.1867e+00,2.4785e-01
5.6200e+03,5.9571e-02,3.0578e+00,1.0005e+01,5.1871e+00,2.4788e-01
5.6300e+03,5.9184e-02,3.0574e+00,1.0005e+01,5.1874e+00,2.4791e-01
5.6400e+03,5.8799e-02,3.0570e+00,1.0005e+01,5.1878e+00,2.4794e-01
5.6500e+03,5.8417e-02,3.0567e+00,1.0005e+01,5.1881e+00,2.4797e-01
5.6600e+03,5.8038e-02,3.0563e+00,1.0005e+01,5.1885e+00,2.4800e-01
5.6700e+03,5.7661e-02,3.0560e+00,1.0005e+01,5.1888e+00,2.4803e-01
5.6800e+03,5.7286e-02,3.0556e+00,1.0005e+01,5.1892e+00,2.4806e-01
5.6900e+03,5.6914e-02,3.0553e+00,1.0005e+01,5.1895e+00,2.4809e-01
5.7000e+03,5.6545e-02,3.0550e+00,1.0005e+01,5.1899e+00,2.4811e-01
5.7100e+03,5.6178e-02,3.0546e+00,1.0005e+01,5.1902e+00,2.4814e-01
5.7200e+03,5.5813e-02,3.0543e+00,1.0005e+01,5.1905e+00,2.4817e-01
5.7300e+03,5.5451e-02,3.0539e+00,1.0005e+01,5.1909e+00,2.4820e-01
5.7400e+03,5.5091e-02,3.0536e+00,1.0005e+01,5.1912e+00,2.4822e-01
5.7500e+03,5.4733e-02,3.0533e+00,1.0005e+01,5.1915e+00,2.4825e-01
5.7600e+03,5.4378e-02,3.0530e+00,1.0005e+01,5.1919e+00,2.4828e-01
5.7700e+03,5.4025e-02,3.0526e+00,1.0005e+01,5.1922e+00,2.4830e-01
5.7800e+03,5.3675e-02,3.0523e+00,1.0005e+01,5.1925e+00,2.4833e-01
5.7900e+03,5.3326e-02,3.0520e+00,1.0005e+01,5.1928e+00,2.4836e-01
5.8000e+03,5.2981e-02,3.0517e+00,1.0005e+01,5.1931e+00,2.4838e-01
5.8100e+03,5.2637e-02,3.0513e+00,1.0005e+01,5.1935e+00,2.4841e-01
5.8200e+03,5.2296e-02,3.0510e+00,1.0005e+01,5.1938e+00,2.4843e-01
5.8300e+03,5.1956e-02,3.0507e+00,1.0005e+01,5.1941e+00,2.4846e-01
5.8400e+03,5.1619e-02,3.0504e+00,1.0005e+01,5.1944e+00,2.4849e-01
5.8500e+03,5.1285e-02,3.0501e+00,1.0005e+01,5.1947e+00,2.4851e-01
5.8600e+03,5.0952e-02,3.0498e+00,1.0005e+01,5.1950e+00,2.4854e-01
5.8700e+03,5.0622e-02,3.0495e+00,1.0005e+01,5.1953e+00,2.4856e-01
5.8800e+03,5.0294e-02,3.0492e+00,1.0005e+01,5.1956e+00,2.4859e-01
5.8900e+03,4.9968e-02,3.0489e+00,1.0005e+01,5.1959e+00,2.4861e-01
5.9000e+03,4.9644e-02,3.0486e+00,1.0005e+01,5.1962e+00,2.4864e-01
5.9100e+03,4.9322e-02,3.0483e+00,1.0005e+01,5.1965e+00,2.4866e-01
5.9200e+03,4.9003e-02,3.0480e+00,1.0005e+01,5.1968e+00,2.4868e-01
5.9300e+03,4.8685e-02,3.0477e+00,1.0005e+01,5.1971e+00,2.4871e-01
5.9400e+03,4.8370e-02,3.0474e+00,1.0005e+01,5.1974e+00,2.4873e-01
5.9500e+03,4.8057e-02,3.0471e+00,1.0005e+01,5.1977e+00,2.4876e-01
5.9600e+03,4.7745e-02,3.0468e+00,1.0005e+01,5.1980e+00,2.4878e-01
5.9700e+03,4.7436e-02,3.0465e+00,1.0005e+01,5.1983e+00,2.4880e-01
5.9800e+03,4.7129e-02,3.0463e+00,1.0005e+01,5.1986e+00,2.4883e-01
5.9900e+03,4.6824e-02,3.0460e+00,1.0005e+01,5.1988e+00,2.4885e-01
6.0000e+03,4.6521e-02,3.0457e+00,1.0005e+01,5.1991e+00,2.4887e-01
6.0100e+03,4.6219e-02,3.0454e+00,1.0005e+01,5.1994e+00,2.4890e-01
6.0200e+03,4.5920e-02,3.0451e+00,1.0005e+01,5.1997e+00,2.4892e-01
6.0300e+03,4.5623e-02,3.0449e+00,1.0005e+01,5.1999e+00,2.4894e-01
6.0400e+03,4.5328e-02,3.0446e+00,1.0005e+01,5.2002e+00,2.4896e-01
6.0500e+03,4.5034e-02,3.0443e+00,1.0005e+01,5.2005e+00,2.4899e-01
6.0600e+03,4.4743e-02,3.0440e+00,1.0005e+01,5.2008e+00,2.4901e-01
6.0700e+03,4.4453e-02,3.0438e+00,1.0005e+01,5.2010e+00,2.4903e-01
6.0800e+03,4.4166e-02,3.0435e+00,1.0005e+01,5.2013e+00,2.4905e-01
6.0900e+03,4.3880e-02,3.0432e+00,1.0005e+01,5.2016e+00,2.4907e-01
6.1000e+03,4.3596e-02,3.0430e+00,1.0005e+01,5.2018e+00,2.4909e-01
6.1100e+03,4.3314e-02,3.0427e+00,1.0005e+01,5.2021e+00,2.4912e-01
6.1200e+03,4.3034e-02,3.0425e+00,1.0005e+01,5.2023e+00,2.4914e-01
6.1300e+03,4.2755e-02,3.0422e+00,1.0005e+01,5.2026e+00,2.4916e-01
6.1400e+03,4.2479e-02,3.0419e+00,1.0005e+01,5.2029e+00,2.4918e-01
6.1500e+03,4.2204e-02,3.0417e+00,1.0005e+01,5.2031e+00,2.4920e-01
6.1600e+03,4.1931e-02,3.0414e+00,1.0005e+01,5.2034e+00,2.4922e-01
6.1700e+03,4.1660e-02,3.0412e+00,1.0005e+01,5.2036e+00,2.4924e-01
6.1800e+03,4.1391e-02,3.0409e+00,1.0005e+01,5.2039e+00,2.4926e-01
6.1900e+03,4.1123e-02,3.0407e+00,1.0005e+01,5.2041e+00,2.4928e-01
6.2000e+03,4.0857e-02,3.0404e+00,1.0005e+01,5.2043e+00,2.4930e-01
6.2100e+03,4.0593e-02,3.0402e+00,1.0005e+01,5.2046e+00,2.4932e-01
6.2200e+03,4.0331e-02,3.0400e+00,1.0005e+01,5.2048e+00,2.4934e-01
6.2300e+03,4.0070e-02,3.0397e+00,1.0005e+01,5.2051e+00,2.4936e-01
6.2400e+03,3.9811e-02,3.0395e+00,1.0005e+01,5.2053e+00,2.4938e-01
6.2500e+03,3.9554e-02,3.0392e+00,1.0005e+01,5.2056e+00,2.4940e-01
6.2600e+03,3.9298e-02,3.0390e+00,1.0005e+01,5.2058e+00,2.4942e-01
6.2700e+03,3.9044e-02,3.0388e+00,1.0005e+01,5.2060e+00,2.4944e-01
6.2800e+03,3.8792e-02,3.0385e+00,1.0005e+01,5.2063e+00,2.4946e-01
6.2900e+03,3.8541e-02,3.0383e+00,1.0005e+01,5.2065e+00,2.4948e-01
6.3000e+03,3.8292e-02,3.0381e+00,1.0005e+01,5.2067e+00,2.4950e-01
6.3100e+03,3.8045e-02,3.0378e+00,1.0005e+01,5.2069e+00,2.4952e-01
6.3200e+03,3.7799e-02,3.0376e+00,1.0005e+01,5.2072e+00,2.4953e-01
6.3300e+03,3.7555e-02,3.0374e+00,1.0005e+01,5.2074e+00,2.4955e-01
6.3400e+03,3.7313e-02,3.0372e+00,1.0005e+01,5.2076e+00,2.4957e-01
6.3500e+03,3.7072e-02,3.0369e+00,1.0005e+01,5.2078e+00,2.4959e-01
6.3600e+03,3.6832e-02,3.0367e+00,1.0005e+01,5.2081e+00,2.4961e-01
6.3700e+03,3.6594e-02,3.0365e+00,1.0005e+01,5.2083e+00,2.4963e-01
6.3800e+03,3.6358e-02,3.0363e+00,1.0005e+01,5.2085e+00,2.4964e-01
6.3900e+03,3.6123e-02,3.0361e+00,1.0005e+01,5.2087e+00,2.4966e-01
6.4000e+03,3.5890e-02,3.0359e+00,1.0005e+01,5.2089e+00,2.4968e-01
6.4100e+03,3.5658e-02,3.0356e+00,1.0005e+01,5.2092e+00,2.4970e-01
6.4200e+03,3.5428e-02,3.0354e+00,1.0005e+01,5.2094e+00,2.4972e-01
6.4300e+03,3.5200e-02,3.0352e+00,1.0005e+01,5.2096e+00,2.4973e-01
6.4400e+03,3.4972e-02,3.0350e+00,1.0005e+01,5.2098e+00,2.4975e-01
6.4500e+03,3.4747e-02,3.0348e+00,1.0005e+01,5.2100e+00,2.4977e-01
6.4600e+03,3.4522e-02,3.0346e+00,1.0005e+01,5.2102e+00,2.4978e-01
6.4700e+03,3.4300e-02,3.0344e+00,1.0005e+01,5.2104e+00,2.4980e-01
6.4800e+03,3.4078e-02,3.0342e+00,1.0005e+01,5.2106e+00,2.4982e-01
6.4900e+03,3.3858e-02,3.0340e+00,1.0005e+01,5.2108e+00,2.4983e-01
6.5000e+03,3.3640e-02,3.0338e+00,1.0005e+01,5.2110e+00,2.4985e-01
6.5100e+03,3.3423e-02,3.0336e+00,1.0005e+01,5.2112e+00,2.4987e-01
6.5200e+03,3.3207e-02,3.0334e+00,1.0005e+01,5.2114e+00,2.4988e-01
6.5300e+03,3.2993e-02,3.0332e+00,1.0005e+01,5.2116e+00,2.4990e-01
6.5400e+03,3.2780e-02,3.0330e+00,1.0005e+01,5.2118e+00,2.4992e-01
6.5500e+03,3.2569e-02,3.0328e+00,1.0005e+01,5.2120e+00,2.4993e-01
6.5600e+03,3.2359e-02,3.0326e+00,1.0005e+01,5.2122e+00,2.4995e-01
6.5700e+03,3.2150e-02,3.0324e+00,1.0005e+01,5.2124e+00,2.4996e-01
6.5800e+03,3.1943e-02,3.0322e+00,1.0005e+01,5.2126e+00,2.4998e-01
6.5900e+03,3.1737e-02,3.0320e+00,1.0005e+01,5.2128e+00,2.5000e-01
6.6000e+03,3.1532e-02,3.0318e+00,1.0005e+01,5.2130e+00,2.5001e-01
6.6100e+03,3.1329e-02,3.0316e+00,1.0005e+01,5.2132e+00,2.5003e-01
6.6200e+03,3.1127e-02,3.0315e+00,1.0005e+01,5.2133e+00,2.5004e-01
6.6300e+03,3.0926e-02,3.0313e+00,1.0005e+01,5.2135e+00,2.5006e-01
6.6400e+03,3.0727e-02,3.0311e+00,1.0005e+01,5.2137e+00,2.5007e-01
6.6500e+03,3.0529e-02,3.0309e+00,1.0005e+01,5.2139e+00,2.5009e-01
6.6600e+03,3.0332e-02,3.0307e+00,1.0005e+01,5.2141e+00,2.5010e-01
6.6700e+03,3.0136e-02,3.0305e+00,1.0005e+01,5.2143e+00,2.5012e-01
6.6800e+03,2.9942e-02,3.0304e+00,1.0005e+01,5.2144e+00,2.5013e-01
6.6900e+03,2.9749e-02,3.0302e+00,1.0005e+01,5.2146e+00,2.5015e-01
6.7000e+03,2.9558e-02,3.0300e+00,1.0005e+01,5.2148e+00,2.5016e-01
6.7100e+03,2.9367e-02,3.0298e+00,1.0005e+01,5.2150e+00,2.5018e-01
6.7200e+03,2.9178e-02,3.0296e+00,1.0005e+01,5.2151e+00,2.5019e-01
6.7300e+03,2.8990e-02,3.0295e+00,1.0005e+01,5.2153e+00,2.5021e-01
6.7400e+03,2.8803e-02,3.0293e+00,1.0005e+01,5.2155e+00,2.5022e-01
6.7500e+03,2.8617e-02,3.0291e+00,1.0005e+01,5.2157e+00,2.5023e-01
6.7600e+03,2.8433e-02,3.0290e+00,1.0005e+01,5.2158e+00,2.5025e-01
6.7700e+03,2.8250e-02,3.0288e+00,1.0005e+01,5.2160e+00,2.5026e-01
6.7800e+03,2.8068e-02,3.0286e+00,1.0005e+01,5.2162e+00,2.5028e-01
6.7900e+03,2.7887e-02,3.0285e+00,1.0005e+01,5.2163e+00,2.5029e-01
6.8000e+03,2.7708e-02,3.0283e+00,1.0005e+01,5.2165e+00,2.5030e-01
6.8100e+03,2.7529e-02,3.0281e+00,1.0005e+01,5.2167e+00,2.5032e-01
6.8200e+03,2.7352e-02,3.0280e+00,1.0005e+01,5.2168e+00,2.5033e-01
6.8300e+03,2.7176e-02,3.0278e+00,1.0005e+01,5.2170e+00,2.5034e-01
6.8400e+03,2.7001e-02,3.0276e+00,1.0005e+01,5.2172e+00,2.5036e-01
6.8500e+03,2.6827e-02,3.0275e+00,1.0005e+01,5.2173e+00,2.5037e-01
6.8600e+03,2.6654e-02,3.0273e+00,1.0005e+01,5.2175e+00,2.5038e-01
6.8700e+03,2.6482e-02,3.0272e+00,1.0005e+01,5.2176e+00,2.5040e-01
6.8800e+03,2.6312e-02,3.0270e+00,1.0005e+01,5.2178e+00,2.5041e-01
6.8900e+03,2.6142e-02,3.0268e+00,1.0005e+01,5.2179e+00,2.5042e-01
6.9000e+03,2.5974e-02,3.0267e+00,1.0005e+01,5.2181e+00,2.5044e-01
6.9100e+03,2.5807e-02,3.0265e+00,1.0005e+01,5.2183e+00,2.5045e-01
6.9200e+03,2.5641e-02,3.0264e+00,1.0005e+01,5.2184e+00,2.5046e-01
6.9300e+03,2.5476e-02,3.0262e+00,1.0005e+01,5.2186e+00,2.5047e-01
6.9400e+03,2.5312e-02,3.0261e+00,1.0005e+01,5.2187e+00,2.5049e-01
6.9500e+03,2.5149e-02,3.0259e+00,1.0005e+01,5.2189e+00,2.5050e-01
6.9600e+03,2.4987e-02,3.0258e+00,1.0005e+01,5.2190e+00,2.5051e-01
6.9700e+03,2.4826e-02,3.0256e+00,1.0005e+01,5.2192e+00,2.5052e-01
6.9800e+03,2.4666e-02,3.0255e+00,1.0005e+01,5.2193e+00,2.5054e-01
6.9900e+03,2.4508e-02,3.0253e+00,1.0005e+01,5.2195e+00,2.5055e-01
7.0000e+03,2.4350e-02,3.0252e+00,1.0005e+01,5.2196e+00,2.5056e-01
7.0100e+03,2.4193e-02,3.0250e+00,1.0005e+01,5.2197e+00,2.5057e-01
7.0200e+03,2.4038e-02,3.0249e+00,1.0005e+01,5.2199e+00,2.5058e-01
7.0300e+03,2.3883e-02,3.0248e+00,1.0005e+01,5.2200e+00,2.5059e-01
7.0400e+03,2.3729e-02,3.0246e+00,1.0005e+01,5.2202e+00,2.5061e-01
7.0500e+03,2.3576e-02,3.0245e+00,1.0005e+01,5.2203e+00,2.5062e-01
7.0600e+03,2.3425e-02,3.0243e+00,1.0005e+01,5.2205e+00,2.5063e-01
7.0700e+03,2.3274e-02,3.0242e+00,1.0005e+01,5.2206e+00,2.5064e-01
7.0800e+03,2.3124e-02,3.0241e+00,1.0005e+01,5.2207e+00,2.5065e-01
7.0900e+03,2.2976e-02,3.0239e+00,1.0005e+01,5.2209e+00,2.5066e-01
7.1000e+03,2.2828e-02,3.0238e+00,1.0005e+01,5.2210e+00,2.5068e-01
7.1100e+03,2.2681e-02,3.0236e+00,1.0005e+01,5.2211e+00,2.5069e-01
7.1200e+03,2.2535e-02,3.0235e+00,1.0005e+01,5.2213e+00,2.5070e-01
7.1300e+03,2.2390e-02,3.0234e+00,1.0005e+01,5.2214e+00,2.5071e-01
7.1400e+03,2.2246e-02,3.0232e+00,1.0005e+01,5.2215e+00,2.5072e-01
7.1500e+03,2.2103e-02,3.0231e+00,1.0005e+01,5.2217e+00,2.5073e-01
7.1600e+03,2.1961e-02,3.0230e+00,1.0005e+01,5.2218e+00,2.5074e-01
7.1700e+03,2.1820e-02,3.0228e+00,1.0005e+01,5.2219e+00,2.5075e-01
7.1800e+03,2.1679e-02,3.0227e+00,1.0005e+01,5.2221e+00,2.5076e-01
7.1900e+03,2.1540e-02,3.0226e+00,1.0005e+01,5.2222e+00,2.5077e-01
7.2000e+03,2.1402e-02,3.0225e+00,1.0005e+01,5.2223e+00,2.5078e-01
7.2100e+03,2.1264e-02,3.0223e+00,1.0005e+01,5.2224e+00,2.5079e-01
7.2200e+03,2.1127e-02,3.0222e+00,1.0005e+01,5.2226e+00,2.5081e-01
7.2300e+03,2.0991e-02,3.0221e+00,1.0005e+01,5.2227e+00,2.5082e-01
7.2400e+03,2.0856e-02,3.0220e+00,1.0005e+01,5.2228e+00,2.5083e-01
7.2500e+03,2.0722e-02,3.0218e+00,1.0005e+01,5.2229e+00,2.5084e-01
7.2600e+03,2.0589e-02,3.0217e+00,1.0005e+01,5.2231e+00,2.5085e-01
7.2700e+03,2.0457e-02,3.0216e+00,1.0005e+01,5.2232e+00,2.5086e-01
7.2800e+03,2.0325e-02,3.0215e+00,1.0005e+01,5.2233e+00,2.5087e-01
7.2900e+03,2.0195e-02,3.0213e+00,1.0005e+01,5.2234e+00,2.5088e-01
7.3000e+03,2.0065e-02,3.0212e+00,1.0005e+01,5.2236e+00,2.5089e-01
7.3100e+03,1.9936e-02,3.0211e+00,1.0005e+01,5.2237e+00,2.5090e-01
7.3200e+03,1.9808e-02,3.0210e+00,1.0005e+01,5.2238e+00,2.5091e-01
7.3300e+03,1.9680e-02,3.0209e+00,1.0005e+01,5.2239e+00,2.5092e-01
7.3400e+03,1.9554e-02,3.0207e+00,1.0005e+01,5.2240e+00,2.5093e-01
7.3500e+03,1.9428e-02,3.0206e+00,1.0005e+01,5.2241e+00,2.5094e-01
7.3600e+03,1.9303e-02,3.0205e+00,1.0005e+01,5.2243e+00,2.5094e-01
7.3700e+03,1.9179e-02,3.0204e+00,1.0005e+01,5.2244e+00,2.5095e-01
7.3800e+03,1.9056e-02,3.0203e+00,1.0005e+01,5.2245e+00,2.5096e-01
7.3900e+03,1.8934e-02,3.0202e+00,1.0005e+01,5.2246e+00,2.5097e-01
7.4000e+03,1.8812e-02,3.0201e+00,1.0005e+01,5.2247e+00,2.5098e-01
7.4100e+03,1.8691e-02,3.0200e+00,1.0005e+01,5.2248e+00,2.5099e-01
7.4200e+03,1.8571e-02,3.0198e+00,1.0005e+01,5.2249e+00,2.5100e-01
7.4300e+03,1.8452e-02,3.0197e+00,1.0005e+01,5.2250e+00,2.5101e-01
7.4400e+03,1.8333e-02,3.0196e+00,1.0005e+01,5.2252e+00,2.5102e-01
7.4500e+03,1.8215e-02,3.0195e+00,1.0005e+01,5.2253e+00,2.5103e-01
7.4600e+03,1.8098e-02,3.0194e+00,1.0005e+01,5.2254e+00,2.5104e-01
7.4700e+03,1.7982e-02,3.0193e+00,1.0005e+01,5.2255e+00,2.5105e-01
7.4800e+03,1.7867e-02,3.0192e+00,1.0005e+01,5.2256e+00,2.5105e-01
7.4900e+03,1.7752e-02,3.0191e+00,1.0005e+01,5.2257e+00,2.5106e-01
7.5000e+03,1.7638e-02,3.0190e+00,1.0005e+01,5.2258e+00,2.5107e-01
7.5100e+03,1.7525e-02,3.0189e+00,1.0005e+01,5.2259e+00,2.5108e-01
7.5200e+03,1.7412e-02,3.0188e+00,1.0005e+01,5.2260e+00,2.5109e-01
7.5300e+03,1.7300e-02,3.0187e+00,1.0005e+01,5.2261e+00,2.5110e-01
7.5400e+03,1.7189e-02,3.0186e+00,1.0005e+01,5.2262e+00,2.5111e-01
7.5500e+03,1.7079e-02,3.0185e+00,1.0005e+01,5.2263e+00,2.5111e-01
7.5600e+03,1.6969e-02,3.0184e+00,1.0005e+01,5.2264e+00,2.5112e-01
7.5700e+03,1.6860e-02,3.0183e+00,1.0005e+01,5.2265e+00,2.5113e-01
7.5800e+03,1.6752e-02,3.0182e+00,1.0005e+01,5.2266e+00,2.5114e-01
7.5900e+03,1.6644e-02,3.0181e+00,1.0005e+01,5.2267e+00,2.5115e-01
7.6000e+03,1.6537e-02,3.0180e+00,1.0005e+01,5.2268e+00,2.5116e-01
7.6100e+03,1.6431e-02,3.0179e+00,1.0005e+01,5.2269e+00,2.5116e-01
7.6200e+03,1.6326e-02,3.0178e+00,1.0005e+01,5.2270e+00,2.5117e-01
7.6300e+03,1.6221e-02,3.0177e+00,1.0005e+01,5.2271e+00,2.5118e-01
7.6400e+03,1.6117e-02,3.0176e+00,1.0005e+01,5.2272e+00,2.5119e-01
7.6500e+03,1.6013e-02,3.0175e+00,1.0005e+01,5.2273e+00,2.5120e-01
7.6600e+03,1.5910e-02,3.0174e+00,1.0005e+01,5.2274e+00,2.5120e-01
7.6700e+03,1.5808e-02,3.0173e+00,1.0005e+01,5.2275e+00,2.5121e-01
7.6800e+03,1.5707e-02,3.0172e+00,1.0005e+01,5.2276e+00,2.5122e-01
7.6900e+03,1.5606e-02,3.0171e+00,1.0005e+01,5.2277e+00,2.5123e-01
7.7000e+03,1.5506e-02,3.0170e+00,1.0005e+01,5.2278e+00,2.5124e-01
7.7100e+03,1.5406e-02,3.0169e+00,1.0005e+01,5.2279e+00,2.5124e-01
7.7200e+03,1.5307e-02,3.0168e+00,1.0005e+01,5.2280e+00,2.5125e-01
7.7300e+03,1.5209e-02,3.0167e+00,1.0005e+01,5.2280e+00,2.5126e-01
7.7400e+03,1.5111e-02,3.0166e+00,1.0005e+01,5.2281e+00,2.5127e-01
7.7500e+03,1.5014e-02,3.0166e+00,1.0005e+01,5.2282e+00,2.5127e-01
7.7600e+03,1.4918e-02,3.0165e+00,1.0005e+01,5.2283e+00,2.5128e-01
7.7700e+03,1.4822e-02,3.0164e+00,1.0005e+01,5.2284e+00,2.5129e-01
7.7800e+03,1.4727e-02,3.0163e+00,1.0005e+01,5.2285e+00,2.5129e-01
7.7900e+03,1.4633e-02,3.0162e+00,1.0005e+01,5.2286e+00,2.5130e-01
7.8000e+03,1.4539e-02,3.0161e+00,1.0005e+01,5.2287e+00,2.5131e-01
7.8100e+03,1.4446e-02,3.0160e+00,1.0005e+01,5.2287e+00,2.5132e-01
7.8200e+03,1.4353e-02,3.0159e+00,1.0005e+01,5.2288e+00,2.5132e-01
7.8300e+03,1.4261e-02,3.0159e+00,1.0005e+01,5.2289e+00,2.5133e-01
7.8400e+03,1.4169e-02,3.0158e+00,1.0005e+01,5.2290e+00,2.5134e-01
7.8500e+03,1.4078e-02,3.0157e+00,1.0005e+01,5.2291e+00,2.5134e-01
7.8600e+03,1.3988e-02,3.0156e+00,1.0005e+01,5.2292e+00,2.5135e-01
7.8700e+03,1.3898e-02,3.0155e+00,1.0005e+01,5.2293e+00,2.5136e-01
7.8800e+03,1.3809e-02,3.0154e+00,1.0005e+01,5.2293e+00,2.5137e-01
7.8900e+03,1.3720e-02,3.0154e+00,1.0005e+01,5.2294e+00,2.5137e-01
7.9000e+03,1.3632e-02,3.0153e+00,1.0005e+01,5.2295e+00,2.5138e-01
7.9100e+03,1.3545e-02,3.0152e+00,1.0005e+01,5.2296e+00,2.5139e-01
7.9200e+03,1.3458e-02,3.0151e+00,1.0005e+01,5.2297e+00,2.5139e-01
7.9300e+03,1.3372e-02,3.0150e+00,1.0005e+01,5.2297e+00,2.5140e-01
7.9400e+03,1.3286e-02,3.0150e+00,1.0005e+01,5.2298e+00,2.5141e-01
7.9500e+03,1.3201e-02,3.0149e+00,1.0005e+01,5.2299e+00,2.5141e-01
7.9600e+03,1.3116e-02,3.0148e+00,1.0005e+01,5.2300e+00,2.5142e-01
7.9700e+03,1.3032e-02,3.0147e+00,1.0005e+01,5.2301e+00,2.5142e-01
7.9800e+03,1.2948e-02,3.0146e+00,1.0005e+01,5.2301e+00,2.5143e-01
7.9900e+03,1.2865e-02,3.0146e+00,1.0005e+01,5.2302e+00,2.5144e-01
8.0000e+03,1.2783e-02,3.0145e+00,1.0005e+01,5.2303e+00,2.5144e-01
8.0100e+03,1.2701e-02,3.0144e+00,1.0005e+01,5.2304e+00,2.5145e-01
8.0200e+03,1.2619e-02,3.0143e+00,1.0005e+01,5.2304e+00,2.5146e-01
8.0300e+03,1.2538e-02,3.0143e+00,1.0005e+01,5.2305e+00,2.5146e-01
8.0400e+03,1.2458e-02,3.0142e+00,1.0005e+01,5.2306e+00,2.5147e-01
8.0500e+03,1.2378e-02,3.0141e+00,1.0005e+01,5.2307e+00,2.5147e-01
8.0600e+03,1.2299e-02,3.0140e+00,1.0005e+01,5.2307e+00,2.5148e-01
8.0700e+03,1.2220e-02,3.0140e+00,1.0005e+01,5.2308e+00,2.5149e-01
8.0800e+03,1.2141e-02,3.0139e+00,1.0005e+01,5.2309e+00,2.5149e-01
8.0900e+03,1.2063e-02,3.0138e+00,1.0005e+01,5.2309e+00,2.5150e-01
8.1000e+03,1.1986e-02,3.0138e+00,1.0005e+01,5.2310e+00,2.5150e-01
8.1100e+03,1.1909e-02,3.0137e+00,1.0005e+01,5.2311e+00,2.5151e-01
8.1200e+03,1.1833e-02,3.0136e+00,1.0005e+01,5.2312e+00,2.5152e-01
8.1300e+03,1.1757e-02,3.0135e+00,1.0005e+01,5.2312e+00,2.5152e-01
8.1400e+03,1.1682e-02,3.0135e+00,1.0005e+01,5.2313e+00,2.5153e-01
8.1500e+03,1.1607e-02,3.0134e+00,1.0005e+01,5.2314e+00,2.5153e-01
8.1600e+03,1.1532e-02,3.0133e+00,1.0005e+01,5.2314e+00,2.5154e-01
8.1700e+03,1.1458e-02,3.0133e+00,1.0005e+01,5.2315e+00,2.5155e-01
8.1800e+03,1.1385e-02,3.0132e+00,1.0005e+01,5.2316e+00,2.5155e-01
8.1900e+03,1.1312e-02,3.0131e+00,1.0005e+01,5.2316e+00,2.5156e-01
8.2000e+03,1.1239e-02,3.0131e+00,1.0005e+01,5.2317e+00,2.5156e-01
8.2100e+03,1.1167e-02,3.0130e+00,1.0005e+01,5.2318e+00,2.5157e-01
8.2200e+03,1.1096e-02,3.0129e+00,1.0005e+01,5.2318e+00,2.5157e-01
8.2300e+03,1.1024e-02,3.0129e+00,1.0005e+01,5.2319e+00,2.5158e-01
8.2400e+03,1.0954e-02,3.0128e+00,1.0005e+01,5.2320e+00,2.5158e-01
8.2500e+03,1.0884e-02,3.0127e+00,1.0005e+01,5.2320e+00,2.5159e-01
8.2600e+03,1.0814e-02,3.0127e+00,1.0005e+01,5.2321e+00,2.5159e-01
8.2700e+03,1.0744e-02,3.0126e+00,1.0005e+01,5.2322e+00,2.5160e-01
8.2800e+03,1.0676e-02,3.0125e+00,1.0005e+01,5.2322e+00,2.5161e-01
8.2900e+03,1.0607e-02,3.0125e+00,1.0005e+01,5.2323e+00,2.5161e-01
8.3000e+03,1.0539e-02,3.0124e+00,1.0005e+01,5.2324e+00,2.5162e-01
8.3100e+03,1.0472e-02,3.0124e+00,1.0005e+01,5.2324e+00,2.5162e-01
8.3200e+03,1.0404e-02,3.0123e+00,1.0005e+01,5.2325e+00,2.5163e-01
8.3300e+03,1.0338e-02,3.0122e+00,1.0005e+01,5.2325e+00,2.5163e-01
8.3400e+03,1.0272e-02,3.0122e+00,1.0005e+01,5.2326e+00,2.5164e-01
8.3500e+03,1.0206e-02,3.0121e+00,1.0005e+01,5.2327e+00,2.5164e-01
8.3600e+03,1.0140e-02,3.0120e+00,1.0005e+01,5.2327e+00,2.5165e-01
8.3700e+03,1.0075e-02,3.0120e+00,1.0005e+01,5.2328e+00,2.5165e-01
8.3800e+03,1.0011e-02,3.0119e+00,1.0005e+01,5.2328e+00,2.5166e-01
8.3900e+03,9.9465e-03,3.0119e+00,1.0005e+01,5.2329e+00,2.5166e-01
8.4000e+03,9.8828e-03,3.0118e+00,1.0005e+01,5.2330e+00,2.5167e-01
8.4100e+03,9.8194e-03,3.0118e+00,1.0005e+01,5.2330e+00,2.5167e-01
8.4200e+03,9.7565e-03,3.0117e+00,1.0005e+01,5.2331e+00,2.5168e-01
8.4300e+03,9.6940e-03,3.0116e+00,1.0005e+01,5.2331e+00,2.5168e-01
8.4400e+03,9.6319e-03,3.0116e+00,1.0005e+01,5.2332e+00,2.5169e-01
8.4500e+03,9.5701e-03,3.0115e+00,1.0005e+01,5.2332e+00,2.5169e-01
8.4600e+03,9.5088e-03,3.0115e+00,1.0005e+01,5.2333e+00,2.5169e-01
8.4700e+03,9.4479e-03,3.0114e+00,1.0005e+01,5.2334e+00,2.5170e-01
8.4800e+03,9.3873e-03,3.0114e+00,1.0005e+01,5.2334e+00,2.5170e-01
8.4900e+03,9.3272e-03,3.0113e+00,1.0005e+01,5.2335e+00,2.5171e-01
8.5000e+03,9.2674e-03,3.0112e+00,1.0005e+01,5.2335e+00,2.5171e-01
8.5100e+03,9.2080e-03,3.0112e+00,1.0005e+01,5.2336e+00,2.5172e-01
8.5200e+03,9.1490e-03,3.0111e+00,1.0005e+01,5.2336e+00,2.5172e-01
8.5300e+03,9.0904e-03,3.0111e+00,1.0005e+01,5.2337e+00,2.5173e-01
8.5400e+03,9.0321e-03,3.0110e+00,1.0005e+01,5.2337e+00,2.5173e-01
8.5500e+03,8.9742e-03,3.0110e+00,1.0005e+01,5.2338e+00,2.5174e-01
8.5600e+03,8.9167e-03,3.0109e+00,1.0005e+01,5.2339e+00,2.5174e-01
8.5700e+03,8.8596e-03,3.0109e+00,1.0005e+01,5.2339e+00,2.5174e-01
8.5800e+03,8.8028e-03,3.0108e+00,1.0005e+01,5.2340e+00,2.5175e-01
8.5900e+03,8.7464e-03,3.0108e+00,1.0005e+01,5.2340e+00,2.5175e-01
8.6000e+03,8.6904e-03,3.0107e+00,1.0005e+01,5.2341e+00,2.5176e-01
8.6100e+03,8.6347e-03,3.0107e+00,1.0005e+01,5.2341e+00,2.5176e-01
8.6200e+03,8.5794e-03,3.0106e+00,1.0005e+01,5.2342e+00,2.5177e-01
8.6300e+03,8.5244e-03,3.0106e+00,1.0005e+01,5.2342e+00,2.5177e-01
8.6400e+03,8.4698e-03,3.0105e+00,1.0005e+01,5.2343e+00,2.5177e-01
