t,[L2M],[D],[L],[L2MD],[L2Ms]
0.0000e+00,5.5000e+00,2.2000e+01,1.2500e+01,0.0000e+00,0.0000e+00
1.0000e+01,5.3173e+00,2.1823e+01,1.2504e+01,1.7625e-01,2.0109e-03
2.0000e+01,5.1456e+00,2.1653e+01,1.2504e+01,3.4606e-01,3.9637e-03
3.0000e+01,4.9805e+00,2.1490e+01,1.2504e+01,5.0922e-01,5.8546e-03
4.0000e+01,4.8219e+00,2.1333e+01,1.2504e+01,6.6607e-01,7.6860e-03
5.0000e+01,4.6692e+00,2.1182e+01,1.2504e+01,8.1692e-01,9.4600e-03
6.0000e+01,4.5224e+00,2.1037e+01,1.2504e+01,9.6205e-01,1.1179e-02
7.0000e+01,4.3810e+00,2.0897e+01,1.2504e+01,1.1017e+00,1.2844e-02
8.0000e+01,4.2449e+00,2.0763e+01,1.2504e+01,1.2363e+00,1.4459e-02
9.0000e+01,4.1138e+00,2.0633e+01,1.2504e+01,1.3658e+00,1.6024e-02
1.0000e+02,3.9874e+00,2.0508e+01,1.2504e+01,1.4907e+00,1.7541e-02
1.1000e+02,3.8656e+00,2.0388e+01,1.2504e+01,1.6110e+00,1.9012e-02
1.2000e+02,3.7481e+00,2.0271e+01,1.2504e+01,1.7271e+00,2.0439e-02
1.3000e+02,3.6348e+00,2.0159e+01,1.2504e+01,1.8390e+00,2.1824e-02
1.4000e+02,3.5254e+00,2.0051e+01,1.2504e+01,1.9470e+00,2.3167e-02
1.5000e+02,3.4199e+00,1.9947e+01,1.2504e+01,2.0512e+00,2.4470e-02
1.6000e+02,3.3180e+00,1.9846e+01,1.2504e+01,2.1519e+00,2.5734e-02
1.7000e+02,3.2196e+00,1.9749e+01,1.2504e+01,2.2491e+00,2.6962e-02
1.8000e+02,3.1245e+00,1.9655e+01,1.2504e+01,2.3430e+00,2.8153e-02
1.9000e+02,3.0326e+00,1.9564e+01,1.2504e+01,2.4337e+00,2.9310e-02
2.0000e+02,2.9438e+00,1.9476e+01,1.2504e+01,2.5214e+00,3.0433e-02
2.1000e+02,2.8580e+00,1.9392e+01,1.2504e+01,2.6061e+00,3.1523e-02
2.2000e+02,2.7749e+00,1.9310e+01,1.2504e+01,2.6881e+00,3.2582e-02
2.3000e+02,2.6946e+00,1.9230e+01,1.2504e+01,2.7674e+00,3.3610e-02
2.4000e+02,2.6169e+00,1.9154e+01,1.2504e+01,2.8441e+00,3.4609e-02
2.5000e+02,2.5418e+00,1.9079e+01,1.2504e+01,2.9183e+00,3.5580e-02
2.6000e+02,2.4690e+00,1.9007e+01,1.2504e+01,2.9901e+00,3.6523e-02
2.7000e+02,2.3986e+00,1.8938e+01,1.2504e+01,3.0596e+00,3.7439e-02
2.8000e+02,2.3304e+00,1.8870e+01,1.2504e+01,3.1269e+00,3.8329e-02
2.9000e+02,2.2643e+00,1.8805e+01,1.2504e+01,3.1921e+00,3.9194e-02
3.0000e+02,2.2003e+00,1.8742e+01,1.2504e+01,3.2552e+00,4.0035e-02
3.1000e+02,2.1383e+00,1.8681e+01,1.2504e+01,3.3164e+00,4.0852e-02
3.2000e+02,2.0783e+00,1.8622e+01,1.2504e+01,3.3757e+00,4.1646e-02
3.3000e+02,2.0201e+00,1.8564e+01,1.2504e+01,3.4331e+00,4.2418e-02
3.4000e+02,1.9637e+00,1.8508e+01,1.2504e+01,3.4888e+00,4.3169e-02
3.5000e+02,1.9090e+00,1.8454e+01,1.2504e+01,3.5427e+00,4.3899e-02
3.6000e+02,1.8560e+00,1.8402e+01,1.2504e+01,3.5950e+00,4.4609e-02
3.7000e+02,1.8045e+00,1.8351e+01,1.2504e+01,3.6458e+00,4.5299e-02
3.8000e+02,1.7547e+00,1.8302e+01,1.2504e+01,3.6950e+00,4.5970e-02
3.9000e+02,1.7063e+00,1.8254e+01,1.2504e+01,3.7427e+00,4.6623e-02
4.0000e+02,1.6594e+00,1.8208e+01,1.2504e+01,3.7890e+00,4.7258e-02
4.1000e+02,1.6138e+00,1.8163e+01,1.2504e+01,3.8339e+00,4.7875e-02
4.2000e+02,1.5696e+00,1.8119e+01,1.2504e+01,3.8775e+00,4.8476e-02
4.3000e+02,1.5268e+00,1.8077e+01,1.2504e+01,3.9198e+00,4.9060e-02
4.4000e+02,1.4851e+00,1.8036e+01,1.2504e+01,3.9608e+00,4.9629e-02
4.5000e+02,1.4447e+00,1.7996e+01,1.2504e+01,4.0007e+00,5.0182e-02
4.6000e+02,1.4055e+00,1.7957e+01,1.2504e+01,4.0394e+00,5.0720e-02
4.7000e+02,1.3674e+00,1.7920e+01,1.2504e+01,4.0770e+00,5.1243e-02
4.8000e+02,1.3304e+00,1.7883e+01,1.2504e+01,4.1134e+00,5.1752e-02
4.9000e+02,1.2945e+00,1.7848e+01,1.2504e+01,4.1488e+00,5.2248e-02
5.0000e+02,1.2596e+00,1.7813e+01,1.2504e+01,4.1833e+00,5.2731e-02
5.1000e+02,1.2257e+00,1.7780e+01,1.2504e+01,4.2167e+00,5.3200e-02
5.2000e+02,1.1928e+00,1.7747e+01,1.2504e+01,4.2491e+00,5.3657e-02
5.3000e+02,1.1608e+00,1.7716e+01,1.2504e+01,4.2807e+00,5.4101e-02
5.4000e+02,1.1298e+00,1.7685e+01,1.2504e+01,4.3113e+00,5.4534e-02
5.5000e+02,1.0996e+00,1.7655e+01,1.2504e+01,4.3411e+00,5.4955e-02
5.6000e+02,1.0702e+00,1.7626e+01,1.2504e+01,4.3700e+00,5.5365e-02
5.7000e+02,1.0417e+00,1.7598e+01,1.2504e+01,4.3981e+00,5.5765e-02
5.8000e+02,1.0140e+00,1.7571e+01,1.2504e+01,4.4255e+00,5.6153e-02
5.9000e+02,9.8706e-01,1.7544e+01,1.2504e+01,4.4520e+00,5.6531e-02
6.0000e+02,9.6087e-01,1.7519e+01,1.2504e+01,4.4778e+00,5.6899e-02
6.1000e+02,9.3541e-01,1.7493e+01,1.2504e+01,4.5029e+00,5.7258e-02
6.2000e+02,9.1065e-01,1.7469e+01,1.2504e+01,4.5273e+00,5.7607e-02
6.3000e+02,8.8659e-01,1.7445e+01,1.2504e+01,4.5511e+00,5.7947e-02
6.4000e+02,8.6318e-01,1.7422e+01,1.2504e+01,4.5741e+00,5.8278e-02
6.5000e+02,8.4043e-01,1.7400e+01,1.2504e+01,4.5966e+00,5.8600e-02
6.6000e+02,8.1830e-01,1.7378e+01,1.2504e+01,4.6184e+00,5.8913e-02
6.7000e+02,7.9677e-01,1.7357e+01,1.2504e+01,4.6396e+00,5.9219e-02
6.8000e+02,7.7584e-01,1.7336e+01,1.2504e+01,4.6603e+00,5.9516e-02
6.9000e+02,7.5547e-01,1.7316e+01,1.2504e+01,4.6803e+00,5.9806e-02
7.0000e+02,7.3567e-01,1.7296e+01,1.2504e+01,4.6999e+00,6.0088e-02
7.1000e+02,7.1640e-01,1.7277e+01,1.2504e+01,4.7188e+00,6.0363e-02
7.2000e+02,6.9765e-01,1.7259e+01,1.2504e+01,4.7373e+00,6.0630e-02
7.3000e+02,6.7942e-01,1.7241e+01,1.2504e+01,4.7553e+00,6.0891e-02
7.4000e+02,6.6167e-01,1.7223e+01,1.2504e+01,4.7728e+00,6.1144e-02
7.5000e+02,6.4441e-01,1.7206e+01,1.2504e+01,4.7898e+00,6.1392e-02
7.6000e+02,6.2761e-01,1.7190e+01,1.2504e+01,4.8064e+00,6.1632e-02
7.7000e+02,6.1127e-01,1.7174e+01,1.2504e+01,4.8225e+00,6.1867e-02
7.8000e+02,5.9536e-01,1.7158e+01,1.2504e+01,4.8382e+00,6.2095e-02
7.9000e+02,5.7988e-01,1.7143e+01,1.2504e+01,4.8534e+00,6.2317e-02
8.0000e+02,5.6482e-01,1.7128e+01,1.2504e+01,4.8683e+00,6.2534e-02
8.1000e+02,5.5015e-01,1.7113e+01,1.2504e+01,4.8827e+00,6.2745e-02
8.2000e+02,5.3588e-01,1.7099e+01,1.2504e+01,4.8968e+00,6.2951e-02
8.3000e+02,5.2199e-01,1.7086e+01,1.2504e+01,4.9105e+00,6.3151e-02
8.4000e+02,5.0847e-01,1.7072e+01,1.2504e+01,4.9238e+00,6.3346e-02
8.5000e+02,4.9531e-01,1.7059e+01,1.2504e+01,4.9368e+00,6.3536e-02
8.6000e+02,4.8250e-01,1.7047e+01,1.2504e+01,4.9494e+00,6.3721e-02
8.7000e+02,4.7003e-01,1.7034e+01,1.2504e+01,4.9617e+00,6.3901e-02
8.8000e+02,4.5789e-01,1.7022e+01,1.2504e+01,4.9736e+00,6.4077e-02
8.9000e+02,4.4607e-01,1.7011e+01,1.2504e+01,4.9853e+00,6.4248e-02
9.0000e+02,4.3456e-01,1.6999e+01,1.2504e+01,4.9966e+00,6.4415e-02
9.1000e+02,4.2336e-01,1.6988e+01,1.2504e+01,5.0077e+00,6.4577e-02
9.2000e+02,4.1245e-01,1.6978e+01,1.2504e+01,5.0184e+00,6.4736e-02
9.3000e+02,4.0183e-01,1.6967e+01,1.2504e+01,5.0289e+00,6.4890e-02
9.4000e+02,3.9149e-01,1.6957e+01,1.2504e+01,5.0391e+00,6.5040e-02
9.5000e+02,3.8141e-01,1.6947e+01,1.2504e+01,5.0490e+00,6.5186e-02
9.6000e+02,3.7161e-01,1.6937e+01,1.2504e+01,5.0587e+00,6.5329e-02
9.7000e+02,3.6206e-01,1.6928e+01,1.2504e+01,5.0681e+00,6.5468e-02
9.8000e+02,3.5276e-01,1.6919e+01,1.2504e+01,5.0772e+00,6.5603e-02
9.9000e+02,3.4371e-01,1.6910e+01,1.2504e+01,5.0862e+00,6.5735e-02
1.0000e+03,3.3489e-01,1.6901e+01,1.2504e+01,5.0949e+00,6.5864e-02
1.0100e+03,3.2630e-01,1.6893e+01,1.2504e+01,5.1033e+00,6.5989e-02
1.0200e+03,3.1793e-01,1.6884e+01,1.2504e+01,5.1116e+00,6.6111e-02
1.0300e+03,3.0979e-01,1.6876e+01,1.2504e+01,5.1196e+00,6.6230e-02
1.0400e+03,3.0185e-01,1.6868e+01,1.2504e+01,5.1274e+00,6.6346e-02
1.0500e+03,2.9412e-01,1.6861e+01,1.2504e+01,5.1350e+00,6.6458e-02
1.0600e+03,2.8660e-01,1.6853e+01,1.2504e+01,5.1424e+00,6.6568e-02
1.0700e+03,2.7927e-01,1.6846e+01,1.2504e+01,5.1497e+00,6.6676e-02
1.0800e+03,2.7213e-01,1.6839e+01,1.2504e+01,5.1567e+00,6.6780e-02
1.0900e+03,2.6517e-01,1.6832e+01,1.2504e+01,5.1636e+00,6.6882e-02
1.1000e+03,2.5839e-01,1.6826e+01,1.2504e+01,5.1702e+00,6.6981e-02
1.1100e+03,2.5179e-01,1.6819e+01,1.2504e+01,5.1767e+00,6.7078e-02
1.1200e+03,2.4537e-01,1.6813e+01,1.2504e+01,5.1831e+00,6.7172e-02
1.1300e+03,2.3910e-01,1.6807e+01,1.2504e+01,5.1892e+00,6.7264e-02
1.1400e+03,2.3300e-01,1.6801e+01,1.2504e+01,5.1953e+00,6.7353e-02
1.1500e+03,2.2706e-01,1.6795e+01,1.2504e+01,5.2011e+00,6.7440e-02
1.1600e+03,2.2127e-01,1.6789e+01,1.2504e+01,5.2068e+00,6.7525e-02
1.1700e+03,2.1563e-01,1.6783e+01,1.2504e+01,5.2124e+00,6.7608e-02
1.1800e+03,2.1013e-01,1.6778e+01,1.2504e+01,5.2178e+00,6.7689e-02
1.1900e+03,2.0478e-01,1.6773e+01,1.2504e+01,5.2231e+00,6.7767e-02
1.2000e+03,1.9956e-01,1.6768e+01,1.2504e+01,5.2282e+00,6.7844e-02
1.2100e+03,1.9448e-01,1.6763e+01,1.2504e+01,5.2332e+00,6.7918e-02
1.2200e+03,1.8953e-01,1.6758e+01,1.2504e+01,5.2381e+00,6.7991e-02
1.2300e+03,1.8471e-01,1.6753e+01,1.2504e+01,5.2428e+00,6.8062e-02
1.2400e+03,1.8001e-01,1.6748e+01,1.2504e+01,5.2475e+00,6.8131e-02
1.2500e+03,1.7543e-01,1.6744e+01,1.2504e+01,5.2520e+00,6.8199e-02
1.2600e+03,1.7097e-01,1.6739e+01,1.2504e+01,5.2564e+00,6.8264e-02
1.2700e+03,1.6662e-01,1.6735e+01,1.2504e+01,5.2607e+00,6.8328e-02
1.2800e+03,1.6239e-01,1.6731e+01,1.2504e+01,5.2648e+00,6.8390e-02
1.2900e+03,1.5826e-01,1.6727e+01,1.2504e+01,5.2689e+00,6.8451e-02
1.3000e+03,1.5424e-01,1.6723e+01,1.2504e+01,5.2729e+00,6.8510e-02
1.3100e+03,1.5032e-01,1.6719e+01,1.2504e+01,5.2767e+00,6.8568e-02
1.3200e+03,1.4651e-01,1.6715e+01,1.2504e+01,5.2805e+00,6.8624e-02
1.3300e+03,1.4279e-01,1.6712e+01,1.2504e+01,5.2841e+00,6.8679e-02
1.3400e+03,1.3916e-01,1.6708e+01,1.2504e+01,5.2877e+00,6.8733e-02
1.3500e+03,1.3563e-01,1.6705e+01,1.2504e+01,5.2912e+00,6.8785e-02
1.3600e+03,1.3219e-01,1.6701e+01,1.2504e+01,5.2946e+00,6.8836e-02
1.3700e+03,1.2884e-01,1.6698e+01,1.2504e+01,5.2979e+00,6.8885e-02
1.3800e+03,1.2557e-01,1.6695e+01,1.2504e+01,5.3011e+00,6.8933e-02
1.3900e+03,1.2238e-01,1.6692e+01,1.2504e+01,5.3042e+00,6.8980e-02
1.4000e+03,1.1928e-01,1.6688e+01,1.2504e+01,5.3073e+00,6.9026e-02
1.4100e+03,1.1626e-01,1.6685e+01,1.2504e+01,5.3103e+00,6.9071e-02
1.4200e+03,1.1331e-01,1.6683e+01,1.2504e+01,5.3132e+00,6.9114e-02
1.4300e+03,1.1044e-01,1.6680e+01,1.2504e+01,5.3160e+00,6.9157e-02
1.4400e+03,1.0764e-01,1.6677e+01,1.2504e+01,5.3188e+00,6.9198e-02
1.4500e+03,1.0491e-01,1.6674e+01,1.2504e+01,5.3215e+00,6.9238e-02
1.4600e+03,1.0225e-01,1.6672e+01,1.2504e+01,5.3241e+00,6.9277e-02
1.4700e+03,9.9664e-02,1.6669e+01,1.2504e+01,5.3266e+00,6.9316e-02
1.4800e+03,9.7140e-02,1.6667e+01,1.2504e+01,5.3291e+00,6.9353e-02
1.4900e+03,9.4680e-02,1.6664e+01,1.2504e+01,5.3315e+00,6.9389e-02
1.5000e+03,9.2283e-02,1.6662e+01,1.2504e+01,5.3339e+00,6.9425e-02
1.5100e+03,8.9946e-02,1.6660e+01,1.2504e+01,5.3362e+00,6.9459e-02
1.5200e+03,8.7670e-02,1.6657e+01,1.2504e+01,5.3384e+00,6.9493e-02
1.5300e+03,8.5451e-02,1.6655e+01,1.2504e+01,5.3406e+00,6.9526e-02
1.5400e+03,8.3288e-02,1.6653e+01,1.2504e+01,5.3428e+00,6.9558e-02
1.5500e+03,8.1181e-02,1.6651e+01,1.2504e+01,5.3448e+00,6.9589e-02
1.5600e+03,7.9127e-02,1.6649e+01,1.2504e+01,5.3469e+00,6.9619e-02
1.5700e+03,7.7125e-02,1.6647e+01,1.2504e+01,5.3488e+00,6.9649e-02
1.5800e+03,7.5174e-02,1.6645e+01,1.2504e+01,5.3508e+00,6.9678e-02
1.5900e+03,7.3273e-02,1.6643e+01,1.2504e+01,5.3526e+00,6.9706e-02
1.6000e+03,7.1420e-02,1.6641e+01,1.2504e+01,5.3545e+00,6.9733e-02
1.6100e+03,6.9614e-02,1.6639e+01,1.2504e+01,5.3562e+00,6.9760e-02
1.6200e+03,6.7854e-02,1.6638e+01,1.2504e+01,5.3580e+00,6.9786e-02
1.6300e+03,6.6138e-02,1.6636e+01,1.2504e+01,5.3597e+00,6.9812e-02
1.6400e+03,6.4466e-02,1.6634e+01,1.2504e+01,5.3613e+00,6.9836e-02
1.6500e+03,6.2837e-02,1.6633e+01,1.2504e+01,5.3629e+00,6.9860e-02
1.6600e+03,6.1249e-02,1.6631e+01,1.2504e+01,5.3645e+00,6.9884e-02
1.6700e+03,5.9701e-02,1.6630e+01,1.2504e+01,5.3660e+00,6.9907e-02
1.6800e+03,5.8192e-02,1.6628e+01,1.2504e+01,5.3675e+00,6.9929e-02
1.6900e+03,5.6722e-02,1.6627e+01,1.2504e+01,5.3689e+00,6.9951e-02
1.7000e+03,5.5288e-02,1.6625e+01,1.2504e+01,5.3703e+00,6.9972e-02
1.7100e+03,5.3892e-02,1.6624e+01,1.2504e+01,5.3717e+00,6.9993e-02
1.7200e+03,5.2530e-02,1.6623e+01,1.2504e+01,5.3731e+00,7.0013e-02
1.7300e+03,5.1203e-02,1.6621e+01,1.2504e+01,5.3744e+00,7.0033e-02
1.7400e+03,4.9910e-02,1.6620e+01,1.2504e+01,5.3756e+00,7.0052e-02
1.7500e+03,4.8649e-02,1.6619e+01,1.2504e+01,5.3769e+00,7.0071e-02
1.7600e+03,4.7421e-02,1.6618e+01,1.2504e+01,5.3781e+00,7.0089e-02
1.7700e+03,4.6223e-02,1.6616e+01,1.2504e+01,5.3793e+00,7.0107e-02
1.7800e+03,4.5056e-02,1.6615e+01,1.2504e+01,5.3804e+00,7.0124e-02
1.7900e+03,4.3918e-02,1.6614e+01,1.2504e+01,5.3815e+00,7.0141e-02
1.8000e+03,4.2809e-02,1.6613e+01,1.2504e+01,5.3826e+00,7.0157e-02
1.8100e+03,4.1728e-02,1.6612e+01,1.2504e+01,5.3837e+00,7.0173e-02
1.8200e+03,4.0675e-02,1.6611e+01,1.2504e+01,5.3847e+00,7.0189e-02
1.8300e+03,3.9648e-02,1.6610e+01,1.2504e+01,5.3858e+00,7.0204e-02
1.8400e+03,3.8647e-02,1.6609e+01,1.2504e+01,5.3867e+00,7.0219e-02
1.8500e+03,3.7672e-02,1.6608e+01,1.2504e+01,5.3877e+00,7.0233e-02
1.8600e+03,3.6721e-02,1.6607e+01,1.2504e+01,5.3886e+00,7.0247e-02
1.8700e+03,3.5794e-02,1.6606e+01,1.2504e+01,5.3896e+00,7.0261e-02
1.8800e+03,3.4890e-02,1.6605e+01,1.2504e+01,5.3904e+00,7.0275e-02
1.8900e+03,3.4010e-02,1.6604e+01,1.2504e+01,5.3913e+00,7.0288e-02
1.9000e+03,3.3152e-02,1.6604e+01,1.2504e+01,5.3922e+00,7.0300e-02
1.9100e+03,3.2315e-02,1.6603e+01,1.2504e+01,5.3930e+00,7.0313e-02
1.9200e+03,3.1500e-02,1.6602e+01,1.2504e+01,5.3938e+00,7.0325e-02
1.9300e+03,3.0705e-02,1.6601e+01,1.2504e+01,5.3946e+00,7.0337e-02
1.9400e+03,2.9930e-02,1.6600e+01,1.2504e+01,5.3953e+00,7.0348e-02
1.9500e+03,2.9175e-02,1.6600e+01,1.2504e+01,5.3961e+00,7.0359e-02
1.9600e+03,2.8439e-02,1.6599e+01,1.2504e+01,5.3968e+00,7.0370e-02
1.9700e+03,2.7721e-02,1.6598e+01,1.2504e+01,5.3975e+00,7.0381e-02
1.9800e+03,2.7022e-02,1.6597e+01,1.2504e+01,5.3982e+00,7.0391e-02
1.9900e+03,2.6340e-02,1.6597e+01,1.2504e+01,5.3989e+00,7.0401e-02
2.0000e+03,2.5676e-02,1.6596e+01,1.2504e+01,5.3995e+00,7.0411e-02
2.0100e+03,2.5028e-02,1.6596e+01,1.2504e+01,5.4002e+00,7.0421e-02
2.0200e+03,2.4397e-02,1.6595e+01,1.2504e+01,5.4008e+00,7.0430e-02
2.0300e+03,2.3782e-02,1.6594e+01,1.2504e+01,5.4014e+00,7.0439e-02
2.0400e+03,2.3182e-02,1.6594e+01,1.2504e+01,5.4020e+00,7.0448e-02
2.0500e+03,2.2597e-02,1.6593e+01,1.2504e+01,5.4026e+00,7.0457e-02
2.0600e+03,2.2027e-02,1.6593e+01,1.2504e+01,5.4031e+00,7.0465e-02
2.0700e+03,2.1472e-02,1.6592e+01,1.2504e+01,5.4037e+00,7.0474e-02
2.0800e+03,2.0930e-02,1.6591e+01,1.2504e+01,5.4042e+00,7.0482e-02
2.0900e+03,2.0402e-02,1.6591e+01,1.2504e+01,5.4047e+00,7.0490e-02
2.1000e+03,1.9888e-02,1.6590e+01,1.2504e+01,5.4052e+00,7.0497e-02
2.1100e+03,1.9386e-02,1.6590e+01,1.2504e+01,5.4057e+00,7.0505e-02
2.1200e+03,1.8898e-02,1.6589e+01,1.2504e+01,5.4062e+00,7.0512e-02
2.1300e+03,1.8421e-02,1.6589e+01,1.2504e+01,5.4067e+00,7.0519e-02
2.1400e+03,1.7957e-02,1.6589e+01,1.2504e+01,5.4071e+00,7.0526e-02
2.1500e+03,1.7504e-02,1.6588e+01,1.2504e+01,5.4076e+00,7.0533e-02
2.1600e+03,1.7063e-02,1.6588e+01,1.2504e+01,5.4080e+00,7.0539e-02
2.1700e+03,1.6632e-02,1.6587e+01,1.2504e+01,5.4084e+00,7.0546e-02
2.1800e+03,1.6213e-02,1.6587e+01,1.2504e+01,5.4088e+00,7.0552e-02
2.1900e+03,1.5804e-02,1.6586e+01,1.2504e+01,5.4092e+00,7.0558e-02
2.2000e+03,1.5406e-02,1.6586e+01,1.2504e+01,5.4096e+00,7.0564e-02
2.2100e+03,1.5017e-02,1.6586e+01,1.2504e+01,5.4100e+00,7.0569e-02
2.2200e+03,1.4639e-02,1.6585e+01,1.2504e+01,5.4104e+00,7.0575e-02
2.2300e+03,1.4270e-02,1.6585e+01,1.2504e+01,5.4108e+00,7.0581e-02
2.2400e+03,1.3910e-02,1.6585e+01,1.2504e+01,5.4111e+00,7.0586e-02
2.2500e+03,1.3559e-02,1.6584e+01,1.2504e+01,5.4115e+00,7.0591e-02
2.2600e+03,1.3218e-02,1.6584e+01,1.2504e+01,5.4118e+00,7.0596e-02
2.2700e+03,1.2884e-02,1.6584e+01,1.2504e+01,5.4121e+00,7.0601e-02
2.2800e+03,1.2560e-02,1.6583e+01,1.2504e+01,5.4124e+00,7.0606e-02
2.2900e+03,1.2243e-02,1.6583e+01,1.2504e+01,5.4128e+00,7.0611e-02
2.3000e+03,1.1934e-02,1.6583e+01,1.2504e+01,5.4131e+00,7.0615e-02
2.3100e+03,1.1634e-02,1.6582e+01,1.2504e+01,5.4134e+00,7.0620e-02
2.3200e+03,1.1340e-02,1.6582e+01,1.2504e+01,5.4136e+00,7.0624e-02
2.3300e+03,1.1055e-02,1.6582e+01,1.2504e+01,5.4139e+00,7.0628e-02
2.3400e+03,1.0776e-02,1.6581e+01,1.2504e+01,5.4142e+00,7.0632e-02
2.3500e+03,1.0504e-02,1.6581e+01,1.2504e+01,5.4145e+00,7.0637e-02
2.3600e+03,1.0240e-02,1.6581e+01,1.2504e+01,5.4147e+00,7.0640e-02
2.3700e+03,9.9815e-03,1.6581e+01,1.2504e+01,5.4150e+00,7.0644e-02
2.3800e+03,9.7300e-03,1.6580e+01,1.2504e+01,5.4152e+00,7.0648e-02
2.3900e+03,9.4847e-03,1.6580e+01,1.2504e+01,5.4155e+00,7.0652e-02
2.4000e+03,9.2457e-03,1.6580e+01,1.2504e+01,5.4157e+00,7.0655e-02
2.4100e+03,9.0127e-03,1.6580e+01,1.2504e+01,5.4159e+00,7.0659e-02
2.4200e+03,8.7856e-03,1.6580e+01,1.2504e+01,5.4162e+00,7.0662e-02
2.4300e+03,8.5641e-03,1.6579e+01,1.2504e+01,5.4164e+00,7.0665e-02
2.4400e+03,8.3483e-03,1.6579e+01,1.2504e+01,5.4166e+00,7.0669e-02
2.4500e+03,8.1379e-03,1.6579e+01,1.2504e+01,5.4168e+00,7.0672e-02
2.4600e+03,7.9329e-03,1.6579e+01,1.2504e+01,5.4170e+00,7.0675e-02
2.4700e+03,7.7329e-03,1.6578e+01,1.2504e+01,5.4172e+00,7.0678e-02
2.4800e+03,7.5381e-03,1.6578e+01,1.2504e+01,5.4174e+00,7.0681e-02
2.4900e+03,7.3481e-03,1.6578e+01,1.2504e+01,5.4176e+00,7.0683e-02
2.5000e+03,7.1629e-03,1.6578e+01,1.2504e+01,5.4178e+00,7.0686e-02
2.5100e+03,6.9824e-03,1.6578e+01,1.2504e+01,5.4179e+00,7.0689e-02
2.5200e+03,6.8065e-03,1.6578e+01,1.2504e+01,5.4181e+00,7.0691e-02
2.5300e+03,6.6350e-03,1.6577e+01,1.2504e+01,5.4183e+00,7.0694e-02
2.5400e+03,6.4678e-03,1.6577e+01,1.2504e+01,5.4184e+00,7.0696e-02
2.5500e+03,6.3048e-03,1.6577e+01,1.2504e+01,5.4186e+00,7.0699e-02
2.5600e+03,6.1459e-03,1.6577e+01,1.2504e+01,5.4188e+00,7.0701e-02
2.5700e+03,5.9911e-03,1.6577e+01,1.2504e+01,5.4189e+00,7.0704e-02
2.5800e+03,5.8401e-03,1.6577e+01,1.2504e+01,5.4191e+00,7.0706e-02
2.5900e+03,5.6930e-03,1.6576e+01,1.2504e+01,5.4192e+00,7.0708e-02
2.6000e+03,5.5495e-03,1.6576e+01,1.2504e+01,5.4193e+00,7.0710e-02
2.6100e+03,5.4097e-03,1.6576e+01,1.2504e+01,5.4195e+00,7.0712e-02
2.6200e+03,5.2734e-03,1.6576e+01,1.2504e+01,5.4196e+00,7.0714e-02
2.6300e+03,5.1405e-03,1.6576e+01,1.2504e+01,5.4197e+00,7.0716e-02
2.6400e+03,5.0110e-03,1.6576e+01,1.2504e+01,5.4199e+00,7.0718e-02
2.6500e+03,4.8847e-03,1.6576e+01,1.2504e+01,5.4200e+00,7.0720e-02
2.6600e+03,4.7616e-03,1.6576e+01,1.2504e+01,5.4201e+00,7.0722e-02
2.6700e+03,4.6417e-03,1.6575e+01,1.2504e+01,5.4202e+00,7.0724e-02
2.6800e+03,4.5247e-03,1.6575e+01,1.2504e+01,5.4204e+00,7.0725e-02
2.6900e+03,4.4107e-03,1.6575e+01,1.2504e+01,5.4205e+00,7.0727e-02
2.7000e+03,4.2996e-03,1.6575e+01,1.2504e+01,5.4206e+00,7.0729e-02
2.7100e+03,4.1913e-03,1.6575e+01,1.2504e+01,5.4207e+00,7.0730e-02
2.7200e+03,4.0857e-03,1.6575e+01,1.2504e+01,5.4208e+00,7.0732e-02
2.7300e+03,3.9827e-03,1.6575e+01,1.2504e+01,5.4209e+00,7.0733e-02
2.7400e+03,3.8824e-03,1.6575e+01,1.2504e+01,5.4210e+00,7.0735e-02
2.7500e+03,3.7846e-03,1.6575e+01,1.2504e+01,5.4211e+00,7.0736e-02
2.7600e+03,3.6892e-03,1.6574e+01,1.2504e+01,5.4212e+00,7.0738e-02
2.7700e+03,3.5963e-03,1.6574e+01,1.2504e+01,5.4213e+00,7.0739e-02
2.7800e+03,3.5057e-03,1.6574e+01,1.2504e+01,5.4214e+00,7.0740e-02
2.7900e+03,3.4173e-03,1.6574e+01,1.2504e+01,5.4214e+00,7.0742e-02
2.8000e+03,3.3312e-03,1.6574e+01,1.2504e+01,5.4215e+00,7.0743e-02
2.8100e+03,3.2473e-03,1.6574e+01,1.2504e+01,5.4216e+00,7.0744e-02
2.8200e+03,3.1655e-03,1.6574e+01,1.2504e+01,5.4217e+00,7.0746e-02
2.8300e+03,3.0857e-03,1.6574e+01,1.2504e+01,5.4218e+00,7.0747e-02
2.8400e+03,3.0080e-03,1.6574e+01,1.2504e+01,5.4218e+00,7.0748e-02
2.8500e+03,2.9322e-03,1.6574e+01,1.2504e+01,5.4219e+00,7.0749e-02
2.8600e+03,2.8584e-03,1.6574e+01,1.2504e+01,5.4220e+00,7.0750e-02
2.8700e+03,2.7863e-03,1.6574e+01,1.2504e+01,5.4221e+00,7.0751e-02
2.8800e+03,2.7161e-03,1.6574e+01,1.2504e+01,5.4221e+00,7.0752e-02
2.8900e+03,2.6477e-03,1.6573e+01,1.2504e+01,5.4222e+00,7.0753e-02
2.9000e+03,2.5810e-03,1.6573e+01,1.2504e+01,5.4223e+00,7.0754e-02
2.9100e+03,2.5160e-03,1.6573e+01,1.2504e+01,5.4223e+00,7.0755e-02
2.9200e+03,2.4526e-03,1.6573e+01,1.2504e+01,5.4224e+00,7.0756e-02
2.9300e+03,2.3908e-03,1.6573e+01,1.2504e+01,5.4225e+00,7.0757e-02
2.9400e+03,2.3306e-03,1.6573e+01,1.2504e+01,5.4225e+00,7.0758e-02
2.9500e+03,2.2719e-03,1.6573e+01,1.2504e+01,5.4226e+00,7.0759e-02
2.9600e+03,2.2146e-03,1.6573e+01,1.2504e+01,5.4226e+00,7.0760e-02
2.9700e+03,2.1588e-03,1.6573e+01,1.2504e+01,5.4227e+00,7.0761e-02
2.9800e+03,2.1045e-03,1.6573e+01,1.2504e+01,5.4227e+00,7.0761e-02
2.9900e+03,2.0514e-03,1.6573e+01,1.2504e+01,5.4228e+00,7.0762e-02
3.0000e+03,1.9998e-03,1.6573e+01,1.2504e+01,5.4228e+00,7.0763e-02
