t,[L2M],[D],[L],[L2MD],[L2Ms]
0.0000e+00,5.5000e+00,2.2000e+01,1.7500e+01,0.0000e+00,0.0000e+00
1.0000e+01,5.3662e+00,2.1871e+01,1.7503e+01,1.2921e-01,1.4726e-03
2.0000e+01,5.2390e+00,2.1745e+01,1.7503e+01,2.5493e-01,2.9138e-03
3.0000e+01,5.1155e+00,2.1623e+01,1.7503e+01,3.7702e-01,4.3214e-03
4.0000e+01,4.9956e+00,2.1504e+01,1.7503e+01,4.9560e-01,5.6962e-03
5.0000e+01,4.8790e+00,2.1389e+01,1.7503e+01,6.1081e-01,7.0393e-03
6.0000e+01,4.7657e+00,2.1277e+01,1.7503e+01,7.2277e-01,8.3513e-03
7.0000e+01,4.6556e+00,2.1168e+01,1.7503e+01,8.3160e-01,9.6333e-03
8.0000e+01,4.5486e+00,2.1062e+01,1.7503e+01,9.3741e-01,1.0886e-02
9.0000e+01,4.4444e+00,2.0959e+01,1.7503e+01,1.0403e+00,1.2110e-02
1.0000e+02,4.3432e+00,2.0859e+01,1.7503e+01,1.1404e+00,1.3307e-02
1.1000e+02,4.2446e+00,2.0761e+01,1.7503e+01,1.2377e+00,1.4477e-02
1.2000e+02,4.1488e+00,2.0667e+01,1.7503e+01,1.3325e+00,1.5620e-02
1.3000e+02,4.0554e+00,2.0574e+01,1.7503e+01,1.4247e+00,1.6738e-02
1.4000e+02,3.9646e+00,2.0485e+01,1.7503e+01,1.5144e+00,1.7831e-02
1.5000e+02,3.8761e+00,2.0397e+01,1.7503e+01,1.6018e+00,1.8900e-02
1.6000e+02,3.7900e+00,2.0312e+01,1.7503e+01,1.6869e+00,1.9945e-02
1.7000e+02,3.7061e+00,2.0229e+01,1.7503e+01,1.7698e+00,2.0967e-02
1.8000e+02,3.6244e+00,2.0148e+01,1.7503e+01,1.8505e+00,2.1967e-02
1.9000e+02,3.5447e+00,2.0070e+01,1.7503e+01,1.9292e+00,2.2944e-02
2.0000e+02,3.4671e+00,1.9993e+01,1.7503e+01,2.0058e+00,2.3901e-02
2.1000e+02,3.3915e+00,1.9918e+01,1.7503e+01,2.0805e+00,2.4837e-02
2.2000e+02,3.3178e+00,1.9845e+01,1.7503e+01,2.1534e+00,2.5753e-02
2.3000e+02,3.2459e+00,1.9774e+01,1.7503e+01,2.2243e+00,2.6648e-02
2.4000e+02,3.1758e+00,1.9705e+01,1.7503e+01,2.2936e+00,2.7525e-02
2.5000e+02,3.1074e+00,1.9638e+01,1.7503e+01,2.3611e+00,2.8383e-02
2.6000e+02,3.0407e+00,1.9572e+01,1.7503e+01,2.4269e+00,2.9223e-02
2.7000e+02,2.9757e+00,1.9507e+01,1.7503e+01,2.4911e+00,3.0044e-02
2.8000e+02,2.9122e+00,1.9445e+01,1.7503e+01,2.5538e+00,3.0849e-02
2.9000e+02,2.8503e+00,1.9384e+01,1.7503e+01,2.6149e+00,3.1636e-02
3.0000e+02,2.7899e+00,1.9324e+01,1.7503e+01,2.6746e+00,3.2406e-02
3.1000e+02,2.7309e+00,1.9266e+01,1.7503e+01,2.7328e+00,3.3161e-02
3.2000e+02,2.6733e+00,1.9209e+01,1.7503e+01,2.7896e+00,3.3899e-02
3.3000e+02,2.6171e+00,1.9153e+01,1.7503e+01,2.8451e+00,3.4622e-02
3.4000e+02,2.5623e+00,1.9099e+01,1.7503e+01,2.8993e+00,3.5330e-02
3.5000e+02,2.5087e+00,1.9046e+01,1.7503e+01,2.9522e+00,3.6024e-02
3.6000e+02,2.4563e+00,1.8994e+01,1.7503e+01,3.0038e+00,3.6703e-02
3.7000e+02,2.4052e+00,1.8944e+01,1.7503e+01,3.0543e+00,3.7367e-02
3.8000e+02,2.3553e+00,1.8895e+01,1.7503e+01,3.1035e+00,3.8018e-02
3.9000e+02,2.3065e+00,1.8846e+01,1.7503e+01,3.1517e+00,3.8656e-02
4.0000e+02,2.2589e+00,1.8799e+01,1.7503e+01,3.1987e+00,3.9281e-02
4.1000e+02,2.2123e+00,1.8753e+01,1.7503e+01,3.2446e+00,3.9892e-02
4.2000e+02,2.1669e+00,1.8709e+01,1.7503e+01,3.2895e+00,4.0491e-02
4.3000e+02,2.1224e+00,1.8665e+01,1.7503e+01,3.3334e+00,4.1078e-02
4.4000e+02,2.0790e+00,1.8622e+01,1.7503e+01,3.3763e+00,4.1653e-02
4.5000e+02,2.0365e+00,1.8580e+01,1.7503e+01,3.4182e+00,4.2217e-02
4.6000e+02,1.9950e+00,1.8539e+01,1.7503e+01,3.4591e+00,4.2768e-02
4.7000e+02,1.9544e+00,1.8499e+01,1.7503e+01,3.4992e+00,4.3309e-02
4.8000e+02,1.9147e+00,1.8460e+01,1.7503e+01,3.5383e+00,4.3839e-02
4.9000e+02,1.8759e+00,1.8421e+01,1.7503e+01,3.5766e+00,4.4357e-02
5.0000e+02,1.8380e+00,1.8384e+01,1.7503e+01,3.6140e+00,4.4866e-02
5.1000e+02,1.8009e+00,1.8347e+01,1.7503e+01,3.6506e+00,4.5364e-02
5.2000e+02,1.7646e+00,1.8311e+01,1.7503e+01,3.6864e+00,4.5852e-02
5.3000e+02,1.7291e+00,1.8276e+01,1.7503e+01,3.7214e+00,4.6331e-02
5.4000e+02,1.6944e+00,1.8242e+01,1.7503e+01,3.7557e+00,4.6800e-02
5.5000e+02,1.6604e+00,1.8209e+01,1.7503e+01,3.7892e+00,4.7259e-02
5.6000e+02,1.6272e+00,1.8176e+01,1.7503e+01,3.8220e+00,4.7710e-02
5.7000e+02,1.5947e+00,1.8144e+01,1.7503e+01,3.8540e+00,4.8151e-02
5.8000e+02,1.5629e+00,1.8112e+01,1.7503e+01,3.8854e+00,4.8584e-02
5.9000e+02,1.5318e+00,1.8082e+01,1.7503e+01,3.9161e+00,4.9008e-02
6.0000e+02,1.5013e+00,1.8052e+01,1.7503e+01,3.9461e+00,4.9423e-02
6.1000e+02,1.4715e+00,1.8022e+01,1.7503e+01,3.9755e+00,4.9831e-02
6.2000e+02,1.4424e+00,1.7993e+01,1.7503e+01,4.0043e+00,5.0230e-02
6.3000e+02,1.4138e+00,1.7965e+01,1.7503e+01,4.0324e+00,5.0621e-02
6.4000e+02,1.3859e+00,1.7938e+01,1.7503e+01,4.0600e+00,5.1005e-02
6.5000e+02,1.3585e+00,1.7911e+01,1.7503e+01,4.0869e+00,5.1381e-02
6.6000e+02,1.3318e+00,1.7884e+01,1.7503e+01,4.1133e+00,5.1750e-02
6.7000e+02,1.3056e+00,1.7858e+01,1.7503e+01,4.1392e+00,5.2111e-02
6.8000e+02,1.2799e+00,1.7833e+01,1.7503e+01,4.1645e+00,5.2466e-02
6.9000e+02,1.2548e+00,1.7808e+01,1.7503e+01,4.1892e+00,5.2813e-02
7.0000e+02,1.2302e+00,1.7784e+01,1.7503e+01,4.2135e+00,5.3154e-02
7.1000e+02,1.2061e+00,1.7760e+01,1.7503e+01,4.2372e+00,5.3488e-02
7.2000e+02,1.1825e+00,1.7737e+01,1.7503e+01,4.2605e+00,5.3816e-02
7.3000e+02,1.1595e+00,1.7714e+01,1.7503e+01,4.2833e+00,5.4137e-02
7.4000e+02,1.1368e+00,1.7692e+01,1.7503e+01,4.3056e+00,5.4452e-02
7.5000e+02,1.1147e+00,1.7670e+01,1.7503e+01,4.3274e+00,5.4760e-02
7.6000e+02,1.0930e+00,1.7649e+01,1.7503e+01,4.3488e+00,5.5063e-02
7.7000e+02,1.0718e+00,1.7628e+01,1.7503e+01,4.3697e+00,5.5360e-02
7.8000e+02,1.0510e+00,1.7607e+01,1.7503e+01,4.3902e+00,5.5651e-02
7.9000e+02,1.0306e+00,1.7587e+01,1.7503e+01,4.4103e+00,5.5937e-02
8.0000e+02,1.0106e+00,1.7567e+01,1.7503e+01,4.4300e+00,5.6217e-02
8.1000e+02,9.9105e-01,1.7548e+01,1.7503e+01,4.4493e+00,5.6491e-02
8.2000e+02,9.7189e-01,1.7529e+01,1.7503e+01,4.4682e+00,5.6760e-02
8.3000e+02,9.5312e-01,1.7511e+01,1.7503e+01,4.4867e+00,5.7025e-02
8.4000e+02,9.3473e-01,1.7493e+01,1.7503e+01,4.5048e+00,5.7284e-02
8.5000e+02,9.1672e-01,1.7475e+01,1.7503e+01,4.5226e+00,5.7538e-02
8.6000e+02,8.9906e-01,1.7457e+01,1.7503e+01,4.5400e+00,5.7787e-02
8.7000e+02,8.8176e-01,1.7440e+01,1.7503e+01,4.5571e+00,5.8031e-02
8.8000e+02,8.6481e-01,1.7424e+01,1.7503e+01,4.5738e+00,5.8271e-02
8.9000e+02,8.4821e-01,1.7407e+01,1.7503e+01,4.5901e+00,5.8506e-02
9.0000e+02,8.3193e-01,1.7391e+01,1.7503e+01,4.6062e+00,5.8736e-02
9.1000e+02,8.1598e-01,1.7375e+01,1.7503e+01,4.6219e+00,5.8962e-02
9.2000e+02,8.0035e-01,1.7360e+01,1.7503e+01,4.6373e+00,5.9184e-02
9.3000e+02,7.8503e-01,1.7345e+01,1.7503e+01,4.6524e+00,5.9402e-02
9.4000e+02,7.7002e-01,1.7330e+01,1.7503e+01,4.6672e+00,5.9615e-02
9.5000e+02,7.5530e-01,1.7316e+01,1.7503e+01,4.6817e+00,5.9824e-02
9.6000e+02,7.4088e-01,1.7301e+01,1.7503e+01,4.6959e+00,6.0030e-02
9.7000e+02,7.2674e-01,1.7287e+01,1.7503e+01,4.7099e+00,6.0231e-02
9.8000e+02,7.1289e-01,1.7274e+01,1.7503e+01,4.7235e+00,6.0429e-02
9.9000e+02,6.9931e-01,1.7260e+01,1.7503e+01,4.7369e+00,6.0623e-02
1.0000e+03,6.8599e-01,1.7247e+01,1.7503e+01,4.7501e+00,6.0813e-02
1.0100e+03,6.7294e-01,1.7234e+01,1.7503e+01,4.7629e+00,6.0999e-02
1.0200e+03,6.6015e-01,1.7222e+01,1.7503e+01,4.7755e+00,6.1182e-02
1.0300e+03,6.4761e-01,1.7209e+01,1.7503e+01,4.7879e+00,6.1362e-02
1.0400e+03,6.3531e-01,1.7197e+01,1.7503e+01,4.8000e+00,6.1538e-02
1.0500e+03,6.2326e-01,1.7185e+01,1.7503e+01,4.8119e+00,6.1711e-02
1.0600e+03,6.1144e-01,1.7174e+01,1.7503e+01,4.8235e+00,6.1880e-02
1.0700e+03,5.9985e-01,1.7162e+01,1.7503e+01,4.8350e+00,6.2047e-02
1.0800e+03,5.8850e-01,1.7151e+01,1.7503e+01,4.8462e+00,6.2210e-02
1.0900e+03,5.7736e-01,1.7140e+01,1.7503e+01,4.8571e+00,6.2370e-02
1.1000e+03,5.6644e-01,1.7129e+01,1.7503e+01,4.8679e+00,6.2527e-02
1.1100e+03,5.5573e-01,1.7119e+01,1.7503e+01,4.8784e+00,6.2681e-02
1.1200e+03,5.4523e-01,1.7108e+01,1.7503e+01,4.8888e+00,6.2832e-02
1.1300e+03,5.3494e-01,1.7098e+01,1.7503e+01,4.8989e+00,6.2980e-02
1.1400e+03,5.2484e-01,1.7088e+01,1.7503e+01,4.9089e+00,6.3126e-02
1.1500e+03,5.1494e-01,1.7079e+01,1.7503e+01,4.9186e+00,6.3269e-02
1.1600e+03,5.0523e-01,1.7069e+01,1.7503e+01,4.9282e+00,6.3409e-02
1.1700e+03,4.9571e-01,1.7060e+01,1.7503e+01,4.9376e+00,6.3546e-02
1.1800e+03,4.8638e-01,1.7050e+01,1.7503e+01,4.9468e+00,6.3681e-02
1.1900e+03,4.7722e-01,1.7041e+01,1.7503e+01,4.9558e+00,6.3813e-02
1.2000e+03,4.6825e-01,1.7032e+01,1.7503e+01,4.9647e+00,6.3943e-02
1.2100e+03,4.5944e-01,1.7024e+01,1.7503e+01,4.9733e+00,6.4071e-02
1.2200e+03,4.5081e-01,1.7015e+01,1.7503e+01,4.9819e+00,6.4196e-02
1.2300e+03,4.4234e-01,1.7007e+01,1.7503e+01,4.9902e+00,6.4318e-02
1.2400e+03,4.3403e-01,1.6999e+01,1.7503e+01,4.9984e+00,6.4439e-02
1.2500e+03,4.2588e-01,1.6991e+01,1.7503e+01,5.0064e+00,6.4557e-02
1.2600e+03,4.1789e-01,1.6983e+01,1.7503e+01,5.0143e+00,6.4673e-02
1.2700e+03,4.1006e-01,1.6975e+01,1.7503e+01,5.0220e+00,6.4786e-02
1.2800e+03,4.0237e-01,1.6968e+01,1.7503e+01,5.0296e+00,6.4898e-02
1.2900e+03,3.9483e-01,1.6960e+01,1.7503e+01,5.0370e+00,6.5007e-02
1.3000e+03,3.8744e-01,1.6953e+01,1.7503e+01,5.0443e+00,6.5115e-02
1.3100e+03,3.8018e-01,1.6946e+01,1.7503e+01,5.0515e+00,6.5220e-02
1.3200e+03,3.7307e-01,1.6939e+01,1.7503e+01,5.0585e+00,6.5324e-02
1.3300e+03,3.6609e-01,1.6932e+01,1.7503e+01,5.0653e+00,6.5425e-02
1.3400e+03,3.5924e-01,1.6925e+01,1.7503e+01,5.0721e+00,6.5525e-02
1.3500e+03,3.5253e-01,1.6918e+01,1.7503e+01,5.0787e+00,6.5623e-02
1.3600e+03,3.4594e-01,1.6912e+01,1.7503e+01,5.0852e+00,6.5719e-02
1.3700e+03,3.3948e-01,1.6906e+01,1.7503e+01,5.0916e+00,6.5813e-02
1.3800e+03,3.3314e-01,1.6899e+01,1.7503e+01,5.0978e+00,6.5905e-02
1.3900e+03,3.2692e-01,1.6893e+01,1.7503e+01,5.1039e+00,6.5996e-02
1.4000e+03,3.2082e-01,1.6887e+01,1.7503e+01,5.1100e+00,6.6085e-02
1.4100e+03,3.1483e-01,1.6881e+01,1.7503e+01,5.1159e+00,6.6172e-02
1.4200e+03,3.0896e-01,1.6875e+01,1.7503e+01,5.1216e+00,6.6258e-02
1.4300e+03,3.0320e-01,1.6870e+01,1.7503e+01,5.1273e+00,6.6342e-02
1.4400e+03,2.9755e-01,1.6864e+01,1.7503e+01,5.1329e+00,6.6425e-02
1.4500e+03,2.9201e-01,1.6859e+01,1.7503e+01,5.1383e+00,6.6506e-02
1.4600e+03,2.8657e-01,1.6853e+01,1.7503e+01,5.1437e+00,6.6585e-02
1.4700e+03,2.8123e-01,1.6848e+01,1.7503e+01,5.1490e+00,6.6663e-02
1.4800e+03,2.7600e-01,1.6843e+01,1.7503e+01,5.1541e+00,6.6740e-02
1.4900e+03,2.7086e-01,1.6838e+01,1.7503e+01,5.1592e+00,6.6815e-02
1.5000e+03,2.6582e-01,1.6833e+01,1.7503e+01,5.1641e+00,6.6888e-02
1.5100e+03,2.6088e-01,1.6828e+01,1.7503e+01,5.1690e+00,6.6961e-02
1.5200e+03,2.5603e-01,1.6823e+01,1.7503e+01,5.1738e+00,6.7032e-02
1.5300e+03,2.5127e-01,1.6819e+01,1.7503e+01,5.1785e+00,6.7102e-02
1.5400e+03,2.4660e-01,1.6814e+01,1.7503e+01,5.1831e+00,6.7170e-02
1.5500e+03,2.4202e-01,1.6809e+01,1.7503e+01,5.1876e+00,6.7237e-02
1.5600e+03,2.3752e-01,1.6805e+01,1.7503e+01,5.1920e+00,6.7303e-02
1.5700e+03,2.3311e-01,1.6801e+01,1.7503e+01,5.1964e+00,6.7368e-02
1.5800e+03,2.2878e-01,1.6796e+01,1.7503e+01,5.2006e+00,6.7431e-02
1.5900e+03,2.2454e-01,1.6792e+01,1.7503e+01,5.2048e+00,6.7493e-02
1.6000e+03,2.2037e-01,1.6788e+01,1.7503e+01,5.2089e+00,6.7554e-02
1.6100e+03,2.1628e-01,1.6784e+01,1.7503e+01,5.2130e+00,6.7614e-02
1.6200e+03,2.1227e-01,1.6780e+01,1.7503e+01,5.2169e+00,6.7673e-02
1.6300e+03,2.0833e-01,1.6776e+01,1.7503e+01,5.2208e+00,6.7731e-02
1.6400e+03,2.0447e-01,1.6772e+01,1.7503e+01,5.2246e+00,6.7788e-02
1.6500e+03,2.0068e-01,1.6769e+01,1.7503e+01,5.2283e+00,6.7844e-02
1.6600e+03,1.9696e-01,1.6765e+01,1.7503e+01,5.2320e+00,6.7898e-02
1.6700e+03,1.9331e-01,1.6761e+01,1.7503e+01,5.2356e+00,6.7952e-02
1.6800e+03,1.8973e-01,1.6758e+01,1.7503e+01,5.2391e+00,6.8004e-02
1.6900e+03,1.8622e-01,1.6754e+01,1.7503e+01,5.2426e+00,6.8056e-02
1.7000e+03,1.8277e-01,1.6751e+01,1.7503e+01,5.2460e+00,6.8107e-02
1.7100e+03,1.7938e-01,1.6748e+01,1.7503e+01,5.2493e+00,6.8157e-02
1.7200e+03,1.7606e-01,1.6744e+01,1.7503e+01,5.2526e+00,6.8205e-02
1.7300e+03,1.7281e-01,1.6741e+01,1.7503e+01,5.2558e+00,6.8253e-02
1.7400e+03,1.6961e-01,1.6738e+01,1.7503e+01,5.2590e+00,6.8300e-02
1.7500e+03,1.6647e-01,1.6735e+01,1.7503e+01,5.2620e+00,6.8347e-02
1.7600e+03,1.6339e-01,1.6732e+01,1.7503e+01,5.2651e+00,6.8392e-02
1.7700e+03,1.6037e-01,1.6729e+01,1.7503e+01,5.2681e+00,6.8436e-02
1.7800e+03,1.5740e-01,1.6726e+01,1.7503e+01,5.2710e+00,6.8480e-02
1.7900e+03,1.5449e-01,1.6723e+01,1.7503e+01,5.2738e+00,6.8523e-02
1.8000e+03,1.5164e-01,1.6720e+01,1.7503e+01,5.2767e+00,6.8565e-02
1.8100e+03,1.4883e-01,1.6718e+01,1.7503e+01,5.2794e+00,6.8606e-02
1.8200e+03,1.4608e-01,1.6715e+01,1.7503e+01,5.2821e+00,6.8647e-02
1.8300e+03,1.4338e-01,1.6712e+01,1.7503e+01,5.2848e+00,6.8687e-02
1.8400e+03,1.4074e-01,1.6710e+01,1.7503e+01,5.2874e+00,6.8726e-02
1.8500e+03,1.3814e-01,1.6707e+01,1.7503e+01,5.2900e+00,6.8764e-02
1.8600e+03,1.3558e-01,1.6704e+01,1.7503e+01,5.2925e+00,6.8802e-02
1.8700e+03,1.3308e-01,1.6702e+01,1.7503e+01,5.2949e+00,6.8839e-02
1.8800e+03,1.3062e-01,1.6700e+01,1.7503e+01,5.2974e+00,6.8875e-02
1.8900e+03,1.2821e-01,1.6697e+01,1.7503e+01,5.2997e+00,6.8910e-02
1.9000e+03,1.2584e-01,1.6695e+01,1.7503e+01,5.3021e+00,6.8945e-02
1.9100e+03,1.2352e-01,1.6693e+01,1.7503e+01,5.3044e+00,6.8980e-02
1.9200e+03,1.2124e-01,1.6690e+01,1.7503e+01,5.3066e+00,6.9013e-02
1.9300e+03,1.1901e-01,1.6688e+01,1.7503e+01,5.3088e+00,6.9046e-02
1.9400e+03,1.1681e-01,1.6686e+01,1.7503e+01,5.3110e+00,6.9079e-02
1.9500e+03,1.1465e-01,1.6684e+01,1.7503e+01,5.3131e+00,6.9110e-02
1.9600e+03,1.1254e-01,1.6682e+01,1.7503e+01,5.3152e+00,6.9142e-02
1.9700e+03,1.1046e-01,1.6680e+01,1.7503e+01,5.3172e+00,6.9172e-02
1.9800e+03,1.0843e-01,1.6678e+01,1.7503e+01,5.3192e+00,6.9202e-02
1.9900e+03,1.0643e-01,1.6676e+01,1.7503e+01,5.3212e+00,6.9232e-02
2.0000e+03,1.0447e-01,1.6674e+01,1.7503e+01,5.3231e+00,6.9261e-02
2.0100e+03,1.0254e-01,1.6672e+01,1.7503e+01,5.3250e+00,6.9289e-02
2.0200e+03,1.0065e-01,1.6670e+01,1.7503e+01,5.3269e+00,6.9317e-02
2.0300e+03,9.8795e-02,1.6668e+01,1.7503e+01,5.3287e+00,6.9345e-02
2.0400e+03,9.6974e-02,1.6666e+01,1.7503e+01,5.3305e+00,6.9372e-02
2.0500e+03,9.5187e-02,1.6665e+01,1.7503e+01,5.3323e+00,6.9398e-02
2.0600e+03,9.3433e-02,1.6663e+01,1.7503e+01,5.3340e+00,6.9424e-02
2.0700e+03,9.1712e-02,1.6661e+01,1.7503e+01,5.3357e+00,6.9449e-02
2.0800e+03,9.0022e-02,1.6660e+01,1.7503e+01,5.3374e+00,6.9474e-02
2.0900e+03,8.8364e-02,1.6658e+01,1.7503e+01,5.3390e+00,6.9499e-02
2.1000e+03,8.6736e-02,1.6656e+01,1.7503e+01,5.3406e+00,6.9523e-02
2.1100e+03,8.5139e-02,1.6655e+01,1.7503e+01,5.3422e+00,6.9547e-02
2.1200e+03,8.3571e-02,1.6653e+01,1.7503e+01,5.3437e+00,6.9570e-02
2.1300e+03,8.2032e-02,1.6652e+01,1.7503e+01,5.3452e+00,6.9593e-02
2.1400e+03,8.0522e-02,1.6650e+01,1.7503e+01,5.3467e+00,6.9615e-02
2.1500e+03,7.9039e-02,1.6649e+01,1.7503e+01,5.3482e+00,6.9637e-02
2.1600e+03,7.7584e-02,1.6647e+01,1.7503e+01,5.3496e+00,6.9658e-02
2.1700e+03,7.6156e-02,1.6646e+01,1.7503e+01,5.3510e+00,6.9679e-02
2.1800e+03,7.4754e-02,1.6645e+01,1.7503e+01,5.3524e+00,6.9700e-02
2.1900e+03,7.3378e-02,1.6643e+01,1.7503e+01,5.3538e+00,6.9721e-02
2.2000e+03,7.2028e-02,1.6642e+01,1.7503e+01,5.3551e+00,6.9741e-02
2.2100e+03,7.0702e-02,1.6641e+01,1.7503e+01,5.3564e+00,6.9760e-02
2.2200e+03,6.9401e-02,1.6639e+01,1.7503e+01,5.3577e+00,6.9779e-02
2.2300e+03,6.8124e-02,1.6638e+01,1.7503e+01,5.3589e+00,6.9798e-02
2.2400e+03,6.6871e-02,1.6637e+01,1.7503e+01,5.3602e+00,6.9817e-02
2.2500e+03,6.5641e-02,1.6636e+01,1.7503e+01,5.3614e+00,6.9835e-02
2.2600e+03,6.4433e-02,1.6634e+01,1.7503e+01,5.3626e+00,6.9853e-02
2.2700e+03,6.3248e-02,1.6633e+01,1.7503e+01,5.3637e+00,6.9870e-02
2.2800e+03,6.2085e-02,1.6632e+01,1.7503e+01,5.3649e+00,6.9888e-02
2.2900e+03,6.0943e-02,1.6631e+01,1.7503e+01,5.3660e+00,6.9905e-02
2.3000e+03,5.9822e-02,1.6630e+01,1.7503e+01,5.3671e+00,6.9921e-02
2.3100e+03,5.8722e-02,1.6629e+01,1.7503e+01,5.3682e+00,6.9938e-02
2.3200e+03,5.7642e-02,1.6628e+01,1.7503e+01,5.3693e+00,6.9954e-02
2.3300e+03,5.6582e-02,1.6627e+01,1.7503e+01,5.3703e+00,6.9969e-02
2.3400e+03,5.5542e-02,1.6626e+01,1.7503e+01,5.3713e+00,6.9985e-02
2.3500e+03,5.4521e-02,1.6625e+01,1.7503e+01,5.3723e+00,7.0000e-02
2.3600e+03,5.3518e-02,1.6624e+01,1.7503e+01,5.3733e+00,7.0015e-02
2.3700e+03,5.2534e-02,1.6623e+01,1.7503e+01,5.3743e+00,7.0029e-02
2.3800e+03,5.1569e-02,1.6622e+01,1.7503e+01,5.3752e+00,7.0044e-02
2.3900e+03,5.0621e-02,1.6621e+01,1.7503e+01,5.3762e+00,7.0058e-02
2.4000e+03,4.9690e-02,1.6620e+01,1.7503e+01,5.3771e+00,7.0071e-02
2.4100e+03,4.8777e-02,1.6619e+01,1.7503e+01,5.3780e+00,7.0085e-02
2.4200e+03,4.7881e-02,1.6618e+01,1.7503e+01,5.3789e+00,7.0098e-02
2.4300e+03,4.7001e-02,1.6617e+01,1.7503e+01,5.3797e+00,7.0111e-02
2.4400e+03,4.6137e-02,1.6616e+01,1.7503e+01,5.3806e+00,7.0124e-02
2.4500e+03,4.5289e-02,1.6615e+01,1.7503e+01,5.3814e+00,7.0137e-02
2.4600e+03,4.4457e-02,1.6615e+01,1.7503e+01,5.3823e+00,7.0149e-02
2.4700e+03,4.3640e-02,1.6614e+01,1.7503e+01,5.3831e+00,7.0161e-02
2.4800e+03,4.2838e-02,1.6613e+01,1.7503e+01,5.3838e+00,7.0173e-02
2.4900e+03,4.2051e-02,1.6612e+01,1.7503e+01,5.3846e+00,7.0185e-02
2.5000e+03,4.1279e-02,1.6612e+01,1.7503e+01,5.3854e+00,7.0196e-02
2.5100e+03,4.0520e-02,1.6611e+01,1.7503e+01,5.3861e+00,7.0207e-02
2.5200e+03,3.9776e-02,1.6610e+01,1.7503e+01,5.3869e+00,7.0218e-02
2.5300e+03,3.9045e-02,1.6609e+01,1.7503e+01,5.3876e+00,7.0229e-02
2.5400e+03,3.8328e-02,1.6609e+01,1.7503e+01,5.3883e+00,7.0240e-02
2.5500e+03,3.7624e-02,1.6608e+01,1.7503e+01,5.3890e+00,7.0250e-02
2.5600e+03,3.6933e-02,1.6607e+01,1.7503e+01,5.3897e+00,7.0260e-02
2.5700e+03,3.6255e-02,1.6607e+01,1.7503e+01,5.3903e+00,7.0271e-02
2.5800e+03,3.5589e-02,1.6606e+01,1.7503e+01,5.3910e+00,7.0280e-02
2.5900e+03,3.4935e-02,1.6605e+01,1.7503e+01,5.3916e+00,7.0290e-02
2.6000e+03,3.4294e-02,1.6605e+01,1.7503e+01,5.3923e+00,7.0300e-02
2.6100e+03,3.3664e-02,1.6604e+01,1.7503e+01,5.3929e+00,7.0309e-02
2.6200e+03,3.3046e-02,1.6603e+01,1.7503e+01,5.3935e+00,7.0318e-02
2.6300e+03,3.2439e-02,1.6603e+01,1.7503e+01,5.3941e+00,7.0327e-02
2.6400e+03,3.1843e-02,1.6602e+01,1.7503e+01,5.3947e+00,7.0336e-02
2.6500e+03,3.1259e-02,1.6602e+01,1.7503e+01,5.3953e+00,7.0345e-02
2.6600e+03,3.0685e-02,1.6601e+01,1.7503e+01,5.3958e+00,7.0353e-02
2.6700e+03,3.0121e-02,1.6601e+01,1.7503e+01,5.3964e+00,7.0362e-02
2.6800e+03,2.9568e-02,1.6600e+01,1.7503e+01,5.3969e+00,7.0370e-02
2.6900e+03,2.9025e-02,1.6599e+01,1.7503e+01,5.3975e+00,7.0378e-02
2.7000e+03,2.8493e-02,1.6599e+01,1.7503e+01,5.3980e+00,7.0386e-02
2.7100e+03,2.7969e-02,1.6598e+01,1.7503e+01,5.3985e+00,7.0393e-02
2.7200e+03,2.7456e-02,1.6598e+01,1.7503e+01,5.3990e+00,7.0401e-02
2.7300e+03,2.6952e-02,1.6597e+01,1.7503e+01,5.3995e+00,7.0409e-02
2.7400e+03,2.6457e-02,1.6597e+01,1.7503e+01,5.4000e+00,7.0416e-02
2.7500e+03,2.5972e-02,1.6596e+01,1.7503e+01,5.4005e+00,7.0423e-02
2.7600e+03,2.5495e-02,1.6596e+01,1.7503e+01,5.4009e+00,7.0430e-02
2.7700e+03,2.5027e-02,1.6596e+01,1.7503e+01,5.4014e+00,7.0437e-02
2.7800e+03,2.4568e-02,1.6595e+01,1.7503e+01,5.4018e+00,7.0444e-02
2.7900e+03,2.4117e-02,1.6595e+01,1.7503e+01,5.4023e+00,7.0451e-02
2.8000e+03,2.3674e-02,1.6594e+01,1.7503e+01,5.4027e+00,7.0457e-02
2.8100e+03,2.3239e-02,1.6594e+01,1.7503e+01,5.4032e+00,7.0464e-02
2.8200e+03,2.2813e-02,1.6593e+01,1.7503e+01,5.4036e+00,7.0470e-02
2.8300e+03,2.2394e-02,1.6593e+01,1.7503e+01,5.4040e+00,7.0476e-02
2.8400e+03,2.1983e-02,1.6593e+01,1.7503e+01,5.4044e+00,7.0482e-02
2.8500e+03,2.1580e-02,1.6592e+01,1.7503e+01,5.4048e+00,7.0488e-02
2.8600e+03,2.1184e-02,1.6592e+01,1.7503e+01,5.4052e+00,7.0494e-02
2.8700e+03,2.0795e-02,1.6591e+01,1.7503e+01,5.4056e+00,7.0500e-02
2.8800e+03,2.0414e-02,1.6591e+01,1.7503e+01,5.4059e+00,7.0506e-02
2.8900e+03,2.0039e-02,1.6591e+01,1.7503e+01,5.4063e+00,7.0511e-02
2.9000e+03,1.9671e-02,1.6590e+01,1.7503e+01,5.4067e+00,7.0517e-02
2.9100e+03,1.9310e-02,1.6590e+01,1.7503e+01,5.4070e+00,7.0522e-02
2.9200e+03,1.8956e-02,1.6590e+01,1.7503e+01,5.4074e+00,7.0527e-02
2.9300e+03,1.8608e-02,1.6589e+01,1.7503e+01,5.4077e+00,7.0532e-02
2.9400e+03,1.8267e-02,1.6589e+01,1.7503e+01,5.4081e+00,7.0537e-02
2.9500e+03,1.7932e-02,1.6589e+01,1.7503e+01,5.4084e+00,7.0542e-02
2.9600e+03,1.7603e-02,1.6588e+01,1.7503e+01,5.4087e+00,7.0547e-02
2.9700e+03,1.7280e-02,1.6588e+01,1.7503e+01,5.4090e+00,7.0552e-02
2.9800e+03,1.6963e-02,1.6588e+01,1.7503e+01,5.4093e+00,7.0557e-02
2.9900e+03,1.6651e-02,1.6587e+01,1.7503e+01,5.4096e+00,7.0561e-02
3.0000e+03,1.6346e-02,1.6587e+01,1.7503e+01,5.4099e+00,7.0566e-02
3.0100e+03,1.6046e-02,1.6587e+01,1.7503e+01,5.4102e+00,7.0570e-02
3.0200e+03,1.5752e-02,1.6586e+01,1.7503e+01,5.4105e+00,7.0575e-02
3.0300e+03,1.5463e-02,1.6586e+01,1.7503e+01,5.4108e+00,7.0579e-02
3.0400e+03,1.5179e-02,1.6586e+01,1.7503e+01,5.4111e+00,7.0583e-02
3.0500e+03,1.4901e-02,1.6586e+01,1.7503e+01,5.4114e+00,7.0587e-02
3.0600e+03,1.4627e-02,1.6585e+01,1.7503e+01,5.4116e+00,7.0591e-02
3.0700e+03,1.4359e-02,1.6585e+01,1.7503e+01,5.4119e+00,7.0595e-02
3.0800e+03,1.4096e-02,1.6585e+01,1.7503e+01,5.4122e+00,7.0599e-02
3.0900e+03,1.3837e-02,1.6584e+01,1.7503e+01,5.4124e+00,7.0603e-02
3.1000e+03,1.3583e-02,1.6584e+01,1.7503e+01,5.4127e+00,7.0607e-02
3.1100e+03,1.3334e-02,1.6584e+01,1.7503e+01,5.4129e+00,7.0611e-02
3.1200e+03,1.3089e-02,1.6584e+01,1.7503e+01,5.4132e+00,7.0614e-02
3.1300e+03,1.2849e-02,1.6584e+01,1.7503e+01,5.4134e+00,7.0618e-02
3.1400e+03,1.2614e-02,1.6583e+01,1.7503e+01,5.4136e+00,7.0621e-02
3.1500e+03,1.2382e-02,1.6583e+01,1.7503e+01,5.4139e+00,7.0625e-02
3.1600e+03,1.2155e-02,1.6583e+01,1.7503e+01,5.4141e+00,7.0628e-02
3.1700e+03,1.1932e-02,1.6583e+01,1.7503e+01,5.4143e+00,7.0632e-02
3.1800e+03,1.1713e-02,1.6582e+01,1.7503e+01,5.4145e+00,7.0635e-02
3.1900e+03,1.1499e-02,1.6582e+01,1.7503e+01,5.4147e+00,7.0638e-02
3.2000e+03,1.1288e-02,1.6582e+01,1.7503e+01,5.4149e+00,7.0641e-02
3.2100e+03,1.1081e-02,1.6582e+01,1.7503e+01,5.4151e+00,7.0644e-02
3.2200e+03,1.0877e-02,1.6582e+01,1.7503e+01,5.4153e+00,7.0647e-02
3.2300e+03,1.0678e-02,1.6581e+01,1.7503e+01,5.4155e+00,7.0650e-02
3.2400e+03,1.0482e-02,1.6581e+01,1.7503e+01,5.4157e+00,7.0653e-02
3.2500e+03,1.0290e-02,1.6581e+01,1.7503e+01,5.4159e+00,7.0656e-02
3.2600e+03,1.0101e-02,1.6581e+01,1.7503e+01,5.4161e+00,7.0659e-02
3.2700e+03,9.9159e-03,1.6581e+01,1.7503e+01,5.4163e+00,7.0661e-02
3.2800e+03,9.7340e-03,1.6580e+01,1.7503e+01,5.4165e+00,7.0664e-02
3.2900e+03,9.5555e-03,1.6580e+01,1.7503e+01,5.4166e+00,7.0667e-02
3.3000e+03,9.3803e-03,1.6580e+01,1.7503e+01,5.4168e+00,7.0669e-02
3.3100e+03,9.2082e-03,1.6580e+01,1.7503e+01,5.4170e+00,7.0672e-02
3.3200e+03,9.0394e-03,1.6580e+01,1.7503e+01,5.4171e+00,7.0674e-02
3.3300e+03,8.8736e-03,1.6580e+01,1.7503e+01,5.4173e+00,7.0677e-02
3.3400e+03,8.7109e-03,1.6579e+01,1.7503e+01,5.4175e+00,7.0679e-02
3.3500e+03,8.5511e-03,1.6579e+01,1.7503e+01,5.4176e+00,7.0682e-02
3.3600e+03,8.3943e-03,1.6579e+01,1.7503e+01,5.4178e+00,7.0684e-02
3.3700e+03,8.2404e-03,1.6579e+01,1.7503e+01,5.4179e+00,7.0686e-02
3.3800e+03,8.0893e-03,1.6579e+01,1.7503e+01,5.4181e+00,7.0689e-02
3.3900e+03,7.9410e-03,1.6579e+01,1.7503e+01,5.4182e+00,7.0691e-02
3.4000e+03,7.7953e-03,1.6579e+01,1.7503e+01,5.4184e+00,7.0693e-02
3.4100e+03,7.6524e-03,1.6578e+01,1.7503e+01,5.4185e+00,7.0695e-02
3.4200e+03,7.5121e-03,1.6578e+01,1.7503e+01,5.4187e+00,7.0697e-02
3.4300e+03,7.3743e-03,1.6578e+01,1.7503e+01,5.4188e+00,7.0699e-02
3.4400e+03,7.2391e-03,1.6578e+01,1.7503e+01,5.4189e+00,7.0701e-02
3.4500e+03,7.1064e-03,1.6578e+01,1.7503e+01,5.4190e+00,7.0703e-02
3.4600e+03,6.9761e-03,1.6578e+01,1.7503e+01,5.4192e+00,7.0705e-02
3.4700e+03,6.8481e-03,1.6578e+01,1.7503e+01,5.4193e+00,7.0707e-02
3.4800e+03,6.7226e-03,1.6577e+01,1.7503e+01,5.4194e+00,7.0709e-02
3.4900e+03,6.5993e-03,1.6577e+01,1.7503e+01,5.4195e+00,7.0711e-02
3.5000e+03,6.4783e-03,1.6577e+01,1.7503e+01,5.4197e+00,7.0713e-02
3.5100e+03,6.3595e-03,1.6577e+01,1.7503e+01,5.4198e+00,7.0714e-02
3.5200e+03,6.2429e-03,1.6577e+01,1.7503e+01,5.4199e+00,7.0716e-02
3.5300e+03,6.1285e-03,1.6577e+01,1.7503e+01,5.4200e+00,7.0718e-02
3.5400e+03,6.0161e-03,1.6577e+01,1.7503e+01,5.4201e+00,7.0719e-02
3.5500e+03,5.9058e-03,1.6577e+01,1.7503e+01,5.4202e+00,7.0721e-02
3.5600e+03,5.7975e-03,1.6577e+01,1.7503e+01,5.4203e+00,7.0723e-02
3.5700e+03,5.6912e-03,1.6576e+01,1.7503e+01,5.4204e+00,7.0724e-02
3.5800e+03,5.5868e-03,1.6576e+01,1.7503e+01,5.4205e+00,7.0726e-02
3.5900e+03,5.4844e-03,1.6576e+01,1.7503e+01,5.4206e+00,7.0727e-02
3.6000e+03,5.3839e-03,1.6576e+01,1.7503e+01,5.4207e+00,7.0729e-02
3.6100e+03,5.2851e-03,1.6576e+01,1.7503e+01,5.4208e+00,7.0730e-02
3.6200e+03,5.1882e-03,1.6576e+01,1.7503e+01,5.4209e+00,7.0732e-02
3.6300e+03,5.0931e-03,1.6576e+01,1.7503e+01,5.4210e+00,7.0733e-02
3.6400e+03,4.9997e-03,1.6576e+01,1.7503e+01,5.4211e+00,7.0734e-02
3.6500e+03,4.9081e-03,1.6576e+01,1.7503e+01,5.4212e+00,7.0736e-02
3.6600e+03,4.8181e-03,1.6576e+01,1.7503e+01,5.4213e+00,7.0737e-02
3.6700e+03,4.7298e-03,1.6576e+01,1.7503e+01,5.4214e+00,7.0739e-02
3.6800e+03,4.6430e-03,1.6575e+01,1.7503e+01,5.4215e+00,7.0740e-02
3.6900e+03,4.5579e-03,1.6575e+01,1.7503e+01,5.4216e+00,7.0741e-02
3.7000e+03,4.4744e-03,1.6575e+01,1.7503e+01,5.4216e+00,7.0742e-02
3.7100e+03,4.3923e-03,1.6575e+01,1.7503e+01,5.4217e+00,7.0744e-02
3.7200e+03,4.3118e-03,1.6575e+01,1.7503e+01,5.4218e+00,7.0745e-02
3.7300e+03,4.2327e-03,1.6575e+01,1.7503e+01,5.4219e+00,7.0746e-02
3.7400e+03,4.1551e-03,1.6575e+01,1.7503e+01,5.4220e+00,7.0747e-02
3.7500e+03,4.0790e-03,1.6575e+01,1.7503e+01,5.4220e+00,7.0748e-02
3.7600e+03,4.0042e-03,1.6575e+01,1.7503e+01,5.4221e+00,7.0749e-02
3.7700e+03,3.9308e-03,1.6575e+01,1.7503e+01,5.4222e+00,7.0750e-02
3.7800e+03,3.8587e-03,1.6575e+01,1.7503e+01,5.4222e+00,7.0751e-02
3.7900e+03,3.7880e-03,1.6575e+01,1.7503e+01,5.4223e+00,7.0752e-02
3.8000e+03,3.7185e-03,1.6575e+01,1.7503e+01,5.4224e+00,7.0754e-02
3.8100e+03,3.6504e-03,1.6574e+01,1.7503e+01,5.4225e+00,7.0755e-02
3.8200e+03,3.5834e-03,1.6574e+01,1.7503e+01,5.4225e+00,7.0756e-02
3.8300e+03,3.5177e-03,1.6574e+01,1.7503e+01,5.4226e+00,7.0757e-02
3.8400e+03,3.4532e-03,1.6574e+01,1.7503e+01,5.4226e+00,7.0757e-02
3.8500e+03,3.3899e-03,1.6574e+01,1.7503e+01,5.4227e+00,7.0758e-02
3.8600e+03,3.3278e-03,1.6574e+01,1.7503e+01,5.4228e+00,7.0759e-02
3.8700e+03,3.2668e-03,1.6574e+01,1.7503e+01,5.4228e+00,7.0760e-02
3.8800e+03,3.2069e-03,1.6574e+01,1.7503e+01,5.4229e+00,7.0761e-02
3.8900e+03,3.1481e-03,1.6574e+01,1.7503e+01,5.4229e+00,7.0762e-02
3.9000e+03,3.0904e-03,1.6574e+01,1.7503e+01,5.4230e+00,7.0763e-02
3.9100e+03,3.0337e-03,1.6574e+01,1.7503e+01,5.4231e+00,7.0764e-02
3.9200e+03,2.9781e-03,1.6574e+01,1.7503e+01,5.4231e+00,7.0765e-02
3.9300e+03,2.9235e-03,1.6574e+01,1.7503e+01,5.4232e+00,7.0765e-02
3.9400e+03,2.8699e-03,1.6574e+01,1.7503e+01,5.4232e+00,7.0766e-02
3.9500e+03,2.8173e-03,1.6574e+01,1.7503e+01,5.4233e+00,7.0767e-02
3.9600e+03,2.7657e-03,1.6574e+01,1.7503e+01,5.4233e+00,7.0768e-02
