t,[L2M],[D],[L],[L2MD],[L2Ms]
0.0000e+00,1.5000e+00,1.5000e+00,2.5000e+00,0.0000e+00,0.0000e+00
1.0000e+01,1.4744e+00,1.4829e+00,2.5060e+00,1.6856e-02,2.8253e-03
2.0000e+01,1.4548e+00,1.4662e+00,2.5060e+00,3.3568e-02,5.6585e-03
3.0000e+01,1.4357e+00,1.4498e+00,2.5060e+00,4.9878e-02,8.4550e-03
4.0000e+01,1.4170e+00,1.4338e+00,2.5060e+00,6.5801e-02,1.1216e-02
5.0000e+01,1.3987e+00,1.4182e+00,2.5060e+00,8.1348e-02,1.3941e-02
6.0000e+01,1.3809e+00,1.4030e+00,2.5060e+00,9.6534e-02,1.6632e-02
7.0000e+01,1.3634e+00,1.3881e+00,2.5060e+00,1.1137e-01,1.9290e-02
8.0000e+01,1.3463e+00,1.3735e+00,2.5060e+00,1.2587e-01,2.1914e-02
9.0000e+01,1.3295e+00,1.3593e+00,2.5060e+00,1.4004e-01,2.4507e-02
1.0000e+02,1.3131e+00,1.3454e+00,2.5060e+00,1.5389e-01,2.7067e-02
1.1000e+02,1.2970e+00,1.3318e+00,2.5060e+00,1.6744e-01,2.9597e-02
1.2000e+02,1.2813e+00,1.3185e+00,2.5060e+00,1.8069e-01,3.2097e-02
1.3000e+02,1.2658e+00,1.3055e+00,2.5060e+00,1.9365e-01,3.4567e-02
1.4000e+02,1.2507e+00,1.2927e+00,2.5060e+00,2.0633e-01,3.7007e-02
1.5000e+02,1.2359e+00,1.2803e+00,2.5060e+00,2.1875e-01,3.9419e-02
1.6000e+02,1.2213e+00,1.2681e+00,2.5060e+00,2.3090e-01,4.1803e-02
1.7000e+02,1.2071e+00,1.2561e+00,2.5060e+00,2.4280e-01,4.4160e-02
1.8000e+02,1.1931e+00,1.2444e+00,2.5060e+00,2.5445e-01,4.6489e-02
1.9000e+02,1.1794e+00,1.2330e+00,2.5060e+00,2.6586e-01,4.8793e-02
2.0000e+02,1.1659e+00,1.2218e+00,2.5060e+00,2.7704e-01,5.1070e-02
2.1000e+02,1.1527e+00,1.2108e+00,2.5060e+00,2.8799e-01,5.3321e-02
2.2000e+02,1.1398e+00,1.2000e+00,2.5060e+00,2.9873e-01,5.5548e-02
2.3000e+02,1.1270e+00,1.1894e+00,2.5060e+00,3.0925e-01,5.7750e-02
2.4000e+02,1.1145e+00,1.1791e+00,2.5060e+00,3.1957e-01,5.9928e-02
2.5000e+02,1.1023e+00,1.1689e+00,2.5060e+00,3.2969e-01,6.2082e-02
2.6000e+02,1.0902e+00,1.1590e+00,2.5060e+00,3.3961e-01,6.4213e-02
2.7000e+02,1.0784e+00,1.1492e+00,2.5060e+00,3.4934e-01,6.6321e-02
2.8000e+02,1.0667e+00,1.1396e+00,2.5060e+00,3.5889e-01,6.8406e-02
2.9000e+02,1.0553e+00,1.1302e+00,2.5060e+00,3.6826e-01,7.0469e-02
3.0000e+02,1.0441e+00,1.1210e+00,2.5060e+00,3.7745e-01,7.2511e-02
3.1000e+02,1.0330e+00,1.1119e+00,2.5060e+00,3.8647e-01,7.4531e-02
3.2000e+02,1.0222e+00,1.1030e+00,2.5060e+00,3.9533e-01,7.6530e-02
3.3000e+02,1.0115e+00,1.0943e+00,2.5060e+00,4.0402e-01,7.8509e-02
3.4000e+02,1.0010e+00,1.0857e+00,2.5060e+00,4.1256e-01,8.0467e-02
3.5000e+02,9.9069e-01,1.0773e+00,2.5060e+00,4.2095e-01,8.2405e-02
3.6000e+02,9.8053e-01,1.0690e+00,2.5060e+00,4.2918e-01,8.4324e-02
3.7000e+02,9.7054e-01,1.0609e+00,2.5060e+00,4.3727e-01,8.6223e-02
3.8000e+02,9.6071e-01,1.0529e+00,2.5060e+00,4.4522e-01,8.8103e-02
3.9000e+02,9.5104e-01,1.0451e+00,2.5060e+00,4.5303e-01,8.9964e-02
4.0000e+02,9.4152e-01,1.0374e+00,2.5060e+00,4.6071e-01,9.1807e-02
4.1000e+02,9.3215e-01,1.0298e+00,2.5060e+00,4.6825e-01,9.3632e-02
4.2000e+02,9.2293e-01,1.0224e+00,2.5060e+00,4.7567e-01,9.5439e-02
4.3000e+02,9.1385e-01,1.0151e+00,2.5060e+00,4.8296e-01,9.7228e-02
4.4000e+02,9.0491e-01,1.0079e+00,2.5060e+00,4.9013e-01,9.8999e-02
4.5000e+02,8.9611e-01,1.0008e+00,2.5060e+00,4.9718e-01,1.0075e-01
4.6000e+02,8.8744e-01,9.9382e-01,2.5060e+00,5.0411e-01,1.0249e-01
4.7000e+02,8.7889e-01,9.8698e-01,2.5060e+00,5.1093e-01,1.0421e-01
4.8000e+02,8.7048e-01,9.8024e-01,2.5060e+00,5.1764e-01,1.0592e-01
4.9000e+02,8.6219e-01,9.7362e-01,2.5060e+00,5.2424e-01,1.0761e-01
5.0000e+02,8.5403e-01,9.6710e-01,2.5060e+00,5.3073e-01,1.0928e-01
5.1000e+02,8.4598e-01,9.6068e-01,2.5060e+00,5.3712e-01,1.1094e-01
5.2000e+02,8.3805e-01,9.5437e-01,2.5060e+00,5.4341e-01,1.1258e-01
5.3000e+02,8.3023e-01,9.4816e-01,2.5060e+00,5.4960e-01,1.1421e-01
5.4000e+02,8.2252e-01,9.4204e-01,2.5060e+00,5.5570e-01,1.1582e-01
5.5000e+02,8.1493e-01,9.3602e-01,2.5060e+00,5.6169e-01,1.1741e-01
5.6000e+02,8.0744e-01,9.3009e-01,2.5060e+00,5.6760e-01,1.1900e-01
5.7000e+02,8.0006e-01,9.2425e-01,2.5060e+00,5.7342e-01,1.2057e-01
5.8000e+02,7.9278e-01,9.1850e-01,2.5060e+00,5.7914e-01,1.2212e-01
5.9000e+02,7.8560e-01,9.1284e-01,2.5060e+00,5.8478e-01,1.2366e-01
6.0000e+02,7.7851e-01,9.0726e-01,2.5060e+00,5.9034e-01,1.2519e-01
6.1000e+02,7.7153e-01,9.0177e-01,2.5060e+00,5.9581e-01,1.2670e-01
6.2000e+02,7.6464e-01,8.9635e-01,2.5060e+00,6.0120e-01,1.2820e-01
6.3000e+02,7.5784e-01,8.9102e-01,2.5060e+00,6.0652e-01,1.2968e-01
6.4000e+02,7.5113e-01,8.8577e-01,2.5060e+00,6.1175e-01,1.3116e-01
6.5000e+02,7.4452e-01,8.8059e-01,2.5060e+00,6.1691e-01,1.3262e-01
6.6000e+02,7.3798e-01,8.7549e-01,2.5060e+00,6.2199e-01,1.3406e-01
6.7000e+02,7.3154e-01,8.7046e-01,2.5060e+00,6.2700e-01,1.3550e-01
6.8000e+02,7.2518e-01,8.6550e-01,2.5060e+00,6.3194e-01,1.3692e-01
6.9000e+02,7.1890e-01,8.6061e-01,2.5060e+00,6.3681e-01,1.3833e-01
7.0000e+02,7.1270e-01,8.5580e-01,2.5060e+00,6.4161e-01,1.3973e-01
7.1000e+02,7.0659e-01,8.5105e-01,2.5060e+00,6.4634e-01,1.4111e-01
7.2000e+02,7.0055e-01,8.4636e-01,2.5060e+00,6.5100e-01,1.4249e-01
7.3000e+02,6.9458e-01,8.4174e-01,2.5060e+00,6.5560e-01,1.4385e-01
7.4000e+02,6.8869e-01,8.3719e-01,2.5060e+00,6.6014e-01,1.4520e-01
7.5000e+02,6.8288e-01,8.3270e-01,2.5060e+00,6.6462e-01,1.4654e-01
7.6000e+02,6.7714e-01,8.2826e-01,2.5060e+00,6.6903e-01,1.4787e-01
7.7000e+02,6.7147e-01,8.2389e-01,2.5060e+00,6.7338e-01,1.4919e-01
7.8000e+02,6.6586e-01,8.1958e-01,2.5060e+00,6.7768e-01,1.5049e-01
7.9000e+02,6.6033e-01,8.1533e-01,2.5060e+00,6.8192e-01,1.5179e-01
8.0000e+02,6.5486e-01,8.1113e-01,2.5060e+00,6.8610e-01,1.5308e-01
8.1000e+02,6.4946e-01,8.0699e-01,2.5060e+00,6.9022e-01,1.5435e-01
8.2000e+02,6.4413e-01,8.0290e-01,2.5060e+00,6.9429e-01,1.5561e-01
8.3000e+02,6.3886e-01,7.9887e-01,2.5060e+00,6.9831e-01,1.5687e-01
8.4000e+02,6.3365e-01,7.9489e-01,2.5060e+00,7.0228e-01,1.5811e-01
8.5000e+02,6.2850e-01,7.9096e-01,2.5060e+00,7.0619e-01,1.5935e-01
8.6000e+02,6.2342e-01,7.8708e-01,2.5060e+00,7.1005e-01,1.6057e-01
8.7000e+02,6.1839e-01,7.8326e-01,2.5060e+00,7.1386e-01,1.6178e-01
8.8000e+02,6.1342e-01,7.7948e-01,2.5060e+00,7.1763e-01,1.6299e-01
8.9000e+02,6.0851e-01,7.7575e-01,2.5060e+00,7.2135e-01,1.6418e-01
9.0000e+02,6.0365e-01,7.7206e-01,2.5060e+00,7.2501e-01,1.6537e-01
9.1000e+02,5.9886e-01,7.6843e-01,2.5060e+00,7.2864e-01,1.6654e-01
9.2000e+02,5.9411e-01,7.6483e-01,2.5060e+00,7.3222e-01,1.6771e-01
9.3000e+02,5.8942e-01,7.6129e-01,2.5060e+00,7.3575e-01,1.6887e-01
9.4000e+02,5.8478e-01,7.5779e-01,2.5060e+00,7.3924e-01,1.7002e-01
9.5000e+02,5.8020e-01,7.5433e-01,2.5060e+00,7.4268e-01,1.7116e-01
9.6000e+02,5.7566e-01,7.5091e-01,2.5060e+00,7.4609e-01,1.7229e-01
9.7000e+02,5.7118e-01,7.4753e-01,2.5060e+00,7.4945e-01,1.7341e-01
9.8000e+02,5.6675e-01,7.4420e-01,2.5060e+00,7.5277e-01,1.7452e-01
9.9000e+02,5.6236e-01,7.4091e-01,2.5060e+00,7.5605e-01,1.7563e-01
1.0000e+03,5.5802e-01,7.3765e-01,2.5060e+00,7.5929e-01,1.7672e-01
1.0100e+03,5.5373e-01,7.3444e-01,2.5060e+00,7.6250e-01,1.7781e-01
1.0200e+03,5.4949e-01,7.3126e-01,2.5060e+00,7.6566e-01,1.7889e-01
1.0300e+03,5.4529e-01,7.2812e-01,2.5060e+00,7.6879e-01,1.7996e-01
1.0400e+03,5.4114e-01,7.2502e-01,2.5060e+00,7.7188e-01,1.8102e-01
1.0500e+03,5.3703e-01,7.2195e-01,2.5060e+00,7.7493e-01,1.8208e-01
1.0600e+03,5.3297e-01,7.1892e-01,2.5060e+00,7.7795e-01,1.8313e-01
1.0700e+03,5.2894e-01,7.1593e-01,2.5060e+00,7.8093e-01,1.8417e-01
1.0800e+03,5.2496e-01,7.1297e-01,2.5060e+00,7.8388e-01,1.8520e-01
1.0900e+03,5.2103e-01,7.1005e-01,2.5060e+00,7.8679e-01,1.8622e-01
1.1000e+03,5.1713e-01,7.0715e-01,2.5060e+00,7.8967e-01,1.8724e-01
1.1100e+03,5.1327e-01,7.0430e-01,2.5060e+00,7.9252e-01,1.8825e-01
1.1200e+03,5.0946e-01,7.0147e-01,2.5060e+00,7.9533e-01,1.8925e-01
1.1300e+03,5.0568e-01,6.9868e-01,2.5060e+00,7.9812e-01,1.9024e-01
1.1400e+03,5.0194e-01,6.9591e-01,2.5060e+00,8.0087e-01,1.9123e-01
1.1500e+03,4.9824e-01,6.9318e-01,2.5060e+00,8.0359e-01,1.9221e-01
1.1600e+03,4.9458e-01,6.9048e-01,2.5060e+00,8.0628e-01,1.9318e-01
1.1700e+03,4.9096e-01,6.8781e-01,2.5060e+00,8.0894e-01,1.9414e-01
1.1800e+03,4.8737e-01,6.8517e-01,2.5060e+00,8.1157e-01,1.9510e-01
1.1900e+03,4.8382e-01,6.8256e-01,2.5060e+00,8.1417e-01,1.9605e-01
1.2000e+03,4.8030e-01,6.7998e-01,2.5060e+00,8.1674e-01,1.9700e-01
1.2100e+03,4.7682e-01,6.7742e-01,2.5060e+00,8.1929e-01,1.9793e-01
1.2200e+03,4.7337e-01,6.7490e-01,2.5060e+00,8.2180e-01,1.9886e-01
1.2300e+03,4.6996e-01,6.7240e-01,2.5060e+00,8.2429e-01,1.9979e-01
1.2400e+03,4.6658e-01,6.6993e-01,2.5060e+00,8.2676e-01,2.0070e-01
1.2500e+03,4.6323e-01,6.6748e-01,2.5060e+00,8.2919e-01,2.0162e-01
1.2600e+03,4.5992e-01,6.6506e-01,2.5060e+00,8.3160e-01,2.0252e-01
1.2700e+03,4.5664e-01,6.6267e-01,2.5060e+00,8.3399e-01,2.0342e-01
1.2800e+03,4.5339e-01,6.6030e-01,2.5060e+00,8.3634e-01,2.0431e-01
1.2900e+03,4.5017e-01,6.5796e-01,2.5060e+00,8.3868e-01,2.0519e-01
1.3000e+03,4.4698e-01,6.5564e-01,2.5060e+00,8.4099e-01,2.0607e-01
1.3100e+03,4.4382e-01,6.5335e-01,2.5060e+00,8.4327e-01,2.0695e-01
1.3200e+03,4.4069e-01,6.5108e-01,2.5060e+00,8.4553e-01,2.0781e-01
1.3300e+03,4.3760e-01,6.4883e-01,2.5060e+00,8.4777e-01,2.0867e-01
1.3400e+03,4.3453e-01,6.4661e-01,2.5060e+00,8.4998e-01,2.0953e-01
1.3500e+03,4.3149e-01,6.4441e-01,2.5060e+00,8.5217e-01,2.1037e-01
1.3600e+03,4.2848e-01,6.4223e-01,2.5060e+00,8.5434e-01,2.1122e-01
1.3700e+03,4.2550e-01,6.4008e-01,2.5060e+00,8.5649e-01,2.1205e-01
1.3800e+03,4.2254e-01,6.3794e-01,2.5060e+00,8.5861e-01,2.1289e-01
1.3900e+03,4.1961e-01,6.3583e-01,2.5060e+00,8.6071e-01,2.1371e-01
1.4000e+03,4.1671e-01,6.3375e-01,2.5060e+00,8.6280e-01,2.1453e-01
1.4100e+03,4.1384e-01,6.3168e-01,2.5060e+00,8.6486e-01,2.1534e-01
1.4200e+03,4.1099e-01,6.2963e-01,2.5060e+00,8.6689e-01,2.1615e-01
1.4300e+03,4.0817e-01,6.2760e-01,2.5060e+00,8.6891e-01,2.1696e-01
1.4400e+03,4.0537e-01,6.2560e-01,2.5060e+00,8.7091e-01,2.1775e-01
1.4500e+03,4.0260e-01,6.2361e-01,2.5060e+00,8.7289e-01,2.1854e-01
1.4600e+03,3.9986e-01,6.2164e-01,2.5060e+00,8.7485e-01,2.1933e-01
1.4700e+03,3.9714e-01,6.1970e-01,2.5060e+00,8.7679e-01,2.2011e-01
1.4800e+03,3.9444e-01,6.1777e-01,2.5060e+00,8.7871e-01,2.2089e-01
1.4900e+03,3.9177e-01,6.1586e-01,2.5060e+00,8.8061e-01,2.2166e-01
1.5000e+03,3.8912e-01,6.1397e-01,2.5060e+00,8.8249e-01,2.2242e-01
1.5100e+03,3.8650e-01,6.1210e-01,2.5060e+00,8.8436e-01,2.2318e-01
1.5200e+03,3.8390e-01,6.1025e-01,2.5060e+00,8.8620e-01,2.2394e-01
1.5300e+03,3.8132e-01,6.0841e-01,2.5060e+00,8.8803e-01,2.2469e-01
1.5400e+03,3.7876e-01,6.0659e-01,2.5060e+00,8.8984e-01,2.2543e-01
1.5500e+03,3.7623e-01,6.0479e-01,2.5060e+00,8.9164e-01,2.2617e-01
1.5600e+03,3.7372e-01,6.0301e-01,2.5060e+00,8.9341e-01,2.2691e-01
1.5700e+03,3.7123e-01,6.0124e-01,2.5060e+00,8.9517e-01,2.2764e-01
1.5800e+03,3.6876e-01,5.9949e-01,2.5060e+00,8.9691e-01,2.2837e-01
1.5900e+03,3.6631e-01,5.9776e-01,2.5060e+00,8.9864e-01,2.2909e-01
1.6000e+03,3.6389e-01,5.9604e-01,2.5060e+00,9.0035e-01,2.2980e-01
1.6100e+03,3.6148e-01,5.9434e-01,2.5060e+00,9.0204e-01,2.3051e-01
1.6200e+03,3.5910e-01,5.9266e-01,2.5060e+00,9.0372e-01,2.3122e-01
1.6300e+03,3.5673e-01,5.9099e-01,2.5060e+00,9.0538e-01,2.3192e-01
1.6400e+03,3.5439e-01,5.8934e-01,2.5060e+00,9.0703e-01,2.3262e-01
1.6500e+03,3.5207e-01,5.8770e-01,2.5060e+00,9.0866e-01,2.3331e-01
1.6600e+03,3.4976e-01,5.8608e-01,2.5060e+00,9.1027e-01,2.3400e-01
1.6700e+03,3.4748e-01,5.8447e-01,2.5060e+00,9.1187e-01,2.3468e-01
1.6800e+03,3.4521e-01,5.8288e-01,2.5060e+00,9.1346e-01,2.3536e-01
1.6900e+03,3.4297e-01,5.8130e-01,2.5060e+00,9.1503e-01,2.3604e-01
1.7000e+03,3.4074e-01,5.7974e-01,2.5060e+00,9.1659e-01,2.3671e-01
1.7100e+03,3.3853e-01,5.7819e-01,2.5060e+00,9.1813e-01,2.3738e-01
1.7200e+03,3.3634e-01,5.7666e-01,2.5060e+00,9.1966e-01,2.3804e-01
1.7300e+03,3.3417e-01,5.7514e-01,2.5060e+00,9.2118e-01,2.3870e-01
1.7400e+03,3.3201e-01,5.7363e-01,2.5060e+00,9.2268e-01,2.3935e-01
1.7500e+03,3.2987e-01,5.7213e-01,2.5060e+00,9.2417e-01,2.4000e-01
1.7600e+03,3.2776e-01,5.7065e-01,2.5060e+00,9.2564e-01,2.4064e-01
1.7700e+03,3.2565e-01,5.6919e-01,2.5060e+00,9.2710e-01,2.4128e-01
1.7800e+03,3.2357e-01,5.6773e-01,2.5060e+00,9.2855e-01,2.4192e-01
1.7900e+03,3.2150e-01,5.6629e-01,2.5060e+00,9.2998e-01,2.4255e-01
1.8000e+03,3.1945e-01,5.6487e-01,2.5060e+00,9.3141e-01,2.4318e-01
1.8100e+03,3.1741e-01,5.6345e-01,2.5060e+00,9.3282e-01,2.4381e-01
1.8200e+03,3.1540e-01,5.6205e-01,2.5060e+00,9.3421e-01,2.4443e-01
1.8300e+03,3.1339e-01,5.6066e-01,2.5060e+00,9.3560e-01,2.4504e-01
1.8400e+03,3.1141e-01,5.5928e-01,2.5060e+00,9.3697e-01,2.4566e-01
1.8500e+03,3.0944e-01,5.5791e-01,2.5060e+00,9.3833e-01,2.4627e-01
1.8600e+03,3.0748e-01,5.5656e-01,2.5060e+00,9.3968e-01,2.4687e-01
1.8700e+03,3.0554e-01,5.5521e-01,2.5060e+00,9.4102e-01,2.4747e-01
1.8800e+03,3.0362e-01,5.5388e-01,2.5060e+00,9.4235e-01,2.4807e-01
1.8900e+03,3.0171e-01,5.5256e-01,2.5060e+00,9.4366e-01,2.4867e-01
1.9000e+03,2.9982e-01,5.5126e-01,2.5060e+00,9.4496e-01,2.4926e-01
1.9100e+03,2.9794e-01,5.4996e-01,2.5060e+00,9.4625e-01,2.4984e-01
1.9200e+03,2.9608e-01,5.4867e-01,2.5060e+00,9.4754e-01,2.5042e-01
1.9300e+03,2.9423e-01,5.4740e-01,2.5060e+00,9.4881e-01,2.5100e-01
1.9400e+03,2.9239e-01,5.4613e-01,2.5060e+00,9.5006e-01,2.5158e-01
1.9500e+03,2.9057e-01,5.4488e-01,2.5060e+00,9.5131e-01,2.5215e-01
1.9600e+03,2.8877e-01,5.4364e-01,2.5060e+00,9.5255e-01,2.5272e-01
1.9700e+03,2.8698e-01,5.4241e-01,2.5060e+00,9.5378e-01,2.5329e-01
1.9800e+03,2.8520e-01,5.4118e-01,2.5060e+00,9.5499e-01,2.5385e-01
1.9900e+03,2.8343e-01,5.3997e-01,2.5060e+00,9.5620e-01,2.5440e-01
2.0000e+03,2.8168e-01,5.3877e-01,2.5060e+00,9.5740e-01,2.5496e-01
2.0100e+03,2.7994e-01,5.3758e-01,2.5060e+00,9.5858e-01,2.5551e-01
2.0200e+03,2.7822e-01,5.3640e-01,2.5060e+00,9.5976e-01,2.5606e-01
2.0300e+03,2.7651e-01,5.3523e-01,2.5060e+00,9.6093e-01,2.5660e-01
2.0400e+03,2.7481e-01,5.3407e-01,2.5060e+00,9.6208e-01,2.5714e-01
2.0500e+03,2.7312e-01,5.3291e-01,2.5060e+00,9.6323e-01,2.5768e-01
2.0600e+03,2.7145e-01,5.3177e-01,2.5060e+00,9.6437e-01,2.5822e-01
2.0700e+03,2.6979e-01,5.3064e-01,2.5060e+00,9.6550e-01,2.5875e-01
2.0800e+03,2.6814e-01,5.2951e-01,2.5060e+00,9.6662e-01,2.5928e-01
2.0900e+03,2.6651e-01,5.2840e-01,2.5060e+00,9.6773e-01,2.5980e-01
2.1000e+03,2.6489e-01,5.2729e-01,2.5060e+00,9.6883e-01,2.6032e-01
2.1100e+03,2.6327e-01,5.2620e-01,2.5060e+00,9.6992e-01,2.6084e-01
2.1200e+03,2.6168e-01,5.2511e-01,2.5060e+00,9.7101e-01,2.6136e-01
2.1300e+03,2.6009e-01,5.2403e-01,2.5060e+00,9.7208e-01,2.6187e-01
2.1400e+03,2.5851e-01,5.2296e-01,2.5060e+00,9.7315e-01,2.6238e-01
2.1500e+03,2.5695e-01,5.2190e-01,2.5060e+00,9.7420e-01,2.6288e-01
2.1600e+03,2.5540e-01,5.2085e-01,2.5060e+00,9.7525e-01,2.6339e-01
2.1700e+03,2.5386e-01,5.1980e-01,2.5060e+00,9.7629e-01,2.6389e-01
2.1800e+03,2.5233e-01,5.1877e-01,2.5060e+00,9.7733e-01,2.6438e-01
2.1900e+03,2.5081e-01,5.1774e-01,2.5060e+00,9.7835e-01,2.6488e-01
2.2000e+03,2.4930e-01,5.1672e-01,2.5060e+00,9.7937e-01,2.6537e-01
2.2100e+03,2.4781e-01,5.1571e-01,2.5060e+00,9.8037e-01,2.6586e-01
2.2200e+03,2.4632e-01,5.1470e-01,2.5060e+00,9.8137e-01,2.6634e-01
2.2300e+03,2.4485e-01,5.1371e-01,2.5060e+00,9.8237e-01,2.6682e-01
2.2400e+03,2.4339e-01,5.1272e-01,2.5060e+00,9.8335e-01,2.6730e-01
2.2500e+03,2.4193e-01,5.1174e-01,2.5060e+00,9.8433e-01,2.6778e-01
2.2600e+03,2.4049e-01,5.1077e-01,2.5060e+00,9.8529e-01,2.6825e-01
2.2700e+03,2.3906e-01,5.0980e-01,2.5060e+00,9.8626e-01,2.6872e-01
2.2800e+03,2.3764e-01,5.0884e-01,2.5060e+00,9.8721e-01,2.6919e-01
2.2900e+03,2.3623e-01,5.0789e-01,2.5060e+00,9.8816e-01,2.6966e-01
2.3000e+03,2.3483e-01,5.0695e-01,2.5060e+00,9.8909e-01,2.7012e-01
2.3100e+03,2.3343e-01,5.0602e-01,2.5060e+00,9.9003e-01,2.7058e-01
2.3200e+03,2.3205e-01,5.0509e-01,2.5060e+00,9.9095e-01,2.7104e-01
2.3300e+03,2.3068e-01,5.0417e-01,2.5060e+00,9.9187e-01,2.7149e-01
2.3400e+03,2.2932e-01,5.0325e-01,2.5060e+00,9.9278e-01,2.7194e-01
2.3500e+03,2.2797e-01,5.0235e-01,2.5060e+00,9.9368e-01,2.7239e-01
2.3600e+03,2.2662e-01,5.0145e-01,2.5060e+00,9.9458e-01,2.7284e-01
2.3700e+03,2.2529e-01,5.0055e-01,2.5060e+00,9.9547e-01,2.7328e-01
2.3800e+03,2.2397e-01,4.9967e-01,2.5060e+00,9.9635e-01,2.7372e-01
2.3900e+03,2.2265e-01,4.9879e-01,2.5060e+00,9.9722e-01,2.7416e-01
2.4000e+03,2.2135e-01,4.9792e-01,2.5060e+00,9.9809e-01,2.7460e-01
2.4100e+03,2.2005e-01,4.9705e-01,2.5060e+00,9.9896e-01,2.7503e-01
2.4200e+03,2.1877e-01,4.9619e-01,2.5060e+00,9.9981e-01,2.7546e-01
2.4300e+03,2.1749e-01,4.9534e-01,2.5060e+00,1.0007e+00,2.7589e-01
2.4400e+03,2.1622e-01,4.9449e-01,2.5060e+00,1.0015e+00,2.7632e-01
2.4500e+03,2.1496e-01,4.9365e-01,2.5060e+00,1.0023e+00,2.7674e-01
2.4600e+03,2.1371e-01,4.9282e-01,2.5060e+00,1.0032e+00,2.7716e-01
2.4700e+03,2.1246e-01,4.9199e-01,2.5060e+00,1.0040e+00,2.7758e-01
2.4800e+03,2.1123e-01,4.9117e-01,2.5060e+00,1.0048e+00,2.7799e-01
2.4900e+03,2.1000e-01,4.9035e-01,2.5060e+00,1.0056e+00,2.7841e-01
2.5000e+03,2.0879e-01,4.8954e-01,2.5060e+00,1.0064e+00,2.7882e-01
2.5100e+03,2.0758e-01,4.8874e-01,2.5060e+00,1.0072e+00,2.7923e-01
2.5200e+03,2.0638e-01,4.8794e-01,2.5060e+00,1.0080e+00,2.7964e-01
2.5300e+03,2.0518e-01,4.8715e-01,2.5060e+00,1.0088e+00,2.8004e-01
2.5400e+03,2.0400e-01,4.8637e-01,2.5060e+00,1.0096e+00,2.8044e-01
2.5500e+03,2.0282e-01,4.8559e-01,2.5060e+00,1.0104e+00,2.8084e-01
2.5600e+03,2.0165e-01,4.8481e-01,2.5060e+00,1.0111e+00,2.8124e-01
2.5700e+03,2.0049e-01,4.8404e-01,2.5060e+00,1.0119e+00,2.8163e-01
2.5800e+03,1.9934e-01,4.8328e-01,2.5060e+00,1.0127e+00,2.8203e-01
2.5900e+03,1.9820e-01,4.8252e-01,2.5060e+00,1.0134e+00,2.8242e-01
2.6000e+03,1.9706e-01,4.8177e-01,2.5060e+00,1.0142e+00,2.8280e-01
2.6100e+03,1.9593e-01,4.8103e-01,2.5060e+00,1.0149e+00,2.8319e-01
2.6200e+03,1.9481e-01,4.8029e-01,2.5060e+00,1.0157e+00,2.8357e-01
2.6300e+03,1.9369e-01,4.7955e-01,2.5060e+00,1.0164e+00,2.8396e-01
2.6400e+03,1.9259e-01,4.7882e-01,2.5060e+00,1.0171e+00,2.8434e-01
2.6500e+03,1.9149e-01,4.7810e-01,2.5060e+00,1.0178e+00,2.8471e-01
2.6600e+03,1.9040e-01,4.7738e-01,2.5060e+00,1.0186e+00,2.8509e-01
2.6700e+03,1.8931e-01,4.7666e-01,2.5060e+00,1.0193e+00,2.8546e-01
2.6800e+03,1.8823e-01,4.7595e-01,2.5060e+00,1.0200e+00,2.8583e-01
2.6900e+03,1.8716e-01,4.7525e-01,2.5060e+00,1.0207e+00,2.8620e-01
2.7000e+03,1.8610e-01,4.7455e-01,2.5060e+00,1.0214e+00,2.8657e-01
2.7100e+03,1.8504e-01,4.7385e-01,2.5060e+00,1.0221e+00,2.8693e-01
2.7200e+03,1.8399e-01,4.7316e-01,2.5060e+00,1.0227e+00,2.8729e-01
2.7300e+03,1.8295e-01,4.7248e-01,2.5060e+00,1.0234e+00,2.8765e-01
2.7400e+03,1.8192e-01,4.7180e-01,2.5060e+00,1.0241e+00,2.8801e-01
2.7500e+03,1.8089e-01,4.7113e-01,2.5060e+00,1.0248e+00,2.8837e-01
2.7600e+03,1.7987e-01,4.7046e-01,2.5060e+00,1.0254e+00,2.8872e-01
2.7700e+03,1.7885e-01,4.6979e-01,2.5060e+00,1.0261e+00,2.8908e-01
2.7800e+03,1.7784e-01,4.6913e-01,2.5060e+00,1.0268e+00,2.8943e-01
2.7900e+03,1.7684e-01,4.6847e-01,2.5060e+00,1.0274e+00,2.8978e-01
2.8000e+03,1.7585e-01,4.6782e-01,2.5060e+00,1.0281e+00,2.9012e-01
2.8100e+03,1.7486e-01,4.6717e-01,2.5060e+00,1.0287e+00,2.9047e-01
2.8200e+03,1.7387e-01,4.6653e-01,2.5060e+00,1.0294e+00,2.9081e-01
2.8300e+03,1.7290e-01,4.6589e-01,2.5060e+00,1.0300e+00,2.9115e-01
2.8400e+03,1.7193e-01,4.6526e-01,2.5060e+00,1.0306e+00,2.9149e-01
2.8500e+03,1.7096e-01,4.6463e-01,2.5060e+00,1.0312e+00,2.9183e-01
2.8600e+03,1.7001e-01,4.6401e-01,2.5060e+00,1.0319e+00,2.9216e-01
2.8700e+03,1.6906e-01,4.6339e-01,2.5060e+00,1.0325e+00,2.9249e-01
2.8800e+03,1.6811e-01,4.6277e-01,2.5060e+00,1.0331e+00,2.9283e-01
2.8900e+03,1.6717e-01,4.6216e-01,2.5060e+00,1.0337e+00,2.9315e-01
2.9000e+03,1.6624e-01,4.6155e-01,2.5060e+00,1.0343e+00,2.9348e-01
2.9100e+03,1.6531e-01,4.6095e-01,2.5060e+00,1.0349e+00,2.9381e-01
2.9200e+03,1.6439e-01,4.6035e-01,2.5060e+00,1.0355e+00,2.9413e-01
2.9300e+03,1.6348e-01,4.5975e-01,2.5060e+00,1.0361e+00,2.9445e-01
2.9400e+03,1.6257e-01,4.5916e-01,2.5060e+00,1.0367e+00,2.9477e-01
2.9500e+03,1.6166e-01,4.5858e-01,2.5060e+00,1.0373e+00,2.9509e-01
2.9600e+03,1.6077e-01,4.5799e-01,2.5060e+00,1.0379e+00,2.9541e-01
2.9700e+03,1.5987e-01,4.5741e-01,2.5060e+00,1.0384e+00,2.9572e-01
2.9800e+03,1.5899e-01,4.5684e-01,2.5060e+00,1.0390e+00,2.9604e-01
2.9900e+03,1.5811e-01,4.5627e-01,2.5060e+00,1.0396e+00,2.9635e-01
3.0000e+03,1.5723e-01,4.5570e-01,2.5060e+00,1.0401e+00,2.9666e-01
3.0100e+03,1.5636e-01,4.5514e-01,2.5060e+00,1.0407e+00,2.9697e-01
3.0200e+03,1.5550e-01,4.5458e-01,2.5060e+00,1.0413e+00,2.9727e-01
3.0300e+03,1.5464e-01,4.5402e-01,2.5060e+00,1.0418e+00,2.9758e-01
3.0400e+03,1.5379e-01,4.5347e-01,2.5060e+00,1.0424e+00,2.9788e-01
3.0500e+03,1.5294e-01,4.5292e-01,2.5060e+00,1.0429e+00,2.9818e-01
3.0600e+03,1.5210e-01,4.5237e-01,2.5060e+00,1.0435e+00,2.9848e-01
3.0700e+03,1.5126e-01,4.5183e-01,2.5060e+00,1.0440e+00,2.9878e-01
3.0800e+03,1.5043e-01,4.5130e-01,2.5060e+00,1.0445e+00,2.9908e-01
3.0900e+03,1.4960e-01,4.5076e-01,2.5060e+00,1.0451e+00,2.9937e-01
3.1000e+03,1.4878e-01,4.5023e-01,2.5060e+00,1.0456e+00,2.9967e-01
3.1100e+03,1.4796e-01,4.4970e-01,2.5060e+00,1.0461e+00,2.9996e-01
3.1200e+03,1.4715e-01,4.4918e-01,2.5060e+00,1.0466e+00,3.0025e-01
3.1300e+03,1.4634e-01,4.4866e-01,2.5060e+00,1.0472e+00,3.0054e-01
3.1400e+03,1.4554e-01,4.4814e-01,2.5060e+00,1.0477e+00,3.0082e-01
3.1500e+03,1.4475e-01,4.4763e-01,2.5060e+00,1.0482e+00,3.0111e-01
3.1600e+03,1.4396e-01,4.4712e-01,2.5060e+00,1.0487e+00,3.0139e-01
3.1700e+03,1.4317e-01,4.4661e-01,2.5060e+00,1.0492e+00,3.0167e-01
3.1800e+03,1.4239e-01,4.4611e-01,2.5060e+00,1.0497e+00,3.0195e-01
3.1900e+03,1.4161e-01,4.4561e-01,2.5060e+00,1.0502e+00,3.0223e-01
3.2000e+03,1.4084e-01,4.4512e-01,2.5060e+00,1.0507e+00,3.0251e-01
3.2100e+03,1.4007e-01,4.4462e-01,2.5060e+00,1.0512e+00,3.0279e-01
3.2200e+03,1.3931e-01,4.4413e-01,2.5060e+00,1.0517e+00,3.0306e-01
3.2300e+03,1.3855e-01,4.4365e-01,2.5060e+00,1.0522e+00,3.0334e-01
3.2400e+03,1.3780e-01,4.4316e-01,2.5060e+00,1.0526e+00,3.0361e-01
3.2500e+03,1.3705e-01,4.4268e-01,2.5060e+00,1.0531e+00,3.0388e-01
3.2600e+03,1.3630e-01,4.4220e-01,2.5060e+00,1.0536e+00,3.0415e-01
3.2700e+03,1.3556e-01,4.4173e-01,2.5060e+00,1.0541e+00,3.0441e-01
3.2800e+03,1.3483e-01,4.4126e-01,2.5060e+00,1.0545e+00,3.0468e-01
3.2900e+03,1.3410e-01,4.4079e-01,2.5060e+00,1.0550e+00,3.0494e-01
3.3000e+03,1.3337e-01,4.4032e-01,2.5060e+00,1.0555e+00,3.0521e-01
3.3100e+03,1.3265e-01,4.3986e-01,2.5060e+00,1.0559e+00,3.0547e-01
3.3200e+03,1.3193e-01,4.3940e-01,2.5060e+00,1.0564e+00,3.0573e-01
3.3300e+03,1.3122e-01,4.3895e-01,2.5060e+00,1.0568e+00,3.0599e-01
3.3400e+03,1.3051e-01,4.3849e-01,2.5060e+00,1.0573e+00,3.0624e-01
3.3500e+03,1.2981e-01,4.3804e-01,2.5060e+00,1.0577e+00,3.0650e-01
3.3600e+03,1.2911e-01,4.3760e-01,2.5060e+00,1.0582e+00,3.0675e-01
3.3700e+03,1.2841e-01,4.3715e-01,2.5060e+00,1.0586e+00,3.0701e-01
3.3800e+03,1.2772e-01,4.3671e-01,2.5060e+00,1.0591e+00,3.0726e-01
3.3900e+03,1.2703e-01,4.3627e-01,2.5060e+00,1.0595e+00,3.0751e-01
3.4000e+03,1.2635e-01,4.3583e-01,2.5060e+00,1.0599e+00,3.0776e-01
3.4100e+03,1.2567e-01,4.3540e-01,2.5060e+00,1.0604e+00,3.0801e-01
3.4200e+03,1.2499e-01,4.3497e-01,2.5060e+00,1.0608e+00,3.0825e-01
3.4300e+03,1.2432e-01,4.3454e-01,2.5060e+00,1.0612e+00,3.0850e-01
3.4400e+03,1.2365e-01,4.3412e-01,2.5060e+00,1.0616e+00,3.0874e-01
3.4500e+03,1.2299e-01,4.3370e-01,2.5060e+00,1.0621e+00,3.0898e-01
3.4600e+03,1.2233e-01,4.3328e-01,2.5060e+00,1.0625e+00,3.0922e-01
3.4700e+03,1.2168e-01,4.3286e-01,2.5060e+00,1.0629e+00,3.0946e-01
3.4800e+03,1.2103e-01,4.3244e-01,2.5060e+00,1.0633e+00,3.0970e-01
3.4900e+03,1.2038e-01,4.3203e-01,2.5060e+00,1.0637e+00,3.0994e-01
3.5000e+03,1.1973e-01,4.3162e-01,2.5060e+00,1.0641e+00,3.1018e-01
3.5100e+03,1.1909e-01,4.3122e-01,2.5060e+00,1.0645e+00,3.1041e-01
3.5200e+03,1.1846e-01,4.3081e-01,2.5060e+00,1.0649e+00,3.1064e-01
3.5300e+03,1.1783e-01,4.3041e-01,2.5060e+00,1.0653e+00,3.1088e-01
3.5400e+03,1.1720e-01,4.3001e-01,2.5060e+00,1.0657e+00,3.1111e-01
3.5500e+03,1.1657e-01,4.2961e-01,2.5060e+00,1.0661e+00,3.1134e-01
3.5600e+03,1.1595e-01,4.2922e-01,2.5060e+00,1.0665e+00,3.1157e-01
3.5700e+03,1.1533e-01,4.2883e-01,2.5060e+00,1.0669e+00,3.1179e-01
3.5800e+03,1.1472e-01,4.2844e-01,2.5060e+00,1.0673e+00,3.1202e-01
3.5900e+03,1.1411e-01,4.2805e-01,2.5060e+00,1.0677e+00,3.1225e-01
3.6000e+03,1.1350e-01,4.2767e-01,2.5060e+00,1.0681e+00,3.1247e-01
3.6100e+03,1.1290e-01,4.2729e-01,2.5060e+00,1.0684e+00,3.1269e-01
3.6200e+03,1.1230e-01,4.2691e-01,2.5060e+00,1.0688e+00,3.1291e-01
3.6300e+03,1.1170e-01,4.2653e-01,2.5060e+00,1.0692e+00,3.1313e-01
3.6400e+03,1.1111e-01,4.2615e-01,2.5060e+00,1.0696e+00,3.1335e-01
3.6500e+03,1.1052e-01,4.2578e-01,2.5060e+00,1.0699e+00,3.1357e-01
3.6600e+03,1.0994e-01,4.2541e-01,2.5060e+00,1.0703e+00,3.1379e-01
3.6700e+03,1.0935e-01,4.2504e-01,2.5060e+00,1.0707e+00,3.1400e-01
3.6800e+03,1.0877e-01,4.2468e-01,2.5060e+00,1.0710e+00,3.1422e-01
3.6900e+03,1.0820e-01,4.2431e-01,2.5060e+00,1.0714e+00,3.1443e-01
3.7000e+03,1.0763e-01,4.2395e-01,2.5060e+00,1.0718e+00,3.1464e-01
3.7100e+03,1.0706e-01,4.2359e-01,2.5060e+00,1.0721e+00,3.1485e-01
3.7200e+03,1.0649e-01,4.2324e-01,2.5060e+00,1.0725e+00,3.1506e-01
3.7300e+03,1.0593e-01,4.2288e-01,2.5060e+00,1.0728e+00,3.1527e-01
3.7400e+03,1.0537e-01,4.2253e-01,2.5060e+00,1.0732e+00,3.1548e-01
3.7500e+03,1.0482e-01,4.2218e-01,2.5060e+00,1.0735e+00,3.1569e-01
3.7600e+03,1.0426e-01,4.2183e-01,2.5060e+00,1.0739e+00,3.1589e-01
3.7700e+03,1.0371e-01,4.2148e-01,2.5060e+00,1.0742e+00,3.1610e-01
3.7800e+03,1.0317e-01,4.2114e-01,2.5060e+00,1.0746e+00,3.1630e-01
3.7900e+03,1.0262e-01,4.2080e-01,2.5060e+00,1.0749e+00,3.1650e-01
3.8000e+03,1.0208e-01,4.2046e-01,2.5060e+00,1.0753e+00,3.1670e-01
3.8100e+03,1.0155e-01,4.2012e-01,2.5060e+00,1.0756e+00,3.1690e-01
3.8200e+03,1.0101e-01,4.1978e-01,2.5060e+00,1.0759e+00,3.1710e-01
3.8300e+03,1.0048e-01,4.1945e-01,2.5060e+00,1.0763e+00,3.1730e-01
3.8400e+03,9.9955e-02,4.1912e-01,2.5060e+00,1.0766e+00,3.1750e-01
3.8500e+03,9.9431e-02,4.1879e-01,2.5060e+00,1.0769e+00,3.1769e-01
3.8600e+03,9.8909e-02,4.1846e-01,2.5060e+00,1.0772e+00,3.1789e-01
3.8700e+03,9.8391e-02,4.1813e-01,2.5060e+00,1.0776e+00,3.1808e-01
3.8800e+03,9.7875e-02,4.1781e-01,2.5060e+00,1.0779e+00,3.1828e-01
3.8900e+03,9.7362e-02,4.1749e-01,2.5060e+00,1.0782e+00,3.1847e-01
3.9000e+03,9.6853e-02,4.1717e-01,2.5060e+00,1.0785e+00,3.1866e-01
3.9100e+03,9.6346e-02,4.1685e-01,2.5060e+00,1.0788e+00,3.1885e-01
3.9200e+03,9.5842e-02,4.1653e-01,2.5060e+00,1.0792e+00,3.1904e-01
3.9300e+03,9.5341e-02,4.1622e-01,2.5060e+00,1.0795e+00,3.1923e-01
3.9400e+03,9.4843e-02,4.1591e-01,2.5060e+00,1.0798e+00,3.1941e-01
3.9500e+03,9.4347e-02,4.1560e-01,2.5060e+00,1.0801e+00,3.1960e-01
3.9600e+03,9.3855e-02,4.1529e-01,2.5060e+00,1.0804e+00,3.1978e-01
3.9700e+03,9.3365e-02,4.1498e-01,2.5060e+00,1.0807e+00,3.1997e-01
3.9800e+03,9.2878e-02,4.1467e-01,2.5060e+00,1.0810e+00,3.2015e-01
3.9900e+03,9.2394e-02,4.1437e-01,2.5060e+00,1.0813e+00,3.2033e-01
4.0000e+03,9.1912e-02,4.1407e-01,2.5060e+00,1.0816e+00,3.2051e-01
4.0100e+03,9.1433e-02,4.1377e-01,2.5060e+00,1.0819e+00,3.2070e-01
4.0200e+03,9.0957e-02,4.1347e-01,2.5060e+00,1.0822e+00,3.2087e-01
4.0300e+03,9.0484e-02,4.1318e-01,2.5060e+00,1.0825e+00,3.2105e-01
4.0400e+03,9.0013e-02,4.1288e-01,2.5060e+00,1.0828e+00,3.2123e-01
4.0500e+03,8.9545e-02,4.1259e-01,2.5060e+00,1.0831e+00,3.2141e-01
4.0600e+03,8.9080e-02,4.1230e-01,2.5060e+00,1.0834e+00,3.2158e-01
4.0700e+03,8.8617e-02,4.1201e-01,2.5060e+00,1.0837e+00,3.2176e-01
4.0800e+03,8.8157e-02,4.1172e-01,2.5060e+00,1.0840e+00,3.2193e-01
4.0900e+03,8.7699e-02,4.1144e-01,2.5060e+00,1.0842e+00,3.2210e-01
4.1000e+03,8.7244e-02,4.1115e-01,2.5060e+00,1.0845e+00,3.2228e-01
4.1100e+03,8.6791e-02,4.1087e-01,2.5060e+00,1.0848e+00,3.2245e-01
4.1200e+03,8.6341e-02,4.1059e-01,2.5060e+00,1.0851e+00,3.2262e-01
4.1300e+03,8.5894e-02,4.1031e-01,2.5060e+00,1.0854e+00,3.2279e-01
4.1400e+03,8.5449e-02,4.1003e-01,2.5060e+00,1.0856e+00,3.2296e-01
4.1500e+03,8.5007e-02,4.0976e-01,2.5060e+00,1.0859e+00,3.2312e-01
4.1600e+03,8.4567e-02,4.0948e-01,2.5060e+00,1.0862e+00,3.2329e-01
4.1700e+03,8.4129e-02,4.0921e-01,2.5060e+00,1.0865e+00,3.2346e-01
4.1800e+03,8.3694e-02,4.0894e-01,2.5060e+00,1.0867e+00,3.2362e-01
4.1900e+03,8.3261e-02,4.0867e-01,2.5060e+00,1.0870e+00,3.2378e-01
4.2000e+03,8.2831e-02,4.0840e-01,2.5060e+00,1.0873e+00,3.2395e-01
4.2100e+03,8.2403e-02,4.0813e-01,2.5060e+00,1.0875e+00,3.2411e-01
4.2200e+03,8.1978e-02,4.0787e-01,2.5060e+00,1.0878e+00,3.2427e-01
4.2300e+03,8.1555e-02,4.0761e-01,2.5060e+00,1.0881e+00,3.2443e-01
4.2400e+03,8.1134e-02,4.0734e-01,2.5060e+00,1.0883e+00,3.2459e-01
4.2500e+03,8.0715e-02,4.0708e-01,2.5060e+00,1.0886e+00,3.2475e-01
4.2600e+03,8.0299e-02,4.0682e-01,2.5060e+00,1.0888e+00,3.2491e-01
4.2700e+03,7.9885e-02,4.0657e-01,2.5060e+00,1.0891e+00,3.2507e-01
4.2800e+03,7.9474e-02,4.0631e-01,2.5060e+00,1.0893e+00,3.2522e-01
4.2900e+03,7.9065e-02,4.0606e-01,2.5060e+00,1.0896e+00,3.2538e-01
4.3000e+03,7.8658e-02,4.0580e-01,2.5060e+00,1.0898e+00,3.2554e-01
4.3100e+03,7.8253e-02,4.0555e-01,2.5060e+00,1.0901e+00,3.2569e-01
4.3200e+03,7.7851e-02,4.0530e-01,2.5060e+00,1.0903e+00,3.2584e-01
4.3300e+03,7.7450e-02,4.0505e-01,2.5060e+00,1.0906e+00,3.2600e-01
4.3400e+03,7.7052e-02,4.0481e-01,2.5060e+00,1.0908e+00,3.2615e-01
4.3500e+03,7.6656e-02,4.0456e-01,2.5060e+00,1.0911e+00,3.2630e-01
4.3600e+03,7.6263e-02,4.0432e-01,2.5060e+00,1.0913e+00,3.2645e-01
4.3700e+03,7.5871e-02,4.0407e-01,2.5060e+00,1.0916e+00,3.2660e-01
4.3800e+03,7.5482e-02,4.0383e-01,2.5060e+00,1.0918e+00,3.2675e-01
4.3900e+03,7.5095e-02,4.0359e-01,2.5060e+00,1.0920e+00,3.2690e-01
4.4000e+03,7.4709e-02,4.0335e-01,2.5060e+00,1.0923e+00,3.2704e-01
4.4100e+03,7.4326e-02,4.0312e-01,2.5060e+00,1.0925e+00,3.2719e-01
4.4200e+03,7.3946e-02,4.0288e-01,2.5060e+00,1.0928e+00,3.2734e-01
4.4300e+03,7.3567e-02,4.0265e-01,2.5060e+00,1.0930e+00,3.2748e-01
4.4400e+03,7.3190e-02,4.0241e-01,2.5060e+00,1.0932e+00,3.2763e-01
4.4500e+03,7.2815e-02,4.0218e-01,2.5060e+00,1.0935e+00,3.2777e-01
4.4600e+03,7.2443e-02,4.0195e-01,2.5060e+00,1.0937e+00,3.2791e-01
4.4700e+03,7.2072e-02,4.0172e-01,2.5060e+00,1.0939e+00,3.2805e-01
4.4800e+03,7.1704e-02,4.0149e-01,2.5060e+00,1.0941e+00,3.2820e-01
4.4900e+03,7.1337e-02,4.0127e-01,2.5060e+00,1.0944e+00,3.2834e-01
4.5000e+03,7.0973e-02,4.0104e-01,2.5060e+00,1.0946e+00,3.2848e-01
4.5100e+03,7.0610e-02,4.0082e-01,2.5060e+00,1.0948e+00,3.2862e-01
4.5200e+03,7.0249e-02,4.0059e-01,2.5060e+00,1.0950e+00,3.2875e-01
4.5300e+03,6.9891e-02,4.0037e-01,2.5060e+00,1.0953e+00,3.2889e-01
4.5400e+03,6.9534e-02,4.0015e-01,2.5060e+00,1.0955e+00,3.2903e-01
4.5500e+03,6.9179e-02,3.9993e-01,2.5060e+00,1.0957e+00,3.2917e-01
4.5600e+03,6.8827e-02,3.9971e-01,2.5060e+00,1.0959e+00,3.2930e-01
4.5700e+03,6.8476e-02,3.9950e-01,2.5060e+00,1.0961e+00,3.2944e-01
4.5800e+03,6.8127e-02,3.9928e-01,2.5060e+00,1.0963e+00,3.2957e-01
4.5900e+03,6.7780e-02,3.9907e-01,2.5060e+00,1.0966e+00,3.2970e-01
4.6000e+03,6.7434e-02,3.9886e-01,2.5060e+00,1.0968e+00,3.2984e-01
4.6100e+03,6.7091e-02,3.9864e-01,2.5060e+00,1.0970e+00,3.2997e-01
4.6200e+03,6.6749e-02,3.9843e-01,2.5060e+00,1.0972e+00,3.3010e-01
4.6300e+03,6.6410e-02,3.9822e-01,2.5060e+00,1.0974e+00,3.3023e-01
4.6400e+03,6.6072e-02,3.9801e-01,2.5060e+00,1.0976e+00,3.3036e-01
4.6500e+03,6.5736e-02,3.9781e-01,2.5060e+00,1.0978e+00,3.3049e-01
4.6600e+03,6.5402e-02,3.9760e-01,2.5060e+00,1.0980e+00,3.3062e-01
4.6700e+03,6.5069e-02,3.9740e-01,2.5060e+00,1.0982e+00,3.3075e-01
4.6800e+03,6.4739e-02,3.9719e-01,2.5060e+00,1.0984e+00,3.3088e-01
4.6900e+03,6.4410e-02,3.9699e-01,2.5060e+00,1.0986e+00,3.3100e-01
4.7000e+03,6.4083e-02,3.9679e-01,2.5060e+00,1.0988e+00,3.3113e-01
4.7100e+03,6.3758e-02,3.9659e-01,2.5060e+00,1.0990e+00,3.3126e-01
4.7200e+03,6.3434e-02,3.9639e-01,2.5060e+00,1.0992e+00,3.3138e-01
4.7300e+03,6.3113e-02,3.9619e-01,2.5060e+00,1.0994e+00,3.3151e-01
4.7400e+03,6.2792e-02,3.9599e-01,2.5060e+00,1.0996e+00,3.3163e-01
4.7500e+03,6.2474e-02,3.9580e-01,2.5060e+00,1.0998e+00,3.3175e-01
4.7600e+03,6.2158e-02,3.9560e-01,2.5060e+00,1.1000e+00,3.3188e-01
4.7700e+03,6.1843e-02,3.9541e-01,2.5060e+00,1.1002e+00,3.3200e-01
4.7800e+03,6.1529e-02,3.9522e-01,2.5060e+00,1.1004e+00,3.3212e-01
4.7900e+03,6.1218e-02,3.9503e-01,2.5060e+00,1.1006e+00,3.3224e-01
4.8000e+03,6.0908e-02,3.9484e-01,2.5060e+00,1.1008e+00,3.3236e-01
4.8100e+03,6.0600e-02,3.9465e-01,2.5060e+00,1.1010e+00,3.3248e-01
4.8200e+03,6.0293e-02,3.9446e-01,2.5060e+00,1.1011e+00,3.3260e-01
4.8300e+03,5.9988e-02,3.9427e-01,2.5060e+00,1.1013e+00,3.3272e-01
4.8400e+03,5.9685e-02,3.9408e-01,2.5060e+00,1.1015e+00,3.3283e-01
4.8500e+03,5.9383e-02,3.9390e-01,2.5060e+00,1.1017e+00,3.3295e-01
4.8600e+03,5.9083e-02,3.9371e-01,2.5060e+00,1.1019e+00,3.3307e-01
4.8700e+03,5.8785e-02,3.9353e-01,2.5060e+00,1.1021e+00,3.3318e-01
4.8800e+03,5.8488e-02,3.9335e-01,2.5060e+00,1.1023e+00,3.3330e-01
4.8900e+03,5.8192e-02,3.9317e-01,2.5060e+00,1.1024e+00,3.3341e-01
4.9000e+03,5.7899e-02,3.9299e-01,2.5060e+00,1.1026e+00,3.3353e-01
4.9100e+03,5.7606e-02,3.9281e-01,2.5060e+00,1.1028e+00,3.3364e-01
4.9200e+03,5.7316e-02,3.9263e-01,2.5060e+00,1.1030e+00,3.3375e-01
4.9300e+03,5.7027e-02,3.9245e-01,2.5060e+00,1.1031e+00,3.3387e-01
4.9400e+03,5.6739e-02,3.9228e-01,2.5060e+00,1.1033e+00,3.3398e-01
4.9500e+03,5.6453e-02,3.9210e-01,2.5060e+00,1.1035e+00,3.3409e-01
4.9600e+03,5.6169e-02,3.9193e-01,2.5060e+00,1.1037e+00,3.3420e-01
4.9700e+03,5.5886e-02,3.9175e-01,2.5060e+00,1.1038e+00,3.3431e-01
4.9800e+03,5.5604e-02,3.9158e-01,2.5060e+00,1.1040e+00,3.3442e-01
4.9900e+03,5.5324e-02,3.9141e-01,2.5060e+00,1.1042e+00,3.3453e-01
5.0000e+03,5.5046e-02,3.9124e-01,2.5060e+00,1.1044e+00,3.3464e-01
5.0100e+03,5.4769e-02,3.9107e-01,2.5060e+00,1.1045e+00,3.3475e-01
5.0200e+03,5.4493e-02,3.9090e-01,2.5060e+00,1.1047e+00,3.3485e-01
5.0300e+03,5.4219e-02,3.9073e-01,2.5060e+00,1.1049e+00,3.3496e-01
5.0400e+03,5.3946e-02,3.9057e-01,2.5060e+00,1.1050e+00,3.3507e-01
5.0500e+03,5.3675e-02,3.9040e-01,2.5060e+00,1.1052e+00,3.3517e-01
5.0600e+03,5.3405e-02,3.9023e-01,2.5060e+00,1.1054e+00,3.3528e-01
5.0700e+03,5.3137e-02,3.9007e-01,2.5060e+00,1.1055e+00,3.3538e-01
5.0800e+03,5.2870e-02,3.8991e-01,2.5060e+00,1.1057e+00,3.3549e-01
5.0900e+03,5.2605e-02,3.8974e-01,2.5060e+00,1.1058e+00,3.3559e-01
5.1000e+03,5.2340e-02,3.8958e-01,2.5060e+00,1.1060e+00,3.3569e-01
5.1100e+03,5.2078e-02,3.8942e-01,2.5060e+00,1.1062e+00,3.3580e-01
5.1200e+03,5.1816e-02,3.8926e-01,2.5060e+00,1.1063e+00,3.3590e-01
5.1300e+03,5.1556e-02,3.8910e-01,2.5060e+00,1.1065e+00,3.3600e-01
5.1400e+03,5.1298e-02,3.8895e-01,2.5060e+00,1.1066e+00,3.3610e-01
5.1500e+03,5.1040e-02,3.8879e-01,2.5060e+00,1.1068e+00,3.3620e-01
5.1600e+03,5.0785e-02,3.8863e-01,2.5060e+00,1.1070e+00,3.3630e-01
5.1700e+03,5.0530e-02,3.8848e-01,2.5060e+00,1.1071e+00,3.3640e-01
5.1800e+03,5.0277e-02,3.8832e-01,2.5060e+00,1.1073e+00,3.3650e-01
5.1900e+03,5.0025e-02,3.8817e-01,2.5060e+00,1.1074e+00,3.3660e-01
5.2000e+03,4.9774e-02,3.8801e-01,2.5060e+00,1.1076e+00,3.3670e-01
5.2100e+03,4.9525e-02,3.8786e-01,2.5060e+00,1.1077e+00,3.3680e-01
5.2200e+03,4.9277e-02,3.8771e-01,2.5060e+00,1.1079e+00,3.3689e-01
5.2300e+03,4.9030e-02,3.8756e-01,2.5060e+00,1.1080e+00,3.3699e-01
5.2400e+03,4.8785e-02,3.8741e-01,2.5060e+00,1.1082e+00,3.3709e-01
5.2500e+03,4.8541e-02,3.8726e-01,2.5060e+00,1.1083e+00,3.3718e-01
5.2600e+03,4.8298e-02,3.8711e-01,2.5060e+00,1.1085e+00,3.3728e-01
5.2700e+03,4.8057e-02,3.8697e-01,2.5060e+00,1.1086e+00,3.3737e-01
5.2800e+03,4.7816e-02,3.8682e-01,2.5060e+00,1.1088e+00,3.3747e-01
5.2900e+03,4.7577e-02,3.8667e-01,2.5060e+00,1.1089e+00,3.3756e-01
5.3000e+03,4.7340e-02,3.8653e-01,2.5060e+00,1.1090e+00,3.3765e-01
5.3100e+03,4.7103e-02,3.8638e-01,2.5060e+00,1.1092e+00,3.3775e-01
5.3200e+03,4.6868e-02,3.8624e-01,2.5060e+00,1.1093e+00,3.3784e-01
5.3300e+03,4.6634e-02,3.8610e-01,2.5060e+00,1.1095e+00,3.3793e-01
5.3400e+03,4.6401e-02,3.8596e-01,2.5060e+00,1.1096e+00,3.3802e-01
5.3500e+03,4.6169e-02,3.8582e-01,2.5060e+00,1.1098e+00,3.3811e-01
5.3600e+03,4.5939e-02,3.8568e-01,2.5060e+00,1.1099e+00,3.3820e-01
5.3700e+03,4.5710e-02,3.8554e-01,2.5060e+00,1.1100e+00,3.3830e-01
5.3800e+03,4.5482e-02,3.8540e-01,2.5060e+00,1.1102e+00,3.3838e-01
5.3900e+03,4.5255e-02,3.8526e-01,2.5060e+00,1.1103e+00,3.3847e-01
5.4000e+03,4.5029e-02,3.8512e-01,2.5060e+00,1.1104e+00,3.3856e-01
5.4100e+03,4.4805e-02,3.8498e-01,2.5060e+00,1.1106e+00,3.3865e-01
5.4200e+03,4.4581e-02,3.8485e-01,2.5060e+00,1.1107e+00,3.3874e-01
5.4300e+03,4.4359e-02,3.8471e-01,2.5060e+00,1.1109e+00,3.3883e-01
5.4400e+03,4.4138e-02,3.8458e-01,2.5060e+00,1.1110e+00,3.3891e-01
5.4500e+03,4.3918e-02,3.8445e-01,2.5060e+00,1.1111e+00,3.3900e-01
5.4600e+03,4.3699e-02,3.8431e-01,2.5060e+00,1.1113e+00,3.3909e-01
5.4700e+03,4.3482e-02,3.8418e-01,2.5060e+00,1.1114e+00,3.3917e-01
5.4800e+03,4.3265e-02,3.8405e-01,2.5060e+00,1.1115e+00,3.3926e-01
5.4900e+03,4.3050e-02,3.8392e-01,2.5060e+00,1.1116e+00,3.3934e-01
5.5000e+03,4.2836e-02,3.8379e-01,2.5060e+00,1.1118e+00,3.3943e-01
5.5100e+03,4.2623e-02,3.8366e-01,2.5060e+00,1.1119e+00,3.3951e-01
5.5200e+03,4.2411e-02,3.8353e-01,2.5060e+00,1.1120e+00,3.3959e-01
5.5300e+03,4.2200e-02,3.8340e-01,2.5060e+00,1.1122e+00,3.3968e-01
5.5400e+03,4.1990e-02,3.8327e-01,2.5060e+00,1.1123e+00,3.3976e-01
5.5500e+03,4.1781e-02,3.8315e-01,2.5060e+00,1.1124e+00,3.3984e-01
5.5600e+03,4.1574e-02,3.8302e-01,2.5060e+00,1.1125e+00,3.3993e-01
5.5700e+03,4.1367e-02,3.8289e-01,2.5060e+00,1.1127e+00,3.4001e-01
5.5800e+03,4.1161e-02,3.8277e-01,2.5060e+00,1.1128e+00,3.4009e-01
5.5900e+03,4.0957e-02,3.8265e-01,2.5060e+00,1.1129e+00,3.4017e-01
5.6000e+03,4.0754e-02,3.8252e-01,2.5060e+00,1.1130e+00,3.4025e-01
5.6100e+03,4.0551e-02,3.8240e-01,2.5060e+00,1.1132e+00,3.4033e-01
5.6200e+03,4.0350e-02,3.8228e-01,2.5060e+00,1.1133e+00,3.4041e-01
5.6300e+03,4.0150e-02,3.8216e-01,2.5060e+00,1.1134e+00,3.4049e-01
5.6400e+03,3.9950e-02,3.8203e-01,2.5060e+00,1.1135e+00,3.4057e-01
5.6500e+03,3.9752e-02,3.8191e-01,2.5060e+00,1.1136e+00,3.4065e-01
5.6600e+03,3.9555e-02,3.8179e-01,2.5060e+00,1.1138e+00,3.4072e-01
5.6700e+03,3.9359e-02,3.8168e-01,2.5060e+00,1.1139e+00,3.4080e-01
5.6800e+03,3.9164e-02,3.8156e-01,2.5060e+00,1.1140e+00,3.4088e-01
5.6900e+03,3.8969e-02,3.8144e-01,2.5060e+00,1.1141e+00,3.4095e-01
5.7000e+03,3.8776e-02,3.8132e-01,2.5060e+00,1.1142e+00,3.4103e-01
5.7100e+03,3.8584e-02,3.8121e-01,2.5060e+00,1.1143e+00,3.4111e-01
5.7200e+03,3.8393e-02,3.8109e-01,2.5060e+00,1.1145e+00,3.4118e-01
5.7300e+03,3.8203e-02,3.8097e-01,2.5060e+00,1.1146e+00,3.4126e-01
5.7400e+03,3.8013e-02,3.8086e-01,2.5060e+00,1.1147e+00,3.4133e-01
5.7500e+03,3.7825e-02,3.8075e-01,2.5060e+00,1.1148e+00,3.4141e-01
5.7600e+03,3.7638e-02,3.8063e-01,2.5060e+00,1.1149e+00,3.4148e-01
5.7700e+03,3.7452e-02,3.8052e-01,2.5060e+00,1.1150e+00,3.4156e-01
5.7800e+03,3.7266e-02,3.8041e-01,2.5060e+00,1.1151e+00,3.4163e-01
5.7900e+03,3.7082e-02,3.8030e-01,2.5060e+00,1.1153e+00,3.4170e-01
5.8000e+03,3.6898e-02,3.8018e-01,2.5060e+00,1.1154e+00,3.4178e-01
5.8100e+03,3.6716e-02,3.8007e-01,2.5060e+00,1.1155e+00,3.4185e-01
5.8200e+03,3.6534e-02,3.7996e-01,2.5060e+00,1.1156e+00,3.4192e-01
5.8300e+03,3.6353e-02,3.7985e-01,2.5060e+00,1.1157e+00,3.4199e-01
5.8400e+03,3.6174e-02,3.7975e-01,2.5060e+00,1.1158e+00,3.4206e-01
5.8500e+03,3.5995e-02,3.7964e-01,2.5060e+00,1.1159e+00,3.4213e-01
5.8600e+03,3.5817e-02,3.7953e-01,2.5060e+00,1.1160e+00,3.4221e-01
5.8700e+03,3.5640e-02,3.7942e-01,2.5060e+00,1.1161e+00,3.4228e-01
5.8800e+03,3.5464e-02,3.7932e-01,2.5060e+00,1.1162e+00,3.4235e-01
5.8900e+03,3.5289e-02,3.7921e-01,2.5060e+00,1.1163e+00,3.4241e-01
5.9000e+03,3.5114e-02,3.7910e-01,2.5060e+00,1.1164e+00,3.4248e-01
5.9100e+03,3.4941e-02,3.7900e-01,2.5060e+00,1.1165e+00,3.4255e-01
5.9200e+03,3.4768e-02,3.7890e-01,2.5060e+00,1.1166e+00,3.4262e-01
5.9300e+03,3.4597e-02,3.7879e-01,2.5060e+00,1.1168e+00,3.4269e-01
5.9400e+03,3.4426e-02,3.7869e-01,2.5060e+00,1.1169e+00,3.4276e-01
5.9500e+03,3.4256e-02,3.7859e-01,2.5060e+00,1.1170e+00,3.4283e-01
5.9600e+03,3.4087e-02,3.7848e-01,2.5060e+00,1.1171e+00,3.4289e-01
5.9700e+03,3.3919e-02,3.7838e-01,2.5060e+00,1.1172e+00,3.4296e-01
5.9800e+03,3.3751e-02,3.7828e-01,2.5060e+00,1.1173e+00,3.4303e-01
5.9900e+03,3.3585e-02,3.7818e-01,2.5060e+00,1.1174e+00,3.4309e-01
6.0000e+03,3.3419e-02,3.7808e-01,2.5060e+00,1.1175e+00,3.4316e-01
6.0100e+03,3.3254e-02,3.7798e-01,2.5060e+00,1.1176e+00,3.4322e-01
6.0200e+03,3.3090e-02,3.7788e-01,2.5060e+00,1.1177e+00,3.4329e-01
6.0300e+03,3.2927e-02,3.7778e-01,2.5060e+00,1.1178e+00,3.4335e-01
6.0400e+03,3.2765e-02,3.7768e-01,2.5060e+00,1.1179e+00,3.4342e-01
6.0500e+03,3.2604e-02,3.7759e-01,2.5060e+00,1.1180e+00,3.4348e-01
6.0600e+03,3.2443e-02,3.7749e-01,2.5060e+00,1.1180e+00,3.4355e-01
6.0700e+03,3.2283e-02,3.7739e-01,2.5060e+00,1.1181e+00,3.4361e-01
6.0800e+03,3.2124e-02,3.7730e-01,2.5060e+00,1.1182e+00,3.4367e-01
6.0900e+03,3.1966e-02,3.7720e-01,2.5060e+00,1.1183e+00,3.4374e-01
6.1000e+03,3.1808e-02,3.7711e-01,2.5060e+00,1.1184e+00,3.4380e-01
6.1100e+03,3.1652e-02,3.7701e-01,2.5060e+00,1.1185e+00,3.4386e-01
6.1200e+03,3.1496e-02,3.7692e-01,2.5060e+00,1.1186e+00,3.4392e-01
6.1300e+03,3.1341e-02,3.7682e-01,2.5060e+00,1.1187e+00,3.4399e-01
6.1400e+03,3.1187e-02,3.7673e-01,2.5060e+00,1.1188e+00,3.4405e-01
6.1500e+03,3.1033e-02,3.7664e-01,2.5060e+00,1.1189e+00,3.4411e-01
6.1600e+03,3.0881e-02,3.7655e-01,2.5060e+00,1.1190e+00,3.4417e-01
6.1700e+03,3.0729e-02,3.7645e-01,2.5060e+00,1.1191e+00,3.4423e-01
6.1800e+03,3.0578e-02,3.7636e-01,2.5060e+00,1.1192e+00,3.4429e-01
6.1900e+03,3.0427e-02,3.7627e-01,2.5060e+00,1.1193e+00,3.4435e-01
6.2000e+03,3.0278e-02,3.7618e-01,2.5060e+00,1.1193e+00,3.4441e-01
6.2100e+03,3.0129e-02,3.7609e-01,2.5060e+00,1.1194e+00,3.4447e-01
6.2200e+03,2.9981e-02,3.7600e-01,2.5060e+00,1.1195e+00,3.4453e-01
6.2300e+03,2.9833e-02,3.7591e-01,2.5060e+00,1.1196e+00,3.4459e-01
6.2400e+03,2.9687e-02,3.7583e-01,2.5060e+00,1.1197e+00,3.4465e-01
6.2500e+03,2.9541e-02,3.7574e-01,2.5060e+00,1.1198e+00,3.4470e-01
6.2600e+03,2.9396e-02,3.7565e-01,2.5060e+00,1.1199e+00,3.4476e-01
6.2700e+03,2.9251e-02,3.7556e-01,2.5060e+00,1.1200e+00,3.4482e-01
6.2800e+03,2.9108e-02,3.7548e-01,2.5060e+00,1.1201e+00,3.4488e-01
6.2900e+03,2.8965e-02,3.7539e-01,2.5060e+00,1.1201e+00,3.4494e-01
6.3000e+03,2.8822e-02,3.7531e-01,2.5060e+00,1.1202e+00,3.4499e-01
6.3100e+03,2.8681e-02,3.7522e-01,2.5060e+00,1.1203e+00,3.4505e-01
6.3200e+03,2.8540e-02,3.7514e-01,2.5060e+00,1.1204e+00,3.4510e-01
6.3300e+03,2.8400e-02,3.7505e-01,2.5060e+00,1.1205e+00,3.4516e-01
6.3400e+03,2.8261e-02,3.7497e-01,2.5060e+00,1.1206e+00,3.4522e-01
6.3500e+03,2.8122e-02,3.7488e-01,2.5060e+00,1.1206e+00,3.4527e-01
6.3600e+03,2.7984e-02,3.7480e-01,2.5060e+00,1.1207e+00,3.4533e-01
6.3700e+03,2.7847e-02,3.7472e-01,2.5060e+00,1.1208e+00,3.4538e-01
6.3800e+03,2.7710e-02,3.7464e-01,2.5060e+00,1.1209e+00,3.4544e-01
6.3900e+03,2.7574e-02,3.7455e-01,2.5060e+00,1.1210e+00,3.4549e-01
6.4000e+03,2.7439e-02,3.7447e-01,2.5060e+00,1.1211e+00,3.4555e-01
6.4100e+03,2.7305e-02,3.7439e-01,2.5060e+00,1.1211e+00,3.4560e-01
6.4200e+03,2.7171e-02,3.7431e-01,2.5060e+00,1.1212e+00,3.4565e-01
6.4300e+03,2.7037e-02,3.7423e-01,2.5060e+00,1.1213e+00,3.4571e-01
6.4400e+03,2.6905e-02,3.7415e-01,2.5060e+00,1.1214e+00,3.4576e-01
6.4500e+03,2.6773e-02,3.7407e-01,2.5060e+00,1.1215e+00,3.4581e-01
6.4600e+03,2.6642e-02,3.7399e-01,2.5060e+00,1.1215e+00,3.4586e-01
6.4700e+03,2.6511e-02,3.7391e-01,2.5060e+00,1.1216e+00,3.4592e-01
6.4800e+03,2.6382e-02,3.7384e-01,2.5060e+00,1.1217e+00,3.4597e-01
6.4900e+03,2.6252e-02,3.7376e-01,2.5060e+00,1.1218e+00,3.4602e-01
6.5000e+03,2.6124e-02,3.7368e-01,2.5060e+00,1.1218e+00,3.4607e-01
6.5100e+03,2.5996e-02,3.7360e-01,2.5060e+00,1.1219e+00,3.4612e-01
6.5200e+03,2.5869e-02,3.7353e-01,2.5060e+00,1.1220e+00,3.4617e-01
6.5300e+03,2.5742e-02,3.7345e-01,2.5060e+00,1.1221e+00,3.4623e-01
6.5400e+03,2.5616e-02,3.7338e-01,2.5060e+00,1.1221e+00,3.4628e-01
6.5500e+03,2.5490e-02,3.7330e-01,2.5060e+00,1.1222e+00,3.4633e-01
6.5600e+03,2.5366e-02,3.7322e-01,2.5060e+00,1.1223e+00,3.4638e-01
6.5700e+03,2.5242e-02,3.7315e-01,2.5060e+00,1.1224e+00,3.4643e-01
6.5800e+03,2.5118e-02,3.7308e-01,2.5060e+00,1.1224e+00,3.4648e-01
6.5900e+03,2.4995e-02,3.7300e-01,2.5060e+00,1.1225e+00,3.4652e-01
6.6000e+03,2.4873e-02,3.7293e-01,2.5060e+00,1.1226e+00,3.4657e-01
6.6100e+03,2.4751e-02,3.7286e-01,2.5060e+00,1.1227e+00,3.4662e-01
6.6200e+03,2.4630e-02,3.7278e-01,2.5060e+00,1.1227e+00,3.4667e-01
6.6300e+03,2.4510e-02,3.7271e-01,2.5060e+00,1.1228e+00,3.4672e-01
6.6400e+03,2.4390e-02,3.7264e-01,2.5060e+00,1.1229e+00,3.4677e-01
6.6500e+03,2.4271e-02,3.7257e-01,2.5060e+00,1.1230e+00,3.4682e-01
6.6600e+03,2.4152e-02,3.7250e-01,2.5060e+00,1.1230e+00,3.4686e-01
6.6700e+03,2.4034e-02,3.7242e-01,2.5060e+00,1.1231e+00,3.4691e-01
6.6800e+03,2.3917e-02,3.7235e-01,2.5060e+00,1.1232e+00,3.4696e-01
6.6900e+03,2.3800e-02,3.7228e-01,2.5060e+00,1.1232e+00,3.4701e-01
6.7000e+03,2.3683e-02,3.7221e-01,2.5060e+00,1.1233e+00,3.4705e-01
6.7100e+03,2.3568e-02,3.7214e-01,2.5060e+00,1.1234e+00,3.4710e-01
6.7200e+03,2.3453e-02,3.7208e-01,2.5060e+00,1.1234e+00,3.4714e-01
6.7300e+03,2.3338e-02,3.7201e-01,2.5060e+00,1.1235e+00,3.4719e-01
6.7400e+03,2.3224e-02,3.7194e-01,2.5060e+00,1.1236e+00,3.4724e-01
6.7500e+03,2.3111e-02,3.7187e-01,2.5060e+00,1.1236e+00,3.4728e-01
6.7600e+03,2.2998e-02,3.7180e-01,2.5060e+00,1.1237e+00,3.4733e-01
6.7700e+03,2.2885e-02,3.7173e-01,2.5060e+00,1.1238e+00,3.4737e-01
6.7800e+03,2.2774e-02,3.7167e-01,2.5060e+00,1.1238e+00,3.4742e-01
6.7900e+03,2.2663e-02,3.7160e-01,2.5060e+00,1.1239e+00,3.4746e-01
6.8000e+03,2.2552e-02,3.7153e-01,2.5060e+00,1.1240e+00,3.4751e-01
6.8100e+03,2.2442e-02,3.7147e-01,2.5060e+00,1.1240e+00,3.4755e-01
6.8200e+03,2.2332e-02,3.7140e-01,2.5060e+00,1.1241e+00,3.4759e-01
6.8300e+03,2.2223e-02,3.7134e-01,2.5060e+00,1.1242e+00,3.4764e-01
6.8400e+03,2.2115e-02,3.7127e-01,2.5060e+00,1.1242e+00,3.4768e-01
6.8500e+03,2.2007e-02,3.7121e-01,2.5060e+00,1.1243e+00,3.4773e-01
6.8600e+03,2.1900e-02,3.7114e-01,2.5060e+00,1.1244e+00,3.4777e-01
6.8700e+03,2.1793e-02,3.7108e-01,2.5060e+00,1.1244e+00,3.4781e-01
6.8800e+03,2.1687e-02,3.7102e-01,2.5060e+00,1.1245e+00,3.4785e-01
6.8900e+03,2.1581e-02,3.7095e-01,2.5060e+00,1.1246e+00,3.4790e-01
6.9000e+03,2.1476e-02,3.7089e-01,2.5060e+00,1.1246e+00,3.4794e-01
6.9100e+03,2.1371e-02,3.7083e-01,2.5060e+00,1.1247e+00,3.4798e-01
6.9200e+03,2.1267e-02,3.7076e-01,2.5060e+00,1.1247e+00,3.4802e-01
6.9300e+03,2.1163e-02,3.7070e-01,2.5060e+00,1.1248e+00,3.4807e-01
6.9400e+03,2.1060e-02,3.7064e-01,2.5060e+00,1.1249e+00,3.4811e-01
6.9500e+03,2.0957e-02,3.7058e-01,2.5060e+00,1.1249e+00,3.4815e-01
6.9600e+03,2.0855e-02,3.7052e-01,2.5060e+00,1.1250e+00,3.4819e-01
6.9700e+03,2.0754e-02,3.7046e-01,2.5060e+00,1.1251e+00,3.4823e-01
6.9800e+03,2.0653e-02,3.7040e-01,2.5060e+00,1.1251e+00,3.4827e-01
6.9900e+03,2.0552e-02,3.7034e-01,2.5060e+00,1.1252e+00,3.4831e-01
7.0000e+03,2.0452e-02,3.7028e-01,2.5060e+00,1.1252e+00,3.4835e-01
7.0100e+03,2.0352e-02,3.7022e-01,2.5060e+00,1.1253e+00,3.4839e-01
7.0200e+03,2.0253e-02,3.7016e-01,2.5060e+00,1.1254e+00,3.4843e-01
7.0300e+03,2.0154e-02,3.7010e-01,2.5060e+00,1.1254e+00,3.4847e-01
7.0400e+03,2.0056e-02,3.7004e-01,2.5060e+00,1.1255e+00,3.4851e-01
7.0500e+03,1.9959e-02,3.6998e-01,2.5060e+00,1.1255e+00,3.4855e-01
7.0600e+03,1.9861e-02,3.6992e-01,2.5060e+00,1.1256e+00,3.4859e-01
7.0700e+03,1.9765e-02,3.6986e-01,2.5060e+00,1.1256e+00,3.4863e-01
7.0800e+03,1.9669e-02,3.6981e-01,2.5060e+00,1.1257e+00,3.4867e-01
7.0900e+03,1.9573e-02,3.6975e-01,2.5060e+00,1.1258e+00,3.4871e-01
7.1000e+03,1.9478e-02,3.6969e-01,2.5060e+00,1.1258e+00,3.4875e-01
7.1100e+03,1.9383e-02,3.6963e-01,2.5060e+00,1.1259e+00,3.4878e-01
7.1200e+03,1.9289e-02,3.6958e-01,2.5060e+00,1.1259e+00,3.4882e-01
7.1300e+03,1.9195e-02,3.6952e-01,2.5060e+00,1.1260e+00,3.4886e-01
7.1400e+03,1.9101e-02,3.6947e-01,2.5060e+00,1.1260e+00,3.4890e-01
7.1500e+03,1.9008e-02,3.6941e-01,2.5060e+00,1.1261e+00,3.4893e-01
7.1600e+03,1.8916e-02,3.6936e-01,2.5060e+00,1.1262e+00,3.4897e-01
7.1700e+03,1.8824e-02,3.6930e-01,2.5060e+00,1.1262e+00,3.4901e-01
7.1800e+03,1.8732e-02,3.6925e-01,2.5060e+00,1.1263e+00,3.4905e-01
7.1900e+03,1.8641e-02,3.6919e-01,2.5060e+00,1.1263e+00,3.4908e-01
7.2000e+03,1.8551e-02,3.6914e-01,2.5060e+00,1.1264e+00,3.4912e-01
7.2100e+03,1.8460e-02,3.6908e-01,2.5060e+00,1.1264e+00,3.4916e-01
7.2200e+03,1.8371e-02,3.6903e-01,2.5060e+00,1.1265e+00,3.4919e-01
7.2300e+03,1.8281e-02,3.6898e-01,2.5060e+00,1.1265e+00,3.4923e-01
7.2400e+03,1.8193e-02,3.6892e-01,2.5060e+00,1.1266e+00,3.4926e-01
7.2500e+03,1.8104e-02,3.6887e-01,2.5060e+00,1.1266e+00,3.4930e-01
7.2600e+03,1.8016e-02,3.6882e-01,2.5060e+00,1.1267e+00,3.4934e-01
7.2700e+03,1.7929e-02,3.6876e-01,2.5060e+00,1.1267e+00,3.4937e-01
7.2800e+03,1.7841e-02,3.6871e-01,2.5060e+00,1.1268e+00,3.4941e-01
7.2900e+03,1.7755e-02,3.6866e-01,2.5060e+00,1.1268e+00,3.4944e-01
7.3000e+03,1.7669e-02,3.6861e-01,2.5060e+00,1.1269e+00,3.4948e-01
7.3100e+03,1.7583e-02,3.6856e-01,2.5060e+00,1.1269e+00,3.4951e-01
7.3200e+03,1.7497e-02,3.6851e-01,2.5060e+00,1.1270e+00,3.4954e-01
7.3300e+03,1.7412e-02,3.6846e-01,2.5060e+00,1.1270e+00,3.4958e-01
7.3400e+03,1.7328e-02,3.6840e-01,2.5060e+00,1.1271e+00,3.4961e-01
7.3500e+03,1.7244e-02,3.6835e-01,2.5060e+00,1.1271e+00,3.4965e-01
